s := SolvableDBObjectInitialize();

/*
Basic Information about the Passport
*/

s`SolvableDBName := "32S12-4,8,8-g9-path15";
s`SolvableDBFilename := "32S12-4,8,8-g9-path15.m";
s`SolvableDBPathNumber := 15;
s`SolvableDBDegree := 32;
s`SolvableDBABC := \[ 4, 8, 8 ];
s`SolvableDBType := "Hyperbolic";
s`SolvableDBGenus := 9;
s`SolvableDBGaloisOrbitSize := 1;
s`SolvableDBPassportSize := 2;
s`SolvableDBPointedPassportSize := 2;
s`SolvableDBLevel := 5;
s`SolvableDBBlocks := {@ PowerSet(IntegerRing()) |
{ IntegerRing() | 1, 5 },
{ IntegerRing() | 2, 6 },
{ IntegerRing() | 3, 15 },
{ IntegerRing() | 4, 18 },
{ IntegerRing() | 7, 10 },
{ IntegerRing() | 8, 12 },
{ IntegerRing() | 9, 21 },
{ IntegerRing() | 11, 22 },
{ IntegerRing() | 13, 32 },
{ IntegerRing() | 14, 26 },
{ IntegerRing() | 16, 27 },
{ IntegerRing() | 17, 19 },
{ IntegerRing() | 20, 31 },
{ IntegerRing() | 23, 24 },
{ IntegerRing() | 25, 29 },
{ IntegerRing() | 28, 30 }
@};
s`SolvableDBBelyiMapTiming := 3.240p15;
s`SolvableDBSanityCheckTiming := 7.440p15;
s`SolvableDBLocalSanityCheckTiming := 0.740p15;
s`SolvableDBLocalSanityCheckPrime := 101;
s`SolvableDBIsLowGenusOrHyperelliptic := false;
s`SolvableDBIsRamifiedAtEveryLevel := true;

/*
Permutations and Passports
*/

s`SolvableDBGaloisOrbit := [ PowerSequence(PermutationGroup<32 |  
\[ 2, 3, 4, 5, 6, 7, 8, 9, 10, 11, 12, 13, 14, 15, 16, 17, 18, 19, 20, 21, 22, 23, 24, 25, 26, 27, 28, 29, 30, 31, 32, 1 ],
\[ 2, 1, 3, 4, 5, 6, 7, 8, 9, 10, 11, 12, 13, 14, 15, 16, 17, 18, 19, 20, 21, 22, 23, 24, 25, 26, 27, 28, 29, 30, 31, 32 ]:
 Order := 263130836933693530167218012160000000 >) |
[ PermutationGroup<32 |  
\[ 2, 3, 4, 5, 6, 7, 8, 9, 10, 11, 12, 13, 14, 15, 16, 17, 18, 19, 20, 21, 22, 23, 24, 25, 26, 27, 28, 29, 30, 31, 32, 1 ],
\[ 2, 1, 3, 4, 5, 6, 7, 8, 9, 10, 11, 12, 13, 14, 15, 16, 17, 18, 19, 20, 21, 22, 23, 24, 25, 26, 27, 28, 29, 30, 31, 32 ]:
 Order := 263130836933693530167218012160000000 > |
[ 6, 1, 8, 19, 2, 5, 24, 15, 11, 23, 21, 3, 16, 30, 12, 32, 4, 17, 18, 25, 22, 9, 7, 10, 31, 28, 13, 14, 20, 26, 29, 27 ],
[ 3, 9, 13, 2, 15, 21, 1, 20, 27, 5, 29, 31, 17, 12, 32, 23, 28, 6, 30, 4, 16, 25, 14, 26, 7, 8, 24, 22, 10, 11, 18, 19 ],
[ 4, 10, 14, 13, 18, 7, 16, 1, 28, 27, 2, 5, 9, 17, 26, 3, 31, 32, 20, 11, 30, 6, 29, 25, 8, 19, 15, 24, 12, 23, 22, 21 ]
]
];
s`SolvableDBPassport := [ PowerSequence(PermutationGroup<32 |  
\[ 6, 1, 8, 19, 2, 5, 24, 15, 11, 23, 21, 3, 16, 30, 12, 32, 4, 17, 18, 25, 22, 9, 7, 10, 31, 28, 13, 14, 20, 26, 29, 27 ],
\[ 3, 9, 13, 2, 15, 21, 1, 20, 27, 5, 29, 31, 17, 12, 32, 23, 28, 6, 30, 4, 16, 25, 14, 26, 7, 8, 24, 22, 10, 11, 18, 19 ],
\[ 4, 10, 14, 13, 18, 7, 16, 1, 28, 27, 2, 5, 9, 17, 26, 3, 31, 32, 20, 11, 30, 6, 29, 25, 8, 19, 15, 24, 12, 23, 22, 21 ]:
 Order := 32 >) |
[ PermutationGroup<32 |  
\[ 6, 1, 8, 19, 2, 5, 24, 15, 11, 23, 21, 3, 16, 30, 12, 32, 4, 17, 18, 25, 22, 9, 7, 10, 31, 28, 13, 14, 20, 26, 29, 27 ],
\[ 3, 9, 13, 2, 15, 21, 1, 20, 27, 5, 29, 31, 17, 12, 32, 23, 28, 6, 30, 4, 16, 25, 14, 26, 7, 8, 24, 22, 10, 11, 18, 19 ],
\[ 4, 10, 14, 13, 18, 7, 16, 1, 28, 27, 2, 5, 9, 17, 26, 3, 31, 32, 20, 11, 30, 6, 29, 25, 8, 19, 15, 24, 12, 23, 22, 21 ]:
 Order := 32 > |
[ 16, 13, 4, 11, 27, 32, 8, 19, 10, 12, 23, 17, 14, 29, 18, 30, 9, 22, 21, 1, 7, 24, 3, 15, 6, 25, 28, 31, 2, 20, 5, 26 ],
[ 3, 9, 13, 2, 15, 21, 1, 20, 27, 5, 29, 31, 17, 12, 32, 23, 28, 6, 30, 4, 16, 25, 14, 26, 7, 8, 24, 22, 10, 11, 18, 19 ],
[ 8, 11, 16, 1, 12, 22, 6, 25, 13, 2, 20, 29, 4, 3, 27, 7, 14, 5, 26, 19, 32, 31, 30, 28, 24, 15, 10, 9, 23, 21, 17, 18 ]
],
[ PermutationGroup<32 |  
\[ 6, 1, 8, 19, 2, 5, 24, 15, 11, 23, 21, 3, 16, 30, 12, 32, 4, 17, 18, 25, 22, 9, 7, 10, 31, 28, 13, 14, 20, 26, 29, 27 ],
\[ 3, 9, 13, 2, 15, 21, 1, 20, 27, 5, 29, 31, 17, 12, 32, 23, 28, 6, 30, 4, 16, 25, 14, 26, 7, 8, 24, 22, 10, 11, 18, 19 ],
\[ 4, 10, 14, 13, 18, 7, 16, 1, 28, 27, 2, 5, 9, 17, 26, 3, 31, 32, 20, 11, 30, 6, 29, 25, 8, 19, 15, 24, 12, 23, 22, 21 ]:
 Order := 32 > |
[ 14, 28, 9, 10, 26, 30, 4, 11, 15, 18, 12, 22, 31, 5, 21, 29, 24, 7, 23, 13, 3, 8, 17, 19, 16, 1, 25, 6, 27, 2, 32, 20 ],
[ 3, 9, 13, 2, 15, 21, 1, 20, 27, 5, 29, 31, 17, 12, 32, 23, 28, 6, 30, 4, 16, 25, 14, 26, 7, 8, 24, 22, 10, 11, 18, 19 ],
[ 24, 19, 6, 25, 23, 17, 31, 28, 1, 20, 26, 30, 8, 7, 2, 22, 16, 29, 27, 15, 5, 14, 32, 13, 9, 10, 11, 4, 21, 18, 3, 12 ]
]
];
s`SolvableDBPointedPassport := [ PowerSequence(PermutationGroup<32 |  
\[ 6, 1, 8, 19, 2, 5, 24, 15, 11, 23, 21, 3, 16, 30, 12, 32, 4, 17, 18, 25, 22, 9, 7, 10, 31, 28, 13, 14, 20, 26, 29, 27 ],
\[ 3, 9, 13, 2, 15, 21, 1, 20, 27, 5, 29, 31, 17, 12, 32, 23, 28, 6, 30, 4, 16, 25, 14, 26, 7, 8, 24, 22, 10, 11, 18, 19 ],
\[ 4, 10, 14, 13, 18, 7, 16, 1, 28, 27, 2, 5, 9, 17, 26, 3, 31, 32, 20, 11, 30, 6, 29, 25, 8, 19, 15, 24, 12, 23, 22, 21 ]:
 Order := 32 >) |
[ PermutationGroup<32 |  
\[ 6, 1, 8, 19, 2, 5, 24, 15, 11, 23, 21, 3, 16, 30, 12, 32, 4, 17, 18, 25, 22, 9, 7, 10, 31, 28, 13, 14, 20, 26, 29, 27 ],
\[ 3, 9, 13, 2, 15, 21, 1, 20, 27, 5, 29, 31, 17, 12, 32, 23, 28, 6, 30, 4, 16, 25, 14, 26, 7, 8, 24, 22, 10, 11, 18, 19 ],
\[ 4, 10, 14, 13, 18, 7, 16, 1, 28, 27, 2, 5, 9, 17, 26, 3, 31, 32, 20, 11, 30, 6, 29, 25, 8, 19, 15, 24, 12, 23, 22, 21 ]:
 Order := 32 > |
[ 3, 9, 13, 2, 15, 21, 1, 20, 27, 5, 29, 31, 17, 12, 32, 23, 28, 6, 30, 4, 16, 25, 14, 26, 7, 8, 24, 22, 10, 11, 18, 19 ],
[ 8, 11, 16, 1, 12, 22, 6, 25, 13, 2, 20, 29, 4, 3, 27, 7, 14, 5, 26, 19, 32, 31, 30, 28, 24, 15, 10, 9, 23, 21, 17, 18 ],
[ 16, 13, 4, 11, 27, 32, 8, 19, 10, 12, 23, 17, 14, 29, 18, 30, 9, 22, 21, 1, 7, 24, 3, 15, 6, 25, 28, 31, 2, 20, 5, 26 ]
],
[ PermutationGroup<32 |  
\[ 6, 1, 8, 19, 2, 5, 24, 15, 11, 23, 21, 3, 16, 30, 12, 32, 4, 17, 18, 25, 22, 9, 7, 10, 31, 28, 13, 14, 20, 26, 29, 27 ],
\[ 3, 9, 13, 2, 15, 21, 1, 20, 27, 5, 29, 31, 17, 12, 32, 23, 28, 6, 30, 4, 16, 25, 14, 26, 7, 8, 24, 22, 10, 11, 18, 19 ],
\[ 4, 10, 14, 13, 18, 7, 16, 1, 28, 27, 2, 5, 9, 17, 26, 3, 31, 32, 20, 11, 30, 6, 29, 25, 8, 19, 15, 24, 12, 23, 22, 21 ]:
 Order := 32 > |
[ 3, 9, 13, 2, 15, 21, 1, 20, 27, 5, 29, 31, 17, 12, 32, 23, 28, 6, 30, 4, 16, 25, 14, 26, 7, 8, 24, 22, 10, 11, 18, 19 ],
[ 24, 19, 6, 25, 23, 17, 31, 28, 1, 20, 26, 30, 8, 7, 2, 22, 16, 29, 27, 15, 5, 14, 32, 13, 9, 10, 11, 4, 21, 18, 3, 12 ],
[ 14, 28, 9, 10, 26, 30, 4, 11, 15, 18, 12, 22, 31, 5, 21, 29, 24, 7, 23, 13, 3, 8, 17, 19, 16, 1, 25, 6, 27, 2, 32, 20 ]
]
];
s`SolvableDBMonodromyGroup := PermutationGroup<32 |  
\[ 6, 1, 8, 19, 2, 5, 24, 15, 11, 23, 21, 3, 16, 30, 12, 32, 4, 17, 18, 25, 22, 9, 7, 10, 31, 28, 13, 14, 20, 26, 29, 27 ],
\[ 3, 9, 13, 2, 15, 21, 1, 20, 27, 5, 29, 31, 17, 12, 32, 23, 28, 6, 30, 4, 16, 25, 14, 26, 7, 8, 24, 22, 10, 11, 18, 19 ],
\[ 4, 10, 14, 13, 18, 7, 16, 1, 28, 27, 2, 5, 9, 17, 26, 3, 31, 32, 20, 11, 30, 6, 29, 25, 8, 19, 15, 24, 12, 23, 22, 21 ] >;
s`SolvableDBAutomorphismGroup := PermutationGroup<32 |  
\[ 28, 26, 22, 24, 30, 14, 17, 9, 8, 19, 15, 21, 25, 6, 11, 31, 7, 23, 10, 27, 12, 3, 18, 4, 13, 2, 20, 1, 32, 5, 16, 29 ],
\[ 25, 20, 7, 8, 29, 31, 22, 24, 4, 11, 19, 23, 1, 16, 10, 6, 3, 12, 15, 26, 18, 17, 21, 9, 28, 27, 2, 13, 30, 32, 14, 5 ],
\[ 22, 21, 25, 6, 11, 9, 28, 31, 16, 30, 32, 20, 7, 8, 29, 24, 1, 2, 5, 18, 27, 13, 26, 14, 17, 12, 23, 3, 19, 15, 4, 10 ],
\[ 32, 16, 19, 21, 13, 27, 15, 18, 23, 3, 7, 4, 30, 20, 17, 26, 11, 9, 22, 6, 24, 10, 8, 12, 5, 31, 14, 29, 1, 25, 2, 28 ],
\[ 2, 5, 9, 10, 6, 1, 4, 11, 15, 18, 12, 22, 27, 28, 21, 13, 24, 7, 23, 29, 3, 8, 17, 19, 20, 30, 32, 26, 31, 14, 25, 16 ]:
 Order := 32 >;
s`SolvableDBPointedAutomorphismGroup := PermutationGroup<32 |  
\[ 6, 1, 21, 7, 2, 5, 18, 22, 3, 4, 8, 11, 16, 30, 9, 32, 23, 10, 24, 25, 15, 12, 19, 17, 31, 28, 13, 14, 20, 26, 29, 27 ]:
 Order := 4 >;

/*
Top Level Belyi Curve/Map
*/

K<nu> := NumberField(Polynomial([RationalField() | 1, 0, 0, 0, 1]));
PX<x1, x2, x3> := PolynomialRing(K, 3);
AA<x1, x2, x3> := AffineSpace(PX);
I<x1, x2, x3> := ideal< PX | [
x2^2*x3^6 + 1/1154329566852960257*(-3552920630784*nu^3 - 3552920630784*nu + 16839143284928)*x2*x3^4 + 1/68769820673*(-16640*nu^3 + 16640*nu)*x1^3*x2 + 1/4729288235396578172929*(-1362245842944*nu^3 - 1362245842944*nu - 1686592651264)*x1^2*x3^2 - 4/4097*x2^2*x3^2 + 1/281749955297281*(84168768*nu^3 + 84168768*nu - 34611200)*x1^2*x2 + 1/4729288235396578172929*(-1828902797312*nu^3 - 1152525565952*nu^2 + 1828902797312*nu)*x1*x3^2 + 1/1154329566852960257*(119508246528*nu^3 - 66607124480*nu^2 - 119508246528*nu)*x1*x2 + 1/4729288235396578172929*(529115807744*nu^3 + 529115807744*nu + 186075580416)*x3^2 + 1/67901739226644721*(-1119529984*nu^3 - 1119529984*nu - 521236736)*x2,
x1*x2*x3^4 + 1/1065220*(-135200*nu^3 + 814783*nu^2 + 135200*nu)*x2*x3^4 + 1/1091051585*(-12804*nu^3 + 12804*nu)*x1^2*x3^2 + 1/1091051585*(14592*nu^3 + 14592*nu)*x1*x3^2 - 4/4097*x1*x2 + 1/1091051585*(3904*nu^3 - 3904*nu)*x3^2 + 1/1091051585*(-135200*nu^3 - 814783*nu^2 + 135200*nu)*x2,
x1^3*x3^2 + 1/8320*(-16785409*nu^3 + 16785409*nu)*x2*x3^4 + 321/260*nu^2*x1^2*x3^2 - 32/65*x1*x3^2 - 4/65*nu^2*x3^2 + 1/2080*(4097*nu^3 - 4097*nu)*x2,
x1^4 + 1/4097*(520*nu^3 + 8192*nu^2 - 520*nu)*x1^3 - 4097/4*x2*x3^2 + 1/4097*(-642*nu^3 - 642*nu - 6080)*x1^2 + 1/4097*(-256*nu^3 - 2016*nu^2 + 256*nu)*x1 + 1/4097*(32*nu^3 + 32*nu + 252)
] >;
X<x1, x2, x3> := Curve(AA, I);
KX<x1, x2, x3> := FunctionField(X);
s`SolvableDBBelyiCurve := X;
s`SolvableDBBelyiMap := KX!((4097/4096*x1^8 + 4*nu^2*x1^7 - 7*x1^6 - 7*nu^2*x1^5 + 35/8*x1^4 + 7/4*nu^2*x1^3 - 7/16*x1^2 - 1/16*nu^2*x1 + 1/256)/(x1^8 + 4*nu^2*x1^7 - 7*x1^6 - 7*nu^2*x1^5 + 35/8*x1^4 + 7/4*nu^2*x1^3 - 7/16*x1^2 - 1/16*nu^2*x1 + 1/256));

/*
Graph Data
*/

s`SolvableDBPathToPP1 := [ Strings() | "PP1", "2T1-1,2,2-g0-path1", "4T1-1,4,4-g0-path1", "8T2-2,4,4-g1-path1", "16T6-2,8,8-g3-path1", "32S12-4,8,8-g9-path15" ];
s`SolvableDBParents := [ Strings() | "64S44-8,16,16-g25-path11", "64S44-8,16,16-g25-path12", "64S45-4,16,16-g21-path11", "64S16-8,8,8-g21-path7", "64S45-4,16,16-g21-path12", "64S15-8,8,8-g21-path7", "64S17-4,8,8-g17-path7" ];
s`SolvableDBChildren := [ Strings() | "16T6-2,8,8-g3-path1" ];

/*
Return for eval
*/

return s;
