s := SolvableDBObjectInitialize();

/*
Basic Information about the Passport
*/

s`SolvableDBName := "32S16-2,16,16-g7-path1";
s`SolvableDBFilename := "32S16-2,16,16-g7-path1.m";
s`SolvableDBPathNumber := 1;
s`SolvableDBDegree := 32;
s`SolvableDBABC := \[ 2, 16, 16 ];
s`SolvableDBType := "Hyperbolic";
s`SolvableDBGenus := 7;
s`SolvableDBGaloisOrbitSize := 1;
s`SolvableDBPassportSize := 1;
s`SolvableDBPointedPassportSize := 1;
s`SolvableDBLevel := 5;
s`SolvableDBBlocks := {@ PowerSet(IntegerRing()) |
{ IntegerRing() | 1, 4 },
{ IntegerRing() | 2, 6 },
{ IntegerRing() | 3, 8 },
{ IntegerRing() | 5, 10 },
{ IntegerRing() | 7, 12 },
{ IntegerRing() | 9, 14 },
{ IntegerRing() | 11, 16 },
{ IntegerRing() | 13, 18 },
{ IntegerRing() | 15, 20 },
{ IntegerRing() | 17, 22 },
{ IntegerRing() | 19, 24 },
{ IntegerRing() | 21, 26 },
{ IntegerRing() | 23, 28 },
{ IntegerRing() | 25, 30 },
{ IntegerRing() | 27, 31 },
{ IntegerRing() | 29, 32 }
@};
s`SolvableDBBelyiMapTiming := 9.270p15;
s`SolvableDBSanityCheckTiming := 2.200p15;
s`SolvableDBLocalSanityCheckTiming := 0.760p15;
s`SolvableDBLocalSanityCheckPrime := 8736028057;
s`SolvableDBIsLowGenusOrHyperelliptic := true;
s`SolvableDBIsRamifiedAtEveryLevel := true;

/*
Permutations and Passports
*/

s`SolvableDBGaloisOrbit := [ PowerSequence(PermutationGroup<32 |  
\[ 2, 3, 4, 5, 6, 7, 8, 9, 10, 11, 12, 13, 14, 15, 16, 17, 18, 19, 20, 21, 22, 23, 24, 25, 26, 27, 28, 29, 30, 31, 32, 1 ],
\[ 2, 1, 3, 4, 5, 6, 7, 8, 9, 10, 11, 12, 13, 14, 15, 16, 17, 18, 19, 20, 21, 22, 23, 24, 25, 26, 27, 28, 29, 30, 31, 32 ]:
 Order := 263130836933693530167218012160000000 >) |
[ PermutationGroup<32 |  
\[ 2, 3, 4, 5, 6, 7, 8, 9, 10, 11, 12, 13, 14, 15, 16, 17, 18, 19, 20, 21, 22, 23, 24, 25, 26, 27, 28, 29, 30, 31, 32, 1 ],
\[ 2, 1, 3, 4, 5, 6, 7, 8, 9, 10, 11, 12, 13, 14, 15, 16, 17, 18, 19, 20, 21, 22, 23, 24, 25, 26, 27, 28, 29, 30, 31, 32 ]:
 Order := 263130836933693530167218012160000000 > |
[ 4, 6, 8, 1, 10, 2, 12, 3, 14, 5, 16, 7, 18, 9, 20, 11, 22, 13, 24, 15, 26, 17, 28, 19, 30, 21, 31, 23, 32, 25, 27, 29 ],
[ 2, 5, 1, 6, 9, 10, 3, 4, 13, 14, 7, 8, 17, 18, 11, 12, 21, 22, 15, 16, 25, 26, 19, 20, 29, 30, 23, 24, 27, 32, 28, 31 ],
[ 8, 4, 12, 3, 6, 1, 16, 7, 10, 2, 20, 11, 14, 5, 24, 15, 18, 9, 28, 19, 22, 13, 31, 23, 26, 17, 32, 27, 30, 21, 29, 25 ]
]
];
s`SolvableDBPassport := [ PowerSequence(PermutationGroup<32 |  
\[ 4, 6, 8, 1, 10, 2, 12, 3, 14, 5, 16, 7, 18, 9, 20, 11, 22, 13, 24, 15, 26, 17, 28, 19, 30, 21, 31, 23, 32, 25, 27, 29 ],
\[ 2, 5, 1, 6, 9, 10, 3, 4, 13, 14, 7, 8, 17, 18, 11, 12, 21, 22, 15, 16, 25, 26, 19, 20, 29, 30, 23, 24, 27, 32, 28, 31 ],
\[ 8, 4, 12, 3, 6, 1, 16, 7, 10, 2, 20, 11, 14, 5, 24, 15, 18, 9, 28, 19, 22, 13, 31, 23, 26, 17, 32, 27, 30, 21, 29, 25 ]:
 Order := 32 >) |
[ PermutationGroup<32 |  
\[ 4, 6, 8, 1, 10, 2, 12, 3, 14, 5, 16, 7, 18, 9, 20, 11, 22, 13, 24, 15, 26, 17, 28, 19, 30, 21, 31, 23, 32, 25, 27, 29 ],
\[ 2, 5, 1, 6, 9, 10, 3, 4, 13, 14, 7, 8, 17, 18, 11, 12, 21, 22, 15, 16, 25, 26, 19, 20, 29, 30, 23, 24, 27, 32, 28, 31 ],
\[ 8, 4, 12, 3, 6, 1, 16, 7, 10, 2, 20, 11, 14, 5, 24, 15, 18, 9, 28, 19, 22, 13, 31, 23, 26, 17, 32, 27, 30, 21, 29, 25 ]:
 Order := 32 > |
[ 32, 31, 30, 29, 28, 27, 26, 25, 24, 23, 22, 21, 20, 19, 18, 17, 16, 15, 14, 13, 12, 11, 10, 9, 8, 7, 6, 5, 4, 3, 2, 1 ],
[ 2, 5, 1, 6, 9, 10, 3, 4, 13, 14, 7, 8, 17, 18, 11, 12, 21, 22, 15, 16, 25, 26, 19, 20, 29, 30, 23, 24, 27, 32, 28, 31 ],
[ 30, 32, 26, 25, 31, 29, 22, 21, 28, 27, 18, 17, 24, 23, 14, 13, 20, 19, 10, 9, 16, 15, 6, 5, 12, 11, 4, 2, 8, 7, 1, 3 ]
]
];
s`SolvableDBPointedPassport := [ PowerSequence(PermutationGroup<32 |  
\[ 4, 6, 8, 1, 10, 2, 12, 3, 14, 5, 16, 7, 18, 9, 20, 11, 22, 13, 24, 15, 26, 17, 28, 19, 30, 21, 31, 23, 32, 25, 27, 29 ],
\[ 2, 5, 1, 6, 9, 10, 3, 4, 13, 14, 7, 8, 17, 18, 11, 12, 21, 22, 15, 16, 25, 26, 19, 20, 29, 30, 23, 24, 27, 32, 28, 31 ],
\[ 8, 4, 12, 3, 6, 1, 16, 7, 10, 2, 20, 11, 14, 5, 24, 15, 18, 9, 28, 19, 22, 13, 31, 23, 26, 17, 32, 27, 30, 21, 29, 25 ]:
 Order := 32 >) |
[ PermutationGroup<32 |  
\[ 4, 6, 8, 1, 10, 2, 12, 3, 14, 5, 16, 7, 18, 9, 20, 11, 22, 13, 24, 15, 26, 17, 28, 19, 30, 21, 31, 23, 32, 25, 27, 29 ],
\[ 2, 5, 1, 6, 9, 10, 3, 4, 13, 14, 7, 8, 17, 18, 11, 12, 21, 22, 15, 16, 25, 26, 19, 20, 29, 30, 23, 24, 27, 32, 28, 31 ],
\[ 8, 4, 12, 3, 6, 1, 16, 7, 10, 2, 20, 11, 14, 5, 24, 15, 18, 9, 28, 19, 22, 13, 31, 23, 26, 17, 32, 27, 30, 21, 29, 25 ]:
 Order := 32 > |
[ 2, 5, 1, 6, 9, 10, 3, 4, 13, 14, 7, 8, 17, 18, 11, 12, 21, 22, 15, 16, 25, 26, 19, 20, 29, 30, 23, 24, 27, 32, 28, 31 ],
[ 8, 4, 12, 3, 6, 1, 16, 7, 10, 2, 20, 11, 14, 5, 24, 15, 18, 9, 28, 19, 22, 13, 31, 23, 26, 17, 32, 27, 30, 21, 29, 25 ],
[ 4, 6, 8, 1, 10, 2, 12, 3, 14, 5, 16, 7, 18, 9, 20, 11, 22, 13, 24, 15, 26, 17, 28, 19, 30, 21, 31, 23, 32, 25, 27, 29 ]
]
];
s`SolvableDBMonodromyGroup := PermutationGroup<32 |  
\[ 4, 6, 8, 1, 10, 2, 12, 3, 14, 5, 16, 7, 18, 9, 20, 11, 22, 13, 24, 15, 26, 17, 28, 19, 30, 21, 31, 23, 32, 25, 27, 29 ],
\[ 2, 5, 1, 6, 9, 10, 3, 4, 13, 14, 7, 8, 17, 18, 11, 12, 21, 22, 15, 16, 25, 26, 19, 20, 29, 30, 23, 24, 27, 32, 28, 31 ],
\[ 8, 4, 12, 3, 6, 1, 16, 7, 10, 2, 20, 11, 14, 5, 24, 15, 18, 9, 28, 19, 22, 13, 31, 23, 26, 17, 32, 27, 30, 21, 29, 25 ] >;
s`SolvableDBAutomorphismGroup := PermutationGroup<32 |  
\[ 29, 27, 25, 32, 23, 31, 21, 30, 19, 28, 17, 26, 15, 24, 13, 22, 11, 20, 9, 18, 7, 16, 5, 14, 3, 12, 2, 10, 1, 8, 6, 4 ],
\[ 2, 5, 1, 6, 9, 10, 3, 4, 13, 14, 7, 8, 17, 18, 11, 12, 21, 22, 15, 16, 25, 26, 19, 20, 29, 30, 23, 24, 27, 32, 28, 31 ],
\[ 32, 31, 30, 29, 28, 27, 26, 25, 24, 23, 22, 21, 20, 19, 18, 17, 16, 15, 14, 13, 12, 11, 10, 9, 8, 7, 6, 5, 4, 3, 2, 1 ]:
 Order := 32 >;
s`SolvableDBPointedAutomorphismGroup := PermutationGroup<32 |  
\[ 4, 6, 8, 1, 10, 2, 12, 3, 14, 5, 16, 7, 18, 9, 20, 11, 22, 13, 24, 15, 26, 17, 28, 19, 30, 21, 31, 23, 32, 25, 27, 29 ]:
 Order := 2 >;

/*
Top Level Belyi Curve/Map
*/

f, g := Explode([ PolynomialRing(ext<K|Polynomial(K, [1, 0, 0, 0, 0, 0, 0, 0, 0, 0, 0, 0, 0, 0, 0, 0, 1])> where K is RationalField()) |
[[ RationalField() | 1099511627776/18446744082299486209, 0, 0, 0, 0, 0, 0, 0, 0, 0, 0, 0, 0, 0, 0, 0 ], [ RationalField() | 0, 0, 0, 0, 0, 0, 0, 0, -4398046511104/18446744082299486209, 0, 0, 0, 0, 0, 0, 0 ], [ RationalField() | -8246337208320/18446744082299486209, 0, 0, 0, 0, 0, 0, 0, 0, 0, 0, 0, 0, 0, 0, 0 ], [ RationalField() | 0, 0, 0, 0, 0, 0, 0, 0, 9620726743040/18446744082299486209, 0, 0, 0, 0, 0, 0, 0 ], [ RationalField() | 7816840478720/18446744082299486209, 0, 0, 0, 0, 0, 0, 0, 0, 0, 0, 0, 0, 0, 0, 0 ], [ RationalField() | 0, 0, 0, 0, 0, 0, 0, 0, -4690104287232/18446744082299486209, 0, 0, 0, 0, 0, 0, 0 ], [ RationalField() | -2149631131648/18446744082299486209, 0, 0, 0, 0, 0, 0, 0, 0, 0, 0, 0, 0, 0, 0, 0 ], [ RationalField() | 0, 0, 0, 0, 0, 0, 0, 0, 767725404160/18446744082299486209, 0, 0, 0, 0, 0, 0, 0 ], [ RationalField() | 215922769920/18446744082299486209, 0, 0, 0, 0, 0, 0, 0, 0, 0, 0, 0, 0, 0, 0, 0 ], [ RationalField() | 0, 0, 0, 0, 0, 0, 0, 0, -47982837760/18446744082299486209, 0, 0, 0, 0, 0, 0, 0 ], [ RationalField() | -8396996608/18446744082299486209, 0, 0, 0, 0, 0, 0, 0, 0, 0, 0, 0, 0, 0, 0, 0 ], [ RationalField() | 0, 0, 0, 0, 0, 0, 0, 0, 1145044992/18446744082299486209, 0, 0, 0, 0, 0, 0, 0 ], [ RationalField() | 119275520/18446744082299486209, 0, 0, 0, 0, 0, 0, 0, 0, 0, 0, 0, 0, 0, 0, 0 ], [ RationalField() | 0, 0, 0, 0, 0, 0, 0, 0, -9175040/18446744082299486209, 0, 0, 0, 0, 0, 0, 0 ], [ RationalField() | -491520/18446744082299486209, 0, 0, 0, 0, 0, 0, 0, 0, 0, 0, 0, 0, 0, 0, 0 ], [ RationalField() | 0, 0, 0, 0, 0, 0, 0, 0, 16384/18446744082299486209, 0, 0, 0, 0, 0, 0, 0 ], [ RationalField() | 256/4294967297, 0, 0, 0, 0, 0, 0, 0, 0, 0, 0, 0, 0, 0, 0, 0 ]],
[]
]);
X<x1,x2,x3> := HyperellipticCurve([f, g]);
K<nu> := BaseField(X);
s`SolvableDBBelyiCurve := X;
KX<x1, x2> := FunctionField(X);
s`SolvableDBBelyiMap := KX!((4294967297/4294967296*x1^16 + 1/67108864*nu^8*x1^15 - 15/33554432*x1^14 - 35/4194304*nu^8*x1^13 + 455/4194304*x1^12 + 273/262144*nu^8*x1^11 - 1001/131072*x1^10 - 715/16384*nu^8*x1^9 + 6435/32768*x1^8 + 715/1024*nu^8*x1^7 - 1001/512*x1^6 - 273/64*nu^8*x1^5 + 455/64*x1^4 + 35/4*nu^8*x1^3 - 15/2*x1^2 - 4*nu^8*x1 + 1)/x1^16);

/*
Graph Data
*/

s`SolvableDBPathToPP1 := [ Strings() | "PP1", "2T1-1,2,2-g0-path1", "4T1-1,4,4-g0-path1", "8T1-1,8,8-g0-path1", "16T1-1,16,16-g0-path1", "32S16-2,16,16-g7-path1" ];
s`SolvableDBParents := [ Strings() | "64S26-4,16,16-g21-path1", "64S44-4,16,16-g21-path47", "64S50-2,32,32-g15-path3", "64S50-4,32,32-g23-path3", "64S51-2,32,32-g15-path1", "64S51-4,32,32-g23-path1", "64S29-2,16,16-g13-path1" ];
s`SolvableDBChildren := [ Strings() | "16T1-1,16,16-g0-path1" ];

/*
Return for eval
*/

return s;
