s := SolvableDBObjectInitialize();

/*
Basic Information about the Passport
*/

s`SolvableDBName := "32S15-8,8,8-g11-path63";
s`SolvableDBFilename := "32S15-8,8,8-g11-path63.m";
s`SolvableDBPathNumber := 63;
s`SolvableDBDegree := 32;
s`SolvableDBABC := \[ 8, 8, 8 ];
s`SolvableDBType := "Hyperbolic";
s`SolvableDBGenus := 11;
s`SolvableDBGaloisOrbitSize := 1;
s`SolvableDBPassportSize := 6;
s`SolvableDBPointedPassportSize := 6;
s`SolvableDBLevel := 5;
s`SolvableDBBlocks := {@ PowerSet(IntegerRing()) |
{ IntegerRing() | 1, 5 },
{ IntegerRing() | 2, 11 },
{ IntegerRing() | 3, 15 },
{ IntegerRing() | 4, 18 },
{ IntegerRing() | 6, 20 },
{ IntegerRing() | 7, 21 },
{ IntegerRing() | 8, 22 },
{ IntegerRing() | 9, 17 },
{ IntegerRing() | 10, 28 },
{ IntegerRing() | 12, 24 },
{ IntegerRing() | 13, 25 },
{ IntegerRing() | 14, 31 },
{ IntegerRing() | 16, 27 },
{ IntegerRing() | 19, 26 },
{ IntegerRing() | 23, 30 },
{ IntegerRing() | 29, 32 }
@};
s`SolvableDBBelyiMapTiming := 2.540p15;
s`SolvableDBSanityCheckTiming := 86.160p15;
s`SolvableDBLocalSanityCheckTiming := 7.680p15;
s`SolvableDBLocalSanityCheckPrime := 8736028057;
s`SolvableDBIsLowGenusOrHyperelliptic := false;
s`SolvableDBIsRamifiedAtEveryLevel := true;

/*
Permutations and Passports
*/

s`SolvableDBGaloisOrbit := [ PowerSequence(PermutationGroup<32 |  
\[ 2, 3, 4, 5, 6, 7, 8, 9, 10, 11, 12, 13, 14, 15, 16, 17, 18, 19, 20, 21, 22, 23, 24, 25, 26, 27, 28, 29, 30, 31, 32, 1 ],
\[ 2, 1, 3, 4, 5, 6, 7, 8, 9, 10, 11, 12, 13, 14, 15, 16, 17, 18, 19, 20, 21, 22, 23, 24, 25, 26, 27, 28, 29, 30, 31, 32 ]:
 Order := 263130836933693530167218012160000000 >) |
[ PermutationGroup<32 |  
\[ 2, 3, 4, 5, 6, 7, 8, 9, 10, 11, 12, 13, 14, 15, 16, 17, 18, 19, 20, 21, 22, 23, 24, 25, 26, 27, 28, 29, 30, 31, 32, 1 ],
\[ 2, 1, 3, 4, 5, 6, 7, 8, 9, 10, 11, 12, 13, 14, 15, 16, 17, 18, 19, 20, 21, 22, 23, 24, 25, 26, 27, 28, 29, 30, 31, 32 ]:
 Order := 263130836933693530167218012160000000 > |
[ 2, 9, 8, 3, 11, 1, 10, 26, 20, 12, 17, 30, 16, 13, 22, 32, 6, 15, 4, 5, 28, 19, 7, 23, 27, 18, 29, 24, 14, 21, 25, 31 ],
[ 3, 10, 13, 6, 15, 23, 1, 2, 26, 27, 28, 9, 21, 4, 25, 8, 19, 20, 29, 30, 5, 11, 31, 17, 7, 32, 22, 16, 12, 14, 18, 24 ],
[ 4, 7, 14, 17, 18, 24, 6, 1, 8, 25, 21, 2, 30, 19, 31, 3, 22, 9, 27, 12, 20, 5, 32, 11, 23, 16, 15, 13, 10, 29, 26, 28 ]
]
];
s`SolvableDBPassport := [ PowerSequence(PermutationGroup<32 |  
\[ 2, 9, 8, 3, 11, 1, 10, 26, 20, 12, 17, 30, 16, 13, 22, 32, 6, 15, 4, 5, 28, 19, 7, 23, 27, 18, 29, 24, 14, 21, 25, 31 ],
\[ 3, 10, 13, 6, 15, 23, 1, 2, 26, 27, 28, 9, 21, 4, 25, 8, 19, 20, 29, 30, 5, 11, 31, 17, 7, 32, 22, 16, 12, 14, 18, 24 ],
\[ 4, 7, 14, 17, 18, 24, 6, 1, 8, 25, 21, 2, 30, 19, 31, 3, 22, 9, 27, 12, 20, 5, 32, 11, 23, 16, 15, 13, 10, 29, 26, 28 ]:
 Order := 32 >) |
[ PermutationGroup<32 |  
\[ 2, 9, 8, 3, 11, 1, 10, 26, 20, 12, 17, 30, 16, 13, 22, 32, 6, 15, 4, 5, 28, 19, 7, 23, 27, 18, 29, 24, 14, 21, 25, 31 ],
\[ 3, 10, 13, 6, 15, 23, 1, 2, 26, 27, 28, 9, 21, 4, 25, 8, 19, 20, 29, 30, 5, 11, 31, 17, 7, 32, 22, 16, 12, 14, 18, 24 ],
\[ 4, 7, 14, 17, 18, 24, 6, 1, 8, 25, 21, 2, 30, 19, 31, 3, 22, 9, 27, 12, 20, 5, 32, 11, 23, 16, 15, 13, 10, 29, 26, 28 ]:
 Order := 32 > |
[ 3, 10, 13, 6, 15, 23, 1, 2, 26, 27, 28, 9, 21, 4, 25, 8, 19, 20, 29, 30, 5, 11, 31, 17, 7, 32, 22, 16, 12, 14, 18, 24 ],
[ 2, 9, 8, 3, 11, 1, 10, 26, 20, 12, 17, 30, 16, 13, 22, 32, 6, 15, 4, 5, 28, 19, 7, 23, 27, 18, 29, 24, 14, 21, 25, 31 ],
[ 23, 3, 6, 29, 30, 19, 31, 13, 10, 1, 15, 27, 4, 12, 20, 21, 28, 32, 11, 26, 14, 25, 17, 16, 18, 2, 7, 5, 22, 9, 24, 8 ]
],
[ PermutationGroup<32 |  
\[ 2, 9, 8, 3, 11, 1, 10, 26, 20, 12, 17, 30, 16, 13, 22, 32, 6, 15, 4, 5, 28, 19, 7, 23, 27, 18, 29, 24, 14, 21, 25, 31 ],
\[ 3, 10, 13, 6, 15, 23, 1, 2, 26, 27, 28, 9, 21, 4, 25, 8, 19, 20, 29, 30, 5, 11, 31, 17, 7, 32, 22, 16, 12, 14, 18, 24 ],
\[ 4, 7, 14, 17, 18, 24, 6, 1, 8, 25, 21, 2, 30, 19, 31, 3, 22, 9, 27, 12, 20, 5, 32, 11, 23, 16, 15, 13, 10, 29, 26, 28 ]:
 Order := 32 > |
[ 12, 18, 9, 16, 24, 8, 29, 31, 21, 20, 4, 13, 26, 28, 17, 23, 7, 27, 1, 22, 32, 14, 2, 25, 19, 5, 30, 6, 3, 11, 10, 15 ],
[ 2, 9, 8, 3, 11, 1, 10, 26, 20, 12, 17, 30, 16, 13, 22, 32, 6, 15, 4, 5, 28, 19, 7, 23, 27, 18, 29, 24, 14, 21, 25, 31 ],
[ 22, 24, 27, 5, 8, 21, 11, 17, 4, 32, 12, 6, 10, 15, 16, 19, 18, 1, 31, 7, 2, 9, 13, 20, 28, 14, 26, 29, 23, 25, 3, 30 ]
],
[ PermutationGroup<32 |  
\[ 2, 9, 8, 3, 11, 1, 10, 26, 20, 12, 17, 30, 16, 13, 22, 32, 6, 15, 4, 5, 28, 19, 7, 23, 27, 18, 29, 24, 14, 21, 25, 31 ],
\[ 3, 10, 13, 6, 15, 23, 1, 2, 26, 27, 28, 9, 21, 4, 25, 8, 19, 20, 29, 30, 5, 11, 31, 17, 7, 32, 22, 16, 12, 14, 18, 24 ],
\[ 4, 7, 14, 17, 18, 24, 6, 1, 8, 25, 21, 2, 30, 19, 31, 3, 22, 9, 27, 12, 20, 5, 32, 11, 23, 16, 15, 13, 10, 29, 26, 28 ]:
 Order := 32 > |
[ 2, 9, 8, 3, 11, 1, 10, 26, 20, 12, 17, 30, 16, 13, 22, 32, 6, 15, 4, 5, 28, 19, 7, 23, 27, 18, 29, 24, 14, 21, 25, 31 ],
[ 3, 10, 13, 6, 15, 23, 1, 2, 26, 27, 28, 9, 21, 4, 25, 8, 19, 20, 29, 30, 5, 11, 31, 17, 7, 32, 22, 16, 12, 14, 18, 24 ],
[ 4, 7, 14, 17, 18, 24, 6, 1, 8, 25, 21, 2, 30, 19, 31, 3, 22, 9, 27, 12, 20, 5, 32, 11, 23, 16, 15, 13, 10, 29, 26, 28 ]
],
[ PermutationGroup<32 |  
\[ 2, 9, 8, 3, 11, 1, 10, 26, 20, 12, 17, 30, 16, 13, 22, 32, 6, 15, 4, 5, 28, 19, 7, 23, 27, 18, 29, 24, 14, 21, 25, 31 ],
\[ 3, 10, 13, 6, 15, 23, 1, 2, 26, 27, 28, 9, 21, 4, 25, 8, 19, 20, 29, 30, 5, 11, 31, 17, 7, 32, 22, 16, 12, 14, 18, 24 ],
\[ 4, 7, 14, 17, 18, 24, 6, 1, 8, 25, 21, 2, 30, 19, 31, 3, 22, 9, 27, 12, 20, 5, 32, 11, 23, 16, 15, 13, 10, 29, 26, 28 ]:
 Order := 32 > |
[ 2, 9, 8, 3, 11, 1, 10, 26, 20, 12, 17, 30, 16, 13, 22, 32, 6, 15, 4, 5, 28, 19, 7, 23, 27, 18, 29, 24, 14, 21, 25, 31 ],
[ 12, 18, 9, 16, 24, 8, 29, 31, 21, 20, 4, 13, 26, 28, 17, 23, 7, 27, 1, 22, 32, 14, 2, 25, 19, 5, 30, 6, 3, 11, 10, 15 ],
[ 28, 19, 11, 25, 10, 15, 16, 29, 23, 17, 26, 31, 22, 7, 2, 12, 30, 13, 20, 3, 27, 32, 5, 14, 8, 6, 24, 9, 18, 1, 21, 4 ]
],
[ PermutationGroup<32 |  
\[ 2, 9, 8, 3, 11, 1, 10, 26, 20, 12, 17, 30, 16, 13, 22, 32, 6, 15, 4, 5, 28, 19, 7, 23, 27, 18, 29, 24, 14, 21, 25, 31 ],
\[ 3, 10, 13, 6, 15, 23, 1, 2, 26, 27, 28, 9, 21, 4, 25, 8, 19, 20, 29, 30, 5, 11, 31, 17, 7, 32, 22, 16, 12, 14, 18, 24 ],
\[ 4, 7, 14, 17, 18, 24, 6, 1, 8, 25, 21, 2, 30, 19, 31, 3, 22, 9, 27, 12, 20, 5, 32, 11, 23, 16, 15, 13, 10, 29, 26, 28 ]:
 Order := 32 > |
[ 2, 9, 8, 3, 11, 1, 10, 26, 20, 12, 17, 30, 16, 13, 22, 32, 6, 15, 4, 5, 28, 19, 7, 23, 27, 18, 29, 24, 14, 21, 25, 31 ],
[ 10, 26, 2, 13, 28, 3, 27, 32, 30, 9, 19, 14, 8, 21, 11, 24, 23, 25, 6, 15, 16, 29, 1, 31, 22, 20, 12, 17, 4, 5, 7, 18 ],
[ 19, 23, 29, 11, 26, 28, 17, 6, 3, 31, 30, 1, 12, 22, 32, 4, 15, 2, 25, 10, 9, 20, 16, 5, 24, 13, 18, 14, 7, 27, 8, 21 ]
],
[ PermutationGroup<32 |  
\[ 2, 9, 8, 3, 11, 1, 10, 26, 20, 12, 17, 30, 16, 13, 22, 32, 6, 15, 4, 5, 28, 19, 7, 23, 27, 18, 29, 24, 14, 21, 25, 31 ],
\[ 3, 10, 13, 6, 15, 23, 1, 2, 26, 27, 28, 9, 21, 4, 25, 8, 19, 20, 29, 30, 5, 11, 31, 17, 7, 32, 22, 16, 12, 14, 18, 24 ],
\[ 4, 7, 14, 17, 18, 24, 6, 1, 8, 25, 21, 2, 30, 19, 31, 3, 22, 9, 27, 12, 20, 5, 32, 11, 23, 16, 15, 13, 10, 29, 26, 28 ]:
 Order := 32 > |
[ 2, 9, 8, 3, 11, 1, 10, 26, 20, 12, 17, 30, 16, 13, 22, 32, 6, 15, 4, 5, 28, 19, 7, 23, 27, 18, 29, 24, 14, 21, 25, 31 ],
[ 30, 15, 20, 32, 23, 26, 14, 25, 28, 5, 3, 16, 18, 24, 6, 7, 10, 29, 2, 19, 31, 13, 9, 27, 4, 11, 21, 1, 8, 17, 12, 22 ],
[ 15, 28, 25, 20, 3, 30, 5, 11, 19, 16, 10, 17, 7, 18, 13, 22, 26, 6, 32, 23, 1, 2, 14, 9, 21, 29, 8, 27, 24, 31, 4, 12 ]
]
];
s`SolvableDBPointedPassport := [ PowerSequence(PermutationGroup<32 |  
\[ 2, 9, 8, 3, 11, 1, 10, 26, 20, 12, 17, 30, 16, 13, 22, 32, 6, 15, 4, 5, 28, 19, 7, 23, 27, 18, 29, 24, 14, 21, 25, 31 ],
\[ 3, 10, 13, 6, 15, 23, 1, 2, 26, 27, 28, 9, 21, 4, 25, 8, 19, 20, 29, 30, 5, 11, 31, 17, 7, 32, 22, 16, 12, 14, 18, 24 ],
\[ 4, 7, 14, 17, 18, 24, 6, 1, 8, 25, 21, 2, 30, 19, 31, 3, 22, 9, 27, 12, 20, 5, 32, 11, 23, 16, 15, 13, 10, 29, 26, 28 ]:
 Order := 32 >) |
[ PermutationGroup<32 |  
\[ 2, 9, 8, 3, 11, 1, 10, 26, 20, 12, 17, 30, 16, 13, 22, 32, 6, 15, 4, 5, 28, 19, 7, 23, 27, 18, 29, 24, 14, 21, 25, 31 ],
\[ 3, 10, 13, 6, 15, 23, 1, 2, 26, 27, 28, 9, 21, 4, 25, 8, 19, 20, 29, 30, 5, 11, 31, 17, 7, 32, 22, 16, 12, 14, 18, 24 ],
\[ 4, 7, 14, 17, 18, 24, 6, 1, 8, 25, 21, 2, 30, 19, 31, 3, 22, 9, 27, 12, 20, 5, 32, 11, 23, 16, 15, 13, 10, 29, 26, 28 ]:
 Order := 32 > |
[ 3, 10, 13, 6, 15, 23, 1, 2, 26, 27, 28, 9, 21, 4, 25, 8, 19, 20, 29, 30, 5, 11, 31, 17, 7, 32, 22, 16, 12, 14, 18, 24 ],
[ 2, 9, 8, 3, 11, 1, 10, 26, 20, 12, 17, 30, 16, 13, 22, 32, 6, 15, 4, 5, 28, 19, 7, 23, 27, 18, 29, 24, 14, 21, 25, 31 ],
[ 23, 3, 6, 29, 30, 19, 31, 13, 10, 1, 15, 27, 4, 12, 20, 21, 28, 32, 11, 26, 14, 25, 17, 16, 18, 2, 7, 5, 22, 9, 24, 8 ]
],
[ PermutationGroup<32 |  
\[ 2, 9, 8, 3, 11, 1, 10, 26, 20, 12, 17, 30, 16, 13, 22, 32, 6, 15, 4, 5, 28, 19, 7, 23, 27, 18, 29, 24, 14, 21, 25, 31 ],
\[ 3, 10, 13, 6, 15, 23, 1, 2, 26, 27, 28, 9, 21, 4, 25, 8, 19, 20, 29, 30, 5, 11, 31, 17, 7, 32, 22, 16, 12, 14, 18, 24 ],
\[ 4, 7, 14, 17, 18, 24, 6, 1, 8, 25, 21, 2, 30, 19, 31, 3, 22, 9, 27, 12, 20, 5, 32, 11, 23, 16, 15, 13, 10, 29, 26, 28 ]:
 Order := 32 > |
[ 12, 18, 9, 16, 24, 8, 29, 31, 21, 20, 4, 13, 26, 28, 17, 23, 7, 27, 1, 22, 32, 14, 2, 25, 19, 5, 30, 6, 3, 11, 10, 15 ],
[ 2, 9, 8, 3, 11, 1, 10, 26, 20, 12, 17, 30, 16, 13, 22, 32, 6, 15, 4, 5, 28, 19, 7, 23, 27, 18, 29, 24, 14, 21, 25, 31 ],
[ 22, 24, 27, 5, 8, 21, 11, 17, 4, 32, 12, 6, 10, 15, 16, 19, 18, 1, 31, 7, 2, 9, 13, 20, 28, 14, 26, 29, 23, 25, 3, 30 ]
],
[ PermutationGroup<32 |  
\[ 2, 9, 8, 3, 11, 1, 10, 26, 20, 12, 17, 30, 16, 13, 22, 32, 6, 15, 4, 5, 28, 19, 7, 23, 27, 18, 29, 24, 14, 21, 25, 31 ],
\[ 3, 10, 13, 6, 15, 23, 1, 2, 26, 27, 28, 9, 21, 4, 25, 8, 19, 20, 29, 30, 5, 11, 31, 17, 7, 32, 22, 16, 12, 14, 18, 24 ],
\[ 4, 7, 14, 17, 18, 24, 6, 1, 8, 25, 21, 2, 30, 19, 31, 3, 22, 9, 27, 12, 20, 5, 32, 11, 23, 16, 15, 13, 10, 29, 26, 28 ]:
 Order := 32 > |
[ 11, 17, 22, 15, 2, 5, 28, 19, 6, 24, 9, 23, 27, 25, 8, 29, 20, 3, 18, 1, 10, 26, 21, 30, 16, 4, 32, 12, 31, 7, 13, 14 ],
[ 3, 10, 13, 6, 15, 23, 1, 2, 26, 27, 28, 9, 21, 4, 25, 8, 19, 20, 29, 30, 5, 11, 31, 17, 7, 32, 22, 16, 12, 14, 18, 24 ],
[ 18, 21, 31, 9, 4, 12, 20, 5, 22, 13, 7, 11, 23, 26, 14, 15, 8, 17, 16, 24, 6, 1, 29, 2, 30, 27, 3, 25, 28, 32, 19, 10 ]
],
[ PermutationGroup<32 |  
\[ 2, 9, 8, 3, 11, 1, 10, 26, 20, 12, 17, 30, 16, 13, 22, 32, 6, 15, 4, 5, 28, 19, 7, 23, 27, 18, 29, 24, 14, 21, 25, 31 ],
\[ 3, 10, 13, 6, 15, 23, 1, 2, 26, 27, 28, 9, 21, 4, 25, 8, 19, 20, 29, 30, 5, 11, 31, 17, 7, 32, 22, 16, 12, 14, 18, 24 ],
\[ 4, 7, 14, 17, 18, 24, 6, 1, 8, 25, 21, 2, 30, 19, 31, 3, 22, 9, 27, 12, 20, 5, 32, 11, 23, 16, 15, 13, 10, 29, 26, 28 ]:
 Order := 32 > |
[ 11, 17, 22, 15, 2, 5, 28, 19, 6, 24, 9, 23, 27, 25, 8, 29, 20, 3, 18, 1, 10, 26, 21, 30, 16, 4, 32, 12, 31, 7, 13, 14 ],
[ 12, 18, 9, 16, 24, 8, 29, 31, 21, 20, 4, 13, 26, 28, 17, 23, 7, 27, 1, 22, 32, 14, 2, 25, 19, 5, 30, 6, 3, 11, 10, 15 ],
[ 10, 26, 2, 13, 28, 3, 27, 32, 30, 9, 19, 14, 8, 21, 11, 24, 23, 25, 6, 15, 16, 29, 1, 31, 22, 20, 12, 17, 4, 5, 7, 18 ]
],
[ PermutationGroup<32 |  
\[ 2, 9, 8, 3, 11, 1, 10, 26, 20, 12, 17, 30, 16, 13, 22, 32, 6, 15, 4, 5, 28, 19, 7, 23, 27, 18, 29, 24, 14, 21, 25, 31 ],
\[ 3, 10, 13, 6, 15, 23, 1, 2, 26, 27, 28, 9, 21, 4, 25, 8, 19, 20, 29, 30, 5, 11, 31, 17, 7, 32, 22, 16, 12, 14, 18, 24 ],
\[ 4, 7, 14, 17, 18, 24, 6, 1, 8, 25, 21, 2, 30, 19, 31, 3, 22, 9, 27, 12, 20, 5, 32, 11, 23, 16, 15, 13, 10, 29, 26, 28 ]:
 Order := 32 > |
[ 11, 17, 22, 15, 2, 5, 28, 19, 6, 24, 9, 23, 27, 25, 8, 29, 20, 3, 18, 1, 10, 26, 21, 30, 16, 4, 32, 12, 31, 7, 13, 14 ],
[ 28, 19, 11, 25, 10, 15, 16, 29, 23, 17, 26, 31, 22, 7, 2, 12, 30, 13, 20, 3, 27, 32, 5, 14, 8, 6, 24, 9, 18, 1, 21, 4 ],
[ 19, 23, 29, 11, 26, 28, 17, 6, 3, 31, 30, 1, 12, 22, 32, 4, 15, 2, 25, 10, 9, 20, 16, 5, 24, 13, 18, 14, 7, 27, 8, 21 ]
],
[ PermutationGroup<32 |  
\[ 2, 9, 8, 3, 11, 1, 10, 26, 20, 12, 17, 30, 16, 13, 22, 32, 6, 15, 4, 5, 28, 19, 7, 23, 27, 18, 29, 24, 14, 21, 25, 31 ],
\[ 3, 10, 13, 6, 15, 23, 1, 2, 26, 27, 28, 9, 21, 4, 25, 8, 19, 20, 29, 30, 5, 11, 31, 17, 7, 32, 22, 16, 12, 14, 18, 24 ],
\[ 4, 7, 14, 17, 18, 24, 6, 1, 8, 25, 21, 2, 30, 19, 31, 3, 22, 9, 27, 12, 20, 5, 32, 11, 23, 16, 15, 13, 10, 29, 26, 28 ]:
 Order := 32 > |
[ 11, 17, 22, 15, 2, 5, 28, 19, 6, 24, 9, 23, 27, 25, 8, 29, 20, 3, 18, 1, 10, 26, 21, 30, 16, 4, 32, 12, 31, 7, 13, 14 ],
[ 23, 3, 6, 29, 30, 19, 31, 13, 10, 1, 15, 27, 4, 12, 20, 21, 28, 32, 11, 26, 14, 25, 17, 16, 18, 2, 7, 5, 22, 9, 24, 8 ],
[ 15, 28, 25, 20, 3, 30, 5, 11, 19, 16, 10, 17, 7, 18, 13, 22, 26, 6, 32, 23, 1, 2, 14, 9, 21, 29, 8, 27, 24, 31, 4, 12 ]
]
];
s`SolvableDBMonodromyGroup := PermutationGroup<32 |  
\[ 2, 9, 8, 3, 11, 1, 10, 26, 20, 12, 17, 30, 16, 13, 22, 32, 6, 15, 4, 5, 28, 19, 7, 23, 27, 18, 29, 24, 14, 21, 25, 31 ],
\[ 3, 10, 13, 6, 15, 23, 1, 2, 26, 27, 28, 9, 21, 4, 25, 8, 19, 20, 29, 30, 5, 11, 31, 17, 7, 32, 22, 16, 12, 14, 18, 24 ],
\[ 4, 7, 14, 17, 18, 24, 6, 1, 8, 25, 21, 2, 30, 19, 31, 3, 22, 9, 27, 12, 20, 5, 32, 11, 23, 16, 15, 13, 10, 29, 26, 28 ] >;
s`SolvableDBAutomorphismGroup := PermutationGroup<32 |  
\[ 20, 5, 30, 12, 6, 9, 18, 21, 11, 15, 1, 22, 14, 29, 23, 13, 2, 24, 10, 17, 4, 7, 26, 8, 31, 28, 25, 3, 27, 19, 32, 16 ],
\[ 32, 31, 24, 28, 29, 16, 26, 23, 25, 18, 14, 15, 17, 11, 12, 6, 13, 10, 21, 27, 19, 30, 8, 3, 9, 7, 20, 4, 5, 22, 2, 1 ],
\[ 3, 8, 13, 14, 15, 4, 1, 16, 26, 2, 22, 9, 21, 30, 25, 28, 19, 31, 29, 18, 5, 27, 6, 17, 7, 32, 10, 11, 12, 20, 23, 24 ]:
 Order := 32 >;
s`SolvableDBPointedAutomorphismGroup := PermutationGroup<32 |  
\[ 11, 17, 28, 21, 2, 5, 22, 24, 6, 19, 9, 4, 16, 13, 10, 32, 20, 7, 30, 1, 8, 12, 15, 18, 27, 23, 29, 26, 14, 3, 25, 31 ]:
 Order := 8 >;

/*
Top Level Belyi Curve/Map
*/

K<nu> := NumberField(Polynomial([RationalField() | 1, 0, 1]));
PX<x1, x2, x3> := PolynomialRing(K, 3);
AA<x1, x2, x3> := AffineSpace(PX);
I<x1, x2, x3> := ideal< PX | [
x2^2*x3^6 + 5837335866376192/9108947259048025*nu*x1*x2*x3^4 - 5533632289843076661248/44771614396628423878125*nu*x1^3*x3^2 - 79692539694678016/45544736295240125*x2*x3^4 + 476481323008/281462092005375*nu*x1^3*x2 + 6232453677589112815616/134314843189885271634375*x1^2*x3^2 - 1024/65535*x2^2*x3^2 + 133596321880735744/18445618199572250625*x1^2*x2 - 5143868447644928966656/44771614396628423878125*nu*x1*x3^2 - 34766031469674496/18445618199572250625*nu*x1*x2 + 15924489688358846464/80588905913931162980625*x3^2,
x1^2*x2*x3^4 + 192268/65535*nu*x1*x2*x3^4 - 828974891008/966338150625*nu*x1^3*x3^2 - 14464816/983025*x2*x3^4 + 183131439104/322112716875*x1^2*x3^2 - 1024/65535*x1^2*x2 - 969199845376/966338150625*nu*x1*x3^2 + 4096/65535*nu*x1*x2 - 4194304/286322415*x3^2,
x1*x2^2*x3^4 + 201427802/248163569*nu*x2^2*x3^4 + 14901254586368/27105665824025*nu*x1^2*x2*x3^2 - 54283855331328/27105665824025*x1*x2*x3^2 + 31162807378509824/62695405050969825*x1^3 - 1024/65535*x1*x2^2 - 649721689931776/81316997472075*nu*x2*x3^2 + 4260545048677974016/15987328287997305375*nu*x1^2 + 5341349888/55836803025*nu*x2^2 + 126965028142714978304/239809924319959580625*x1 + 358451923210207232/239809924319959580625*nu,
x1^3*x2*x3^2 - 4294836225/465313792*nu*x2^2*x3^4 + 150834/56801*nu*x1^2*x2*x3^2 - 453448/56801*x1*x2*x3^2 + 536739840/248163569*x1^3 - 1968480/56801*nu*x2*x3^2 + 286785536/248163569*nu*x1^2 + 65535/454408*nu*x2^2 + 8583643136/3722453535*x1 + 8388608/3722453535*nu,
x1^4 - 52/15*nu*x1^3 - 65535/1024*x2*x3^2 + 16/5*x1^2 - 64/15*nu*x1
] >;
X<x1, x2, x3> := Curve(AA, I);
KX<x1, x2, x3> := FunctionField(X);
s`SolvableDBBelyiCurve := X;
s`SolvableDBBelyiMap := KX!((66049/65025*x1^8 - 8224/65025*nu*x1^7 - 1984/2601*x1^6 + 134656/65025*nu*x1^5 + 49664/21675*x1^4 - 57344/65025*nu*x1^3 - 114688/65025*x1^2 + 131072/65025*nu*x1 + 65536/65025)/(x1^8 + 32/255*nu*x1^7 + 48704/65025*x1^6 - 42496/21675*nu*x1^5 - 6656/3825*x1^4 - 57344/65025*nu*x1^3 - 114688/65025*x1^2 + 131072/65025*nu*x1 + 65536/65025));

/*
Graph Data
*/

s`SolvableDBPathToPP1 := [ Strings() | "PP1", "2T1-1,2,2-g0-path1", "4T2-2,2,2-g0-path1", "8T2-4,2,4-g1-path3", "16T8-4,4,4-g3-path8", "32S15-8,8,8-g11-path63" ];
s`SolvableDBParents := [ Strings() | "64S22-8,8,8-g21-path60", "64S16-8,8,8-g21-path300", "64S15-8,8,8-g21-path300" ];
s`SolvableDBChildren := [ Strings() | "16T8-4,4,4-g3-path8" ];

/*
Return for eval
*/

return s;
