s := SolvableDBInitialize();

/*
Magma printing
*/

s`SolvableDBName := "32S16-16,16,8-g13-path3";
s`SolvableDBFilename := "32S16-16,16,8-g13-path3.m";
s`SolvableDBPassportName := "32S16-16,16,8-g13";
s`SolvableDBPathNumber := 3;
s`SolvableDBDegree := 32;
s`SolvableDBOrders := \[ 16, 16, 8 ];
s`SolvableDBType := "Hyperbolic";
s`SolvableDBGenus := 13;
s`SolvableDBGaloisOrbitSize := 1;
s`SolvableDBPassportSize := 2;
s`SolvableDBPointedPassportSize := 2;
s`SolvableDBLevel := 5;
s`SolvableDBBlocks := {@ PowerSet(IntegerRing()) |
{ IntegerRing() | 1, 5 },
{ IntegerRing() | 2, 10 },
{ IntegerRing() | 3, 13 },
{ IntegerRing() | 4, 16 },
{ IntegerRing() | 6, 19 },
{ IntegerRing() | 7, 20 },
{ IntegerRing() | 8, 21 },
{ IntegerRing() | 9, 24 },
{ IntegerRing() | 11, 25 },
{ IntegerRing() | 12, 26 },
{ IntegerRing() | 14, 27 },
{ IntegerRing() | 15, 28 },
{ IntegerRing() | 17, 29 },
{ IntegerRing() | 18, 30 },
{ IntegerRing() | 22, 31 },
{ IntegerRing() | 23, 32 }
@};
s`SolvableDBIsRamifiedAtEveryLevel := false;
s`SolvableDBGaloisOrbit := [ PowerSequence(PermutationGroup<32 |  
\[ 2, 3, 4, 5, 6, 7, 8, 9, 10, 11, 12, 13, 14, 15, 16, 17, 18, 19, 20, 21, 22, 23, 24, 25, 26, 27, 28, 29, 30, 31, 32, 1 ],
\[ 2, 1, 3, 4, 5, 6, 7, 8, 9, 10, 11, 12, 13, 14, 15, 16, 17, 18, 19, 20, 21, 22, 23, 24, 25, 26, 27, 28, 29, 30, 31, 32 ]:
 Order := 263130836933693530167218012160000000 >) |
[ PermutationGroup<32 |  
\[ 2, 3, 4, 5, 6, 7, 8, 9, 10, 11, 12, 13, 14, 15, 16, 17, 18, 19, 20, 21, 22, 23, 24, 25, 26, 27, 28, 29, 30, 31, 32, 1 ],
\[ 2, 1, 3, 4, 5, 6, 7, 8, 9, 10, 11, 12, 13, 14, 15, 16, 17, 18, 19, 20, 21, 22, 23, 24, 25, 26, 27, 28, 29, 30, 31, 32 ]:
 Order := 263130836933693530167218012160000000 > |
[ 2, 9, 8, 7, 10, 1, 11, 12, 14, 24, 3, 15, 21, 23, 18, 20, 4, 22, 5, 25, 26, 6, 17, 27, 13, 28, 32, 30, 16, 31, 19, 29 ],
[ 13, 21, 24, 19, 3, 25, 5, 27, 26, 8, 10, 32, 9, 28, 29, 6, 31, 16, 11, 1, 14, 20, 30, 12, 2, 23, 15, 17, 22, 4, 7, 18 ],
[ 16, 20, 19, 28, 4, 29, 30, 5, 25, 7, 31, 10, 6, 13, 24, 15, 26, 27, 17, 18, 1, 32, 21, 11, 22, 2, 3, 9, 12, 14, 23, 8 ]
]
];
s`SolvableDBPassport := [ PowerSequence(PermutationGroup<32 |  
\[ 2, 9, 8, 7, 10, 1, 11, 12, 14, 24, 3, 15, 21, 23, 18, 20, 4, 22, 5, 25, 26, 6, 17, 27, 13, 28, 32, 30, 16, 31, 19, 29 ],
\[ 13, 21, 24, 19, 3, 25, 5, 27, 26, 8, 10, 32, 9, 28, 29, 6, 31, 16, 11, 1, 14, 20, 30, 12, 2, 23, 15, 17, 22, 4, 7, 18 ],
\[ 16, 20, 19, 28, 4, 29, 30, 5, 25, 7, 31, 10, 6, 13, 24, 15, 26, 27, 17, 18, 1, 32, 21, 11, 22, 2, 3, 9, 12, 14, 23, 8 ]:
 Order := 32 >) |
[ PermutationGroup<32 |  
\[ 2, 9, 8, 7, 10, 1, 11, 12, 14, 24, 3, 15, 21, 23, 18, 20, 4, 22, 5, 25, 26, 6, 17, 27, 13, 28, 32, 30, 16, 31, 19, 29 ],
\[ 13, 21, 24, 19, 3, 25, 5, 27, 26, 8, 10, 32, 9, 28, 29, 6, 31, 16, 11, 1, 14, 20, 30, 12, 2, 23, 15, 17, 22, 4, 7, 18 ],
\[ 16, 20, 19, 28, 4, 29, 30, 5, 25, 7, 31, 10, 6, 13, 24, 15, 26, 27, 17, 18, 1, 32, 21, 11, 22, 2, 3, 9, 12, 14, 23, 8 ]:
 Order := 32 > |
[ 2, 9, 8, 7, 10, 1, 11, 12, 14, 24, 3, 15, 21, 23, 18, 20, 4, 22, 5, 25, 26, 6, 17, 27, 13, 28, 32, 30, 16, 31, 19, 29 ],
[ 30, 31, 16, 27, 18, 28, 32, 20, 19, 22, 29, 25, 4, 5, 13, 14, 24, 21, 15, 23, 7, 26, 10, 6, 17, 11, 1, 3, 9, 8, 12, 2 ],
[ 24, 27, 26, 25, 9, 10, 13, 28, 32, 14, 21, 30, 12, 29, 31, 11, 20, 19, 2, 3, 15, 5, 16, 23, 8, 18, 17, 22, 7, 6, 1, 4 ]
],
[ PermutationGroup<32 |  
\[ 2, 9, 8, 7, 10, 1, 11, 12, 14, 24, 3, 15, 21, 23, 18, 20, 4, 22, 5, 25, 26, 6, 17, 27, 13, 28, 32, 30, 16, 31, 19, 29 ],
\[ 13, 21, 24, 19, 3, 25, 5, 27, 26, 8, 10, 32, 9, 28, 29, 6, 31, 16, 11, 1, 14, 20, 30, 12, 2, 23, 15, 17, 22, 4, 7, 18 ],
\[ 16, 20, 19, 28, 4, 29, 30, 5, 25, 7, 31, 10, 6, 13, 24, 15, 26, 27, 17, 18, 1, 32, 21, 11, 22, 2, 3, 9, 12, 14, 23, 8 ]:
 Order := 32 > |
[ 2, 9, 8, 7, 10, 1, 11, 12, 14, 24, 3, 15, 21, 23, 18, 20, 4, 22, 5, 25, 26, 6, 17, 27, 13, 28, 32, 30, 16, 31, 19, 29 ],
[ 13, 21, 24, 19, 3, 25, 5, 27, 26, 8, 10, 32, 9, 28, 29, 6, 31, 16, 11, 1, 14, 20, 30, 12, 2, 23, 15, 17, 22, 4, 7, 18 ],
[ 16, 20, 19, 28, 4, 29, 30, 5, 25, 7, 31, 10, 6, 13, 24, 15, 26, 27, 17, 18, 1, 32, 21, 11, 22, 2, 3, 9, 12, 14, 23, 8 ]
]
];
s`SolvableDBPointedPassport := [ PowerSequence(PermutationGroup<32 |  
\[ 2, 3, 4, 5, 6, 7, 8, 9, 10, 11, 12, 13, 14, 15, 16, 17, 18, 19, 20, 21, 22, 23, 24, 25, 26, 27, 28, 29, 30, 31, 32, 1 ],
\[ 2, 1, 3, 4, 5, 6, 7, 8, 9, 10, 11, 12, 13, 14, 15, 16, 17, 18, 19, 20, 21, 22, 23, 24, 25, 26, 27, 28, 29, 30, 31, 32 ]:
 Order := 263130836933693530167218012160000000 >) |
[ PermutationGroup<32 |  
\[ 2, 3, 4, 5, 6, 7, 8, 9, 10, 11, 12, 13, 14, 15, 16, 17, 18, 19, 20, 21, 22, 23, 24, 25, 26, 27, 28, 29, 30, 31, 32, 1 ],
\[ 2, 1, 3, 4, 5, 6, 7, 8, 9, 10, 11, 12, 13, 14, 15, 16, 17, 18, 19, 20, 21, 22, 23, 24, 25, 26, 27, 28, 29, 30, 31, 32 ]:
 Order := 263130836933693530167218012160000000 > |
[ 2, 9, 8, 7, 10, 1, 11, 12, 14, 24, 3, 15, 21, 23, 18, 20, 4, 22, 5, 25, 26, 6, 17, 27, 13, 28, 32, 30, 16, 31, 19, 29 ],
[ 30, 31, 16, 27, 18, 28, 32, 20, 19, 22, 29, 25, 4, 5, 13, 14, 24, 21, 15, 23, 7, 26, 10, 6, 17, 11, 1, 3, 9, 8, 12, 2 ],
[ 24, 27, 26, 25, 9, 10, 13, 28, 32, 14, 21, 30, 12, 29, 31, 11, 20, 19, 2, 3, 15, 5, 16, 23, 8, 18, 17, 22, 7, 6, 1, 4 ]
],
[ PermutationGroup<32 |  
\[ 2, 3, 4, 5, 6, 7, 8, 9, 10, 11, 12, 13, 14, 15, 16, 17, 18, 19, 20, 21, 22, 23, 24, 25, 26, 27, 28, 29, 30, 31, 32, 1 ],
\[ 2, 1, 3, 4, 5, 6, 7, 8, 9, 10, 11, 12, 13, 14, 15, 16, 17, 18, 19, 20, 21, 22, 23, 24, 25, 26, 27, 28, 29, 30, 31, 32 ]:
 Order := 263130836933693530167218012160000000 > |
[ 2, 9, 8, 7, 10, 1, 11, 12, 14, 24, 3, 15, 21, 23, 18, 20, 4, 22, 5, 25, 26, 6, 17, 27, 13, 28, 32, 30, 16, 31, 19, 29 ],
[ 13, 21, 24, 19, 3, 25, 5, 27, 26, 8, 10, 32, 9, 28, 29, 6, 31, 16, 11, 1, 14, 20, 30, 12, 2, 23, 15, 17, 22, 4, 7, 18 ],
[ 16, 20, 19, 28, 4, 29, 30, 5, 25, 7, 31, 10, 6, 13, 24, 15, 26, 27, 17, 18, 1, 32, 21, 11, 22, 2, 3, 9, 12, 14, 23, 8 ]
]
];
s`SolvableDBMonodromyGroup := PermutationGroup<32 |  
\[ 2, 9, 8, 7, 10, 1, 11, 12, 14, 24, 3, 15, 21, 23, 18, 20, 4, 22, 5, 25, 26, 6, 17, 27, 13, 28, 32, 30, 16, 31, 19, 29 ],
\[ 13, 21, 24, 19, 3, 25, 5, 27, 26, 8, 10, 32, 9, 28, 29, 6, 31, 16, 11, 1, 14, 20, 30, 12, 2, 23, 15, 17, 22, 4, 7, 18 ],
\[ 16, 20, 19, 28, 4, 29, 30, 5, 25, 7, 31, 10, 6, 13, 24, 15, 26, 27, 17, 18, 1, 32, 21, 11, 22, 2, 3, 9, 12, 14, 23, 8 ] >;
s`SolvableDBAutomorphismGroup := PermutationGroup<32 |  
\[ 23, 17, 18, 8, 32, 14, 12, 22, 4, 29, 15, 6, 30, 7, 1, 21, 3, 2, 27, 26, 31, 9, 11, 16, 28, 19, 20, 5, 13, 10, 24, 25 ],
\[ 2, 9, 8, 7, 10, 1, 11, 12, 14, 24, 3, 15, 21, 23, 18, 20, 4, 22, 5, 25, 26, 6, 17, 27, 13, 28, 32, 30, 16, 31, 19, 29 ],
\[ 32, 29, 30, 21, 23, 27, 26, 31, 16, 17, 28, 19, 18, 20, 5, 8, 13, 10, 14, 12, 22, 24, 25, 4, 15, 6, 7, 1, 3, 2, 9, 11 ]:
 Order := 32 >;
s`SolvableDBPointedAutomorphismGroup := PermutationGroup<32 |  
\[ 15, 18, 17, 9, 28, 12, 14, 4, 22, 30, 23, 7, 29, 6, 11, 24, 2, 3, 26, 27, 16, 8, 1, 31, 32, 20, 19, 25, 10, 13, 21, 5 ],
\[ 6, 1, 11, 17, 19, 22, 4, 3, 2, 5, 7, 8, 25, 9, 12, 29, 23, 15, 31, 16, 13, 18, 14, 10, 20, 21, 24, 26, 32, 28, 30, 27 ]:
 Order := 16 >;
s`SolvableDBPathToPP1 := [ Strings() | "PP1", "2T1-2,2,1-g0-path1", "4T1-4,4,2-g1-path1", "8T1-8,8,4-g3-path1", "16T1-16,16,8-g7-path2", "32S16-16,16,8-g13-path3" ];
s`SolvableDBParents := [ Strings() | "64S50-32,32,16-g29-path13", "64S51-32,32,16-g29-path5", "64S50-32,32,16-g29-path14", "64S51-32,32,16-g29-path6", "64S44-16,16,8-g25-path9", "64S26-16,16,8-g25-path3", "64S29-16,16,8-g25-path3" ];
s`SolvableDBChild := "16T1-16,16,8-g7-path2";

/*
Return for eval
*/

return s;
