s := SolvableDBObjectInitialize();

/*
Basic Information about the Passport
*/

s`SolvableDBName := "32S16-16,16,8-g13-path1";
s`SolvableDBFilename := "32S16-16,16,8-g13-path1.m";
s`SolvableDBPathNumber := 1;
s`SolvableDBDegree := 32;
s`SolvableDBABC := \[ 16, 16, 8 ];
s`SolvableDBType := "Hyperbolic";
s`SolvableDBGenus := 13;
s`SolvableDBGaloisOrbitSize := 1;
s`SolvableDBPassportSize := 2;
s`SolvableDBPointedPassportSize := 2;
s`SolvableDBLevel := 5;
s`SolvableDBBlocks := {@ PowerSet(IntegerRing()) |
{ IntegerRing() | 1, 5 },
{ IntegerRing() | 2, 9 },
{ IntegerRing() | 3, 12 },
{ IntegerRing() | 4, 15 },
{ IntegerRing() | 6, 17 },
{ IntegerRing() | 7, 18 },
{ IntegerRing() | 8, 19 },
{ IntegerRing() | 10, 21 },
{ IntegerRing() | 11, 23 },
{ IntegerRing() | 13, 26 },
{ IntegerRing() | 14, 27 },
{ IntegerRing() | 16, 28 },
{ IntegerRing() | 20, 29 },
{ IntegerRing() | 22, 30 },
{ IntegerRing() | 24, 31 },
{ IntegerRing() | 25, 32 }
@};

/*
Permutations and Passports
*/

s`SolvableDBGaloisOrbit := [ PowerSequence(PermutationGroup<32 |  
\[ 2, 3, 4, 5, 6, 7, 8, 9, 10, 11, 12, 13, 14, 15, 16, 17, 18, 19, 20, 21, 22, 23, 24, 25, 26, 27, 28, 29, 30, 31, 32, 1 ],
\[ 2, 1, 3, 4, 5, 6, 7, 8, 9, 10, 11, 12, 13, 14, 15, 16, 17, 18, 19, 20, 21, 22, 23, 24, 25, 26, 27, 28, 29, 30, 31, 32 ]:
 Order := 263130836933693530167218012160000000 >) |
[ PermutationGroup<32 |  
\[ 2, 3, 4, 5, 6, 7, 8, 9, 10, 11, 12, 13, 14, 15, 16, 17, 18, 19, 20, 21, 22, 23, 24, 25, 26, 27, 28, 29, 30, 31, 32, 1 ],
\[ 2, 1, 3, 4, 5, 6, 7, 8, 9, 10, 11, 12, 13, 14, 15, 16, 17, 18, 19, 20, 21, 22, 23, 24, 25, 26, 27, 28, 29, 30, 31, 32 ]:
 Order := 263130836933693530167218012160000000 > |
[ 2, 4, 8, 7, 9, 1, 10, 6, 15, 16, 14, 19, 3, 13, 18, 20, 5, 21, 17, 22, 28, 25, 27, 11, 24, 12, 26, 29, 30, 32, 23, 31 ],
[ 12, 19, 23, 17, 3, 26, 5, 27, 8, 9, 30, 11, 31, 32, 6, 15, 13, 1, 14, 18, 2, 21, 22, 29, 28, 24, 25, 4, 7, 10, 20, 16 ],
[ 15, 18, 17, 21, 4, 9, 28, 5, 7, 29, 26, 6, 19, 12, 10, 30, 2, 16, 1, 32, 20, 31, 13, 27, 23, 8, 3, 22, 25, 24, 14, 11 ]
],
[ PermutationGroup<32 |  
\[ 2, 3, 4, 5, 6, 7, 8, 9, 10, 11, 12, 13, 14, 15, 16, 17, 18, 19, 20, 21, 22, 23, 24, 25, 26, 27, 28, 29, 30, 31, 32, 1 ],
\[ 2, 1, 3, 4, 5, 6, 7, 8, 9, 10, 11, 12, 13, 14, 15, 16, 17, 18, 19, 20, 21, 22, 23, 24, 25, 26, 27, 28, 29, 30, 31, 32 ]:
 Order := 263130836933693530167218012160000000 > |
[ 2, 9, 8, 7, 10, 1, 11, 12, 21, 22, 23, 24, 19, 3, 18, 4, 5, 25, 26, 6, 14, 30, 20, 16, 31, 32, 13, 15, 17, 27, 29, 28 ],
[ 13, 19, 15, 17, 3, 27, 5, 18, 26, 8, 10, 25, 4, 28, 6, 29, 14, 1, 7, 30, 32, 12, 22, 31, 2, 11, 16, 20, 21, 24, 9, 23 ],
[ 15, 18, 17, 27, 4, 28, 13, 5, 25, 7, 19, 10, 6, 29, 14, 30, 16, 3, 1, 32, 31, 11, 26, 22, 8, 2, 20, 21, 24, 23, 12, 9 ]
],
[ PermutationGroup<32 |  
\[ 2, 3, 4, 5, 6, 7, 8, 9, 10, 11, 12, 13, 14, 15, 16, 17, 18, 19, 20, 21, 22, 23, 24, 25, 26, 27, 28, 29, 30, 31, 32, 1 ],
\[ 2, 1, 3, 4, 5, 6, 7, 8, 9, 10, 11, 12, 13, 14, 15, 16, 17, 18, 19, 20, 21, 22, 23, 24, 25, 26, 27, 28, 29, 30, 31, 32 ]:
 Order := 263130836933693530167218012160000000 > |
[ 2, 9, 8, 7, 10, 1, 11, 12, 14, 24, 3, 15, 21, 23, 18, 20, 4, 22, 5, 25, 26, 6, 17, 27, 13, 28, 32, 30, 16, 31, 19, 29 ],
[ 13, 21, 24, 19, 3, 25, 5, 27, 26, 8, 10, 32, 9, 28, 29, 6, 31, 16, 11, 1, 14, 20, 30, 12, 2, 23, 15, 17, 22, 4, 7, 18 ],
[ 16, 20, 19, 28, 4, 29, 30, 5, 25, 7, 31, 10, 6, 13, 24, 15, 26, 27, 17, 18, 1, 32, 21, 11, 22, 2, 3, 9, 12, 14, 23, 8 ]
],
[ PermutationGroup<32 |  
\[ 2, 3, 4, 5, 6, 7, 8, 9, 10, 11, 12, 13, 14, 15, 16, 17, 18, 19, 20, 21, 22, 23, 24, 25, 26, 27, 28, 29, 30, 31, 32, 1 ],
\[ 2, 1, 3, 4, 5, 6, 7, 8, 9, 10, 11, 12, 13, 14, 15, 16, 17, 18, 19, 20, 21, 22, 23, 24, 25, 26, 27, 28, 29, 30, 31, 32 ]:
 Order := 263130836933693530167218012160000000 > |
[ 2, 6, 5, 7, 1, 8, 13, 14, 11, 12, 3, 4, 15, 16, 21, 22, 19, 20, 9, 10, 23, 24, 29, 25, 27, 28, 17, 18, 30, 31, 32, 26 ],
[ 7, 13, 12, 2, 4, 15, 6, 21, 20, 5, 10, 1, 8, 23, 14, 29, 28, 11, 18, 3, 16, 30, 22, 31, 32, 19, 26, 9, 24, 25, 27, 17 ],
[ 10, 12, 18, 3, 20, 4, 5, 7, 26, 9, 28, 11, 1, 13, 2, 15, 31, 17, 32, 19, 6, 21, 8, 23, 29, 25, 30, 27, 14, 16, 22, 24 ]
]
];
s`SolvableDBPassport := [ PowerSequence(PermutationGroup<32 |  
\[ 2, 4, 8, 7, 9, 1, 10, 6, 15, 16, 14, 19, 3, 13, 18, 20, 5, 21, 17, 22, 28, 25, 27, 11, 24, 12, 26, 29, 30, 32, 23, 31 ],
\[ 12, 19, 23, 17, 3, 26, 5, 27, 8, 9, 30, 11, 31, 32, 6, 15, 13, 1, 14, 18, 2, 21, 22, 29, 28, 24, 25, 4, 7, 10, 20, 16 ],
\[ 15, 18, 17, 21, 4, 9, 28, 5, 7, 29, 26, 6, 19, 12, 10, 30, 2, 16, 1, 32, 20, 31, 13, 27, 23, 8, 3, 22, 25, 24, 14, 11 ]:
 Order := 32 >) |
[ PermutationGroup<32 |  
\[ 2, 4, 8, 7, 9, 1, 10, 6, 15, 16, 14, 19, 3, 13, 18, 20, 5, 21, 17, 22, 28, 25, 27, 11, 24, 12, 26, 29, 30, 32, 23, 31 ],
\[ 12, 19, 23, 17, 3, 26, 5, 27, 8, 9, 30, 11, 31, 32, 6, 15, 13, 1, 14, 18, 2, 21, 22, 29, 28, 24, 25, 4, 7, 10, 20, 16 ],
\[ 15, 18, 17, 21, 4, 9, 28, 5, 7, 29, 26, 6, 19, 12, 10, 30, 2, 16, 1, 32, 20, 31, 13, 27, 23, 8, 3, 22, 25, 24, 14, 11 ]:
 Order := 32 > |
[ 2, 4, 8, 7, 9, 1, 10, 6, 15, 16, 14, 19, 3, 13, 18, 20, 5, 21, 17, 22, 28, 25, 27, 11, 24, 12, 26, 29, 30, 32, 23, 31 ],
[ 12, 19, 23, 17, 3, 26, 5, 27, 8, 9, 30, 11, 31, 32, 6, 15, 13, 1, 14, 18, 2, 21, 22, 29, 28, 24, 25, 4, 7, 10, 20, 16 ],
[ 15, 18, 17, 21, 4, 9, 28, 5, 7, 29, 26, 6, 19, 12, 10, 30, 2, 16, 1, 32, 20, 31, 13, 27, 23, 8, 3, 22, 25, 24, 14, 11 ]
],
[ PermutationGroup<32 |  
\[ 2, 4, 8, 7, 9, 1, 10, 6, 15, 16, 14, 19, 3, 13, 18, 20, 5, 21, 17, 22, 28, 25, 27, 11, 24, 12, 26, 29, 30, 32, 23, 31 ],
\[ 12, 19, 23, 17, 3, 26, 5, 27, 8, 9, 30, 11, 31, 32, 6, 15, 13, 1, 14, 18, 2, 21, 22, 29, 28, 24, 25, 4, 7, 10, 20, 16 ],
\[ 15, 18, 17, 21, 4, 9, 28, 5, 7, 29, 26, 6, 19, 12, 10, 30, 2, 16, 1, 32, 20, 31, 13, 27, 23, 8, 3, 22, 25, 24, 14, 11 ]:
 Order := 32 > |
[ 2, 4, 8, 7, 9, 1, 10, 6, 15, 16, 14, 19, 3, 13, 18, 20, 5, 21, 17, 22, 28, 25, 27, 11, 24, 12, 26, 29, 30, 32, 23, 31 ],
[ 31, 23, 29, 27, 24, 32, 26, 30, 11, 12, 18, 20, 28, 21, 14, 19, 25, 13, 22, 17, 3, 5, 7, 15, 9, 16, 10, 8, 6, 1, 4, 2 ],
[ 29, 30, 18, 32, 20, 28, 31, 21, 22, 23, 5, 7, 15, 9, 25, 27, 16, 24, 10, 26, 11, 12, 1, 17, 19, 4, 2, 14, 13, 3, 6, 8 ]
]
];
s`SolvableDBPointedPassport := [ PowerSequence(PermutationGroup<32 |  
\[ 2, 4, 8, 7, 9, 1, 10, 6, 15, 16, 14, 19, 3, 13, 18, 20, 5, 21, 17, 22, 28, 25, 27, 11, 24, 12, 26, 29, 30, 32, 23, 31 ],
\[ 12, 19, 23, 17, 3, 26, 5, 27, 8, 9, 30, 11, 31, 32, 6, 15, 13, 1, 14, 18, 2, 21, 22, 29, 28, 24, 25, 4, 7, 10, 20, 16 ],
\[ 15, 18, 17, 21, 4, 9, 28, 5, 7, 29, 26, 6, 19, 12, 10, 30, 2, 16, 1, 32, 20, 31, 13, 27, 23, 8, 3, 22, 25, 24, 14, 11 ]:
 Order := 32 >) |
[ PermutationGroup<32 |  
\[ 2, 4, 8, 7, 9, 1, 10, 6, 15, 16, 14, 19, 3, 13, 18, 20, 5, 21, 17, 22, 28, 25, 27, 11, 24, 12, 26, 29, 30, 32, 23, 31 ],
\[ 12, 19, 23, 17, 3, 26, 5, 27, 8, 9, 30, 11, 31, 32, 6, 15, 13, 1, 14, 18, 2, 21, 22, 29, 28, 24, 25, 4, 7, 10, 20, 16 ],
\[ 15, 18, 17, 21, 4, 9, 28, 5, 7, 29, 26, 6, 19, 12, 10, 30, 2, 16, 1, 32, 20, 31, 13, 27, 23, 8, 3, 22, 25, 24, 14, 11 ]:
 Order := 32 > |
[ 2, 4, 8, 7, 9, 1, 10, 6, 15, 16, 14, 19, 3, 13, 18, 20, 5, 21, 17, 22, 28, 25, 27, 11, 24, 12, 26, 29, 30, 32, 23, 31 ],
[ 31, 23, 29, 27, 24, 32, 26, 30, 11, 12, 18, 20, 28, 21, 14, 19, 25, 13, 22, 17, 3, 5, 7, 15, 9, 16, 10, 8, 6, 1, 4, 2 ],
[ 29, 30, 18, 32, 20, 28, 31, 21, 22, 23, 5, 7, 15, 9, 25, 27, 16, 24, 10, 26, 11, 12, 1, 17, 19, 4, 2, 14, 13, 3, 6, 8 ]
],
[ PermutationGroup<32 |  
\[ 2, 4, 8, 7, 9, 1, 10, 6, 15, 16, 14, 19, 3, 13, 18, 20, 5, 21, 17, 22, 28, 25, 27, 11, 24, 12, 26, 29, 30, 32, 23, 31 ],
\[ 12, 19, 23, 17, 3, 26, 5, 27, 8, 9, 30, 11, 31, 32, 6, 15, 13, 1, 14, 18, 2, 21, 22, 29, 28, 24, 25, 4, 7, 10, 20, 16 ],
\[ 15, 18, 17, 21, 4, 9, 28, 5, 7, 29, 26, 6, 19, 12, 10, 30, 2, 16, 1, 32, 20, 31, 13, 27, 23, 8, 3, 22, 25, 24, 14, 11 ]:
 Order := 32 > |
[ 2, 4, 8, 7, 9, 1, 10, 6, 15, 16, 14, 19, 3, 13, 18, 20, 5, 21, 17, 22, 28, 25, 27, 11, 24, 12, 26, 29, 30, 32, 23, 31 ],
[ 28, 29, 15, 30, 16, 21, 32, 18, 20, 31, 17, 4, 9, 5, 22, 23, 10, 25, 7, 27, 24, 26, 6, 19, 12, 2, 1, 11, 14, 13, 8, 3 ],
[ 23, 27, 30, 26, 11, 31, 12, 32, 14, 19, 21, 22, 29, 28, 13, 17, 24, 3, 25, 5, 8, 9, 10, 18, 15, 20, 16, 6, 1, 2, 7, 4 ]
]
];
s`SolvableDBMonodromyGroup := PermutationGroup<32 |  
\[ 2, 4, 8, 7, 9, 1, 10, 6, 15, 16, 14, 19, 3, 13, 18, 20, 5, 21, 17, 22, 28, 25, 27, 11, 24, 12, 26, 29, 30, 32, 23, 31 ],
\[ 12, 19, 23, 17, 3, 26, 5, 27, 8, 9, 30, 11, 31, 32, 6, 15, 13, 1, 14, 18, 2, 21, 22, 29, 28, 24, 25, 4, 7, 10, 20, 16 ],
\[ 15, 18, 17, 21, 4, 9, 28, 5, 7, 29, 26, 6, 19, 12, 10, 30, 2, 16, 1, 32, 20, 31, 13, 27, 23, 8, 3, 22, 25, 24, 14, 11 ] >;
s`SolvableDBAutomorphismGroup := PermutationGroup<32 |  
\[ 25, 24, 16, 11, 32, 22, 14, 20, 31, 13, 4, 28, 10, 7, 23, 3, 30, 27, 29, 8, 26, 6, 15, 2, 1, 21, 18, 12, 19, 17, 9, 5 ],
\[ 2, 4, 8, 7, 9, 1, 10, 6, 15, 16, 14, 19, 3, 13, 18, 20, 5, 21, 17, 22, 28, 25, 27, 11, 24, 12, 26, 29, 30, 32, 23, 31 ],
\[ 32, 31, 28, 23, 25, 30, 27, 29, 24, 26, 15, 16, 21, 18, 11, 12, 22, 14, 20, 19, 13, 17, 4, 9, 5, 10, 7, 3, 8, 6, 2, 1 ]:
 Order := 32 >;
s`SolvableDBPointedAutomorphismGroup := PermutationGroup<32 |  
\[ 25, 24, 16, 11, 32, 22, 14, 20, 31, 13, 4, 28, 10, 7, 23, 3, 30, 27, 29, 8, 26, 6, 15, 2, 1, 21, 18, 12, 19, 17, 9, 5 ],
\[ 6, 1, 13, 2, 17, 8, 4, 3, 5, 7, 24, 26, 14, 11, 9, 10, 19, 15, 12, 16, 18, 20, 31, 25, 22, 27, 23, 21, 28, 29, 32, 30 ]:
 Order := 16 >;

/*
Top Level Belyi Curve/Map
*/


/*
Graph Data
*/

s`SolvableDBPathToPP1 := [ Strings() | "PP1", "2T1-2,2,1-g0-path1", "4T1-4,4,2-g1-path1", "8T1-8,8,4-g3-path1", "16T1-16,16,8-g7-path1", "32S16-16,16,8-g13-path1" ];
s`SolvableDBChildren := [ Strings() | "16T1-16,16,8-g7-path1" ];

/*
Return for eval
*/

return s;
