s := SolvableDBInitialize();

/*
Custom printing for Belyi curve and map
*/

/* Belyi curve */
K := Rationals();
P<[x]> := PolynomialRing(K, 3);
I<[x]> := ideal< P | [
x[1]*x[2]^2*x[3]^2 + 12*x[1]*x[2]*x[3]^2 - 2*x[2]^2*x[3]^2 - 6*x[1]^2*x[2] - 4*x[1]*x[2]^2 - x[2]^3 + 32*x[1]*x[3]^2 + 8*x[2]*x[3]^2 - 8*x[1]^2 - 4*x[2]^2 + 8*x[2] - 32,
x[2]^3*x[3]^2 - x[1]^2*x[2]^2 + 16*x[1]*x[2]*x[3]^2 + 4*x[2]^2*x[3]^2 - 4*x[1]^2*x[2] - 8*x[1]*x[2]^2 - 4*x[2]^3 + 32*x[1]*x[3]^2 + 16*x[2]*x[3]^2 - 16*x[1]^2 - 4*x[2]^2 + 16*x[2] - 64,
x[1]^2*x[3]^2 - 1/2*x[1]*x[2]*x[3]^2 - 2*x[1]*x[3]^2 - x[2]*x[3]^2 + x[1]^2 + x[1]*x[2] + 1/2*x[2]^2 - 2*x[2] + 4,
x[1]^3 - x[2]^2 + 4*x[1]
] >;
X<[x]> := Curve(AffineSpace(P), I);

/* Belyi map */
K := Rationals();
P<[x]> := PolynomialRing(K, 3);
I<[x]> := ideal< P | [
x[1]*x[2]^2*x[3]^2 + 12*x[1]*x[2]*x[3]^2 - 2*x[2]^2*x[3]^2 - 6*x[1]^2*x[2] - 4*x[1]*x[2]^2 - x[2]^3 + 32*x[1]*x[3]^2 + 8*x[2]*x[3]^2 - 8*x[1]^2 - 4*x[2]^2 + 8*x[2] - 32,
x[2]^3*x[3]^2 - x[1]^2*x[2]^2 + 16*x[1]*x[2]*x[3]^2 + 4*x[2]^2*x[3]^2 - 4*x[1]^2*x[2] - 8*x[1]*x[2]^2 - 4*x[2]^3 + 32*x[1]*x[3]^2 + 16*x[2]*x[3]^2 - 16*x[1]^2 - 4*x[2]^2 + 16*x[2] - 64,
x[1]^2*x[3]^2 - 1/2*x[1]*x[2]*x[3]^2 - 2*x[1]*x[3]^2 - x[2]*x[3]^2 + x[1]^2 + x[1]*x[2] + 1/2*x[2]^2 - 2*x[2] + 4,
x[1]^3 - x[2]^2 + 4*x[1]
] >;
X<[x]> := Curve(AffineSpace(P), I);
KX<[x]> := FunctionField(X);
phi := KX!((x[1]^8 + 48*x[1]^6 + 608*x[1]^4 + 768*x[1]^2 + 256)/(64*x[1]^6 + 512*x[1]^4 + 1024*x[1]^2));
/* assign to object */
s`SolvableDBBelyiCurve := X;
s`SolvableDBBelyiMap := phi;

/*
Magma printing
*/

s`SolvableDBName := "32S10-4,4,8-g7-path6";
s`SolvableDBFilename := "32S10-4,4,8-g7-path6.m";
s`SolvableDBPassportName := "32S10-4,4,8-g7";
s`SolvableDBPathNumber := 6;
s`SolvableDBDegree := 32;
s`SolvableDBOrders := \[ 4, 4, 8 ];
s`SolvableDBType := "Hyperbolic";
s`SolvableDBGenus := 7;
s`SolvableDBGaloisOrbitSize := 1;
s`SolvableDBPassportSize := 2;
s`SolvableDBPointedPassportSize := 2;
s`SolvableDBLevel := 5;
s`SolvableDBBlocks := {@ PowerSet(IntegerRing()) |
{ IntegerRing() | 1, 5 },
{ IntegerRing() | 2, 6 },
{ IntegerRing() | 3, 15 },
{ IntegerRing() | 4, 19 },
{ IntegerRing() | 7, 10 },
{ IntegerRing() | 8, 12 },
{ IntegerRing() | 9, 22 },
{ IntegerRing() | 11, 23 },
{ IntegerRing() | 13, 31 },
{ IntegerRing() | 14, 28 },
{ IntegerRing() | 16, 21 },
{ IntegerRing() | 17, 20 },
{ IntegerRing() | 18, 29 },
{ IntegerRing() | 24, 26 },
{ IntegerRing() | 25, 27 },
{ IntegerRing() | 30, 32 }
@};
s`SolvableDBBelyiMapTiming := 0.130p15;
s`SolvableDBLocalSanityCheckTiming := 0.730p15;
s`SolvableDBLocalSanityCheckPrime := 101;
s`SolvableDBIsLowGenusOrHyperelliptic := false;
s`SolvableDBIsRamifiedAtEveryLevel := true;
s`SolvableDBGaloisOrbit := [ PowerSequence(PermutationGroup<32 |  
\[ 2, 3, 4, 5, 6, 7, 8, 9, 10, 11, 12, 13, 14, 15, 16, 17, 18, 19, 20, 21, 22, 23, 24, 25, 26, 27, 28, 29, 30, 31, 32, 1 ],
\[ 2, 1, 3, 4, 5, 6, 7, 8, 9, 10, 11, 12, 13, 14, 15, 16, 17, 18, 19, 20, 21, 22, 23, 24, 25, 26, 27, 28, 29, 30, 31, 32 ]:
 Order := 263130836933693530167218012160000000 >) |
[ PermutationGroup<32 |  
\[ 2, 3, 4, 5, 6, 7, 8, 9, 10, 11, 12, 13, 14, 15, 16, 17, 18, 19, 20, 21, 22, 23, 24, 25, 26, 27, 28, 29, 30, 31, 32, 1 ],
\[ 2, 1, 3, 4, 5, 6, 7, 8, 9, 10, 11, 12, 13, 14, 15, 16, 17, 18, 19, 20, 21, 22, 23, 24, 25, 26, 27, 28, 29, 30, 31, 32 ]:
 Order := 263130836933693530167218012160000000 > |
[ 6, 1, 8, 20, 2, 5, 26, 15, 11, 24, 22, 3, 16, 30, 12, 31, 4, 27, 17, 19, 13, 23, 9, 7, 18, 10, 29, 32, 25, 28, 21, 14 ],
[ 3, 9, 13, 2, 15, 22, 1, 27, 21, 5, 29, 25, 7, 12, 31, 19, 30, 17, 6, 32, 4, 16, 18, 14, 24, 28, 26, 8, 20, 23, 10, 11 ],
[ 4, 10, 14, 18, 19, 7, 25, 1, 30, 27, 2, 5, 9, 20, 28, 3, 16, 12, 29, 21, 15, 32, 6, 31, 11, 13, 23, 17, 8, 24, 22, 26 ]
]
];
s`SolvableDBPassport := [ PowerSequence(PermutationGroup<32 |  
\[ 6, 1, 8, 20, 2, 5, 26, 15, 11, 24, 22, 3, 16, 30, 12, 31, 4, 27, 17, 19, 13, 23, 9, 7, 18, 10, 29, 32, 25, 28, 21, 14 ],
\[ 3, 9, 13, 2, 15, 22, 1, 27, 21, 5, 29, 25, 7, 12, 31, 19, 30, 17, 6, 32, 4, 16, 18, 14, 24, 28, 26, 8, 20, 23, 10, 11 ],
\[ 4, 10, 14, 18, 19, 7, 25, 1, 30, 27, 2, 5, 9, 20, 28, 3, 16, 12, 29, 21, 15, 32, 6, 31, 11, 13, 23, 17, 8, 24, 22, 26 ]:
 Order := 32 >) |
[ PermutationGroup<32 |  
\[ 6, 1, 8, 20, 2, 5, 26, 15, 11, 24, 22, 3, 16, 30, 12, 31, 4, 27, 17, 19, 13, 23, 9, 7, 18, 10, 29, 32, 25, 28, 21, 14 ],
\[ 3, 9, 13, 2, 15, 22, 1, 27, 21, 5, 29, 25, 7, 12, 31, 19, 30, 17, 6, 32, 4, 16, 18, 14, 24, 28, 26, 8, 20, 23, 10, 11 ],
\[ 4, 10, 14, 18, 19, 7, 25, 1, 30, 27, 2, 5, 9, 20, 28, 3, 16, 12, 29, 21, 15, 32, 6, 31, 11, 13, 23, 17, 8, 24, 22, 26 ]:
 Order := 32 > |
[ 6, 1, 8, 20, 2, 5, 26, 15, 11, 24, 22, 3, 16, 30, 12, 31, 4, 27, 17, 19, 13, 23, 9, 7, 18, 10, 29, 32, 25, 28, 21, 14 ],
[ 3, 9, 13, 2, 15, 22, 1, 27, 21, 5, 29, 25, 7, 12, 31, 19, 30, 17, 6, 32, 4, 16, 18, 14, 24, 28, 26, 8, 20, 23, 10, 11 ],
[ 4, 10, 14, 18, 19, 7, 25, 1, 30, 27, 2, 5, 9, 20, 28, 3, 16, 12, 29, 21, 15, 32, 6, 31, 11, 13, 23, 17, 8, 24, 22, 26 ]
],
[ PermutationGroup<32 |  
\[ 6, 1, 8, 20, 2, 5, 26, 15, 11, 24, 22, 3, 16, 30, 12, 31, 4, 27, 17, 19, 13, 23, 9, 7, 18, 10, 29, 32, 25, 28, 21, 14 ],
\[ 3, 9, 13, 2, 15, 22, 1, 27, 21, 5, 29, 25, 7, 12, 31, 19, 30, 17, 6, 32, 4, 16, 18, 14, 24, 28, 26, 8, 20, 23, 10, 11 ],
\[ 4, 10, 14, 18, 19, 7, 25, 1, 30, 27, 2, 5, 9, 20, 28, 3, 16, 12, 29, 21, 15, 32, 6, 31, 11, 13, 23, 17, 8, 24, 22, 26 ]:
 Order := 32 > |
[ 3, 9, 13, 2, 15, 22, 1, 27, 21, 5, 29, 25, 7, 12, 31, 19, 30, 17, 6, 32, 4, 16, 18, 14, 24, 28, 26, 8, 20, 23, 10, 11 ],
[ 28, 32, 22, 7, 14, 30, 19, 11, 3, 4, 12, 23, 27, 1, 9, 18, 26, 21, 10, 24, 29, 15, 8, 17, 13, 20, 31, 5, 16, 2, 25, 6 ],
[ 4, 10, 14, 18, 19, 7, 25, 1, 30, 27, 2, 5, 9, 20, 28, 3, 16, 12, 29, 21, 15, 32, 6, 31, 11, 13, 23, 17, 8, 24, 22, 26 ]
]
];
s`SolvableDBPointedPassport := [ PowerSequence(PermutationGroup<32 |  
\[ 2, 3, 4, 5, 6, 7, 8, 9, 10, 11, 12, 13, 14, 15, 16, 17, 18, 19, 20, 21, 22, 23, 24, 25, 26, 27, 28, 29, 30, 31, 32, 1 ],
\[ 2, 1, 3, 4, 5, 6, 7, 8, 9, 10, 11, 12, 13, 14, 15, 16, 17, 18, 19, 20, 21, 22, 23, 24, 25, 26, 27, 28, 29, 30, 31, 32 ]:
 Order := 263130836933693530167218012160000000 >) |
[ PermutationGroup<32 |  
\[ 2, 3, 4, 5, 6, 7, 8, 9, 10, 11, 12, 13, 14, 15, 16, 17, 18, 19, 20, 21, 22, 23, 24, 25, 26, 27, 28, 29, 30, 31, 32, 1 ],
\[ 2, 1, 3, 4, 5, 6, 7, 8, 9, 10, 11, 12, 13, 14, 15, 16, 17, 18, 19, 20, 21, 22, 23, 24, 25, 26, 27, 28, 29, 30, 31, 32 ]:
 Order := 263130836933693530167218012160000000 > |
[ 14, 30, 9, 10, 28, 32, 4, 23, 15, 19, 8, 11, 25, 5, 22, 29, 24, 16, 7, 26, 18, 3, 12, 20, 31, 17, 13, 1, 21, 6, 27, 2 ],
[ 11, 12, 18, 28, 23, 8, 30, 16, 27, 32, 13, 21, 20, 22, 29, 26, 5, 7, 14, 1, 24, 25, 31, 2, 19, 6, 4, 9, 10, 3, 17, 15 ],
[ 4, 10, 14, 18, 19, 7, 25, 1, 30, 27, 2, 5, 9, 20, 28, 3, 16, 12, 29, 21, 15, 32, 6, 31, 11, 13, 23, 17, 8, 24, 22, 26 ]
],
[ PermutationGroup<32 |  
\[ 2, 3, 4, 5, 6, 7, 8, 9, 10, 11, 12, 13, 14, 15, 16, 17, 18, 19, 20, 21, 22, 23, 24, 25, 26, 27, 28, 29, 30, 31, 32, 1 ],
\[ 2, 1, 3, 4, 5, 6, 7, 8, 9, 10, 11, 12, 13, 14, 15, 16, 17, 18, 19, 20, 21, 22, 23, 24, 25, 26, 27, 28, 29, 30, 31, 32 ]:
 Order := 263130836933693530167218012160000000 > |
[ 11, 12, 18, 28, 23, 8, 30, 16, 27, 32, 13, 21, 20, 22, 29, 26, 5, 7, 14, 1, 24, 25, 31, 2, 19, 6, 4, 9, 10, 3, 17, 15 ],
[ 14, 30, 9, 10, 28, 32, 4, 23, 15, 19, 8, 11, 25, 5, 22, 29, 24, 16, 7, 26, 18, 3, 12, 20, 31, 17, 13, 1, 21, 6, 27, 2 ],
[ 24, 17, 2, 31, 26, 20, 21, 30, 5, 16, 28, 32, 12, 10, 6, 11, 25, 22, 13, 27, 23, 1, 14, 29, 15, 18, 3, 7, 9, 19, 8, 4 ]
]
];
s`SolvableDBMonodromyGroup := PermutationGroup<32 |  
\[ 6, 1, 8, 20, 2, 5, 26, 15, 11, 24, 22, 3, 16, 30, 12, 31, 4, 27, 17, 19, 13, 23, 9, 7, 18, 10, 29, 32, 25, 28, 21, 14 ],
\[ 3, 9, 13, 2, 15, 22, 1, 27, 21, 5, 29, 25, 7, 12, 31, 19, 30, 17, 6, 32, 4, 16, 18, 14, 24, 28, 26, 8, 20, 23, 10, 11 ],
\[ 4, 10, 14, 18, 19, 7, 25, 1, 30, 27, 2, 5, 9, 20, 28, 3, 16, 12, 29, 21, 15, 32, 6, 31, 11, 13, 23, 17, 8, 24, 22, 26 ] >;
s`SolvableDBAutomorphismGroup := PermutationGroup<32 |  
\[ 6, 1, 22, 7, 2, 5, 19, 23, 3, 4, 8, 11, 16, 32, 9, 31, 24, 25, 10, 26, 13, 15, 12, 20, 29, 17, 18, 30, 27, 14, 21, 28 ],
\[ 31, 16, 10, 22, 13, 21, 15, 24, 19, 3, 17, 26, 5, 27, 7, 2, 11, 32, 9, 23, 6, 4, 20, 8, 28, 12, 14, 25, 30, 29, 1, 18 ],
\[ 3, 12, 13, 14, 15, 8, 1, 16, 25, 5, 18, 21, 7, 9, 31, 26, 32, 20, 28, 30, 24, 27, 29, 2, 4, 6, 19, 22, 17, 11, 10, 23 ]:
 Order := 32 >;
s`SolvableDBPointedAutomorphismGroup := PermutationGroup<32 |  
\[ 2, 5, 9, 10, 6, 1, 4, 11, 15, 19, 12, 23, 21, 30, 22, 13, 26, 27, 7, 24, 31, 3, 8, 17, 18, 20, 29, 32, 25, 28, 16, 14 ]:
 Order := 4 >;
s`SolvableDBPathToPP1 := [ Strings() | "PP1", "2T1-2,1,2-g0-path1", "4T2-2,2,2-g0-path2", "8T4-2,4,2-g0-path2", "16T10-2,4,4-g1-path9", "32S10-4,4,8-g7-path6" ];
s`SolvableDBParents := [ Strings() | "64S13-4,8,8-g17-path9", "64S7-4,8,8-g17-path17", "64S14-4,8,8-g17-path9", "64S7-4,8,8-g17-path18", "64S9-4,4,8-g13-path43", "64S21-4,4,8-g13-path22", "64S9-4,4,8-g13-path44" ];
s`SolvableDBChild := "16T10-2,4,4-g1-path9";

/*
Return for eval
*/

return s;
