s := SolvableDBInitialize();

/*
Magma printing
*/

s`SolvableDBName := "32S16-16,16,8-g13-path4";
s`SolvableDBFilename := "32S16-16,16,8-g13-path4.m";
s`SolvableDBPassportName := "32S16-16,16,8-g13";
s`SolvableDBPathNumber := 4;
s`SolvableDBDegree := 32;
s`SolvableDBOrders := \[ 16, 16, 8 ];
s`SolvableDBType := "Hyperbolic";
s`SolvableDBGenus := 13;
s`SolvableDBGaloisOrbitSize := 1;
s`SolvableDBPassportSize := 2;
s`SolvableDBPointedPassportSize := 2;
s`SolvableDBLevel := 5;
s`SolvableDBBlocks := {@ PowerSet(IntegerRing()) |
{ IntegerRing() | 1, 4 },
{ IntegerRing() | 2, 7 },
{ IntegerRing() | 3, 10 },
{ IntegerRing() | 5, 12 },
{ IntegerRing() | 6, 13 },
{ IntegerRing() | 8, 15 },
{ IntegerRing() | 9, 18 },
{ IntegerRing() | 11, 20 },
{ IntegerRing() | 14, 21 },
{ IntegerRing() | 16, 23 },
{ IntegerRing() | 17, 26 },
{ IntegerRing() | 19, 28 },
{ IntegerRing() | 22, 29 },
{ IntegerRing() | 24, 30 },
{ IntegerRing() | 25, 31 },
{ IntegerRing() | 27, 32 }
@};
s`SolvableDBIsRamifiedAtEveryLevel := false;
s`SolvableDBGaloisOrbit := [ PowerSequence(PermutationGroup<32 |  
\[ 2, 3, 4, 5, 6, 7, 8, 9, 10, 11, 12, 13, 14, 15, 16, 17, 18, 19, 20, 21, 22, 23, 24, 25, 26, 27, 28, 29, 30, 31, 32, 1 ],
\[ 2, 1, 3, 4, 5, 6, 7, 8, 9, 10, 11, 12, 13, 14, 15, 16, 17, 18, 19, 20, 21, 22, 23, 24, 25, 26, 27, 28, 29, 30, 31, 32 ]:
 Order := 263130836933693530167218012160000000 >) |
[ PermutationGroup<32 |  
\[ 2, 3, 4, 5, 6, 7, 8, 9, 10, 11, 12, 13, 14, 15, 16, 17, 18, 19, 20, 21, 22, 23, 24, 25, 26, 27, 28, 29, 30, 31, 32, 1 ],
\[ 2, 1, 3, 4, 5, 6, 7, 8, 9, 10, 11, 12, 13, 14, 15, 16, 17, 18, 19, 20, 21, 22, 23, 24, 25, 26, 27, 28, 29, 30, 31, 32 ]:
 Order := 263130836933693530167218012160000000 > |
[ 2, 6, 5, 7, 1, 8, 13, 14, 11, 12, 3, 4, 15, 16, 21, 22, 19, 20, 9, 10, 23, 24, 29, 25, 27, 28, 17, 18, 30, 31, 32, 26 ],
[ 7, 13, 12, 2, 4, 15, 6, 21, 20, 5, 10, 1, 8, 23, 14, 29, 28, 11, 18, 3, 16, 30, 22, 31, 32, 19, 26, 9, 24, 25, 27, 17 ],
[ 10, 12, 18, 3, 20, 4, 5, 7, 26, 9, 28, 11, 1, 13, 2, 15, 31, 17, 32, 19, 6, 21, 8, 23, 29, 25, 30, 27, 14, 16, 22, 24 ]
]
];
s`SolvableDBPassport := [ PowerSequence(PermutationGroup<32 |  
\[ 2, 6, 5, 7, 1, 8, 13, 14, 11, 12, 3, 4, 15, 16, 21, 22, 19, 20, 9, 10, 23, 24, 29, 25, 27, 28, 17, 18, 30, 31, 32, 26 ],
\[ 7, 13, 12, 2, 4, 15, 6, 21, 20, 5, 10, 1, 8, 23, 14, 29, 28, 11, 18, 3, 16, 30, 22, 31, 32, 19, 26, 9, 24, 25, 27, 17 ],
\[ 10, 12, 18, 3, 20, 4, 5, 7, 26, 9, 28, 11, 1, 13, 2, 15, 31, 17, 32, 19, 6, 21, 8, 23, 29, 25, 30, 27, 14, 16, 22, 24 ]:
 Order := 32 >) |
[ PermutationGroup<32 |  
\[ 2, 6, 5, 7, 1, 8, 13, 14, 11, 12, 3, 4, 15, 16, 21, 22, 19, 20, 9, 10, 23, 24, 29, 25, 27, 28, 17, 18, 30, 31, 32, 26 ],
\[ 7, 13, 12, 2, 4, 15, 6, 21, 20, 5, 10, 1, 8, 23, 14, 29, 28, 11, 18, 3, 16, 30, 22, 31, 32, 19, 26, 9, 24, 25, 27, 17 ],
\[ 10, 12, 18, 3, 20, 4, 5, 7, 26, 9, 28, 11, 1, 13, 2, 15, 31, 17, 32, 19, 6, 21, 8, 23, 29, 25, 30, 27, 14, 16, 22, 24 ]:
 Order := 32 > |
[ 2, 6, 5, 7, 1, 8, 13, 14, 11, 12, 3, 4, 15, 16, 21, 22, 19, 20, 9, 10, 23, 24, 29, 25, 27, 28, 17, 18, 30, 31, 32, 26 ],
[ 7, 13, 12, 2, 4, 15, 6, 21, 20, 5, 10, 1, 8, 23, 14, 29, 28, 11, 18, 3, 16, 30, 22, 31, 32, 19, 26, 9, 24, 25, 27, 17 ],
[ 10, 12, 18, 3, 20, 4, 5, 7, 26, 9, 28, 11, 1, 13, 2, 15, 31, 17, 32, 19, 6, 21, 8, 23, 29, 25, 30, 27, 14, 16, 22, 24 ]
],
[ PermutationGroup<32 |  
\[ 2, 6, 5, 7, 1, 8, 13, 14, 11, 12, 3, 4, 15, 16, 21, 22, 19, 20, 9, 10, 23, 24, 29, 25, 27, 28, 17, 18, 30, 31, 32, 26 ],
\[ 7, 13, 12, 2, 4, 15, 6, 21, 20, 5, 10, 1, 8, 23, 14, 29, 28, 11, 18, 3, 16, 30, 22, 31, 32, 19, 26, 9, 24, 25, 27, 17 ],
\[ 10, 12, 18, 3, 20, 4, 5, 7, 26, 9, 28, 11, 1, 13, 2, 15, 31, 17, 32, 19, 6, 21, 8, 23, 29, 25, 30, 27, 14, 16, 22, 24 ]:
 Order := 32 > |
[ 2, 6, 5, 7, 1, 8, 13, 14, 11, 12, 3, 4, 15, 16, 21, 22, 19, 20, 9, 10, 23, 24, 29, 25, 27, 28, 17, 18, 30, 31, 32, 26 ],
[ 20, 10, 28, 11, 18, 12, 3, 4, 32, 19, 26, 9, 5, 7, 1, 13, 30, 27, 31, 17, 2, 15, 6, 21, 23, 24, 29, 25, 8, 14, 16, 22 ],
[ 13, 15, 4, 6, 7, 21, 8, 23, 10, 1, 12, 2, 14, 29, 16, 30, 18, 3, 20, 5, 22, 31, 24, 32, 26, 9, 28, 11, 25, 27, 17, 19 ]
]
];
s`SolvableDBPointedPassport := [ PowerSequence(PermutationGroup<32 |  
\[ 2, 3, 4, 5, 6, 7, 8, 9, 10, 11, 12, 13, 14, 15, 16, 17, 18, 19, 20, 21, 22, 23, 24, 25, 26, 27, 28, 29, 30, 31, 32, 1 ],
\[ 2, 1, 3, 4, 5, 6, 7, 8, 9, 10, 11, 12, 13, 14, 15, 16, 17, 18, 19, 20, 21, 22, 23, 24, 25, 26, 27, 28, 29, 30, 31, 32 ]:
 Order := 263130836933693530167218012160000000 >) |
[ PermutationGroup<32 |  
\[ 2, 3, 4, 5, 6, 7, 8, 9, 10, 11, 12, 13, 14, 15, 16, 17, 18, 19, 20, 21, 22, 23, 24, 25, 26, 27, 28, 29, 30, 31, 32, 1 ],
\[ 2, 1, 3, 4, 5, 6, 7, 8, 9, 10, 11, 12, 13, 14, 15, 16, 17, 18, 19, 20, 21, 22, 23, 24, 25, 26, 27, 28, 29, 30, 31, 32 ]:
 Order := 263130836933693530167218012160000000 > |
[ 2, 6, 5, 7, 1, 8, 13, 14, 11, 12, 3, 4, 15, 16, 21, 22, 19, 20, 9, 10, 23, 24, 29, 25, 27, 28, 17, 18, 30, 31, 32, 26 ],
[ 7, 13, 12, 2, 4, 15, 6, 21, 20, 5, 10, 1, 8, 23, 14, 29, 28, 11, 18, 3, 16, 30, 22, 31, 32, 19, 26, 9, 24, 25, 27, 17 ],
[ 10, 12, 18, 3, 20, 4, 5, 7, 26, 9, 28, 11, 1, 13, 2, 15, 31, 17, 32, 19, 6, 21, 8, 23, 29, 25, 30, 27, 14, 16, 22, 24 ]
],
[ PermutationGroup<32 |  
\[ 2, 3, 4, 5, 6, 7, 8, 9, 10, 11, 12, 13, 14, 15, 16, 17, 18, 19, 20, 21, 22, 23, 24, 25, 26, 27, 28, 29, 30, 31, 32, 1 ],
\[ 2, 1, 3, 4, 5, 6, 7, 8, 9, 10, 11, 12, 13, 14, 15, 16, 17, 18, 19, 20, 21, 22, 23, 24, 25, 26, 27, 28, 29, 30, 31, 32 ]:
 Order := 263130836933693530167218012160000000 > |
[ 2, 6, 5, 7, 1, 8, 13, 14, 11, 12, 3, 4, 15, 16, 21, 22, 19, 20, 9, 10, 23, 24, 29, 25, 27, 28, 17, 18, 30, 31, 32, 26 ],
[ 20, 10, 28, 11, 18, 12, 3, 4, 32, 19, 26, 9, 5, 7, 1, 13, 30, 27, 31, 17, 2, 15, 6, 21, 23, 24, 29, 25, 8, 14, 16, 22 ],
[ 13, 15, 4, 6, 7, 21, 8, 23, 10, 1, 12, 2, 14, 29, 16, 30, 18, 3, 20, 5, 22, 31, 24, 32, 26, 9, 28, 11, 25, 27, 17, 19 ]
]
];
s`SolvableDBMonodromyGroup := PermutationGroup<32 |  
\[ 2, 6, 5, 7, 1, 8, 13, 14, 11, 12, 3, 4, 15, 16, 21, 22, 19, 20, 9, 10, 23, 24, 29, 25, 27, 28, 17, 18, 30, 31, 32, 26 ],
\[ 7, 13, 12, 2, 4, 15, 6, 21, 20, 5, 10, 1, 8, 23, 14, 29, 28, 11, 18, 3, 16, 30, 22, 31, 32, 19, 26, 9, 24, 25, 27, 17 ],
\[ 10, 12, 18, 3, 20, 4, 5, 7, 26, 9, 28, 11, 1, 13, 2, 15, 31, 17, 32, 19, 6, 21, 8, 23, 29, 25, 30, 27, 14, 16, 22, 24 ] >;
s`SolvableDBAutomorphismGroup := PermutationGroup<32 |  
\[ 27, 17, 24, 32, 25, 19, 26, 9, 16, 30, 22, 31, 28, 11, 18, 3, 8, 23, 14, 29, 20, 5, 10, 1, 2, 15, 6, 21, 12, 4, 7, 13 ],
\[ 32, 26, 30, 27, 31, 28, 17, 18, 23, 24, 29, 25, 19, 20, 9, 10, 15, 16, 21, 22, 11, 12, 3, 4, 7, 8, 13, 14, 5, 1, 2, 6 ]:
 Order := 32 >;
s`SolvableDBPointedAutomorphismGroup := PermutationGroup<32 |  
\[ 24, 25, 16, 30, 22, 27, 31, 17, 8, 23, 14, 29, 32, 19, 26, 9, 2, 15, 6, 21, 28, 11, 18, 3, 5, 7, 1, 13, 20, 10, 12, 4 ]:
 Order := 16 >;
s`SolvableDBPathToPP1 := [ Strings() | "PP1", "2T1-2,2,1-g0-path1", "4T1-4,4,2-g1-path1", "8T1-8,8,4-g3-path1", "16T1-16,16,8-g7-path2", "32S16-16,16,8-g13-path4" ];
s`SolvableDBChild := "16T1-16,16,8-g7-path2";

/*
Return for eval
*/

return s;
