s := SolvableDBInitialize();

/*
Magma printing
*/

s`SolvableDBName := "32S1-32,16,32-g15-path1-notcomputed";
s`SolvableDBFilename := "32S1-32,16,32-g15-path1-notcomputed.m";
s`SolvableDBPassportName := "32S1-32,16,32-g15";
s`SolvableDBPathNumber := 1;
s`SolvableDBDegree := 32;
s`SolvableDBOrders := \[ 32, 16, 32 ];
s`SolvableDBType := "Hyperbolic";
s`SolvableDBGenus := 15;
s`SolvableDBGaloisOrbitSize := 2;
s`SolvableDBPassportSize := 8;
s`SolvableDBPointedPassportSize := 8;
s`SolvableDBLevel := 5;
s`SolvableDBBlocks := {@ PowerSet(IntegerRing()) |
{ IntegerRing() | 1, 5 },
{ IntegerRing() | 2, 10 },
{ IntegerRing() | 3, 14 },
{ IntegerRing() | 4, 18 },
{ IntegerRing() | 6, 21 },
{ IntegerRing() | 7, 22 },
{ IntegerRing() | 8, 23 },
{ IntegerRing() | 9, 17 },
{ IntegerRing() | 11, 28 },
{ IntegerRing() | 12, 19 },
{ IntegerRing() | 13, 29 },
{ IntegerRing() | 15, 30 },
{ IntegerRing() | 16, 31 },
{ IntegerRing() | 20, 27 },
{ IntegerRing() | 24, 26 },
{ IntegerRing() | 25, 32 }
@};
s`SolvableDBIsRamifiedAtEveryLevel := true;
s`SolvableDBGaloisOrbit := [ PowerSequence(PermutationGroup<32 |  
\[ 2, 3, 4, 5, 6, 7, 8, 9, 10, 11, 12, 13, 14, 15, 16, 17, 18, 19, 20, 21, 22, 23, 24, 25, 26, 27, 28, 29, 30, 31, 32, 1 ],
\[ 2, 1, 3, 4, 5, 6, 7, 8, 9, 10, 11, 12, 13, 14, 15, 16, 17, 18, 19, 20, 21, 22, 23, 24, 25, 26, 27, 28, 29, 30, 31, 32 ]:
 Order := 263130836933693530167218012160000000 >) |
[ PermutationGroup<32 |  
\[ 2, 3, 4, 5, 6, 7, 8, 9, 10, 11, 12, 13, 14, 15, 16, 17, 18, 19, 20, 21, 22, 23, 24, 25, 26, 27, 28, 29, 30, 31, 32, 1 ],
\[ 2, 1, 3, 4, 5, 6, 7, 8, 9, 10, 11, 12, 13, 14, 15, 16, 17, 18, 19, 20, 21, 22, 23, 24, 25, 26, 27, 28, 29, 30, 31, 32 ]:
 Order := 263130836933693530167218012160000000 > |
[ 2, 9, 8, 7, 10, 1, 11, 12, 27, 17, 13, 18, 16, 23, 3, 26, 20, 22, 4, 25, 5, 28, 19, 6, 15, 21, 32, 29, 31, 14, 24, 30 ],
[ 3, 8, 13, 6, 14, 15, 1, 16, 12, 23, 2, 26, 9, 29, 11, 27, 19, 21, 24, 4, 30, 5, 31, 25, 7, 32, 18, 10, 17, 28, 20, 22 ],
[ 4, 7, 6, 17, 18, 19, 20, 1, 11, 22, 25, 2, 15, 21, 24, 3, 28, 9, 10, 29, 12, 27, 5, 23, 31, 8, 13, 32, 30, 26, 14, 16 ]
],
[ PermutationGroup<32 |  
\[ 2, 3, 4, 5, 6, 7, 8, 9, 10, 11, 12, 13, 14, 15, 16, 17, 18, 19, 20, 21, 22, 23, 24, 25, 26, 27, 28, 29, 30, 31, 32, 1 ],
\[ 2, 1, 3, 4, 5, 6, 7, 8, 9, 10, 11, 12, 13, 14, 15, 16, 17, 18, 19, 20, 21, 22, 23, 24, 25, 26, 27, 28, 29, 30, 31, 32 ]:
 Order := 263130836933693530167218012160000000 > |
[ 2, 9, 8, 7, 10, 1, 11, 12, 27, 17, 13, 18, 16, 23, 3, 26, 20, 22, 4, 25, 5, 28, 19, 6, 15, 21, 32, 29, 31, 14, 24, 30 ],
[ 14, 23, 29, 21, 3, 30, 5, 31, 19, 8, 10, 24, 17, 13, 28, 20, 12, 6, 26, 18, 15, 1, 16, 32, 22, 25, 4, 2, 9, 11, 27, 7 ],
[ 18, 22, 21, 9, 4, 12, 27, 5, 28, 7, 32, 10, 30, 6, 26, 14, 11, 17, 2, 13, 19, 20, 1, 8, 16, 23, 29, 25, 15, 24, 3, 31 ]
]
];
s`SolvableDBPassport := [ PowerSequence(PermutationGroup<32 |  
\[ 2, 9, 8, 7, 10, 1, 11, 12, 27, 17, 13, 18, 16, 23, 3, 26, 20, 22, 4, 25, 5, 28, 19, 6, 15, 21, 32, 29, 31, 14, 24, 30 ],
\[ 14, 23, 29, 21, 3, 30, 5, 31, 19, 8, 10, 24, 17, 13, 28, 20, 12, 6, 26, 18, 15, 1, 16, 32, 22, 25, 4, 2, 9, 11, 27, 7 ],
\[ 18, 22, 21, 9, 4, 12, 27, 5, 28, 7, 32, 10, 30, 6, 26, 14, 11, 17, 2, 13, 19, 20, 1, 8, 16, 23, 29, 25, 15, 24, 3, 31 ]:
 Order := 32 >) |
[ PermutationGroup<32 |  
\[ 2, 9, 8, 7, 10, 1, 11, 12, 27, 17, 13, 18, 16, 23, 3, 26, 20, 22, 4, 25, 5, 28, 19, 6, 15, 21, 32, 29, 31, 14, 24, 30 ],
\[ 14, 23, 29, 21, 3, 30, 5, 31, 19, 8, 10, 24, 17, 13, 28, 20, 12, 6, 26, 18, 15, 1, 16, 32, 22, 25, 4, 2, 9, 11, 27, 7 ],
\[ 18, 22, 21, 9, 4, 12, 27, 5, 28, 7, 32, 10, 30, 6, 26, 14, 11, 17, 2, 13, 19, 20, 1, 8, 16, 23, 29, 25, 15, 24, 3, 31 ]:
 Order := 32 > |
[ 6, 1, 15, 19, 21, 24, 4, 3, 2, 5, 7, 8, 11, 30, 25, 13, 10, 12, 23, 17, 26, 18, 14, 31, 20, 16, 9, 22, 28, 32, 29, 27 ],
[ 9, 27, 12, 11, 17, 2, 13, 18, 32, 20, 16, 22, 26, 19, 8, 21, 25, 28, 7, 15, 10, 29, 4, 1, 3, 5, 30, 31, 24, 23, 6, 14 ],
[ 6, 1, 15, 19, 21, 24, 4, 3, 2, 5, 7, 8, 11, 30, 25, 13, 10, 12, 23, 17, 26, 18, 14, 31, 20, 16, 9, 22, 28, 32, 29, 27 ]
],
[ PermutationGroup<32 |  
\[ 2, 9, 8, 7, 10, 1, 11, 12, 27, 17, 13, 18, 16, 23, 3, 26, 20, 22, 4, 25, 5, 28, 19, 6, 15, 21, 32, 29, 31, 14, 24, 30 ],
\[ 14, 23, 29, 21, 3, 30, 5, 31, 19, 8, 10, 24, 17, 13, 28, 20, 12, 6, 26, 18, 15, 1, 16, 32, 22, 25, 4, 2, 9, 11, 27, 7 ],
\[ 18, 22, 21, 9, 4, 12, 27, 5, 28, 7, 32, 10, 30, 6, 26, 14, 11, 17, 2, 13, 19, 20, 1, 8, 16, 23, 29, 25, 15, 24, 3, 31 ]:
 Order := 32 > |
[ 6, 1, 15, 19, 21, 24, 4, 3, 2, 5, 7, 8, 11, 30, 25, 13, 10, 12, 23, 17, 26, 18, 14, 31, 20, 16, 9, 22, 28, 32, 29, 27 ],
[ 26, 21, 32, 8, 24, 16, 12, 30, 5, 6, 18, 14, 22, 25, 27, 28, 1, 23, 3, 2, 31, 19, 15, 13, 9, 29, 10, 4, 7, 20, 11, 17 ],
[ 20, 25, 4, 29, 27, 17, 31, 7, 15, 32, 24, 11, 6, 18, 19, 1, 30, 13, 28, 14, 9, 16, 22, 10, 23, 2, 3, 26, 21, 12, 5, 8 ]
],
[ PermutationGroup<32 |  
\[ 2, 9, 8, 7, 10, 1, 11, 12, 27, 17, 13, 18, 16, 23, 3, 26, 20, 22, 4, 25, 5, 28, 19, 6, 15, 21, 32, 29, 31, 14, 24, 30 ],
\[ 14, 23, 29, 21, 3, 30, 5, 31, 19, 8, 10, 24, 17, 13, 28, 20, 12, 6, 26, 18, 15, 1, 16, 32, 22, 25, 4, 2, 9, 11, 27, 7 ],
\[ 18, 22, 21, 9, 4, 12, 27, 5, 28, 7, 32, 10, 30, 6, 26, 14, 11, 17, 2, 13, 19, 20, 1, 8, 16, 23, 29, 25, 15, 24, 3, 31 ]:
 Order := 32 > |
[ 6, 1, 15, 19, 21, 24, 4, 3, 2, 5, 7, 8, 11, 30, 25, 13, 10, 12, 23, 17, 26, 18, 14, 31, 20, 16, 9, 22, 28, 32, 29, 27 ],
[ 22, 28, 5, 27, 7, 18, 32, 10, 29, 11, 30, 17, 14, 1, 21, 23, 13, 20, 9, 16, 4, 25, 2, 12, 26, 19, 31, 15, 3, 6, 8, 24 ],
[ 23, 19, 31, 5, 8, 14, 10, 24, 4, 12, 17, 6, 20, 16, 29, 25, 18, 1, 21, 22, 3, 2, 26, 30, 28, 15, 7, 9, 27, 13, 32, 11 ]
],
[ PermutationGroup<32 |  
\[ 2, 9, 8, 7, 10, 1, 11, 12, 27, 17, 13, 18, 16, 23, 3, 26, 20, 22, 4, 25, 5, 28, 19, 6, 15, 21, 32, 29, 31, 14, 24, 30 ],
\[ 14, 23, 29, 21, 3, 30, 5, 31, 19, 8, 10, 24, 17, 13, 28, 20, 12, 6, 26, 18, 15, 1, 16, 32, 22, 25, 4, 2, 9, 11, 27, 7 ],
\[ 18, 22, 21, 9, 4, 12, 27, 5, 28, 7, 32, 10, 30, 6, 26, 14, 11, 17, 2, 13, 19, 20, 1, 8, 16, 23, 29, 25, 15, 24, 3, 31 ]:
 Order := 32 > |
[ 6, 1, 15, 19, 21, 24, 4, 3, 2, 5, 7, 8, 11, 30, 25, 13, 10, 12, 23, 17, 26, 18, 14, 31, 20, 16, 9, 22, 28, 32, 29, 27 ],
[ 7, 11, 1, 20, 22, 4, 25, 2, 13, 28, 15, 9, 3, 5, 6, 8, 29, 27, 17, 31, 18, 32, 10, 19, 24, 12, 16, 30, 14, 21, 23, 26 ],
[ 8, 12, 16, 1, 23, 3, 2, 26, 18, 19, 9, 21, 27, 31, 13, 32, 4, 5, 6, 7, 14, 10, 24, 15, 11, 30, 22, 17, 20, 29, 25, 28 ]
],
[ PermutationGroup<32 |  
\[ 2, 9, 8, 7, 10, 1, 11, 12, 27, 17, 13, 18, 16, 23, 3, 26, 20, 22, 4, 25, 5, 28, 19, 6, 15, 21, 32, 29, 31, 14, 24, 30 ],
\[ 14, 23, 29, 21, 3, 30, 5, 31, 19, 8, 10, 24, 17, 13, 28, 20, 12, 6, 26, 18, 15, 1, 16, 32, 22, 25, 4, 2, 9, 11, 27, 7 ],
\[ 18, 22, 21, 9, 4, 12, 27, 5, 28, 7, 32, 10, 30, 6, 26, 14, 11, 17, 2, 13, 19, 20, 1, 8, 16, 23, 29, 25, 15, 24, 3, 31 ]:
 Order := 32 > |
[ 6, 1, 15, 19, 21, 24, 4, 3, 2, 5, 7, 8, 11, 30, 25, 13, 10, 12, 23, 17, 26, 18, 14, 31, 20, 16, 9, 22, 28, 32, 29, 27 ],
[ 14, 23, 29, 21, 3, 30, 5, 31, 19, 8, 10, 24, 17, 13, 28, 20, 12, 6, 26, 18, 15, 1, 16, 32, 22, 25, 4, 2, 9, 11, 27, 7 ],
[ 28, 29, 10, 32, 11, 22, 30, 17, 31, 13, 14, 20, 23, 2, 5, 19, 16, 25, 27, 26, 7, 15, 9, 18, 21, 4, 24, 3, 8, 1, 12, 6 ]
],
[ PermutationGroup<32 |  
\[ 2, 9, 8, 7, 10, 1, 11, 12, 27, 17, 13, 18, 16, 23, 3, 26, 20, 22, 4, 25, 5, 28, 19, 6, 15, 21, 32, 29, 31, 14, 24, 30 ],
\[ 14, 23, 29, 21, 3, 30, 5, 31, 19, 8, 10, 24, 17, 13, 28, 20, 12, 6, 26, 18, 15, 1, 16, 32, 22, 25, 4, 2, 9, 11, 27, 7 ],
\[ 18, 22, 21, 9, 4, 12, 27, 5, 28, 7, 32, 10, 30, 6, 26, 14, 11, 17, 2, 13, 19, 20, 1, 8, 16, 23, 29, 25, 15, 24, 3, 31 ]:
 Order := 32 > |
[ 6, 1, 15, 19, 21, 24, 4, 3, 2, 5, 7, 8, 11, 30, 25, 13, 10, 12, 23, 17, 26, 18, 14, 31, 20, 16, 9, 22, 28, 32, 29, 27 ],
[ 3, 8, 13, 6, 14, 15, 1, 16, 12, 23, 2, 26, 9, 29, 11, 27, 19, 21, 24, 4, 30, 5, 31, 25, 7, 32, 18, 10, 17, 28, 20, 22 ],
[ 11, 13, 2, 25, 28, 7, 15, 9, 16, 29, 3, 27, 8, 10, 1, 12, 31, 32, 20, 24, 22, 30, 17, 4, 6, 18, 26, 14, 23, 5, 19, 21 ]
],
[ PermutationGroup<32 |  
\[ 2, 9, 8, 7, 10, 1, 11, 12, 27, 17, 13, 18, 16, 23, 3, 26, 20, 22, 4, 25, 5, 28, 19, 6, 15, 21, 32, 29, 31, 14, 24, 30 ],
\[ 14, 23, 29, 21, 3, 30, 5, 31, 19, 8, 10, 24, 17, 13, 28, 20, 12, 6, 26, 18, 15, 1, 16, 32, 22, 25, 4, 2, 9, 11, 27, 7 ],
\[ 18, 22, 21, 9, 4, 12, 27, 5, 28, 7, 32, 10, 30, 6, 26, 14, 11, 17, 2, 13, 19, 20, 1, 8, 16, 23, 29, 25, 15, 24, 3, 31 ]:
 Order := 32 > |
[ 6, 1, 15, 19, 21, 24, 4, 3, 2, 5, 7, 8, 11, 30, 25, 13, 10, 12, 23, 17, 26, 18, 14, 31, 20, 16, 9, 22, 28, 32, 29, 27 ],
[ 17, 20, 19, 28, 9, 10, 29, 4, 25, 27, 31, 7, 24, 12, 23, 6, 32, 11, 22, 30, 2, 13, 18, 5, 14, 1, 15, 16, 26, 8, 21, 3 ],
[ 21, 5, 30, 12, 6, 26, 18, 14, 10, 1, 22, 23, 28, 15, 32, 29, 2, 19, 8, 9, 24, 4, 3, 16, 27, 31, 17, 7, 11, 25, 13, 20 ]
],
[ PermutationGroup<32 |  
\[ 2, 9, 8, 7, 10, 1, 11, 12, 27, 17, 13, 18, 16, 23, 3, 26, 20, 22, 4, 25, 5, 28, 19, 6, 15, 21, 32, 29, 31, 14, 24, 30 ],
\[ 14, 23, 29, 21, 3, 30, 5, 31, 19, 8, 10, 24, 17, 13, 28, 20, 12, 6, 26, 18, 15, 1, 16, 32, 22, 25, 4, 2, 9, 11, 27, 7 ],
\[ 18, 22, 21, 9, 4, 12, 27, 5, 28, 7, 32, 10, 30, 6, 26, 14, 11, 17, 2, 13, 19, 20, 1, 8, 16, 23, 29, 25, 15, 24, 3, 31 ]:
 Order := 32 > |
[ 6, 1, 15, 19, 21, 24, 4, 3, 2, 5, 7, 8, 11, 30, 25, 13, 10, 12, 23, 17, 26, 18, 14, 31, 20, 16, 9, 22, 28, 32, 29, 27 ],
[ 24, 6, 25, 23, 26, 31, 19, 15, 1, 21, 4, 3, 7, 32, 20, 11, 5, 8, 14, 10, 16, 12, 30, 29, 17, 13, 2, 18, 22, 27, 28, 9 ],
[ 27, 32, 18, 13, 20, 9, 16, 22, 30, 25, 26, 28, 21, 4, 12, 5, 15, 29, 11, 3, 17, 31, 7, 2, 8, 10, 14, 24, 6, 19, 1, 23 ]
]
];
s`SolvableDBPointedPassport := [ PowerSequence(PermutationGroup<32 |  
\[ 2, 3, 4, 5, 6, 7, 8, 9, 10, 11, 12, 13, 14, 15, 16, 17, 18, 19, 20, 21, 22, 23, 24, 25, 26, 27, 28, 29, 30, 31, 32, 1 ],
\[ 2, 1, 3, 4, 5, 6, 7, 8, 9, 10, 11, 12, 13, 14, 15, 16, 17, 18, 19, 20, 21, 22, 23, 24, 25, 26, 27, 28, 29, 30, 31, 32 ]:
 Order := 263130836933693530167218012160000000 >) |
[ PermutationGroup<32 |  
\[ 2, 3, 4, 5, 6, 7, 8, 9, 10, 11, 12, 13, 14, 15, 16, 17, 18, 19, 20, 21, 22, 23, 24, 25, 26, 27, 28, 29, 30, 31, 32, 1 ],
\[ 2, 1, 3, 4, 5, 6, 7, 8, 9, 10, 11, 12, 13, 14, 15, 16, 17, 18, 19, 20, 21, 22, 23, 24, 25, 26, 27, 28, 29, 30, 31, 32 ]:
 Order := 263130836933693530167218012160000000 > |
[ 6, 1, 15, 19, 21, 24, 4, 3, 2, 5, 7, 8, 11, 30, 25, 13, 10, 12, 23, 17, 26, 18, 14, 31, 20, 16, 9, 22, 28, 32, 29, 27 ],
[ 9, 27, 12, 11, 17, 2, 13, 18, 32, 20, 16, 22, 26, 19, 8, 21, 25, 28, 7, 15, 10, 29, 4, 1, 3, 5, 30, 31, 24, 23, 6, 14 ],
[ 6, 1, 15, 19, 21, 24, 4, 3, 2, 5, 7, 8, 11, 30, 25, 13, 10, 12, 23, 17, 26, 18, 14, 31, 20, 16, 9, 22, 28, 32, 29, 27 ]
],
[ PermutationGroup<32 |  
\[ 2, 3, 4, 5, 6, 7, 8, 9, 10, 11, 12, 13, 14, 15, 16, 17, 18, 19, 20, 21, 22, 23, 24, 25, 26, 27, 28, 29, 30, 31, 32, 1 ],
\[ 2, 1, 3, 4, 5, 6, 7, 8, 9, 10, 11, 12, 13, 14, 15, 16, 17, 18, 19, 20, 21, 22, 23, 24, 25, 26, 27, 28, 29, 30, 31, 32 ]:
 Order := 263130836933693530167218012160000000 > |
[ 6, 1, 15, 19, 21, 24, 4, 3, 2, 5, 7, 8, 11, 30, 25, 13, 10, 12, 23, 17, 26, 18, 14, 31, 20, 16, 9, 22, 28, 32, 29, 27 ],
[ 26, 21, 32, 8, 24, 16, 12, 30, 5, 6, 18, 14, 22, 25, 27, 28, 1, 23, 3, 2, 31, 19, 15, 13, 9, 29, 10, 4, 7, 20, 11, 17 ],
[ 20, 25, 4, 29, 27, 17, 31, 7, 15, 32, 24, 11, 6, 18, 19, 1, 30, 13, 28, 14, 9, 16, 22, 10, 23, 2, 3, 26, 21, 12, 5, 8 ]
],
[ PermutationGroup<32 |  
\[ 2, 3, 4, 5, 6, 7, 8, 9, 10, 11, 12, 13, 14, 15, 16, 17, 18, 19, 20, 21, 22, 23, 24, 25, 26, 27, 28, 29, 30, 31, 32, 1 ],
\[ 2, 1, 3, 4, 5, 6, 7, 8, 9, 10, 11, 12, 13, 14, 15, 16, 17, 18, 19, 20, 21, 22, 23, 24, 25, 26, 27, 28, 29, 30, 31, 32 ]:
 Order := 263130836933693530167218012160000000 > |
[ 6, 1, 15, 19, 21, 24, 4, 3, 2, 5, 7, 8, 11, 30, 25, 13, 10, 12, 23, 17, 26, 18, 14, 31, 20, 16, 9, 22, 28, 32, 29, 27 ],
[ 22, 28, 5, 27, 7, 18, 32, 10, 29, 11, 30, 17, 14, 1, 21, 23, 13, 20, 9, 16, 4, 25, 2, 12, 26, 19, 31, 15, 3, 6, 8, 24 ],
[ 23, 19, 31, 5, 8, 14, 10, 24, 4, 12, 17, 6, 20, 16, 29, 25, 18, 1, 21, 22, 3, 2, 26, 30, 28, 15, 7, 9, 27, 13, 32, 11 ]
],
[ PermutationGroup<32 |  
\[ 2, 3, 4, 5, 6, 7, 8, 9, 10, 11, 12, 13, 14, 15, 16, 17, 18, 19, 20, 21, 22, 23, 24, 25, 26, 27, 28, 29, 30, 31, 32, 1 ],
\[ 2, 1, 3, 4, 5, 6, 7, 8, 9, 10, 11, 12, 13, 14, 15, 16, 17, 18, 19, 20, 21, 22, 23, 24, 25, 26, 27, 28, 29, 30, 31, 32 ]:
 Order := 263130836933693530167218012160000000 > |
[ 6, 1, 15, 19, 21, 24, 4, 3, 2, 5, 7, 8, 11, 30, 25, 13, 10, 12, 23, 17, 26, 18, 14, 31, 20, 16, 9, 22, 28, 32, 29, 27 ],
[ 7, 11, 1, 20, 22, 4, 25, 2, 13, 28, 15, 9, 3, 5, 6, 8, 29, 27, 17, 31, 18, 32, 10, 19, 24, 12, 16, 30, 14, 21, 23, 26 ],
[ 8, 12, 16, 1, 23, 3, 2, 26, 18, 19, 9, 21, 27, 31, 13, 32, 4, 5, 6, 7, 14, 10, 24, 15, 11, 30, 22, 17, 20, 29, 25, 28 ]
],
[ PermutationGroup<32 |  
\[ 2, 3, 4, 5, 6, 7, 8, 9, 10, 11, 12, 13, 14, 15, 16, 17, 18, 19, 20, 21, 22, 23, 24, 25, 26, 27, 28, 29, 30, 31, 32, 1 ],
\[ 2, 1, 3, 4, 5, 6, 7, 8, 9, 10, 11, 12, 13, 14, 15, 16, 17, 18, 19, 20, 21, 22, 23, 24, 25, 26, 27, 28, 29, 30, 31, 32 ]:
 Order := 263130836933693530167218012160000000 > |
[ 6, 1, 15, 19, 21, 24, 4, 3, 2, 5, 7, 8, 11, 30, 25, 13, 10, 12, 23, 17, 26, 18, 14, 31, 20, 16, 9, 22, 28, 32, 29, 27 ],
[ 14, 23, 29, 21, 3, 30, 5, 31, 19, 8, 10, 24, 17, 13, 28, 20, 12, 6, 26, 18, 15, 1, 16, 32, 22, 25, 4, 2, 9, 11, 27, 7 ],
[ 28, 29, 10, 32, 11, 22, 30, 17, 31, 13, 14, 20, 23, 2, 5, 19, 16, 25, 27, 26, 7, 15, 9, 18, 21, 4, 24, 3, 8, 1, 12, 6 ]
],
[ PermutationGroup<32 |  
\[ 2, 3, 4, 5, 6, 7, 8, 9, 10, 11, 12, 13, 14, 15, 16, 17, 18, 19, 20, 21, 22, 23, 24, 25, 26, 27, 28, 29, 30, 31, 32, 1 ],
\[ 2, 1, 3, 4, 5, 6, 7, 8, 9, 10, 11, 12, 13, 14, 15, 16, 17, 18, 19, 20, 21, 22, 23, 24, 25, 26, 27, 28, 29, 30, 31, 32 ]:
 Order := 263130836933693530167218012160000000 > |
[ 6, 1, 15, 19, 21, 24, 4, 3, 2, 5, 7, 8, 11, 30, 25, 13, 10, 12, 23, 17, 26, 18, 14, 31, 20, 16, 9, 22, 28, 32, 29, 27 ],
[ 3, 8, 13, 6, 14, 15, 1, 16, 12, 23, 2, 26, 9, 29, 11, 27, 19, 21, 24, 4, 30, 5, 31, 25, 7, 32, 18, 10, 17, 28, 20, 22 ],
[ 11, 13, 2, 25, 28, 7, 15, 9, 16, 29, 3, 27, 8, 10, 1, 12, 31, 32, 20, 24, 22, 30, 17, 4, 6, 18, 26, 14, 23, 5, 19, 21 ]
],
[ PermutationGroup<32 |  
\[ 2, 3, 4, 5, 6, 7, 8, 9, 10, 11, 12, 13, 14, 15, 16, 17, 18, 19, 20, 21, 22, 23, 24, 25, 26, 27, 28, 29, 30, 31, 32, 1 ],
\[ 2, 1, 3, 4, 5, 6, 7, 8, 9, 10, 11, 12, 13, 14, 15, 16, 17, 18, 19, 20, 21, 22, 23, 24, 25, 26, 27, 28, 29, 30, 31, 32 ]:
 Order := 263130836933693530167218012160000000 > |
[ 6, 1, 15, 19, 21, 24, 4, 3, 2, 5, 7, 8, 11, 30, 25, 13, 10, 12, 23, 17, 26, 18, 14, 31, 20, 16, 9, 22, 28, 32, 29, 27 ],
[ 17, 20, 19, 28, 9, 10, 29, 4, 25, 27, 31, 7, 24, 12, 23, 6, 32, 11, 22, 30, 2, 13, 18, 5, 14, 1, 15, 16, 26, 8, 21, 3 ],
[ 21, 5, 30, 12, 6, 26, 18, 14, 10, 1, 22, 23, 28, 15, 32, 29, 2, 19, 8, 9, 24, 4, 3, 16, 27, 31, 17, 7, 11, 25, 13, 20 ]
],
[ PermutationGroup<32 |  
\[ 2, 3, 4, 5, 6, 7, 8, 9, 10, 11, 12, 13, 14, 15, 16, 17, 18, 19, 20, 21, 22, 23, 24, 25, 26, 27, 28, 29, 30, 31, 32, 1 ],
\[ 2, 1, 3, 4, 5, 6, 7, 8, 9, 10, 11, 12, 13, 14, 15, 16, 17, 18, 19, 20, 21, 22, 23, 24, 25, 26, 27, 28, 29, 30, 31, 32 ]:
 Order := 263130836933693530167218012160000000 > |
[ 6, 1, 15, 19, 21, 24, 4, 3, 2, 5, 7, 8, 11, 30, 25, 13, 10, 12, 23, 17, 26, 18, 14, 31, 20, 16, 9, 22, 28, 32, 29, 27 ],
[ 24, 6, 25, 23, 26, 31, 19, 15, 1, 21, 4, 3, 7, 32, 20, 11, 5, 8, 14, 10, 16, 12, 30, 29, 17, 13, 2, 18, 22, 27, 28, 9 ],
[ 27, 32, 18, 13, 20, 9, 16, 22, 30, 25, 26, 28, 21, 4, 12, 5, 15, 29, 11, 3, 17, 31, 7, 2, 8, 10, 14, 24, 6, 19, 1, 23 ]
]
];
s`SolvableDBMonodromyGroup := PermutationGroup<32 |  
\[ 2, 9, 8, 7, 10, 1, 11, 12, 27, 17, 13, 18, 16, 23, 3, 26, 20, 22, 4, 25, 5, 28, 19, 6, 15, 21, 32, 29, 31, 14, 24, 30 ],
\[ 3, 8, 13, 6, 14, 15, 1, 16, 12, 23, 2, 26, 9, 29, 11, 27, 19, 21, 24, 4, 30, 5, 31, 25, 7, 32, 18, 10, 17, 28, 20, 22 ],
\[ 4, 7, 6, 17, 18, 19, 20, 1, 11, 22, 25, 2, 15, 21, 24, 3, 28, 9, 10, 29, 12, 27, 5, 23, 31, 8, 13, 32, 30, 26, 14, 16 ] >;
s`SolvableDBAutomorphismGroup := PermutationGroup<32 |  
\[ 2, 9, 8, 7, 10, 1, 11, 12, 27, 17, 13, 18, 16, 23, 3, 26, 20, 22, 4, 25, 5, 28, 19, 6, 15, 21, 32, 29, 31, 14, 24, 30 ],
\[ 11, 13, 2, 25, 28, 7, 15, 9, 16, 29, 3, 27, 8, 10, 1, 12, 31, 32, 20, 24, 22, 30, 17, 4, 6, 18, 26, 14, 23, 5, 19, 21 ]:
 Order := 32 >;
s`SolvableDBPointedAutomorphismGroup := PermutationGroup<32 |  
\[ 2, 9, 8, 7, 10, 1, 11, 12, 27, 17, 13, 18, 16, 23, 3, 26, 20, 22, 4, 25, 5, 28, 19, 6, 15, 21, 32, 29, 31, 14, 24, 30 ],
\[ 11, 13, 2, 25, 28, 7, 15, 9, 16, 29, 3, 27, 8, 10, 1, 12, 31, 32, 20, 24, 22, 30, 17, 4, 6, 18, 26, 14, 23, 5, 19, 21 ]:
 Order := 32 >;
s`SolvableDBPathToPP1 := [ Strings() | "PP1", "2T1-2,1,2-g0-path1-computed", "4T1-4,2,4-g1-path1-notcomputed", "8T1-8,4,8-g3-path1-notcomputed", "16T1-16,8,16-g7-path2-notcomputed", "32S1-32,16,32-g15-path1-notcomputed" ];
s`SolvableDBParents := [ Strings() | "64S1-64,32,64-g31-path1-notcomputed", "64S1-64,32,64-g31-path2-notcomputed", "64S50-32,16,32-g29-path1-notcomputed", "64S50-32,16,32-g29-path2-notcomputed" ];
s`SolvableDBChild := "16T1-16,8,16-g7-path2-notcomputed";

/*
Return for eval
*/

return s;
