s := SolvableDBObjectInitialize();

/*
Basic Information about the Passport
*/

s`SolvableDBName := "32S10-4,8,4-g7-path31";
s`SolvableDBFilename := "32S10-4,8,4-g7-path31.m";
s`SolvableDBPathNumber := 31;
s`SolvableDBDegree := 32;
s`SolvableDBABC := \[ 4, 8, 4 ];
s`SolvableDBType := "Hyperbolic";
s`SolvableDBGenus := 7;
s`SolvableDBGaloisOrbitSize := 1;
s`SolvableDBPassportSize := 2;
s`SolvableDBPointedPassportSize := 2;
s`SolvableDBLevel := 5;
s`SolvableDBBlocks := {@ PowerSet(IntegerRing()) |
{ IntegerRing() | 1, 5 },
{ IntegerRing() | 2, 12 },
{ IntegerRing() | 3, 17 },
{ IntegerRing() | 4, 21 },
{ IntegerRing() | 6, 19 },
{ IntegerRing() | 7, 11 },
{ IntegerRing() | 8, 14 },
{ IntegerRing() | 9, 20 },
{ IntegerRing() | 10, 26 },
{ IntegerRing() | 13, 25 },
{ IntegerRing() | 15, 31 },
{ IntegerRing() | 16, 23 },
{ IntegerRing() | 18, 30 },
{ IntegerRing() | 22, 29 },
{ IntegerRing() | 24, 27 },
{ IntegerRing() | 28, 32 }
@};

/*
Permutations and Passports
*/

s`SolvableDBGaloisOrbit := [ PowerSequence(PermutationGroup<32 |  
\[ 2, 3, 4, 5, 6, 7, 8, 9, 10, 11, 12, 13, 14, 15, 16, 17, 18, 19, 20, 21, 22, 23, 24, 25, 26, 27, 28, 29, 30, 31, 32, 1 ],
\[ 2, 1, 3, 4, 5, 6, 7, 8, 9, 10, 11, 12, 13, 14, 15, 16, 17, 18, 19, 20, 21, 22, 23, 24, 25, 26, 27, 28, 29, 30, 31, 32 ]:
 Order := 263130836933693530167218012160000000 >) |
[ PermutationGroup<32 |  
\[ 2, 3, 4, 5, 6, 7, 8, 9, 10, 11, 12, 13, 14, 15, 16, 17, 18, 19, 20, 21, 22, 23, 24, 25, 26, 27, 28, 29, 30, 31, 32, 1 ],
\[ 2, 1, 3, 4, 5, 6, 7, 8, 9, 10, 11, 12, 13, 14, 15, 16, 17, 18, 19, 20, 21, 22, 23, 24, 25, 26, 27, 28, 29, 30, 31, 32 ]:
 Order := 263130836933693530167218012160000000 > |
[ 12, 20, 8, 17, 2, 5, 10, 22, 19, 13, 26, 9, 24, 29, 18, 31, 14, 28, 1, 6, 3, 21, 15, 7, 27, 25, 11, 23, 4, 32, 30, 16 ],
[ 3, 10, 15, 19, 17, 24, 1, 2, 22, 16, 5, 26, 9, 12, 13, 21, 31, 14, 27, 29, 6, 28, 4, 30, 20, 23, 18, 7, 32, 8, 25, 11 ],
[ 4, 11, 16, 20, 21, 25, 6, 1, 14, 28, 19, 7, 2, 5, 26, 29, 23, 3, 13, 8, 9, 30, 22, 15, 12, 32, 31, 27, 18, 17, 10, 24 ]
]
];
s`SolvableDBPassport := [ PowerSequence(PermutationGroup<32 |  
\[ 12, 20, 8, 17, 2, 5, 10, 22, 19, 13, 26, 9, 24, 29, 18, 31, 14, 28, 1, 6, 3, 21, 15, 7, 27, 25, 11, 23, 4, 32, 30, 16 ],
\[ 3, 10, 15, 19, 17, 24, 1, 2, 22, 16, 5, 26, 9, 12, 13, 21, 31, 14, 27, 29, 6, 28, 4, 30, 20, 23, 18, 7, 32, 8, 25, 11 ],
\[ 4, 11, 16, 20, 21, 25, 6, 1, 14, 28, 19, 7, 2, 5, 26, 29, 23, 3, 13, 8, 9, 30, 22, 15, 12, 32, 31, 27, 18, 17, 10, 24 ]:
 Order := 32 >) |
[ PermutationGroup<32 |  
\[ 12, 20, 8, 17, 2, 5, 10, 22, 19, 13, 26, 9, 24, 29, 18, 31, 14, 28, 1, 6, 3, 21, 15, 7, 27, 25, 11, 23, 4, 32, 30, 16 ],
\[ 3, 10, 15, 19, 17, 24, 1, 2, 22, 16, 5, 26, 9, 12, 13, 21, 31, 14, 27, 29, 6, 28, 4, 30, 20, 23, 18, 7, 32, 8, 25, 11 ],
\[ 4, 11, 16, 20, 21, 25, 6, 1, 14, 28, 19, 7, 2, 5, 26, 29, 23, 3, 13, 8, 9, 30, 22, 15, 12, 32, 31, 27, 18, 17, 10, 24 ]:
 Order := 32 > |
[ 19, 5, 21, 29, 6, 20, 24, 3, 12, 7, 27, 1, 10, 17, 23, 32, 4, 15, 9, 2, 22, 8, 28, 13, 26, 11, 25, 18, 14, 31, 16, 30 ],
[ 7, 8, 1, 23, 11, 21, 28, 30, 13, 2, 32, 14, 15, 18, 3, 10, 5, 27, 4, 25, 16, 9, 26, 6, 31, 12, 19, 22, 20, 24, 17, 29 ],
[ 26, 29, 2, 31, 10, 17, 16, 28, 27, 9, 23, 22, 30, 32, 14, 25, 12, 7, 3, 24, 15, 6, 13, 1, 18, 20, 5, 4, 19, 11, 8, 21 ]
],
[ PermutationGroup<32 |  
\[ 12, 20, 8, 17, 2, 5, 10, 22, 19, 13, 26, 9, 24, 29, 18, 31, 14, 28, 1, 6, 3, 21, 15, 7, 27, 25, 11, 23, 4, 32, 30, 16 ],
\[ 3, 10, 15, 19, 17, 24, 1, 2, 22, 16, 5, 26, 9, 12, 13, 21, 31, 14, 27, 29, 6, 28, 4, 30, 20, 23, 18, 7, 32, 8, 25, 11 ],
\[ 4, 11, 16, 20, 21, 25, 6, 1, 14, 28, 19, 7, 2, 5, 26, 29, 23, 3, 13, 8, 9, 30, 22, 15, 12, 32, 31, 27, 18, 17, 10, 24 ]:
 Order := 32 > |
[ 8, 13, 18, 1, 14, 7, 12, 20, 21, 31, 2, 25, 19, 9, 24, 3, 30, 29, 11, 4, 5, 23, 17, 32, 6, 15, 28, 10, 16, 22, 27, 26 ],
[ 7, 8, 1, 23, 11, 21, 28, 30, 13, 2, 32, 14, 15, 18, 3, 10, 5, 27, 4, 25, 16, 9, 26, 6, 31, 12, 19, 22, 20, 24, 17, 29 ],
[ 19, 5, 21, 29, 6, 20, 24, 3, 12, 7, 27, 1, 10, 17, 23, 32, 4, 15, 9, 2, 22, 8, 28, 13, 26, 11, 25, 18, 14, 31, 16, 30 ]
]
];
s`SolvableDBPointedPassport := [ PowerSequence(PermutationGroup<32 |  
\[ 12, 20, 8, 17, 2, 5, 10, 22, 19, 13, 26, 9, 24, 29, 18, 31, 14, 28, 1, 6, 3, 21, 15, 7, 27, 25, 11, 23, 4, 32, 30, 16 ],
\[ 3, 10, 15, 19, 17, 24, 1, 2, 22, 16, 5, 26, 9, 12, 13, 21, 31, 14, 27, 29, 6, 28, 4, 30, 20, 23, 18, 7, 32, 8, 25, 11 ],
\[ 4, 11, 16, 20, 21, 25, 6, 1, 14, 28, 19, 7, 2, 5, 26, 29, 23, 3, 13, 8, 9, 30, 22, 15, 12, 32, 31, 27, 18, 17, 10, 24 ]:
 Order := 32 >) |
[ PermutationGroup<32 |  
\[ 12, 20, 8, 17, 2, 5, 10, 22, 19, 13, 26, 9, 24, 29, 18, 31, 14, 28, 1, 6, 3, 21, 15, 7, 27, 25, 11, 23, 4, 32, 30, 16 ],
\[ 3, 10, 15, 19, 17, 24, 1, 2, 22, 16, 5, 26, 9, 12, 13, 21, 31, 14, 27, 29, 6, 28, 4, 30, 20, 23, 18, 7, 32, 8, 25, 11 ],
\[ 4, 11, 16, 20, 21, 25, 6, 1, 14, 28, 19, 7, 2, 5, 26, 29, 23, 3, 13, 8, 9, 30, 22, 15, 12, 32, 31, 27, 18, 17, 10, 24 ]:
 Order := 32 > |
[ 17, 26, 31, 6, 3, 27, 5, 12, 29, 23, 1, 10, 20, 2, 25, 4, 15, 8, 24, 22, 19, 32, 21, 18, 9, 16, 30, 11, 28, 14, 13, 7 ],
[ 27, 17, 6, 32, 24, 29, 30, 15, 26, 1, 18, 3, 16, 31, 4, 11, 19, 13, 22, 10, 28, 2, 7, 9, 23, 5, 20, 14, 12, 25, 21, 8 ],
[ 16, 28, 26, 13, 23, 15, 4, 11, 30, 29, 21, 32, 14, 7, 2, 9, 10, 5, 31, 18, 25, 27, 20, 17, 8, 22, 3, 6, 24, 1, 12, 19 ]
],
[ PermutationGroup<32 |  
\[ 12, 20, 8, 17, 2, 5, 10, 22, 19, 13, 26, 9, 24, 29, 18, 31, 14, 28, 1, 6, 3, 21, 15, 7, 27, 25, 11, 23, 4, 32, 30, 16 ],
\[ 3, 10, 15, 19, 17, 24, 1, 2, 22, 16, 5, 26, 9, 12, 13, 21, 31, 14, 27, 29, 6, 28, 4, 30, 20, 23, 18, 7, 32, 8, 25, 11 ],
\[ 4, 11, 16, 20, 21, 25, 6, 1, 14, 28, 19, 7, 2, 5, 26, 29, 23, 3, 13, 8, 9, 30, 22, 15, 12, 32, 31, 27, 18, 17, 10, 24 ]:
 Order := 32 > |
[ 17, 26, 31, 6, 3, 27, 5, 12, 29, 23, 1, 10, 20, 2, 25, 4, 15, 8, 24, 22, 19, 32, 21, 18, 9, 16, 30, 11, 28, 14, 13, 7 ],
[ 16, 28, 26, 13, 23, 15, 4, 11, 30, 29, 21, 32, 14, 7, 2, 9, 10, 5, 31, 18, 25, 27, 20, 17, 8, 22, 3, 6, 24, 1, 12, 19 ],
[ 8, 13, 18, 1, 14, 7, 12, 20, 21, 31, 2, 25, 19, 9, 24, 3, 30, 29, 11, 4, 5, 23, 17, 32, 6, 15, 28, 10, 16, 22, 27, 26 ]
]
];
s`SolvableDBMonodromyGroup := PermutationGroup<32 |  
\[ 12, 20, 8, 17, 2, 5, 10, 22, 19, 13, 26, 9, 24, 29, 18, 31, 14, 28, 1, 6, 3, 21, 15, 7, 27, 25, 11, 23, 4, 32, 30, 16 ],
\[ 3, 10, 15, 19, 17, 24, 1, 2, 22, 16, 5, 26, 9, 12, 13, 21, 31, 14, 27, 29, 6, 28, 4, 30, 20, 23, 18, 7, 32, 8, 25, 11 ],
\[ 4, 11, 16, 20, 21, 25, 6, 1, 14, 28, 19, 7, 2, 5, 26, 29, 23, 3, 13, 8, 9, 30, 22, 15, 12, 32, 31, 27, 18, 17, 10, 24 ] >;
s`SolvableDBAutomorphismGroup := PermutationGroup<32 |  
\[ 28, 16, 7, 27, 32, 30, 22, 10, 15, 21, 29, 23, 3, 26, 1, 6, 11, 12, 18, 31, 24, 13, 19, 8, 17, 4, 14, 9, 25, 2, 5, 20 ],
\[ 22, 4, 28, 30, 29, 14, 9, 23, 3, 19, 20, 21, 1, 16, 7, 27, 32, 10, 8, 17, 18, 15, 24, 12, 5, 6, 2, 13, 31, 26, 11, 25 ],
\[ 24, 11, 30, 15, 27, 25, 6, 32, 10, 5, 19, 7, 2, 28, 8, 17, 18, 22, 13, 26, 31, 16, 3, 20, 12, 1, 9, 21, 23, 29, 14, 4 ]:
 Order := 32 >;
s`SolvableDBPointedAutomorphismGroup := PermutationGroup<32 |  
\[ 9, 6, 22, 14, 20, 2, 13, 21, 1, 24, 25, 19, 7, 4, 28, 30, 29, 23, 12, 5, 8, 3, 18, 10, 11, 27, 26, 15, 17, 16, 32, 31 ],
\[ 19, 5, 27, 13, 6, 20, 4, 11, 12, 17, 21, 1, 14, 7, 18, 31, 24, 28, 9, 2, 25, 26, 15, 29, 8, 3, 22, 23, 10, 32, 30, 16 ]:
 Order := 4 >;

/*
Top Level Belyi Curve/Map
*/


/*
Graph Data
*/

s`SolvableDBPathToPP1 := [ Strings() | "PP1", "2T1-2,1,2-g0-path1", "4T2-2,2,2-g0-path2", "8T4-2,4,2-g0-path2", "16T14-4,8,4-g4-path2", "32S10-4,8,4-g7-path31" ];
s`SolvableDBChildren := [ Strings() | "16T14-4,8,4-g4-path2" ];

/*
Return for eval
*/

return s;
