s := SolvableDBInitialize();

/*
Custom printing for Belyi curve and map
*/

/* Belyi curve */
K<nu> := NumberField(Polynomial([RationalField() | 1, 0, 0, 0, 0, 0, 0, 0, 0, 0, 0, 0, 0, 0, 0, 0, 1]));
P<[x]> := PolynomialRing(K, 2);
I<[x]> := ideal< P | [
x[1]^9 - x[1]^8*x[2]^2 + (-nu^15 + nu^13 + nu^5)*x[1]^8 + (-nu^15 + nu^13 + nu^5)*x[1]^7*x[2]^2 + (nu^12 - nu^6 + nu^4 - nu^2)*x[1]^7 + (nu^14 - nu^12 - nu^6 - nu^4 + nu^2)*x[1]^6*x[2]^2 + (-nu^11 - nu^5 + nu^3 - nu)*x[1]^6 + (-nu^13 + 2*nu^11 + nu^5 - nu)*x[1]^5*x[2]^2 + (-nu^10 + nu^8 - nu^4 + nu^2)*x[1]^5 + (-2*nu^10 + nu^8 - nu^4 + 1)*x[1]^4*x[2]^2 + (-nu^9 + nu^7 - nu^3 + nu)*x[1]^4 + (nu^15 + nu^9 - nu^7 + nu^3 - nu)*x[1]^3*x[2]^2 + (nu^10 - nu^8 + nu^6 + 1)*x[1]^3 + (-nu^8 + nu^6 + 1)*x[1]^2*x[2]^2 + (nu^15 + nu^9 - nu^7 + nu^5)*x[1]^2 - nu^5*x[1]*x[2]^2 + (nu^14 - nu^12 - nu^6)*x[1] - nu^11
] >;
X<[x]> := Curve(AffineSpace(P), I);

/* Belyi map */
K<nu> := NumberField(Polynomial([RationalField() | 1, 0, 0, 0, 0, 0, 0, 0, 0, 0, 0, 0, 0, 0, 0, 0, 1]));
P<[x]> := PolynomialRing(K, 2);
I<[x]> := ideal< P | [
x[1]^9 - x[1]^8*x[2]^2 + (-nu^15 + nu^13 + nu^5)*x[1]^8 + (-nu^15 + nu^13 + nu^5)*x[1]^7*x[2]^2 + (nu^12 - nu^6 + nu^4 - nu^2)*x[1]^7 + (nu^14 - nu^12 - nu^6 - nu^4 + nu^2)*x[1]^6*x[2]^2 + (-nu^11 - nu^5 + nu^3 - nu)*x[1]^6 + (-nu^13 + 2*nu^11 + nu^5 - nu)*x[1]^5*x[2]^2 + (-nu^10 + nu^8 - nu^4 + nu^2)*x[1]^5 + (-2*nu^10 + nu^8 - nu^4 + 1)*x[1]^4*x[2]^2 + (-nu^9 + nu^7 - nu^3 + nu)*x[1]^4 + (nu^15 + nu^9 - nu^7 + nu^3 - nu)*x[1]^3*x[2]^2 + (nu^10 - nu^8 + nu^6 + 1)*x[1]^3 + (-nu^8 + nu^6 + 1)*x[1]^2*x[2]^2 + (nu^15 + nu^9 - nu^7 + nu^5)*x[1]^2 - nu^5*x[1]*x[2]^2 + (nu^14 - nu^12 - nu^6)*x[1] - nu^11
] >;
X<[x]> := Curve(AffineSpace(P), I);
KX<[x]> := FunctionField(X);
phi := KX!((x[1]^16 + 1)/x[1]^16);
/* assign to object */
s`SolvableDBBelyiCurve := X;
s`SolvableDBBelyiMap := phi;

/*
Magma printing
*/

s`SolvableDBName := "32S1-2,32,32-g8-path1";
s`SolvableDBFilename := "32S1-2,32,32-g8-path1.m";
s`SolvableDBPassportName := "32S1-2,32,32-g8";
s`SolvableDBPathNumber := 1;
s`SolvableDBDegree := 32;
s`SolvableDBOrders := \[ 2, 32, 32 ];
s`SolvableDBType := "Hyperbolic";
s`SolvableDBGenus := 8;
s`SolvableDBGaloisOrbitSize := 1;
s`SolvableDBPassportSize := 1;
s`SolvableDBPointedPassportSize := 1;
s`SolvableDBLevel := 5;
s`SolvableDBBlocks := {@ PowerSet(IntegerRing()) |
{ IntegerRing() | 1, 4 },
{ IntegerRing() | 2, 6 },
{ IntegerRing() | 3, 8 },
{ IntegerRing() | 5, 10 },
{ IntegerRing() | 7, 12 },
{ IntegerRing() | 9, 14 },
{ IntegerRing() | 11, 16 },
{ IntegerRing() | 13, 18 },
{ IntegerRing() | 15, 20 },
{ IntegerRing() | 17, 22 },
{ IntegerRing() | 19, 24 },
{ IntegerRing() | 21, 26 },
{ IntegerRing() | 23, 28 },
{ IntegerRing() | 25, 30 },
{ IntegerRing() | 27, 32 },
{ IntegerRing() | 29, 31 }
@};
s`SolvableDBBelyiMapTiming := 4.99000000000000p15;
s`SolvableDBLocalSanityCheckTiming := 0.910000000000000p15;
s`SolvableDBLocalSanityCheckPrime := 8736028057;
s`SolvableDBIsLowGenusOrHyperelliptic := true;
s`SolvableDBIsRamifiedAtEveryLevel := true;
s`SolvableDBGaloisOrbit := [ PowerSequence(PermutationGroup<32 |  
\[ 2, 3, 4, 5, 6, 7, 8, 9, 10, 11, 12, 13, 14, 15, 16, 17, 18, 19, 20, 21, 22, 23, 24, 25, 26, 27, 28, 29, 30, 31, 32, 1 ],
\[ 2, 1, 3, 4, 5, 6, 7, 8, 9, 10, 11, 12, 13, 14, 15, 16, 17, 18, 19, 20, 21, 22, 23, 24, 25, 26, 27, 28, 29, 30, 31, 32 ]:
 Order := 263130836933693530167218012160000000 >) |
[ PermutationGroup<32 |  
\[ 2, 3, 4, 5, 6, 7, 8, 9, 10, 11, 12, 13, 14, 15, 16, 17, 18, 19, 20, 21, 22, 23, 24, 25, 26, 27, 28, 29, 30, 31, 32, 1 ],
\[ 2, 1, 3, 4, 5, 6, 7, 8, 9, 10, 11, 12, 13, 14, 15, 16, 17, 18, 19, 20, 21, 22, 23, 24, 25, 26, 27, 28, 29, 30, 31, 32 ]:
 Order := 263130836933693530167218012160000000 > |
[ 4, 6, 8, 1, 10, 2, 12, 3, 14, 5, 16, 7, 18, 9, 20, 11, 22, 13, 24, 15, 26, 17, 28, 19, 30, 21, 32, 23, 31, 25, 29, 27 ],
[ 2, 5, 1, 6, 9, 10, 3, 4, 13, 14, 7, 8, 17, 18, 11, 12, 21, 22, 15, 16, 25, 26, 19, 20, 29, 30, 23, 24, 32, 31, 27, 28 ],
[ 8, 4, 12, 3, 6, 1, 16, 7, 10, 2, 20, 11, 14, 5, 24, 15, 18, 9, 28, 19, 22, 13, 32, 23, 26, 17, 29, 27, 30, 21, 25, 31 ]
]
];
s`SolvableDBPassport := [ PowerSequence(PermutationGroup<32 |  
\[ 4, 6, 8, 1, 10, 2, 12, 3, 14, 5, 16, 7, 18, 9, 20, 11, 22, 13, 24, 15, 26, 17, 28, 19, 30, 21, 32, 23, 31, 25, 29, 27 ],
\[ 2, 5, 1, 6, 9, 10, 3, 4, 13, 14, 7, 8, 17, 18, 11, 12, 21, 22, 15, 16, 25, 26, 19, 20, 29, 30, 23, 24, 32, 31, 27, 28 ],
\[ 8, 4, 12, 3, 6, 1, 16, 7, 10, 2, 20, 11, 14, 5, 24, 15, 18, 9, 28, 19, 22, 13, 32, 23, 26, 17, 29, 27, 30, 21, 25, 31 ]:
 Order := 32 >) |
[ PermutationGroup<32 |  
\[ 4, 6, 8, 1, 10, 2, 12, 3, 14, 5, 16, 7, 18, 9, 20, 11, 22, 13, 24, 15, 26, 17, 28, 19, 30, 21, 32, 23, 31, 25, 29, 27 ],
\[ 2, 5, 1, 6, 9, 10, 3, 4, 13, 14, 7, 8, 17, 18, 11, 12, 21, 22, 15, 16, 25, 26, 19, 20, 29, 30, 23, 24, 32, 31, 27, 28 ],
\[ 8, 4, 12, 3, 6, 1, 16, 7, 10, 2, 20, 11, 14, 5, 24, 15, 18, 9, 28, 19, 22, 13, 32, 23, 26, 17, 29, 27, 30, 21, 25, 31 ]:
 Order := 32 > |
[ 4, 6, 8, 1, 10, 2, 12, 3, 14, 5, 16, 7, 18, 9, 20, 11, 22, 13, 24, 15, 26, 17, 28, 19, 30, 21, 32, 23, 31, 25, 29, 27 ],
[ 2, 5, 1, 6, 9, 10, 3, 4, 13, 14, 7, 8, 17, 18, 11, 12, 21, 22, 15, 16, 25, 26, 19, 20, 29, 30, 23, 24, 32, 31, 27, 28 ],
[ 8, 4, 12, 3, 6, 1, 16, 7, 10, 2, 20, 11, 14, 5, 24, 15, 18, 9, 28, 19, 22, 13, 32, 23, 26, 17, 29, 27, 30, 21, 25, 31 ]
]
];
s`SolvableDBPointedPassport := [ PowerSequence(PermutationGroup<32 |  
\[ 2, 3, 4, 5, 6, 7, 8, 9, 10, 11, 12, 13, 14, 15, 16, 17, 18, 19, 20, 21, 22, 23, 24, 25, 26, 27, 28, 29, 30, 31, 32, 1 ],
\[ 2, 1, 3, 4, 5, 6, 7, 8, 9, 10, 11, 12, 13, 14, 15, 16, 17, 18, 19, 20, 21, 22, 23, 24, 25, 26, 27, 28, 29, 30, 31, 32 ]:
 Order := 263130836933693530167218012160000000 >) |
[ PermutationGroup<32 |  
\[ 2, 3, 4, 5, 6, 7, 8, 9, 10, 11, 12, 13, 14, 15, 16, 17, 18, 19, 20, 21, 22, 23, 24, 25, 26, 27, 28, 29, 30, 31, 32, 1 ],
\[ 2, 1, 3, 4, 5, 6, 7, 8, 9, 10, 11, 12, 13, 14, 15, 16, 17, 18, 19, 20, 21, 22, 23, 24, 25, 26, 27, 28, 29, 30, 31, 32 ]:
 Order := 263130836933693530167218012160000000 > |
[ 2, 5, 1, 6, 9, 10, 3, 4, 13, 14, 7, 8, 17, 18, 11, 12, 21, 22, 15, 16, 25, 26, 19, 20, 29, 30, 23, 24, 32, 31, 27, 28 ],
[ 8, 4, 12, 3, 6, 1, 16, 7, 10, 2, 20, 11, 14, 5, 24, 15, 18, 9, 28, 19, 22, 13, 32, 23, 26, 17, 29, 27, 30, 21, 25, 31 ],
[ 4, 6, 8, 1, 10, 2, 12, 3, 14, 5, 16, 7, 18, 9, 20, 11, 22, 13, 24, 15, 26, 17, 28, 19, 30, 21, 32, 23, 31, 25, 29, 27 ]
]
];
s`SolvableDBMonodromyGroup := PermutationGroup<32 |  
\[ 4, 6, 8, 1, 10, 2, 12, 3, 14, 5, 16, 7, 18, 9, 20, 11, 22, 13, 24, 15, 26, 17, 28, 19, 30, 21, 32, 23, 31, 25, 29, 27 ],
\[ 2, 5, 1, 6, 9, 10, 3, 4, 13, 14, 7, 8, 17, 18, 11, 12, 21, 22, 15, 16, 25, 26, 19, 20, 29, 30, 23, 24, 32, 31, 27, 28 ],
\[ 8, 4, 12, 3, 6, 1, 16, 7, 10, 2, 20, 11, 14, 5, 24, 15, 18, 9, 28, 19, 22, 13, 32, 23, 26, 17, 29, 27, 30, 21, 25, 31 ] >;
s`SolvableDBAutomorphismGroup := PermutationGroup<32 |  
\[ 2, 5, 1, 6, 9, 10, 3, 4, 13, 14, 7, 8, 17, 18, 11, 12, 21, 22, 15, 16, 25, 26, 19, 20, 29, 30, 23, 24, 32, 31, 27, 28 ],
\[ 24, 20, 28, 19, 16, 15, 32, 23, 12, 11, 29, 27, 8, 7, 25, 31, 4, 3, 21, 30, 6, 1, 17, 26, 10, 2, 13, 22, 14, 5, 9, 18 ]:
 Order := 32 >;
s`SolvableDBPointedAutomorphismGroup := PermutationGroup<32 |  
\[ 4, 6, 8, 1, 10, 2, 12, 3, 14, 5, 16, 7, 18, 9, 20, 11, 22, 13, 24, 15, 26, 17, 28, 19, 30, 21, 32, 23, 31, 25, 29, 27 ]:
 Order := 2 >;
s`SolvableDBPathToPP1 := [ Strings() | "PP1", "2T1-1,2,2-g0-path1", "4T1-1,4,4-g0-path1", "8T1-1,8,8-g0-path1", "16T1-1,16,16-g0-path1", "32S1-2,32,32-g8-path1" ];
s`SolvableDBParents := [ Strings() | "64S1-4,64,64-g24-path1", "64S50-2,32,32-g15-path2" ];
s`SolvableDBChild := "16T1-1,16,16-g0-path1";

/*
Return for eval
*/

return s;
