s := SolvableDBInitialize();

/*
Magma printing
*/

s`SolvableDBName := "32S17-16,8,16-g13-path1";
s`SolvableDBFilename := "32S17-16,8,16-g13-path1.m";
s`SolvableDBPassportName := "32S17-16,8,16-g13";
s`SolvableDBPathNumber := 1;
s`SolvableDBDegree := 32;
s`SolvableDBOrders := \[ 16, 8, 16 ];
s`SolvableDBType := "Hyperbolic";
s`SolvableDBGenus := 13;
s`SolvableDBGaloisOrbitSize := 1;
s`SolvableDBPassportSize := 2;
s`SolvableDBPointedPassportSize := 2;
s`SolvableDBLevel := 5;
s`SolvableDBBlocks := {@ PowerSet(IntegerRing()) |
{ IntegerRing() | 1, 5 },
{ IntegerRing() | 2, 11 },
{ IntegerRing() | 3, 16 },
{ IntegerRing() | 4, 20 },
{ IntegerRing() | 6, 15 },
{ IntegerRing() | 7, 19 },
{ IntegerRing() | 8, 10 },
{ IntegerRing() | 9, 29 },
{ IntegerRing() | 12, 25 },
{ IntegerRing() | 13, 21 },
{ IntegerRing() | 14, 27 },
{ IntegerRing() | 17, 23 },
{ IntegerRing() | 18, 28 },
{ IntegerRing() | 22, 26 },
{ IntegerRing() | 24, 31 },
{ IntegerRing() | 30, 32 }
@};
s`SolvableDBIsRamifiedAtEveryLevel := false;
s`SolvableDBGaloisOrbit := [ PowerSequence(PermutationGroup<32 |  
\[ 2, 3, 4, 5, 6, 7, 8, 9, 10, 11, 12, 13, 14, 15, 16, 17, 18, 19, 20, 21, 22, 23, 24, 25, 26, 27, 28, 29, 30, 31, 32, 1 ],
\[ 2, 1, 3, 4, 5, 6, 7, 8, 9, 10, 11, 12, 13, 14, 15, 16, 17, 18, 19, 20, 21, 22, 23, 24, 25, 26, 27, 28, 29, 30, 31, 32 ]:
 Order := 263130836933693530167218012160000000 >) |
[ PermutationGroup<32 |  
\[ 2, 3, 4, 5, 6, 7, 8, 9, 10, 11, 12, 13, 14, 15, 16, 17, 18, 19, 20, 21, 22, 23, 24, 25, 26, 27, 28, 29, 30, 31, 32, 1 ],
\[ 2, 1, 3, 4, 5, 6, 7, 8, 9, 10, 11, 12, 13, 14, 15, 16, 17, 18, 19, 20, 21, 22, 23, 24, 25, 26, 27, 28, 29, 30, 31, 32 ]:
 Order := 263130836933693530167218012160000000 > |
[ 2, 9, 8, 19, 11, 1, 25, 21, 26, 13, 29, 32, 20, 18, 5, 10, 3, 31, 12, 7, 4, 27, 16, 6, 30, 14, 28, 24, 22, 17, 15, 23 ],
[ 3, 10, 14, 6, 16, 23, 1, 28, 21, 18, 8, 2, 24, 19, 17, 27, 22, 25, 5, 15, 31, 4, 26, 30, 11, 20, 7, 12, 13, 9, 32, 29 ],
[ 4, 7, 15, 9, 20, 13, 26, 1, 12, 5, 19, 14, 2, 23, 21, 6, 24, 3, 22, 29, 11, 32, 31, 8, 27, 30, 17, 16, 25, 18, 10, 28 ]
]
];
s`SolvableDBPassport := [ PowerSequence(PermutationGroup<32 |  
\[ 2, 9, 8, 19, 11, 1, 25, 21, 26, 13, 29, 32, 20, 18, 5, 10, 3, 31, 12, 7, 4, 27, 16, 6, 30, 14, 28, 24, 22, 17, 15, 23 ],
\[ 3, 10, 14, 6, 16, 23, 1, 28, 21, 18, 8, 2, 24, 19, 17, 27, 22, 25, 5, 15, 31, 4, 26, 30, 11, 20, 7, 12, 13, 9, 32, 29 ],
\[ 4, 7, 15, 9, 20, 13, 26, 1, 12, 5, 19, 14, 2, 23, 21, 6, 24, 3, 22, 29, 11, 32, 31, 8, 27, 30, 17, 16, 25, 18, 10, 28 ]:
 Order := 32 >) |
[ PermutationGroup<32 |  
\[ 2, 9, 8, 19, 11, 1, 25, 21, 26, 13, 29, 32, 20, 18, 5, 10, 3, 31, 12, 7, 4, 27, 16, 6, 30, 14, 28, 24, 22, 17, 15, 23 ],
\[ 3, 10, 14, 6, 16, 23, 1, 28, 21, 18, 8, 2, 24, 19, 17, 27, 22, 25, 5, 15, 31, 4, 26, 30, 11, 20, 7, 12, 13, 9, 32, 29 ],
\[ 4, 7, 15, 9, 20, 13, 26, 1, 12, 5, 19, 14, 2, 23, 21, 6, 24, 3, 22, 29, 11, 32, 31, 8, 27, 30, 17, 16, 25, 18, 10, 28 ]:
 Order := 32 > |
[ 6, 1, 17, 21, 15, 24, 20, 3, 2, 16, 5, 19, 10, 26, 31, 23, 30, 14, 4, 13, 8, 29, 32, 28, 7, 9, 22, 27, 11, 25, 18, 12 ],
[ 3, 10, 14, 6, 16, 23, 1, 28, 21, 18, 8, 2, 24, 19, 17, 27, 22, 25, 5, 15, 31, 4, 26, 30, 11, 20, 7, 12, 13, 9, 32, 29 ],
[ 12, 30, 11, 14, 25, 7, 18, 9, 23, 29, 32, 31, 26, 10, 19, 2, 1, 21, 28, 27, 22, 16, 5, 4, 24, 3, 8, 13, 17, 15, 20, 6 ]
],
[ PermutationGroup<32 |  
\[ 2, 9, 8, 19, 11, 1, 25, 21, 26, 13, 29, 32, 20, 18, 5, 10, 3, 31, 12, 7, 4, 27, 16, 6, 30, 14, 28, 24, 22, 17, 15, 23 ],
\[ 3, 10, 14, 6, 16, 23, 1, 28, 21, 18, 8, 2, 24, 19, 17, 27, 22, 25, 5, 15, 31, 4, 26, 30, 11, 20, 7, 12, 13, 9, 32, 29 ],
\[ 4, 7, 15, 9, 20, 13, 26, 1, 12, 5, 19, 14, 2, 23, 21, 6, 24, 3, 22, 29, 11, 32, 31, 8, 27, 30, 17, 16, 25, 18, 10, 28 ]:
 Order := 32 > |
[ 6, 1, 17, 21, 15, 24, 20, 3, 2, 16, 5, 19, 10, 26, 31, 23, 30, 14, 4, 13, 8, 29, 32, 28, 7, 9, 22, 27, 11, 25, 18, 12 ],
[ 19, 25, 5, 26, 7, 20, 14, 2, 32, 11, 12, 18, 9, 16, 4, 1, 6, 8, 27, 22, 29, 23, 15, 21, 28, 17, 3, 10, 30, 31, 13, 24 ],
[ 8, 13, 18, 1, 10, 16, 2, 24, 4, 31, 21, 9, 6, 12, 3, 28, 27, 30, 11, 5, 15, 19, 14, 17, 29, 7, 25, 32, 20, 26, 23, 22 ]
]
];
s`SolvableDBPointedPassport := [ PowerSequence(PermutationGroup<32 |  
\[ 2, 3, 4, 5, 6, 7, 8, 9, 10, 11, 12, 13, 14, 15, 16, 17, 18, 19, 20, 21, 22, 23, 24, 25, 26, 27, 28, 29, 30, 31, 32, 1 ],
\[ 2, 1, 3, 4, 5, 6, 7, 8, 9, 10, 11, 12, 13, 14, 15, 16, 17, 18, 19, 20, 21, 22, 23, 24, 25, 26, 27, 28, 29, 30, 31, 32 ]:
 Order := 263130836933693530167218012160000000 >) |
[ PermutationGroup<32 |  
\[ 2, 3, 4, 5, 6, 7, 8, 9, 10, 11, 12, 13, 14, 15, 16, 17, 18, 19, 20, 21, 22, 23, 24, 25, 26, 27, 28, 29, 30, 31, 32, 1 ],
\[ 2, 1, 3, 4, 5, 6, 7, 8, 9, 10, 11, 12, 13, 14, 15, 16, 17, 18, 19, 20, 21, 22, 23, 24, 25, 26, 27, 28, 29, 30, 31, 32 ]:
 Order := 263130836933693530167218012160000000 > |
[ 6, 1, 17, 21, 15, 24, 20, 3, 2, 16, 5, 19, 10, 26, 31, 23, 30, 14, 4, 13, 8, 29, 32, 28, 7, 9, 22, 27, 11, 25, 18, 12 ],
[ 3, 10, 14, 6, 16, 23, 1, 28, 21, 18, 8, 2, 24, 19, 17, 27, 22, 25, 5, 15, 31, 4, 26, 30, 11, 20, 7, 12, 13, 9, 32, 29 ],
[ 12, 30, 11, 14, 25, 7, 18, 9, 23, 29, 32, 31, 26, 10, 19, 2, 1, 21, 28, 27, 22, 16, 5, 4, 24, 3, 8, 13, 17, 15, 20, 6 ]
],
[ PermutationGroup<32 |  
\[ 2, 3, 4, 5, 6, 7, 8, 9, 10, 11, 12, 13, 14, 15, 16, 17, 18, 19, 20, 21, 22, 23, 24, 25, 26, 27, 28, 29, 30, 31, 32, 1 ],
\[ 2, 1, 3, 4, 5, 6, 7, 8, 9, 10, 11, 12, 13, 14, 15, 16, 17, 18, 19, 20, 21, 22, 23, 24, 25, 26, 27, 28, 29, 30, 31, 32 ]:
 Order := 263130836933693530167218012160000000 > |
[ 6, 1, 17, 21, 15, 24, 20, 3, 2, 16, 5, 19, 10, 26, 31, 23, 30, 14, 4, 13, 8, 29, 32, 28, 7, 9, 22, 27, 11, 25, 18, 12 ],
[ 19, 25, 5, 26, 7, 20, 14, 2, 32, 11, 12, 18, 9, 16, 4, 1, 6, 8, 27, 22, 29, 23, 15, 21, 28, 17, 3, 10, 30, 31, 13, 24 ],
[ 8, 13, 18, 1, 10, 16, 2, 24, 4, 31, 21, 9, 6, 12, 3, 28, 27, 30, 11, 5, 15, 19, 14, 17, 29, 7, 25, 32, 20, 26, 23, 22 ]
]
];
s`SolvableDBMonodromyGroup := PermutationGroup<32 |  
\[ 2, 9, 8, 19, 11, 1, 25, 21, 26, 13, 29, 32, 20, 18, 5, 10, 3, 31, 12, 7, 4, 27, 16, 6, 30, 14, 28, 24, 22, 17, 15, 23 ],
\[ 3, 10, 14, 6, 16, 23, 1, 28, 21, 18, 8, 2, 24, 19, 17, 27, 22, 25, 5, 15, 31, 4, 26, 30, 11, 20, 7, 12, 13, 9, 32, 29 ],
\[ 4, 7, 15, 9, 20, 13, 26, 1, 12, 5, 19, 14, 2, 23, 21, 6, 24, 3, 22, 29, 11, 32, 31, 8, 27, 30, 17, 16, 25, 18, 10, 28 ] >;
s`SolvableDBAutomorphismGroup := PermutationGroup<32 |  
\[ 31, 15, 32, 10, 24, 18, 21, 23, 5, 17, 6, 20, 3, 29, 28, 30, 12, 22, 13, 8, 16, 2, 25, 14, 4, 11, 9, 26, 1, 19, 27, 7 ],
\[ 2, 9, 10, 7, 11, 1, 12, 13, 26, 21, 29, 30, 4, 18, 5, 8, 16, 31, 25, 19, 20, 27, 3, 6, 32, 14, 28, 24, 22, 23, 15, 17 ],
\[ 32, 23, 29, 28, 30, 12, 31, 22, 16, 26, 17, 6, 14, 13, 25, 9, 11, 20, 24, 18, 27, 8, 2, 19, 15, 10, 21, 4, 3, 5, 7, 1 ]:
 Order := 32 >;
s`SolvableDBPointedAutomorphismGroup := PermutationGroup<32 |  
\[ 29, 22, 13, 25, 9, 11, 32, 20, 27, 4, 26, 17, 19, 24, 2, 21, 10, 6, 30, 12, 7, 18, 8, 5, 23, 28, 31, 15, 14, 16, 1, 3 ],
\[ 6, 1, 23, 13, 15, 24, 4, 16, 2, 3, 5, 7, 8, 26, 31, 17, 32, 14, 20, 21, 10, 29, 30, 28, 19, 9, 22, 27, 11, 12, 18, 25 ]:
 Order := 16 >;
s`SolvableDBPathToPP1 := [ Strings() | "PP1", "2T1-2,1,2-g0-path1", "4T1-4,2,4-g1-path1", "8T1-8,4,8-g3-path1", "16T5-8,4,8-g5-path1", "32S17-16,8,16-g13-path1" ];
s`SolvableDBChild := "16T5-8,4,8-g5-path1";

/*
Return for eval
*/

return s;
