s := SolvableDBInitialize();

/*
Magma printing
*/

s`SolvableDBName := "32S16-16,8,16-g13-path3";
s`SolvableDBFilename := "32S16-16,8,16-g13-path3.m";
s`SolvableDBPassportName := "32S16-16,8,16-g13";
s`SolvableDBPathNumber := 3;
s`SolvableDBDegree := 32;
s`SolvableDBOrders := \[ 16, 8, 16 ];
s`SolvableDBType := "Hyperbolic";
s`SolvableDBGenus := 13;
s`SolvableDBGaloisOrbitSize := 1;
s`SolvableDBPassportSize := 2;
s`SolvableDBPointedPassportSize := 2;
s`SolvableDBLevel := 5;
s`SolvableDBBlocks := {@ PowerSet(IntegerRing()) |
{ IntegerRing() | 1, 5 },
{ IntegerRing() | 2, 9 },
{ IntegerRing() | 3, 11 },
{ IntegerRing() | 4, 14 },
{ IntegerRing() | 6, 17 },
{ IntegerRing() | 7, 18 },
{ IntegerRing() | 8, 19 },
{ IntegerRing() | 10, 21 },
{ IntegerRing() | 12, 23 },
{ IntegerRing() | 13, 25 },
{ IntegerRing() | 15, 27 },
{ IntegerRing() | 16, 28 },
{ IntegerRing() | 20, 29 },
{ IntegerRing() | 22, 30 },
{ IntegerRing() | 24, 31 },
{ IntegerRing() | 26, 32 }
@};
s`SolvableDBIsRamifiedAtEveryLevel := false;
s`SolvableDBGaloisOrbit := [ PowerSequence(PermutationGroup<32 |  
\[ 2, 3, 4, 5, 6, 7, 8, 9, 10, 11, 12, 13, 14, 15, 16, 17, 18, 19, 20, 21, 22, 23, 24, 25, 26, 27, 28, 29, 30, 31, 32, 1 ],
\[ 2, 1, 3, 4, 5, 6, 7, 8, 9, 10, 11, 12, 13, 14, 15, 16, 17, 18, 19, 20, 21, 22, 23, 24, 25, 26, 27, 28, 29, 30, 31, 32 ]:
 Order := 263130836933693530167218012160000000 >) |
[ PermutationGroup<32 |  
\[ 2, 3, 4, 5, 6, 7, 8, 9, 10, 11, 12, 13, 14, 15, 16, 17, 18, 19, 20, 21, 22, 23, 24, 25, 26, 27, 28, 29, 30, 31, 32, 1 ],
\[ 2, 1, 3, 4, 5, 6, 7, 8, 9, 10, 11, 12, 13, 14, 15, 16, 17, 18, 19, 20, 21, 22, 23, 24, 25, 26, 27, 28, 29, 30, 31, 32 ]:
 Order := 263130836933693530167218012160000000 > |
[ 2, 3, 8, 7, 9, 1, 6, 10, 11, 12, 19, 20, 16, 18, 4, 15, 5, 17, 21, 22, 23, 24, 29, 26, 28, 13, 14, 27, 30, 31, 32, 25 ],
[ 11, 19, 21, 17, 3, 9, 5, 23, 8, 29, 10, 30, 27, 6, 18, 14, 2, 1, 12, 31, 20, 32, 22, 25, 15, 28, 7, 4, 24, 26, 13, 16 ],
[ 14, 18, 17, 25, 4, 27, 28, 5, 7, 9, 6, 11, 30, 13, 32, 31, 15, 16, 1, 19, 2, 21, 3, 23, 22, 29, 26, 24, 8, 10, 12, 20 ]
]
];
s`SolvableDBPassport := [ PowerSequence(PermutationGroup<32 |  
\[ 2, 3, 8, 7, 9, 1, 6, 10, 11, 12, 19, 20, 16, 18, 4, 15, 5, 17, 21, 22, 23, 24, 29, 26, 28, 13, 14, 27, 30, 31, 32, 25 ],
\[ 11, 19, 21, 17, 3, 9, 5, 23, 8, 29, 10, 30, 27, 6, 18, 14, 2, 1, 12, 31, 20, 32, 22, 25, 15, 28, 7, 4, 24, 26, 13, 16 ],
\[ 14, 18, 17, 25, 4, 27, 28, 5, 7, 9, 6, 11, 30, 13, 32, 31, 15, 16, 1, 19, 2, 21, 3, 23, 22, 29, 26, 24, 8, 10, 12, 20 ]:
 Order := 32 >) |
[ PermutationGroup<32 |  
\[ 2, 3, 8, 7, 9, 1, 6, 10, 11, 12, 19, 20, 16, 18, 4, 15, 5, 17, 21, 22, 23, 24, 29, 26, 28, 13, 14, 27, 30, 31, 32, 25 ],
\[ 11, 19, 21, 17, 3, 9, 5, 23, 8, 29, 10, 30, 27, 6, 18, 14, 2, 1, 12, 31, 20, 32, 22, 25, 15, 28, 7, 4, 24, 26, 13, 16 ],
\[ 14, 18, 17, 25, 4, 27, 28, 5, 7, 9, 6, 11, 30, 13, 32, 31, 15, 16, 1, 19, 2, 21, 3, 23, 22, 29, 26, 24, 8, 10, 12, 20 ]:
 Order := 32 > |
[ 6, 1, 2, 15, 17, 7, 4, 3, 5, 8, 9, 10, 26, 27, 16, 13, 18, 14, 11, 12, 19, 20, 21, 22, 32, 24, 28, 25, 23, 29, 30, 31 ],
[ 11, 19, 21, 17, 3, 9, 5, 23, 8, 29, 10, 30, 27, 6, 18, 14, 2, 1, 12, 31, 20, 32, 22, 25, 15, 28, 7, 4, 24, 26, 13, 16 ],
[ 17, 5, 9, 27, 6, 18, 14, 11, 1, 19, 2, 21, 32, 15, 28, 25, 7, 4, 3, 23, 8, 29, 10, 30, 26, 31, 16, 13, 12, 20, 22, 24 ]
],
[ PermutationGroup<32 |  
\[ 2, 3, 8, 7, 9, 1, 6, 10, 11, 12, 19, 20, 16, 18, 4, 15, 5, 17, 21, 22, 23, 24, 29, 26, 28, 13, 14, 27, 30, 31, 32, 25 ],
\[ 11, 19, 21, 17, 3, 9, 5, 23, 8, 29, 10, 30, 27, 6, 18, 14, 2, 1, 12, 31, 20, 32, 22, 25, 15, 28, 7, 4, 24, 26, 13, 16 ],
\[ 14, 18, 17, 25, 4, 27, 28, 5, 7, 9, 6, 11, 30, 13, 32, 31, 15, 16, 1, 19, 2, 21, 3, 23, 22, 29, 26, 24, 8, 10, 12, 20 ]:
 Order := 32 > |
[ 6, 1, 2, 15, 17, 7, 4, 3, 5, 8, 9, 10, 26, 27, 16, 13, 18, 14, 11, 12, 19, 20, 21, 22, 32, 24, 28, 25, 23, 29, 30, 31 ],
[ 18, 17, 5, 28, 7, 14, 27, 9, 6, 11, 1, 19, 31, 16, 25, 32, 4, 15, 2, 21, 3, 23, 8, 29, 24, 30, 13, 26, 10, 12, 20, 22 ],
[ 19, 21, 23, 5, 8, 11, 9, 29, 10, 30, 12, 31, 14, 1, 17, 18, 3, 2, 20, 32, 22, 25, 24, 28, 4, 27, 6, 7, 26, 13, 16, 15 ]
]
];
s`SolvableDBPointedPassport := [ PowerSequence(PermutationGroup<32 |  
\[ 2, 3, 4, 5, 6, 7, 8, 9, 10, 11, 12, 13, 14, 15, 16, 17, 18, 19, 20, 21, 22, 23, 24, 25, 26, 27, 28, 29, 30, 31, 32, 1 ],
\[ 2, 1, 3, 4, 5, 6, 7, 8, 9, 10, 11, 12, 13, 14, 15, 16, 17, 18, 19, 20, 21, 22, 23, 24, 25, 26, 27, 28, 29, 30, 31, 32 ]:
 Order := 263130836933693530167218012160000000 >) |
[ PermutationGroup<32 |  
\[ 2, 3, 4, 5, 6, 7, 8, 9, 10, 11, 12, 13, 14, 15, 16, 17, 18, 19, 20, 21, 22, 23, 24, 25, 26, 27, 28, 29, 30, 31, 32, 1 ],
\[ 2, 1, 3, 4, 5, 6, 7, 8, 9, 10, 11, 12, 13, 14, 15, 16, 17, 18, 19, 20, 21, 22, 23, 24, 25, 26, 27, 28, 29, 30, 31, 32 ]:
 Order := 263130836933693530167218012160000000 > |
[ 6, 1, 2, 15, 17, 7, 4, 3, 5, 8, 9, 10, 26, 27, 16, 13, 18, 14, 11, 12, 19, 20, 21, 22, 32, 24, 28, 25, 23, 29, 30, 31 ],
[ 18, 17, 5, 28, 7, 14, 27, 9, 6, 11, 1, 19, 31, 16, 25, 32, 4, 15, 2, 21, 3, 23, 8, 29, 24, 30, 13, 26, 10, 12, 20, 22 ],
[ 19, 21, 23, 5, 8, 11, 9, 29, 10, 30, 12, 31, 14, 1, 17, 18, 3, 2, 20, 32, 22, 25, 24, 28, 4, 27, 6, 7, 26, 13, 16, 15 ]
],
[ PermutationGroup<32 |  
\[ 2, 3, 4, 5, 6, 7, 8, 9, 10, 11, 12, 13, 14, 15, 16, 17, 18, 19, 20, 21, 22, 23, 24, 25, 26, 27, 28, 29, 30, 31, 32, 1 ],
\[ 2, 1, 3, 4, 5, 6, 7, 8, 9, 10, 11, 12, 13, 14, 15, 16, 17, 18, 19, 20, 21, 22, 23, 24, 25, 26, 27, 28, 29, 30, 31, 32 ]:
 Order := 263130836933693530167218012160000000 > |
[ 6, 1, 2, 15, 17, 7, 4, 3, 5, 8, 9, 10, 26, 27, 16, 13, 18, 14, 11, 12, 19, 20, 21, 22, 32, 24, 28, 25, 23, 29, 30, 31 ],
[ 25, 28, 27, 30, 13, 32, 31, 14, 16, 18, 15, 17, 21, 22, 29, 23, 26, 24, 4, 5, 7, 9, 6, 11, 10, 19, 20, 12, 1, 2, 3, 8 ],
[ 30, 31, 32, 21, 22, 29, 23, 25, 24, 28, 26, 27, 9, 10, 19, 11, 20, 12, 13, 14, 16, 18, 15, 17, 2, 5, 8, 3, 4, 7, 6, 1 ]
]
];
s`SolvableDBMonodromyGroup := PermutationGroup<32 |  
\[ 2, 3, 8, 7, 9, 1, 6, 10, 11, 12, 19, 20, 16, 18, 4, 15, 5, 17, 21, 22, 23, 24, 29, 26, 28, 13, 14, 27, 30, 31, 32, 25 ],
\[ 11, 19, 21, 17, 3, 9, 5, 23, 8, 29, 10, 30, 27, 6, 18, 14, 2, 1, 12, 31, 20, 32, 22, 25, 15, 28, 7, 4, 24, 26, 13, 16 ],
\[ 14, 18, 17, 25, 4, 27, 28, 5, 7, 9, 6, 11, 30, 13, 32, 31, 15, 16, 1, 19, 2, 21, 3, 23, 22, 29, 26, 24, 8, 10, 12, 20 ] >;
s`SolvableDBAutomorphismGroup := PermutationGroup<32 |  
\[ 26, 13, 16, 20, 32, 24, 22, 15, 25, 4, 28, 7, 8, 29, 12, 10, 31, 30, 27, 6, 14, 1, 18, 2, 19, 3, 23, 21, 17, 5, 9, 11 ],
\[ 32, 25, 28, 29, 26, 31, 30, 27, 13, 14, 16, 18, 19, 20, 23, 21, 24, 22, 15, 17, 4, 5, 7, 9, 8, 11, 12, 10, 6, 1, 2, 3 ]:
 Order := 32 >;
s`SolvableDBPointedAutomorphismGroup := PermutationGroup<32 |  
\[ 22, 24, 26, 10, 30, 20, 12, 13, 31, 16, 32, 15, 2, 21, 8, 3, 29, 23, 25, 4, 28, 7, 27, 6, 9, 1, 19, 11, 14, 18, 17, 5 ]:
 Order := 16 >;
s`SolvableDBPathToPP1 := [ Strings() | "PP1", "2T1-2,1,2-g0-path1", "4T1-4,2,4-g1-path1", "8T1-8,4,8-g3-path1", "16T1-16,8,16-g7-path1", "32S16-16,8,16-g13-path3" ];
s`SolvableDBChild := "16T1-16,8,16-g7-path1";

/*
Return for eval
*/

return s;
