s := SolvableDBObjectInitialize();

/*
Basic Information about the Passport
*/

s`SolvableDBName := "32S16-4,16,16-g11-path5";
s`SolvableDBFilename := "32S16-4,16,16-g11-path5.m";
s`SolvableDBPathNumber := 5;
s`SolvableDBDegree := 32;
s`SolvableDBABC := \[ 4, 16, 16 ];
s`SolvableDBType := "Hyperbolic";
s`SolvableDBGenus := 11;
s`SolvableDBGaloisOrbitSize := 1;
s`SolvableDBPassportSize := 1;
s`SolvableDBPointedPassportSize := 1;
s`SolvableDBLevel := 5;
s`SolvableDBBlocks := {@ PowerSet(IntegerRing()) |
{ IntegerRing() | 1, 5 },
{ IntegerRing() | 2, 6 },
{ IntegerRing() | 3, 12 },
{ IntegerRing() | 4, 15 },
{ IntegerRing() | 7, 10 },
{ IntegerRing() | 8, 9 },
{ IntegerRing() | 11, 18 },
{ IntegerRing() | 13, 19 },
{ IntegerRing() | 14, 17 },
{ IntegerRing() | 16, 20 },
{ IntegerRing() | 21, 23 },
{ IntegerRing() | 22, 28 },
{ IntegerRing() | 24, 26 },
{ IntegerRing() | 25, 27 },
{ IntegerRing() | 29, 31 },
{ IntegerRing() | 30, 32 }
@};
s`SolvableDBBelyiMapTiming := 14.540p15;
s`SolvableDBSanityCheckTiming := 256.360p15;
s`SolvableDBLocalSanityCheckTiming := 7.200p15;
s`SolvableDBLocalSanityCheckPrime := 8736028057;
s`SolvableDBIsLowGenusOrHyperelliptic := false;
s`SolvableDBIsRamifiedAtEveryLevel := true;

/*
Permutations and Passports
*/

s`SolvableDBGaloisOrbit := [ PowerSequence(PermutationGroup<32 |  
\[ 2, 3, 4, 5, 6, 7, 8, 9, 10, 11, 12, 13, 14, 15, 16, 17, 18, 19, 20, 21, 22, 23, 24, 25, 26, 27, 28, 29, 30, 31, 32, 1 ],
\[ 2, 1, 3, 4, 5, 6, 7, 8, 9, 10, 11, 12, 13, 14, 15, 16, 17, 18, 19, 20, 21, 22, 23, 24, 25, 26, 27, 28, 29, 30, 31, 32 ]:
 Order := 263130836933693530167218012160000000 >) |
[ PermutationGroup<32 |  
\[ 2, 3, 4, 5, 6, 7, 8, 9, 10, 11, 12, 13, 14, 15, 16, 17, 18, 19, 20, 21, 22, 23, 24, 25, 26, 27, 28, 29, 30, 31, 32, 1 ],
\[ 2, 1, 3, 4, 5, 6, 7, 8, 9, 10, 11, 12, 13, 14, 15, 16, 17, 18, 19, 20, 21, 22, 23, 24, 25, 26, 27, 28, 29, 30, 31, 32 ]:
 Order := 263130836933693530167218012160000000 > |
[ 6, 1, 8, 7, 2, 5, 15, 12, 3, 4, 13, 9, 18, 16, 10, 17, 20, 19, 11, 14, 22, 23, 28, 25, 26, 27, 24, 21, 30, 31, 32, 29 ],
[ 3, 9, 11, 2, 12, 8, 1, 13, 19, 5, 21, 18, 22, 10, 6, 4, 7, 23, 28, 15, 29, 30, 31, 20, 14, 16, 17, 32, 25, 26, 27, 24 ],
[ 4, 10, 2, 14, 15, 7, 16, 1, 5, 20, 9, 6, 3, 24, 17, 25, 26, 8, 12, 27, 19, 11, 13, 31, 32, 29, 30, 18, 28, 21, 22, 23 ]
]
];
s`SolvableDBPassport := [ PowerSequence(PermutationGroup<32 |  
\[ 6, 1, 8, 7, 2, 5, 15, 12, 3, 4, 13, 9, 18, 16, 10, 17, 20, 19, 11, 14, 22, 23, 28, 25, 26, 27, 24, 21, 30, 31, 32, 29 ],
\[ 3, 9, 11, 2, 12, 8, 1, 13, 19, 5, 21, 18, 22, 10, 6, 4, 7, 23, 28, 15, 29, 30, 31, 20, 14, 16, 17, 32, 25, 26, 27, 24 ],
\[ 4, 10, 2, 14, 15, 7, 16, 1, 5, 20, 9, 6, 3, 24, 17, 25, 26, 8, 12, 27, 19, 11, 13, 31, 32, 29, 30, 18, 28, 21, 22, 23 ]:
 Order := 32 >) |
[ PermutationGroup<32 |  
\[ 6, 1, 8, 7, 2, 5, 15, 12, 3, 4, 13, 9, 18, 16, 10, 17, 20, 19, 11, 14, 22, 23, 28, 25, 26, 27, 24, 21, 30, 31, 32, 29 ],
\[ 3, 9, 11, 2, 12, 8, 1, 13, 19, 5, 21, 18, 22, 10, 6, 4, 7, 23, 28, 15, 29, 30, 31, 20, 14, 16, 17, 32, 25, 26, 27, 24 ],
\[ 4, 10, 2, 14, 15, 7, 16, 1, 5, 20, 9, 6, 3, 24, 17, 25, 26, 8, 12, 27, 19, 11, 13, 31, 32, 29, 30, 18, 28, 21, 22, 23 ]:
 Order := 32 > |
[ 6, 1, 8, 7, 2, 5, 15, 12, 3, 4, 13, 9, 18, 16, 10, 17, 20, 19, 11, 14, 22, 23, 28, 25, 26, 27, 24, 21, 30, 31, 32, 29 ],
[ 3, 9, 11, 2, 12, 8, 1, 13, 19, 5, 21, 18, 22, 10, 6, 4, 7, 23, 28, 15, 29, 30, 31, 20, 14, 16, 17, 32, 25, 26, 27, 24 ],
[ 4, 10, 2, 14, 15, 7, 16, 1, 5, 20, 9, 6, 3, 24, 17, 25, 26, 8, 12, 27, 19, 11, 13, 31, 32, 29, 30, 18, 28, 21, 22, 23 ]
]
];
s`SolvableDBPointedPassport := [ PowerSequence(PermutationGroup<32 |  
\[ 6, 1, 8, 7, 2, 5, 15, 12, 3, 4, 13, 9, 18, 16, 10, 17, 20, 19, 11, 14, 22, 23, 28, 25, 26, 27, 24, 21, 30, 31, 32, 29 ],
\[ 3, 9, 11, 2, 12, 8, 1, 13, 19, 5, 21, 18, 22, 10, 6, 4, 7, 23, 28, 15, 29, 30, 31, 20, 14, 16, 17, 32, 25, 26, 27, 24 ],
\[ 4, 10, 2, 14, 15, 7, 16, 1, 5, 20, 9, 6, 3, 24, 17, 25, 26, 8, 12, 27, 19, 11, 13, 31, 32, 29, 30, 18, 28, 21, 22, 23 ]:
 Order := 32 >) |
[ PermutationGroup<32 |  
\[ 6, 1, 8, 7, 2, 5, 15, 12, 3, 4, 13, 9, 18, 16, 10, 17, 20, 19, 11, 14, 22, 23, 28, 25, 26, 27, 24, 21, 30, 31, 32, 29 ],
\[ 3, 9, 11, 2, 12, 8, 1, 13, 19, 5, 21, 18, 22, 10, 6, 4, 7, 23, 28, 15, 29, 30, 31, 20, 14, 16, 17, 32, 25, 26, 27, 24 ],
\[ 4, 10, 2, 14, 15, 7, 16, 1, 5, 20, 9, 6, 3, 24, 17, 25, 26, 8, 12, 27, 19, 11, 13, 31, 32, 29, 30, 18, 28, 21, 22, 23 ]:
 Order := 32 > |
[ 3, 9, 11, 2, 12, 8, 1, 13, 19, 5, 21, 18, 22, 10, 6, 4, 7, 23, 28, 15, 29, 30, 31, 20, 14, 16, 17, 32, 25, 26, 27, 24 ],
[ 4, 10, 2, 14, 15, 7, 16, 1, 5, 20, 9, 6, 3, 24, 17, 25, 26, 8, 12, 27, 19, 11, 13, 31, 32, 29, 30, 18, 28, 21, 22, 23 ],
[ 6, 1, 8, 7, 2, 5, 15, 12, 3, 4, 13, 9, 18, 16, 10, 17, 20, 19, 11, 14, 22, 23, 28, 25, 26, 27, 24, 21, 30, 31, 32, 29 ]
]
];
s`SolvableDBMonodromyGroup := PermutationGroup<32 |  
\[ 6, 1, 8, 7, 2, 5, 15, 12, 3, 4, 13, 9, 18, 16, 10, 17, 20, 19, 11, 14, 22, 23, 28, 25, 26, 27, 24, 21, 30, 31, 32, 29 ],
\[ 3, 9, 11, 2, 12, 8, 1, 13, 19, 5, 21, 18, 22, 10, 6, 4, 7, 23, 28, 15, 29, 30, 31, 20, 14, 16, 17, 32, 25, 26, 27, 24 ],
\[ 4, 10, 2, 14, 15, 7, 16, 1, 5, 20, 9, 6, 3, 24, 17, 25, 26, 8, 12, 27, 19, 11, 13, 31, 32, 29, 30, 18, 28, 21, 22, 23 ] >;
s`SolvableDBAutomorphismGroup := PermutationGroup<32 |  
\[ 31, 30, 27, 22, 29, 32, 23, 24, 26, 21, 17, 25, 20, 11, 28, 13, 18, 14, 16, 19, 7, 15, 10, 9, 3, 8, 12, 4, 1, 6, 5, 2 ],
\[ 27, 26, 17, 30, 25, 24, 31, 20, 16, 29, 7, 14, 15, 21, 32, 22, 23, 10, 4, 28, 1, 6, 5, 19, 11, 13, 18, 2, 3, 8, 12, 9 ],
\[ 32, 31, 24, 23, 30, 29, 28, 25, 27, 22, 20, 26, 14, 13, 21, 18, 19, 16, 17, 11, 15, 10, 4, 3, 8, 12, 9, 7, 6, 5, 2, 1 ]:
 Order := 32 >;
s`SolvableDBPointedAutomorphismGroup := PermutationGroup<32 |  
\[ 5, 6, 12, 15, 1, 2, 10, 9, 8, 7, 18, 3, 19, 17, 4, 20, 14, 11, 13, 16, 23, 28, 21, 26, 27, 24, 25, 22, 31, 32, 29, 30 ],
\[ 6, 1, 8, 7, 2, 5, 15, 12, 3, 4, 13, 9, 18, 16, 10, 17, 20, 19, 11, 14, 22, 23, 28, 25, 26, 27, 24, 21, 30, 31, 32, 29 ]:
 Order := 4 >;

/*
Top Level Belyi Curve/Map
*/

/*
K<nu> := NumberField(Polynomial([RationalField() | 1, 0, 0, 0, 1]));
PX<x1, x2, x3> := PolynomialRing(K, 3);
AA<x1, x2, x3> := AffineSpace(PX);
I<x1, x2, x3> := ideal< PX | [
x2^3*x3^6 + 1/563499910594562*(-193*nu^3 - 16*nu^2 + 193*nu)*x1^3*x3^4 - 1/1074266176*x2*x3^6 + 1/19375893900419780774490113*(-360578808265673956*nu^3 - 1465516620291606846*nu^2 + 360578808265673956*nu)*x1^3*x2*x3^2 + 1/281749955297281*(96*nu^3 + 96*nu + 4)*x1^2*x3^4 + 1/16785409*(-20*nu^3 - 20*nu + 126)*x2^2*x3^4 + 1/68769820673*(16640*nu^3 + 65552*nu^2 - 16640*nu)*x1^3*x2^2 + 1/77503575601679123097960452*(2512016040159111064*nu^3 + 2512016040159111064*nu + 10525493635128091455)*x1^2*x2*x3^2 - 4/4097*x2^3*x3^2 + 1/281749955297281*(32*nu^3 - 32*nu)*x1*x3^4 + 1/79383037310019841833085992961*(-75088858017827968*nu^3 - 75088858017827968*nu - 511959333642383456)*x1^4 + 1/281749955297281*(52179392*nu^3 + 52179392*nu - 235905004)*x1^2*x2^2 + 1/19375893900419780774490113*(395342657708670076*nu^3 + 1796713709760571984*nu^2 - 395342657708670076*nu)*x1*x2*x3^2 + 1/281749955297281*(-4*nu^3 - 4*nu)*x3^4 + 1/79383037310019841833085992961*(-85162087231634688*nu^3 - 1042729624978507776*nu^2 + 85162087231634688*nu)*x1^3 + 1/1154329566852960257*(-23361423776*nu^3 + 25476056046*nu^2 + 23361423776*nu)*x1*x2^2 + 1/19375893900419780774490113*(-85478532496394848*nu^3 - 85478532496394848*nu - 423617268379372604)*x2*x3^2 + 1/79383037310019841833085992961*(31208778264579904*nu^3 + 31208778264579904*nu + 783287000790964736)*x1^2 + 1/4729288235396578172929*(9685797320968*nu^3 + 9685797320968*nu + 510356049361658)*x2^2 + 1/79383037310019841833085992961*(4959128228335616*nu^3 + 261302297273168896*nu^2 - 4959128228335616*nu)*x1 + 1/79383037310019841833085992961*(-619891028541952*nu^3 - 619891028541952*nu - 32662787159146112),
x1^3*x2^2*x3^2 + 1/75794436*(17456825360*nu^3 - 68769820673*nu^2 - 17456825360*nu)*x2^3*x3^4 + 1/5804*(-672*nu^3 + 9813*nu^2 + 672*nu)*x1^2*x2^2*x3^2 + 1/103509934764*(578392*nu^3 - 5630977*nu^2 - 578392*nu)*x1^4*x2 + 1/282720135152072*(-86009*nu^3 - 86009*nu - 51888)*x1^3*x3^2 + 1/151588872*(16764928*nu^3 + 16764928*nu - 159621121)*x1*x2^2*x3^2 + 1/4850843904*(-1040*nu^3 + 4097*nu^2 + 1040*nu)*x2*x3^4 + 1/1272240608184324*(-23535887896*nu^3 - 23535887896*nu + 137503440319)*x1^3*x2 + 1/318060152046081*(-97288*nu^3 - 54017*nu^2 + 97288*nu)*x1^2*x3^2 + 1/75794436*(2210300*nu^3 - 17817215*nu^2 - 2210300*nu)*x2^2*x3^2 + 1/1696320810912432*(-29890619216*nu^3 + 135964420715*nu^2 + 29890619216*nu)*x1^2*x2 + 1/18948609*(-4260880*nu^3 + 16785409*nu^2 + 4260880*nu)*x2^3 + 1/318060152046081*(32776*nu^3 + 32776*nu + 16640)*x1*x3^2 + 1/212040101364054*(1405818283*nu^3 + 1405818283*nu - 5660932768)*x1*x2 + 1/318060152046081*(4097*nu^3 + 2080*nu^2 - 4097*nu)*x3^2 + 1/77632451073*(66560*nu^3 - 262208*nu^2 - 66560*nu)*x2,
x1^4*x2^2 + 1/131104*(-8*nu^3 + 63*nu^2 + 8*nu)*x1^3*x2*x3^2 + 1/8194*(-1040*nu^3 + 12287*nu^2 + 1040*nu)*x1^3*x2^2 + 1/16388*(nu^3 + nu - 16)*x1^2*x2*x3^2 - 4097/4*x2^3*x3^2 + 1/16785409*x1^4 + 1/16388*(1528*nu^3 + 1528*nu - 12033)*x1^2*x2^2 + 1/65552*(nu^3 - 48*nu^2 - nu)*x1*x2*x3^2 + 1/68769820673*(-520*nu^3 + 8192*nu^2 + 520*nu)*x1^3 + 1/32776*(520*nu^3 - 4095*nu^2 - 520*nu)*x1*x2^2 + 3/16388*x2*x3^2 + 1/68769820673*(642*nu^3 + 642*nu - 6080)*x1^2 + 1/65552*(8*nu^3 + 8*nu - 63)*x2^2 + 1/68769820673*(256*nu^3 - 2016*nu^2 - 256*nu)*x1 + 1/68769820673*(-32*nu^3 - 32*nu + 252),
x1^4*x3^2 + (-128*nu^3 - 128*nu - 1008)*x1^4*x2 + 1/4097*(520*nu^3 + 8192*nu^2 - 520*nu)*x1^3*x3^2 + (-64*nu^3 - 1544*nu^2 + 64*nu)*x1^3*x2 + 1/4097*(-642*nu^3 - 642*nu - 6080)*x1^2*x3^2 + (131104*nu^3 + 131104*nu + 1032444)*x2^2*x3^2 + 764*x1^2*x2 + 1/4097*(-256*nu^3 - 2016*nu^2 + 256*nu)*x1*x3^2 + 130*nu^2*x1*x2 + 1/4097*(32*nu^3 + 32*nu + 252)*x3^2,
x1*x2*x3^4 + 1/16785409*(5242112*nu^3 + 7194592*nu^2 - 5242112*nu)*x1^4*x2 + 1/68769820673*(13036528*nu^3 + 13036528*nu - 4326400)*x1^3*x3^2 + 1/2*nu^2*x2*x3^4 + 1/16785409*(-6947456*nu^3 - 6947456*nu - 12119056)*x1^3*x2 + 1/68769820673*(16902144*nu^3 - 5341440*nu^2 - 16902144*nu)*x1^2*x3^2 + 1/4097*(-1310528*nu^3 - 1798648*nu^2 + 1310528*nu)*x2^2*x3^2 + 1/16785409*(-3178240*nu^3 - 6260216*nu^2 + 3178240*nu)*x1^2*x2 + 1/68769820673*(-7337728*nu^3 - 7337728*nu + 2129920)*x1*x3^2 + 1/16785409*(540800*nu^3 + 540800*nu + 1048832)*x1*x2 + 1/68769820673*(-1048320*nu^3 + 266240*nu^2 + 1048320*nu)*x3^2,
x1^5 + 1/4097*(-520*nu^3 + 8192*nu^2 + 520*nu)*x1^4 - 4097/4*x1*x2*x3^2 + 1/4097*(642*nu^3 + 642*nu - 6080)*x1^3 - 4097/8*nu^2*x2*x3^2 + 1/4097*(256*nu^3 - 2016*nu^2 - 256*nu)*x1^2 + 1/4097*(-32*nu^3 - 32*nu + 252)*x1
] >;
X<x1, x2, x3> := Curve(AA, I);
KX<x1, x2, x3> := FunctionField(X);
s`SolvableDBBelyiCurve := X;
s`SolvableDBBelyiMap := KX!((4097/4096*x1^8 + 4*nu^2*x1^7 - 7*x1^6 - 7*nu^2*x1^5 + 35/8*x1^4 + 7/4*nu^2*x1^3 - 7/16*x1^2 - 1/16*nu^2*x1 + 1/256)/(x1^8 + 4*nu^2*x1^7 - 7*x1^6 - 7*nu^2*x1^5 + 35/8*x1^4 + 7/4*nu^2*x1^3 - 7/16*x1^2 - 1/16*nu^2*x1 + 1/256));
*/

/*
Graph Data
*/

s`SolvableDBPathToPP1 := [ Strings() | "PP1", "2T1-1,2,2-g0-path1", "4T1-1,4,4-g0-path1", "8T2-2,4,4-g1-path1", "16T5-2,8,8-g3-path3", "32S16-4,16,16-g11-path5" ];
s`SolvableDBParents := [ Strings() | "64S50-8,32,32-g27-path13", "64S51-8,32,32-g27-path9", "64S50-8,32,32-g27-path14", "64S51-8,32,32-g27-path10", "64S44-4,16,16-g21-path60", "64S26-4,16,16-g21-path14", "64S29-4,16,16-g21-path5" ];
s`SolvableDBChildren := [ Strings() | "16T5-2,8,8-g3-path3" ];

/*
Return for eval
*/

return s;
