s := SolvableDBInitialize();

/*
Magma printing
*/

s`SolvableDBName := "32S1-16,32,32-g15-path3-notcomputed";
s`SolvableDBFilename := "32S1-16,32,32-g15-path3-notcomputed.m";
s`SolvableDBPassportName := "32S1-16,32,32-g15";
s`SolvableDBPathNumber := 3;
s`SolvableDBDegree := 32;
s`SolvableDBOrders := \[ 16, 32, 32 ];
s`SolvableDBType := "Hyperbolic";
s`SolvableDBGenus := 15;
s`SolvableDBGaloisOrbitSize := 2;
s`SolvableDBPassportSize := 8;
s`SolvableDBPointedPassportSize := 8;
s`SolvableDBLevel := 5;
s`SolvableDBBlocks := {@ PowerSet(IntegerRing()) |
{ IntegerRing() | 1, 5 },
{ IntegerRing() | 2, 10 },
{ IntegerRing() | 3, 12 },
{ IntegerRing() | 4, 14 },
{ IntegerRing() | 6, 17 },
{ IntegerRing() | 7, 18 },
{ IntegerRing() | 8, 19 },
{ IntegerRing() | 9, 21 },
{ IntegerRing() | 11, 23 },
{ IntegerRing() | 13, 26 },
{ IntegerRing() | 15, 29 },
{ IntegerRing() | 16, 30 },
{ IntegerRing() | 20, 31 },
{ IntegerRing() | 22, 25 },
{ IntegerRing() | 24, 27 },
{ IntegerRing() | 28, 32 }
@};
s`SolvableDBIsRamifiedAtEveryLevel := true;
s`SolvableDBGaloisOrbit := [ PowerSequence(PermutationGroup<32 |  
\[ 2, 3, 4, 5, 6, 7, 8, 9, 10, 11, 12, 13, 14, 15, 16, 17, 18, 19, 20, 21, 22, 23, 24, 25, 26, 27, 28, 29, 30, 31, 32, 1 ],
\[ 2, 1, 3, 4, 5, 6, 7, 8, 9, 10, 11, 12, 13, 14, 15, 16, 17, 18, 19, 20, 21, 22, 23, 24, 25, 26, 27, 28, 29, 30, 31, 32 ]:
 Order := 263130836933693530167218012160000000 >) |
[ PermutationGroup<32 |  
\[ 2, 3, 4, 5, 6, 7, 8, 9, 10, 11, 12, 13, 14, 15, 16, 17, 18, 19, 20, 21, 22, 23, 24, 25, 26, 27, 28, 29, 30, 31, 32, 1 ],
\[ 2, 1, 3, 4, 5, 6, 7, 8, 9, 10, 11, 12, 13, 14, 15, 16, 17, 18, 19, 20, 21, 22, 23, 24, 25, 26, 27, 28, 29, 30, 31, 32 ]:
 Order := 263130836933693530167218012160000000 > |
[ 2, 9, 8, 7, 10, 1, 3, 11, 20, 21, 22, 19, 16, 18, 4, 6, 5, 12, 23, 24, 31, 32, 25, 26, 28, 30, 13, 15, 14, 17, 27, 29 ],
[ 3, 8, 2, 6, 12, 7, 1, 9, 11, 19, 20, 10, 15, 17, 16, 4, 18, 5, 21, 22, 23, 24, 31, 32, 27, 29, 28, 13, 30, 14, 25, 26 ],
[ 4, 7, 6, 13, 14, 15, 16, 1, 3, 18, 2, 17, 25, 26, 27, 28, 29, 30, 5, 8, 12, 9, 10, 11, 21, 22, 23, 31, 24, 32, 19, 20 ]
],
[ PermutationGroup<32 |  
\[ 2, 3, 4, 5, 6, 7, 8, 9, 10, 11, 12, 13, 14, 15, 16, 17, 18, 19, 20, 21, 22, 23, 24, 25, 26, 27, 28, 29, 30, 31, 32, 1 ],
\[ 2, 1, 3, 4, 5, 6, 7, 8, 9, 10, 11, 12, 13, 14, 15, 16, 17, 18, 19, 20, 21, 22, 23, 24, 25, 26, 27, 28, 29, 30, 31, 32 ]:
 Order := 263130836933693530167218012160000000 > |
[ 10, 21, 19, 18, 2, 5, 12, 23, 31, 9, 25, 8, 30, 7, 14, 17, 1, 3, 11, 27, 20, 28, 22, 13, 32, 16, 26, 29, 4, 6, 24, 15 ],
[ 3, 8, 2, 6, 12, 7, 1, 9, 11, 19, 20, 10, 15, 17, 16, 4, 18, 5, 21, 22, 23, 24, 31, 32, 27, 29, 28, 13, 30, 14, 25, 26 ],
[ 14, 18, 17, 26, 4, 29, 30, 5, 12, 7, 10, 6, 22, 13, 24, 32, 15, 16, 1, 19, 3, 21, 2, 23, 9, 25, 11, 20, 27, 28, 8, 31 ]
]
];
s`SolvableDBPassport := [ PowerSequence(PermutationGroup<32 |  
\[ 10, 21, 19, 18, 2, 5, 12, 23, 31, 9, 25, 8, 30, 7, 14, 17, 1, 3, 11, 27, 20, 28, 22, 13, 32, 16, 26, 29, 4, 6, 24, 15 ],
\[ 3, 8, 2, 6, 12, 7, 1, 9, 11, 19, 20, 10, 15, 17, 16, 4, 18, 5, 21, 22, 23, 24, 31, 32, 27, 29, 28, 13, 30, 14, 25, 26 ],
\[ 14, 18, 17, 26, 4, 29, 30, 5, 12, 7, 10, 6, 22, 13, 24, 32, 15, 16, 1, 19, 3, 21, 2, 23, 9, 25, 11, 20, 27, 28, 8, 31 ]:
 Order := 32 >) |
[ PermutationGroup<32 |  
\[ 10, 21, 19, 18, 2, 5, 12, 23, 31, 9, 25, 8, 30, 7, 14, 17, 1, 3, 11, 27, 20, 28, 22, 13, 32, 16, 26, 29, 4, 6, 24, 15 ],
\[ 3, 8, 2, 6, 12, 7, 1, 9, 11, 19, 20, 10, 15, 17, 16, 4, 18, 5, 21, 22, 23, 24, 31, 32, 27, 29, 28, 13, 30, 14, 25, 26 ],
\[ 14, 18, 17, 26, 4, 29, 30, 5, 12, 7, 10, 6, 22, 13, 24, 32, 15, 16, 1, 19, 3, 21, 2, 23, 9, 25, 11, 20, 27, 28, 8, 31 ]:
 Order := 32 > |
[ 6, 1, 7, 15, 17, 16, 4, 3, 2, 5, 8, 18, 27, 29, 28, 13, 30, 14, 12, 9, 10, 11, 19, 20, 23, 24, 31, 25, 32, 26, 21, 22 ],
[ 3, 8, 2, 6, 12, 7, 1, 9, 11, 19, 20, 10, 15, 17, 16, 4, 18, 5, 21, 22, 23, 24, 31, 32, 27, 29, 28, 13, 30, 14, 25, 26 ],
[ 3, 8, 2, 6, 12, 7, 1, 9, 11, 19, 20, 10, 15, 17, 16, 4, 18, 5, 21, 22, 23, 24, 31, 32, 27, 29, 28, 13, 30, 14, 25, 26 ]
],
[ PermutationGroup<32 |  
\[ 10, 21, 19, 18, 2, 5, 12, 23, 31, 9, 25, 8, 30, 7, 14, 17, 1, 3, 11, 27, 20, 28, 22, 13, 32, 16, 26, 29, 4, 6, 24, 15 ],
\[ 3, 8, 2, 6, 12, 7, 1, 9, 11, 19, 20, 10, 15, 17, 16, 4, 18, 5, 21, 22, 23, 24, 31, 32, 27, 29, 28, 13, 30, 14, 25, 26 ],
\[ 14, 18, 17, 26, 4, 29, 30, 5, 12, 7, 10, 6, 22, 13, 24, 32, 15, 16, 1, 19, 3, 21, 2, 23, 9, 25, 11, 20, 27, 28, 8, 31 ]:
 Order := 32 > |
[ 17, 5, 18, 29, 6, 30, 14, 12, 10, 1, 19, 7, 24, 15, 32, 26, 16, 4, 3, 21, 2, 23, 8, 31, 11, 27, 20, 22, 28, 13, 9, 25 ],
[ 3, 8, 2, 6, 12, 7, 1, 9, 11, 19, 20, 10, 15, 17, 16, 4, 18, 5, 21, 22, 23, 24, 31, 32, 27, 29, 28, 13, 30, 14, 25, 26 ],
[ 12, 19, 10, 17, 3, 18, 5, 21, 23, 8, 31, 2, 29, 6, 30, 14, 7, 1, 9, 25, 11, 27, 20, 28, 24, 15, 32, 26, 16, 4, 22, 13 ]
],
[ PermutationGroup<32 |  
\[ 10, 21, 19, 18, 2, 5, 12, 23, 31, 9, 25, 8, 30, 7, 14, 17, 1, 3, 11, 27, 20, 28, 22, 13, 32, 16, 26, 29, 4, 6, 24, 15 ],
\[ 3, 8, 2, 6, 12, 7, 1, 9, 11, 19, 20, 10, 15, 17, 16, 4, 18, 5, 21, 22, 23, 24, 31, 32, 27, 29, 28, 13, 30, 14, 25, 26 ],
\[ 14, 18, 17, 26, 4, 29, 30, 5, 12, 7, 10, 6, 22, 13, 24, 32, 15, 16, 1, 19, 3, 21, 2, 23, 9, 25, 11, 20, 27, 28, 8, 31 ]:
 Order := 32 > |
[ 10, 21, 19, 18, 2, 5, 12, 23, 31, 9, 25, 8, 30, 7, 14, 17, 1, 3, 11, 27, 20, 28, 22, 13, 32, 16, 26, 29, 4, 6, 24, 15 ],
[ 3, 8, 2, 6, 12, 7, 1, 9, 11, 19, 20, 10, 15, 17, 16, 4, 18, 5, 21, 22, 23, 24, 31, 32, 27, 29, 28, 13, 30, 14, 25, 26 ],
[ 14, 18, 17, 26, 4, 29, 30, 5, 12, 7, 10, 6, 22, 13, 24, 32, 15, 16, 1, 19, 3, 21, 2, 23, 9, 25, 11, 20, 27, 28, 8, 31 ]
],
[ PermutationGroup<32 |  
\[ 10, 21, 19, 18, 2, 5, 12, 23, 31, 9, 25, 8, 30, 7, 14, 17, 1, 3, 11, 27, 20, 28, 22, 13, 32, 16, 26, 29, 4, 6, 24, 15 ],
\[ 3, 8, 2, 6, 12, 7, 1, 9, 11, 19, 20, 10, 15, 17, 16, 4, 18, 5, 21, 22, 23, 24, 31, 32, 27, 29, 28, 13, 30, 14, 25, 26 ],
\[ 14, 18, 17, 26, 4, 29, 30, 5, 12, 7, 10, 6, 22, 13, 24, 32, 15, 16, 1, 19, 3, 21, 2, 23, 9, 25, 11, 20, 27, 28, 8, 31 ]:
 Order := 32 > |
[ 2, 9, 8, 7, 10, 1, 3, 11, 20, 21, 22, 19, 16, 18, 4, 6, 5, 12, 23, 24, 31, 32, 25, 26, 28, 30, 13, 15, 14, 17, 27, 29 ],
[ 3, 8, 2, 6, 12, 7, 1, 9, 11, 19, 20, 10, 15, 17, 16, 4, 18, 5, 21, 22, 23, 24, 31, 32, 27, 29, 28, 13, 30, 14, 25, 26 ],
[ 4, 7, 6, 13, 14, 15, 16, 1, 3, 18, 2, 17, 25, 26, 27, 28, 29, 30, 5, 8, 12, 9, 10, 11, 21, 22, 23, 31, 24, 32, 19, 20 ]
],
[ PermutationGroup<32 |  
\[ 10, 21, 19, 18, 2, 5, 12, 23, 31, 9, 25, 8, 30, 7, 14, 17, 1, 3, 11, 27, 20, 28, 22, 13, 32, 16, 26, 29, 4, 6, 24, 15 ],
\[ 3, 8, 2, 6, 12, 7, 1, 9, 11, 19, 20, 10, 15, 17, 16, 4, 18, 5, 21, 22, 23, 24, 31, 32, 27, 29, 28, 13, 30, 14, 25, 26 ],
\[ 14, 18, 17, 26, 4, 29, 30, 5, 12, 7, 10, 6, 22, 13, 24, 32, 15, 16, 1, 19, 3, 21, 2, 23, 9, 25, 11, 20, 27, 28, 8, 31 ]:
 Order := 32 > |
[ 20, 24, 22, 8, 31, 9, 11, 32, 26, 27, 29, 25, 1, 19, 3, 2, 21, 23, 28, 30, 13, 14, 15, 17, 4, 5, 6, 7, 12, 10, 16, 18 ],
[ 3, 8, 2, 6, 12, 7, 1, 9, 11, 19, 20, 10, 15, 17, 16, 4, 18, 5, 21, 22, 23, 24, 31, 32, 27, 29, 28, 13, 30, 14, 25, 26 ],
[ 28, 15, 13, 31, 32, 25, 27, 16, 4, 29, 6, 26, 19, 20, 21, 23, 22, 24, 30, 7, 14, 1, 17, 3, 5, 8, 12, 10, 9, 11, 18, 2 ]
],
[ PermutationGroup<32 |  
\[ 10, 21, 19, 18, 2, 5, 12, 23, 31, 9, 25, 8, 30, 7, 14, 17, 1, 3, 11, 27, 20, 28, 22, 13, 32, 16, 26, 29, 4, 6, 24, 15 ],
\[ 3, 8, 2, 6, 12, 7, 1, 9, 11, 19, 20, 10, 15, 17, 16, 4, 18, 5, 21, 22, 23, 24, 31, 32, 27, 29, 28, 13, 30, 14, 25, 26 ],
\[ 14, 18, 17, 26, 4, 29, 30, 5, 12, 7, 10, 6, 22, 13, 24, 32, 15, 16, 1, 19, 3, 21, 2, 23, 9, 25, 11, 20, 27, 28, 8, 31 ]:
 Order := 32 > |
[ 31, 27, 25, 19, 20, 21, 23, 28, 13, 24, 15, 22, 5, 8, 12, 10, 9, 11, 32, 16, 26, 4, 29, 6, 14, 1, 17, 18, 3, 2, 30, 7 ],
[ 3, 8, 2, 6, 12, 7, 1, 9, 11, 19, 20, 10, 15, 17, 16, 4, 18, 5, 21, 22, 23, 24, 31, 32, 27, 29, 28, 13, 30, 14, 25, 26 ],
[ 32, 29, 26, 20, 28, 22, 24, 30, 14, 15, 17, 13, 8, 31, 9, 11, 25, 27, 16, 18, 4, 5, 6, 12, 1, 19, 3, 2, 21, 23, 7, 10 ]
],
[ PermutationGroup<32 |  
\[ 10, 21, 19, 18, 2, 5, 12, 23, 31, 9, 25, 8, 30, 7, 14, 17, 1, 3, 11, 27, 20, 28, 22, 13, 32, 16, 26, 29, 4, 6, 24, 15 ],
\[ 3, 8, 2, 6, 12, 7, 1, 9, 11, 19, 20, 10, 15, 17, 16, 4, 18, 5, 21, 22, 23, 24, 31, 32, 27, 29, 28, 13, 30, 14, 25, 26 ],
\[ 14, 18, 17, 26, 4, 29, 30, 5, 12, 7, 10, 6, 22, 13, 24, 32, 15, 16, 1, 19, 3, 21, 2, 23, 9, 25, 11, 20, 27, 28, 8, 31 ]:
 Order := 32 > |
[ 13, 16, 15, 25, 26, 27, 28, 4, 6, 30, 7, 29, 21, 22, 23, 31, 24, 32, 14, 1, 17, 3, 18, 2, 12, 9, 10, 19, 11, 20, 5, 8 ],
[ 3, 8, 2, 6, 12, 7, 1, 9, 11, 19, 20, 10, 15, 17, 16, 4, 18, 5, 21, 22, 23, 24, 31, 32, 27, 29, 28, 13, 30, 14, 25, 26 ],
[ 11, 22, 20, 2, 23, 8, 9, 24, 32, 25, 26, 31, 7, 10, 1, 3, 19, 21, 27, 29, 28, 30, 13, 14, 16, 18, 4, 6, 5, 12, 15, 17 ]
],
[ PermutationGroup<32 |  
\[ 10, 21, 19, 18, 2, 5, 12, 23, 31, 9, 25, 8, 30, 7, 14, 17, 1, 3, 11, 27, 20, 28, 22, 13, 32, 16, 26, 29, 4, 6, 24, 15 ],
\[ 3, 8, 2, 6, 12, 7, 1, 9, 11, 19, 20, 10, 15, 17, 16, 4, 18, 5, 21, 22, 23, 24, 31, 32, 27, 29, 28, 13, 30, 14, 25, 26 ],
\[ 14, 18, 17, 26, 4, 29, 30, 5, 12, 7, 10, 6, 22, 13, 24, 32, 15, 16, 1, 19, 3, 21, 2, 23, 9, 25, 11, 20, 27, 28, 8, 31 ]:
 Order := 32 > |
[ 26, 30, 29, 22, 13, 24, 32, 14, 17, 16, 18, 15, 9, 25, 11, 20, 27, 28, 4, 5, 6, 12, 7, 10, 3, 21, 2, 8, 23, 31, 1, 19 ],
[ 3, 8, 2, 6, 12, 7, 1, 9, 11, 19, 20, 10, 15, 17, 16, 4, 18, 5, 21, 22, 23, 24, 31, 32, 27, 29, 28, 13, 30, 14, 25, 26 ],
[ 23, 25, 31, 10, 11, 19, 21, 27, 28, 22, 13, 20, 18, 2, 5, 12, 8, 9, 24, 15, 32, 16, 26, 4, 30, 7, 14, 17, 1, 3, 29, 6 ]
]
];
s`SolvableDBPointedPassport := [ PowerSequence(PermutationGroup<32 |  
\[ 2, 3, 4, 5, 6, 7, 8, 9, 10, 11, 12, 13, 14, 15, 16, 17, 18, 19, 20, 21, 22, 23, 24, 25, 26, 27, 28, 29, 30, 31, 32, 1 ],
\[ 2, 1, 3, 4, 5, 6, 7, 8, 9, 10, 11, 12, 13, 14, 15, 16, 17, 18, 19, 20, 21, 22, 23, 24, 25, 26, 27, 28, 29, 30, 31, 32 ]:
 Order := 263130836933693530167218012160000000 >) |
[ PermutationGroup<32 |  
\[ 2, 3, 4, 5, 6, 7, 8, 9, 10, 11, 12, 13, 14, 15, 16, 17, 18, 19, 20, 21, 22, 23, 24, 25, 26, 27, 28, 29, 30, 31, 32, 1 ],
\[ 2, 1, 3, 4, 5, 6, 7, 8, 9, 10, 11, 12, 13, 14, 15, 16, 17, 18, 19, 20, 21, 22, 23, 24, 25, 26, 27, 28, 29, 30, 31, 32 ]:
 Order := 263130836933693530167218012160000000 > |
[ 3, 8, 2, 6, 12, 7, 1, 9, 11, 19, 20, 10, 15, 17, 16, 4, 18, 5, 21, 22, 23, 24, 31, 32, 27, 29, 28, 13, 30, 14, 25, 26 ],
[ 3, 8, 2, 6, 12, 7, 1, 9, 11, 19, 20, 10, 15, 17, 16, 4, 18, 5, 21, 22, 23, 24, 31, 32, 27, 29, 28, 13, 30, 14, 25, 26 ],
[ 6, 1, 7, 15, 17, 16, 4, 3, 2, 5, 8, 18, 27, 29, 28, 13, 30, 14, 12, 9, 10, 11, 19, 20, 23, 24, 31, 25, 32, 26, 21, 22 ]
],
[ PermutationGroup<32 |  
\[ 2, 3, 4, 5, 6, 7, 8, 9, 10, 11, 12, 13, 14, 15, 16, 17, 18, 19, 20, 21, 22, 23, 24, 25, 26, 27, 28, 29, 30, 31, 32, 1 ],
\[ 2, 1, 3, 4, 5, 6, 7, 8, 9, 10, 11, 12, 13, 14, 15, 16, 17, 18, 19, 20, 21, 22, 23, 24, 25, 26, 27, 28, 29, 30, 31, 32 ]:
 Order := 263130836933693530167218012160000000 > |
[ 3, 8, 2, 6, 12, 7, 1, 9, 11, 19, 20, 10, 15, 17, 16, 4, 18, 5, 21, 22, 23, 24, 31, 32, 27, 29, 28, 13, 30, 14, 25, 26 ],
[ 12, 19, 10, 17, 3, 18, 5, 21, 23, 8, 31, 2, 29, 6, 30, 14, 7, 1, 9, 25, 11, 27, 20, 28, 24, 15, 32, 26, 16, 4, 22, 13 ],
[ 17, 5, 18, 29, 6, 30, 14, 12, 10, 1, 19, 7, 24, 15, 32, 26, 16, 4, 3, 21, 2, 23, 8, 31, 11, 27, 20, 22, 28, 13, 9, 25 ]
],
[ PermutationGroup<32 |  
\[ 2, 3, 4, 5, 6, 7, 8, 9, 10, 11, 12, 13, 14, 15, 16, 17, 18, 19, 20, 21, 22, 23, 24, 25, 26, 27, 28, 29, 30, 31, 32, 1 ],
\[ 2, 1, 3, 4, 5, 6, 7, 8, 9, 10, 11, 12, 13, 14, 15, 16, 17, 18, 19, 20, 21, 22, 23, 24, 25, 26, 27, 28, 29, 30, 31, 32 ]:
 Order := 263130836933693530167218012160000000 > |
[ 3, 8, 2, 6, 12, 7, 1, 9, 11, 19, 20, 10, 15, 17, 16, 4, 18, 5, 21, 22, 23, 24, 31, 32, 27, 29, 28, 13, 30, 14, 25, 26 ],
[ 4, 7, 6, 13, 14, 15, 16, 1, 3, 18, 2, 17, 25, 26, 27, 28, 29, 30, 5, 8, 12, 9, 10, 11, 21, 22, 23, 31, 24, 32, 19, 20 ],
[ 2, 9, 8, 7, 10, 1, 3, 11, 20, 21, 22, 19, 16, 18, 4, 6, 5, 12, 23, 24, 31, 32, 25, 26, 28, 30, 13, 15, 14, 17, 27, 29 ]
],
[ PermutationGroup<32 |  
\[ 2, 3, 4, 5, 6, 7, 8, 9, 10, 11, 12, 13, 14, 15, 16, 17, 18, 19, 20, 21, 22, 23, 24, 25, 26, 27, 28, 29, 30, 31, 32, 1 ],
\[ 2, 1, 3, 4, 5, 6, 7, 8, 9, 10, 11, 12, 13, 14, 15, 16, 17, 18, 19, 20, 21, 22, 23, 24, 25, 26, 27, 28, 29, 30, 31, 32 ]:
 Order := 263130836933693530167218012160000000 > |
[ 3, 8, 2, 6, 12, 7, 1, 9, 11, 19, 20, 10, 15, 17, 16, 4, 18, 5, 21, 22, 23, 24, 31, 32, 27, 29, 28, 13, 30, 14, 25, 26 ],
[ 14, 18, 17, 26, 4, 29, 30, 5, 12, 7, 10, 6, 22, 13, 24, 32, 15, 16, 1, 19, 3, 21, 2, 23, 9, 25, 11, 20, 27, 28, 8, 31 ],
[ 10, 21, 19, 18, 2, 5, 12, 23, 31, 9, 25, 8, 30, 7, 14, 17, 1, 3, 11, 27, 20, 28, 22, 13, 32, 16, 26, 29, 4, 6, 24, 15 ]
],
[ PermutationGroup<32 |  
\[ 2, 3, 4, 5, 6, 7, 8, 9, 10, 11, 12, 13, 14, 15, 16, 17, 18, 19, 20, 21, 22, 23, 24, 25, 26, 27, 28, 29, 30, 31, 32, 1 ],
\[ 2, 1, 3, 4, 5, 6, 7, 8, 9, 10, 11, 12, 13, 14, 15, 16, 17, 18, 19, 20, 21, 22, 23, 24, 25, 26, 27, 28, 29, 30, 31, 32 ]:
 Order := 263130836933693530167218012160000000 > |
[ 3, 8, 2, 6, 12, 7, 1, 9, 11, 19, 20, 10, 15, 17, 16, 4, 18, 5, 21, 22, 23, 24, 31, 32, 27, 29, 28, 13, 30, 14, 25, 26 ],
[ 28, 15, 13, 31, 32, 25, 27, 16, 4, 29, 6, 26, 19, 20, 21, 23, 22, 24, 30, 7, 14, 1, 17, 3, 5, 8, 12, 10, 9, 11, 18, 2 ],
[ 20, 24, 22, 8, 31, 9, 11, 32, 26, 27, 29, 25, 1, 19, 3, 2, 21, 23, 28, 30, 13, 14, 15, 17, 4, 5, 6, 7, 12, 10, 16, 18 ]
],
[ PermutationGroup<32 |  
\[ 2, 3, 4, 5, 6, 7, 8, 9, 10, 11, 12, 13, 14, 15, 16, 17, 18, 19, 20, 21, 22, 23, 24, 25, 26, 27, 28, 29, 30, 31, 32, 1 ],
\[ 2, 1, 3, 4, 5, 6, 7, 8, 9, 10, 11, 12, 13, 14, 15, 16, 17, 18, 19, 20, 21, 22, 23, 24, 25, 26, 27, 28, 29, 30, 31, 32 ]:
 Order := 263130836933693530167218012160000000 > |
[ 3, 8, 2, 6, 12, 7, 1, 9, 11, 19, 20, 10, 15, 17, 16, 4, 18, 5, 21, 22, 23, 24, 31, 32, 27, 29, 28, 13, 30, 14, 25, 26 ],
[ 32, 29, 26, 20, 28, 22, 24, 30, 14, 15, 17, 13, 8, 31, 9, 11, 25, 27, 16, 18, 4, 5, 6, 12, 1, 19, 3, 2, 21, 23, 7, 10 ],
[ 31, 27, 25, 19, 20, 21, 23, 28, 13, 24, 15, 22, 5, 8, 12, 10, 9, 11, 32, 16, 26, 4, 29, 6, 14, 1, 17, 18, 3, 2, 30, 7 ]
],
[ PermutationGroup<32 |  
\[ 2, 3, 4, 5, 6, 7, 8, 9, 10, 11, 12, 13, 14, 15, 16, 17, 18, 19, 20, 21, 22, 23, 24, 25, 26, 27, 28, 29, 30, 31, 32, 1 ],
\[ 2, 1, 3, 4, 5, 6, 7, 8, 9, 10, 11, 12, 13, 14, 15, 16, 17, 18, 19, 20, 21, 22, 23, 24, 25, 26, 27, 28, 29, 30, 31, 32 ]:
 Order := 263130836933693530167218012160000000 > |
[ 3, 8, 2, 6, 12, 7, 1, 9, 11, 19, 20, 10, 15, 17, 16, 4, 18, 5, 21, 22, 23, 24, 31, 32, 27, 29, 28, 13, 30, 14, 25, 26 ],
[ 23, 25, 31, 10, 11, 19, 21, 27, 28, 22, 13, 20, 18, 2, 5, 12, 8, 9, 24, 15, 32, 16, 26, 4, 30, 7, 14, 17, 1, 3, 29, 6 ],
[ 26, 30, 29, 22, 13, 24, 32, 14, 17, 16, 18, 15, 9, 25, 11, 20, 27, 28, 4, 5, 6, 12, 7, 10, 3, 21, 2, 8, 23, 31, 1, 19 ]
],
[ PermutationGroup<32 |  
\[ 2, 3, 4, 5, 6, 7, 8, 9, 10, 11, 12, 13, 14, 15, 16, 17, 18, 19, 20, 21, 22, 23, 24, 25, 26, 27, 28, 29, 30, 31, 32, 1 ],
\[ 2, 1, 3, 4, 5, 6, 7, 8, 9, 10, 11, 12, 13, 14, 15, 16, 17, 18, 19, 20, 21, 22, 23, 24, 25, 26, 27, 28, 29, 30, 31, 32 ]:
 Order := 263130836933693530167218012160000000 > |
[ 3, 8, 2, 6, 12, 7, 1, 9, 11, 19, 20, 10, 15, 17, 16, 4, 18, 5, 21, 22, 23, 24, 31, 32, 27, 29, 28, 13, 30, 14, 25, 26 ],
[ 11, 22, 20, 2, 23, 8, 9, 24, 32, 25, 26, 31, 7, 10, 1, 3, 19, 21, 27, 29, 28, 30, 13, 14, 16, 18, 4, 6, 5, 12, 15, 17 ],
[ 13, 16, 15, 25, 26, 27, 28, 4, 6, 30, 7, 29, 21, 22, 23, 31, 24, 32, 14, 1, 17, 3, 18, 2, 12, 9, 10, 19, 11, 20, 5, 8 ]
]
];
s`SolvableDBMonodromyGroup := PermutationGroup<32 |  
\[ 2, 9, 8, 7, 10, 1, 3, 11, 20, 21, 22, 19, 16, 18, 4, 6, 5, 12, 23, 24, 31, 32, 25, 26, 28, 30, 13, 15, 14, 17, 27, 29 ],
\[ 3, 8, 2, 6, 12, 7, 1, 9, 11, 19, 20, 10, 15, 17, 16, 4, 18, 5, 21, 22, 23, 24, 31, 32, 27, 29, 28, 13, 30, 14, 25, 26 ],
\[ 4, 7, 6, 13, 14, 15, 16, 1, 3, 18, 2, 17, 25, 26, 27, 28, 29, 30, 5, 8, 12, 9, 10, 11, 21, 22, 23, 31, 24, 32, 19, 20 ] >;
s`SolvableDBAutomorphismGroup := PermutationGroup<32 |  
\[ 3, 8, 2, 6, 12, 7, 1, 9, 11, 19, 20, 10, 15, 17, 16, 4, 18, 5, 21, 22, 23, 24, 31, 32, 27, 29, 28, 13, 30, 14, 25, 26 ],
\[ 26, 30, 29, 22, 13, 24, 32, 14, 17, 16, 18, 15, 9, 25, 11, 20, 27, 28, 4, 5, 6, 12, 7, 10, 3, 21, 2, 8, 23, 31, 1, 19 ]:
 Order := 32 >;
s`SolvableDBPointedAutomorphismGroup := PermutationGroup<32 |  
\[ 31, 27, 25, 19, 20, 21, 23, 28, 13, 24, 15, 22, 5, 8, 12, 10, 9, 11, 32, 16, 26, 4, 29, 6, 14, 1, 17, 18, 3, 2, 30, 7 ]:
 Order := 16 >;
s`SolvableDBPathToPP1 := [ Strings() | "PP1", "2T1-1,2,2-g0-path1", "4T1-2,4,4-g1-path1", "8T1-4,8,8-g3-path1", "16T1-8,16,16-g7-path2", "32S1-16,32,32-g15-path3" ];
s`SolvableDBParents := [ Strings() | "64S1-32,64,64-g31-path7-notcomputed", "64S1-32,64,64-g31-path8-notcomputed", "64S50-16,32,32-g29-path7-notcomputed", "64S50-16,32,32-g29-path8-notcomputed" ];
s`SolvableDBChild := "16T1-8,16,16-g7-path2-notcomputed";

/*
Return for eval
*/

return s;
