s := SolvableDBInitialize();

/*
Magma printing
*/

s`SolvableDBName := "32S10-4,8,4-g7-path10-notcomputed";
s`SolvableDBFilename := "32S10-4,8,4-g7-path10-notcomputed.m";
s`SolvableDBPassportName := "32S10-4,8,4-g7";
s`SolvableDBPathNumber := 10;
s`SolvableDBDegree := 32;
s`SolvableDBOrders := \[ 4, 8, 4 ];
s`SolvableDBType := "Hyperbolic";
s`SolvableDBGenus := 7;
s`SolvableDBGaloisOrbitSize := 1;
s`SolvableDBPassportSize := 2;
s`SolvableDBPointedPassportSize := 2;
s`SolvableDBLevel := 5;
s`SolvableDBBlocks := {@ PowerSet(IntegerRing()) |
{ IntegerRing() | 1, 5 },
{ IntegerRing() | 2, 11 },
{ IntegerRing() | 3, 16 },
{ IntegerRing() | 4, 17 },
{ IntegerRing() | 6, 22 },
{ IntegerRing() | 7, 23 },
{ IntegerRing() | 8, 12 },
{ IntegerRing() | 9, 19 },
{ IntegerRing() | 10, 26 },
{ IntegerRing() | 13, 25 },
{ IntegerRing() | 14, 32 },
{ IntegerRing() | 15, 21 },
{ IntegerRing() | 18, 30 },
{ IntegerRing() | 20, 29 },
{ IntegerRing() | 24, 27 },
{ IntegerRing() | 28, 31 }
@};
s`SolvableDBIsRamifiedAtEveryLevel := false;
s`SolvableDBGaloisOrbit := [ PowerSequence(PermutationGroup<32 |  
\[ 2, 3, 4, 5, 6, 7, 8, 9, 10, 11, 12, 13, 14, 15, 16, 17, 18, 19, 20, 21, 22, 23, 24, 25, 26, 27, 28, 29, 30, 31, 32, 1 ],
\[ 2, 1, 3, 4, 5, 6, 7, 8, 9, 10, 11, 12, 13, 14, 15, 16, 17, 18, 19, 20, 21, 22, 23, 24, 25, 26, 27, 28, 29, 30, 31, 32 ]:
 Order := 263130836933693530167218012160000000 >) |
[ PermutationGroup<32 |  
\[ 2, 3, 4, 5, 6, 7, 8, 9, 10, 11, 12, 13, 14, 15, 16, 17, 18, 19, 20, 21, 22, 23, 24, 25, 26, 27, 28, 29, 30, 31, 32, 1 ],
\[ 2, 1, 3, 4, 5, 6, 7, 8, 9, 10, 11, 12, 13, 14, 15, 16, 17, 18, 19, 20, 21, 22, 23, 24, 25, 26, 27, 28, 29, 30, 31, 32 ]:
 Order := 263130836933693530167218012160000000 > |
[ 2, 9, 8, 16, 11, 1, 26, 29, 6, 13, 19, 20, 24, 18, 32, 12, 3, 31, 22, 4, 14, 5, 10, 23, 27, 25, 7, 15, 17, 28, 21, 30 ],
[ 3, 10, 14, 6, 16, 24, 1, 11, 29, 15, 26, 2, 19, 13, 17, 32, 22, 12, 20, 28, 4, 27, 5, 30, 9, 21, 18, 7, 31, 8, 23, 25 ],
[ 4, 7, 15, 19, 17, 25, 22, 1, 12, 31, 23, 5, 2, 26, 20, 21, 9, 3, 8, 18, 29, 13, 6, 14, 11, 28, 32, 24, 30, 16, 27, 10 ]
]
];
s`SolvableDBPassport := [ PowerSequence(PermutationGroup<32 |  
\[ 2, 9, 8, 16, 11, 1, 26, 29, 6, 13, 19, 20, 24, 18, 32, 12, 3, 31, 22, 4, 14, 5, 10, 23, 27, 25, 7, 15, 17, 28, 21, 30 ],
\[ 3, 10, 14, 6, 16, 24, 1, 11, 29, 15, 26, 2, 19, 13, 17, 32, 22, 12, 20, 28, 4, 27, 5, 30, 9, 21, 18, 7, 31, 8, 23, 25 ],
\[ 4, 7, 15, 19, 17, 25, 22, 1, 12, 31, 23, 5, 2, 26, 20, 21, 9, 3, 8, 18, 29, 13, 6, 14, 11, 28, 32, 24, 30, 16, 27, 10 ]:
 Order := 32 >) |
[ PermutationGroup<32 |  
\[ 2, 9, 8, 16, 11, 1, 26, 29, 6, 13, 19, 20, 24, 18, 32, 12, 3, 31, 22, 4, 14, 5, 10, 23, 27, 25, 7, 15, 17, 28, 21, 30 ],
\[ 3, 10, 14, 6, 16, 24, 1, 11, 29, 15, 26, 2, 19, 13, 17, 32, 22, 12, 20, 28, 4, 27, 5, 30, 9, 21, 18, 7, 31, 8, 23, 25 ],
\[ 4, 7, 15, 19, 17, 25, 22, 1, 12, 31, 23, 5, 2, 26, 20, 21, 9, 3, 8, 18, 29, 13, 6, 14, 11, 28, 32, 24, 30, 16, 27, 10 ]:
 Order := 32 > |
[ 6, 1, 17, 20, 22, 9, 27, 3, 2, 23, 5, 16, 10, 21, 28, 4, 29, 14, 11, 12, 31, 19, 24, 13, 26, 7, 25, 30, 8, 32, 18, 15 ],
[ 7, 12, 1, 21, 23, 4, 28, 30, 25, 2, 8, 18, 14, 3, 10, 5, 15, 27, 13, 19, 26, 17, 31, 6, 32, 11, 22, 20, 9, 24, 29, 16 ],
[ 10, 29, 11, 32, 26, 3, 21, 31, 24, 19, 20, 28, 30, 12, 25, 2, 14, 23, 27, 6, 13, 16, 15, 5, 18, 9, 1, 17, 22, 7, 4, 8 ]
],
[ PermutationGroup<32 |  
\[ 2, 9, 8, 16, 11, 1, 26, 29, 6, 13, 19, 20, 24, 18, 32, 12, 3, 31, 22, 4, 14, 5, 10, 23, 27, 25, 7, 15, 17, 28, 21, 30 ],
\[ 3, 10, 14, 6, 16, 24, 1, 11, 29, 15, 26, 2, 19, 13, 17, 32, 22, 12, 20, 28, 4, 27, 5, 30, 9, 21, 18, 7, 31, 8, 23, 25 ],
\[ 4, 7, 15, 19, 17, 25, 22, 1, 12, 31, 23, 5, 2, 26, 20, 21, 9, 3, 8, 18, 29, 13, 6, 14, 11, 28, 32, 24, 30, 16, 27, 10 ]:
 Order := 32 > |
[ 8, 13, 18, 1, 12, 23, 2, 19, 17, 32, 25, 9, 22, 24, 3, 30, 5, 20, 4, 15, 16, 7, 11, 28, 6, 14, 31, 26, 21, 29, 10, 27 ],
[ 7, 12, 1, 21, 23, 4, 28, 30, 25, 2, 8, 18, 14, 3, 10, 5, 15, 27, 13, 19, 26, 17, 31, 6, 32, 11, 22, 20, 9, 24, 29, 16 ],
[ 6, 1, 17, 20, 22, 9, 27, 3, 2, 23, 5, 16, 10, 21, 28, 4, 29, 14, 11, 12, 31, 19, 24, 13, 26, 7, 25, 30, 8, 32, 18, 15 ]
]
];
s`SolvableDBPointedPassport := [ PowerSequence(PermutationGroup<32 |  
\[ 2, 3, 4, 5, 6, 7, 8, 9, 10, 11, 12, 13, 14, 15, 16, 17, 18, 19, 20, 21, 22, 23, 24, 25, 26, 27, 28, 29, 30, 31, 32, 1 ],
\[ 2, 1, 3, 4, 5, 6, 7, 8, 9, 10, 11, 12, 13, 14, 15, 16, 17, 18, 19, 20, 21, 22, 23, 24, 25, 26, 27, 28, 29, 30, 31, 32 ]:
 Order := 263130836933693530167218012160000000 >) |
[ PermutationGroup<32 |  
\[ 2, 3, 4, 5, 6, 7, 8, 9, 10, 11, 12, 13, 14, 15, 16, 17, 18, 19, 20, 21, 22, 23, 24, 25, 26, 27, 28, 29, 30, 31, 32, 1 ],
\[ 2, 1, 3, 4, 5, 6, 7, 8, 9, 10, 11, 12, 13, 14, 15, 16, 17, 18, 19, 20, 21, 22, 23, 24, 25, 26, 27, 28, 29, 30, 31, 32 ]:
 Order := 263130836933693530167218012160000000 > |
[ 18, 32, 24, 23, 30, 28, 8, 25, 21, 3, 14, 13, 4, 22, 5, 27, 7, 9, 15, 26, 1, 31, 12, 29, 17, 16, 20, 2, 10, 19, 11, 6 ],
[ 7, 12, 1, 21, 23, 4, 28, 30, 25, 2, 8, 18, 14, 3, 10, 5, 15, 27, 13, 19, 26, 17, 31, 6, 32, 11, 22, 20, 9, 24, 29, 16 ],
[ 4, 7, 15, 19, 17, 25, 22, 1, 12, 31, 23, 5, 2, 26, 20, 21, 9, 3, 8, 18, 29, 13, 6, 14, 11, 28, 32, 24, 30, 16, 27, 10 ]
],
[ PermutationGroup<32 |  
\[ 2, 3, 4, 5, 6, 7, 8, 9, 10, 11, 12, 13, 14, 15, 16, 17, 18, 19, 20, 21, 22, 23, 24, 25, 26, 27, 28, 29, 30, 31, 32, 1 ],
\[ 2, 1, 3, 4, 5, 6, 7, 8, 9, 10, 11, 12, 13, 14, 15, 16, 17, 18, 19, 20, 21, 22, 23, 24, 25, 26, 27, 28, 29, 30, 31, 32 ]:
 Order := 263130836933693530167218012160000000 > |
[ 27, 16, 6, 31, 24, 20, 30, 32, 26, 1, 3, 14, 21, 17, 23, 22, 28, 25, 10, 11, 7, 29, 18, 9, 15, 5, 19, 12, 2, 13, 8, 4 ],
[ 7, 12, 1, 21, 23, 4, 28, 30, 25, 2, 8, 18, 14, 3, 10, 5, 15, 27, 13, 19, 26, 17, 31, 6, 32, 11, 22, 20, 9, 24, 29, 16 ],
[ 15, 31, 26, 25, 21, 14, 4, 23, 30, 20, 28, 7, 8, 2, 9, 10, 13, 5, 18, 24, 19, 32, 17, 16, 12, 29, 3, 22, 27, 1, 6, 11 ]
]
];
s`SolvableDBMonodromyGroup := PermutationGroup<32 |  
\[ 2, 9, 8, 16, 11, 1, 26, 29, 6, 13, 19, 20, 24, 18, 32, 12, 3, 31, 22, 4, 14, 5, 10, 23, 27, 25, 7, 15, 17, 28, 21, 30 ],
\[ 3, 10, 14, 6, 16, 24, 1, 11, 29, 15, 26, 2, 19, 13, 17, 32, 22, 12, 20, 28, 4, 27, 5, 30, 9, 21, 18, 7, 31, 8, 23, 25 ],
\[ 4, 7, 15, 19, 17, 25, 22, 1, 12, 31, 23, 5, 2, 26, 20, 21, 9, 3, 8, 18, 29, 13, 6, 14, 11, 28, 32, 24, 30, 16, 27, 10 ] >;
s`SolvableDBAutomorphismGroup := PermutationGroup<32 |  
\[ 28, 15, 7, 24, 31, 30, 20, 26, 32, 17, 21, 10, 3, 1, 22, 23, 27, 2, 14, 13, 6, 18, 29, 8, 16, 4, 12, 19, 25, 11, 9, 5 ],
\[ 20, 4, 28, 18, 29, 12, 19, 15, 16, 6, 17, 21, 1, 7, 24, 31, 30, 26, 3, 14, 27, 8, 9, 2, 5, 22, 11, 13, 32, 10, 25, 23 ],
\[ 32, 30, 25, 10, 14, 15, 16, 27, 28, 8, 18, 24, 29, 9, 11, 13, 26, 6, 31, 23, 2, 21, 3, 17, 20, 12, 4, 5, 7, 22, 1, 19 ],
\[ 2, 9, 10, 7, 11, 1, 12, 13, 6, 29, 19, 25, 17, 15, 31, 26, 23, 32, 22, 27, 28, 5, 8, 3, 4, 20, 16, 18, 24, 14, 30, 21 ]:
 Order := 32 >;
s`SolvableDBPointedAutomorphismGroup := PermutationGroup<32 |  
\[ 6, 1, 24, 25, 22, 9, 4, 23, 2, 3, 5, 7, 8, 30, 14, 27, 13, 28, 11, 26, 32, 19, 17, 29, 12, 16, 20, 21, 10, 31, 15, 18 ]:
 Order := 4 >;
s`SolvableDBPathToPP1 := [ Strings() | "PP1", "2T1-2,1,2-g0-path1-computed", "4T2-2,2,2-g0-path2-notcomputed", "8T4-2,4,2-g0-path2-notcomputed", "16T14-4,8,4-g4-path1-notcomputed", "32S10-4,8,4-g7-path10-notcomputed" ];
s`SolvableDBParents := [ Strings() | "64S7-8,8,4-g17-path3-notcomputed", "64S13-8,8,4-g17-path2-notcomputed", "64S7-8,8,4-g17-path4-notcomputed", "64S14-8,8,4-g17-path2-notcomputed", "64S9-4,8,4-g13-path7-notcomputed", "64S21-4,8,4-g13-path4-notcomputed", "64S9-4,8,4-g13-path8-notcomputed" ];
s`SolvableDBChild := "16T14-4,8,4-g4-path1-notcomputed";

/*
Return for eval
*/

return s;
