s := SolvableDBObjectInitialize();

/*
Basic Information about the Passport
*/

s`SolvableDBName := "32S16-16,16,8-g13-path1";
s`SolvableDBFilename := "32S16-16,16,8-g13-path1.m";
s`SolvableDBPathNumber := 1;
s`SolvableDBDegree := 32;
s`SolvableDBABC := \[ 16, 16, 8 ];
s`SolvableDBType := "Hyperbolic";
s`SolvableDBGenus := 13;
s`SolvableDBGaloisOrbitSize := 1;
s`SolvableDBPassportSize := 2;
s`SolvableDBPointedPassportSize := 2;
s`SolvableDBLevel := 5;
s`SolvableDBBlocks := {@ PowerSet(IntegerRing()) |
{ IntegerRing() | 1, 5 },
{ IntegerRing() | 2, 9 },
{ IntegerRing() | 3, 12 },
{ IntegerRing() | 4, 15 },
{ IntegerRing() | 6, 17 },
{ IntegerRing() | 7, 18 },
{ IntegerRing() | 8, 19 },
{ IntegerRing() | 10, 21 },
{ IntegerRing() | 11, 23 },
{ IntegerRing() | 13, 26 },
{ IntegerRing() | 14, 27 },
{ IntegerRing() | 16, 28 },
{ IntegerRing() | 20, 29 },
{ IntegerRing() | 22, 30 },
{ IntegerRing() | 24, 31 },
{ IntegerRing() | 25, 32 }
@};

/*
Permutations and Passports
*/

s`SolvableDBGaloisOrbit := [ PowerSequence(PermutationGroup<32 |  
\[ 2, 3, 4, 5, 6, 7, 8, 9, 10, 11, 12, 13, 14, 15, 16, 17, 18, 19, 20, 21, 22, 23, 24, 25, 26, 27, 28, 29, 30, 31, 32, 1 ],
\[ 2, 1, 3, 4, 5, 6, 7, 8, 9, 10, 11, 12, 13, 14, 15, 16, 17, 18, 19, 20, 21, 22, 23, 24, 25, 26, 27, 28, 29, 30, 31, 32 ]:
 Order := 263130836933693530167218012160000000 >) |
[ PermutationGroup<32 |  
\[ 2, 3, 4, 5, 6, 7, 8, 9, 10, 11, 12, 13, 14, 15, 16, 17, 18, 19, 20, 21, 22, 23, 24, 25, 26, 27, 28, 29, 30, 31, 32, 1 ],
\[ 2, 1, 3, 4, 5, 6, 7, 8, 9, 10, 11, 12, 13, 14, 15, 16, 17, 18, 19, 20, 21, 22, 23, 24, 25, 26, 27, 28, 29, 30, 31, 32 ]:
 Order := 263130836933693530167218012160000000 > |
[ 2, 4, 8, 7, 9, 1, 10, 6, 15, 16, 14, 19, 3, 13, 18, 20, 5, 21, 17, 22, 28, 25, 27, 11, 24, 12, 26, 29, 30, 32, 23, 31 ],
[ 12, 19, 23, 17, 3, 26, 5, 27, 8, 9, 30, 11, 31, 32, 6, 15, 13, 1, 14, 18, 2, 21, 22, 29, 28, 24, 25, 4, 7, 10, 20, 16 ],
[ 15, 18, 17, 21, 4, 9, 28, 5, 7, 29, 26, 6, 19, 12, 10, 30, 2, 16, 1, 32, 20, 31, 13, 27, 23, 8, 3, 22, 25, 24, 14, 11 ]
]
];
s`SolvableDBPassport := [ PowerSequence(PermutationGroup<32 |  
\[ 2, 4, 8, 7, 9, 1, 10, 6, 15, 16, 14, 19, 3, 13, 18, 20, 5, 21, 17, 22, 28, 25, 27, 11, 24, 12, 26, 29, 30, 32, 23, 31 ],
\[ 12, 19, 23, 17, 3, 26, 5, 27, 8, 9, 30, 11, 31, 32, 6, 15, 13, 1, 14, 18, 2, 21, 22, 29, 28, 24, 25, 4, 7, 10, 20, 16 ],
\[ 15, 18, 17, 21, 4, 9, 28, 5, 7, 29, 26, 6, 19, 12, 10, 30, 2, 16, 1, 32, 20, 31, 13, 27, 23, 8, 3, 22, 25, 24, 14, 11 ]:
 Order := 32 >) |
[ PermutationGroup<32 |  
\[ 2, 4, 8, 7, 9, 1, 10, 6, 15, 16, 14, 19, 3, 13, 18, 20, 5, 21, 17, 22, 28, 25, 27, 11, 24, 12, 26, 29, 30, 32, 23, 31 ],
\[ 12, 19, 23, 17, 3, 26, 5, 27, 8, 9, 30, 11, 31, 32, 6, 15, 13, 1, 14, 18, 2, 21, 22, 29, 28, 24, 25, 4, 7, 10, 20, 16 ],
\[ 15, 18, 17, 21, 4, 9, 28, 5, 7, 29, 26, 6, 19, 12, 10, 30, 2, 16, 1, 32, 20, 31, 13, 27, 23, 8, 3, 22, 25, 24, 14, 11 ]:
 Order := 32 > |
[ 2, 4, 8, 7, 9, 1, 10, 6, 15, 16, 14, 19, 3, 13, 18, 20, 5, 21, 17, 22, 28, 25, 27, 11, 24, 12, 26, 29, 30, 32, 23, 31 ],
[ 9, 15, 19, 18, 2, 5, 21, 17, 4, 28, 27, 8, 12, 26, 7, 29, 1, 10, 6, 30, 16, 32, 14, 23, 31, 3, 13, 20, 22, 25, 11, 24 ],
[ 19, 17, 27, 5, 8, 12, 9, 26, 6, 15, 32, 14, 23, 31, 1, 18, 3, 2, 13, 21, 4, 28, 25, 30, 29, 11, 24, 7, 10, 16, 22, 20 ]
],
[ PermutationGroup<32 |  
\[ 2, 4, 8, 7, 9, 1, 10, 6, 15, 16, 14, 19, 3, 13, 18, 20, 5, 21, 17, 22, 28, 25, 27, 11, 24, 12, 26, 29, 30, 32, 23, 31 ],
\[ 12, 19, 23, 17, 3, 26, 5, 27, 8, 9, 30, 11, 31, 32, 6, 15, 13, 1, 14, 18, 2, 21, 22, 29, 28, 24, 25, 4, 7, 10, 20, 16 ],
\[ 15, 18, 17, 21, 4, 9, 28, 5, 7, 29, 26, 6, 19, 12, 10, 30, 2, 16, 1, 32, 20, 31, 13, 27, 23, 8, 3, 22, 25, 24, 14, 11 ]:
 Order := 32 > |
[ 2, 4, 8, 7, 9, 1, 10, 6, 15, 16, 14, 19, 3, 13, 18, 20, 5, 21, 17, 22, 28, 25, 27, 11, 24, 12, 26, 29, 30, 32, 23, 31 ],
[ 12, 19, 23, 17, 3, 26, 5, 27, 8, 9, 30, 11, 31, 32, 6, 15, 13, 1, 14, 18, 2, 21, 22, 29, 28, 24, 25, 4, 7, 10, 20, 16 ],
[ 15, 18, 17, 21, 4, 9, 28, 5, 7, 29, 26, 6, 19, 12, 10, 30, 2, 16, 1, 32, 20, 31, 13, 27, 23, 8, 3, 22, 25, 24, 14, 11 ]
]
];
s`SolvableDBPointedPassport := [ PowerSequence(PermutationGroup<32 |  
\[ 2, 4, 8, 7, 9, 1, 10, 6, 15, 16, 14, 19, 3, 13, 18, 20, 5, 21, 17, 22, 28, 25, 27, 11, 24, 12, 26, 29, 30, 32, 23, 31 ],
\[ 12, 19, 23, 17, 3, 26, 5, 27, 8, 9, 30, 11, 31, 32, 6, 15, 13, 1, 14, 18, 2, 21, 22, 29, 28, 24, 25, 4, 7, 10, 20, 16 ],
\[ 15, 18, 17, 21, 4, 9, 28, 5, 7, 29, 26, 6, 19, 12, 10, 30, 2, 16, 1, 32, 20, 31, 13, 27, 23, 8, 3, 22, 25, 24, 14, 11 ]:
 Order := 32 >) |
[ PermutationGroup<32 |  
\[ 2, 4, 8, 7, 9, 1, 10, 6, 15, 16, 14, 19, 3, 13, 18, 20, 5, 21, 17, 22, 28, 25, 27, 11, 24, 12, 26, 29, 30, 32, 23, 31 ],
\[ 12, 19, 23, 17, 3, 26, 5, 27, 8, 9, 30, 11, 31, 32, 6, 15, 13, 1, 14, 18, 2, 21, 22, 29, 28, 24, 25, 4, 7, 10, 20, 16 ],
\[ 15, 18, 17, 21, 4, 9, 28, 5, 7, 29, 26, 6, 19, 12, 10, 30, 2, 16, 1, 32, 20, 31, 13, 27, 23, 8, 3, 22, 25, 24, 14, 11 ]:
 Order := 32 > |
[ 2, 4, 8, 7, 9, 1, 10, 6, 15, 16, 14, 19, 3, 13, 18, 20, 5, 21, 17, 22, 28, 25, 27, 11, 24, 12, 26, 29, 30, 32, 23, 31 ],
[ 9, 15, 19, 18, 2, 5, 21, 17, 4, 28, 27, 8, 12, 26, 7, 29, 1, 10, 6, 30, 16, 32, 14, 23, 31, 3, 13, 20, 22, 25, 11, 24 ],
[ 19, 17, 27, 5, 8, 12, 9, 26, 6, 15, 32, 14, 23, 31, 1, 18, 3, 2, 13, 21, 4, 28, 25, 30, 29, 11, 24, 7, 10, 16, 22, 20 ]
],
[ PermutationGroup<32 |  
\[ 2, 4, 8, 7, 9, 1, 10, 6, 15, 16, 14, 19, 3, 13, 18, 20, 5, 21, 17, 22, 28, 25, 27, 11, 24, 12, 26, 29, 30, 32, 23, 31 ],
\[ 12, 19, 23, 17, 3, 26, 5, 27, 8, 9, 30, 11, 31, 32, 6, 15, 13, 1, 14, 18, 2, 21, 22, 29, 28, 24, 25, 4, 7, 10, 20, 16 ],
\[ 15, 18, 17, 21, 4, 9, 28, 5, 7, 29, 26, 6, 19, 12, 10, 30, 2, 16, 1, 32, 20, 31, 13, 27, 23, 8, 3, 22, 25, 24, 14, 11 ]:
 Order := 32 > |
[ 2, 4, 8, 7, 9, 1, 10, 6, 15, 16, 14, 19, 3, 13, 18, 20, 5, 21, 17, 22, 28, 25, 27, 11, 24, 12, 26, 29, 30, 32, 23, 31 ],
[ 12, 19, 23, 17, 3, 26, 5, 27, 8, 9, 30, 11, 31, 32, 6, 15, 13, 1, 14, 18, 2, 21, 22, 29, 28, 24, 25, 4, 7, 10, 20, 16 ],
[ 15, 18, 17, 21, 4, 9, 28, 5, 7, 29, 26, 6, 19, 12, 10, 30, 2, 16, 1, 32, 20, 31, 13, 27, 23, 8, 3, 22, 25, 24, 14, 11 ]
]
];
s`SolvableDBMonodromyGroup := PermutationGroup<32 |  
\[ 2, 4, 8, 7, 9, 1, 10, 6, 15, 16, 14, 19, 3, 13, 18, 20, 5, 21, 17, 22, 28, 25, 27, 11, 24, 12, 26, 29, 30, 32, 23, 31 ],
\[ 12, 19, 23, 17, 3, 26, 5, 27, 8, 9, 30, 11, 31, 32, 6, 15, 13, 1, 14, 18, 2, 21, 22, 29, 28, 24, 25, 4, 7, 10, 20, 16 ],
\[ 15, 18, 17, 21, 4, 9, 28, 5, 7, 29, 26, 6, 19, 12, 10, 30, 2, 16, 1, 32, 20, 31, 13, 27, 23, 8, 3, 22, 25, 24, 14, 11 ] >;
s`SolvableDBAutomorphismGroup := PermutationGroup<32 |  
\[ 25, 24, 16, 11, 32, 22, 14, 20, 31, 13, 4, 28, 10, 7, 23, 3, 30, 27, 29, 8, 26, 6, 15, 2, 1, 21, 18, 12, 19, 17, 9, 5 ],
\[ 2, 4, 8, 7, 9, 1, 10, 6, 15, 16, 14, 19, 3, 13, 18, 20, 5, 21, 17, 22, 28, 25, 27, 11, 24, 12, 26, 29, 30, 32, 23, 31 ],
\[ 32, 31, 28, 23, 25, 30, 27, 29, 24, 26, 15, 16, 21, 18, 11, 12, 22, 14, 20, 19, 13, 17, 4, 9, 5, 10, 7, 3, 8, 6, 2, 1 ]:
 Order := 32 >;
s`SolvableDBPointedAutomorphismGroup := PermutationGroup<32 |  
\[ 25, 24, 16, 11, 32, 22, 14, 20, 31, 13, 4, 28, 10, 7, 23, 3, 30, 27, 29, 8, 26, 6, 15, 2, 1, 21, 18, 12, 19, 17, 9, 5 ],
\[ 6, 1, 13, 2, 17, 8, 4, 3, 5, 7, 24, 26, 14, 11, 9, 10, 19, 15, 12, 16, 18, 20, 31, 25, 22, 27, 23, 21, 28, 29, 32, 30 ]:
 Order := 16 >;

/*
Top Level Belyi Curve/Map
*/


/*
Graph Data
*/

s`SolvableDBPathToPP1 := [ Strings() | "PP1", "2T1-2,2,1-g0-path1", "4T1-4,4,2-g1-path1", "8T1-8,8,4-g3-path1", "16T1-16,16,8-g7-path1", "32S16-16,16,8-g13-path1" ];
s`SolvableDBParents := [ Strings() | "64S50-32,32,16-g29-path9", "64S51-32,32,16-g29-path1", "64S50-32,32,16-g29-path10", "64S51-32,32,16-g29-path2", "64S29-16,16,8-g25-path1", "64S26-16,16,8-g25-path1", "64S44-16,16,8-g25-path47" ];
s`SolvableDBChildren := [ Strings() | "16T1-16,16,8-g7-path1" ];

/*
Return for eval
*/

return s;
