s := SolvableDBObjectInitialize();

/*
Basic Information about the Passport
*/

s`SolvableDBName := "32S1-16,32,32-g15-path1";
s`SolvableDBFilename := "32S1-16,32,32-g15-path1.m";
s`SolvableDBPathNumber := 1;
s`SolvableDBDegree := 32;
s`SolvableDBABC := \[ 16, 32, 32 ];
s`SolvableDBType := "Hyperbolic";
s`SolvableDBGenus := 15;
s`SolvableDBGaloisOrbitSize := 2;
s`SolvableDBPassportSize := 8;
s`SolvableDBPointedPassportSize := 8;
s`SolvableDBLevel := 5;
s`SolvableDBBlocks := {@ PowerSet(IntegerRing()) |
{ IntegerRing() | 1, 4 },
{ IntegerRing() | 2, 8 },
{ IntegerRing() | 3, 10 },
{ IntegerRing() | 5, 12 },
{ IntegerRing() | 6, 13 },
{ IntegerRing() | 7, 16 },
{ IntegerRing() | 9, 18 },
{ IntegerRing() | 11, 19 },
{ IntegerRing() | 14, 21 },
{ IntegerRing() | 15, 24 },
{ IntegerRing() | 17, 26 },
{ IntegerRing() | 20, 27 },
{ IntegerRing() | 22, 29 },
{ IntegerRing() | 23, 30 },
{ IntegerRing() | 25, 32 },
{ IntegerRing() | 28, 31 }
@};

/*
Permutations and Passports
*/

s`SolvableDBGaloisOrbit := [ PowerSequence(PermutationGroup<32 |  
\[ 2, 3, 4, 5, 6, 7, 8, 9, 10, 11, 12, 13, 14, 15, 16, 17, 18, 19, 20, 21, 22, 23, 24, 25, 26, 27, 28, 29, 30, 31, 32, 1 ],
\[ 2, 1, 3, 4, 5, 6, 7, 8, 9, 10, 11, 12, 13, 14, 15, 16, 17, 18, 19, 20, 21, 22, 23, 24, 25, 26, 27, 28, 29, 30, 31, 32 ]:
 Order := 263130836933693530167218012160000000 >) |
[ PermutationGroup<32 |  
\[ 2, 3, 4, 5, 6, 7, 8, 9, 10, 11, 12, 13, 14, 15, 16, 17, 18, 19, 20, 21, 22, 23, 24, 25, 26, 27, 28, 29, 30, 31, 32, 1 ],
\[ 2, 1, 3, 4, 5, 6, 7, 8, 9, 10, 11, 12, 13, 14, 15, 16, 17, 18, 19, 20, 21, 22, 23, 24, 25, 26, 27, 28, 29, 30, 31, 32 ]:
 Order := 263130836933693530167218012160000000 > |
[ 2, 7, 6, 8, 1, 9, 15, 16, 17, 13, 3, 4, 18, 5, 23, 24, 25, 26, 10, 11, 12, 14, 29, 30, 31, 32, 19, 20, 21, 22, 27, 28 ],
[ 3, 6, 5, 10, 11, 1, 9, 13, 2, 12, 14, 19, 4, 20, 17, 18, 7, 8, 21, 22, 27, 28, 25, 26, 15, 16, 29, 30, 31, 32, 23, 24 ],
[ 3, 6, 5, 10, 11, 1, 9, 13, 2, 12, 14, 19, 4, 20, 17, 18, 7, 8, 21, 22, 27, 28, 25, 26, 15, 16, 29, 30, 31, 32, 23, 24 ]
],
[ PermutationGroup<32 |  
\[ 2, 3, 4, 5, 6, 7, 8, 9, 10, 11, 12, 13, 14, 15, 16, 17, 18, 19, 20, 21, 22, 23, 24, 25, 26, 27, 28, 29, 30, 31, 32, 1 ],
\[ 2, 1, 3, 4, 5, 6, 7, 8, 9, 10, 11, 12, 13, 14, 15, 16, 17, 18, 19, 20, 21, 22, 23, 24, 25, 26, 27, 28, 29, 30, 31, 32 ]:
 Order := 263130836933693530167218012160000000 > |
[ 8, 16, 13, 2, 4, 18, 24, 7, 26, 6, 10, 1, 9, 12, 30, 15, 32, 17, 3, 19, 5, 21, 22, 23, 28, 25, 11, 27, 14, 29, 20, 31 ],
[ 3, 6, 5, 10, 11, 1, 9, 13, 2, 12, 14, 19, 4, 20, 17, 18, 7, 8, 21, 22, 27, 28, 25, 26, 15, 16, 29, 30, 31, 32, 23, 24 ],
[ 10, 13, 12, 3, 19, 4, 18, 6, 8, 5, 21, 11, 1, 27, 26, 9, 16, 2, 14, 29, 20, 31, 32, 17, 24, 7, 22, 23, 28, 25, 30, 15 ]
],
[ PermutationGroup<32 |  
\[ 2, 3, 4, 5, 6, 7, 8, 9, 10, 11, 12, 13, 14, 15, 16, 17, 18, 19, 20, 21, 22, 23, 24, 25, 26, 27, 28, 29, 30, 31, 32, 1 ],
\[ 2, 1, 3, 4, 5, 6, 7, 8, 9, 10, 11, 12, 13, 14, 15, 16, 17, 18, 19, 20, 21, 22, 23, 24, 25, 26, 27, 28, 29, 30, 31, 32 ]:
 Order := 263130836933693530167218012160000000 > |
[ 2, 9, 8, 7, 10, 1, 11, 12, 13, 27, 15, 28, 16, 23, 3, 26, 20, 22, 4, 25, 5, 29, 30, 6, 24, 31, 17, 18, 32, 19, 21, 14 ],
[ 3, 8, 13, 6, 14, 15, 1, 16, 12, 23, 2, 26, 28, 17, 9, 18, 19, 21, 24, 4, 32, 5, 20, 11, 7, 22, 30, 31, 10, 25, 29, 27 ],
[ 4, 7, 6, 17, 18, 19, 20, 1, 11, 22, 25, 2, 15, 21, 24, 3, 32, 13, 27, 14, 28, 16, 5, 30, 23, 8, 29, 9, 26, 10, 12, 31 ]
],
[ PermutationGroup<32 |  
\[ 2, 3, 4, 5, 6, 7, 8, 9, 10, 11, 12, 13, 14, 15, 16, 17, 18, 19, 20, 21, 22, 23, 24, 25, 26, 27, 28, 29, 30, 31, 32, 1 ],
\[ 2, 1, 3, 4, 5, 6, 7, 8, 9, 10, 11, 12, 13, 14, 15, 16, 17, 18, 19, 20, 21, 22, 23, 24, 25, 26, 27, 28, 29, 30, 31, 32 ]:
 Order := 263130836933693530167218012160000000 > |
[ 10, 27, 23, 22, 2, 5, 29, 30, 17, 9, 32, 19, 20, 8, 14, 25, 16, 7, 18, 26, 1, 11, 12, 21, 31, 24, 13, 4, 15, 28, 6, 3 ],
[ 3, 8, 13, 6, 14, 15, 1, 16, 12, 23, 2, 26, 28, 17, 9, 18, 19, 21, 24, 4, 32, 5, 20, 11, 7, 22, 30, 31, 10, 25, 29, 27 ],
[ 18, 22, 21, 13, 4, 28, 16, 5, 29, 7, 26, 10, 32, 6, 31, 14, 15, 17, 9, 3, 19, 20, 1, 12, 8, 23, 11, 27, 25, 2, 30, 24 ]
],
[ PermutationGroup<32 |  
\[ 2, 3, 4, 5, 6, 7, 8, 9, 10, 11, 12, 13, 14, 15, 16, 17, 18, 19, 20, 21, 22, 23, 24, 25, 26, 27, 28, 29, 30, 31, 32, 1 ],
\[ 2, 1, 3, 4, 5, 6, 7, 8, 9, 10, 11, 12, 13, 14, 15, 16, 17, 18, 19, 20, 21, 22, 23, 24, 25, 26, 27, 28, 29, 30, 31, 32 ]:
 Order := 263130836933693530167218012160000000 > |
[ 2, 9, 8, 7, 10, 1, 3, 11, 20, 21, 22, 19, 16, 18, 4, 6, 5, 12, 23, 24, 31, 32, 25, 26, 28, 30, 13, 15, 14, 17, 27, 29 ],
[ 3, 8, 2, 6, 12, 7, 1, 9, 11, 19, 20, 10, 15, 17, 16, 4, 18, 5, 21, 22, 23, 24, 31, 32, 27, 29, 28, 13, 30, 14, 25, 26 ],
[ 4, 7, 6, 13, 14, 15, 16, 1, 3, 18, 2, 17, 25, 26, 27, 28, 29, 30, 5, 8, 12, 9, 10, 11, 21, 22, 23, 31, 24, 32, 19, 20 ]
],
[ PermutationGroup<32 |  
\[ 2, 3, 4, 5, 6, 7, 8, 9, 10, 11, 12, 13, 14, 15, 16, 17, 18, 19, 20, 21, 22, 23, 24, 25, 26, 27, 28, 29, 30, 31, 32, 1 ],
\[ 2, 1, 3, 4, 5, 6, 7, 8, 9, 10, 11, 12, 13, 14, 15, 16, 17, 18, 19, 20, 21, 22, 23, 24, 25, 26, 27, 28, 29, 30, 31, 32 ]:
 Order := 263130836933693530167218012160000000 > |
[ 10, 21, 19, 18, 2, 5, 12, 23, 31, 9, 25, 8, 30, 7, 14, 17, 1, 3, 11, 27, 20, 28, 22, 13, 32, 16, 26, 29, 4, 6, 24, 15 ],
[ 3, 8, 2, 6, 12, 7, 1, 9, 11, 19, 20, 10, 15, 17, 16, 4, 18, 5, 21, 22, 23, 24, 31, 32, 27, 29, 28, 13, 30, 14, 25, 26 ],
[ 14, 18, 17, 26, 4, 29, 30, 5, 12, 7, 10, 6, 22, 13, 24, 32, 15, 16, 1, 19, 3, 21, 2, 23, 9, 25, 11, 20, 27, 28, 8, 31 ]
],
[ PermutationGroup<32 |  
\[ 2, 3, 4, 5, 6, 7, 8, 9, 10, 11, 12, 13, 14, 15, 16, 17, 18, 19, 20, 21, 22, 23, 24, 25, 26, 27, 28, 29, 30, 31, 32, 1 ],
\[ 2, 1, 3, 4, 5, 6, 7, 8, 9, 10, 11, 12, 13, 14, 15, 16, 17, 18, 19, 20, 21, 22, 23, 24, 25, 26, 27, 28, 29, 30, 31, 32 ]:
 Order := 263130836933693530167218012160000000 > |
[ 2, 9, 8, 7, 10, 1, 11, 4, 20, 21, 22, 15, 19, 3, 6, 18, 5, 23, 16, 24, 31, 32, 25, 26, 28, 30, 12, 14, 13, 17, 27, 29 ],
[ 3, 8, 12, 6, 13, 14, 1, 15, 4, 19, 2, 25, 26, 27, 28, 17, 29, 5, 30, 7, 16, 9, 10, 11, 21, 22, 23, 31, 24, 32, 18, 20 ],
[ 4, 7, 6, 2, 16, 8, 9, 1, 11, 18, 20, 14, 17, 15, 3, 10, 19, 21, 5, 22, 23, 24, 31, 32, 27, 29, 28, 12, 30, 13, 25, 26 ]
],
[ PermutationGroup<32 |  
\[ 2, 3, 4, 5, 6, 7, 8, 9, 10, 11, 12, 13, 14, 15, 16, 17, 18, 19, 20, 21, 22, 23, 24, 25, 26, 27, 28, 29, 30, 31, 32, 1 ],
\[ 2, 1, 3, 4, 5, 6, 7, 8, 9, 10, 11, 12, 13, 14, 15, 16, 17, 18, 19, 20, 21, 22, 23, 24, 25, 26, 27, 28, 29, 30, 31, 32 ]:
 Order := 263130836933693530167218012160000000 > |
[ 10, 21, 19, 18, 2, 5, 23, 16, 31, 9, 25, 30, 8, 13, 17, 7, 1, 11, 4, 27, 20, 28, 22, 12, 32, 15, 26, 29, 3, 6, 24, 14 ],
[ 3, 8, 12, 6, 13, 14, 1, 15, 4, 19, 2, 25, 26, 27, 28, 17, 29, 5, 30, 7, 16, 9, 10, 11, 21, 22, 23, 31, 24, 32, 18, 20 ],
[ 16, 18, 17, 10, 4, 19, 21, 5, 23, 7, 31, 29, 6, 30, 13, 2, 8, 9, 1, 25, 11, 27, 20, 28, 24, 14, 32, 26, 15, 3, 22, 12 ]
]
];
s`SolvableDBPassport := [ PowerSequence(PermutationGroup<32 |  
\[ 8, 16, 13, 2, 4, 18, 24, 7, 26, 6, 10, 1, 9, 12, 30, 15, 32, 17, 3, 19, 5, 21, 22, 23, 28, 25, 11, 27, 14, 29, 20, 31 ],
\[ 3, 6, 5, 10, 11, 1, 9, 13, 2, 12, 14, 19, 4, 20, 17, 18, 7, 8, 21, 22, 27, 28, 25, 26, 15, 16, 29, 30, 31, 32, 23, 24 ],
\[ 10, 13, 12, 3, 19, 4, 18, 6, 8, 5, 21, 11, 1, 27, 26, 9, 16, 2, 14, 29, 20, 31, 32, 17, 24, 7, 22, 23, 28, 25, 30, 15 ]:
 Order := 32 >) |
[ PermutationGroup<32 |  
\[ 8, 16, 13, 2, 4, 18, 24, 7, 26, 6, 10, 1, 9, 12, 30, 15, 32, 17, 3, 19, 5, 21, 22, 23, 28, 25, 11, 27, 14, 29, 20, 31 ],
\[ 3, 6, 5, 10, 11, 1, 9, 13, 2, 12, 14, 19, 4, 20, 17, 18, 7, 8, 21, 22, 27, 28, 25, 26, 15, 16, 29, 30, 31, 32, 23, 24 ],
\[ 10, 13, 12, 3, 19, 4, 18, 6, 8, 5, 21, 11, 1, 27, 26, 9, 16, 2, 14, 29, 20, 31, 32, 17, 24, 7, 22, 23, 28, 25, 30, 15 ]:
 Order := 32 > |
[ 2, 7, 6, 8, 1, 9, 15, 16, 17, 13, 3, 4, 18, 5, 23, 24, 25, 26, 10, 11, 12, 14, 29, 30, 31, 32, 19, 20, 21, 22, 27, 28 ],
[ 3, 6, 5, 10, 11, 1, 9, 13, 2, 12, 14, 19, 4, 20, 17, 18, 7, 8, 21, 22, 27, 28, 25, 26, 15, 16, 29, 30, 31, 32, 23, 24 ],
[ 3, 6, 5, 10, 11, 1, 9, 13, 2, 12, 14, 19, 4, 20, 17, 18, 7, 8, 21, 22, 27, 28, 25, 26, 15, 16, 29, 30, 31, 32, 23, 24 ]
],
[ PermutationGroup<32 |  
\[ 8, 16, 13, 2, 4, 18, 24, 7, 26, 6, 10, 1, 9, 12, 30, 15, 32, 17, 3, 19, 5, 21, 22, 23, 28, 25, 11, 27, 14, 29, 20, 31 ],
\[ 3, 6, 5, 10, 11, 1, 9, 13, 2, 12, 14, 19, 4, 20, 17, 18, 7, 8, 21, 22, 27, 28, 25, 26, 15, 16, 29, 30, 31, 32, 23, 24 ],
\[ 10, 13, 12, 3, 19, 4, 18, 6, 8, 5, 21, 11, 1, 27, 26, 9, 16, 2, 14, 29, 20, 31, 32, 17, 24, 7, 22, 23, 28, 25, 30, 15 ]:
 Order := 32 > |
[ 8, 16, 13, 2, 4, 18, 24, 7, 26, 6, 10, 1, 9, 12, 30, 15, 32, 17, 3, 19, 5, 21, 22, 23, 28, 25, 11, 27, 14, 29, 20, 31 ],
[ 3, 6, 5, 10, 11, 1, 9, 13, 2, 12, 14, 19, 4, 20, 17, 18, 7, 8, 21, 22, 27, 28, 25, 26, 15, 16, 29, 30, 31, 32, 23, 24 ],
[ 10, 13, 12, 3, 19, 4, 18, 6, 8, 5, 21, 11, 1, 27, 26, 9, 16, 2, 14, 29, 20, 31, 32, 17, 24, 7, 22, 23, 28, 25, 30, 15 ]
],
[ PermutationGroup<32 |  
\[ 8, 16, 13, 2, 4, 18, 24, 7, 26, 6, 10, 1, 9, 12, 30, 15, 32, 17, 3, 19, 5, 21, 22, 23, 28, 25, 11, 27, 14, 29, 20, 31 ],
\[ 3, 6, 5, 10, 11, 1, 9, 13, 2, 12, 14, 19, 4, 20, 17, 18, 7, 8, 21, 22, 27, 28, 25, 26, 15, 16, 29, 30, 31, 32, 23, 24 ],
\[ 10, 13, 12, 3, 19, 4, 18, 6, 8, 5, 21, 11, 1, 27, 26, 9, 16, 2, 14, 29, 20, 31, 32, 17, 24, 7, 22, 23, 28, 25, 30, 15 ]:
 Order := 32 > |
[ 12, 4, 19, 5, 21, 10, 8, 1, 13, 11, 27, 14, 3, 29, 16, 2, 18, 6, 20, 31, 22, 23, 24, 7, 26, 9, 28, 25, 30, 15, 32, 17 ],
[ 3, 6, 5, 10, 11, 1, 9, 13, 2, 12, 14, 19, 4, 20, 17, 18, 7, 8, 21, 22, 27, 28, 25, 26, 15, 16, 29, 30, 31, 32, 23, 24 ],
[ 18, 26, 8, 9, 13, 16, 32, 17, 24, 2, 4, 6, 7, 10, 28, 25, 30, 15, 1, 12, 3, 19, 20, 31, 22, 23, 5, 21, 11, 27, 14, 29 ]
],
[ PermutationGroup<32 |  
\[ 8, 16, 13, 2, 4, 18, 24, 7, 26, 6, 10, 1, 9, 12, 30, 15, 32, 17, 3, 19, 5, 21, 22, 23, 28, 25, 11, 27, 14, 29, 20, 31 ],
\[ 3, 6, 5, 10, 11, 1, 9, 13, 2, 12, 14, 19, 4, 20, 17, 18, 7, 8, 21, 22, 27, 28, 25, 26, 15, 16, 29, 30, 31, 32, 23, 24 ],
\[ 10, 13, 12, 3, 19, 4, 18, 6, 8, 5, 21, 11, 1, 27, 26, 9, 16, 2, 14, 29, 20, 31, 32, 17, 24, 7, 22, 23, 28, 25, 30, 15 ]:
 Order := 32 > |
[ 5, 1, 11, 12, 14, 3, 2, 4, 6, 19, 20, 21, 10, 22, 7, 8, 9, 13, 27, 28, 29, 30, 15, 16, 17, 18, 31, 32, 23, 24, 25, 26 ],
[ 3, 6, 5, 10, 11, 1, 9, 13, 2, 12, 14, 19, 4, 20, 17, 18, 7, 8, 21, 22, 27, 28, 25, 26, 15, 16, 29, 30, 31, 32, 23, 24 ],
[ 9, 17, 2, 18, 6, 7, 25, 26, 15, 8, 1, 13, 16, 3, 31, 32, 23, 24, 4, 5, 10, 11, 27, 28, 29, 30, 12, 14, 19, 20, 21, 22 ]
],
[ PermutationGroup<32 |  
\[ 8, 16, 13, 2, 4, 18, 24, 7, 26, 6, 10, 1, 9, 12, 30, 15, 32, 17, 3, 19, 5, 21, 22, 23, 28, 25, 11, 27, 14, 29, 20, 31 ],
\[ 3, 6, 5, 10, 11, 1, 9, 13, 2, 12, 14, 19, 4, 20, 17, 18, 7, 8, 21, 22, 27, 28, 25, 26, 15, 16, 29, 30, 31, 32, 23, 24 ],
\[ 10, 13, 12, 3, 19, 4, 18, 6, 8, 5, 21, 11, 1, 27, 26, 9, 16, 2, 14, 29, 20, 31, 32, 17, 24, 7, 22, 23, 28, 25, 30, 15 ]:
 Order := 32 > |
[ 22, 14, 28, 29, 30, 20, 5, 21, 11, 31, 32, 23, 27, 24, 1, 12, 3, 19, 25, 26, 15, 16, 2, 4, 6, 10, 17, 18, 7, 8, 9, 13 ],
[ 3, 6, 5, 10, 11, 1, 9, 13, 2, 12, 14, 19, 4, 20, 17, 18, 7, 8, 21, 22, 27, 28, 25, 26, 15, 16, 29, 30, 31, 32, 23, 24 ],
[ 25, 31, 15, 32, 17, 23, 27, 28, 29, 24, 7, 26, 30, 9, 19, 20, 21, 22, 16, 2, 18, 6, 10, 11, 12, 14, 8, 1, 13, 3, 4, 5 ]
],
[ PermutationGroup<32 |  
\[ 8, 16, 13, 2, 4, 18, 24, 7, 26, 6, 10, 1, 9, 12, 30, 15, 32, 17, 3, 19, 5, 21, 22, 23, 28, 25, 11, 27, 14, 29, 20, 31 ],
\[ 3, 6, 5, 10, 11, 1, 9, 13, 2, 12, 14, 19, 4, 20, 17, 18, 7, 8, 21, 22, 27, 28, 25, 26, 15, 16, 29, 30, 31, 32, 23, 24 ],
\[ 10, 13, 12, 3, 19, 4, 18, 6, 8, 5, 21, 11, 1, 27, 26, 9, 16, 2, 14, 29, 20, 31, 32, 17, 24, 7, 22, 23, 28, 25, 30, 15 ]:
 Order := 32 > |
[ 29, 21, 31, 22, 23, 27, 12, 14, 19, 28, 25, 30, 20, 15, 4, 5, 10, 11, 32, 17, 24, 7, 8, 1, 13, 3, 26, 9, 16, 2, 18, 6 ],
[ 3, 6, 5, 10, 11, 1, 9, 13, 2, 12, 14, 19, 4, 20, 17, 18, 7, 8, 21, 22, 27, 28, 25, 26, 15, 16, 29, 30, 31, 32, 23, 24 ],
[ 32, 28, 24, 25, 26, 30, 20, 31, 22, 15, 16, 17, 23, 18, 11, 27, 14, 29, 7, 8, 9, 13, 3, 19, 5, 21, 2, 4, 6, 10, 1, 12 ]
],
[ PermutationGroup<32 |  
\[ 8, 16, 13, 2, 4, 18, 24, 7, 26, 6, 10, 1, 9, 12, 30, 15, 32, 17, 3, 19, 5, 21, 22, 23, 28, 25, 11, 27, 14, 29, 20, 31 ],
\[ 3, 6, 5, 10, 11, 1, 9, 13, 2, 12, 14, 19, 4, 20, 17, 18, 7, 8, 21, 22, 27, 28, 25, 26, 15, 16, 29, 30, 31, 32, 23, 24 ],
\[ 10, 13, 12, 3, 19, 4, 18, 6, 8, 5, 21, 11, 1, 27, 26, 9, 16, 2, 14, 29, 20, 31, 32, 17, 24, 7, 22, 23, 28, 25, 30, 15 ]:
 Order := 32 > |
[ 15, 23, 17, 24, 7, 25, 29, 30, 31, 26, 9, 16, 32, 2, 21, 22, 27, 28, 18, 6, 8, 1, 12, 14, 19, 20, 13, 3, 4, 5, 10, 11 ],
[ 3, 6, 5, 10, 11, 1, 9, 13, 2, 12, 14, 19, 4, 20, 17, 18, 7, 8, 21, 22, 27, 28, 25, 26, 15, 16, 29, 30, 31, 32, 23, 24 ],
[ 20, 11, 22, 27, 28, 14, 3, 19, 5, 29, 30, 31, 21, 32, 6, 10, 1, 12, 23, 24, 25, 26, 9, 13, 2, 4, 15, 16, 17, 18, 7, 8 ]
],
[ PermutationGroup<32 |  
\[ 8, 16, 13, 2, 4, 18, 24, 7, 26, 6, 10, 1, 9, 12, 30, 15, 32, 17, 3, 19, 5, 21, 22, 23, 28, 25, 11, 27, 14, 29, 20, 31 ],
\[ 3, 6, 5, 10, 11, 1, 9, 13, 2, 12, 14, 19, 4, 20, 17, 18, 7, 8, 21, 22, 27, 28, 25, 26, 15, 16, 29, 30, 31, 32, 23, 24 ],
\[ 10, 13, 12, 3, 19, 4, 18, 6, 8, 5, 21, 11, 1, 27, 26, 9, 16, 2, 14, 29, 20, 31, 32, 17, 24, 7, 22, 23, 28, 25, 30, 15 ]:
 Order := 32 > |
[ 24, 30, 26, 15, 16, 32, 22, 23, 28, 17, 18, 7, 25, 8, 14, 29, 20, 31, 9, 13, 2, 4, 5, 21, 11, 27, 6, 10, 1, 12, 3, 19 ],
[ 3, 6, 5, 10, 11, 1, 9, 13, 2, 12, 14, 19, 4, 20, 17, 18, 7, 8, 21, 22, 27, 28, 25, 26, 15, 16, 29, 30, 31, 32, 23, 24 ],
[ 27, 19, 29, 20, 31, 21, 10, 11, 12, 22, 23, 28, 14, 25, 13, 3, 4, 5, 30, 15, 32, 17, 18, 6, 8, 1, 24, 7, 26, 9, 16, 2 ]
]
];
s`SolvableDBPointedPassport := [ PowerSequence(PermutationGroup<32 |  
\[ 8, 16, 13, 2, 4, 18, 24, 7, 26, 6, 10, 1, 9, 12, 30, 15, 32, 17, 3, 19, 5, 21, 22, 23, 28, 25, 11, 27, 14, 29, 20, 31 ],
\[ 3, 6, 5, 10, 11, 1, 9, 13, 2, 12, 14, 19, 4, 20, 17, 18, 7, 8, 21, 22, 27, 28, 25, 26, 15, 16, 29, 30, 31, 32, 23, 24 ],
\[ 10, 13, 12, 3, 19, 4, 18, 6, 8, 5, 21, 11, 1, 27, 26, 9, 16, 2, 14, 29, 20, 31, 32, 17, 24, 7, 22, 23, 28, 25, 30, 15 ]:
 Order := 32 >) |
[ PermutationGroup<32 |  
\[ 8, 16, 13, 2, 4, 18, 24, 7, 26, 6, 10, 1, 9, 12, 30, 15, 32, 17, 3, 19, 5, 21, 22, 23, 28, 25, 11, 27, 14, 29, 20, 31 ],
\[ 3, 6, 5, 10, 11, 1, 9, 13, 2, 12, 14, 19, 4, 20, 17, 18, 7, 8, 21, 22, 27, 28, 25, 26, 15, 16, 29, 30, 31, 32, 23, 24 ],
\[ 10, 13, 12, 3, 19, 4, 18, 6, 8, 5, 21, 11, 1, 27, 26, 9, 16, 2, 14, 29, 20, 31, 32, 17, 24, 7, 22, 23, 28, 25, 30, 15 ]:
 Order := 32 > |
[ 3, 6, 5, 10, 11, 1, 9, 13, 2, 12, 14, 19, 4, 20, 17, 18, 7, 8, 21, 22, 27, 28, 25, 26, 15, 16, 29, 30, 31, 32, 23, 24 ],
[ 3, 6, 5, 10, 11, 1, 9, 13, 2, 12, 14, 19, 4, 20, 17, 18, 7, 8, 21, 22, 27, 28, 25, 26, 15, 16, 29, 30, 31, 32, 23, 24 ],
[ 2, 7, 6, 8, 1, 9, 15, 16, 17, 13, 3, 4, 18, 5, 23, 24, 25, 26, 10, 11, 12, 14, 29, 30, 31, 32, 19, 20, 21, 22, 27, 28 ]
],
[ PermutationGroup<32 |  
\[ 8, 16, 13, 2, 4, 18, 24, 7, 26, 6, 10, 1, 9, 12, 30, 15, 32, 17, 3, 19, 5, 21, 22, 23, 28, 25, 11, 27, 14, 29, 20, 31 ],
\[ 3, 6, 5, 10, 11, 1, 9, 13, 2, 12, 14, 19, 4, 20, 17, 18, 7, 8, 21, 22, 27, 28, 25, 26, 15, 16, 29, 30, 31, 32, 23, 24 ],
\[ 10, 13, 12, 3, 19, 4, 18, 6, 8, 5, 21, 11, 1, 27, 26, 9, 16, 2, 14, 29, 20, 31, 32, 17, 24, 7, 22, 23, 28, 25, 30, 15 ]:
 Order := 32 > |
[ 3, 6, 5, 10, 11, 1, 9, 13, 2, 12, 14, 19, 4, 20, 17, 18, 7, 8, 21, 22, 27, 28, 25, 26, 15, 16, 29, 30, 31, 32, 23, 24 ],
[ 10, 13, 12, 3, 19, 4, 18, 6, 8, 5, 21, 11, 1, 27, 26, 9, 16, 2, 14, 29, 20, 31, 32, 17, 24, 7, 22, 23, 28, 25, 30, 15 ],
[ 8, 16, 13, 2, 4, 18, 24, 7, 26, 6, 10, 1, 9, 12, 30, 15, 32, 17, 3, 19, 5, 21, 22, 23, 28, 25, 11, 27, 14, 29, 20, 31 ]
],
[ PermutationGroup<32 |  
\[ 8, 16, 13, 2, 4, 18, 24, 7, 26, 6, 10, 1, 9, 12, 30, 15, 32, 17, 3, 19, 5, 21, 22, 23, 28, 25, 11, 27, 14, 29, 20, 31 ],
\[ 3, 6, 5, 10, 11, 1, 9, 13, 2, 12, 14, 19, 4, 20, 17, 18, 7, 8, 21, 22, 27, 28, 25, 26, 15, 16, 29, 30, 31, 32, 23, 24 ],
\[ 10, 13, 12, 3, 19, 4, 18, 6, 8, 5, 21, 11, 1, 27, 26, 9, 16, 2, 14, 29, 20, 31, 32, 17, 24, 7, 22, 23, 28, 25, 30, 15 ]:
 Order := 32 > |
[ 3, 6, 5, 10, 11, 1, 9, 13, 2, 12, 14, 19, 4, 20, 17, 18, 7, 8, 21, 22, 27, 28, 25, 26, 15, 16, 29, 30, 31, 32, 23, 24 ],
[ 9, 17, 2, 18, 6, 7, 25, 26, 15, 8, 1, 13, 16, 3, 31, 32, 23, 24, 4, 5, 10, 11, 27, 28, 29, 30, 12, 14, 19, 20, 21, 22 ],
[ 5, 1, 11, 12, 14, 3, 2, 4, 6, 19, 20, 21, 10, 22, 7, 8, 9, 13, 27, 28, 29, 30, 15, 16, 17, 18, 31, 32, 23, 24, 25, 26 ]
],
[ PermutationGroup<32 |  
\[ 8, 16, 13, 2, 4, 18, 24, 7, 26, 6, 10, 1, 9, 12, 30, 15, 32, 17, 3, 19, 5, 21, 22, 23, 28, 25, 11, 27, 14, 29, 20, 31 ],
\[ 3, 6, 5, 10, 11, 1, 9, 13, 2, 12, 14, 19, 4, 20, 17, 18, 7, 8, 21, 22, 27, 28, 25, 26, 15, 16, 29, 30, 31, 32, 23, 24 ],
\[ 10, 13, 12, 3, 19, 4, 18, 6, 8, 5, 21, 11, 1, 27, 26, 9, 16, 2, 14, 29, 20, 31, 32, 17, 24, 7, 22, 23, 28, 25, 30, 15 ]:
 Order := 32 > |
[ 3, 6, 5, 10, 11, 1, 9, 13, 2, 12, 14, 19, 4, 20, 17, 18, 7, 8, 21, 22, 27, 28, 25, 26, 15, 16, 29, 30, 31, 32, 23, 24 ],
[ 18, 26, 8, 9, 13, 16, 32, 17, 24, 2, 4, 6, 7, 10, 28, 25, 30, 15, 1, 12, 3, 19, 20, 31, 22, 23, 5, 21, 11, 27, 14, 29 ],
[ 12, 4, 19, 5, 21, 10, 8, 1, 13, 11, 27, 14, 3, 29, 16, 2, 18, 6, 20, 31, 22, 23, 24, 7, 26, 9, 28, 25, 30, 15, 32, 17 ]
],
[ PermutationGroup<32 |  
\[ 8, 16, 13, 2, 4, 18, 24, 7, 26, 6, 10, 1, 9, 12, 30, 15, 32, 17, 3, 19, 5, 21, 22, 23, 28, 25, 11, 27, 14, 29, 20, 31 ],
\[ 3, 6, 5, 10, 11, 1, 9, 13, 2, 12, 14, 19, 4, 20, 17, 18, 7, 8, 21, 22, 27, 28, 25, 26, 15, 16, 29, 30, 31, 32, 23, 24 ],
\[ 10, 13, 12, 3, 19, 4, 18, 6, 8, 5, 21, 11, 1, 27, 26, 9, 16, 2, 14, 29, 20, 31, 32, 17, 24, 7, 22, 23, 28, 25, 30, 15 ]:
 Order := 32 > |
[ 3, 6, 5, 10, 11, 1, 9, 13, 2, 12, 14, 19, 4, 20, 17, 18, 7, 8, 21, 22, 27, 28, 25, 26, 15, 16, 29, 30, 31, 32, 23, 24 ],
[ 25, 31, 15, 32, 17, 23, 27, 28, 29, 24, 7, 26, 30, 9, 19, 20, 21, 22, 16, 2, 18, 6, 10, 11, 12, 14, 8, 1, 13, 3, 4, 5 ],
[ 22, 14, 28, 29, 30, 20, 5, 21, 11, 31, 32, 23, 27, 24, 1, 12, 3, 19, 25, 26, 15, 16, 2, 4, 6, 10, 17, 18, 7, 8, 9, 13 ]
],
[ PermutationGroup<32 |  
\[ 8, 16, 13, 2, 4, 18, 24, 7, 26, 6, 10, 1, 9, 12, 30, 15, 32, 17, 3, 19, 5, 21, 22, 23, 28, 25, 11, 27, 14, 29, 20, 31 ],
\[ 3, 6, 5, 10, 11, 1, 9, 13, 2, 12, 14, 19, 4, 20, 17, 18, 7, 8, 21, 22, 27, 28, 25, 26, 15, 16, 29, 30, 31, 32, 23, 24 ],
\[ 10, 13, 12, 3, 19, 4, 18, 6, 8, 5, 21, 11, 1, 27, 26, 9, 16, 2, 14, 29, 20, 31, 32, 17, 24, 7, 22, 23, 28, 25, 30, 15 ]:
 Order := 32 > |
[ 3, 6, 5, 10, 11, 1, 9, 13, 2, 12, 14, 19, 4, 20, 17, 18, 7, 8, 21, 22, 27, 28, 25, 26, 15, 16, 29, 30, 31, 32, 23, 24 ],
[ 32, 28, 24, 25, 26, 30, 20, 31, 22, 15, 16, 17, 23, 18, 11, 27, 14, 29, 7, 8, 9, 13, 3, 19, 5, 21, 2, 4, 6, 10, 1, 12 ],
[ 29, 21, 31, 22, 23, 27, 12, 14, 19, 28, 25, 30, 20, 15, 4, 5, 10, 11, 32, 17, 24, 7, 8, 1, 13, 3, 26, 9, 16, 2, 18, 6 ]
],
[ PermutationGroup<32 |  
\[ 8, 16, 13, 2, 4, 18, 24, 7, 26, 6, 10, 1, 9, 12, 30, 15, 32, 17, 3, 19, 5, 21, 22, 23, 28, 25, 11, 27, 14, 29, 20, 31 ],
\[ 3, 6, 5, 10, 11, 1, 9, 13, 2, 12, 14, 19, 4, 20, 17, 18, 7, 8, 21, 22, 27, 28, 25, 26, 15, 16, 29, 30, 31, 32, 23, 24 ],
\[ 10, 13, 12, 3, 19, 4, 18, 6, 8, 5, 21, 11, 1, 27, 26, 9, 16, 2, 14, 29, 20, 31, 32, 17, 24, 7, 22, 23, 28, 25, 30, 15 ]:
 Order := 32 > |
[ 3, 6, 5, 10, 11, 1, 9, 13, 2, 12, 14, 19, 4, 20, 17, 18, 7, 8, 21, 22, 27, 28, 25, 26, 15, 16, 29, 30, 31, 32, 23, 24 ],
[ 27, 19, 29, 20, 31, 21, 10, 11, 12, 22, 23, 28, 14, 25, 13, 3, 4, 5, 30, 15, 32, 17, 18, 6, 8, 1, 24, 7, 26, 9, 16, 2 ],
[ 24, 30, 26, 15, 16, 32, 22, 23, 28, 17, 18, 7, 25, 8, 14, 29, 20, 31, 9, 13, 2, 4, 5, 21, 11, 27, 6, 10, 1, 12, 3, 19 ]
],
[ PermutationGroup<32 |  
\[ 8, 16, 13, 2, 4, 18, 24, 7, 26, 6, 10, 1, 9, 12, 30, 15, 32, 17, 3, 19, 5, 21, 22, 23, 28, 25, 11, 27, 14, 29, 20, 31 ],
\[ 3, 6, 5, 10, 11, 1, 9, 13, 2, 12, 14, 19, 4, 20, 17, 18, 7, 8, 21, 22, 27, 28, 25, 26, 15, 16, 29, 30, 31, 32, 23, 24 ],
\[ 10, 13, 12, 3, 19, 4, 18, 6, 8, 5, 21, 11, 1, 27, 26, 9, 16, 2, 14, 29, 20, 31, 32, 17, 24, 7, 22, 23, 28, 25, 30, 15 ]:
 Order := 32 > |
[ 3, 6, 5, 10, 11, 1, 9, 13, 2, 12, 14, 19, 4, 20, 17, 18, 7, 8, 21, 22, 27, 28, 25, 26, 15, 16, 29, 30, 31, 32, 23, 24 ],
[ 20, 11, 22, 27, 28, 14, 3, 19, 5, 29, 30, 31, 21, 32, 6, 10, 1, 12, 23, 24, 25, 26, 9, 13, 2, 4, 15, 16, 17, 18, 7, 8 ],
[ 15, 23, 17, 24, 7, 25, 29, 30, 31, 26, 9, 16, 32, 2, 21, 22, 27, 28, 18, 6, 8, 1, 12, 14, 19, 20, 13, 3, 4, 5, 10, 11 ]
]
];
s`SolvableDBMonodromyGroup := PermutationGroup<32 |  
\[ 2, 7, 6, 8, 1, 9, 15, 16, 17, 13, 3, 4, 18, 5, 23, 24, 25, 26, 10, 11, 12, 14, 29, 30, 31, 32, 19, 20, 21, 22, 27, 28 ],
\[ 3, 6, 5, 10, 11, 1, 9, 13, 2, 12, 14, 19, 4, 20, 17, 18, 7, 8, 21, 22, 27, 28, 25, 26, 15, 16, 29, 30, 31, 32, 23, 24 ],
\[ 3, 6, 5, 10, 11, 1, 9, 13, 2, 12, 14, 19, 4, 20, 17, 18, 7, 8, 21, 22, 27, 28, 25, 26, 15, 16, 29, 30, 31, 32, 23, 24 ] >;
s`SolvableDBAutomorphismGroup := PermutationGroup<32 |  
\[ 3, 6, 5, 10, 11, 1, 9, 13, 2, 12, 14, 19, 4, 20, 17, 18, 7, 8, 21, 22, 27, 28, 25, 26, 15, 16, 29, 30, 31, 32, 23, 24 ],
\[ 26, 32, 16, 17, 18, 24, 28, 25, 30, 7, 8, 9, 15, 13, 20, 31, 22, 23, 2, 4, 6, 10, 11, 27, 14, 29, 1, 12, 3, 19, 5, 21 ]:
 Order := 32 >;
s`SolvableDBPointedAutomorphismGroup := PermutationGroup<32 |  
\[ 29, 21, 31, 22, 23, 27, 12, 14, 19, 28, 25, 30, 20, 15, 4, 5, 10, 11, 32, 17, 24, 7, 8, 1, 13, 3, 26, 9, 16, 2, 18, 6 ]:
 Order := 16 >;

/*
Top Level Belyi Curve/Map
*/


/*
Graph Data
*/

s`SolvableDBPathToPP1 := [ Strings() | "PP1", "2T1-1,2,2-g0-path1", "4T1-2,4,4-g1-path1", "8T1-4,8,8-g3-path1", "16T1-8,16,16-g7-path1", "32S1-16,32,32-g15-path1" ];
s`SolvableDBChildren := [ Strings() | "16T1-8,16,16-g7-path1" ];

/*
Return for eval
*/

return s;
