s := SolvableDBObjectInitialize();

/*
Basic Information about the Passport
*/

s`SolvableDBName := "32S12-4,8,8-g9-path17";
s`SolvableDBFilename := "32S12-4,8,8-g9-path17.m";
s`SolvableDBPathNumber := 17;
s`SolvableDBDegree := 32;
s`SolvableDBABC := \[ 4, 8, 8 ];
s`SolvableDBType := "Hyperbolic";
s`SolvableDBGenus := 9;
s`SolvableDBGaloisOrbitSize := 1;
s`SolvableDBPassportSize := 2;
s`SolvableDBPointedPassportSize := 2;
s`SolvableDBLevel := 5;
s`SolvableDBBlocks := {@ PowerSet(IntegerRing()) |
{ IntegerRing() | 1, 5 },
{ IntegerRing() | 2, 6 },
{ IntegerRing() | 3, 15 },
{ IntegerRing() | 4, 18 },
{ IntegerRing() | 7, 10 },
{ IntegerRing() | 8, 12 },
{ IntegerRing() | 9, 21 },
{ IntegerRing() | 11, 22 },
{ IntegerRing() | 13, 32 },
{ IntegerRing() | 14, 26 },
{ IntegerRing() | 16, 27 },
{ IntegerRing() | 17, 19 },
{ IntegerRing() | 20, 31 },
{ IntegerRing() | 23, 24 },
{ IntegerRing() | 25, 29 },
{ IntegerRing() | 28, 30 }
@};
s`SolvableDBBelyiMapTiming := 1.360p15;
s`SolvableDBSanityCheckTiming := 5.020p15;
s`SolvableDBLocalSanityCheckTiming := 0.270p15;
s`SolvableDBLocalSanityCheckPrime := 101;
s`SolvableDBIsLowGenusOrHyperelliptic := false;
s`SolvableDBIsRamifiedAtEveryLevel := true;

/*
Permutations and Passports
*/

s`SolvableDBGaloisOrbit := [ PowerSequence(PermutationGroup<32 |  
\[ 2, 3, 4, 5, 6, 7, 8, 9, 10, 11, 12, 13, 14, 15, 16, 17, 18, 19, 20, 21, 22, 23, 24, 25, 26, 27, 28, 29, 30, 31, 32, 1 ],
\[ 2, 1, 3, 4, 5, 6, 7, 8, 9, 10, 11, 12, 13, 14, 15, 16, 17, 18, 19, 20, 21, 22, 23, 24, 25, 26, 27, 28, 29, 30, 31, 32 ]:
 Order := 263130836933693530167218012160000000 >) |
[ PermutationGroup<32 |  
\[ 2, 3, 4, 5, 6, 7, 8, 9, 10, 11, 12, 13, 14, 15, 16, 17, 18, 19, 20, 21, 22, 23, 24, 25, 26, 27, 28, 29, 30, 31, 32, 1 ],
\[ 2, 1, 3, 4, 5, 6, 7, 8, 9, 10, 11, 12, 13, 14, 15, 16, 17, 18, 19, 20, 21, 22, 23, 24, 25, 26, 27, 28, 29, 30, 31, 32 ]:
 Order := 263130836933693530167218012160000000 > |
[ 6, 1, 8, 19, 2, 5, 24, 15, 11, 23, 21, 3, 16, 30, 12, 32, 4, 17, 18, 25, 22, 9, 7, 10, 31, 28, 13, 14, 20, 26, 29, 27 ],
[ 3, 9, 13, 2, 15, 21, 1, 20, 27, 5, 29, 31, 17, 12, 32, 23, 28, 6, 30, 4, 16, 25, 14, 26, 7, 8, 24, 22, 10, 11, 18, 19 ],
[ 4, 10, 14, 13, 18, 7, 16, 1, 28, 27, 2, 5, 9, 17, 26, 3, 31, 32, 20, 11, 30, 6, 29, 25, 8, 19, 15, 24, 12, 23, 22, 21 ]
]
];
s`SolvableDBPassport := [ PowerSequence(PermutationGroup<32 |  
\[ 6, 1, 8, 19, 2, 5, 24, 15, 11, 23, 21, 3, 16, 30, 12, 32, 4, 17, 18, 25, 22, 9, 7, 10, 31, 28, 13, 14, 20, 26, 29, 27 ],
\[ 3, 9, 13, 2, 15, 21, 1, 20, 27, 5, 29, 31, 17, 12, 32, 23, 28, 6, 30, 4, 16, 25, 14, 26, 7, 8, 24, 22, 10, 11, 18, 19 ],
\[ 4, 10, 14, 13, 18, 7, 16, 1, 28, 27, 2, 5, 9, 17, 26, 3, 31, 32, 20, 11, 30, 6, 29, 25, 8, 19, 15, 24, 12, 23, 22, 21 ]:
 Order := 32 >) |
[ PermutationGroup<32 |  
\[ 6, 1, 8, 19, 2, 5, 24, 15, 11, 23, 21, 3, 16, 30, 12, 32, 4, 17, 18, 25, 22, 9, 7, 10, 31, 28, 13, 14, 20, 26, 29, 27 ],
\[ 3, 9, 13, 2, 15, 21, 1, 20, 27, 5, 29, 31, 17, 12, 32, 23, 28, 6, 30, 4, 16, 25, 14, 26, 7, 8, 24, 22, 10, 11, 18, 19 ],
\[ 4, 10, 14, 13, 18, 7, 16, 1, 28, 27, 2, 5, 9, 17, 26, 3, 31, 32, 20, 11, 30, 6, 29, 25, 8, 19, 15, 24, 12, 23, 22, 21 ]:
 Order := 32 > |
[ 16, 13, 4, 11, 27, 32, 8, 19, 10, 12, 23, 17, 14, 29, 18, 30, 9, 22, 21, 1, 7, 24, 3, 15, 6, 25, 28, 31, 2, 20, 5, 26 ],
[ 3, 9, 13, 2, 15, 21, 1, 20, 27, 5, 29, 31, 17, 12, 32, 23, 28, 6, 30, 4, 16, 25, 14, 26, 7, 8, 24, 22, 10, 11, 18, 19 ],
[ 8, 11, 16, 1, 12, 22, 6, 25, 13, 2, 20, 29, 4, 3, 27, 7, 14, 5, 26, 19, 32, 31, 30, 28, 24, 15, 10, 9, 23, 21, 17, 18 ]
],
[ PermutationGroup<32 |  
\[ 6, 1, 8, 19, 2, 5, 24, 15, 11, 23, 21, 3, 16, 30, 12, 32, 4, 17, 18, 25, 22, 9, 7, 10, 31, 28, 13, 14, 20, 26, 29, 27 ],
\[ 3, 9, 13, 2, 15, 21, 1, 20, 27, 5, 29, 31, 17, 12, 32, 23, 28, 6, 30, 4, 16, 25, 14, 26, 7, 8, 24, 22, 10, 11, 18, 19 ],
\[ 4, 10, 14, 13, 18, 7, 16, 1, 28, 27, 2, 5, 9, 17, 26, 3, 31, 32, 20, 11, 30, 6, 29, 25, 8, 19, 15, 24, 12, 23, 22, 21 ]:
 Order := 32 > |
[ 14, 28, 9, 10, 26, 30, 4, 11, 15, 18, 12, 22, 31, 5, 21, 29, 24, 7, 23, 13, 3, 8, 17, 19, 16, 1, 25, 6, 27, 2, 32, 20 ],
[ 3, 9, 13, 2, 15, 21, 1, 20, 27, 5, 29, 31, 17, 12, 32, 23, 28, 6, 30, 4, 16, 25, 14, 26, 7, 8, 24, 22, 10, 11, 18, 19 ],
[ 24, 19, 6, 25, 23, 17, 31, 28, 1, 20, 26, 30, 8, 7, 2, 22, 16, 29, 27, 15, 5, 14, 32, 13, 9, 10, 11, 4, 21, 18, 3, 12 ]
]
];
s`SolvableDBPointedPassport := [ PowerSequence(PermutationGroup<32 |  
\[ 6, 1, 8, 19, 2, 5, 24, 15, 11, 23, 21, 3, 16, 30, 12, 32, 4, 17, 18, 25, 22, 9, 7, 10, 31, 28, 13, 14, 20, 26, 29, 27 ],
\[ 3, 9, 13, 2, 15, 21, 1, 20, 27, 5, 29, 31, 17, 12, 32, 23, 28, 6, 30, 4, 16, 25, 14, 26, 7, 8, 24, 22, 10, 11, 18, 19 ],
\[ 4, 10, 14, 13, 18, 7, 16, 1, 28, 27, 2, 5, 9, 17, 26, 3, 31, 32, 20, 11, 30, 6, 29, 25, 8, 19, 15, 24, 12, 23, 22, 21 ]:
 Order := 32 >) |
[ PermutationGroup<32 |  
\[ 6, 1, 8, 19, 2, 5, 24, 15, 11, 23, 21, 3, 16, 30, 12, 32, 4, 17, 18, 25, 22, 9, 7, 10, 31, 28, 13, 14, 20, 26, 29, 27 ],
\[ 3, 9, 13, 2, 15, 21, 1, 20, 27, 5, 29, 31, 17, 12, 32, 23, 28, 6, 30, 4, 16, 25, 14, 26, 7, 8, 24, 22, 10, 11, 18, 19 ],
\[ 4, 10, 14, 13, 18, 7, 16, 1, 28, 27, 2, 5, 9, 17, 26, 3, 31, 32, 20, 11, 30, 6, 29, 25, 8, 19, 15, 24, 12, 23, 22, 21 ]:
 Order := 32 > |
[ 3, 9, 13, 2, 15, 21, 1, 20, 27, 5, 29, 31, 17, 12, 32, 23, 28, 6, 30, 4, 16, 25, 14, 26, 7, 8, 24, 22, 10, 11, 18, 19 ],
[ 8, 11, 16, 1, 12, 22, 6, 25, 13, 2, 20, 29, 4, 3, 27, 7, 14, 5, 26, 19, 32, 31, 30, 28, 24, 15, 10, 9, 23, 21, 17, 18 ],
[ 16, 13, 4, 11, 27, 32, 8, 19, 10, 12, 23, 17, 14, 29, 18, 30, 9, 22, 21, 1, 7, 24, 3, 15, 6, 25, 28, 31, 2, 20, 5, 26 ]
],
[ PermutationGroup<32 |  
\[ 6, 1, 8, 19, 2, 5, 24, 15, 11, 23, 21, 3, 16, 30, 12, 32, 4, 17, 18, 25, 22, 9, 7, 10, 31, 28, 13, 14, 20, 26, 29, 27 ],
\[ 3, 9, 13, 2, 15, 21, 1, 20, 27, 5, 29, 31, 17, 12, 32, 23, 28, 6, 30, 4, 16, 25, 14, 26, 7, 8, 24, 22, 10, 11, 18, 19 ],
\[ 4, 10, 14, 13, 18, 7, 16, 1, 28, 27, 2, 5, 9, 17, 26, 3, 31, 32, 20, 11, 30, 6, 29, 25, 8, 19, 15, 24, 12, 23, 22, 21 ]:
 Order := 32 > |
[ 3, 9, 13, 2, 15, 21, 1, 20, 27, 5, 29, 31, 17, 12, 32, 23, 28, 6, 30, 4, 16, 25, 14, 26, 7, 8, 24, 22, 10, 11, 18, 19 ],
[ 24, 19, 6, 25, 23, 17, 31, 28, 1, 20, 26, 30, 8, 7, 2, 22, 16, 29, 27, 15, 5, 14, 32, 13, 9, 10, 11, 4, 21, 18, 3, 12 ],
[ 14, 28, 9, 10, 26, 30, 4, 11, 15, 18, 12, 22, 31, 5, 21, 29, 24, 7, 23, 13, 3, 8, 17, 19, 16, 1, 25, 6, 27, 2, 32, 20 ]
]
];
s`SolvableDBMonodromyGroup := PermutationGroup<32 |  
\[ 6, 1, 8, 19, 2, 5, 24, 15, 11, 23, 21, 3, 16, 30, 12, 32, 4, 17, 18, 25, 22, 9, 7, 10, 31, 28, 13, 14, 20, 26, 29, 27 ],
\[ 3, 9, 13, 2, 15, 21, 1, 20, 27, 5, 29, 31, 17, 12, 32, 23, 28, 6, 30, 4, 16, 25, 14, 26, 7, 8, 24, 22, 10, 11, 18, 19 ],
\[ 4, 10, 14, 13, 18, 7, 16, 1, 28, 27, 2, 5, 9, 17, 26, 3, 31, 32, 20, 11, 30, 6, 29, 25, 8, 19, 15, 24, 12, 23, 22, 21 ] >;
s`SolvableDBAutomorphismGroup := PermutationGroup<32 |  
\[ 28, 26, 22, 24, 30, 14, 17, 9, 8, 19, 15, 21, 25, 6, 11, 31, 7, 23, 10, 27, 12, 3, 18, 4, 13, 2, 20, 1, 32, 5, 16, 29 ],
\[ 25, 20, 7, 8, 29, 31, 22, 24, 4, 11, 19, 23, 1, 16, 10, 6, 3, 12, 15, 26, 18, 17, 21, 9, 28, 27, 2, 13, 30, 32, 14, 5 ],
\[ 22, 21, 25, 6, 11, 9, 28, 31, 16, 30, 32, 20, 7, 8, 29, 24, 1, 2, 5, 18, 27, 13, 26, 14, 17, 12, 23, 3, 19, 15, 4, 10 ],
\[ 32, 16, 19, 21, 13, 27, 15, 18, 23, 3, 7, 4, 30, 20, 17, 26, 11, 9, 22, 6, 24, 10, 8, 12, 5, 31, 14, 29, 1, 25, 2, 28 ],
\[ 2, 5, 9, 10, 6, 1, 4, 11, 15, 18, 12, 22, 27, 28, 21, 13, 24, 7, 23, 29, 3, 8, 17, 19, 20, 30, 32, 26, 31, 14, 25, 16 ]:
 Order := 32 >;
s`SolvableDBPointedAutomorphismGroup := PermutationGroup<32 |  
\[ 6, 1, 21, 7, 2, 5, 18, 22, 3, 4, 8, 11, 16, 30, 9, 32, 23, 10, 24, 25, 15, 12, 19, 17, 31, 28, 13, 14, 20, 26, 29, 27 ]:
 Order := 4 >;

/*
Top Level Belyi Curve/Map
*/

K<nu> := NumberField(Polynomial([RationalField() | 1, 0, 1]));
PX<x1, x2, x3> := PolynomialRing(K, 3);
AA<x1, x2, x3> := AffineSpace(PX);
I<x1, x2, x3> := ideal< PX | [
x2^2*x3^6 + 1/1209018056149790439571457*(-132154493251801401262080*nu + 5754983331970573926400)*x2*x3^4 - 536870912/281487861809153*x1^3*x2 + 1/79235416345888816038194577409*(377783554022048582860800*nu + 16922526508327728459022336)*x1^2*x3^2 - 256/65537*x2^2*x3^2 + 1/18447869999386460161*(211109453758464*nu - 4398046511104)*x1^2*x2 + 1/79235416345888816038194577409*(-58018699478645680252125184*nu + 1435575199440775401177088)*x1*x3^2 + 1/1209018056149790439571457*(3458746921634496512*nu + 36876599657406398464)*x1*x2 + 1/79235416345888816038194577409*(-1662243026010995337199616*nu - 62852484301350030691794944)*x3^2 + 1/1209018056149790439571457*(479650248684711444480*nu - 2882488479470583808)*x2,
x1*x2*x3^4 + 1/65537*(393206*nu - 4096)*x2*x3^4 - 41943040/4295098369*x1^2*x3^2 + 167772160/4295098369*nu*x1*x3^2 - 256/65537*x1*x2 + 201326592/4295098369*x3^2 + 1/4295098369*(-100660736*nu - 1048576)*x2,
x1^3*x3^2 - 4295098369/2097152*x2*x3^4 - 6*nu*x1^2*x3^2 - 16*x1*x3^2 + 16*nu*x3^2 + 65537/8192*x2,
x1^4 + 1/65537*(-16*nu + 4096)*x1^3 - 65537/256*x2*x3^2 + 1/65537*(-24576*nu - 96)*x1^2 + 1/65537*(256*nu - 65536)*x1 + 1/65537*(65536*nu + 256)
] >;
X<x1, x2, x3> := Curve(AA, I);
KX<x1, x2, x3> := FunctionField(X);
s`SolvableDBBelyiCurve := X;
s`SolvableDBBelyiMap := KX!((65537/65536*x1^8 - 1/2048*nu*x1^7 - 7/1024*x1^6 + 7/128*nu*x1^5 + 35/128*x1^4 - 7/8*nu*x1^3 - 7/4*x1^2 + 2*nu*x1 + 1)/x1^8);

/*
Graph Data
*/

s`SolvableDBPathToPP1 := [ Strings() | "PP1", "2T1-1,2,2-g0-path1", "4T2-2,2,2-g0-path1", "8T2-2,4,4-g1-path3", "16T6-2,8,8-g3-path3", "32S12-4,8,8-g9-path17" ];
s`SolvableDBParents := [ Strings() | "64S44-8,16,16-g25-path15", "64S44-8,16,16-g25-path16", "64S45-4,16,16-g21-path15", "64S16-8,8,8-g21-path9", "64S45-4,16,16-g21-path16", "64S15-8,8,8-g21-path9", "64S17-4,8,8-g17-path9" ];
s`SolvableDBChildren := [ Strings() | "16T6-2,8,8-g3-path3" ];

/*
Return for eval
*/

return s;
