s := SolvableDBInitialize();

/*
Magma printing
*/

s`SolvableDBName := "32S16-8,16,16-g13-path1";
s`SolvableDBFilename := "32S16-8,16,16-g13-path1.m";
s`SolvableDBPassportName := "32S16-8,16,16-g13";
s`SolvableDBPathNumber := 1;
s`SolvableDBDegree := 32;
s`SolvableDBOrders := \[ 8, 16, 16 ];
s`SolvableDBType := "Hyperbolic";
s`SolvableDBGenus := 13;
s`SolvableDBGaloisOrbitSize := 1;
s`SolvableDBPassportSize := 2;
s`SolvableDBPointedPassportSize := 2;
s`SolvableDBLevel := 5;
s`SolvableDBBlocks := {@ PowerSet(IntegerRing()) |
{ IntegerRing() | 1, 5 },
{ IntegerRing() | 2, 10 },
{ IntegerRing() | 3, 12 },
{ IntegerRing() | 4, 14 },
{ IntegerRing() | 6, 17 },
{ IntegerRing() | 7, 18 },
{ IntegerRing() | 8, 19 },
{ IntegerRing() | 9, 21 },
{ IntegerRing() | 11, 23 },
{ IntegerRing() | 13, 25 },
{ IntegerRing() | 15, 27 },
{ IntegerRing() | 16, 28 },
{ IntegerRing() | 20, 29 },
{ IntegerRing() | 22, 30 },
{ IntegerRing() | 24, 31 },
{ IntegerRing() | 26, 32 }
@};
s`SolvableDBIsRamifiedAtEveryLevel := false;
s`SolvableDBGaloisOrbit := [ PowerSequence(PermutationGroup<32 |  
\[ 2, 3, 4, 5, 6, 7, 8, 9, 10, 11, 12, 13, 14, 15, 16, 17, 18, 19, 20, 21, 22, 23, 24, 25, 26, 27, 28, 29, 30, 31, 32, 1 ],
\[ 2, 1, 3, 4, 5, 6, 7, 8, 9, 10, 11, 12, 13, 14, 15, 16, 17, 18, 19, 20, 21, 22, 23, 24, 25, 26, 27, 28, 29, 30, 31, 32 ]:
 Order := 263130836933693530167218012160000000 >) |
[ PermutationGroup<32 |  
\[ 2, 3, 4, 5, 6, 7, 8, 9, 10, 11, 12, 13, 14, 15, 16, 17, 18, 19, 20, 21, 22, 23, 24, 25, 26, 27, 28, 29, 30, 31, 32, 1 ],
\[ 2, 1, 3, 4, 5, 6, 7, 8, 9, 10, 11, 12, 13, 14, 15, 16, 17, 18, 19, 20, 21, 22, 23, 24, 25, 26, 27, 28, 29, 30, 31, 32 ]:
 Order := 263130836933693530167218012160000000 > |
[ 10, 21, 19, 18, 2, 5, 12, 23, 29, 9, 30, 8, 28, 7, 14, 17, 1, 3, 11, 31, 20, 32, 22, 25, 16, 27, 4, 6, 24, 26, 13, 15 ],
[ 3, 8, 2, 6, 12, 7, 1, 9, 11, 19, 20, 10, 15, 17, 16, 4, 18, 5, 21, 22, 23, 24, 29, 26, 27, 13, 28, 14, 30, 31, 32, 25 ],
[ 14, 18, 17, 25, 4, 27, 28, 5, 12, 7, 10, 6, 30, 13, 31, 32, 15, 16, 1, 19, 3, 21, 2, 23, 22, 29, 24, 26, 8, 9, 11, 20 ]
]
];
s`SolvableDBPassport := [ PowerSequence(PermutationGroup<32 |  
\[ 10, 21, 19, 18, 2, 5, 12, 23, 29, 9, 30, 8, 28, 7, 14, 17, 1, 3, 11, 31, 20, 32, 22, 25, 16, 27, 4, 6, 24, 26, 13, 15 ],
\[ 3, 8, 2, 6, 12, 7, 1, 9, 11, 19, 20, 10, 15, 17, 16, 4, 18, 5, 21, 22, 23, 24, 29, 26, 27, 13, 28, 14, 30, 31, 32, 25 ],
\[ 14, 18, 17, 25, 4, 27, 28, 5, 12, 7, 10, 6, 30, 13, 31, 32, 15, 16, 1, 19, 3, 21, 2, 23, 22, 29, 24, 26, 8, 9, 11, 20 ]:
 Order := 32 >) |
[ PermutationGroup<32 |  
\[ 10, 21, 19, 18, 2, 5, 12, 23, 29, 9, 30, 8, 28, 7, 14, 17, 1, 3, 11, 31, 20, 32, 22, 25, 16, 27, 4, 6, 24, 26, 13, 15 ],
\[ 3, 8, 2, 6, 12, 7, 1, 9, 11, 19, 20, 10, 15, 17, 16, 4, 18, 5, 21, 22, 23, 24, 29, 26, 27, 13, 28, 14, 30, 31, 32, 25 ],
\[ 14, 18, 17, 25, 4, 27, 28, 5, 12, 7, 10, 6, 30, 13, 31, 32, 15, 16, 1, 19, 3, 21, 2, 23, 22, 29, 24, 26, 8, 9, 11, 20 ]:
 Order := 32 > |
[ 17, 5, 18, 27, 6, 28, 14, 12, 10, 1, 19, 7, 31, 15, 32, 25, 16, 4, 3, 21, 2, 23, 8, 29, 24, 30, 26, 13, 9, 11, 20, 22 ],
[ 3, 8, 2, 6, 12, 7, 1, 9, 11, 19, 20, 10, 15, 17, 16, 4, 18, 5, 21, 22, 23, 24, 29, 26, 27, 13, 28, 14, 30, 31, 32, 25 ],
[ 12, 19, 10, 17, 3, 18, 5, 21, 23, 8, 29, 2, 27, 6, 28, 14, 7, 1, 9, 30, 11, 31, 20, 32, 15, 25, 16, 4, 22, 24, 26, 13 ]
],
[ PermutationGroup<32 |  
\[ 10, 21, 19, 18, 2, 5, 12, 23, 29, 9, 30, 8, 28, 7, 14, 17, 1, 3, 11, 31, 20, 32, 22, 25, 16, 27, 4, 6, 24, 26, 13, 15 ],
\[ 3, 8, 2, 6, 12, 7, 1, 9, 11, 19, 20, 10, 15, 17, 16, 4, 18, 5, 21, 22, 23, 24, 29, 26, 27, 13, 28, 14, 30, 31, 32, 25 ],
\[ 14, 18, 17, 25, 4, 27, 28, 5, 12, 7, 10, 6, 30, 13, 31, 32, 15, 16, 1, 19, 3, 21, 2, 23, 22, 29, 24, 26, 8, 9, 11, 20 ]:
 Order := 32 > |
[ 10, 21, 19, 18, 2, 5, 12, 23, 29, 9, 30, 8, 28, 7, 14, 17, 1, 3, 11, 31, 20, 32, 22, 25, 16, 27, 4, 6, 24, 26, 13, 15 ],
[ 3, 8, 2, 6, 12, 7, 1, 9, 11, 19, 20, 10, 15, 17, 16, 4, 18, 5, 21, 22, 23, 24, 29, 26, 27, 13, 28, 14, 30, 31, 32, 25 ],
[ 14, 18, 17, 25, 4, 27, 28, 5, 12, 7, 10, 6, 30, 13, 31, 32, 15, 16, 1, 19, 3, 21, 2, 23, 22, 29, 24, 26, 8, 9, 11, 20 ]
]
];
s`SolvableDBPointedPassport := [ PowerSequence(PermutationGroup<32 |  
\[ 2, 3, 4, 5, 6, 7, 8, 9, 10, 11, 12, 13, 14, 15, 16, 17, 18, 19, 20, 21, 22, 23, 24, 25, 26, 27, 28, 29, 30, 31, 32, 1 ],
\[ 2, 1, 3, 4, 5, 6, 7, 8, 9, 10, 11, 12, 13, 14, 15, 16, 17, 18, 19, 20, 21, 22, 23, 24, 25, 26, 27, 28, 29, 30, 31, 32 ]:
 Order := 263130836933693530167218012160000000 >) |
[ PermutationGroup<32 |  
\[ 2, 3, 4, 5, 6, 7, 8, 9, 10, 11, 12, 13, 14, 15, 16, 17, 18, 19, 20, 21, 22, 23, 24, 25, 26, 27, 28, 29, 30, 31, 32, 1 ],
\[ 2, 1, 3, 4, 5, 6, 7, 8, 9, 10, 11, 12, 13, 14, 15, 16, 17, 18, 19, 20, 21, 22, 23, 24, 25, 26, 27, 28, 29, 30, 31, 32 ]:
 Order := 263130836933693530167218012160000000 > |
[ 29, 31, 30, 19, 20, 21, 23, 32, 25, 24, 27, 22, 5, 8, 12, 10, 9, 11, 26, 28, 13, 14, 15, 17, 1, 18, 3, 2, 16, 4, 6, 7 ],
[ 3, 8, 2, 6, 12, 7, 1, 9, 11, 19, 20, 10, 15, 17, 16, 4, 18, 5, 21, 22, 23, 24, 29, 26, 27, 13, 28, 14, 30, 31, 32, 25 ],
[ 32, 27, 25, 29, 26, 30, 31, 28, 14, 15, 17, 13, 19, 20, 21, 23, 22, 24, 16, 18, 4, 5, 6, 12, 8, 10, 9, 11, 7, 1, 3, 2 ]
],
[ PermutationGroup<32 |  
\[ 2, 3, 4, 5, 6, 7, 8, 9, 10, 11, 12, 13, 14, 15, 16, 17, 18, 19, 20, 21, 22, 23, 24, 25, 26, 27, 28, 29, 30, 31, 32, 1 ],
\[ 2, 1, 3, 4, 5, 6, 7, 8, 9, 10, 11, 12, 13, 14, 15, 16, 17, 18, 19, 20, 21, 22, 23, 24, 25, 26, 27, 28, 29, 30, 31, 32 ]:
 Order := 263130836933693530167218012160000000 > |
[ 25, 28, 27, 30, 13, 31, 32, 14, 17, 16, 18, 15, 21, 22, 23, 29, 24, 26, 4, 5, 6, 12, 7, 10, 9, 19, 11, 20, 1, 3, 2, 8 ],
[ 3, 8, 2, 6, 12, 7, 1, 9, 11, 19, 20, 10, 15, 17, 16, 4, 18, 5, 21, 22, 23, 24, 29, 26, 27, 13, 28, 14, 30, 31, 32, 25 ],
[ 23, 30, 29, 10, 11, 19, 21, 31, 32, 22, 25, 20, 18, 2, 5, 12, 8, 9, 24, 27, 26, 28, 13, 14, 7, 17, 1, 3, 15, 16, 4, 6 ]
]
];
s`SolvableDBMonodromyGroup := PermutationGroup<32 |  
\[ 10, 21, 19, 18, 2, 5, 12, 23, 29, 9, 30, 8, 28, 7, 14, 17, 1, 3, 11, 31, 20, 32, 22, 25, 16, 27, 4, 6, 24, 26, 13, 15 ],
\[ 3, 8, 2, 6, 12, 7, 1, 9, 11, 19, 20, 10, 15, 17, 16, 4, 18, 5, 21, 22, 23, 24, 29, 26, 27, 13, 28, 14, 30, 31, 32, 25 ],
\[ 14, 18, 17, 25, 4, 27, 28, 5, 12, 7, 10, 6, 30, 13, 31, 32, 15, 16, 1, 19, 3, 21, 2, 23, 22, 29, 24, 26, 8, 9, 11, 20 ] >;
s`SolvableDBAutomorphismGroup := PermutationGroup<32 |  
\[ 26, 15, 13, 20, 32, 22, 24, 16, 4, 27, 6, 25, 8, 29, 9, 11, 30, 31, 28, 7, 14, 1, 17, 3, 19, 2, 21, 23, 18, 5, 12, 10 ],
\[ 32, 27, 25, 29, 26, 30, 31, 28, 14, 15, 17, 13, 19, 20, 21, 23, 22, 24, 16, 18, 4, 5, 6, 12, 8, 10, 9, 11, 7, 1, 3, 2 ]:
 Order := 32 >;
s`SolvableDBPointedAutomorphismGroup := PermutationGroup<32 |  
\[ 17, 5, 18, 27, 6, 28, 14, 12, 10, 1, 19, 7, 31, 15, 32, 25, 16, 4, 3, 21, 2, 23, 8, 29, 24, 30, 26, 13, 9, 11, 20, 22 ]:
 Order := 8 >;
s`SolvableDBPathToPP1 := [ Strings() | "PP1", "2T1-1,2,2-g0-path1", "4T1-2,4,4-g1-path1", "8T1-4,8,8-g3-path1", "16T1-8,16,16-g7-path2", "32S16-8,16,16-g13-path1" ];
s`SolvableDBParents := [ Strings() | "64S50-16,32,32-g29-path43", "64S51-16,32,32-g29-path35", "64S50-16,32,32-g29-path44", "64S51-16,32,32-g29-path36", "64S29-8,16,16-g25-path18", "64S26-8,16,16-g25-path18", "64S44-8,16,16-g25-path64" ];
s`SolvableDBChild := "16T1-8,16,16-g7-path2";

/*
Return for eval
*/

return s;
