s := SolvableDBObjectInitialize();

/*
Basic Information about the Passport
*/

s`SolvableDBName := "32S16-8,16,16-g13-path1";
s`SolvableDBFilename := "32S16-8,16,16-g13-path1.m";
s`SolvableDBPathNumber := 1;
s`SolvableDBDegree := 32;
s`SolvableDBABC := \[ 8, 16, 16 ];
s`SolvableDBType := "Hyperbolic";
s`SolvableDBGenus := 13;
s`SolvableDBGaloisOrbitSize := 1;
s`SolvableDBPassportSize := 2;
s`SolvableDBPointedPassportSize := 2;
s`SolvableDBLevel := 5;
s`SolvableDBBlocks := {@ PowerSet(IntegerRing()) |
{ IntegerRing() | 1, 4 },
{ IntegerRing() | 2, 8 },
{ IntegerRing() | 3, 10 },
{ IntegerRing() | 5, 12 },
{ IntegerRing() | 6, 13 },
{ IntegerRing() | 7, 16 },
{ IntegerRing() | 9, 18 },
{ IntegerRing() | 11, 19 },
{ IntegerRing() | 14, 21 },
{ IntegerRing() | 15, 24 },
{ IntegerRing() | 17, 26 },
{ IntegerRing() | 20, 27 },
{ IntegerRing() | 22, 29 },
{ IntegerRing() | 23, 30 },
{ IntegerRing() | 25, 31 },
{ IntegerRing() | 28, 32 }
@};

/*
Permutations and Passports
*/

s`SolvableDBGaloisOrbit := [ PowerSequence(PermutationGroup<32 |  
\[ 2, 3, 4, 5, 6, 7, 8, 9, 10, 11, 12, 13, 14, 15, 16, 17, 18, 19, 20, 21, 22, 23, 24, 25, 26, 27, 28, 29, 30, 31, 32, 1 ],
\[ 2, 1, 3, 4, 5, 6, 7, 8, 9, 10, 11, 12, 13, 14, 15, 16, 17, 18, 19, 20, 21, 22, 23, 24, 25, 26, 27, 28, 29, 30, 31, 32 ]:
 Order := 263130836933693530167218012160000000 >) |
[ PermutationGroup<32 |  
\[ 2, 3, 4, 5, 6, 7, 8, 9, 10, 11, 12, 13, 14, 15, 16, 17, 18, 19, 20, 21, 22, 23, 24, 25, 26, 27, 28, 29, 30, 31, 32, 1 ],
\[ 2, 1, 3, 4, 5, 6, 7, 8, 9, 10, 11, 12, 13, 14, 15, 16, 17, 18, 19, 20, 21, 22, 23, 24, 25, 26, 27, 28, 29, 30, 31, 32 ]:
 Order := 263130836933693530167218012160000000 > |
[ 8, 16, 13, 2, 4, 18, 24, 7, 26, 6, 10, 1, 9, 12, 30, 15, 31, 17, 3, 19, 5, 21, 29, 23, 32, 25, 11, 27, 14, 22, 28, 20 ],
[ 3, 6, 5, 10, 11, 1, 9, 13, 2, 12, 14, 19, 4, 20, 17, 18, 7, 8, 21, 22, 27, 28, 25, 26, 15, 16, 29, 23, 32, 31, 24, 30 ],
[ 10, 13, 12, 3, 19, 4, 18, 6, 8, 5, 21, 11, 1, 27, 26, 9, 16, 2, 14, 29, 20, 32, 31, 17, 24, 7, 22, 30, 28, 25, 15, 23 ]
],
[ PermutationGroup<32 |  
\[ 2, 3, 4, 5, 6, 7, 8, 9, 10, 11, 12, 13, 14, 15, 16, 17, 18, 19, 20, 21, 22, 23, 24, 25, 26, 27, 28, 29, 30, 31, 32, 1 ],
\[ 2, 1, 3, 4, 5, 6, 7, 8, 9, 10, 11, 12, 13, 14, 15, 16, 17, 18, 19, 20, 21, 22, 23, 24, 25, 26, 27, 28, 29, 30, 31, 32 ]:
 Order := 263130836933693530167218012160000000 > |
[ 10, 24, 21, 20, 2, 5, 25, 26, 27, 9, 28, 30, 29, 8, 14, 32, 7, 17, 1, 11, 12, 19, 31, 13, 15, 18, 16, 3, 23, 4, 6, 22 ],
[ 3, 8, 13, 6, 14, 15, 1, 16, 12, 21, 2, 23, 18, 27, 9, 4, 19, 22, 28, 5, 29, 11, 7, 26, 10, 32, 30, 24, 17, 31, 25, 20 ],
[ 17, 20, 19, 27, 4, 30, 29, 5, 25, 7, 32, 10, 28, 6, 31, 14, 13, 24, 18, 16, 1, 26, 21, 11, 23, 2, 15, 22, 3, 9, 12, 8 ]
],
[ PermutationGroup<32 |  
\[ 2, 3, 4, 5, 6, 7, 8, 9, 10, 11, 12, 13, 14, 15, 16, 17, 18, 19, 20, 21, 22, 23, 24, 25, 26, 27, 28, 29, 30, 31, 32, 1 ],
\[ 2, 1, 3, 4, 5, 6, 7, 8, 9, 10, 11, 12, 13, 14, 15, 16, 17, 18, 19, 20, 21, 22, 23, 24, 25, 26, 27, 28, 29, 30, 31, 32 ]:
 Order := 263130836933693530167218012160000000 > |
[ 10, 21, 19, 18, 2, 5, 12, 23, 29, 9, 30, 8, 28, 7, 14, 17, 1, 3, 11, 31, 20, 32, 22, 25, 16, 27, 4, 6, 24, 26, 13, 15 ],
[ 3, 8, 2, 6, 12, 7, 1, 9, 11, 19, 20, 10, 15, 17, 16, 4, 18, 5, 21, 22, 23, 24, 29, 26, 27, 13, 28, 14, 30, 31, 32, 25 ],
[ 14, 18, 17, 25, 4, 27, 28, 5, 12, 7, 10, 6, 30, 13, 31, 32, 15, 16, 1, 19, 3, 21, 2, 23, 22, 29, 24, 26, 8, 9, 11, 20 ]
],
[ PermutationGroup<32 |  
\[ 2, 3, 4, 5, 6, 7, 8, 9, 10, 11, 12, 13, 14, 15, 16, 17, 18, 19, 20, 21, 22, 23, 24, 25, 26, 27, 28, 29, 30, 31, 32, 1 ],
\[ 2, 1, 3, 4, 5, 6, 7, 8, 9, 10, 11, 12, 13, 14, 15, 16, 17, 18, 19, 20, 21, 22, 23, 24, 25, 26, 27, 28, 29, 30, 31, 32 ]:
 Order := 263130836933693530167218012160000000 > |
[ 10, 21, 19, 18, 2, 5, 23, 16, 29, 9, 30, 28, 8, 13, 17, 7, 1, 11, 4, 31, 20, 32, 22, 25, 15, 27, 3, 6, 24, 26, 12, 14 ],
[ 3, 8, 12, 6, 13, 14, 1, 15, 4, 19, 2, 22, 25, 24, 26, 17, 27, 5, 28, 7, 16, 9, 10, 11, 30, 20, 31, 32, 18, 21, 23, 29 ],
[ 16, 18, 17, 10, 4, 19, 21, 5, 23, 7, 29, 27, 6, 28, 13, 2, 8, 9, 1, 30, 11, 31, 20, 32, 14, 25, 15, 3, 22, 24, 26, 12 ]
]
];
s`SolvableDBPassport := [ PowerSequence(PermutationGroup<32 |  
\[ 8, 16, 13, 2, 4, 18, 24, 7, 26, 6, 10, 1, 9, 12, 30, 15, 31, 17, 3, 19, 5, 21, 29, 23, 32, 25, 11, 27, 14, 22, 28, 20 ],
\[ 3, 6, 5, 10, 11, 1, 9, 13, 2, 12, 14, 19, 4, 20, 17, 18, 7, 8, 21, 22, 27, 28, 25, 26, 15, 16, 29, 23, 32, 31, 24, 30 ],
\[ 10, 13, 12, 3, 19, 4, 18, 6, 8, 5, 21, 11, 1, 27, 26, 9, 16, 2, 14, 29, 20, 32, 31, 17, 24, 7, 22, 30, 28, 25, 15, 23 ]:
 Order := 32 >) |
[ PermutationGroup<32 |  
\[ 8, 16, 13, 2, 4, 18, 24, 7, 26, 6, 10, 1, 9, 12, 30, 15, 31, 17, 3, 19, 5, 21, 29, 23, 32, 25, 11, 27, 14, 22, 28, 20 ],
\[ 3, 6, 5, 10, 11, 1, 9, 13, 2, 12, 14, 19, 4, 20, 17, 18, 7, 8, 21, 22, 27, 28, 25, 26, 15, 16, 29, 23, 32, 31, 24, 30 ],
\[ 10, 13, 12, 3, 19, 4, 18, 6, 8, 5, 21, 11, 1, 27, 26, 9, 16, 2, 14, 29, 20, 32, 31, 17, 24, 7, 22, 30, 28, 25, 15, 23 ]:
 Order := 32 > |
[ 8, 16, 13, 2, 4, 18, 24, 7, 26, 6, 10, 1, 9, 12, 30, 15, 31, 17, 3, 19, 5, 21, 29, 23, 32, 25, 11, 27, 14, 22, 28, 20 ],
[ 3, 6, 5, 10, 11, 1, 9, 13, 2, 12, 14, 19, 4, 20, 17, 18, 7, 8, 21, 22, 27, 28, 25, 26, 15, 16, 29, 23, 32, 31, 24, 30 ],
[ 10, 13, 12, 3, 19, 4, 18, 6, 8, 5, 21, 11, 1, 27, 26, 9, 16, 2, 14, 29, 20, 32, 31, 17, 24, 7, 22, 30, 28, 25, 15, 23 ]
],
[ PermutationGroup<32 |  
\[ 8, 16, 13, 2, 4, 18, 24, 7, 26, 6, 10, 1, 9, 12, 30, 15, 31, 17, 3, 19, 5, 21, 29, 23, 32, 25, 11, 27, 14, 22, 28, 20 ],
\[ 3, 6, 5, 10, 11, 1, 9, 13, 2, 12, 14, 19, 4, 20, 17, 18, 7, 8, 21, 22, 27, 28, 25, 26, 15, 16, 29, 23, 32, 31, 24, 30 ],
\[ 10, 13, 12, 3, 19, 4, 18, 6, 8, 5, 21, 11, 1, 27, 26, 9, 16, 2, 14, 29, 20, 32, 31, 17, 24, 7, 22, 30, 28, 25, 15, 23 ]:
 Order := 32 > |
[ 24, 30, 26, 15, 16, 31, 29, 23, 32, 17, 18, 7, 25, 8, 21, 22, 27, 28, 9, 13, 2, 4, 12, 14, 19, 20, 6, 10, 1, 5, 11, 3 ],
[ 3, 6, 5, 10, 11, 1, 9, 13, 2, 12, 14, 19, 4, 20, 17, 18, 7, 8, 21, 22, 27, 28, 25, 26, 15, 16, 29, 23, 32, 31, 24, 30 ],
[ 27, 19, 29, 20, 32, 21, 10, 11, 12, 22, 30, 28, 14, 31, 13, 3, 4, 5, 23, 24, 25, 26, 18, 6, 8, 1, 15, 16, 17, 9, 2, 7 ]
]
];
s`SolvableDBPointedPassport := [ PowerSequence(PermutationGroup<32 |  
\[ 8, 16, 13, 2, 4, 18, 24, 7, 26, 6, 10, 1, 9, 12, 30, 15, 31, 17, 3, 19, 5, 21, 29, 23, 32, 25, 11, 27, 14, 22, 28, 20 ],
\[ 3, 6, 5, 10, 11, 1, 9, 13, 2, 12, 14, 19, 4, 20, 17, 18, 7, 8, 21, 22, 27, 28, 25, 26, 15, 16, 29, 23, 32, 31, 24, 30 ],
\[ 10, 13, 12, 3, 19, 4, 18, 6, 8, 5, 21, 11, 1, 27, 26, 9, 16, 2, 14, 29, 20, 32, 31, 17, 24, 7, 22, 30, 28, 25, 15, 23 ]:
 Order := 32 >) |
[ PermutationGroup<32 |  
\[ 8, 16, 13, 2, 4, 18, 24, 7, 26, 6, 10, 1, 9, 12, 30, 15, 31, 17, 3, 19, 5, 21, 29, 23, 32, 25, 11, 27, 14, 22, 28, 20 ],
\[ 3, 6, 5, 10, 11, 1, 9, 13, 2, 12, 14, 19, 4, 20, 17, 18, 7, 8, 21, 22, 27, 28, 25, 26, 15, 16, 29, 23, 32, 31, 24, 30 ],
\[ 10, 13, 12, 3, 19, 4, 18, 6, 8, 5, 21, 11, 1, 27, 26, 9, 16, 2, 14, 29, 20, 32, 31, 17, 24, 7, 22, 30, 28, 25, 15, 23 ]:
 Order := 32 > |
[ 3, 6, 5, 10, 11, 1, 9, 13, 2, 12, 14, 19, 4, 20, 17, 18, 7, 8, 21, 22, 27, 28, 25, 26, 15, 16, 29, 23, 32, 31, 24, 30 ],
[ 10, 13, 12, 3, 19, 4, 18, 6, 8, 5, 21, 11, 1, 27, 26, 9, 16, 2, 14, 29, 20, 32, 31, 17, 24, 7, 22, 30, 28, 25, 15, 23 ],
[ 8, 16, 13, 2, 4, 18, 24, 7, 26, 6, 10, 1, 9, 12, 30, 15, 31, 17, 3, 19, 5, 21, 29, 23, 32, 25, 11, 27, 14, 22, 28, 20 ]
],
[ PermutationGroup<32 |  
\[ 8, 16, 13, 2, 4, 18, 24, 7, 26, 6, 10, 1, 9, 12, 30, 15, 31, 17, 3, 19, 5, 21, 29, 23, 32, 25, 11, 27, 14, 22, 28, 20 ],
\[ 3, 6, 5, 10, 11, 1, 9, 13, 2, 12, 14, 19, 4, 20, 17, 18, 7, 8, 21, 22, 27, 28, 25, 26, 15, 16, 29, 23, 32, 31, 24, 30 ],
\[ 10, 13, 12, 3, 19, 4, 18, 6, 8, 5, 21, 11, 1, 27, 26, 9, 16, 2, 14, 29, 20, 32, 31, 17, 24, 7, 22, 30, 28, 25, 15, 23 ]:
 Order := 32 > |
[ 3, 6, 5, 10, 11, 1, 9, 13, 2, 12, 14, 19, 4, 20, 17, 18, 7, 8, 21, 22, 27, 28, 25, 26, 15, 16, 29, 23, 32, 31, 24, 30 ],
[ 27, 19, 29, 20, 32, 21, 10, 11, 12, 22, 30, 28, 14, 31, 13, 3, 4, 5, 23, 24, 25, 26, 18, 6, 8, 1, 15, 16, 17, 9, 2, 7 ],
[ 24, 30, 26, 15, 16, 31, 29, 23, 32, 17, 18, 7, 25, 8, 21, 22, 27, 28, 9, 13, 2, 4, 12, 14, 19, 20, 6, 10, 1, 5, 11, 3 ]
]
];
s`SolvableDBMonodromyGroup := PermutationGroup<32 |  
\[ 8, 16, 13, 2, 4, 18, 24, 7, 26, 6, 10, 1, 9, 12, 30, 15, 31, 17, 3, 19, 5, 21, 29, 23, 32, 25, 11, 27, 14, 22, 28, 20 ],
\[ 3, 6, 5, 10, 11, 1, 9, 13, 2, 12, 14, 19, 4, 20, 17, 18, 7, 8, 21, 22, 27, 28, 25, 26, 15, 16, 29, 23, 32, 31, 24, 30 ],
\[ 10, 13, 12, 3, 19, 4, 18, 6, 8, 5, 21, 11, 1, 27, 26, 9, 16, 2, 14, 29, 20, 32, 31, 17, 24, 7, 22, 30, 28, 25, 15, 23 ] >;
s`SolvableDBAutomorphismGroup := PermutationGroup<32 |  
\[ 28, 20, 23, 32, 25, 22, 11, 27, 14, 30, 15, 31, 29, 17, 3, 19, 5, 21, 24, 7, 26, 9, 6, 10, 1, 12, 16, 2, 18, 13, 4, 8 ],
\[ 32, 27, 30, 28, 31, 29, 19, 20, 21, 23, 24, 25, 22, 26, 10, 11, 12, 14, 15, 16, 17, 18, 13, 3, 4, 5, 7, 8, 9, 6, 1, 2 ]:
 Order := 32 >;
s`SolvableDBPointedAutomorphismGroup := PermutationGroup<32 |  
\[ 12, 4, 19, 5, 21, 10, 8, 1, 13, 11, 27, 14, 3, 29, 16, 2, 18, 6, 20, 32, 22, 30, 24, 7, 26, 9, 28, 31, 23, 15, 17, 25 ]:
 Order := 8 >;

/*
Top Level Belyi Curve/Map
*/


/*
Graph Data
*/

s`SolvableDBPathToPP1 := [ Strings() | "PP1", "2T1-1,2,2-g0-path1", "4T1-2,4,4-g1-path1", "8T1-4,8,8-g3-path1", "16T1-8,16,16-g7-path1", "32S16-8,16,16-g13-path1" ];
s`SolvableDBChildren := [ Strings() | "16T1-8,16,16-g7-path1" ];

/*
Return for eval
*/

return s;
