s := SolvableDBObjectInitialize();

/*
Basic Information about the Passport
*/

s`SolvableDBName := "32S12-8,8,4-g9-path24";
s`SolvableDBFilename := "32S12-8,8,4-g9-path24.m";
s`SolvableDBPathNumber := 24;
s`SolvableDBDegree := 32;
s`SolvableDBABC := \[ 8, 8, 4 ];
s`SolvableDBType := "Hyperbolic";
s`SolvableDBGenus := 9;
s`SolvableDBGaloisOrbitSize := 1;
s`SolvableDBPassportSize := 2;
s`SolvableDBPointedPassportSize := 2;
s`SolvableDBLevel := 5;
s`SolvableDBBlocks := {@ PowerSet(IntegerRing()) |
{ IntegerRing() | 1, 5 },
{ IntegerRing() | 2, 10 },
{ IntegerRing() | 3, 15 },
{ IntegerRing() | 4, 18 },
{ IntegerRing() | 6, 20 },
{ IntegerRing() | 7, 21 },
{ IntegerRing() | 8, 22 },
{ IntegerRing() | 9, 27 },
{ IntegerRing() | 11, 16 },
{ IntegerRing() | 12, 29 },
{ IntegerRing() | 13, 30 },
{ IntegerRing() | 14, 26 },
{ IntegerRing() | 17, 32 },
{ IntegerRing() | 19, 28 },
{ IntegerRing() | 23, 24 },
{ IntegerRing() | 25, 31 }
@};

/*
Permutations and Passports
*/

s`SolvableDBGaloisOrbit := [ PowerSequence(PermutationGroup<32 |  
\[ 2, 3, 4, 5, 6, 7, 8, 9, 10, 11, 12, 13, 14, 15, 16, 17, 18, 19, 20, 21, 22, 23, 24, 25, 26, 27, 28, 29, 30, 31, 32, 1 ],
\[ 2, 1, 3, 4, 5, 6, 7, 8, 9, 10, 11, 12, 13, 14, 15, 16, 17, 18, 19, 20, 21, 22, 23, 24, 25, 26, 27, 28, 29, 30, 31, 32 ]:
 Order := 263130836933693530167218012160000000 >) |
[ PermutationGroup<32 |  
\[ 2, 3, 4, 5, 6, 7, 8, 9, 10, 11, 12, 13, 14, 15, 16, 17, 18, 19, 20, 21, 22, 23, 24, 25, 26, 27, 28, 29, 30, 31, 32, 1 ],
\[ 2, 1, 3, 4, 5, 6, 7, 8, 9, 10, 11, 12, 13, 14, 15, 16, 17, 18, 19, 20, 21, 22, 23, 24, 25, 26, 27, 28, 29, 30, 31, 32 ]:
 Order := 263130836933693530167218012160000000 > |
[ 2, 9, 8, 12, 10, 1, 24, 7, 26, 27, 15, 11, 6, 17, 22, 3, 25, 29, 4, 5, 23, 21, 19, 28, 30, 32, 14, 18, 16, 20, 13, 31 ],
[ 3, 4, 13, 6, 15, 23, 1, 14, 7, 18, 2, 17, 29, 16, 30, 10, 19, 20, 27, 24, 5, 26, 31, 25, 8, 11, 21, 9, 32, 12, 22, 28 ],
[ 4, 7, 14, 17, 18, 3, 25, 1, 11, 21, 30, 2, 23, 19, 26, 13, 8, 32, 6, 15, 31, 5, 27, 9, 12, 28, 16, 20, 10, 24, 29, 22 ]
]
];
s`SolvableDBPassport := [ PowerSequence(PermutationGroup<32 |  
\[ 2, 9, 8, 12, 10, 1, 24, 7, 26, 27, 15, 11, 6, 17, 22, 3, 25, 29, 4, 5, 23, 21, 19, 28, 30, 32, 14, 18, 16, 20, 13, 31 ],
\[ 3, 4, 13, 6, 15, 23, 1, 14, 7, 18, 2, 17, 29, 16, 30, 10, 19, 20, 27, 24, 5, 26, 31, 25, 8, 11, 21, 9, 32, 12, 22, 28 ],
\[ 4, 7, 14, 17, 18, 3, 25, 1, 11, 21, 30, 2, 23, 19, 26, 13, 8, 32, 6, 15, 31, 5, 27, 9, 12, 28, 16, 20, 10, 24, 29, 22 ]:
 Order := 32 >) |
[ PermutationGroup<32 |  
\[ 2, 9, 8, 12, 10, 1, 24, 7, 26, 27, 15, 11, 6, 17, 22, 3, 25, 29, 4, 5, 23, 21, 19, 28, 30, 32, 14, 18, 16, 20, 13, 31 ],
\[ 3, 4, 13, 6, 15, 23, 1, 14, 7, 18, 2, 17, 29, 16, 30, 10, 19, 20, 27, 24, 5, 26, 31, 25, 8, 11, 21, 9, 32, 12, 22, 28 ],
\[ 4, 7, 14, 17, 18, 3, 25, 1, 11, 21, 30, 2, 23, 19, 26, 13, 8, 32, 6, 15, 31, 5, 27, 9, 12, 28, 16, 20, 10, 24, 29, 22 ]:
 Order := 32 > |
[ 2, 9, 8, 12, 10, 1, 24, 7, 26, 27, 15, 11, 6, 17, 22, 3, 25, 29, 4, 5, 23, 21, 19, 28, 30, 32, 14, 18, 16, 20, 13, 31 ],
[ 3, 4, 13, 6, 15, 23, 1, 14, 7, 18, 2, 17, 29, 16, 30, 10, 19, 20, 27, 24, 5, 26, 31, 25, 8, 11, 21, 9, 32, 12, 22, 28 ],
[ 4, 7, 14, 17, 18, 3, 25, 1, 11, 21, 30, 2, 23, 19, 26, 13, 8, 32, 6, 15, 31, 5, 27, 9, 12, 28, 16, 20, 10, 24, 29, 22 ]
],
[ PermutationGroup<32 |  
\[ 2, 9, 8, 12, 10, 1, 24, 7, 26, 27, 15, 11, 6, 17, 22, 3, 25, 29, 4, 5, 23, 21, 19, 28, 30, 32, 14, 18, 16, 20, 13, 31 ],
\[ 3, 4, 13, 6, 15, 23, 1, 14, 7, 18, 2, 17, 29, 16, 30, 10, 19, 20, 27, 24, 5, 26, 31, 25, 8, 11, 21, 9, 32, 12, 22, 28 ],
\[ 4, 7, 14, 17, 18, 3, 25, 1, 11, 21, 30, 2, 23, 19, 26, 13, 8, 32, 6, 15, 31, 5, 27, 9, 12, 28, 16, 20, 10, 24, 29, 22 ]:
 Order := 32 > |
[ 2, 9, 8, 12, 10, 1, 24, 7, 26, 27, 15, 11, 6, 17, 22, 3, 25, 29, 4, 5, 23, 21, 19, 28, 30, 32, 14, 18, 16, 20, 13, 31 ],
[ 7, 11, 1, 2, 21, 4, 9, 25, 28, 16, 26, 30, 3, 8, 5, 14, 12, 10, 17, 18, 27, 31, 6, 20, 24, 22, 19, 32, 13, 15, 23, 29 ],
[ 23, 3, 10, 27, 24, 29, 14, 13, 4, 15, 17, 6, 22, 21, 2, 32, 16, 9, 31, 12, 26, 30, 5, 1, 19, 7, 18, 25, 20, 8, 28, 11 ]
]
];
s`SolvableDBPointedPassport := [ PowerSequence(PermutationGroup<32 |  
\[ 2, 9, 8, 12, 10, 1, 24, 7, 26, 27, 15, 11, 6, 17, 22, 3, 25, 29, 4, 5, 23, 21, 19, 28, 30, 32, 14, 18, 16, 20, 13, 31 ],
\[ 3, 4, 13, 6, 15, 23, 1, 14, 7, 18, 2, 17, 29, 16, 30, 10, 19, 20, 27, 24, 5, 26, 31, 25, 8, 11, 21, 9, 32, 12, 22, 28 ],
\[ 4, 7, 14, 17, 18, 3, 25, 1, 11, 21, 30, 2, 23, 19, 26, 13, 8, 32, 6, 15, 31, 5, 27, 9, 12, 28, 16, 20, 10, 24, 29, 22 ]:
 Order := 32 >) |
[ PermutationGroup<32 |  
\[ 2, 9, 8, 12, 10, 1, 24, 7, 26, 27, 15, 11, 6, 17, 22, 3, 25, 29, 4, 5, 23, 21, 19, 28, 30, 32, 14, 18, 16, 20, 13, 31 ],
\[ 3, 4, 13, 6, 15, 23, 1, 14, 7, 18, 2, 17, 29, 16, 30, 10, 19, 20, 27, 24, 5, 26, 31, 25, 8, 11, 21, 9, 32, 12, 22, 28 ],
\[ 4, 7, 14, 17, 18, 3, 25, 1, 11, 21, 30, 2, 23, 19, 26, 13, 8, 32, 6, 15, 31, 5, 27, 9, 12, 28, 16, 20, 10, 24, 29, 22 ]:
 Order := 32 > |
[ 25, 30, 4, 7, 31, 17, 11, 12, 20, 13, 28, 24, 14, 1, 18, 19, 2, 21, 8, 32, 16, 29, 3, 15, 9, 5, 6, 22, 23, 26, 27, 10 ],
[ 19, 8, 27, 14, 28, 16, 17, 6, 12, 22, 25, 1, 21, 23, 9, 31, 3, 26, 13, 11, 32, 20, 10, 2, 4, 24, 29, 30, 5, 7, 18, 15 ],
[ 4, 7, 14, 17, 18, 3, 25, 1, 11, 21, 30, 2, 23, 19, 26, 13, 8, 32, 6, 15, 31, 5, 27, 9, 12, 28, 16, 20, 10, 24, 29, 22 ]
],
[ PermutationGroup<32 |  
\[ 2, 9, 8, 12, 10, 1, 24, 7, 26, 27, 15, 11, 6, 17, 22, 3, 25, 29, 4, 5, 23, 21, 19, 28, 30, 32, 14, 18, 16, 20, 13, 31 ],
\[ 3, 4, 13, 6, 15, 23, 1, 14, 7, 18, 2, 17, 29, 16, 30, 10, 19, 20, 27, 24, 5, 26, 31, 25, 8, 11, 21, 9, 32, 12, 22, 28 ],
\[ 4, 7, 14, 17, 18, 3, 25, 1, 11, 21, 30, 2, 23, 19, 26, 13, 8, 32, 6, 15, 31, 5, 27, 9, 12, 28, 16, 20, 10, 24, 29, 22 ]:
 Order := 32 > |
[ 25, 30, 4, 7, 31, 17, 11, 12, 20, 13, 28, 24, 14, 1, 18, 19, 2, 21, 8, 32, 16, 29, 3, 15, 9, 5, 6, 22, 23, 26, 27, 10 ],
[ 12, 24, 17, 25, 29, 8, 30, 2, 15, 23, 20, 9, 19, 4, 32, 6, 7, 31, 1, 22, 13, 10, 14, 26, 11, 18, 3, 5, 27, 28, 16, 21 ],
[ 23, 3, 10, 27, 24, 29, 14, 13, 4, 15, 17, 6, 22, 21, 2, 32, 16, 9, 31, 12, 26, 30, 5, 1, 19, 7, 18, 25, 20, 8, 28, 11 ]
]
];
s`SolvableDBMonodromyGroup := PermutationGroup<32 |  
\[ 2, 9, 8, 12, 10, 1, 24, 7, 26, 27, 15, 11, 6, 17, 22, 3, 25, 29, 4, 5, 23, 21, 19, 28, 30, 32, 14, 18, 16, 20, 13, 31 ],
\[ 3, 4, 13, 6, 15, 23, 1, 14, 7, 18, 2, 17, 29, 16, 30, 10, 19, 20, 27, 24, 5, 26, 31, 25, 8, 11, 21, 9, 32, 12, 22, 28 ],
\[ 4, 7, 14, 17, 18, 3, 25, 1, 11, 21, 30, 2, 23, 19, 26, 13, 8, 32, 6, 15, 31, 5, 27, 9, 12, 28, 16, 20, 10, 24, 29, 22 ] >;
s`SolvableDBAutomorphismGroup := PermutationGroup<32 |  
\[ 32, 31, 28, 22, 17, 26, 29, 18, 13, 25, 23, 21, 9, 20, 19, 24, 5, 8, 15, 14, 12, 4, 11, 16, 10, 6, 30, 3, 7, 27, 2, 1 ],
\[ 2, 9, 4, 7, 10, 1, 11, 12, 26, 27, 28, 24, 6, 17, 18, 19, 25, 21, 8, 5, 16, 29, 3, 15, 30, 32, 14, 22, 23, 20, 13, 31 ],
\[ 29, 16, 32, 10, 12, 18, 13, 31, 3, 11, 14, 27, 28, 22, 17, 26, 21, 2, 5, 4, 30, 25, 20, 6, 23, 8, 15, 1, 9, 19, 24, 7 ]:
 Order := 32 >;
s`SolvableDBPointedAutomorphismGroup := PermutationGroup<32 |  
\[ 32, 31, 28, 22, 17, 26, 29, 18, 13, 25, 23, 21, 9, 20, 19, 24, 5, 8, 15, 14, 12, 4, 11, 16, 10, 6, 30, 3, 7, 27, 2, 1 ],
\[ 6, 1, 23, 3, 20, 13, 4, 19, 2, 5, 7, 8, 31, 27, 24, 21, 14, 15, 16, 30, 18, 28, 29, 12, 17, 9, 10, 11, 22, 25, 32, 26 ]:
 Order := 8 >;

/*
Top Level Belyi Curve/Map
*/


/*
Graph Data
*/

s`SolvableDBPathToPP1 := [ Strings() | "PP1", "2T1-2,2,1-g0-path1", "4T2-2,2,2-g0-path3", "8T2-4,4,2-g1-path5", "16T6-8,8,4-g5-path5", "32S12-8,8,4-g9-path24" ];
s`SolvableDBChildren := [ Strings() | "16T6-8,8,4-g5-path5" ];

/*
Return for eval
*/

return s;
