s := SolvableDBObjectInitialize();

/*
Basic Information about the Passport
*/

s`SolvableDBName := "32S2-4,4,4-g5-path2";
s`SolvableDBFilename := "32S2-4,4,4-g5-path2.m";
s`SolvableDBPathNumber := 2;
s`SolvableDBDegree := 32;
s`SolvableDBABC := \[ 4, 4, 4 ];
s`SolvableDBType := "Hyperbolic";
s`SolvableDBGenus := 5;
s`SolvableDBGaloisOrbitSize := 1;
s`SolvableDBPassportSize := 1;
s`SolvableDBPointedPassportSize := 1;
s`SolvableDBLevel := 5;
s`SolvableDBBlocks := {@ PowerSet(IntegerRing()) |
{ IntegerRing() | 1, 5 },
{ IntegerRing() | 2, 6 },
{ IntegerRing() | 3, 15 },
{ IntegerRing() | 4, 19 },
{ IntegerRing() | 7, 10 },
{ IntegerRing() | 8, 12 },
{ IntegerRing() | 9, 22 },
{ IntegerRing() | 11, 23 },
{ IntegerRing() | 13, 30 },
{ IntegerRing() | 14, 28 },
{ IntegerRing() | 16, 21 },
{ IntegerRing() | 17, 20 },
{ IntegerRing() | 18, 31 },
{ IntegerRing() | 24, 26 },
{ IntegerRing() | 25, 27 },
{ IntegerRing() | 29, 32 }
@};

/*
Permutations and Passports
*/

s`SolvableDBGaloisOrbit := [ PowerSequence(PermutationGroup<32 |  
\[ 2, 3, 4, 5, 6, 7, 8, 9, 10, 11, 12, 13, 14, 15, 16, 17, 18, 19, 20, 21, 22, 23, 24, 25, 26, 27, 28, 29, 30, 31, 32, 1 ],
\[ 2, 1, 3, 4, 5, 6, 7, 8, 9, 10, 11, 12, 13, 14, 15, 16, 17, 18, 19, 20, 21, 22, 23, 24, 25, 26, 27, 28, 29, 30, 31, 32 ]:
 Order := 263130836933693530167218012160000000 >) |
[ PermutationGroup<32 |  
\[ 2, 3, 4, 5, 6, 7, 8, 9, 10, 11, 12, 13, 14, 15, 16, 17, 18, 19, 20, 21, 22, 23, 24, 25, 26, 27, 28, 29, 30, 31, 32, 1 ],
\[ 2, 1, 3, 4, 5, 6, 7, 8, 9, 10, 11, 12, 13, 14, 15, 16, 17, 18, 19, 20, 21, 22, 23, 24, 25, 26, 27, 28, 29, 30, 31, 32 ]:
 Order := 263130836933693530167218012160000000 > |
[ 6, 1, 8, 20, 2, 5, 26, 15, 11, 24, 22, 3, 16, 32, 12, 30, 4, 25, 17, 19, 13, 23, 9, 7, 31, 10, 18, 29, 14, 21, 27, 28 ],
[ 3, 9, 13, 2, 15, 22, 1, 27, 21, 5, 31, 25, 7, 12, 30, 19, 29, 17, 6, 32, 4, 16, 18, 14, 24, 28, 26, 8, 23, 10, 20, 11 ],
[ 4, 10, 14, 18, 19, 7, 25, 1, 29, 27, 2, 5, 9, 17, 28, 3, 16, 8, 31, 21, 15, 32, 6, 30, 23, 13, 11, 20, 26, 22, 12, 24 ]
]
];
s`SolvableDBPassport := [ PowerSequence(PermutationGroup<32 |  
\[ 6, 1, 8, 20, 2, 5, 26, 15, 11, 24, 22, 3, 16, 32, 12, 30, 4, 25, 17, 19, 13, 23, 9, 7, 31, 10, 18, 29, 14, 21, 27, 28 ],
\[ 3, 9, 13, 2, 15, 22, 1, 27, 21, 5, 31, 25, 7, 12, 30, 19, 29, 17, 6, 32, 4, 16, 18, 14, 24, 28, 26, 8, 23, 10, 20, 11 ],
\[ 4, 10, 14, 18, 19, 7, 25, 1, 29, 27, 2, 5, 9, 17, 28, 3, 16, 8, 31, 21, 15, 32, 6, 30, 23, 13, 11, 20, 26, 22, 12, 24 ]:
 Order := 32 >) |
[ PermutationGroup<32 |  
\[ 6, 1, 8, 20, 2, 5, 26, 15, 11, 24, 22, 3, 16, 32, 12, 30, 4, 25, 17, 19, 13, 23, 9, 7, 31, 10, 18, 29, 14, 21, 27, 28 ],
\[ 3, 9, 13, 2, 15, 22, 1, 27, 21, 5, 31, 25, 7, 12, 30, 19, 29, 17, 6, 32, 4, 16, 18, 14, 24, 28, 26, 8, 23, 10, 20, 11 ],
\[ 4, 10, 14, 18, 19, 7, 25, 1, 29, 27, 2, 5, 9, 17, 28, 3, 16, 8, 31, 21, 15, 32, 6, 30, 23, 13, 11, 20, 26, 22, 12, 24 ]:
 Order := 32 > |
[ 6, 1, 8, 20, 2, 5, 26, 15, 11, 24, 22, 3, 16, 32, 12, 30, 4, 25, 17, 19, 13, 23, 9, 7, 31, 10, 18, 29, 14, 21, 27, 28 ],
[ 7, 4, 1, 21, 10, 19, 13, 28, 2, 30, 32, 14, 3, 24, 5, 22, 18, 23, 16, 31, 9, 6, 29, 25, 12, 27, 8, 26, 17, 15, 11, 20 ],
[ 9, 15, 25, 29, 22, 3, 14, 13, 18, 28, 21, 30, 4, 23, 27, 7, 6, 26, 32, 2, 10, 31, 16, 5, 17, 1, 20, 11, 8, 19, 24, 12 ]
]
];
s`SolvableDBPointedPassport := [ PowerSequence(PermutationGroup<32 |  
\[ 6, 1, 8, 20, 2, 5, 26, 15, 11, 24, 22, 3, 16, 32, 12, 30, 4, 25, 17, 19, 13, 23, 9, 7, 31, 10, 18, 29, 14, 21, 27, 28 ],
\[ 3, 9, 13, 2, 15, 22, 1, 27, 21, 5, 31, 25, 7, 12, 30, 19, 29, 17, 6, 32, 4, 16, 18, 14, 24, 28, 26, 8, 23, 10, 20, 11 ],
\[ 4, 10, 14, 18, 19, 7, 25, 1, 29, 27, 2, 5, 9, 17, 28, 3, 16, 8, 31, 21, 15, 32, 6, 30, 23, 13, 11, 20, 26, 22, 12, 24 ]:
 Order := 32 >) |
[ PermutationGroup<32 |  
\[ 6, 1, 8, 20, 2, 5, 26, 15, 11, 24, 22, 3, 16, 32, 12, 30, 4, 25, 17, 19, 13, 23, 9, 7, 31, 10, 18, 29, 14, 21, 27, 28 ],
\[ 3, 9, 13, 2, 15, 22, 1, 27, 21, 5, 31, 25, 7, 12, 30, 19, 29, 17, 6, 32, 4, 16, 18, 14, 24, 28, 26, 8, 23, 10, 20, 11 ],
\[ 4, 10, 14, 18, 19, 7, 25, 1, 29, 27, 2, 5, 9, 17, 28, 3, 16, 8, 31, 21, 15, 32, 6, 30, 23, 13, 11, 20, 26, 22, 12, 24 ]:
 Order := 32 > |
[ 28, 32, 22, 7, 14, 29, 19, 23, 3, 4, 8, 11, 27, 1, 9, 18, 24, 21, 10, 26, 31, 15, 12, 20, 13, 17, 30, 5, 2, 25, 16, 6 ],
[ 7, 4, 1, 21, 10, 19, 13, 28, 2, 30, 32, 14, 3, 24, 5, 22, 18, 23, 16, 31, 9, 6, 29, 25, 12, 27, 8, 26, 17, 15, 11, 20 ],
[ 12, 23, 21, 5, 8, 11, 2, 31, 30, 6, 25, 18, 24, 15, 16, 20, 28, 19, 1, 14, 17, 13, 27, 29, 10, 32, 7, 3, 22, 26, 4, 9 ]
]
];
s`SolvableDBMonodromyGroup := PermutationGroup<32 |  
\[ 6, 1, 8, 20, 2, 5, 26, 15, 11, 24, 22, 3, 16, 32, 12, 30, 4, 25, 17, 19, 13, 23, 9, 7, 31, 10, 18, 29, 14, 21, 27, 28 ],
\[ 3, 9, 13, 2, 15, 22, 1, 27, 21, 5, 31, 25, 7, 12, 30, 19, 29, 17, 6, 32, 4, 16, 18, 14, 24, 28, 26, 8, 23, 10, 20, 11 ],
\[ 4, 10, 14, 18, 19, 7, 25, 1, 29, 27, 2, 5, 9, 17, 28, 3, 16, 8, 31, 21, 15, 32, 6, 30, 23, 13, 11, 20, 26, 22, 12, 24 ] >;
s`SolvableDBAutomorphismGroup := PermutationGroup<32 |  
\[ 6, 1, 22, 7, 2, 5, 19, 23, 3, 4, 8, 11, 16, 32, 9, 30, 24, 25, 10, 26, 13, 15, 12, 20, 31, 17, 18, 29, 14, 21, 27, 28 ],
\[ 30, 16, 10, 22, 13, 21, 15, 24, 19, 3, 17, 26, 5, 27, 7, 2, 11, 32, 9, 23, 6, 4, 20, 8, 28, 12, 14, 25, 31, 1, 29, 18 ],
\[ 3, 12, 13, 14, 15, 8, 1, 16, 25, 5, 31, 21, 7, 9, 30, 26, 29, 17, 28, 32, 24, 27, 18, 2, 4, 6, 19, 22, 23, 10, 20, 11 ]:
 Order := 32 >;
s`SolvableDBPointedAutomorphismGroup := PermutationGroup<32 |  
\[ 2, 5, 9, 10, 6, 1, 4, 11, 15, 19, 12, 23, 21, 29, 22, 13, 26, 27, 7, 24, 30, 3, 8, 17, 18, 20, 31, 32, 28, 16, 25, 14 ]:
 Order := 4 >;

/*
Top Level Belyi Curve/Map
*/


/*
Graph Data
*/

s`SolvableDBPathToPP1 := [ Strings() | "PP1", "2T1-2,1,2-g0-path1", "4T2-2,2,2-g0-path2", "8T4-2,4,2-g0-path2", "16T10-2,4,4-g1-path10", "32S2-4,4,4-g5-path2" ];
s`SolvableDBChildren := [ Strings() | "16T10-2,4,4-g1-path10" ];

/*
Return for eval
*/

return s;
