s := SolvableDBObjectInitialize();

/*
Basic Information about the Passport
*/

s`SolvableDBName := "32S4-8,4,8-g9-path18";
s`SolvableDBFilename := "32S4-8,4,8-g9-path18.m";
s`SolvableDBPathNumber := 18;
s`SolvableDBDegree := 32;
s`SolvableDBABC := \[ 8, 4, 8 ];
s`SolvableDBType := "Hyperbolic";
s`SolvableDBGenus := 9;
s`SolvableDBGaloisOrbitSize := 1;
s`SolvableDBPassportSize := 1;
s`SolvableDBPointedPassportSize := 1;
s`SolvableDBLevel := 5;
s`SolvableDBBlocks := {@ PowerSet(IntegerRing()) |
{ IntegerRing() | 1, 5 },
{ IntegerRing() | 2, 11 },
{ IntegerRing() | 3, 7 },
{ IntegerRing() | 4, 20 },
{ IntegerRing() | 6, 18 },
{ IntegerRing() | 8, 14 },
{ IntegerRing() | 9, 19 },
{ IntegerRing() | 10, 12 },
{ IntegerRing() | 13, 22 },
{ IntegerRing() | 15, 25 },
{ IntegerRing() | 16, 26 },
{ IntegerRing() | 17, 24 },
{ IntegerRing() | 21, 27 },
{ IntegerRing() | 23, 30 },
{ IntegerRing() | 28, 29 },
{ IntegerRing() | 31, 32 }
@};
s`SolvableDBBelyiMapTiming := 0.800p15;
s`SolvableDBSanityCheckTiming := 3.990p15;
s`SolvableDBLocalSanityCheckTiming := 0.710p15;
s`SolvableDBLocalSanityCheckPrime := 8736028057;
s`SolvableDBIsLowGenusOrHyperelliptic := false;
s`SolvableDBIsRamifiedAtEveryLevel := true;

/*
Permutations and Passports
*/

s`SolvableDBGaloisOrbit := [ PowerSequence(PermutationGroup<32 |  
\[ 2, 3, 4, 5, 6, 7, 8, 9, 10, 11, 12, 13, 14, 15, 16, 17, 18, 19, 20, 21, 22, 23, 24, 25, 26, 27, 28, 29, 30, 31, 32, 1 ],
\[ 2, 1, 3, 4, 5, 6, 7, 8, 9, 10, 11, 12, 13, 14, 15, 16, 17, 18, 19, 20, 21, 22, 23, 24, 25, 26, 27, 28, 29, 30, 31, 32 ]:
 Order := 263130836933693530167218012160000000 >) |
[ PermutationGroup<32 |  
\[ 2, 3, 4, 5, 6, 7, 8, 9, 10, 11, 12, 13, 14, 15, 16, 17, 18, 19, 20, 21, 22, 23, 24, 25, 26, 27, 28, 29, 30, 31, 32, 1 ],
\[ 2, 1, 3, 4, 5, 6, 7, 8, 9, 10, 11, 12, 13, 14, 15, 16, 17, 18, 19, 20, 21, 22, 23, 24, 25, 26, 27, 28, 29, 30, 31, 32 ]:
 Order := 263130836933693530167218012160000000 > |
[ 11, 19, 8, 24, 2, 5, 14, 21, 15, 13, 9, 22, 16, 27, 32, 7, 12, 1, 25, 17, 20, 26, 18, 10, 31, 3, 4, 30, 23, 6, 28, 29 ],
[ 3, 10, 5, 18, 7, 4, 1, 28, 21, 11, 12, 2, 23, 29, 26, 15, 31, 20, 27, 6, 19, 30, 22, 32, 16, 25, 9, 14, 8, 13, 24, 17 ],
[ 4, 3, 15, 19, 20, 22, 25, 1, 10, 31, 7, 32, 2, 5, 27, 30, 18, 13, 12, 9, 29, 11, 14, 6, 21, 23, 28, 17, 24, 8, 26, 16 ]
]
];
s`SolvableDBPassport := [ PowerSequence(PermutationGroup<32 |  
\[ 11, 19, 8, 24, 2, 5, 14, 21, 15, 13, 9, 22, 16, 27, 32, 7, 12, 1, 25, 17, 20, 26, 18, 10, 31, 3, 4, 30, 23, 6, 28, 29 ],
\[ 3, 10, 5, 18, 7, 4, 1, 28, 21, 11, 12, 2, 23, 29, 26, 15, 31, 20, 27, 6, 19, 30, 22, 32, 16, 25, 9, 14, 8, 13, 24, 17 ],
\[ 4, 3, 15, 19, 20, 22, 25, 1, 10, 31, 7, 32, 2, 5, 27, 30, 18, 13, 12, 9, 29, 11, 14, 6, 21, 23, 28, 17, 24, 8, 26, 16 ]:
 Order := 32 >) |
[ PermutationGroup<32 |  
\[ 11, 19, 8, 24, 2, 5, 14, 21, 15, 13, 9, 22, 16, 27, 32, 7, 12, 1, 25, 17, 20, 26, 18, 10, 31, 3, 4, 30, 23, 6, 28, 29 ],
\[ 3, 10, 5, 18, 7, 4, 1, 28, 21, 11, 12, 2, 23, 29, 26, 15, 31, 20, 27, 6, 19, 30, 22, 32, 16, 25, 9, 14, 8, 13, 24, 17 ],
\[ 4, 3, 15, 19, 20, 22, 25, 1, 10, 31, 7, 32, 2, 5, 27, 30, 18, 13, 12, 9, 29, 11, 14, 6, 21, 23, 28, 17, 24, 8, 26, 16 ]:
 Order := 32 > |
[ 18, 5, 26, 27, 6, 30, 16, 3, 11, 24, 1, 17, 10, 7, 9, 13, 20, 23, 2, 21, 8, 12, 29, 4, 19, 22, 14, 31, 32, 28, 25, 15 ],
[ 27, 26, 9, 2, 21, 12, 19, 18, 24, 25, 16, 15, 5, 6, 14, 28, 23, 10, 17, 11, 32, 1, 7, 30, 8, 29, 31, 20, 4, 3, 22, 13 ],
[ 20, 7, 25, 9, 4, 13, 15, 5, 12, 32, 3, 31, 11, 1, 21, 23, 6, 22, 10, 19, 28, 2, 8, 18, 27, 30, 29, 24, 17, 14, 16, 26 ]
]
];
s`SolvableDBPointedPassport := [ PowerSequence(PermutationGroup<32 |  
\[ 11, 19, 8, 24, 2, 5, 14, 21, 15, 13, 9, 22, 16, 27, 32, 7, 12, 1, 25, 17, 20, 26, 18, 10, 31, 3, 4, 30, 23, 6, 28, 29 ],
\[ 3, 10, 5, 18, 7, 4, 1, 28, 21, 11, 12, 2, 23, 29, 26, 15, 31, 20, 27, 6, 19, 30, 22, 32, 16, 25, 9, 14, 8, 13, 24, 17 ],
\[ 4, 3, 15, 19, 20, 22, 25, 1, 10, 31, 7, 32, 2, 5, 27, 30, 18, 13, 12, 9, 29, 11, 14, 6, 21, 23, 28, 17, 24, 8, 26, 16 ]:
 Order := 32 >) |
[ PermutationGroup<32 |  
\[ 11, 19, 8, 24, 2, 5, 14, 21, 15, 13, 9, 22, 16, 27, 32, 7, 12, 1, 25, 17, 20, 26, 18, 10, 31, 3, 4, 30, 23, 6, 28, 29 ],
\[ 3, 10, 5, 18, 7, 4, 1, 28, 21, 11, 12, 2, 23, 29, 26, 15, 31, 20, 27, 6, 19, 30, 22, 32, 16, 25, 9, 14, 8, 13, 24, 17 ],
\[ 4, 3, 15, 19, 20, 22, 25, 1, 10, 31, 7, 32, 2, 5, 27, 30, 18, 13, 12, 9, 29, 11, 14, 6, 21, 23, 28, 17, 24, 8, 26, 16 ]:
 Order := 32 > |
[ 18, 5, 26, 27, 6, 30, 16, 3, 11, 24, 1, 17, 10, 7, 9, 13, 20, 23, 2, 21, 8, 12, 29, 4, 19, 22, 14, 31, 32, 28, 25, 15 ],
[ 27, 26, 9, 2, 21, 12, 19, 18, 24, 25, 16, 15, 5, 6, 14, 28, 23, 10, 17, 11, 32, 1, 7, 30, 8, 29, 31, 20, 4, 3, 22, 13 ],
[ 20, 7, 25, 9, 4, 13, 15, 5, 12, 32, 3, 31, 11, 1, 21, 23, 6, 22, 10, 19, 28, 2, 8, 18, 27, 30, 29, 24, 17, 14, 16, 26 ]
]
];
s`SolvableDBMonodromyGroup := PermutationGroup<32 |  
\[ 11, 19, 8, 24, 2, 5, 14, 21, 15, 13, 9, 22, 16, 27, 32, 7, 12, 1, 25, 17, 20, 26, 18, 10, 31, 3, 4, 30, 23, 6, 28, 29 ],
\[ 3, 10, 5, 18, 7, 4, 1, 28, 21, 11, 12, 2, 23, 29, 26, 15, 31, 20, 27, 6, 19, 30, 22, 32, 16, 25, 9, 14, 8, 13, 24, 17 ],
\[ 4, 3, 15, 19, 20, 22, 25, 1, 10, 31, 7, 32, 2, 5, 27, 30, 18, 13, 12, 9, 29, 11, 14, 6, 21, 23, 28, 17, 24, 8, 26, 16 ] >;
s`SolvableDBAutomorphismGroup := PermutationGroup<32 |  
\[ 32, 28, 17, 16, 31, 25, 24, 12, 23, 14, 29, 8, 27, 10, 18, 4, 3, 15, 30, 26, 22, 21, 9, 7, 6, 20, 13, 2, 11, 19, 5, 1 ],
\[ 29, 30, 8, 24, 28, 31, 14, 21, 18, 13, 23, 22, 16, 27, 1, 7, 12, 32, 6, 17, 20, 26, 15, 10, 5, 3, 4, 19, 9, 25, 2, 11 ],
\[ 31, 29, 24, 26, 32, 15, 17, 10, 30, 8, 28, 14, 21, 12, 6, 20, 7, 25, 23, 16, 13, 27, 19, 3, 18, 4, 22, 11, 2, 9, 1, 5 ],
\[ 27, 20, 9, 28, 21, 8, 19, 15, 24, 6, 4, 18, 5, 25, 10, 2, 23, 14, 17, 29, 32, 1, 7, 30, 12, 11, 31, 26, 16, 3, 22, 13 ]:
 Order := 32 >;
s`SolvableDBPointedAutomorphismGroup := PermutationGroup<32 |  
\[ 32, 28, 17, 16, 31, 25, 24, 12, 23, 14, 29, 8, 27, 10, 18, 4, 3, 15, 30, 26, 22, 21, 9, 7, 6, 20, 13, 2, 11, 19, 5, 1 ],
\[ 15, 31, 26, 27, 25, 19, 16, 3, 29, 24, 32, 17, 10, 7, 23, 13, 20, 9, 28, 21, 8, 12, 11, 4, 30, 22, 14, 5, 1, 2, 6, 18 ]:
 Order := 8 >;

/*
Top Level Belyi Curve/Map
*/

K<nu> := NumberField(Polynomial([RationalField() | 1, 0, 1]));
PX<x1, x2, x3> := PolynomialRing(K, 3);
AA<x1, x2, x3> := AffineSpace(PX);
I<x1, x2, x3> := ideal< PX | [
x2^2*x3^6 + 31645788798976/277098404709375*x2*x3^4 + 536870912/281462092005375*nu*x1^3*x2 - 52401070514315984896/239885264685437119378125*x1^2*x3^2 + 256/65535*x2^2*x3^2 + 215501057818624/18445618199572250625*x1^2*x2 + 180089941899291394048/239885264685437119378125*nu*x1*x3^2 - 157078438757269504/4703632640890923909375*nu*x1*x2 + 36189800705642463232/44423197163969836921875*x3^2 + 1877286233206423552/4703632640890923909375*x2,
x1*x2*x3^4 + 1546/255*nu*x2*x3^4 - 8388608/858967245*nu*x1^2*x3^2 - 33554432/858967245*x1*x3^2 + 256/65535*x1*x2 + 67108864/1431612075*nu*x3^2 + 390656/16842495*nu*x2,
x1^3*x3^2 + 4294836225/2097152*nu*x2*x3^4 - 6*nu*x1^2*x3^2 - 16*x1*x3^2 + 16*nu*x3^2 + 65535/8192*nu*x2,
x1^4 - 16/257*nu*x1^3 + 65535/256*x2*x3^2 - 96/257*x1^2 + 256/257*nu*x1 + 256/257
] >;
X<x1, x2, x3> := Curve(AA, I);
KX<x1, x2, x3> := FunctionField(X);
s`SolvableDBBelyiCurve := X;
s`SolvableDBBelyiMap := KX!((1/65536*x1^8 - 1/2048*nu*x1^7 - 7/1024*x1^6 + 7/128*nu*x1^5 + 35/128*x1^4 - 7/8*nu*x1^3 - 7/4*x1^2 + 2*nu*x1 + 1)/x1^8);

/*
Graph Data
*/

s`SolvableDBPathToPP1 := [ Strings() | "PP1", "2T1-1,2,2-g0-path1", "4T2-2,2,2-g0-path1", "8T2-4,2,4-g1-path3", "16T6-8,2,8-g3-path3", "32S4-8,4,8-g9-path18" ];
s`SolvableDBParents := [ Strings() | "64S28-16,8,16-g25-path19", "64S28-16,4,16-g21-path19", "64S3-8,8,8-g21-path156", "64S28-16,8,16-g25-path20", "64S28-16,4,16-g21-path20", "64S3-8,8,8-g21-path157", "64S17-8,4,8-g17-path166" ];
s`SolvableDBChildren := [ Strings() | "16T6-8,2,8-g3-path3" ];

/*
Return for eval
*/

return s;
