s := SolvableDBInitialize();

/*
Magma printing
*/

s`SolvableDBName := "32S5-2,8,8-g5-path17";
s`SolvableDBFilename := "32S5-2,8,8-g5-path17.m";
s`SolvableDBPassportName := "32S5-2,8,8-g5";
s`SolvableDBPathNumber := 17;
s`SolvableDBDegree := 32;
s`SolvableDBOrders := \[ 2, 8, 8 ];
s`SolvableDBType := "Hyperbolic";
s`SolvableDBGenus := 5;
s`SolvableDBGaloisOrbitSize := 1;
s`SolvableDBPassportSize := 1;
s`SolvableDBPointedPassportSize := 1;
s`SolvableDBLevel := 5;
s`SolvableDBBlocks := {@ PowerSet(IntegerRing()) |
{ IntegerRing() | 1, 5 },
{ IntegerRing() | 2, 9 },
{ IntegerRing() | 3, 13 },
{ IntegerRing() | 4, 10 },
{ IntegerRing() | 6, 8 },
{ IntegerRing() | 7, 11 },
{ IntegerRing() | 12, 20 },
{ IntegerRing() | 14, 19 },
{ IntegerRing() | 15, 18 },
{ IntegerRing() | 16, 17 },
{ IntegerRing() | 21, 24 },
{ IntegerRing() | 22, 23 },
{ IntegerRing() | 25, 28 },
{ IntegerRing() | 26, 27 },
{ IntegerRing() | 29, 32 },
{ IntegerRing() | 30, 31 }
@};
s`SolvableDBIsRamifiedAtEveryLevel := false;
s`SolvableDBGaloisOrbit := [ PowerSequence(PermutationGroup<32 |  
\[ 2, 3, 4, 5, 6, 7, 8, 9, 10, 11, 12, 13, 14, 15, 16, 17, 18, 19, 20, 21, 22, 23, 24, 25, 26, 27, 28, 29, 30, 31, 32, 1 ],
\[ 2, 1, 3, 4, 5, 6, 7, 8, 9, 10, 11, 12, 13, 14, 15, 16, 17, 18, 19, 20, 21, 22, 23, 24, 25, 26, 27, 28, 29, 30, 31, 32 ]:
 Order := 263130836933693530167218012160000000 >) |
[ PermutationGroup<32 |  
\[ 2, 3, 4, 5, 6, 7, 8, 9, 10, 11, 12, 13, 14, 15, 16, 17, 18, 19, 20, 21, 22, 23, 24, 25, 26, 27, 28, 29, 30, 31, 32, 1 ],
\[ 2, 1, 3, 4, 5, 6, 7, 8, 9, 10, 11, 12, 13, 14, 15, 16, 17, 18, 19, 20, 21, 22, 23, 24, 25, 26, 27, 28, 29, 30, 31, 32 ]:
 Order := 263130836933693530167218012160000000 > |
[ 9, 5, 7, 8, 2, 10, 3, 4, 1, 6, 13, 14, 11, 12, 17, 18, 15, 16, 20, 19, 22, 21, 24, 23, 27, 28, 25, 26, 30, 29, 32, 31 ],
[ 3, 7, 12, 9, 13, 1, 19, 5, 11, 2, 14, 21, 20, 23, 8, 4, 10, 6, 22, 24, 29, 31, 30, 32, 17, 15, 18, 16, 27, 28, 25, 26 ],
[ 4, 8, 2, 15, 10, 17, 1, 16, 6, 18, 5, 11, 9, 3, 25, 27, 26, 28, 13, 7, 19, 12, 20, 14, 29, 30, 31, 32, 23, 21, 24, 22 ]
]
];
s`SolvableDBPassport := [ PowerSequence(PermutationGroup<32 |  
\[ 9, 5, 7, 8, 2, 10, 3, 4, 1, 6, 13, 14, 11, 12, 17, 18, 15, 16, 20, 19, 22, 21, 24, 23, 27, 28, 25, 26, 30, 29, 32, 31 ],
\[ 3, 7, 12, 9, 13, 1, 19, 5, 11, 2, 14, 21, 20, 23, 8, 4, 10, 6, 22, 24, 29, 31, 30, 32, 17, 15, 18, 16, 27, 28, 25, 26 ],
\[ 4, 8, 2, 15, 10, 17, 1, 16, 6, 18, 5, 11, 9, 3, 25, 27, 26, 28, 13, 7, 19, 12, 20, 14, 29, 30, 31, 32, 23, 21, 24, 22 ]:
 Order := 32 >) |
[ PermutationGroup<32 |  
\[ 9, 5, 7, 8, 2, 10, 3, 4, 1, 6, 13, 14, 11, 12, 17, 18, 15, 16, 20, 19, 22, 21, 24, 23, 27, 28, 25, 26, 30, 29, 32, 31 ],
\[ 3, 7, 12, 9, 13, 1, 19, 5, 11, 2, 14, 21, 20, 23, 8, 4, 10, 6, 22, 24, 29, 31, 30, 32, 17, 15, 18, 16, 27, 28, 25, 26 ],
\[ 4, 8, 2, 15, 10, 17, 1, 16, 6, 18, 5, 11, 9, 3, 25, 27, 26, 28, 13, 7, 19, 12, 20, 14, 29, 30, 31, 32, 23, 21, 24, 22 ]:
 Order := 32 > |
[ 31, 29, 28, 21, 30, 23, 26, 22, 32, 24, 27, 17, 25, 15, 14, 20, 12, 19, 18, 16, 4, 8, 6, 10, 13, 7, 11, 3, 2, 5, 1, 9 ],
[ 3, 7, 12, 9, 13, 1, 19, 5, 11, 2, 14, 21, 20, 23, 8, 4, 10, 6, 22, 24, 29, 31, 30, 32, 17, 15, 18, 16, 27, 28, 25, 26 ],
[ 22, 21, 30, 12, 23, 14, 32, 19, 24, 20, 29, 25, 31, 26, 11, 13, 3, 7, 27, 28, 16, 15, 18, 17, 5, 2, 9, 1, 10, 8, 6, 4 ]
]
];
s`SolvableDBPointedPassport := [ PowerSequence(PermutationGroup<32 |  
\[ 2, 3, 4, 5, 6, 7, 8, 9, 10, 11, 12, 13, 14, 15, 16, 17, 18, 19, 20, 21, 22, 23, 24, 25, 26, 27, 28, 29, 30, 31, 32, 1 ],
\[ 2, 1, 3, 4, 5, 6, 7, 8, 9, 10, 11, 12, 13, 14, 15, 16, 17, 18, 19, 20, 21, 22, 23, 24, 25, 26, 27, 28, 29, 30, 31, 32 ]:
 Order := 263130836933693530167218012160000000 >) |
[ PermutationGroup<32 |  
\[ 2, 3, 4, 5, 6, 7, 8, 9, 10, 11, 12, 13, 14, 15, 16, 17, 18, 19, 20, 21, 22, 23, 24, 25, 26, 27, 28, 29, 30, 31, 32, 1 ],
\[ 2, 1, 3, 4, 5, 6, 7, 8, 9, 10, 11, 12, 13, 14, 15, 16, 17, 18, 19, 20, 21, 22, 23, 24, 25, 26, 27, 28, 29, 30, 31, 32 ]:
 Order := 263130836933693530167218012160000000 > |
[ 31, 29, 28, 21, 30, 23, 26, 22, 32, 24, 27, 17, 25, 15, 14, 20, 12, 19, 18, 16, 4, 8, 6, 10, 13, 7, 11, 3, 2, 5, 1, 9 ],
[ 13, 11, 20, 2, 3, 5, 14, 1, 7, 9, 19, 24, 12, 22, 6, 10, 4, 8, 23, 21, 32, 30, 31, 29, 16, 18, 15, 17, 26, 25, 28, 27 ],
[ 23, 24, 31, 20, 22, 19, 29, 14, 21, 12, 32, 28, 30, 27, 7, 3, 13, 11, 26, 25, 17, 18, 15, 16, 1, 9, 2, 5, 4, 6, 8, 10 ]
]
];
s`SolvableDBMonodromyGroup := PermutationGroup<32 |  
\[ 9, 5, 7, 8, 2, 10, 3, 4, 1, 6, 13, 14, 11, 12, 17, 18, 15, 16, 20, 19, 22, 21, 24, 23, 27, 28, 25, 26, 30, 29, 32, 31 ],
\[ 3, 7, 12, 9, 13, 1, 19, 5, 11, 2, 14, 21, 20, 23, 8, 4, 10, 6, 22, 24, 29, 31, 30, 32, 17, 15, 18, 16, 27, 28, 25, 26 ],
\[ 4, 8, 2, 15, 10, 17, 1, 16, 6, 18, 5, 11, 9, 3, 25, 27, 26, 28, 13, 7, 19, 12, 20, 14, 29, 30, 31, 32, 23, 21, 24, 22 ] >;
s`SolvableDBAutomorphismGroup := PermutationGroup<32 |  
\[ 29, 31, 27, 23, 32, 21, 25, 24, 30, 22, 28, 18, 26, 16, 20, 14, 19, 12, 17, 15, 6, 10, 4, 8, 7, 13, 3, 11, 1, 9, 2, 5 ],
\[ 27, 28, 18, 31, 26, 29, 16, 32, 25, 30, 17, 6, 15, 10, 24, 22, 23, 21, 4, 8, 1, 9, 2, 5, 14, 20, 12, 19, 3, 7, 11, 13 ],
\[ 30, 32, 28, 21, 31, 23, 26, 22, 29, 24, 27, 16, 25, 18, 19, 12, 20, 14, 15, 17, 4, 8, 6, 10, 13, 7, 11, 3, 9, 1, 5, 2 ]:
 Order := 32 >;
s`SolvableDBPointedAutomorphismGroup := PermutationGroup<32 |  
\[ 9, 5, 11, 6, 2, 4, 13, 10, 1, 8, 3, 14, 7, 12, 17, 18, 15, 16, 20, 19, 23, 24, 21, 22, 26, 25, 28, 27, 30, 29, 32, 31 ]:
 Order := 2 >;
s`SolvableDBPathToPP1 := [ Strings() | "PP1", "2T1-2,1,2-g0-path1", "4T2-2,2,2-g0-path2", "8T2-2,4,4-g1-path4", "16T5-2,8,8-g3-path3", "32S5-2,8,8-g5-path17" ];
s`SolvableDBParents := [ Strings() | "64S17-4,8,8-g17-path183", "64S7-4,8,8-g17-path115", "64S7-4,8,8-g17-path116", "64S5-4,8,8-g17-path2", "64S29-2,16,16-g13-path18", "64S29-4,16,16-g21-path18", "64S31-2,16,16-g13-path3", "64S31-4,16,16-g21-path3", "64S31-2,16,16-g13-path4", "64S31-4,16,16-g21-path4", "64S30-2,16,16-g13-path2", "64S30-4,16,16-g21-path2", "64S6-2,8,8-g9-path25", "64S6-2,8,8-g9-path26", "64S4-2,8,8-g9-path2" ];
s`SolvableDBChild := "16T5-2,8,8-g3-path3";

/*
Return for eval
*/

return s;
