s := SolvableDBInitialize();

/*
Magma printing
*/

s`SolvableDBName := "32S5-4,8,8-g9-path7";
s`SolvableDBFilename := "32S5-4,8,8-g9-path7.m";
s`SolvableDBPassportName := "32S5-4,8,8-g9";
s`SolvableDBPathNumber := 7;
s`SolvableDBDegree := 32;
s`SolvableDBOrders := \[ 4, 8, 8 ];
s`SolvableDBType := "Hyperbolic";
s`SolvableDBGenus := 9;
s`SolvableDBGaloisOrbitSize := 1;
s`SolvableDBPassportSize := 1;
s`SolvableDBPointedPassportSize := 1;
s`SolvableDBLevel := 5;
s`SolvableDBBlocks := {@ PowerSet(IntegerRing()) |
{ IntegerRing() | 1, 5 },
{ IntegerRing() | 2, 6 },
{ IntegerRing() | 3, 15 },
{ IntegerRing() | 4, 19 },
{ IntegerRing() | 7, 10 },
{ IntegerRing() | 8, 12 },
{ IntegerRing() | 9, 21 },
{ IntegerRing() | 11, 22 },
{ IntegerRing() | 13, 26 },
{ IntegerRing() | 14, 27 },
{ IntegerRing() | 16, 29 },
{ IntegerRing() | 17, 20 },
{ IntegerRing() | 18, 28 },
{ IntegerRing() | 23, 25 },
{ IntegerRing() | 24, 31 },
{ IntegerRing() | 30, 32 }
@};
s`SolvableDBIsRamifiedAtEveryLevel := true;
s`SolvableDBGaloisOrbit := [ PowerSequence(PermutationGroup<32 |  
\[ 2, 3, 4, 5, 6, 7, 8, 9, 10, 11, 12, 13, 14, 15, 16, 17, 18, 19, 20, 21, 22, 23, 24, 25, 26, 27, 28, 29, 30, 31, 32, 1 ],
\[ 2, 1, 3, 4, 5, 6, 7, 8, 9, 10, 11, 12, 13, 14, 15, 16, 17, 18, 19, 20, 21, 22, 23, 24, 25, 26, 27, 28, 29, 30, 31, 32 ]:
 Order := 263130836933693530167218012160000000 >) |
[ PermutationGroup<32 |  
\[ 2, 3, 4, 5, 6, 7, 8, 9, 10, 11, 12, 13, 14, 15, 16, 17, 18, 19, 20, 21, 22, 23, 24, 25, 26, 27, 28, 29, 30, 31, 32, 1 ],
\[ 2, 1, 3, 4, 5, 6, 7, 8, 9, 10, 11, 12, 13, 14, 15, 16, 17, 18, 19, 20, 21, 22, 23, 24, 25, 26, 27, 28, 29, 30, 31, 32 ]:
 Order := 263130836933693530167218012160000000 > |
[ 6, 1, 8, 20, 2, 5, 25, 15, 11, 23, 21, 3, 16, 32, 12, 26, 4, 24, 17, 19, 22, 9, 7, 28, 10, 29, 30, 31, 13, 14, 18, 27 ],
[ 3, 9, 13, 2, 15, 21, 1, 24, 29, 5, 18, 31, 10, 12, 26, 4, 30, 17, 6, 32, 16, 28, 14, 23, 27, 7, 8, 20, 19, 22, 25, 11 ],
[ 4, 10, 14, 18, 19, 7, 24, 1, 30, 31, 2, 5, 9, 17, 27, 3, 29, 12, 28, 16, 32, 6, 13, 11, 26, 21, 20, 8, 15, 25, 22, 23 ]
]
];
s`SolvableDBPassport := [ PowerSequence(PermutationGroup<32 |  
\[ 6, 1, 8, 20, 2, 5, 25, 15, 11, 23, 21, 3, 16, 32, 12, 26, 4, 24, 17, 19, 22, 9, 7, 28, 10, 29, 30, 31, 13, 14, 18, 27 ],
\[ 3, 9, 13, 2, 15, 21, 1, 24, 29, 5, 18, 31, 10, 12, 26, 4, 30, 17, 6, 32, 16, 28, 14, 23, 27, 7, 8, 20, 19, 22, 25, 11 ],
\[ 4, 10, 14, 18, 19, 7, 24, 1, 30, 31, 2, 5, 9, 17, 27, 3, 29, 12, 28, 16, 32, 6, 13, 11, 26, 21, 20, 8, 15, 25, 22, 23 ]:
 Order := 32 >) |
[ PermutationGroup<32 |  
\[ 6, 1, 8, 20, 2, 5, 25, 15, 11, 23, 21, 3, 16, 32, 12, 26, 4, 24, 17, 19, 22, 9, 7, 28, 10, 29, 30, 31, 13, 14, 18, 27 ],
\[ 3, 9, 13, 2, 15, 21, 1, 24, 29, 5, 18, 31, 10, 12, 26, 4, 30, 17, 6, 32, 16, 28, 14, 23, 27, 7, 8, 20, 19, 22, 25, 11 ],
\[ 4, 10, 14, 18, 19, 7, 24, 1, 30, 31, 2, 5, 9, 17, 27, 3, 29, 12, 28, 16, 32, 6, 13, 11, 26, 21, 20, 8, 15, 25, 22, 23 ]:
 Order := 32 > |
[ 2, 5, 12, 17, 6, 1, 23, 3, 22, 25, 9, 15, 29, 30, 8, 13, 19, 31, 20, 4, 11, 21, 10, 18, 7, 16, 32, 24, 26, 27, 28, 14 ],
[ 3, 9, 13, 2, 15, 21, 1, 24, 29, 5, 18, 31, 10, 12, 26, 4, 30, 17, 6, 32, 16, 28, 14, 23, 27, 7, 8, 20, 19, 22, 25, 11 ],
[ 19, 7, 27, 28, 4, 10, 31, 5, 32, 24, 6, 1, 21, 20, 14, 15, 16, 8, 18, 29, 30, 2, 26, 22, 13, 9, 17, 12, 3, 23, 11, 25 ]
]
];
s`SolvableDBPointedPassport := [ PowerSequence(PermutationGroup<32 |  
\[ 2, 3, 4, 5, 6, 7, 8, 9, 10, 11, 12, 13, 14, 15, 16, 17, 18, 19, 20, 21, 22, 23, 24, 25, 26, 27, 28, 29, 30, 31, 32, 1 ],
\[ 2, 1, 3, 4, 5, 6, 7, 8, 9, 10, 11, 12, 13, 14, 15, 16, 17, 18, 19, 20, 21, 22, 23, 24, 25, 26, 27, 28, 29, 30, 31, 32 ]:
 Order := 263130836933693530167218012160000000 >) |
[ PermutationGroup<32 |  
\[ 2, 3, 4, 5, 6, 7, 8, 9, 10, 11, 12, 13, 14, 15, 16, 17, 18, 19, 20, 21, 22, 23, 24, 25, 26, 27, 28, 29, 30, 31, 32, 1 ],
\[ 2, 1, 3, 4, 5, 6, 7, 8, 9, 10, 11, 12, 13, 14, 15, 16, 17, 18, 19, 20, 21, 22, 23, 24, 25, 26, 27, 28, 29, 30, 31, 32 ]:
 Order := 263130836933693530167218012160000000 > |
[ 14, 30, 9, 10, 27, 32, 4, 11, 15, 19, 12, 22, 31, 5, 21, 18, 25, 29, 7, 23, 3, 8, 17, 13, 20, 24, 1, 16, 28, 6, 26, 2 ],
[ 11, 12, 18, 14, 22, 8, 32, 16, 31, 30, 13, 29, 17, 9, 28, 23, 5, 10, 27, 1, 24, 26, 2, 4, 6, 20, 21, 7, 25, 15, 19, 3 ],
[ 19, 7, 27, 28, 4, 10, 31, 5, 32, 24, 6, 1, 21, 20, 14, 15, 16, 8, 18, 29, 30, 2, 26, 22, 13, 9, 17, 12, 3, 23, 11, 25 ]
]
];
s`SolvableDBMonodromyGroup := PermutationGroup<32 |  
\[ 6, 1, 8, 20, 2, 5, 25, 15, 11, 23, 21, 3, 16, 32, 12, 26, 4, 24, 17, 19, 22, 9, 7, 28, 10, 29, 30, 31, 13, 14, 18, 27 ],
\[ 3, 9, 13, 2, 15, 21, 1, 24, 29, 5, 18, 31, 10, 12, 26, 4, 30, 17, 6, 32, 16, 28, 14, 23, 27, 7, 8, 20, 19, 22, 25, 11 ],
\[ 4, 10, 14, 18, 19, 7, 24, 1, 30, 31, 2, 5, 9, 17, 27, 3, 29, 12, 28, 16, 32, 6, 13, 11, 26, 21, 20, 8, 15, 25, 22, 23 ] >;
s`SolvableDBAutomorphismGroup := PermutationGroup<32 |  
\[ 26, 16, 7, 21, 13, 29, 15, 25, 4, 3, 20, 23, 1, 24, 10, 6, 11, 32, 9, 22, 19, 17, 8, 27, 12, 5, 31, 30, 2, 18, 14, 28 ],
\[ 15, 8, 26, 27, 3, 12, 5, 29, 24, 1, 28, 16, 7, 21, 13, 25, 32, 20, 14, 30, 31, 18, 6, 19, 2, 10, 9, 17, 23, 11, 4, 22 ],
\[ 29, 26, 19, 15, 16, 13, 9, 17, 7, 21, 25, 20, 6, 28, 4, 5, 8, 27, 3, 12, 10, 23, 22, 30, 11, 2, 18, 14, 1, 24, 32, 31 ]:
 Order := 32 >;
s`SolvableDBPointedAutomorphismGroup := PermutationGroup<32 |  
\[ 5, 6, 15, 19, 1, 2, 10, 12, 21, 7, 22, 8, 26, 27, 3, 29, 20, 28, 4, 17, 9, 11, 25, 31, 23, 13, 14, 18, 16, 32, 24, 30 ],
\[ 6, 1, 21, 7, 2, 5, 19, 22, 3, 4, 8, 11, 16, 32, 9, 26, 23, 24, 10, 25, 15, 12, 20, 28, 17, 29, 30, 31, 13, 14, 18, 27 ]:
 Order := 4 >;
s`SolvableDBPathToPP1 := [ Strings() | "PP1", "2T1-1,2,2-g0-path1", "4T2-2,2,2-g0-path1", "8T4-2,4,2-g0-path1", "16T10-2,4,4-g1-path10", "32S5-4,8,8-g9-path7" ];
s`SolvableDBParents := [ Strings() | "64S29-8,16,16-g25-path43", "64S31-8,16,16-g25-path21", "64S31-8,16,16-g25-path22", "64S30-8,16,16-g25-path11", "64S31-8,16,16-g25-path23", "64S29-8,16,16-g25-path44", "64S30-8,16,16-g25-path12", "64S31-8,16,16-g25-path24", "64S7-4,8,8-g17-path169", "64S6-4,8,8-g17-path33", "64S5-4,8,8-g17-path29", "64S6-4,8,8-g17-path34", "64S17-4,8,8-g17-path210", "64S4-4,8,8-g17-path6", "64S7-4,8,8-g17-path170" ];
s`SolvableDBChild := "16T10-2,4,4-g1-path10";

/*
Return for eval
*/

return s;
