s := SolvableDBObjectInitialize();

/*
Basic Information about the Passport
*/

s`SolvableDBName := "32S7-8,2,8-g5-path4";
s`SolvableDBFilename := "32S7-8,2,8-g5-path4.m";
s`SolvableDBPathNumber := 4;
s`SolvableDBDegree := 32;
s`SolvableDBABC := \[ 8, 2, 8 ];
s`SolvableDBType := "Hyperbolic";
s`SolvableDBGenus := 5;
s`SolvableDBGaloisOrbitSize := 1;
s`SolvableDBPassportSize := 1;
s`SolvableDBPointedPassportSize := 1;
s`SolvableDBLevel := 5;
s`SolvableDBBlocks := {@ PowerSet(IntegerRing()) |
{ IntegerRing() | 1, 5 },
{ IntegerRing() | 2, 10 },
{ IntegerRing() | 3, 13 },
{ IntegerRing() | 4, 17 },
{ IntegerRing() | 6, 18 },
{ IntegerRing() | 7, 19 },
{ IntegerRing() | 8, 21 },
{ IntegerRing() | 9, 26 },
{ IntegerRing() | 11, 28 },
{ IntegerRing() | 12, 29 },
{ IntegerRing() | 14, 31 },
{ IntegerRing() | 15, 27 },
{ IntegerRing() | 16, 23 },
{ IntegerRing() | 20, 24 },
{ IntegerRing() | 22, 32 },
{ IntegerRing() | 25, 30 }
@};

/*
Permutations and Passports
*/

s`SolvableDBGaloisOrbit := [ PowerSequence(PermutationGroup<32 |  
\[ 2, 3, 4, 5, 6, 7, 8, 9, 10, 11, 12, 13, 14, 15, 16, 17, 18, 19, 20, 21, 22, 23, 24, 25, 26, 27, 28, 29, 30, 31, 32, 1 ],
\[ 2, 1, 3, 4, 5, 6, 7, 8, 9, 10, 11, 12, 13, 14, 15, 16, 17, 18, 19, 20, 21, 22, 23, 24, 25, 26, 27, 28, 29, 30, 31, 32 ]:
 Order := 263130836933693530167218012160000000 >) |
[ PermutationGroup<32 |  
\[ 2, 3, 4, 5, 6, 7, 8, 9, 10, 11, 12, 13, 14, 15, 16, 17, 18, 19, 20, 21, 22, 23, 24, 25, 26, 27, 28, 29, 30, 31, 32, 1 ],
\[ 2, 1, 3, 4, 5, 6, 7, 8, 9, 10, 11, 12, 13, 14, 15, 16, 17, 18, 19, 20, 21, 22, 23, 24, 25, 26, 27, 28, 29, 30, 31, 32 ]:
 Order := 263130836933693530167218012160000000 > |
[ 2, 8, 7, 15, 10, 1, 20, 18, 11, 21, 4, 30, 19, 3, 26, 29, 27, 5, 24, 31, 6, 23, 12, 14, 22, 28, 9, 17, 25, 32, 13, 16 ],
[ 3, 9, 1, 6, 13, 4, 22, 24, 2, 26, 16, 14, 5, 12, 30, 11, 18, 17, 32, 21, 20, 7, 28, 8, 27, 10, 25, 23, 31, 15, 29, 19 ],
[ 4, 3, 12, 16, 17, 20, 1, 9, 25, 13, 2, 28, 29, 8, 6, 19, 23, 24, 5, 22, 26, 27, 7, 32, 31, 30, 18, 10, 11, 14, 21, 15 ]
]
];
s`SolvableDBPassport := [ PowerSequence(PermutationGroup<32 |  
\[ 2, 8, 7, 15, 10, 1, 20, 18, 11, 21, 4, 30, 19, 3, 26, 29, 27, 5, 24, 31, 6, 23, 12, 14, 22, 28, 9, 17, 25, 32, 13, 16 ],
\[ 3, 9, 1, 6, 13, 4, 22, 24, 2, 26, 16, 14, 5, 12, 30, 11, 18, 17, 32, 21, 20, 7, 28, 8, 27, 10, 25, 23, 31, 15, 29, 19 ],
\[ 4, 3, 12, 16, 17, 20, 1, 9, 25, 13, 2, 28, 29, 8, 6, 19, 23, 24, 5, 22, 26, 27, 7, 32, 31, 30, 18, 10, 11, 14, 21, 15 ]:
 Order := 32 >) |
[ PermutationGroup<32 |  
\[ 2, 8, 7, 15, 10, 1, 20, 18, 11, 21, 4, 30, 19, 3, 26, 29, 27, 5, 24, 31, 6, 23, 12, 14, 22, 28, 9, 17, 25, 32, 13, 16 ],
\[ 3, 9, 1, 6, 13, 4, 22, 24, 2, 26, 16, 14, 5, 12, 30, 11, 18, 17, 32, 21, 20, 7, 28, 8, 27, 10, 25, 23, 31, 15, 29, 19 ],
\[ 4, 3, 12, 16, 17, 20, 1, 9, 25, 13, 2, 28, 29, 8, 6, 19, 23, 24, 5, 22, 26, 27, 7, 32, 31, 30, 18, 10, 11, 14, 21, 15 ]:
 Order := 32 > |
[ 6, 1, 14, 11, 18, 21, 3, 2, 27, 5, 9, 23, 31, 24, 4, 32, 28, 8, 13, 7, 10, 25, 22, 19, 29, 15, 17, 26, 16, 12, 20, 30 ],
[ 15, 7, 30, 29, 27, 31, 2, 11, 22, 19, 8, 17, 25, 18, 1, 24, 12, 14, 10, 23, 28, 9, 20, 16, 13, 32, 5, 21, 4, 3, 6, 26 ],
[ 7, 11, 2, 1, 19, 15, 23, 14, 8, 28, 29, 3, 10, 30, 32, 4, 5, 27, 16, 6, 31, 20, 17, 18, 9, 21, 22, 12, 13, 26, 25, 24 ]
]
];
s`SolvableDBPointedPassport := [ PowerSequence(PermutationGroup<32 |  
\[ 2, 8, 7, 15, 10, 1, 20, 18, 11, 21, 4, 30, 19, 3, 26, 29, 27, 5, 24, 31, 6, 23, 12, 14, 22, 28, 9, 17, 25, 32, 13, 16 ],
\[ 3, 9, 1, 6, 13, 4, 22, 24, 2, 26, 16, 14, 5, 12, 30, 11, 18, 17, 32, 21, 20, 7, 28, 8, 27, 10, 25, 23, 31, 15, 29, 19 ],
\[ 4, 3, 12, 16, 17, 20, 1, 9, 25, 13, 2, 28, 29, 8, 6, 19, 23, 24, 5, 22, 26, 27, 7, 32, 31, 30, 18, 10, 11, 14, 21, 15 ]:
 Order := 32 >) |
[ PermutationGroup<32 |  
\[ 2, 8, 7, 15, 10, 1, 20, 18, 11, 21, 4, 30, 19, 3, 26, 29, 27, 5, 24, 31, 6, 23, 12, 14, 22, 28, 9, 17, 25, 32, 13, 16 ],
\[ 3, 9, 1, 6, 13, 4, 22, 24, 2, 26, 16, 14, 5, 12, 30, 11, 18, 17, 32, 21, 20, 7, 28, 8, 27, 10, 25, 23, 31, 15, 29, 19 ],
\[ 4, 3, 12, 16, 17, 20, 1, 9, 25, 13, 2, 28, 29, 8, 6, 19, 23, 24, 5, 22, 26, 27, 7, 32, 31, 30, 18, 10, 11, 14, 21, 15 ]:
 Order := 32 > |
[ 18, 5, 31, 28, 6, 8, 13, 10, 15, 1, 26, 16, 14, 20, 17, 22, 11, 21, 3, 19, 2, 30, 32, 7, 12, 27, 4, 9, 23, 29, 24, 25 ],
[ 28, 31, 16, 22, 11, 19, 18, 15, 12, 14, 5, 9, 23, 10, 8, 3, 32, 7, 6, 30, 27, 4, 13, 25, 24, 29, 21, 1, 26, 20, 2, 17 ],
[ 14, 27, 6, 21, 31, 11, 25, 19, 1, 15, 32, 24, 18, 23, 12, 9, 8, 28, 30, 10, 7, 3, 26, 2, 17, 5, 29, 22, 20, 4, 16, 13 ]
]
];
s`SolvableDBMonodromyGroup := PermutationGroup<32 |  
\[ 2, 8, 7, 15, 10, 1, 20, 18, 11, 21, 4, 30, 19, 3, 26, 29, 27, 5, 24, 31, 6, 23, 12, 14, 22, 28, 9, 17, 25, 32, 13, 16 ],
\[ 3, 9, 1, 6, 13, 4, 22, 24, 2, 26, 16, 14, 5, 12, 30, 11, 18, 17, 32, 21, 20, 7, 28, 8, 27, 10, 25, 23, 31, 15, 29, 19 ],
\[ 4, 3, 12, 16, 17, 20, 1, 9, 25, 13, 2, 28, 29, 8, 6, 19, 23, 24, 5, 22, 26, 27, 7, 32, 31, 30, 18, 10, 11, 14, 21, 15 ] >;
s`SolvableDBAutomorphismGroup := PermutationGroup<32 |  
\[ 21, 6, 20, 26, 8, 10, 31, 1, 4, 18, 15, 22, 24, 7, 28, 30, 9, 2, 14, 13, 5, 29, 25, 3, 16, 17, 11, 27, 32, 23, 19, 12 ],
\[ 2, 8, 9, 3, 10, 1, 11, 18, 24, 21, 14, 25, 26, 27, 7, 12, 13, 5, 28, 4, 6, 16, 29, 17, 32, 20, 19, 31, 30, 22, 15, 23 ],
\[ 26, 28, 10, 30, 9, 15, 21, 17, 23, 11, 12, 13, 2, 5, 32, 14, 25, 27, 8, 6, 4, 20, 31, 18, 7, 16, 22, 29, 3, 19, 1, 24 ]:
 Order := 32 >;
s`SolvableDBPointedAutomorphismGroup := PermutationGroup<32 |  
\[ 8, 18, 24, 9, 21, 2, 14, 5, 17, 6, 27, 32, 20, 19, 11, 25, 26, 10, 31, 3, 1, 12, 30, 13, 23, 4, 28, 15, 22, 16, 7, 29 ],
\[ 6, 1, 4, 20, 18, 21, 15, 2, 3, 5, 7, 16, 17, 11, 31, 22, 24, 8, 27, 26, 10, 30, 32, 9, 12, 13, 14, 19, 23, 29, 28, 25 ]:
 Order := 8 >;

/*
Top Level Belyi Curve/Map
*/


/*
Graph Data
*/

s`SolvableDBPathToPP1 := [ Strings() | "PP1", "2T1-2,1,2-g0-path1", "4T1-4,2,4-g1-path1", "8T2-4,2,4-g1-path2", "16T10-4,2,4-g1-path2", "32S7-8,2,8-g5-path4" ];
s`SolvableDBParents := [ Strings() | "64S10-8,4,8-g17-path28", "64S14-8,4,8-g17-path40", "64S4-8,4,8-g17-path40", "64S24-8,4,8-g17-path87", "64S4-8,2,8-g9-path40", "64S12-8,2,8-g9-path6", "64S10-8,2,8-g9-path28" ];
s`SolvableDBChildren := [ Strings() | "16T10-4,2,4-g1-path2" ];

/*
Return for eval
*/

return s;
