s := SolvableDBInitialize();

/*
Magma printing
*/

s`SolvableDBName := "32S8-8,4,8-g9-path2";
s`SolvableDBFilename := "32S8-8,4,8-g9-path2.m";
s`SolvableDBPassportName := "32S8-8,4,8-g9";
s`SolvableDBPathNumber := 2;
s`SolvableDBDegree := 32;
s`SolvableDBOrders := \[ 8, 4, 8 ];
s`SolvableDBType := "Hyperbolic";
s`SolvableDBGenus := 9;
s`SolvableDBGaloisOrbitSize := 1;
s`SolvableDBPassportSize := 1;
s`SolvableDBPointedPassportSize := 1;
s`SolvableDBLevel := 5;
s`SolvableDBBlocks := {@ PowerSet(IntegerRing()) |
{ IntegerRing() | 1, 5 },
{ IntegerRing() | 2, 11 },
{ IntegerRing() | 3, 7 },
{ IntegerRing() | 4, 20 },
{ IntegerRing() | 6, 18 },
{ IntegerRing() | 8, 14 },
{ IntegerRing() | 9, 23 },
{ IntegerRing() | 10, 12 },
{ IntegerRing() | 13, 21 },
{ IntegerRing() | 15, 25 },
{ IntegerRing() | 16, 26 },
{ IntegerRing() | 17, 24 },
{ IntegerRing() | 19, 30 },
{ IntegerRing() | 22, 27 },
{ IntegerRing() | 28, 29 },
{ IntegerRing() | 31, 32 }
@};
s`SolvableDBIsRamifiedAtEveryLevel := false;
s`SolvableDBGaloisOrbit := [ PowerSequence(PermutationGroup<32 |  
\[ 2, 3, 4, 5, 6, 7, 8, 9, 10, 11, 12, 13, 14, 15, 16, 17, 18, 19, 20, 21, 22, 23, 24, 25, 26, 27, 28, 29, 30, 31, 32, 1 ],
\[ 2, 1, 3, 4, 5, 6, 7, 8, 9, 10, 11, 12, 13, 14, 15, 16, 17, 18, 19, 20, 21, 22, 23, 24, 25, 26, 27, 28, 29, 30, 31, 32 ]:
 Order := 263130836933693530167218012160000000 >) |
[ PermutationGroup<32 |  
\[ 2, 3, 4, 5, 6, 7, 8, 9, 10, 11, 12, 13, 14, 15, 16, 17, 18, 19, 20, 21, 22, 23, 24, 25, 26, 27, 28, 29, 30, 31, 32, 1 ],
\[ 2, 1, 3, 4, 5, 6, 7, 8, 9, 10, 11, 12, 13, 14, 15, 16, 17, 18, 19, 20, 21, 22, 23, 24, 25, 26, 27, 28, 29, 30, 31, 32 ]:
 Order := 263130836933693530167218012160000000 > |
[ 11, 23, 8, 24, 2, 5, 14, 22, 6, 13, 9, 21, 4, 27, 31, 7, 10, 1, 15, 17, 20, 16, 18, 12, 32, 3, 26, 30, 19, 25, 28, 29 ],
[ 3, 10, 5, 18, 7, 4, 1, 28, 27, 11, 12, 2, 30, 29, 26, 15, 32, 20, 13, 6, 19, 9, 22, 31, 16, 25, 23, 14, 8, 21, 17, 24 ],
[ 4, 3, 15, 19, 20, 22, 25, 1, 10, 31, 7, 32, 2, 5, 21, 23, 18, 27, 14, 30, 11, 29, 12, 6, 13, 9, 28, 24, 17, 8, 16, 26 ]
]
];
s`SolvableDBPassport := [ PowerSequence(PermutationGroup<32 |  
\[ 11, 23, 8, 24, 2, 5, 14, 22, 6, 13, 9, 21, 4, 27, 31, 7, 10, 1, 15, 17, 20, 16, 18, 12, 32, 3, 26, 30, 19, 25, 28, 29 ],
\[ 3, 10, 5, 18, 7, 4, 1, 28, 27, 11, 12, 2, 30, 29, 26, 15, 32, 20, 13, 6, 19, 9, 22, 31, 16, 25, 23, 14, 8, 21, 17, 24 ],
\[ 4, 3, 15, 19, 20, 22, 25, 1, 10, 31, 7, 32, 2, 5, 21, 23, 18, 27, 14, 30, 11, 29, 12, 6, 13, 9, 28, 24, 17, 8, 16, 26 ]:
 Order := 32 >) |
[ PermutationGroup<32 |  
\[ 11, 23, 8, 24, 2, 5, 14, 22, 6, 13, 9, 21, 4, 27, 31, 7, 10, 1, 15, 17, 20, 16, 18, 12, 32, 3, 26, 30, 19, 25, 28, 29 ],
\[ 3, 10, 5, 18, 7, 4, 1, 28, 27, 11, 12, 2, 30, 29, 26, 15, 32, 20, 13, 6, 19, 9, 22, 31, 16, 25, 23, 14, 8, 21, 17, 24 ],
\[ 4, 3, 15, 19, 20, 22, 25, 1, 10, 31, 7, 32, 2, 5, 21, 23, 18, 27, 14, 30, 11, 29, 12, 6, 13, 9, 28, 24, 17, 8, 16, 26 ]:
 Order := 32 > |
[ 18, 5, 26, 13, 6, 9, 16, 3, 11, 17, 1, 24, 10, 7, 19, 22, 20, 23, 29, 21, 12, 8, 2, 4, 30, 27, 14, 31, 32, 28, 15, 25 ],
[ 17, 14, 32, 25, 24, 26, 31, 2, 21, 29, 8, 28, 9, 11, 4, 6, 5, 16, 22, 15, 23, 30, 13, 1, 20, 18, 19, 10, 12, 27, 3, 7 ],
[ 14, 21, 11, 5, 8, 17, 2, 19, 16, 23, 13, 9, 15, 30, 7, 32, 28, 24, 20, 1, 25, 18, 26, 29, 3, 31, 6, 22, 27, 4, 12, 10 ]
]
];
s`SolvableDBPointedPassport := [ PowerSequence(PermutationGroup<32 |  
\[ 2, 3, 4, 5, 6, 7, 8, 9, 10, 11, 12, 13, 14, 15, 16, 17, 18, 19, 20, 21, 22, 23, 24, 25, 26, 27, 28, 29, 30, 31, 32, 1 ],
\[ 2, 1, 3, 4, 5, 6, 7, 8, 9, 10, 11, 12, 13, 14, 15, 16, 17, 18, 19, 20, 21, 22, 23, 24, 25, 26, 27, 28, 29, 30, 31, 32 ]:
 Order := 263130836933693530167218012160000000 >) |
[ PermutationGroup<32 |  
\[ 2, 3, 4, 5, 6, 7, 8, 9, 10, 11, 12, 13, 14, 15, 16, 17, 18, 19, 20, 21, 22, 23, 24, 25, 26, 27, 28, 29, 30, 31, 32, 1 ],
\[ 2, 1, 3, 4, 5, 6, 7, 8, 9, 10, 11, 12, 13, 14, 15, 16, 17, 18, 19, 20, 21, 22, 23, 24, 25, 26, 27, 28, 29, 30, 31, 32 ]:
 Order := 263130836933693530167218012160000000 > |
[ 15, 31, 20, 27, 25, 19, 4, 24, 28, 7, 32, 3, 8, 17, 9, 21, 26, 30, 2, 22, 14, 10, 29, 16, 23, 13, 12, 5, 1, 11, 18, 6 ],
[ 24, 8, 31, 15, 17, 16, 32, 11, 13, 28, 14, 29, 23, 2, 20, 18, 1, 26, 27, 25, 9, 19, 21, 5, 4, 6, 30, 12, 10, 22, 7, 3 ],
[ 12, 22, 28, 31, 10, 7, 29, 9, 4, 30, 27, 19, 18, 23, 17, 1, 11, 3, 26, 32, 6, 15, 20, 2, 24, 5, 25, 21, 13, 16, 14, 8 ]
]
];
s`SolvableDBMonodromyGroup := PermutationGroup<32 |  
\[ 11, 23, 8, 24, 2, 5, 14, 22, 6, 13, 9, 21, 4, 27, 31, 7, 10, 1, 15, 17, 20, 16, 18, 12, 32, 3, 26, 30, 19, 25, 28, 29 ],
\[ 3, 10, 5, 18, 7, 4, 1, 28, 27, 11, 12, 2, 30, 29, 26, 15, 32, 20, 13, 6, 19, 9, 22, 31, 16, 25, 23, 14, 8, 21, 17, 24 ],
\[ 4, 3, 15, 19, 20, 22, 25, 1, 10, 31, 7, 32, 2, 5, 21, 23, 18, 27, 14, 30, 11, 29, 12, 6, 13, 9, 28, 24, 17, 8, 16, 26 ] >;
s`SolvableDBAutomorphismGroup := PermutationGroup<32 |  
\[ 23, 6, 22, 12, 9, 11, 27, 16, 1, 4, 18, 20, 24, 26, 29, 14, 13, 2, 32, 10, 17, 7, 5, 21, 28, 8, 3, 15, 25, 31, 19, 30 ],
\[ 2, 9, 10, 3, 11, 1, 12, 13, 18, 27, 23, 22, 26, 21, 31, 24, 14, 5, 15, 7, 16, 4, 6, 8, 32, 17, 20, 30, 19, 25, 28, 29 ],
\[ 27, 16, 23, 28, 22, 8, 9, 18, 3, 15, 26, 25, 31, 6, 12, 11, 19, 14, 24, 29, 32, 1, 7, 30, 10, 2, 5, 20, 4, 17, 21, 13 ]:
 Order := 32 >;
s`SolvableDBPointedAutomorphismGroup := PermutationGroup<32 |  
\[ 9, 18, 27, 10, 23, 2, 22, 26, 5, 20, 6, 4, 17, 16, 28, 8, 21, 11, 31, 12, 24, 3, 1, 13, 29, 14, 7, 25, 15, 32, 30, 19 ],
\[ 6, 1, 4, 22, 18, 23, 20, 24, 2, 3, 5, 7, 8, 17, 19, 21, 26, 9, 29, 27, 14, 12, 11, 16, 30, 13, 10, 31, 32, 28, 15, 25 ]:
 Order := 8 >;
s`SolvableDBPathToPP1 := [ Strings() | "PP1", "2T1-2,2,1-g0-path1", "4T2-2,2,2-g0-path3", "8T2-4,2,4-g1-path5", "16T10-4,2,4-g1-path1", "32S8-8,4,8-g9-path2" ];
s`SolvableDBParents := [ Strings() | "64S5-8,4,8-g17-path85", "64S11-8,4,8-g17-path61", "64S13-8,4,8-g17-path51", "64S13-8,4,8-g17-path52", "64S11-8,4,8-g17-path62", "64S5-8,4,8-g17-path86", "64S24-8,4,8-g17-path101" ];
s`SolvableDBChild := "16T10-4,2,4-g1-path1";

/*
Return for eval
*/

return s;
