s := SolvableDBInitialize();

/*
Magma printing
*/

s`SolvableDBName := "32S9-2,8,4-g3-path5-notcomputed";
s`SolvableDBFilename := "32S9-2,8,4-g3-path5-notcomputed.m";
s`SolvableDBPassportName := "32S9-2,8,4-g3";
s`SolvableDBPathNumber := 5;
s`SolvableDBDegree := 32;
s`SolvableDBOrders := \[ 2, 8, 4 ];
s`SolvableDBType := "Hyperbolic";
s`SolvableDBGenus := 3;
s`SolvableDBGaloisOrbitSize := 1;
s`SolvableDBPassportSize := 1;
s`SolvableDBPointedPassportSize := 1;
s`SolvableDBLevel := 5;
s`SolvableDBBlocks := {@ PowerSet(IntegerRing()) |
{ IntegerRing() | 1, 5 },
{ IntegerRing() | 2, 10 },
{ IntegerRing() | 3, 13 },
{ IntegerRing() | 4, 7 },
{ IntegerRing() | 6, 9 },
{ IntegerRing() | 8, 15 },
{ IntegerRing() | 11, 21 },
{ IntegerRing() | 12, 14 },
{ IntegerRing() | 16, 18 },
{ IntegerRing() | 17, 23 },
{ IntegerRing() | 19, 29 },
{ IntegerRing() | 20, 22 },
{ IntegerRing() | 24, 26 },
{ IntegerRing() | 25, 31 },
{ IntegerRing() | 27, 32 },
{ IntegerRing() | 28, 30 }
@};
s`SolvableDBIsRamifiedAtEveryLevel := true;
s`SolvableDBGaloisOrbit := [ PowerSequence(PermutationGroup<32 |  
\[ 2, 3, 4, 5, 6, 7, 8, 9, 10, 11, 12, 13, 14, 15, 16, 17, 18, 19, 20, 21, 22, 23, 24, 25, 26, 27, 28, 29, 30, 31, 32, 1 ],
\[ 2, 1, 3, 4, 5, 6, 7, 8, 9, 10, 11, 12, 13, 14, 15, 16, 17, 18, 19, 20, 21, 22, 23, 24, 25, 26, 27, 28, 29, 30, 31, 32 ]:
 Order := 263130836933693530167218012160000000 >) |
[ PermutationGroup<32 |  
\[ 2, 3, 4, 5, 6, 7, 8, 9, 10, 11, 12, 13, 14, 15, 16, 17, 18, 19, 20, 21, 22, 23, 24, 25, 26, 27, 28, 29, 30, 31, 32, 1 ],
\[ 2, 1, 3, 4, 5, 6, 7, 8, 9, 10, 11, 12, 13, 14, 15, 16, 17, 18, 19, 20, 21, 22, 23, 24, 25, 26, 27, 28, 29, 30, 31, 32 ]:
 Order := 263130836933693530167218012160000000 > |
[ 10, 5, 7, 13, 2, 8, 3, 6, 15, 1, 14, 21, 4, 11, 9, 23, 18, 17, 22, 29, 12, 19, 16, 25, 24, 31, 30, 32, 20, 27, 26, 28 ],
[ 3, 8, 11, 10, 13, 1, 2, 17, 5, 15, 19, 7, 21, 4, 23, 6, 25, 9, 27, 14, 29, 12, 31, 16, 28, 18, 24, 22, 32, 20, 30, 26 ],
[ 4, 9, 12, 5, 7, 2, 1, 16, 10, 6, 20, 13, 14, 3, 18, 15, 26, 8, 28, 21, 22, 11, 24, 17, 27, 23, 31, 29, 30, 19, 32, 25 ]
]
];
s`SolvableDBPassport := [ PowerSequence(PermutationGroup<32 |  
\[ 10, 5, 7, 13, 2, 8, 3, 6, 15, 1, 14, 21, 4, 11, 9, 23, 18, 17, 22, 29, 12, 19, 16, 25, 24, 31, 30, 32, 20, 27, 26, 28 ],
\[ 3, 8, 11, 10, 13, 1, 2, 17, 5, 15, 19, 7, 21, 4, 23, 6, 25, 9, 27, 14, 29, 12, 31, 16, 28, 18, 24, 22, 32, 20, 30, 26 ],
\[ 4, 9, 12, 5, 7, 2, 1, 16, 10, 6, 20, 13, 14, 3, 18, 15, 26, 8, 28, 21, 22, 11, 24, 17, 27, 23, 31, 29, 30, 19, 32, 25 ]:
 Order := 32 >) |
[ PermutationGroup<32 |  
\[ 10, 5, 7, 13, 2, 8, 3, 6, 15, 1, 14, 21, 4, 11, 9, 23, 18, 17, 22, 29, 12, 19, 16, 25, 24, 31, 30, 32, 20, 27, 26, 28 ],
\[ 3, 8, 11, 10, 13, 1, 2, 17, 5, 15, 19, 7, 21, 4, 23, 6, 25, 9, 27, 14, 29, 12, 31, 16, 28, 18, 24, 22, 32, 20, 30, 26 ],
\[ 4, 9, 12, 5, 7, 2, 1, 16, 10, 6, 20, 13, 14, 3, 18, 15, 26, 8, 28, 21, 22, 11, 24, 17, 27, 23, 31, 29, 30, 19, 32, 25 ]:
 Order := 32 > |
[ 10, 5, 7, 13, 2, 8, 3, 6, 15, 1, 14, 21, 4, 11, 9, 23, 18, 17, 22, 29, 12, 19, 16, 25, 24, 31, 30, 32, 20, 27, 26, 28 ],
[ 3, 8, 11, 10, 13, 1, 2, 17, 5, 15, 19, 7, 21, 4, 23, 6, 25, 9, 27, 14, 29, 12, 31, 16, 28, 18, 24, 22, 32, 20, 30, 26 ],
[ 4, 9, 12, 5, 7, 2, 1, 16, 10, 6, 20, 13, 14, 3, 18, 15, 26, 8, 28, 21, 22, 11, 24, 17, 27, 23, 31, 29, 30, 19, 32, 25 ]
]
];
s`SolvableDBPointedPassport := [ PowerSequence(PermutationGroup<32 |  
\[ 2, 3, 4, 5, 6, 7, 8, 9, 10, 11, 12, 13, 14, 15, 16, 17, 18, 19, 20, 21, 22, 23, 24, 25, 26, 27, 28, 29, 30, 31, 32, 1 ],
\[ 2, 1, 3, 4, 5, 6, 7, 8, 9, 10, 11, 12, 13, 14, 15, 16, 17, 18, 19, 20, 21, 22, 23, 24, 25, 26, 27, 28, 29, 30, 31, 32 ]:
 Order := 263130836933693530167218012160000000 >) |
[ PermutationGroup<32 |  
\[ 2, 3, 4, 5, 6, 7, 8, 9, 10, 11, 12, 13, 14, 15, 16, 17, 18, 19, 20, 21, 22, 23, 24, 25, 26, 27, 28, 29, 30, 31, 32, 1 ],
\[ 2, 1, 3, 4, 5, 6, 7, 8, 9, 10, 11, 12, 13, 14, 15, 16, 17, 18, 19, 20, 21, 22, 23, 24, 25, 26, 27, 28, 29, 30, 31, 32 ]:
 Order := 263130836933693530167218012160000000 > |
[ 30, 32, 25, 26, 28, 22, 24, 19, 20, 27, 23, 18, 31, 16, 29, 14, 21, 12, 8, 9, 17, 6, 11, 7, 3, 4, 10, 5, 15, 1, 13, 2 ],
[ 9, 4, 5, 12, 6, 18, 14, 10, 16, 7, 13, 20, 1, 22, 2, 26, 15, 24, 21, 28, 3, 30, 8, 32, 23, 27, 29, 31, 11, 25, 17, 19 ],
[ 22, 24, 30, 16, 20, 14, 18, 32, 12, 26, 25, 6, 28, 9, 27, 7, 19, 4, 23, 1, 31, 5, 29, 10, 21, 2, 8, 3, 17, 13, 11, 15 ]
]
];
s`SolvableDBMonodromyGroup := PermutationGroup<32 |  
\[ 10, 5, 7, 13, 2, 8, 3, 6, 15, 1, 14, 21, 4, 11, 9, 23, 18, 17, 22, 29, 12, 19, 16, 25, 24, 31, 30, 32, 20, 27, 26, 28 ],
\[ 3, 8, 11, 10, 13, 1, 2, 17, 5, 15, 19, 7, 21, 4, 23, 6, 25, 9, 27, 14, 29, 12, 31, 16, 28, 18, 24, 22, 32, 20, 30, 26 ],
\[ 4, 9, 12, 5, 7, 2, 1, 16, 10, 6, 20, 13, 14, 3, 18, 15, 26, 8, 28, 21, 22, 11, 24, 17, 27, 23, 31, 29, 30, 19, 32, 25 ] >;
s`SolvableDBAutomorphismGroup := PermutationGroup<32 |  
\[ 27, 28, 24, 31, 32, 19, 25, 22, 29, 30, 16, 17, 26, 23, 20, 11, 12, 21, 6, 15, 18, 8, 14, 3, 7, 13, 1, 2, 9, 10, 4, 5 ],
\[ 24, 31, 16, 17, 26, 27, 23, 30, 32, 25, 6, 15, 18, 8, 28, 19, 20, 29, 1, 2, 9, 10, 22, 11, 14, 21, 3, 4, 5, 7, 12, 13 ],
\[ 30, 32, 20, 19, 28, 31, 29, 26, 25, 27, 14, 21, 22, 11, 24, 23, 18, 17, 4, 3, 12, 13, 16, 15, 9, 8, 10, 5, 7, 1, 6, 2 ]:
 Order := 32 >;
s`SolvableDBPointedAutomorphismGroup := PermutationGroup<32 |  
\[ 10, 5, 15, 6, 2, 4, 9, 13, 7, 1, 23, 18, 8, 16, 3, 14, 21, 12, 31, 24, 17, 26, 11, 20, 29, 22, 30, 32, 25, 27, 19, 28 ]:
 Order := 2 >;
s`SolvableDBPathToPP1 := [ Strings() | "PP1", "2T1-2,1,2-g0-path1-computed", "4T2-2,2,2-g0-path2-notcomputed", "8T4-2,4,2-g0-path2-notcomputed", "16T13-2,8,2-g0-path1-notcomputed", "32S9-2,8,4-g3-path5-notcomputed" ];
s`SolvableDBChild := "16T13-2,8,2-g0-path1-notcomputed";

/*
Return for eval
*/

return s;
