s := SolvableDBInitialize();

/*
Custom printing for Belyi curve and map
*/

/* Belyi curve */
K<nu> := NumberField(Polynomial([RationalField() | 1, 0, 0, 0, 1]));
X<[x]> := HyperellipticCurve([Polynomial(K, [
1/524843504616162430521*(48038212773347328*nu^2 + 2049341117966581760),
1/524843504616162430521*(4098682235933163520*nu^2 - 96076425546694656),
1/524843504616162430521*(-84066872353357824*nu^2 - 3586346956441518080),
1/524843504616162430521*(-1793173478220759040*nu^2 + 42033436176678912),
1/524843504616162430521*(24605228864404193280*nu^2 - 16091841336180736),
1/30873147330362495913*(-27316777111257088*nu^2 - 1446748265021177856),
1/524843504616162430521*(-9222363417069748224*nu^2 + 202162789681463296),
1/524843504616162430521*(35028004737253376*nu^2 + 1537029294633517056),
1/22909463211*(-4194304*nu^2 - 357912576)
]), Polynomial(K, [])]);

/* Belyi map */
K<nu> := NumberField(Polynomial([RationalField() | 1, 0, 0, 0, 1]));
X<[x]> := HyperellipticCurve([Polynomial(K, [
1/524843504616162430521*(48038212773347328*nu^2 + 2049341117966581760),
1/524843504616162430521*(4098682235933163520*nu^2 - 96076425546694656),
1/524843504616162430521*(-84066872353357824*nu^2 - 3586346956441518080),
1/524843504616162430521*(-1793173478220759040*nu^2 + 42033436176678912),
1/524843504616162430521*(24605228864404193280*nu^2 - 16091841336180736),
1/30873147330362495913*(-27316777111257088*nu^2 - 1446748265021177856),
1/524843504616162430521*(-9222363417069748224*nu^2 + 202162789681463296),
1/524843504616162430521*(35028004737253376*nu^2 + 1537029294633517056),
1/22909463211*(-4194304*nu^2 - 357912576)
]), Polynomial(K, [])]);
KX<[x]> := FunctionField(X);
phi := KX!((1/4722438540876001050625*(-2251791223750656*nu^2 - 288223779086139392)*x[1]^16 + 1/4722438540876001050625*(9223160930756460544*nu^2 - 72057319160020992)*x[1]^15 + 1/4722438540876001050625*(1008802468240293888*nu^2 + 129124253030590447616)*x[1]^14 + 1/4722438540876001050625*(-1032994024244723580928*nu^2 + 8070419745922351104)*x[1]^13 + 1/944487708175200210125*(-8070419745922351104*nu^2 - 1032994024244723580928)*x[1]^12 + 1/4722438540876001050625*(16527904387915577294848*nu^2 - 129126715934757617664)*x[1]^11 + 1/4722438540876001050625*(258253431869515235328*nu^2 + 33055808775831154589696)*x[1]^10 + 1/4722438540876001050625*(-37778067172378462388224*nu^2 + 295146779279445983232)*x[1]^9 + 1/4722438540876001050625*(-147573389639722991616*nu^2 - 18889033586189231194112)*x[1]^8)/(x[1]^16 + 1/262145*(-64*nu^2 - 32768)*x[1]^15 + 1/68720001025*(51541377024*nu^2 + 301987968)*x[1]^14 + 1/18014604668698625*(-1196280999015424*nu^2 + 36031820720504832)*x[1]^13 + 1/4722438540876001050625*(-9441814733649324015616*nu^2 - 1863184413175192282112)*x[1]^12 + 1/4722438540876001050625*(6198548491153530667008*nu^2 + 65716499366811795456)*x[1]^11 + 1/944487708175200210125*(-87162023302234374144*nu^2 + 2479567120219157921792)*x[1]^10 + 1/72652900628861554625*(-217971731364733779968*nu^2 - 26393945368927666176)*x[1]^9 + 1/4722438540876001050625*(4510577460750952955904*nu^2 - 7061095967229568745472)*x[1]^8 + 1/944487708175200210125*(-28533912237154238464*nu^2 + 1623598329958133399552)*x[1]^7 + 1/4722438540876001050625*(-9744166028908771147776*nu^2 - 500931476697468895232)*x[1]^6 + 1/188897541635040042025*(48144857837334429696*nu^2 - 283728936755452182528)*x[1]^5 + 1/4722438540876001050625*(2377522238382558674944*nu^2 + 2079822438042129399808)*x[1]^4 + 1/944487708175200210125*(-516497012122361790464*nu^2 + 4035209872961175552)*x[1]^3 + 1/944487708175200210125*(-3458751319681007616*nu^2 - 442711724676310106112)*x[1]^2 + 1/4722438540876001050625*(1180564599136826949632*nu^2 - 9223336852482686976)*x[1] + 1/4722438540876001050625*(2305834213120671744*nu^2 + 295141149784206737408)));
/* assign to object */
s`SolvableDBBelyiCurve := X;
s`SolvableDBBelyiMap := phi;

/*
Magma printing
*/

s`SolvableDBName := "32S9-8,2,4-g3-path10";
s`SolvableDBFilename := "32S9-8,2,4-g3-path10.m";
s`SolvableDBPassportName := "32S9-8,2,4-g3";
s`SolvableDBPathNumber := 10;
s`SolvableDBDegree := 32;
s`SolvableDBOrders := \[ 8, 2, 4 ];
s`SolvableDBType := "Hyperbolic";
s`SolvableDBGenus := 3;
s`SolvableDBGaloisOrbitSize := 1;
s`SolvableDBPassportSize := 1;
s`SolvableDBPointedPassportSize := 1;
s`SolvableDBLevel := 5;
s`SolvableDBBlocks := {@ PowerSet(IntegerRing()) |
{ IntegerRing() | 1, 5 },
{ IntegerRing() | 2, 10 },
{ IntegerRing() | 3, 13 },
{ IntegerRing() | 4, 17 },
{ IntegerRing() | 6, 18 },
{ IntegerRing() | 7, 19 },
{ IntegerRing() | 8, 21 },
{ IntegerRing() | 9, 25 },
{ IntegerRing() | 11, 27 },
{ IntegerRing() | 12, 28 },
{ IntegerRing() | 14, 29 },
{ IntegerRing() | 15, 26 },
{ IntegerRing() | 16, 31 },
{ IntegerRing() | 20, 23 },
{ IntegerRing() | 22, 32 },
{ IntegerRing() | 24, 30 }
@};
s`SolvableDBBelyiMapTiming := 0.170p15;
s`SolvableDBSanityCheckTiming := 0.330p15;
s`SolvableDBIsLowGenusOrHyperelliptic := true;
s`SolvableDBIsRamifiedAtEveryLevel := true;
s`SolvableDBGaloisOrbit := [ PowerSequence(PermutationGroup<32 |  
\[ 2, 3, 4, 5, 6, 7, 8, 9, 10, 11, 12, 13, 14, 15, 16, 17, 18, 19, 20, 21, 22, 23, 24, 25, 26, 27, 28, 29, 30, 31, 32, 1 ],
\[ 2, 1, 3, 4, 5, 6, 7, 8, 9, 10, 11, 12, 13, 14, 15, 16, 17, 18, 19, 20, 21, 22, 23, 24, 25, 26, 27, 28, 29, 30, 31, 32 ]:
 Order := 263130836933693530167218012160000000 >) |
[ PermutationGroup<32 |  
\[ 2, 3, 4, 5, 6, 7, 8, 9, 10, 11, 12, 13, 14, 15, 16, 17, 18, 19, 20, 21, 22, 23, 24, 25, 26, 27, 28, 29, 30, 31, 32, 1 ],
\[ 2, 1, 3, 4, 5, 6, 7, 8, 9, 10, 11, 12, 13, 14, 15, 16, 17, 18, 19, 20, 21, 22, 23, 24, 25, 26, 27, 28, 29, 30, 31, 32 ]:
 Order := 263130836933693530167218012160000000 > |
[ 2, 8, 7, 15, 10, 1, 20, 18, 11, 21, 4, 24, 19, 3, 25, 12, 26, 5, 23, 29, 6, 16, 14, 32, 27, 9, 17, 30, 13, 22, 28, 31 ],
[ 3, 9, 1, 6, 13, 4, 22, 23, 2, 25, 16, 14, 5, 12, 30, 11, 18, 17, 32, 21, 20, 7, 8, 26, 10, 24, 31, 29, 28, 15, 27, 19 ],
[ 4, 3, 12, 16, 17, 20, 1, 9, 24, 13, 2, 11, 28, 8, 6, 7, 31, 23, 5, 22, 25, 15, 32, 14, 30, 18, 10, 27, 21, 29, 19, 26 ]
]
];
s`SolvableDBPassport := [ PowerSequence(PermutationGroup<32 |  
\[ 2, 8, 7, 15, 10, 1, 20, 18, 11, 21, 4, 24, 19, 3, 25, 12, 26, 5, 23, 29, 6, 16, 14, 32, 27, 9, 17, 30, 13, 22, 28, 31 ],
\[ 3, 9, 1, 6, 13, 4, 22, 23, 2, 25, 16, 14, 5, 12, 30, 11, 18, 17, 32, 21, 20, 7, 8, 26, 10, 24, 31, 29, 28, 15, 27, 19 ],
\[ 4, 3, 12, 16, 17, 20, 1, 9, 24, 13, 2, 11, 28, 8, 6, 7, 31, 23, 5, 22, 25, 15, 32, 14, 30, 18, 10, 27, 21, 29, 19, 26 ]:
 Order := 32 >) |
[ PermutationGroup<32 |  
\[ 2, 8, 7, 15, 10, 1, 20, 18, 11, 21, 4, 24, 19, 3, 25, 12, 26, 5, 23, 29, 6, 16, 14, 32, 27, 9, 17, 30, 13, 22, 28, 31 ],
\[ 3, 9, 1, 6, 13, 4, 22, 23, 2, 25, 16, 14, 5, 12, 30, 11, 18, 17, 32, 21, 20, 7, 8, 26, 10, 24, 31, 29, 28, 15, 27, 19 ],
\[ 4, 3, 12, 16, 17, 20, 1, 9, 24, 13, 2, 11, 28, 8, 6, 7, 31, 23, 5, 22, 25, 15, 32, 14, 30, 18, 10, 27, 21, 29, 19, 26 ]:
 Order := 32 > |
[ 6, 1, 14, 11, 18, 21, 3, 2, 26, 5, 9, 16, 29, 23, 4, 22, 27, 8, 13, 7, 10, 30, 19, 12, 15, 17, 25, 31, 20, 28, 32, 24 ],
[ 15, 7, 24, 12, 26, 29, 2, 11, 32, 19, 8, 4, 30, 18, 1, 20, 28, 14, 10, 16, 27, 25, 31, 3, 22, 5, 21, 17, 6, 13, 23, 9 ],
[ 7, 11, 2, 1, 19, 15, 16, 14, 8, 27, 12, 3, 10, 24, 22, 4, 5, 26, 31, 6, 29, 20, 18, 9, 21, 32, 28, 13, 30, 25, 17, 23 ]
]
];
s`SolvableDBPointedPassport := [ PowerSequence(PermutationGroup<32 |  
\[ 2, 3, 4, 5, 6, 7, 8, 9, 10, 11, 12, 13, 14, 15, 16, 17, 18, 19, 20, 21, 22, 23, 24, 25, 26, 27, 28, 29, 30, 31, 32, 1 ],
\[ 2, 1, 3, 4, 5, 6, 7, 8, 9, 10, 11, 12, 13, 14, 15, 16, 17, 18, 19, 20, 21, 22, 23, 24, 25, 26, 27, 28, 29, 30, 31, 32 ]:
 Order := 263130836933693530167218012160000000 >) |
[ PermutationGroup<32 |  
\[ 2, 3, 4, 5, 6, 7, 8, 9, 10, 11, 12, 13, 14, 15, 16, 17, 18, 19, 20, 21, 22, 23, 24, 25, 26, 27, 28, 29, 30, 31, 32, 1 ],
\[ 2, 1, 3, 4, 5, 6, 7, 8, 9, 10, 11, 12, 13, 14, 15, 16, 17, 18, 19, 20, 21, 22, 23, 24, 25, 26, 27, 28, 29, 30, 31, 32 ]:
 Order := 263130836933693530167218012160000000 > |
[ 12, 24, 4, 20, 28, 16, 15, 32, 3, 30, 7, 8, 17, 11, 29, 2, 23, 31, 26, 25, 22, 1, 9, 18, 13, 14, 19, 21, 27, 6, 10, 5 ],
[ 26, 19, 30, 28, 15, 14, 10, 27, 22, 7, 21, 17, 24, 6, 5, 23, 12, 29, 2, 31, 11, 9, 16, 13, 32, 1, 8, 4, 18, 3, 20, 25 ],
[ 9, 23, 22, 30, 25, 3, 21, 17, 16, 20, 6, 26, 32, 1, 10, 14, 24, 13, 8, 28, 4, 11, 12, 19, 31, 2, 18, 15, 5, 7, 29, 27 ]
]
];
s`SolvableDBMonodromyGroup := PermutationGroup<32 |  
\[ 2, 8, 7, 15, 10, 1, 20, 18, 11, 21, 4, 24, 19, 3, 25, 12, 26, 5, 23, 29, 6, 16, 14, 32, 27, 9, 17, 30, 13, 22, 28, 31 ],
\[ 3, 9, 1, 6, 13, 4, 22, 23, 2, 25, 16, 14, 5, 12, 30, 11, 18, 17, 32, 21, 20, 7, 8, 26, 10, 24, 31, 29, 28, 15, 27, 19 ],
\[ 4, 3, 12, 16, 17, 20, 1, 9, 24, 13, 2, 11, 28, 8, 6, 7, 31, 23, 5, 22, 25, 15, 32, 14, 30, 18, 10, 27, 21, 29, 19, 26 ] >;
s`SolvableDBAutomorphismGroup := PermutationGroup<32 |  
\[ 21, 6, 20, 25, 8, 10, 29, 1, 4, 18, 15, 22, 23, 7, 27, 30, 9, 2, 14, 13, 5, 28, 3, 16, 17, 11, 26, 32, 19, 31, 24, 12 ],
\[ 2, 8, 9, 3, 10, 1, 11, 18, 23, 21, 14, 24, 25, 26, 7, 12, 13, 5, 27, 4, 6, 16, 17, 32, 20, 19, 29, 30, 15, 22, 28, 31 ],
\[ 25, 27, 10, 30, 9, 15, 21, 17, 31, 11, 28, 13, 2, 5, 22, 29, 24, 26, 8, 6, 4, 20, 18, 19, 16, 32, 12, 3, 1, 7, 14, 23 ]:
 Order := 32 >;
s`SolvableDBPointedAutomorphismGroup := PermutationGroup<32 |  
\[ 8, 18, 23, 9, 21, 2, 14, 5, 17, 6, 26, 32, 20, 19, 11, 24, 25, 10, 29, 3, 1, 12, 13, 31, 4, 27, 15, 22, 7, 16, 30, 28 ],
\[ 6, 1, 4, 20, 18, 21, 15, 2, 3, 5, 7, 16, 17, 11, 29, 22, 23, 8, 26, 25, 10, 30, 9, 12, 13, 14, 19, 31, 27, 28, 32, 24 ]:
 Order := 8 >;
s`SolvableDBPathToPP1 := [ Strings() | "PP1", "2T1-2,1,2-g0-path1", "4T2-2,2,2-g0-path2", "8T4-2,2,4-g0-path2", "16T10-4,2,4-g1-path8", "32S9-8,2,4-g3-path10" ];
s`SolvableDBParents := [ Strings() | "64S8-8,4,4-g13-path58", "64S12-8,2,8-g9-path42", "64S6-8,4,8-g17-path99", "64S21-8,4,4-g13-path163", "64S6-8,2,8-g9-path99", "64S13-8,4,8-g17-path87", "64S38-16,2,4-g7-path20", "64S41-16,4,4-g15-path14", "64S42-16,2,8-g11-path14", "64S40-16,4,8-g19-path14", "64S41-16,2,4-g7-path14", "64S39-16,4,4-g15-path26", "64S40-16,2,8-g11-path14", "64S43-16,4,8-g19-path14", "64S8-8,2,4-g5-path36" ];
s`SolvableDBChild := "16T10-4,2,4-g1-path8";

/*
Return for eval
*/

return s;
