s := SolvableDBInitialize();

/*
Magma printing
*/

s`SolvableDBName := "32S9-8,2,4-g3-path5-notcomputed";
s`SolvableDBFilename := "32S9-8,2,4-g3-path5-notcomputed.m";
s`SolvableDBPassportName := "32S9-8,2,4-g3";
s`SolvableDBPathNumber := 5;
s`SolvableDBDegree := 32;
s`SolvableDBOrders := \[ 8, 2, 4 ];
s`SolvableDBType := "Hyperbolic";
s`SolvableDBGenus := 3;
s`SolvableDBGaloisOrbitSize := 1;
s`SolvableDBPassportSize := 1;
s`SolvableDBPointedPassportSize := 1;
s`SolvableDBLevel := 5;
s`SolvableDBBlocks := {@ PowerSet(IntegerRing()) |
{ IntegerRing() | 1, 5 },
{ IntegerRing() | 2, 11 },
{ IntegerRing() | 3, 10 },
{ IntegerRing() | 4, 7 },
{ IntegerRing() | 6, 14 },
{ IntegerRing() | 8, 19 },
{ IntegerRing() | 9, 12 },
{ IntegerRing() | 13, 15 },
{ IntegerRing() | 16, 22 },
{ IntegerRing() | 17, 27 },
{ IntegerRing() | 18, 20 },
{ IntegerRing() | 21, 23 },
{ IntegerRing() | 24, 30 },
{ IntegerRing() | 25, 32 },
{ IntegerRing() | 26, 28 },
{ IntegerRing() | 29, 31 }
@};
s`SolvableDBIsRamifiedAtEveryLevel := true;
s`SolvableDBGaloisOrbit := [ PowerSequence(PermutationGroup<32 |  
\[ 2, 3, 4, 5, 6, 7, 8, 9, 10, 11, 12, 13, 14, 15, 16, 17, 18, 19, 20, 21, 22, 23, 24, 25, 26, 27, 28, 29, 30, 31, 32, 1 ],
\[ 2, 1, 3, 4, 5, 6, 7, 8, 9, 10, 11, 12, 13, 14, 15, 16, 17, 18, 19, 20, 21, 22, 23, 24, 25, 26, 27, 28, 29, 30, 31, 32 ]:
 Order := 263130836933693530167218012160000000 >) |
[ PermutationGroup<32 |  
\[ 2, 3, 4, 5, 6, 7, 8, 9, 10, 11, 12, 13, 14, 15, 16, 17, 18, 19, 20, 21, 22, 23, 24, 25, 26, 27, 28, 29, 30, 31, 32, 1 ],
\[ 2, 1, 3, 4, 5, 6, 7, 8, 9, 10, 11, 12, 13, 14, 15, 16, 17, 18, 19, 20, 21, 22, 23, 24, 25, 26, 27, 28, 29, 30, 31, 32 ]:
 Order := 263130836933693530167218012160000000 > |
[ 11, 19, 7, 15, 2, 5, 13, 27, 3, 4, 8, 10, 23, 1, 21, 14, 32, 9, 17, 12, 31, 6, 29, 22, 30, 18, 25, 20, 26, 16, 28, 24 ],
[ 3, 9, 1, 14, 10, 7, 6, 18, 2, 5, 12, 11, 16, 4, 22, 13, 26, 8, 20, 19, 30, 15, 24, 23, 29, 17, 28, 27, 25, 21, 32, 31 ],
[ 4, 10, 2, 5, 7, 15, 1, 12, 8, 11, 3, 19, 6, 13, 14, 21, 20, 17, 9, 27, 22, 23, 16, 31, 28, 25, 18, 32, 24, 29, 30, 26 ]
]
];
s`SolvableDBPassport := [ PowerSequence(PermutationGroup<32 |  
\[ 11, 19, 7, 15, 2, 5, 13, 27, 3, 4, 8, 10, 23, 1, 21, 14, 32, 9, 17, 12, 31, 6, 29, 22, 30, 18, 25, 20, 26, 16, 28, 24 ],
\[ 3, 9, 1, 14, 10, 7, 6, 18, 2, 5, 12, 11, 16, 4, 22, 13, 26, 8, 20, 19, 30, 15, 24, 23, 29, 17, 28, 27, 25, 21, 32, 31 ],
\[ 4, 10, 2, 5, 7, 15, 1, 12, 8, 11, 3, 19, 6, 13, 14, 21, 20, 17, 9, 27, 22, 23, 16, 31, 28, 25, 18, 32, 24, 29, 30, 26 ]:
 Order := 32 >) |
[ PermutationGroup<32 |  
\[ 11, 19, 7, 15, 2, 5, 13, 27, 3, 4, 8, 10, 23, 1, 21, 14, 32, 9, 17, 12, 31, 6, 29, 22, 30, 18, 25, 20, 26, 16, 28, 24 ],
\[ 3, 9, 1, 14, 10, 7, 6, 18, 2, 5, 12, 11, 16, 4, 22, 13, 26, 8, 20, 19, 30, 15, 24, 23, 29, 17, 28, 27, 25, 21, 32, 31 ],
\[ 4, 10, 2, 5, 7, 15, 1, 12, 8, 11, 3, 19, 6, 13, 14, 21, 20, 17, 9, 27, 22, 23, 16, 31, 28, 25, 18, 32, 24, 29, 30, 26 ]:
 Order := 32 > |
[ 14, 5, 9, 10, 6, 22, 3, 11, 18, 12, 1, 20, 7, 16, 4, 30, 19, 26, 2, 28, 15, 24, 13, 32, 27, 29, 8, 31, 23, 25, 21, 17 ],
[ 15, 4, 19, 2, 13, 21, 11, 10, 27, 8, 7, 17, 5, 23, 1, 31, 12, 32, 3, 25, 6, 29, 14, 28, 20, 30, 9, 24, 22, 26, 16, 18 ],
[ 7, 3, 11, 1, 4, 13, 5, 9, 19, 2, 10, 8, 14, 15, 6, 23, 18, 27, 12, 17, 16, 21, 22, 29, 26, 32, 20, 25, 30, 31, 24, 28 ]
]
];
s`SolvableDBPointedPassport := [ PowerSequence(PermutationGroup<32 |  
\[ 2, 3, 4, 5, 6, 7, 8, 9, 10, 11, 12, 13, 14, 15, 16, 17, 18, 19, 20, 21, 22, 23, 24, 25, 26, 27, 28, 29, 30, 31, 32, 1 ],
\[ 2, 1, 3, 4, 5, 6, 7, 8, 9, 10, 11, 12, 13, 14, 15, 16, 17, 18, 19, 20, 21, 22, 23, 24, 25, 26, 27, 28, 29, 30, 31, 32 ]:
 Order := 263130836933693530167218012160000000 >) |
[ PermutationGroup<32 |  
\[ 2, 3, 4, 5, 6, 7, 8, 9, 10, 11, 12, 13, 14, 15, 16, 17, 18, 19, 20, 21, 22, 23, 24, 25, 26, 27, 28, 29, 30, 31, 32, 1 ],
\[ 2, 1, 3, 4, 5, 6, 7, 8, 9, 10, 11, 12, 13, 14, 15, 16, 17, 18, 19, 20, 21, 22, 23, 24, 25, 26, 27, 28, 29, 30, 31, 32 ]:
 Order := 263130836933693530167218012160000000 > |
[ 2, 8, 4, 13, 11, 1, 15, 17, 10, 7, 19, 3, 21, 5, 23, 6, 25, 12, 27, 9, 29, 14, 31, 16, 24, 20, 32, 18, 28, 22, 26, 30 ],
[ 29, 23, 25, 27, 31, 26, 17, 13, 24, 32, 21, 30, 8, 28, 19, 18, 7, 16, 15, 22, 11, 20, 2, 9, 3, 6, 4, 14, 1, 12, 5, 10 ],
[ 26, 29, 30, 25, 28, 18, 32, 23, 22, 24, 31, 16, 27, 20, 17, 9, 13, 14, 21, 6, 8, 12, 19, 3, 7, 5, 15, 1, 11, 10, 2, 4 ]
]
];
s`SolvableDBMonodromyGroup := PermutationGroup<32 |  
\[ 11, 19, 7, 15, 2, 5, 13, 27, 3, 4, 8, 10, 23, 1, 21, 14, 32, 9, 17, 12, 31, 6, 29, 22, 30, 18, 25, 20, 26, 16, 28, 24 ],
\[ 3, 9, 1, 14, 10, 7, 6, 18, 2, 5, 12, 11, 16, 4, 22, 13, 26, 8, 20, 19, 30, 15, 24, 23, 29, 17, 28, 27, 25, 21, 32, 31 ],
\[ 4, 10, 2, 5, 7, 15, 1, 12, 8, 11, 3, 19, 6, 13, 14, 21, 20, 17, 9, 27, 22, 23, 16, 31, 28, 25, 18, 32, 24, 29, 30, 26 ] >;
s`SolvableDBAutomorphismGroup := PermutationGroup<32 |  
\[ 30, 22, 21, 29, 24, 32, 31, 14, 15, 23, 16, 13, 28, 25, 26, 27, 5, 4, 6, 7, 18, 17, 20, 19, 11, 10, 1, 3, 12, 8, 9, 2 ],
\[ 29, 28, 25, 24, 31, 21, 30, 18, 27, 32, 26, 17, 16, 23, 22, 13, 12, 8, 20, 19, 6, 15, 14, 4, 3, 11, 9, 2, 1, 7, 5, 10 ]:
 Order := 32 >;
s`SolvableDBPointedAutomorphismGroup := PermutationGroup<32 |  
\[ 27, 32, 28, 18, 17, 19, 20, 30, 31, 26, 25, 29, 12, 8, 9, 11, 22, 21, 24, 23, 3, 2, 10, 5, 14, 15, 16, 13, 4, 1, 7, 6 ]:
 Order := 8 >;
s`SolvableDBPathToPP1 := [ Strings() | "PP1", "2T1-1,2,2-g0-path1-computed", "4T2-2,2,2-g0-path1-notcomputed", "8T4-4,2,2-g0-path1-notcomputed", "16T13-8,2,2-g0-path1-notcomputed", "32S9-8,2,4-g3-path5-notcomputed" ];
s`SolvableDBChild := "16T13-8,2,2-g0-path1-notcomputed";

/*
Return for eval
*/

return s;
