s := SolvableDBInitialize();

/*
Magma printing
*/

s`SolvableDBName := "32S9-4,2,8-g3-path5-notcomputed";
s`SolvableDBFilename := "32S9-4,2,8-g3-path5-notcomputed.m";
s`SolvableDBPassportName := "32S9-4,2,8-g3";
s`SolvableDBPathNumber := 5;
s`SolvableDBDegree := 32;
s`SolvableDBOrders := \[ 4, 2, 8 ];
s`SolvableDBType := "Hyperbolic";
s`SolvableDBGenus := 3;
s`SolvableDBGaloisOrbitSize := 1;
s`SolvableDBPassportSize := 1;
s`SolvableDBPointedPassportSize := 1;
s`SolvableDBLevel := 5;
s`SolvableDBBlocks := {@ PowerSet(IntegerRing()) |
{ IntegerRing() | 1, 5 },
{ IntegerRing() | 2, 6 },
{ IntegerRing() | 3, 8 },
{ IntegerRing() | 4, 14 },
{ IntegerRing() | 7, 10 },
{ IntegerRing() | 9, 12 },
{ IntegerRing() | 11, 15 },
{ IntegerRing() | 13, 17 },
{ IntegerRing() | 16, 19 },
{ IntegerRing() | 18, 21 },
{ IntegerRing() | 20, 23 },
{ IntegerRing() | 22, 25 },
{ IntegerRing() | 24, 27 },
{ IntegerRing() | 26, 29 },
{ IntegerRing() | 28, 31 },
{ IntegerRing() | 30, 32 }
@};
s`SolvableDBIsRamifiedAtEveryLevel := true;
s`SolvableDBGaloisOrbit := [ PowerSequence(PermutationGroup<32 |  
\[ 2, 3, 4, 5, 6, 7, 8, 9, 10, 11, 12, 13, 14, 15, 16, 17, 18, 19, 20, 21, 22, 23, 24, 25, 26, 27, 28, 29, 30, 31, 32, 1 ],
\[ 2, 1, 3, 4, 5, 6, 7, 8, 9, 10, 11, 12, 13, 14, 15, 16, 17, 18, 19, 20, 21, 22, 23, 24, 25, 26, 27, 28, 29, 30, 31, 32 ]:
 Order := 263130836933693530167218012160000000 >) |
[ PermutationGroup<32 |  
\[ 2, 3, 4, 5, 6, 7, 8, 9, 10, 11, 12, 13, 14, 15, 16, 17, 18, 19, 20, 21, 22, 23, 24, 25, 26, 27, 28, 29, 30, 31, 32, 1 ],
\[ 2, 1, 3, 4, 5, 6, 7, 8, 9, 10, 11, 12, 13, 14, 15, 16, 17, 18, 19, 20, 21, 22, 23, 24, 25, 26, 27, 28, 29, 30, 31, 32 ]:
 Order := 263130836933693530167218012160000000 > |
[ 6, 1, 7, 9, 2, 5, 8, 10, 14, 3, 19, 4, 21, 12, 16, 11, 18, 13, 15, 24, 17, 26, 27, 23, 29, 25, 20, 32, 22, 28, 30, 31 ],
[ 3, 4, 1, 2, 8, 14, 15, 5, 17, 11, 10, 13, 12, 6, 7, 20, 9, 22, 23, 16, 25, 18, 19, 31, 21, 32, 28, 27, 30, 29, 24, 26 ],
[ 4, 8, 11, 13, 14, 3, 1, 15, 2, 5, 20, 6, 22, 17, 23, 7, 25, 9, 10, 28, 12, 30, 31, 16, 32, 18, 19, 29, 21, 24, 26, 27 ]
]
];
s`SolvableDBPassport := [ PowerSequence(PermutationGroup<32 |  
\[ 6, 1, 7, 9, 2, 5, 8, 10, 14, 3, 19, 4, 21, 12, 16, 11, 18, 13, 15, 24, 17, 26, 27, 23, 29, 25, 20, 32, 22, 28, 30, 31 ],
\[ 3, 4, 1, 2, 8, 14, 15, 5, 17, 11, 10, 13, 12, 6, 7, 20, 9, 22, 23, 16, 25, 18, 19, 31, 21, 32, 28, 27, 30, 29, 24, 26 ],
\[ 4, 8, 11, 13, 14, 3, 1, 15, 2, 5, 20, 6, 22, 17, 23, 7, 25, 9, 10, 28, 12, 30, 31, 16, 32, 18, 19, 29, 21, 24, 26, 27 ]:
 Order := 32 >) |
[ PermutationGroup<32 |  
\[ 6, 1, 7, 9, 2, 5, 8, 10, 14, 3, 19, 4, 21, 12, 16, 11, 18, 13, 15, 24, 17, 26, 27, 23, 29, 25, 20, 32, 22, 28, 30, 31 ],
\[ 3, 4, 1, 2, 8, 14, 15, 5, 17, 11, 10, 13, 12, 6, 7, 20, 9, 22, 23, 16, 25, 18, 19, 31, 21, 32, 28, 27, 30, 29, 24, 26 ],
\[ 4, 8, 11, 13, 14, 3, 1, 15, 2, 5, 20, 6, 22, 17, 23, 7, 25, 9, 10, 28, 12, 30, 31, 16, 32, 18, 19, 29, 21, 24, 26, 27 ]:
 Order := 32 > |
[ 6, 1, 7, 9, 2, 5, 8, 10, 14, 3, 19, 4, 21, 12, 16, 11, 18, 13, 15, 24, 17, 26, 27, 23, 29, 25, 20, 32, 22, 28, 30, 31 ],
[ 3, 4, 1, 2, 8, 14, 15, 5, 17, 11, 10, 13, 12, 6, 7, 20, 9, 22, 23, 16, 25, 18, 19, 31, 21, 32, 28, 27, 30, 29, 24, 26 ],
[ 4, 8, 11, 13, 14, 3, 1, 15, 2, 5, 20, 6, 22, 17, 23, 7, 25, 9, 10, 28, 12, 30, 31, 16, 32, 18, 19, 29, 21, 24, 26, 27 ]
]
];
s`SolvableDBPointedPassport := [ PowerSequence(PermutationGroup<32 |  
\[ 2, 3, 4, 5, 6, 7, 8, 9, 10, 11, 12, 13, 14, 15, 16, 17, 18, 19, 20, 21, 22, 23, 24, 25, 26, 27, 28, 29, 30, 31, 32, 1 ],
\[ 2, 1, 3, 4, 5, 6, 7, 8, 9, 10, 11, 12, 13, 14, 15, 16, 17, 18, 19, 20, 21, 22, 23, 24, 25, 26, 27, 28, 29, 30, 31, 32 ]:
 Order := 263130836933693530167218012160000000 >) |
[ PermutationGroup<32 |  
\[ 2, 3, 4, 5, 6, 7, 8, 9, 10, 11, 12, 13, 14, 15, 16, 17, 18, 19, 20, 21, 22, 23, 24, 25, 26, 27, 28, 29, 30, 31, 32, 1 ],
\[ 2, 1, 3, 4, 5, 6, 7, 8, 9, 10, 11, 12, 13, 14, 15, 16, 17, 18, 19, 20, 21, 22, 23, 24, 25, 26, 27, 28, 29, 30, 31, 32 ]:
 Order := 263130836933693530167218012160000000 > |
[ 28, 30, 22, 23, 31, 32, 26, 25, 27, 29, 17, 24, 11, 20, 13, 21, 15, 16, 18, 4, 19, 8, 14, 9, 3, 10, 12, 5, 7, 6, 1, 2 ],
[ 23, 25, 17, 11, 20, 22, 28, 13, 30, 31, 4, 32, 8, 15, 14, 26, 3, 27, 29, 5, 24, 6, 1, 21, 2, 16, 18, 7, 19, 9, 10, 12 ],
[ 10, 12, 2, 5, 7, 9, 19, 6, 21, 16, 8, 18, 14, 1, 3, 27, 4, 29, 24, 15, 26, 17, 11, 32, 13, 28, 30, 23, 31, 25, 20, 22 ]
]
];
s`SolvableDBMonodromyGroup := PermutationGroup<32 |  
\[ 6, 1, 7, 9, 2, 5, 8, 10, 14, 3, 19, 4, 21, 12, 16, 11, 18, 13, 15, 24, 17, 26, 27, 23, 29, 25, 20, 32, 22, 28, 30, 31 ],
\[ 3, 4, 1, 2, 8, 14, 15, 5, 17, 11, 10, 13, 12, 6, 7, 20, 9, 22, 23, 16, 25, 18, 19, 31, 21, 32, 28, 27, 30, 29, 24, 26 ],
\[ 4, 8, 11, 13, 14, 3, 1, 15, 2, 5, 20, 6, 22, 17, 23, 7, 25, 9, 10, 28, 12, 30, 31, 16, 32, 18, 19, 29, 21, 24, 26, 27 ] >;
s`SolvableDBAutomorphismGroup := PermutationGroup<32 |  
\[ 6, 1, 14, 3, 2, 5, 12, 4, 7, 9, 17, 10, 11, 8, 13, 21, 15, 16, 18, 25, 19, 20, 22, 29, 23, 24, 26, 32, 27, 28, 30, 31 ],
\[ 14, 9, 6, 17, 4, 12, 5, 2, 18, 1, 3, 21, 25, 13, 8, 10, 22, 26, 7, 11, 29, 32, 15, 19, 30, 31, 16, 20, 28, 27, 23, 24 ]:
 Order := 32 >;
s`SolvableDBPointedAutomorphismGroup := PermutationGroup<32 |  
\[ 2, 5, 4, 8, 6, 1, 9, 14, 10, 12, 13, 7, 15, 3, 17, 18, 11, 19, 21, 22, 16, 23, 25, 26, 20, 27, 29, 30, 24, 31, 32, 28 ]:
 Order := 4 >;
s`SolvableDBPathToPP1 := [ Strings() | "PP1", "2T1-1,2,2-g0-path1-computed", "4T2-2,2,2-g0-path1-notcomputed", "8T4-2,2,4-g0-path1-notcomputed", "16T13-2,2,8-g0-path1-notcomputed", "32S9-4,2,8-g3-path5-notcomputed" ];
s`SolvableDBParents := [ Strings() | "64S12-8,2,8-g9-path4-notcomputed", "64S41-4,4,16-g15-path6-notcomputed", "64S40-8,4,16-g19-path3-notcomputed", "64S6-8,2,8-g9-path11-notcomputed", "64S39-4,4,16-g15-path10-notcomputed", "64S43-8,4,16-g19-path3-notcomputed", "64S38-4,2,16-g7-path5-notcomputed", "64S42-8,2,16-g11-path3-notcomputed", "64S8-4,4,8-g13-path10-notcomputed", "64S6-8,4,8-g17-path11-notcomputed", "64S41-4,2,16-g7-path3-notcomputed", "64S40-8,2,16-g11-path3-notcomputed", "64S21-4,4,8-g13-path22-notcomputed", "64S13-8,4,8-g17-path9-notcomputed", "64S8-4,2,8-g5-path5-notcomputed" ];
s`SolvableDBChild := "16T13-2,2,8-g0-path1-notcomputed";

/*
Return for eval
*/

return s;
