s := SolvableDBObjectInitialize();

/*
Basic Information about the Passport
*/

s`SolvableDBName := "32S9-4,2,8-g3-path13";
s`SolvableDBFilename := "32S9-4,2,8-g3-path13.m";
s`SolvableDBPathNumber := 13;
s`SolvableDBDegree := 32;
s`SolvableDBABC := \[ 4, 2, 8 ];
s`SolvableDBType := "Hyperbolic";
s`SolvableDBGenus := 3;
s`SolvableDBGaloisOrbitSize := 1;
s`SolvableDBPassportSize := 1;
s`SolvableDBPointedPassportSize := 1;
s`SolvableDBLevel := 5;
s`SolvableDBBlocks := {@ PowerSet(IntegerRing()) |
{ IntegerRing() | 1, 5 },
{ IntegerRing() | 2, 11 },
{ IntegerRing() | 3, 10 },
{ IntegerRing() | 4, 19 },
{ IntegerRing() | 6, 17 },
{ IntegerRing() | 7, 13 },
{ IntegerRing() | 8, 25 },
{ IntegerRing() | 9, 24 },
{ IntegerRing() | 12, 27 },
{ IntegerRing() | 14, 29 },
{ IntegerRing() | 15, 26 },
{ IntegerRing() | 16, 28 },
{ IntegerRing() | 18, 30 },
{ IntegerRing() | 20, 23 },
{ IntegerRing() | 21, 31 },
{ IntegerRing() | 22, 32 }
@};

/*
Permutations and Passports
*/

s`SolvableDBGaloisOrbit := [ PowerSequence(PermutationGroup<32 |  
\[ 2, 3, 4, 5, 6, 7, 8, 9, 10, 11, 12, 13, 14, 15, 16, 17, 18, 19, 20, 21, 22, 23, 24, 25, 26, 27, 28, 29, 30, 31, 32, 1 ],
\[ 2, 1, 3, 4, 5, 6, 7, 8, 9, 10, 11, 12, 13, 14, 15, 16, 17, 18, 19, 20, 21, 22, 23, 24, 25, 26, 27, 28, 29, 30, 31, 32 ]:
 Order := 263130836933693530167218012160000000 >) |
[ PermutationGroup<32 |  
\[ 2, 3, 4, 5, 6, 7, 8, 9, 10, 11, 12, 13, 14, 15, 16, 17, 18, 19, 20, 21, 22, 23, 24, 25, 26, 27, 28, 29, 30, 31, 32, 1 ],
\[ 2, 1, 3, 4, 5, 6, 7, 8, 9, 10, 11, 12, 13, 14, 15, 16, 17, 18, 19, 20, 21, 22, 23, 24, 25, 26, 27, 28, 29, 30, 31, 32 ]:
 Order := 263130836933693530167218012160000000 > |
[ 11, 25, 7, 28, 2, 5, 23, 17, 12, 13, 8, 19, 20, 30, 10, 9, 1, 31, 16, 15, 22, 14, 26, 27, 6, 3, 4, 24, 18, 21, 32, 29 ],
[ 3, 9, 1, 17, 10, 19, 21, 23, 2, 5, 24, 30, 31, 26, 29, 22, 4, 27, 6, 25, 7, 16, 8, 11, 20, 14, 18, 32, 15, 12, 13, 28 ],
[ 4, 10, 14, 18, 19, 20, 1, 24, 22, 29, 3, 2, 5, 16, 25, 6, 23, 15, 30, 31, 12, 7, 21, 32, 9, 8, 11, 17, 28, 26, 27, 13 ]
]
];
s`SolvableDBPassport := [ PowerSequence(PermutationGroup<32 |  
\[ 11, 25, 7, 28, 2, 5, 23, 17, 12, 13, 8, 19, 20, 30, 10, 9, 1, 31, 16, 15, 22, 14, 26, 27, 6, 3, 4, 24, 18, 21, 32, 29 ],
\[ 3, 9, 1, 17, 10, 19, 21, 23, 2, 5, 24, 30, 31, 26, 29, 22, 4, 27, 6, 25, 7, 16, 8, 11, 20, 14, 18, 32, 15, 12, 13, 28 ],
\[ 4, 10, 14, 18, 19, 20, 1, 24, 22, 29, 3, 2, 5, 16, 25, 6, 23, 15, 30, 31, 12, 7, 21, 32, 9, 8, 11, 17, 28, 26, 27, 13 ]:
 Order := 32 >) |
[ PermutationGroup<32 |  
\[ 11, 25, 7, 28, 2, 5, 23, 17, 12, 13, 8, 19, 20, 30, 10, 9, 1, 31, 16, 15, 22, 14, 26, 27, 6, 3, 4, 24, 18, 21, 32, 29 ],
\[ 3, 9, 1, 17, 10, 19, 21, 23, 2, 5, 24, 30, 31, 26, 29, 22, 4, 27, 6, 25, 7, 16, 8, 11, 20, 14, 18, 32, 15, 12, 13, 28 ],
\[ 4, 10, 14, 18, 19, 20, 1, 24, 22, 29, 3, 2, 5, 16, 25, 6, 23, 15, 30, 31, 12, 7, 21, 32, 9, 8, 11, 17, 28, 26, 27, 13 ]:
 Order := 32 > |
[ 11, 25, 7, 28, 2, 5, 23, 17, 12, 13, 8, 19, 20, 30, 10, 9, 1, 31, 16, 15, 22, 14, 26, 27, 6, 3, 4, 24, 18, 21, 32, 29 ],
[ 3, 9, 1, 17, 10, 19, 21, 23, 2, 5, 24, 30, 31, 26, 29, 22, 4, 27, 6, 25, 7, 16, 8, 11, 20, 14, 18, 32, 15, 12, 13, 28 ],
[ 4, 10, 14, 18, 19, 20, 1, 24, 22, 29, 3, 2, 5, 16, 25, 6, 23, 15, 30, 31, 12, 7, 21, 32, 9, 8, 11, 17, 28, 26, 27, 13 ]
]
];
s`SolvableDBPointedPassport := [ PowerSequence(PermutationGroup<32 |  
\[ 11, 25, 7, 28, 2, 5, 23, 17, 12, 13, 8, 19, 20, 30, 10, 9, 1, 31, 16, 15, 22, 14, 26, 27, 6, 3, 4, 24, 18, 21, 32, 29 ],
\[ 3, 9, 1, 17, 10, 19, 21, 23, 2, 5, 24, 30, 31, 26, 29, 22, 4, 27, 6, 25, 7, 16, 8, 11, 20, 14, 18, 32, 15, 12, 13, 28 ],
\[ 4, 10, 14, 18, 19, 20, 1, 24, 22, 29, 3, 2, 5, 16, 25, 6, 23, 15, 30, 31, 12, 7, 21, 32, 9, 8, 11, 17, 28, 26, 27, 13 ]:
 Order := 32 >) |
[ PermutationGroup<32 |  
\[ 11, 25, 7, 28, 2, 5, 23, 17, 12, 13, 8, 19, 20, 30, 10, 9, 1, 31, 16, 15, 22, 14, 26, 27, 6, 3, 4, 24, 18, 21, 32, 29 ],
\[ 3, 9, 1, 17, 10, 19, 21, 23, 2, 5, 24, 30, 31, 26, 29, 22, 4, 27, 6, 25, 7, 16, 8, 11, 20, 14, 18, 32, 15, 12, 13, 28 ],
\[ 4, 10, 14, 18, 19, 20, 1, 24, 22, 29, 3, 2, 5, 16, 25, 6, 23, 15, 30, 31, 12, 7, 21, 32, 9, 8, 11, 17, 28, 26, 27, 13 ]:
 Order := 32 > |
[ 26, 16, 17, 8, 15, 12, 30, 7, 5, 6, 28, 14, 18, 23, 32, 21, 27, 24, 25, 2, 3, 19, 11, 1, 13, 22, 29, 31, 20, 9, 10, 4 ],
[ 11, 25, 7, 28, 2, 5, 23, 17, 12, 13, 8, 19, 20, 30, 10, 9, 1, 31, 16, 15, 22, 14, 26, 27, 6, 3, 4, 24, 18, 21, 32, 29 ],
[ 28, 13, 30, 31, 16, 15, 11, 27, 14, 18, 7, 25, 2, 9, 6, 5, 26, 10, 21, 32, 19, 23, 22, 29, 12, 17, 8, 1, 24, 3, 4, 20 ]
]
];
s`SolvableDBMonodromyGroup := PermutationGroup<32 |  
\[ 11, 25, 7, 28, 2, 5, 23, 17, 12, 13, 8, 19, 20, 30, 10, 9, 1, 31, 16, 15, 22, 14, 26, 27, 6, 3, 4, 24, 18, 21, 32, 29 ],
\[ 3, 9, 1, 17, 10, 19, 21, 23, 2, 5, 24, 30, 31, 26, 29, 22, 4, 27, 6, 25, 7, 16, 8, 11, 20, 14, 18, 32, 15, 12, 13, 28 ],
\[ 4, 10, 14, 18, 19, 20, 1, 24, 22, 29, 3, 2, 5, 16, 25, 6, 23, 15, 30, 31, 12, 7, 21, 32, 9, 8, 11, 17, 28, 26, 27, 13 ] >;
s`SolvableDBAutomorphismGroup := PermutationGroup<32 |  
\[ 17, 5, 4, 23, 6, 25, 28, 11, 10, 19, 1, 13, 16, 18, 12, 15, 8, 21, 20, 9, 32, 29, 24, 3, 2, 27, 7, 26, 30, 31, 22, 14 ],
\[ 24, 12, 11, 32, 9, 16, 8, 4, 30, 2, 27, 21, 25, 3, 5, 14, 28, 13, 22, 6, 23, 26, 17, 18, 19, 1, 31, 29, 10, 7, 20, 15 ]:
 Order := 32 >;
s`SolvableDBPointedAutomorphismGroup := PermutationGroup<32 |  
\[ 11, 25, 24, 3, 2, 5, 27, 17, 20, 9, 8, 15, 12, 32, 16, 13, 1, 14, 10, 19, 18, 31, 4, 23, 6, 28, 26, 7, 22, 29, 30, 21 ]:
 Order := 4 >;

/*
Top Level Belyi Curve/Map
*/


/*
Graph Data
*/

s`SolvableDBPathToPP1 := [ Strings() | "PP1", "2T1-2,1,2-g0-path1", "4T2-2,2,2-g0-path2", "8T4-2,2,4-g0-path2", "16T12-4,2,8-g2-path2", "32S9-4,2,8-g3-path13" ];
s`SolvableDBChildren := [ Strings() | "16T12-4,2,8-g2-path2" ];

/*
Return for eval
*/

return s;
