s := SolvablePassportDBInitialize();

/*
Magma printing
*/

s`Filename := "64S14-8,8,4-g17.m";
s`GaloisOrbits := [ Strings() | "64S14-8,8,4-g17-path6.m", "64S14-8,8,4-g17-path5.m", "64S14-8,8,4-g17-path4.m", "64S14-8,8,4-g17-path3.m", "64S14-8,8,4-g17-path7.m", "64S14-8,8,4-g17-path35.m", "64S14-8,8,4-g17-path36.m", "64S14-8,8,4-g17-path2.m", "64S14-8,8,4-g17-path37.m", "64S14-8,8,4-g17-path38.m", "64S14-8,8,4-g17-path39.m", "64S14-8,8,4-g17-path40.m", "64S14-8,8,4-g17-path42.m", "64S14-8,8,4-g17-path43.m", "64S14-8,8,4-g17-path44.m", "64S14-8,8,4-g17-path45.m", "64S14-8,8,4-g17-path8.m", "64S14-8,8,4-g17-path9.m", "64S14-8,8,4-g17-path10.m", "64S14-8,8,4-g17-path11.m", "64S14-8,8,4-g17-path12.m", "64S14-8,8,4-g17-path13.m", "64S14-8,8,4-g17-path34.m", "64S14-8,8,4-g17-path33.m", "64S14-8,8,4-g17-path32.m", "64S14-8,8,4-g17-path14.m", "64S14-8,8,4-g17-path31.m", "64S14-8,8,4-g17-path15.m", "64S14-8,8,4-g17-path30.m", "64S14-8,8,4-g17-path29.m", "64S14-8,8,4-g17-path28.m", "64S14-8,8,4-g17-path27.m", "64S14-8,8,4-g17-path26.m", "64S14-8,8,4-g17-path25.m", "64S14-8,8,4-g17-path24.m", "64S14-8,8,4-g17-path23.m", "64S14-8,8,4-g17-path22.m", "64S14-8,8,4-g17-path21.m", "64S14-8,8,4-g17-path20.m", "64S14-8,8,4-g17-path19.m", "64S14-8,8,4-g17-path18.m", "64S14-8,8,4-g17-path17.m", "64S14-8,8,4-g17-path16.m", "64S14-8,8,4-g17-path1.m", "64S14-8,8,4-g17-path41.m" ];
s`Name := "64S14-8,8,4-g17";
s`Passport := [ PowerSequence(PermutationGroup<64 |  
\[ 12, 29, 8, 61, 2, 5, 44, 53, 6, 14, 31, 9, 25, 27, 35, 20, 43, 15, 18, 41, 38, 1, 32, 21, 24, 16, 30, 46, 22, 42, 28, 62, 11, 59, 39, 23, 47, 48, 3, 51, 57, 40, 55, 63, 49, 7, 17, 4, 36, 60, 64, 45, 19, 52, 34, 50, 56, 37, 58, 26, 13, 54, 33, 10 ],
\[ 3, 10, 16, 22, 18, 27, 1, 36, 35, 17, 5, 42, 2, 52, 54, 14, 39, 56, 45, 38, 43, 51, 48, 6, 34, 4, 37, 9, 53, 62, 26, 46, 20, 7, 41, 44, 8, 12, 32, 23, 64, 59, 63, 57, 33, 50, 11, 47, 61, 13, 55, 25, 60, 31, 15, 40, 24, 28, 19, 30, 58, 21, 29, 49 ],
\[ 4, 11, 17, 23, 24, 28, 32, 1, 38, 41, 45, 7, 49, 2, 5, 31, 48, 59, 29, 3, 57, 63, 8, 52, 50, 53, 16, 54, 13, 6, 47, 40, 43, 51, 55, 64, 61, 62, 9, 12, 33, 60, 10, 34, 14, 58, 27, 20, 19, 18, 56, 15, 37, 30, 21, 44, 35, 42, 25, 46, 26, 39, 36, 22 ]:
 Order := 64 >) |
[ PermutationGroup<64 |  
\[ 12, 29, 8, 61, 2, 5, 44, 53, 6, 14, 31, 9, 25, 27, 35, 20, 43, 15, 18, 41, 38, 1, 32, 21, 24, 16, 30, 46, 22, 42, 28, 62, 11, 59, 39, 23, 47, 48, 3, 51, 57, 40, 55, 63, 49, 7, 17, 4, 36, 60, 64, 45, 19, 52, 34, 50, 56, 37, 58, 26, 13, 54, 33, 10 ],
\[ 3, 10, 16, 22, 18, 27, 1, 36, 35, 17, 5, 42, 2, 52, 54, 14, 39, 56, 45, 38, 43, 51, 48, 6, 34, 4, 37, 9, 53, 62, 26, 46, 20, 7, 41, 44, 8, 12, 32, 23, 64, 59, 63, 57, 33, 50, 11, 47, 61, 13, 55, 25, 60, 31, 15, 40, 24, 28, 19, 30, 58, 21, 29, 49 ],
\[ 4, 11, 17, 23, 24, 28, 32, 1, 38, 41, 45, 7, 49, 2, 5, 31, 48, 59, 29, 3, 57, 63, 8, 52, 50, 53, 16, 54, 13, 6, 47, 40, 43, 51, 55, 64, 61, 62, 9, 12, 33, 60, 10, 34, 14, 58, 27, 20, 19, 18, 56, 15, 37, 30, 21, 44, 35, 42, 25, 46, 26, 39, 36, 22 ]:
 Order := 64 > |
[ 12, 29, 8, 61, 2, 5, 44, 53, 6, 14, 31, 9, 25, 27, 35, 20, 43, 15, 18, 41, 38, 1, 32, 21, 24, 16, 30, 46, 22, 42, 28, 62, 11, 59, 39, 23, 47, 48, 3, 51, 57, 40, 55, 63, 49, 7, 17, 4, 36, 60, 64, 45, 19, 52, 34, 50, 56, 37, 58, 26, 13, 54, 33, 10 ],
[ 25, 46, 34, 54, 48, 44, 52, 6, 61, 50, 23, 33, 32, 1, 22, 7, 13, 47, 12, 19, 60, 31, 18, 36, 16, 15, 57, 49, 21, 29, 55, 10, 59, 14, 58, 27, 24, 45, 2, 5, 28, 20, 30, 37, 42, 17, 40, 56, 35, 39, 26, 3, 43, 51, 4, 11, 8, 64, 38, 63, 41, 53, 62, 9 ],
[ 15, 40, 50, 5, 8, 64, 2, 52, 19, 58, 12, 14, 9, 32, 23, 51, 18, 20, 62, 25, 37, 30, 24, 1, 17, 21, 34, 22, 39, 36, 56, 11, 60, 31, 26, 28, 35, 29, 49, 45, 42, 43, 46, 16, 7, 41, 44, 59, 38, 48, 47, 4, 57, 63, 53, 27, 61, 33, 3, 10, 55, 13, 6, 54 ]
]
];

/*
Return for eval
*/

return s;
