s := SolvablePassportDBInitialize();

/*
Magma printing
*/

s`Filename := "64S10-2,8,8-g9.m";
s`GaloisOrbits := [ Strings() | "64S10-2,8,8-g9-path1-notcomputed.m", "64S10-2,8,8-g9-path2-notcomputed.m", "64S10-2,8,8-g9-path3-notcomputed.m" ];
s`Name := "64S10-2,8,8-g9";
s`Passport := [ PowerSequence(PermutationGroup<64 |  
\[ 10, 5, 7, 32, 2, 30, 3, 12, 21, 1, 18, 8, 16, 17, 44, 13, 14, 11, 31, 29, 9, 33, 38, 25, 24, 28, 59, 26, 20, 6, 19, 4, 22, 47, 37, 40, 35, 23, 51, 36, 58, 43, 42, 15, 60, 53, 34, 52, 50, 49, 39, 48, 46, 55, 54, 57, 56, 41, 27, 45, 64, 63, 62, 61 ],
\[ 3, 8, 14, 10, 16, 1, 24, 20, 5, 28, 2, 25, 35, 9, 7, 23, 42, 44, 32, 4, 49, 30, 6, 54, 56, 37, 12, 34, 58, 59, 21, 40, 18, 11, 41, 13, 43, 57, 17, 51, 15, 62, 27, 46, 31, 19, 55, 29, 52, 26, 33, 22, 38, 36, 63, 50, 61, 64, 45, 47, 39, 53, 48, 60 ],
\[ 4, 9, 15, 19, 11, 22, 1, 27, 31, 6, 33, 2, 5, 39, 18, 36, 3, 34, 45, 48, 14, 51, 53, 12, 7, 10, 30, 50, 8, 23, 46, 20, 52, 60, 26, 32, 13, 16, 40, 54, 29, 37, 17, 41, 64, 62, 28, 49, 56, 21, 61, 63, 44, 47, 24, 38, 25, 35, 43, 59, 58, 55, 42, 57 ]:
 Order := 64 >) |
[ PermutationGroup<64 |  
\[ 10, 5, 7, 32, 2, 30, 3, 12, 21, 1, 18, 8, 16, 17, 44, 13, 14, 11, 31, 29, 9, 33, 38, 25, 24, 28, 59, 26, 20, 6, 19, 4, 22, 47, 37, 40, 35, 23, 51, 36, 58, 43, 42, 15, 60, 53, 34, 52, 50, 49, 39, 48, 46, 55, 54, 57, 56, 41, 27, 45, 64, 63, 62, 61 ],
\[ 3, 8, 14, 10, 16, 1, 24, 20, 5, 28, 2, 25, 35, 9, 7, 23, 42, 44, 32, 4, 49, 30, 6, 54, 56, 37, 12, 34, 58, 59, 21, 40, 18, 11, 41, 13, 43, 57, 17, 51, 15, 62, 27, 46, 31, 19, 55, 29, 52, 26, 33, 22, 38, 36, 63, 50, 61, 64, 45, 47, 39, 53, 48, 60 ],
\[ 4, 9, 15, 19, 11, 22, 1, 27, 31, 6, 33, 2, 5, 39, 18, 36, 3, 34, 45, 48, 14, 51, 53, 12, 7, 10, 30, 50, 8, 23, 46, 20, 52, 60, 26, 32, 13, 16, 40, 54, 29, 37, 17, 41, 64, 62, 28, 49, 56, 21, 61, 63, 44, 47, 24, 38, 25, 35, 43, 59, 58, 55, 42, 57 ]:
 Order := 64 > |
[ 61, 63, 45, 56, 62, 41, 60, 46, 54, 64, 43, 53, 48, 34, 27, 52, 47, 42, 24, 23, 55, 37, 20, 19, 31, 39, 15, 51, 38, 58, 25, 57, 35, 14, 33, 50, 22, 29, 26, 49, 6, 18, 11, 59, 3, 8, 17, 13, 40, 36, 28, 16, 12, 9, 21, 4, 32, 30, 44, 7, 1, 5, 2, 10 ],
[ 3, 8, 14, 10, 16, 1, 24, 20, 5, 28, 2, 25, 35, 9, 7, 23, 42, 44, 32, 4, 49, 30, 6, 54, 56, 37, 12, 34, 58, 59, 21, 40, 18, 11, 41, 13, 43, 57, 17, 51, 15, 62, 27, 46, 31, 19, 55, 29, 52, 26, 33, 22, 38, 36, 63, 50, 61, 64, 45, 47, 39, 53, 48, 60 ],
[ 57, 55, 59, 25, 42, 35, 64, 44, 24, 58, 37, 62, 63, 28, 43, 49, 60, 17, 7, 16, 47, 26, 8, 46, 45, 61, 41, 40, 53, 29, 12, 38, 13, 3, 51, 56, 52, 48, 50, 21, 23, 33, 34, 30, 1, 2, 39, 36, 32, 54, 10, 5, 27, 14, 31, 20, 19, 22, 18, 15, 6, 9, 11, 4 ]
]
];

/*
Return for eval
*/

return s;
