s := SolvablePassportDBInitialize();

/*
Magma printing
*/

s`Filename := "64S10-8,8,2-g9.m";
s`GaloisOrbits := [ Strings() | "64S10-8,8,2-g9-path1-notcomputed.m", "64S10-8,8,2-g9-path2-notcomputed.m", "64S10-8,8,2-g9-path3-notcomputed.m" ];
s`Name := "64S10-8,8,2-g9";
s`Passport := [ PowerSequence(PermutationGroup<64 |  
\[ 11, 23, 4, 35, 2, 5, 31, 6, 10, 24, 8, 57, 18, 15, 28, 13, 16, 42, 1, 32, 22, 62, 19, 30, 34, 27, 33, 40, 7, 29, 54, 56, 58, 52, 17, 25, 41, 21, 37, 39, 49, 3, 44, 59, 36, 55, 48, 51, 14, 47, 38, 20, 12, 9, 63, 45, 60, 53, 61, 26, 64, 50, 43, 46 ],
\[ 3, 9, 14, 19, 16, 21, 1, 26, 15, 5, 29, 2, 6, 38, 42, 39, 43, 45, 47, 4, 49, 8, 53, 20, 7, 28, 11, 54, 37, 46, 36, 10, 32, 12, 52, 13, 17, 63, 50, 60, 30, 64, 51, 35, 48, 18, 40, 23, 58, 61, 56, 22, 41, 44, 24, 27, 25, 59, 31, 55, 33, 34, 57, 62 ],
\[ 4, 10, 15, 1, 13, 22, 11, 27, 28, 2, 7, 23, 5, 21, 3, 37, 44, 36, 48, 35, 14, 6, 12, 32, 31, 40, 8, 9, 41, 55, 25, 24, 56, 57, 20, 18, 16, 43, 47, 26, 29, 46, 38, 17, 51, 42, 39, 19, 53, 64, 45, 62, 49, 59, 30, 33, 34, 61, 54, 63, 58, 52, 60, 50 ]:
 Order := 64 >) |
[ PermutationGroup<64 |  
\[ 11, 23, 4, 35, 2, 5, 31, 6, 10, 24, 8, 57, 18, 15, 28, 13, 16, 42, 1, 32, 22, 62, 19, 30, 34, 27, 33, 40, 7, 29, 54, 56, 58, 52, 17, 25, 41, 21, 37, 39, 49, 3, 44, 59, 36, 55, 48, 51, 14, 47, 38, 20, 12, 9, 63, 45, 60, 53, 61, 26, 64, 50, 43, 46 ],
\[ 3, 9, 14, 19, 16, 21, 1, 26, 15, 5, 29, 2, 6, 38, 42, 39, 43, 45, 47, 4, 49, 8, 53, 20, 7, 28, 11, 54, 37, 46, 36, 10, 32, 12, 52, 13, 17, 63, 50, 60, 30, 64, 51, 35, 48, 18, 40, 23, 58, 61, 56, 22, 41, 44, 24, 27, 25, 59, 31, 55, 33, 34, 57, 62 ],
\[ 4, 10, 15, 1, 13, 22, 11, 27, 28, 2, 7, 23, 5, 21, 3, 37, 44, 36, 48, 35, 14, 6, 12, 32, 31, 40, 8, 9, 41, 55, 25, 24, 56, 57, 20, 18, 16, 43, 47, 26, 29, 46, 38, 17, 51, 42, 39, 19, 53, 64, 45, 62, 49, 59, 30, 33, 34, 61, 54, 63, 58, 52, 60, 50 ]:
 Order := 64 > |
[ 11, 23, 4, 35, 2, 5, 31, 6, 10, 24, 8, 57, 18, 15, 28, 13, 16, 42, 1, 32, 22, 62, 19, 30, 34, 27, 33, 40, 7, 29, 54, 56, 58, 52, 17, 25, 41, 21, 37, 39, 49, 3, 44, 59, 36, 55, 48, 51, 14, 47, 38, 20, 12, 9, 63, 45, 60, 53, 61, 26, 64, 50, 43, 46 ],
[ 57, 62, 25, 55, 33, 31, 63, 35, 34, 61, 51, 64, 59, 7, 12, 32, 11, 41, 24, 60, 36, 44, 18, 40, 38, 52, 43, 22, 56, 23, 49, 50, 39, 42, 28, 58, 27, 1, 10, 4, 48, 2, 29, 26, 30, 53, 20, 46, 13, 5, 37, 54, 45, 8, 47, 17, 14, 6, 21, 19, 16, 15, 3, 9 ],
[ 60, 50, 34, 63, 58, 54, 43, 17, 52, 64, 38, 46, 61, 31, 57, 56, 8, 49, 30, 26, 25, 59, 42, 39, 21, 20, 44, 62, 45, 19, 14, 47, 37, 3, 40, 53, 33, 11, 24, 35, 51, 23, 7, 27, 29, 12, 32, 55, 18, 2, 41, 9, 36, 6, 48, 16, 15, 5, 22, 1, 13, 28, 4, 10 ]
]
];

/*
Return for eval
*/

return s;
