s := SolvablePassportDBInitialize();

/*
Magma printing
*/

s`Filename := "64S10-8,2,8-g9.m";
s`GaloisOrbits := [ Strings() | "64S10-8,2,8-g9-path2-notcomputed.m", "64S10-8,2,8-g9-path3-notcomputed.m", "64S10-8,2,8-g9-path1-notcomputed.m" ];
s`Name := "64S10-8,2,8-g9";
s`Passport := [ PowerSequence(PermutationGroup<64 |  
\[ 11, 28, 7, 41, 2, 5, 36, 54, 12, 13, 8, 61, 23, 56, 10, 27, 1, 57, 16, 19, 33, 17, 29, 25, 45, 62, 30, 26, 64, 34, 49, 38, 3, 59, 14, 53, 18, 24, 32, 42, 9, 35, 15, 6, 31, 4, 22, 46, 39, 43, 20, 44, 60, 58, 48, 37, 40, 47, 51, 63, 55, 52, 21, 50 ],
\[ 3, 9, 1, 17, 10, 19, 24, 23, 2, 5, 27, 35, 37, 33, 32, 40, 4, 46, 6, 25, 44, 43, 8, 7, 20, 34, 11, 36, 45, 39, 41, 15, 14, 26, 12, 28, 13, 55, 30, 16, 31, 50, 22, 21, 29, 18, 51, 52, 63, 42, 47, 48, 57, 61, 38, 59, 53, 60, 56, 58, 54, 64, 49, 62 ],
\[ 4, 10, 14, 18, 19, 21, 1, 27, 31, 32, 3, 2, 5, 12, 22, 6, 43, 13, 25, 47, 49, 51, 37, 55, 7, 36, 40, 9, 8, 11, 29, 30, 44, 39, 50, 24, 59, 15, 63, 53, 17, 16, 42, 48, 20, 52, 60, 38, 41, 62, 56, 64, 28, 23, 54, 33, 46, 61, 26, 57, 35, 34, 58, 45 ]:
 Order := 64 >) |
[ PermutationGroup<64 |  
\[ 11, 28, 7, 41, 2, 5, 36, 54, 12, 13, 8, 61, 23, 56, 10, 27, 1, 57, 16, 19, 33, 17, 29, 25, 45, 62, 30, 26, 64, 34, 49, 38, 3, 59, 14, 53, 18, 24, 32, 42, 9, 35, 15, 6, 31, 4, 22, 46, 39, 43, 20, 44, 60, 58, 48, 37, 40, 47, 51, 63, 55, 52, 21, 50 ],
\[ 3, 9, 1, 17, 10, 19, 24, 23, 2, 5, 27, 35, 37, 33, 32, 40, 4, 46, 6, 25, 44, 43, 8, 7, 20, 34, 11, 36, 45, 39, 41, 15, 14, 26, 12, 28, 13, 55, 30, 16, 31, 50, 22, 21, 29, 18, 51, 52, 63, 42, 47, 48, 57, 61, 38, 59, 53, 60, 56, 58, 54, 64, 49, 62 ],
\[ 4, 10, 14, 18, 19, 21, 1, 27, 31, 32, 3, 2, 5, 12, 22, 6, 43, 13, 25, 47, 49, 51, 37, 55, 7, 36, 40, 9, 8, 11, 29, 30, 44, 39, 50, 24, 59, 15, 63, 53, 17, 16, 42, 48, 20, 52, 60, 38, 41, 62, 56, 64, 28, 23, 54, 33, 46, 61, 26, 57, 35, 34, 58, 45 ]:
 Order := 64 > |
[ 17, 5, 33, 46, 6, 44, 3, 11, 41, 15, 1, 9, 10, 35, 43, 19, 22, 37, 20, 51, 63, 47, 13, 38, 24, 28, 16, 2, 23, 27, 45, 39, 21, 30, 42, 7, 56, 32, 49, 57, 4, 40, 50, 52, 25, 48, 58, 55, 31, 64, 59, 62, 36, 8, 61, 14, 18, 54, 34, 53, 12, 26, 60, 29 ],
[ 55, 50, 40, 14, 59, 53, 47, 20, 24, 31, 63, 44, 52, 4, 54, 62, 29, 43, 32, 8, 25, 30, 35, 9, 21, 33, 37, 46, 17, 22, 10, 19, 26, 45, 23, 39, 27, 64, 36, 3, 58, 51, 18, 12, 34, 28, 7, 49, 48, 2, 42, 13, 6, 15, 1, 60, 61, 41, 5, 56, 57, 16, 11, 38 ],
[ 63, 46, 47, 58, 50, 59, 39, 15, 44, 52, 20, 57, 35, 60, 31, 37, 55, 61, 62, 32, 26, 29, 17, 21, 34, 16, 22, 33, 38, 45, 48, 64, 40, 5, 4, 6, 43, 9, 19, 51, 24, 23, 54, 53, 10, 14, 30, 28, 36, 18, 8, 12, 56, 41, 49, 27, 3, 7, 42, 11, 1, 13, 25, 2 ]
]
];

/*
Return for eval
*/

return s;
