s := SolvablePassportDBInitialize();

/*
Magma printing
*/

s`Filename := "64S15-8,8,8-g21.m";
s`GaloisOrbits := [ Strings() | "64S15-8,8,8-g21-path42.m", "64S15-8,8,8-g21-path7.m", "64S15-8,8,8-g21-path15.m", "64S15-8,8,8-g21-path29.m", "64S15-8,8,8-g21-path13.m", "64S15-8,8,8-g21-path36.m", "64S15-8,8,8-g21-path19.m", "64S15-8,8,8-g21-path28.m", "64S15-8,8,8-g21-path3.m", "64S15-8,8,8-g21-path40.m", "64S15-8,8,8-g21-path37.m", "64S15-8,8,8-g21-path11.m", "64S15-8,8,8-g21-path22.m", "64S15-8,8,8-g21-path41.m", "64S15-8,8,8-g21-path39.m", "64S15-8,8,8-g21-path38.m", "64S15-8,8,8-g21-path5.m", "64S15-8,8,8-g21-path31.m" ];
s`Name := "64S15-8,8,8-g21";
s`Passport := [ PowerSequence(PermutationGroup<64 |  
\[ 2, 9, 8, 19, 11, 1, 31, 35, 39, 13, 14, 44, 46, 18, 20, 26, 3, 42, 12, 37, 55, 4, 34, 5, 17, 48, 30, 33, 6, 10, 16, 47, 7, 24, 40, 38, 45, 32, 64, 59, 43, 23, 54, 41, 62, 57, 50, 49, 28, 56, 15, 53, 36, 22, 27, 52, 21, 29, 61, 51, 25, 63, 60, 58 ],
\[ 3, 10, 14, 6, 16, 27, 1, 36, 35, 18, 41, 2, 20, 48, 17, 9, 52, 54, 38, 22, 24, 53, 4, 12, 5, 62, 11, 29, 25, 51, 37, 33, 15, 7, 42, 49, 8, 30, 46, 32, 39, 28, 56, 47, 19, 23, 13, 64, 60, 31, 43, 26, 55, 58, 63, 57, 45, 21, 34, 61, 50, 40, 44, 59 ],
\[ 4, 7, 15, 20, 21, 28, 32, 1, 12, 38, 25, 45, 2, 27, 30, 50, 29, 3, 23, 33, 56, 18, 35, 59, 60, 5, 53, 36, 54, 6, 34, 19, 42, 46, 37, 22, 13, 8, 16, 9, 63, 10, 11, 24, 31, 47, 40, 52, 14, 44, 49, 43, 17, 51, 58, 61, 39, 48, 62, 55, 64, 57, 26, 41 ]:
 Order := 64 >) |
[ PermutationGroup<64 |  
\[ 2, 9, 8, 19, 11, 1, 31, 35, 39, 13, 14, 44, 46, 18, 20, 26, 3, 42, 12, 37, 55, 4, 34, 5, 17, 48, 30, 33, 6, 10, 16, 47, 7, 24, 40, 38, 45, 32, 64, 59, 43, 23, 54, 41, 62, 57, 50, 49, 28, 56, 15, 53, 36, 22, 27, 52, 21, 29, 61, 51, 25, 63, 60, 58 ],
\[ 3, 10, 14, 6, 16, 27, 1, 36, 35, 18, 41, 2, 20, 48, 17, 9, 52, 54, 38, 22, 24, 53, 4, 12, 5, 62, 11, 29, 25, 51, 37, 33, 15, 7, 42, 49, 8, 30, 46, 32, 39, 28, 56, 47, 19, 23, 13, 64, 60, 31, 43, 26, 55, 58, 63, 57, 45, 21, 34, 61, 50, 40, 44, 59 ],
\[ 4, 7, 15, 20, 21, 28, 32, 1, 12, 38, 25, 45, 2, 27, 30, 50, 29, 3, 23, 33, 56, 18, 35, 59, 60, 5, 53, 36, 54, 6, 34, 19, 42, 46, 37, 22, 13, 8, 16, 9, 63, 10, 11, 24, 31, 47, 40, 52, 14, 44, 49, 43, 17, 51, 58, 61, 39, 48, 62, 55, 64, 57, 26, 41 ]:
 Order := 64 > |
[ 4, 7, 15, 20, 21, 28, 32, 1, 12, 38, 25, 45, 2, 27, 30, 50, 29, 3, 23, 33, 56, 18, 35, 59, 60, 5, 53, 36, 54, 6, 34, 19, 42, 46, 37, 22, 13, 8, 16, 9, 63, 10, 11, 24, 31, 47, 40, 52, 14, 44, 49, 43, 17, 51, 58, 61, 39, 48, 62, 55, 64, 57, 26, 41 ],
[ 2, 9, 8, 19, 11, 1, 31, 35, 39, 13, 14, 44, 46, 18, 20, 26, 3, 42, 12, 37, 55, 4, 34, 5, 17, 48, 30, 33, 6, 10, 16, 47, 7, 24, 40, 38, 45, 32, 64, 59, 43, 23, 54, 41, 62, 57, 50, 49, 28, 56, 15, 53, 36, 22, 27, 52, 21, 29, 61, 51, 25, 63, 60, 58 ],
[ 3, 10, 14, 6, 16, 27, 1, 36, 35, 18, 41, 2, 20, 48, 17, 9, 52, 54, 38, 22, 24, 53, 4, 12, 5, 62, 11, 29, 25, 51, 37, 33, 15, 7, 42, 49, 8, 30, 46, 32, 39, 28, 56, 47, 19, 23, 13, 64, 60, 31, 43, 26, 55, 58, 63, 57, 45, 21, 34, 61, 50, 40, 44, 59 ]
],
[ PermutationGroup<64 |  
\[ 2, 9, 8, 19, 11, 1, 31, 35, 39, 13, 14, 44, 46, 18, 20, 26, 3, 42, 12, 37, 55, 4, 34, 5, 17, 48, 30, 33, 6, 10, 16, 47, 7, 24, 40, 38, 45, 32, 64, 59, 43, 23, 54, 41, 62, 57, 50, 49, 28, 56, 15, 53, 36, 22, 27, 52, 21, 29, 61, 51, 25, 63, 60, 58 ],
\[ 3, 10, 14, 6, 16, 27, 1, 36, 35, 18, 41, 2, 20, 48, 17, 9, 52, 54, 38, 22, 24, 53, 4, 12, 5, 62, 11, 29, 25, 51, 37, 33, 15, 7, 42, 49, 8, 30, 46, 32, 39, 28, 56, 47, 19, 23, 13, 64, 60, 31, 43, 26, 55, 58, 63, 57, 45, 21, 34, 61, 50, 40, 44, 59 ],
\[ 4, 7, 15, 20, 21, 28, 32, 1, 12, 38, 25, 45, 2, 27, 30, 50, 29, 3, 23, 33, 56, 18, 35, 59, 60, 5, 53, 36, 54, 6, 34, 19, 42, 46, 37, 22, 13, 8, 16, 9, 63, 10, 11, 24, 31, 47, 40, 52, 14, 44, 49, 43, 17, 51, 58, 61, 39, 48, 62, 55, 64, 57, 26, 41 ]:
 Order := 64 > |
[ 12, 16, 37, 45, 27, 7, 50, 9, 41, 47, 3, 63, 39, 10, 13, 52, 1, 35, 24, 31, 53, 23, 59, 25, 15, 14, 38, 32, 4, 2, 5, 44, 34, 21, 62, 19, 57, 40, 48, 64, 51, 46, 18, 11, 26, 56, 61, 36, 42, 43, 33, 22, 8, 20, 6, 17, 58, 28, 60, 30, 29, 55, 49, 54 ],
[ 2, 9, 8, 19, 11, 1, 31, 35, 39, 13, 14, 44, 46, 18, 20, 26, 3, 42, 12, 37, 55, 4, 34, 5, 17, 48, 30, 33, 6, 10, 16, 47, 7, 24, 40, 38, 45, 32, 64, 59, 43, 23, 54, 41, 62, 57, 50, 49, 28, 56, 15, 53, 36, 22, 27, 52, 21, 29, 61, 51, 25, 63, 60, 58 ],
[ 25, 27, 5, 58, 7, 21, 29, 52, 3, 11, 12, 6, 51, 16, 61, 1, 50, 41, 53, 43, 23, 56, 54, 4, 34, 37, 24, 64, 59, 63, 15, 49, 60, 28, 14, 26, 17, 55, 10, 36, 2, 48, 47, 38, 22, 18, 30, 9, 62, 33, 44, 31, 57, 39, 45, 13, 20, 46, 42, 40, 32, 8, 19, 35 ]
],
[ PermutationGroup<64 |  
\[ 2, 9, 8, 19, 11, 1, 31, 35, 39, 13, 14, 44, 46, 18, 20, 26, 3, 42, 12, 37, 55, 4, 34, 5, 17, 48, 30, 33, 6, 10, 16, 47, 7, 24, 40, 38, 45, 32, 64, 59, 43, 23, 54, 41, 62, 57, 50, 49, 28, 56, 15, 53, 36, 22, 27, 52, 21, 29, 61, 51, 25, 63, 60, 58 ],
\[ 3, 10, 14, 6, 16, 27, 1, 36, 35, 18, 41, 2, 20, 48, 17, 9, 52, 54, 38, 22, 24, 53, 4, 12, 5, 62, 11, 29, 25, 51, 37, 33, 15, 7, 42, 49, 8, 30, 46, 32, 39, 28, 56, 47, 19, 23, 13, 64, 60, 31, 43, 26, 55, 58, 63, 57, 45, 21, 34, 61, 50, 40, 44, 59 ],
\[ 4, 7, 15, 20, 21, 28, 32, 1, 12, 38, 25, 45, 2, 27, 30, 50, 29, 3, 23, 33, 56, 18, 35, 59, 60, 5, 53, 36, 54, 6, 34, 19, 42, 46, 37, 22, 13, 8, 16, 9, 63, 10, 11, 24, 31, 47, 40, 52, 14, 44, 49, 43, 17, 51, 58, 61, 39, 48, 62, 55, 64, 57, 26, 41 ]:
 Order := 64 > |
[ 2, 9, 8, 19, 11, 1, 31, 35, 39, 13, 14, 44, 46, 18, 20, 26, 3, 42, 12, 37, 55, 4, 34, 5, 17, 48, 30, 33, 6, 10, 16, 47, 7, 24, 40, 38, 45, 32, 64, 59, 43, 23, 54, 41, 62, 57, 50, 49, 28, 56, 15, 53, 36, 22, 27, 52, 21, 29, 61, 51, 25, 63, 60, 58 ],
[ 4, 7, 15, 20, 21, 28, 32, 1, 12, 38, 25, 45, 2, 27, 30, 50, 29, 3, 23, 33, 56, 18, 35, 59, 60, 5, 53, 36, 54, 6, 34, 19, 42, 46, 37, 22, 13, 8, 16, 9, 63, 10, 11, 24, 31, 47, 40, 52, 14, 44, 49, 43, 17, 51, 58, 61, 39, 48, 62, 55, 64, 57, 26, 41 ],
[ 30, 8, 53, 36, 44, 17, 20, 18, 13, 15, 26, 32, 42, 43, 54, 45, 11, 49, 1, 3, 62, 29, 33, 31, 56, 39, 60, 51, 55, 14, 2, 10, 6, 19, 38, 27, 4, 28, 40, 23, 50, 22, 64, 9, 35, 37, 7, 63, 58, 46, 25, 21, 48, 52, 5, 16, 34, 61, 47, 41, 24, 12, 59, 57 ]
],
[ PermutationGroup<64 |  
\[ 2, 9, 8, 19, 11, 1, 31, 35, 39, 13, 14, 44, 46, 18, 20, 26, 3, 42, 12, 37, 55, 4, 34, 5, 17, 48, 30, 33, 6, 10, 16, 47, 7, 24, 40, 38, 45, 32, 64, 59, 43, 23, 54, 41, 62, 57, 50, 49, 28, 56, 15, 53, 36, 22, 27, 52, 21, 29, 61, 51, 25, 63, 60, 58 ],
\[ 3, 10, 14, 6, 16, 27, 1, 36, 35, 18, 41, 2, 20, 48, 17, 9, 52, 54, 38, 22, 24, 53, 4, 12, 5, 62, 11, 29, 25, 51, 37, 33, 15, 7, 42, 49, 8, 30, 46, 32, 39, 28, 56, 47, 19, 23, 13, 64, 60, 31, 43, 26, 55, 58, 63, 57, 45, 21, 34, 61, 50, 40, 44, 59 ],
\[ 4, 7, 15, 20, 21, 28, 32, 1, 12, 38, 25, 45, 2, 27, 30, 50, 29, 3, 23, 33, 56, 18, 35, 59, 60, 5, 53, 36, 54, 6, 34, 19, 42, 46, 37, 22, 13, 8, 16, 9, 63, 10, 11, 24, 31, 47, 40, 52, 14, 44, 49, 43, 17, 51, 58, 61, 39, 48, 62, 55, 64, 57, 26, 41 ]:
 Order := 64 > |
[ 2, 9, 8, 19, 11, 1, 31, 35, 39, 13, 14, 44, 46, 18, 20, 26, 3, 42, 12, 37, 55, 4, 34, 5, 17, 48, 30, 33, 6, 10, 16, 47, 7, 24, 40, 38, 45, 32, 64, 59, 43, 23, 54, 41, 62, 57, 50, 49, 28, 56, 15, 53, 36, 22, 27, 52, 21, 29, 61, 51, 25, 63, 60, 58 ],
[ 12, 16, 37, 45, 27, 7, 50, 9, 41, 47, 3, 63, 39, 10, 13, 52, 1, 35, 24, 31, 53, 23, 59, 25, 15, 14, 38, 32, 4, 2, 5, 44, 34, 21, 62, 19, 57, 40, 48, 64, 51, 46, 18, 11, 26, 56, 61, 36, 42, 43, 33, 22, 8, 20, 6, 17, 58, 28, 60, 30, 29, 55, 49, 54 ],
[ 55, 17, 56, 52, 19, 61, 51, 11, 30, 60, 31, 36, 14, 44, 41, 20, 24, 26, 29, 25, 37, 64, 49, 33, 47, 2, 62, 63, 57, 5, 6, 27, 58, 22, 53, 21, 54, 48, 8, 18, 32, 43, 9, 1, 3, 15, 28, 45, 39, 10, 59, 46, 16, 50, 34, 7, 42, 40, 38, 12, 23, 4, 35, 13 ]
],
[ PermutationGroup<64 |  
\[ 2, 9, 8, 19, 11, 1, 31, 35, 39, 13, 14, 44, 46, 18, 20, 26, 3, 42, 12, 37, 55, 4, 34, 5, 17, 48, 30, 33, 6, 10, 16, 47, 7, 24, 40, 38, 45, 32, 64, 59, 43, 23, 54, 41, 62, 57, 50, 49, 28, 56, 15, 53, 36, 22, 27, 52, 21, 29, 61, 51, 25, 63, 60, 58 ],
\[ 3, 10, 14, 6, 16, 27, 1, 36, 35, 18, 41, 2, 20, 48, 17, 9, 52, 54, 38, 22, 24, 53, 4, 12, 5, 62, 11, 29, 25, 51, 37, 33, 15, 7, 42, 49, 8, 30, 46, 32, 39, 28, 56, 47, 19, 23, 13, 64, 60, 31, 43, 26, 55, 58, 63, 57, 45, 21, 34, 61, 50, 40, 44, 59 ],
\[ 4, 7, 15, 20, 21, 28, 32, 1, 12, 38, 25, 45, 2, 27, 30, 50, 29, 3, 23, 33, 56, 18, 35, 59, 60, 5, 53, 36, 54, 6, 34, 19, 42, 46, 37, 22, 13, 8, 16, 9, 63, 10, 11, 24, 31, 47, 40, 52, 14, 44, 49, 43, 17, 51, 58, 61, 39, 48, 62, 55, 64, 57, 26, 41 ]:
 Order := 64 > |
[ 2, 9, 8, 19, 11, 1, 31, 35, 39, 13, 14, 44, 46, 18, 20, 26, 3, 42, 12, 37, 55, 4, 34, 5, 17, 48, 30, 33, 6, 10, 16, 47, 7, 24, 40, 38, 45, 32, 64, 59, 43, 23, 54, 41, 62, 57, 50, 49, 28, 56, 15, 53, 36, 22, 27, 52, 21, 29, 61, 51, 25, 63, 60, 58 ],
[ 3, 10, 14, 6, 16, 27, 1, 36, 35, 18, 41, 2, 20, 48, 17, 9, 52, 54, 38, 22, 24, 53, 4, 12, 5, 62, 11, 29, 25, 51, 37, 33, 15, 7, 42, 49, 8, 30, 46, 32, 39, 28, 56, 47, 19, 23, 13, 64, 60, 31, 43, 26, 55, 58, 63, 57, 45, 21, 34, 61, 50, 40, 44, 59 ],
[ 4, 7, 15, 20, 21, 28, 32, 1, 12, 38, 25, 45, 2, 27, 30, 50, 29, 3, 23, 33, 56, 18, 35, 59, 60, 5, 53, 36, 54, 6, 34, 19, 42, 46, 37, 22, 13, 8, 16, 9, 63, 10, 11, 24, 31, 47, 40, 52, 14, 44, 49, 43, 17, 51, 58, 61, 39, 48, 62, 55, 64, 57, 26, 41 ]
],
[ PermutationGroup<64 |  
\[ 2, 9, 8, 19, 11, 1, 31, 35, 39, 13, 14, 44, 46, 18, 20, 26, 3, 42, 12, 37, 55, 4, 34, 5, 17, 48, 30, 33, 6, 10, 16, 47, 7, 24, 40, 38, 45, 32, 64, 59, 43, 23, 54, 41, 62, 57, 50, 49, 28, 56, 15, 53, 36, 22, 27, 52, 21, 29, 61, 51, 25, 63, 60, 58 ],
\[ 3, 10, 14, 6, 16, 27, 1, 36, 35, 18, 41, 2, 20, 48, 17, 9, 52, 54, 38, 22, 24, 53, 4, 12, 5, 62, 11, 29, 25, 51, 37, 33, 15, 7, 42, 49, 8, 30, 46, 32, 39, 28, 56, 47, 19, 23, 13, 64, 60, 31, 43, 26, 55, 58, 63, 57, 45, 21, 34, 61, 50, 40, 44, 59 ],
\[ 4, 7, 15, 20, 21, 28, 32, 1, 12, 38, 25, 45, 2, 27, 30, 50, 29, 3, 23, 33, 56, 18, 35, 59, 60, 5, 53, 36, 54, 6, 34, 19, 42, 46, 37, 22, 13, 8, 16, 9, 63, 10, 11, 24, 31, 47, 40, 52, 14, 44, 49, 43, 17, 51, 58, 61, 39, 48, 62, 55, 64, 57, 26, 41 ]:
 Order := 64 > |
[ 2, 9, 8, 19, 11, 1, 31, 35, 39, 13, 14, 44, 46, 18, 20, 26, 3, 42, 12, 37, 55, 4, 34, 5, 17, 48, 30, 33, 6, 10, 16, 47, 7, 24, 40, 38, 45, 32, 64, 59, 43, 23, 54, 41, 62, 57, 50, 49, 28, 56, 15, 53, 36, 22, 27, 52, 21, 29, 61, 51, 25, 63, 60, 58 ],
[ 35, 46, 42, 2, 48, 10, 9, 32, 59, 23, 54, 39, 45, 28, 8, 64, 36, 4, 47, 19, 11, 38, 12, 41, 14, 60, 18, 1, 3, 20, 62, 31, 37, 16, 34, 33, 40, 13, 21, 50, 58, 7, 53, 56, 44, 24, 57, 29, 15, 26, 22, 49, 30, 6, 51, 55, 63, 27, 5, 17, 52, 61, 43, 25 ],
[ 54, 28, 60, 51, 46, 48, 36, 29, 4, 53, 59, 20, 6, 21, 55, 32, 64, 25, 18, 49, 47, 11, 3, 35, 62, 34, 56, 52, 41, 58, 42, 22, 14, 10, 15, 43, 30, 17, 7, 1, 45, 27, 24, 23, 33, 38, 8, 50, 5, 19, 26, 44, 61, 63, 39, 40, 2, 16, 37, 57, 9, 13, 31, 12 ]
]
];

/*
Return for eval
*/

return s;
