s := SolvablePassportDBInitialize();

/*
Magma printing
*/

s`Filename := "64S14-4,8,8-g17.m";
s`GaloisOrbits := [ Strings() | "64S14-4,8,8-g17-path1.m", "64S14-4,8,8-g17-path5.m", "64S14-4,8,8-g17-path7.m" ];
s`Name := "64S14-4,8,8-g17";
s`Passport := [ PowerSequence(PermutationGroup<64 |  
\[ 12, 40, 8, 52, 2, 5, 48, 38, 22, 14, 30, 9, 25, 27, 34, 20, 64, 15, 18, 47, 13, 1, 57, 21, 24, 16, 29, 32, 10, 28, 55, 11, 53, 19, 37, 63, 31, 42, 51, 6, 50, 3, 54, 61, 43, 45, 26, 41, 23, 7, 4, 39, 62, 46, 35, 58, 59, 44, 49, 33, 56, 60, 17, 36 ],
\[ 3, 10, 16, 22, 18, 27, 1, 35, 38, 20, 5, 45, 2, 55, 57, 11, 42, 33, 49, 39, 63, 54, 51, 6, 64, 4, 26, 40, 37, 36, 50, 17, 7, 62, 48, 8, 21, 47, 12, 34, 9, 31, 23, 29, 53, 59, 28, 58, 32, 61, 56, 44, 13, 60, 25, 14, 30, 15, 52, 24, 19, 41, 46, 43 ],
\[ 4, 11, 17, 23, 24, 28, 31, 1, 39, 44, 49, 7, 37, 2, 5, 27, 21, 61, 40, 3, 60, 41, 19, 55, 53, 38, 56, 57, 6, 16, 29, 47, 54, 58, 14, 25, 8, 36, 59, 13, 35, 9, 12, 48, 63, 22, 10, 33, 46, 62, 20, 26, 18, 64, 42, 50, 43, 51, 15, 34, 52, 45, 30, 32 ]:
 Order := 64 >) |
[ PermutationGroup<64 |  
\[ 12, 40, 8, 52, 2, 5, 48, 38, 22, 14, 30, 9, 25, 27, 34, 20, 64, 15, 18, 47, 13, 1, 57, 21, 24, 16, 29, 32, 10, 28, 55, 11, 53, 19, 37, 63, 31, 42, 51, 6, 50, 3, 54, 61, 43, 45, 26, 41, 23, 7, 4, 39, 62, 46, 35, 58, 59, 44, 49, 33, 56, 60, 17, 36 ],
\[ 3, 10, 16, 22, 18, 27, 1, 35, 38, 20, 5, 45, 2, 55, 57, 11, 42, 33, 49, 39, 63, 54, 51, 6, 64, 4, 26, 40, 37, 36, 50, 17, 7, 62, 48, 8, 21, 47, 12, 34, 9, 31, 23, 29, 53, 59, 28, 58, 32, 61, 56, 44, 13, 60, 25, 14, 30, 15, 52, 24, 19, 41, 46, 43 ],
\[ 4, 11, 17, 23, 24, 28, 31, 1, 39, 44, 49, 7, 37, 2, 5, 27, 21, 61, 40, 3, 60, 41, 19, 55, 53, 38, 56, 57, 6, 16, 29, 47, 54, 58, 14, 25, 8, 36, 59, 13, 35, 9, 12, 48, 63, 22, 10, 33, 46, 62, 20, 26, 18, 64, 42, 50, 43, 51, 15, 34, 52, 45, 30, 32 ]:
 Order := 64 > |
[ 57, 23, 13, 18, 35, 59, 10, 52, 49, 41, 45, 55, 38, 30, 21, 58, 33, 39, 25, 64, 19, 37, 6, 3, 15, 63, 7, 54, 32, 29, 5, 14, 36, 4, 40, 62, 12, 24, 34, 31, 27, 51, 48, 53, 28, 50, 61, 46, 1, 43, 8, 42, 56, 11, 22, 60, 9, 47, 2, 44, 16, 17, 20, 26 ],
[ 3, 10, 16, 22, 18, 27, 1, 35, 38, 20, 5, 45, 2, 55, 57, 11, 42, 33, 49, 39, 63, 54, 51, 6, 64, 4, 26, 40, 37, 36, 50, 17, 7, 62, 48, 8, 21, 47, 12, 34, 9, 31, 23, 29, 53, 59, 28, 58, 32, 61, 56, 44, 13, 60, 25, 14, 30, 15, 52, 24, 19, 41, 46, 43 ],
[ 19, 46, 60, 40, 42, 43, 6, 23, 15, 33, 22, 29, 1, 49, 55, 50, 34, 26, 37, 21, 58, 14, 13, 9, 61, 25, 62, 12, 57, 56, 28, 44, 32, 20, 11, 18, 4, 53, 5, 8, 2, 59, 31, 54, 16, 35, 48, 64, 41, 63, 17, 36, 52, 47, 39, 45, 7, 3, 24, 51, 38, 30, 27, 10 ]
]
];

/*
Return for eval
*/

return s;
