s := SolvablePassportDBInitialize();

/*
Magma printing
*/

s`Filename := "64S11-8,4,8-g17.m";
s`GaloisOrbits := [ Strings() | "64S11-8,4,8-g17-path6-notcomputed.m", "64S11-8,4,8-g17-path3-notcomputed.m", "64S11-8,4,8-g17-path1-notcomputed.m", "64S11-8,4,8-g17-path5-notcomputed.m", "64S11-8,4,8-g17-path4-notcomputed.m", "64S11-8,4,8-g17-path2-notcomputed.m" ];
s`Name := "64S11-8,4,8-g17";
s`Passport := [ PowerSequence(PermutationGroup<64 |  
\[ 12, 39, 8, 45, 2, 5, 46, 40, 57, 14, 31, 9, 63, 56, 34, 20, 50, 15, 18, 62, 10, 1, 52, 21, 24, 16, 30, 19, 22, 13, 60, 43, 11, 48, 37, 23, 47, 25, 26, 33, 27, 29, 36, 41, 44, 28, 61, 7, 42, 35, 38, 58, 55, 64, 32, 51, 49, 53, 3, 59, 54, 6, 4, 17 ],
\[ 3, 10, 16, 22, 18, 27, 1, 35, 28, 42, 5, 44, 2, 23, 53, 7, 59, 49, 47, 38, 50, 56, 63, 6, 55, 4, 57, 62, 34, 43, 54, 48, 52, 39, 46, 8, 14, 12, 60, 9, 64, 13, 21, 20, 58, 36, 33, 17, 11, 30, 61, 19, 31, 15, 41, 26, 24, 51, 32, 29, 45, 40, 37, 25 ],
\[ 4, 11, 17, 23, 24, 28, 32, 1, 38, 43, 47, 7, 50, 2, 5, 56, 41, 52, 9, 3, 57, 60, 46, 64, 20, 34, 55, 35, 10, 6, 49, 25, 62, 54, 21, 30, 8, 58, 13, 36, 12, 18, 59, 61, 26, 16, 63, 29, 27, 48, 22, 14, 45, 51, 15, 37, 40, 33, 39, 53, 19, 44, 42, 31 ]:
 Order := 64 >) |
[ PermutationGroup<64 |  
\[ 12, 39, 8, 45, 2, 5, 46, 40, 57, 14, 31, 9, 63, 56, 34, 20, 50, 15, 18, 62, 10, 1, 52, 21, 24, 16, 30, 19, 22, 13, 60, 43, 11, 48, 37, 23, 47, 25, 26, 33, 27, 29, 36, 41, 44, 28, 61, 7, 42, 35, 38, 58, 55, 64, 32, 51, 49, 53, 3, 59, 54, 6, 4, 17 ],
\[ 3, 10, 16, 22, 18, 27, 1, 35, 28, 42, 5, 44, 2, 23, 53, 7, 59, 49, 47, 38, 50, 56, 63, 6, 55, 4, 57, 62, 34, 43, 54, 48, 52, 39, 46, 8, 14, 12, 60, 9, 64, 13, 21, 20, 58, 36, 33, 17, 11, 30, 61, 19, 31, 15, 41, 26, 24, 51, 32, 29, 45, 40, 37, 25 ],
\[ 4, 11, 17, 23, 24, 28, 32, 1, 38, 43, 47, 7, 50, 2, 5, 56, 41, 52, 9, 3, 57, 60, 46, 64, 20, 34, 55, 35, 10, 6, 49, 25, 62, 54, 21, 30, 8, 58, 13, 36, 12, 18, 59, 61, 26, 16, 63, 29, 27, 48, 22, 14, 45, 51, 15, 37, 40, 33, 39, 53, 19, 44, 42, 31 ]:
 Order := 64 > |
[ 22, 5, 59, 63, 6, 62, 48, 3, 12, 21, 33, 1, 30, 10, 18, 26, 64, 19, 28, 16, 24, 29, 36, 25, 38, 39, 41, 46, 42, 27, 11, 55, 40, 15, 50, 43, 35, 51, 2, 8, 44, 49, 32, 45, 4, 7, 37, 34, 57, 17, 56, 23, 58, 61, 53, 14, 9, 52, 60, 31, 47, 20, 13, 54 ],
[ 51, 15, 43, 47, 30, 33, 50, 20, 41, 35, 58, 8, 36, 29, 42, 45, 24, 61, 6, 46, 5, 48, 40, 32, 9, 59, 17, 23, 63, 49, 2, 27, 57, 55, 13, 10, 28, 54, 14, 37, 62, 31, 7, 53, 1, 12, 56, 26, 21, 3, 16, 4, 38, 44, 60, 52, 19, 18, 22, 64, 11, 25, 39, 34 ],
[ 46, 63, 12, 16, 31, 21, 20, 23, 33, 39, 42, 25, 29, 47, 64, 8, 7, 2, 58, 41, 36, 45, 56, 49, 17, 51, 5, 57, 59, 35, 55, 3, 61, 22, 40, 28, 4, 62, 48, 6, 32, 14, 13, 9, 54, 37, 18, 43, 15, 10, 53, 11, 34, 60, 24, 1, 30, 44, 50, 26, 38, 19, 52, 27 ]
],
[ PermutationGroup<64 |  
\[ 12, 39, 8, 45, 2, 5, 46, 40, 57, 14, 31, 9, 63, 56, 34, 20, 50, 15, 18, 62, 10, 1, 52, 21, 24, 16, 30, 19, 22, 13, 60, 43, 11, 48, 37, 23, 47, 25, 26, 33, 27, 29, 36, 41, 44, 28, 61, 7, 42, 35, 38, 58, 55, 64, 32, 51, 49, 53, 3, 59, 54, 6, 4, 17 ],
\[ 3, 10, 16, 22, 18, 27, 1, 35, 28, 42, 5, 44, 2, 23, 53, 7, 59, 49, 47, 38, 50, 56, 63, 6, 55, 4, 57, 62, 34, 43, 54, 48, 52, 39, 46, 8, 14, 12, 60, 9, 64, 13, 21, 20, 58, 36, 33, 17, 11, 30, 61, 19, 31, 15, 41, 26, 24, 51, 32, 29, 45, 40, 37, 25 ],
\[ 4, 11, 17, 23, 24, 28, 32, 1, 38, 43, 47, 7, 50, 2, 5, 56, 41, 52, 9, 3, 57, 60, 46, 64, 20, 34, 55, 35, 10, 6, 49, 25, 62, 54, 21, 30, 8, 58, 13, 36, 12, 18, 59, 61, 26, 16, 63, 29, 27, 48, 22, 14, 45, 51, 15, 37, 40, 33, 39, 53, 19, 44, 42, 31 ]:
 Order := 64 > |
[ 22, 5, 59, 63, 6, 62, 48, 3, 12, 21, 33, 1, 30, 10, 18, 26, 64, 19, 28, 16, 24, 29, 36, 25, 38, 39, 41, 46, 42, 27, 11, 55, 40, 15, 50, 43, 35, 51, 2, 8, 44, 49, 32, 45, 4, 7, 37, 34, 57, 17, 56, 23, 58, 61, 53, 14, 9, 52, 60, 31, 47, 20, 13, 54 ],
[ 40, 56, 62, 12, 34, 13, 9, 47, 18, 22, 39, 27, 26, 58, 32, 28, 8, 29, 54, 24, 37, 38, 45, 2, 43, 44, 42, 5, 7, 23, 17, 46, 53, 16, 19, 33, 51, 57, 3, 49, 50, 4, 14, 6, 55, 52, 31, 35, 60, 63, 64, 15, 59, 48, 30, 20, 10, 25, 36, 1, 41, 11, 61, 21 ],
[ 4, 11, 17, 23, 24, 28, 32, 1, 38, 43, 47, 7, 50, 2, 5, 56, 41, 52, 9, 3, 57, 60, 46, 64, 20, 34, 55, 35, 10, 6, 49, 25, 62, 54, 21, 30, 8, 58, 13, 36, 12, 18, 59, 61, 26, 16, 63, 29, 27, 48, 22, 14, 45, 51, 15, 37, 40, 33, 39, 53, 19, 44, 42, 31 ]
]
];

/*
Return for eval
*/

return s;
