s := SolvablePassportDBInitialize();

/*
Magma printing
*/

s`Filename := "64S11-8,4,8-g17.m";
s`GaloisOrbits := [ Strings() | "64S11-8,4,8-g17-path5-notcomputed.m", "64S11-8,4,8-g17-path1-notcomputed.m", "64S11-8,4,8-g17-path2-notcomputed.m", "64S11-8,4,8-g17-path3-notcomputed.m", "64S11-8,4,8-g17-path4-notcomputed.m" ];
s`Name := "64S11-8,4,8-g17";
s`Passport := [ PowerSequence(PermutationGroup<64 |  
\[ 2, 9, 8, 19, 11, 1, 31, 34, 23, 13, 38, 46, 49, 18, 47, 26, 3, 29, 42, 15, 43, 4, 14, 5, 57, 39, 30, 40, 6, 44, 54, 41, 7, 33, 37, 50, 62, 59, 63, 16, 58, 45, 10, 22, 27, 21, 64, 12, 48, 51, 55, 53, 61, 17, 35, 36, 28, 20, 52, 32, 24, 56, 25, 60 ],
\[ 3, 10, 14, 6, 16, 27, 1, 35, 28, 18, 42, 2, 50, 7, 17, 52, 32, 12, 55, 22, 24, 60, 4, 49, 5, 64, 23, 29, 39, 56, 36, 33, 15, 38, 31, 8, 13, 54, 9, 62, 43, 53, 47, 11, 20, 37, 48, 41, 59, 46, 40, 25, 44, 61, 30, 19, 58, 26, 21, 45, 34, 63, 51, 57 ],
\[ 4, 7, 15, 20, 21, 28, 32, 1, 12, 41, 25, 47, 2, 27, 45, 51, 38, 3, 23, 57, 50, 53, 39, 54, 62, 5, 60, 64, 10, 6, 14, 22, 61, 36, 19, 30, 8, 44, 58, 9, 17, 56, 59, 55, 11, 18, 33, 24, 37, 31, 13, 49, 16, 35, 63, 40, 52, 48, 34, 26, 42, 46, 29, 43 ]:
 Order := 64 >) |
[ PermutationGroup<64 |  
\[ 2, 9, 8, 19, 11, 1, 31, 34, 23, 13, 38, 46, 49, 18, 47, 26, 3, 29, 42, 15, 43, 4, 14, 5, 57, 39, 30, 40, 6, 44, 54, 41, 7, 33, 37, 50, 62, 59, 63, 16, 58, 45, 10, 22, 27, 21, 64, 12, 48, 51, 55, 53, 61, 17, 35, 36, 28, 20, 52, 32, 24, 56, 25, 60 ],
\[ 3, 10, 14, 6, 16, 27, 1, 35, 28, 18, 42, 2, 50, 7, 17, 52, 32, 12, 55, 22, 24, 60, 4, 49, 5, 64, 23, 29, 39, 56, 36, 33, 15, 38, 31, 8, 13, 54, 9, 62, 43, 53, 47, 11, 20, 37, 48, 41, 59, 46, 40, 25, 44, 61, 30, 19, 58, 26, 21, 45, 34, 63, 51, 57 ],
\[ 4, 7, 15, 20, 21, 28, 32, 1, 12, 41, 25, 47, 2, 27, 45, 51, 38, 3, 23, 57, 50, 53, 39, 54, 62, 5, 60, 64, 10, 6, 14, 22, 61, 36, 19, 30, 8, 44, 58, 9, 17, 56, 59, 55, 11, 18, 33, 24, 37, 31, 13, 49, 16, 35, 63, 40, 52, 48, 34, 26, 42, 46, 29, 43 ]:
 Order := 64 > |
[ 6, 1, 17, 22, 24, 29, 33, 3, 2, 43, 5, 48, 10, 23, 20, 40, 54, 14, 4, 58, 46, 44, 9, 61, 63, 16, 45, 57, 18, 27, 7, 60, 34, 8, 55, 56, 35, 11, 26, 28, 32, 19, 21, 30, 42, 12, 15, 49, 13, 36, 50, 59, 52, 31, 51, 62, 25, 41, 38, 64, 53, 37, 39, 47 ],
[ 30, 8, 41, 32, 48, 63, 47, 18, 13, 64, 26, 58, 29, 19, 4, 56, 24, 31, 1, 39, 62, 38, 40, 33, 55, 53, 15, 20, 46, 14, 2, 27, 59, 37, 44, 42, 54, 45, 60, 6, 7, 35, 5, 36, 61, 9, 3, 52, 51, 34, 21, 43, 57, 50, 16, 25, 11, 10, 17, 28, 22, 49, 23, 12 ],
[ 31, 46, 2, 14, 57, 19, 18, 50, 63, 9, 22, 29, 62, 8, 7, 11, 47, 13, 36, 27, 52, 15, 30, 43, 53, 20, 1, 23, 40, 35, 37, 3, 41, 24, 34, 54, 21, 33, 6, 55, 12, 38, 58, 61, 32, 51, 10, 64, 5, 49, 25, 26, 45, 59, 42, 44, 60, 28, 48, 4, 17, 16, 56, 39 ]
],
[ PermutationGroup<64 |  
\[ 2, 9, 8, 19, 11, 1, 31, 34, 23, 13, 38, 46, 49, 18, 47, 26, 3, 29, 42, 15, 43, 4, 14, 5, 57, 39, 30, 40, 6, 44, 54, 41, 7, 33, 37, 50, 62, 59, 63, 16, 58, 45, 10, 22, 27, 21, 64, 12, 48, 51, 55, 53, 61, 17, 35, 36, 28, 20, 52, 32, 24, 56, 25, 60 ],
\[ 3, 10, 14, 6, 16, 27, 1, 35, 28, 18, 42, 2, 50, 7, 17, 52, 32, 12, 55, 22, 24, 60, 4, 49, 5, 64, 23, 29, 39, 56, 36, 33, 15, 38, 31, 8, 13, 54, 9, 62, 43, 53, 47, 11, 20, 37, 48, 41, 59, 46, 40, 25, 44, 61, 30, 19, 58, 26, 21, 45, 34, 63, 51, 57 ],
\[ 4, 7, 15, 20, 21, 28, 32, 1, 12, 41, 25, 47, 2, 27, 45, 51, 38, 3, 23, 57, 50, 53, 39, 54, 62, 5, 60, 64, 10, 6, 14, 22, 61, 36, 19, 30, 8, 44, 58, 9, 17, 56, 59, 55, 11, 18, 33, 24, 37, 31, 13, 49, 16, 35, 63, 40, 52, 48, 34, 26, 42, 46, 29, 43 ]:
 Order := 64 > |
[ 6, 1, 17, 22, 24, 29, 33, 3, 2, 43, 5, 48, 10, 23, 20, 40, 54, 14, 4, 58, 46, 44, 9, 61, 63, 16, 45, 57, 18, 27, 7, 60, 34, 8, 55, 56, 35, 11, 26, 28, 32, 19, 21, 30, 42, 12, 15, 49, 13, 36, 50, 59, 52, 31, 51, 62, 25, 41, 38, 64, 53, 37, 39, 47 ],
[ 46, 63, 50, 36, 22, 31, 37, 24, 30, 62, 33, 51, 5, 13, 10, 20, 2, 40, 38, 7, 58, 14, 8, 57, 60, 6, 35, 55, 19, 61, 59, 12, 18, 41, 21, 49, 16, 48, 56, 11, 28, 32, 9, 15, 1, 52, 39, 29, 64, 25, 42, 45, 17, 47, 34, 54, 23, 27, 26, 3, 43, 44, 53, 4 ],
[ 17, 43, 23, 29, 40, 45, 6, 55, 57, 14, 19, 1, 36, 33, 54, 59, 60, 48, 51, 44, 61, 64, 22, 13, 24, 47, 9, 18, 26, 62, 56, 34, 20, 11, 7, 3, 10, 31, 2, 37, 21, 52, 15, 5, 58, 35, 49, 32, 38, 12, 28, 63, 30, 53, 27, 4, 41, 16, 46, 42, 8, 39, 50, 25 ]
]
];

/*
Return for eval
*/

return s;
