s := SolvablePassportDBInitialize();

/*
Magma printing
*/

s`Filename := "64S10-2,8,8-g9.m";
s`GaloisOrbits := [ Strings() | "64S10-2,8,8-g9-path2-notcomputed.m", "64S10-2,8,8-g9-path1-notcomputed.m", "64S10-2,8,8-g9-path3-notcomputed.m" ];
s`Name := "64S10-2,8,8-g9";
s`Passport := [ PowerSequence(PermutationGroup<64 |  
\[ 10, 5, 7, 32, 2, 29, 3, 12, 21, 1, 18, 8, 16, 17, 50, 13, 14, 11, 35, 31, 9, 34, 33, 25, 24, 28, 59, 26, 6, 51, 20, 4, 23, 22, 19, 41, 39, 40, 37, 38, 36, 60, 44, 43, 46, 45, 53, 52, 56, 15, 30, 48, 47, 58, 57, 49, 55, 54, 27, 42, 62, 61, 64, 63 ],
\[ 3, 8, 14, 10, 16, 1, 24, 17, 5, 28, 2, 34, 35, 38, 7, 39, 43, 45, 32, 4, 15, 29, 6, 55, 18, 51, 12, 37, 36, 21, 9, 27, 11, 42, 40, 13, 60, 61, 57, 46, 56, 50, 63, 41, 26, 52, 19, 31, 20, 47, 44, 22, 33, 23, 59, 25, 64, 30, 58, 62, 54, 49, 53, 48 ],
\[ 4, 9, 15, 19, 11, 22, 1, 27, 30, 6, 25, 2, 5, 8, 42, 36, 3, 33, 13, 48, 31, 12, 53, 56, 7, 10, 55, 45, 23, 26, 49, 20, 54, 52, 47, 44, 16, 35, 28, 14, 29, 37, 51, 17, 40, 18, 63, 46, 41, 21, 58, 64, 50, 59, 39, 62, 24, 61, 32, 34, 60, 38, 57, 43 ]:
 Order := 64 >) |
[ PermutationGroup<64 |  
\[ 10, 5, 7, 32, 2, 29, 3, 12, 21, 1, 18, 8, 16, 17, 50, 13, 14, 11, 35, 31, 9, 34, 33, 25, 24, 28, 59, 26, 6, 51, 20, 4, 23, 22, 19, 41, 39, 40, 37, 38, 36, 60, 44, 43, 46, 45, 53, 52, 56, 15, 30, 48, 47, 58, 57, 49, 55, 54, 27, 42, 62, 61, 64, 63 ],
\[ 3, 8, 14, 10, 16, 1, 24, 17, 5, 28, 2, 34, 35, 38, 7, 39, 43, 45, 32, 4, 15, 29, 6, 55, 18, 51, 12, 37, 36, 21, 9, 27, 11, 42, 40, 13, 60, 61, 57, 46, 56, 50, 63, 41, 26, 52, 19, 31, 20, 47, 44, 22, 33, 23, 59, 25, 64, 30, 58, 62, 54, 49, 53, 48 ],
\[ 4, 9, 15, 19, 11, 22, 1, 27, 30, 6, 25, 2, 5, 8, 42, 36, 3, 33, 13, 48, 31, 12, 53, 56, 7, 10, 55, 45, 23, 26, 49, 20, 54, 52, 47, 44, 16, 35, 28, 14, 29, 37, 51, 17, 40, 18, 63, 46, 41, 21, 58, 64, 50, 59, 39, 62, 24, 61, 32, 34, 60, 38, 57, 43 ]:
 Order := 64 > |
[ 62, 64, 58, 42, 63, 40, 54, 47, 55, 61, 44, 53, 48, 33, 27, 52, 23, 43, 22, 39, 57, 19, 17, 51, 30, 49, 15, 56, 38, 25, 37, 60, 14, 35, 34, 45, 31, 29, 20, 6, 46, 4, 18, 11, 36, 41, 8, 13, 26, 59, 24, 16, 12, 7, 9, 28, 21, 3, 50, 32, 10, 1, 5, 2 ],
[ 3, 8, 14, 10, 16, 1, 24, 17, 5, 28, 2, 34, 35, 38, 7, 39, 43, 45, 32, 4, 15, 29, 6, 55, 18, 51, 12, 37, 36, 21, 9, 27, 11, 42, 40, 13, 60, 61, 57, 46, 56, 50, 63, 41, 26, 52, 19, 31, 20, 47, 44, 22, 33, 23, 59, 25, 64, 30, 58, 62, 54, 49, 53, 48 ],
[ 60, 57, 59, 34, 43, 35, 61, 50, 24, 38, 51, 63, 64, 53, 32, 46, 54, 17, 52, 16, 39, 47, 8, 26, 58, 62, 21, 41, 14, 56, 28, 37, 3, 13, 12, 18, 48, 22, 49, 23, 40, 20, 25, 33, 29, 44, 2, 36, 45, 55, 7, 5, 27, 15, 31, 10, 30, 1, 42, 19, 4, 6, 9, 11 ]
]
];

/*
Return for eval
*/

return s;
