s := SolvablePassportDBInitialize();

/*
Magma printing
*/

s`Filename := "64S17-4,8,8-g17.m";
s`GaloisOrbits := [ Strings() | "64S17-4,8,8-g17-path6-notcomputed.m", "64S17-4,8,8-g17-path7-notcomputed.m", "64S17-4,8,8-g17-path12-notcomputed.m", "64S17-4,8,8-g17-path15-notcomputed.m", "64S17-4,8,8-g17-path18-notcomputed.m", "64S17-4,8,8-g17-path21-notcomputed.m" ];
s`Name := "64S17-4,8,8-g17";
s`Passport := [ PowerSequence(PermutationGroup<64 |  
\[ 12, 32, 8, 24, 2, 5, 22, 25, 20, 3, 4, 9, 7, 29, 18, 14, 16, 40, 13, 1, 26, 19, 28, 27, 10, 47, 11, 35, 17, 31, 33, 6, 34, 30, 36, 23, 15, 39, 51, 37, 42, 52, 21, 46, 48, 49, 43, 62, 50, 44, 53, 54, 38, 41, 45, 57, 60, 59, 61, 63, 64, 55, 56, 58 ],
\[ 3, 10, 15, 20, 16, 8, 1, 30, 25, 33, 5, 17, 2, 37, 38, 31, 18, 41, 9, 14, 11, 6, 4, 32, 40, 13, 12, 7, 34, 39, 42, 29, 53, 54, 27, 19, 52, 56, 58, 51, 57, 59, 22, 43, 21, 36, 24, 23, 26, 28, 60, 63, 61, 64, 35, 50, 55, 44, 45, 46, 49, 47, 48, 62 ],
\[ 4, 11, 2, 21, 22, 24, 26, 1, 27, 9, 35, 7, 36, 5, 14, 12, 32, 3, 43, 19, 44, 28, 46, 23, 6, 45, 47, 48, 20, 29, 8, 13, 16, 10, 50, 55, 25, 33, 15, 17, 34, 18, 62, 56, 57, 58, 49, 59, 60, 61, 30, 31, 40, 37, 64, 52, 38, 54, 39, 41, 42, 63, 51, 53 ]:
 Order := 64 >) |
[ PermutationGroup<64 |  
\[ 12, 32, 8, 24, 2, 5, 22, 25, 20, 3, 4, 9, 7, 29, 18, 14, 16, 40, 13, 1, 26, 19, 28, 27, 10, 47, 11, 35, 17, 31, 33, 6, 34, 30, 36, 23, 15, 39, 51, 37, 42, 52, 21, 46, 48, 49, 43, 62, 50, 44, 53, 54, 38, 41, 45, 57, 60, 59, 61, 63, 64, 55, 56, 58 ],
\[ 3, 10, 15, 20, 16, 8, 1, 30, 25, 33, 5, 17, 2, 37, 38, 31, 18, 41, 9, 14, 11, 6, 4, 32, 40, 13, 12, 7, 34, 39, 42, 29, 53, 54, 27, 19, 52, 56, 58, 51, 57, 59, 22, 43, 21, 36, 24, 23, 26, 28, 60, 63, 61, 64, 35, 50, 55, 44, 45, 46, 49, 47, 48, 62 ],
\[ 4, 11, 2, 21, 22, 24, 26, 1, 27, 9, 35, 7, 36, 5, 14, 12, 32, 3, 43, 19, 44, 28, 46, 23, 6, 45, 47, 48, 20, 29, 8, 13, 16, 10, 50, 55, 25, 33, 15, 17, 34, 18, 62, 56, 57, 58, 49, 59, 60, 61, 30, 31, 40, 37, 64, 52, 38, 54, 39, 41, 42, 63, 51, 53 ]:
 Order := 64 > |
[ 23, 21, 13, 45, 43, 47, 49, 7, 35, 19, 55, 28, 46, 11, 20, 27, 24, 1, 44, 36, 58, 50, 60, 48, 22, 59, 62, 63, 4, 32, 6, 26, 5, 2, 56, 57, 9, 10, 3, 12, 29, 17, 64, 38, 41, 39, 61, 42, 51, 53, 8, 16, 25, 14, 54, 37, 15, 34, 30, 18, 31, 52, 40, 33 ],
[ 3, 10, 15, 20, 16, 8, 1, 30, 25, 33, 5, 17, 2, 37, 38, 31, 18, 41, 9, 14, 11, 6, 4, 32, 40, 13, 12, 7, 34, 39, 42, 29, 53, 54, 27, 19, 52, 56, 58, 51, 57, 59, 22, 43, 21, 36, 24, 23, 26, 28, 60, 63, 61, 64, 35, 50, 55, 44, 45, 46, 49, 47, 48, 62 ],
[ 17, 29, 30, 32, 10, 16, 6, 40, 14, 15, 20, 25, 1, 34, 41, 37, 31, 51, 2, 3, 13, 9, 7, 12, 33, 24, 5, 27, 18, 42, 53, 8, 54, 39, 19, 4, 38, 58, 60, 52, 59, 63, 11, 36, 23, 26, 22, 47, 28, 43, 61, 64, 56, 57, 21, 55, 46, 45, 49, 48, 62, 35, 50, 44 ]
]
];

/*
Return for eval
*/

return s;
