s := SolvablePassportDBInitialize();

/*
Magma printing
*/

s`Filename := "64S1-64,4,64-g24.m";
s`GaloisOrbits := [ Strings() | "64S1-64,4,64-g24-path1-notcomputed.m" ];
s`Name := "64S1-64,4,64-g24";
s`Passport := [ PowerSequence(PermutationGroup<64 |  
\[ 11, 18, 8, 7, 2, 5, 10, 20, 22, 12, 9, 28, 1, 6, 3, 15, 13, 19, 31, 21, 32, 29, 4, 16, 17, 23, 14, 30, 39, 40, 37, 38, 25, 26, 27, 24, 47, 48, 45, 46, 34, 35, 36, 33, 55, 56, 53, 54, 42, 43, 44, 41, 63, 64, 61, 62, 50, 51, 52, 49, 57, 58, 59, 60 ],
\[ 3, 10, 5, 13, 7, 4, 1, 2, 20, 11, 8, 9, 15, 23, 6, 14, 16, 12, 28, 18, 19, 21, 17, 27, 24, 25, 26, 22, 32, 29, 30, 31, 36, 33, 34, 35, 40, 37, 38, 39, 44, 41, 42, 43, 48, 45, 46, 47, 52, 49, 50, 51, 56, 53, 54, 55, 60, 57, 58, 59, 64, 61, 62, 63 ],
\[ 4, 3, 13, 14, 15, 16, 6, 1, 10, 5, 7, 2, 23, 24, 17, 25, 26, 8, 20, 11, 9, 12, 27, 33, 34, 35, 36, 18, 28, 19, 21, 22, 41, 42, 43, 44, 32, 29, 30, 31, 49, 50, 51, 52, 40, 37, 38, 39, 57, 58, 59, 60, 48, 45, 46, 47, 62, 63, 64, 61, 56, 53, 54, 55 ]:
 Order := 64 >) |
[ PermutationGroup<64 |  
\[ 11, 18, 8, 7, 2, 5, 10, 20, 22, 12, 9, 28, 1, 6, 3, 15, 13, 19, 31, 21, 32, 29, 4, 16, 17, 23, 14, 30, 39, 40, 37, 38, 25, 26, 27, 24, 47, 48, 45, 46, 34, 35, 36, 33, 55, 56, 53, 54, 42, 43, 44, 41, 63, 64, 61, 62, 50, 51, 52, 49, 57, 58, 59, 60 ],
\[ 3, 10, 5, 13, 7, 4, 1, 2, 20, 11, 8, 9, 15, 23, 6, 14, 16, 12, 28, 18, 19, 21, 17, 27, 24, 25, 26, 22, 32, 29, 30, 31, 36, 33, 34, 35, 40, 37, 38, 39, 44, 41, 42, 43, 48, 45, 46, 47, 52, 49, 50, 51, 56, 53, 54, 55, 60, 57, 58, 59, 64, 61, 62, 63 ],
\[ 4, 3, 13, 14, 15, 16, 6, 1, 10, 5, 7, 2, 23, 24, 17, 25, 26, 8, 20, 11, 9, 12, 27, 33, 34, 35, 36, 18, 28, 19, 21, 22, 41, 42, 43, 44, 32, 29, 30, 31, 49, 50, 51, 52, 40, 37, 38, 39, 57, 58, 59, 60, 48, 45, 46, 47, 62, 63, 64, 61, 56, 53, 54, 55 ]:
 Order := 64 > |
[ 13, 5, 15, 23, 6, 14, 4, 3, 11, 7, 1, 10, 17, 27, 16, 24, 25, 2, 18, 8, 20, 9, 26, 36, 33, 34, 35, 12, 22, 28, 19, 21, 44, 41, 42, 43, 31, 32, 29, 30, 52, 49, 50, 51, 39, 40, 37, 38, 60, 57, 58, 59, 47, 48, 45, 46, 61, 62, 63, 64, 55, 56, 53, 54 ],
[ 7, 8, 1, 6, 3, 15, 5, 11, 12, 2, 10, 18, 4, 16, 13, 17, 23, 20, 21, 9, 22, 28, 14, 25, 26, 27, 24, 19, 30, 31, 32, 29, 34, 35, 36, 33, 38, 39, 40, 37, 42, 43, 44, 41, 46, 47, 48, 45, 50, 51, 52, 49, 54, 55, 56, 53, 58, 59, 60, 57, 62, 63, 64, 61 ],
[ 8, 12, 2, 1, 10, 7, 11, 18, 21, 9, 20, 22, 3, 4, 5, 6, 15, 28, 30, 19, 31, 32, 13, 14, 16, 17, 23, 29, 38, 39, 40, 37, 24, 25, 26, 27, 46, 47, 48, 45, 33, 34, 35, 36, 54, 55, 56, 53, 41, 42, 43, 44, 62, 63, 64, 61, 49, 50, 51, 52, 60, 57, 58, 59 ]
],
[ PermutationGroup<64 |  
\[ 11, 18, 8, 7, 2, 5, 10, 20, 22, 12, 9, 28, 1, 6, 3, 15, 13, 19, 31, 21, 32, 29, 4, 16, 17, 23, 14, 30, 39, 40, 37, 38, 25, 26, 27, 24, 47, 48, 45, 46, 34, 35, 36, 33, 55, 56, 53, 54, 42, 43, 44, 41, 63, 64, 61, 62, 50, 51, 52, 49, 57, 58, 59, 60 ],
\[ 3, 10, 5, 13, 7, 4, 1, 2, 20, 11, 8, 9, 15, 23, 6, 14, 16, 12, 28, 18, 19, 21, 17, 27, 24, 25, 26, 22, 32, 29, 30, 31, 36, 33, 34, 35, 40, 37, 38, 39, 44, 41, 42, 43, 48, 45, 46, 47, 52, 49, 50, 51, 56, 53, 54, 55, 60, 57, 58, 59, 64, 61, 62, 63 ],
\[ 4, 3, 13, 14, 15, 16, 6, 1, 10, 5, 7, 2, 23, 24, 17, 25, 26, 8, 20, 11, 9, 12, 27, 33, 34, 35, 36, 18, 28, 19, 21, 22, 41, 42, 43, 44, 32, 29, 30, 31, 49, 50, 51, 52, 40, 37, 38, 39, 57, 58, 59, 60, 48, 45, 46, 47, 62, 63, 64, 61, 56, 53, 54, 55 ]:
 Order := 64 > |
[ 13, 5, 15, 23, 6, 14, 4, 3, 11, 7, 1, 10, 17, 27, 16, 24, 25, 2, 18, 8, 20, 9, 26, 36, 33, 34, 35, 12, 22, 28, 19, 21, 44, 41, 42, 43, 31, 32, 29, 30, 52, 49, 50, 51, 39, 40, 37, 38, 60, 57, 58, 59, 47, 48, 45, 46, 61, 62, 63, 64, 55, 56, 53, 54 ],
[ 3, 10, 5, 13, 7, 4, 1, 2, 20, 11, 8, 9, 15, 23, 6, 14, 16, 12, 28, 18, 19, 21, 17, 27, 24, 25, 26, 22, 32, 29, 30, 31, 36, 33, 34, 35, 40, 37, 38, 39, 44, 41, 42, 43, 48, 45, 46, 47, 52, 49, 50, 51, 56, 53, 54, 55, 60, 57, 58, 59, 64, 61, 62, 63 ],
[ 10, 20, 11, 5, 8, 3, 2, 9, 28, 18, 12, 19, 7, 15, 1, 13, 4, 21, 32, 22, 29, 30, 6, 17, 23, 14, 16, 31, 40, 37, 38, 39, 26, 27, 24, 25, 48, 45, 46, 47, 35, 36, 33, 34, 56, 53, 54, 55, 43, 44, 41, 42, 64, 61, 62, 63, 51, 52, 49, 50, 58, 59, 60, 57 ]
]
];

/*
Return for eval
*/

return s;
