s := SolvablePassportDBInitialize();

/*
Magma printing
*/

s`Filename := "64S10-8,4,8-g17.m";
s`GaloisOrbits := [ Strings() | "64S10-8,4,8-g17-path2-notcomputed.m", "64S10-8,4,8-g17-path1-notcomputed.m", "64S10-8,4,8-g17-path3-notcomputed.m" ];
s`Name := "64S10-8,4,8-g17";
s`Passport := [ PowerSequence(PermutationGroup<64 |  
\[ 12, 37, 8, 60, 2, 5, 44, 50, 54, 14, 30, 9, 57, 24, 27, 20, 48, 15, 18, 61, 36, 1, 58, 21, 16, 29, 39, 22, 43, 38, 42, 11, 35, 49, 17, 47, 25, 56, 7, 4, 28, 51, 40, 63, 59, 41, 53, 52, 31, 32, 23, 64, 62, 46, 34, 3, 26, 55, 33, 13, 6, 10, 19, 45 ],
\[ 3, 10, 16, 22, 18, 26, 1, 33, 27, 41, 5, 43, 2, 49, 51, 7, 56, 46, 45, 36, 59, 53, 40, 6, 4, 54, 61, 63, 55, 52, 39, 58, 44, 8, 14, 12, 50, 9, 17, 64, 13, 62, 20, 34, 32, 11, 23, 60, 57, 28, 30, 15, 25, 24, 21, 31, 35, 19, 29, 42, 38, 48, 37, 47 ],
\[ 4, 11, 17, 23, 24, 27, 31, 1, 36, 42, 45, 7, 48, 2, 5, 53, 57, 58, 28, 3, 54, 50, 15, 35, 63, 49, 52, 10, 6, 46, 14, 37, 21, 29, 8, 55, 13, 51, 9, 12, 18, 56, 59, 16, 40, 26, 20, 39, 44, 34, 60, 62, 64, 38, 32, 61, 41, 47, 19, 25, 43, 22, 33, 30 ]:
 Order := 64 >) |
[ PermutationGroup<64 |  
\[ 12, 37, 8, 60, 2, 5, 44, 50, 54, 14, 30, 9, 57, 24, 27, 20, 48, 15, 18, 61, 36, 1, 58, 21, 16, 29, 39, 22, 43, 38, 42, 11, 35, 49, 17, 47, 25, 56, 7, 4, 28, 51, 40, 63, 59, 41, 53, 52, 31, 32, 23, 64, 62, 46, 34, 3, 26, 55, 33, 13, 6, 10, 19, 45 ],
\[ 3, 10, 16, 22, 18, 26, 1, 33, 27, 41, 5, 43, 2, 49, 51, 7, 56, 46, 45, 36, 59, 53, 40, 6, 4, 54, 61, 63, 55, 52, 39, 58, 44, 8, 14, 12, 50, 9, 17, 64, 13, 62, 20, 34, 32, 11, 23, 60, 57, 28, 30, 15, 25, 24, 21, 31, 35, 19, 29, 42, 38, 48, 37, 47 ],
\[ 4, 11, 17, 23, 24, 27, 31, 1, 36, 42, 45, 7, 48, 2, 5, 53, 57, 58, 28, 3, 54, 50, 15, 35, 63, 49, 52, 10, 6, 46, 14, 37, 21, 29, 8, 55, 13, 51, 9, 12, 18, 56, 59, 16, 40, 26, 20, 39, 44, 34, 60, 62, 64, 38, 32, 61, 41, 47, 19, 25, 43, 22, 33, 30 ]:
 Order := 64 > |
[ 22, 5, 56, 40, 6, 61, 39, 3, 12, 62, 32, 1, 60, 10, 18, 25, 35, 19, 63, 16, 24, 28, 51, 14, 37, 57, 15, 41, 26, 11, 49, 50, 59, 55, 33, 21, 2, 30, 27, 43, 46, 31, 29, 7, 64, 54, 36, 17, 34, 8, 42, 48, 47, 9, 58, 38, 13, 23, 45, 4, 20, 53, 44, 52 ],
[ 11, 36, 5, 54, 7, 4, 46, 52, 63, 12, 16, 13, 20, 23, 34, 18, 32, 1, 17, 10, 48, 24, 57, 25, 26, 22, 37, 27, 42, 33, 19, 31, 15, 30, 47, 41, 38, 28, 45, 35, 43, 21, 2, 51, 56, 3, 49, 29, 40, 9, 8, 44, 6, 53, 62, 58, 64, 39, 60, 55, 50, 59, 61, 14 ],
[ 10, 27, 51, 59, 43, 3, 52, 61, 4, 64, 34, 50, 23, 22, 28, 13, 21, 33, 16, 63, 2, 18, 56, 42, 11, 48, 58, 26, 41, 37, 29, 1, 40, 47, 19, 35, 24, 45, 5, 6, 38, 44, 49, 9, 62, 36, 54, 8, 32, 17, 14, 57, 55, 7, 15, 46, 25, 60, 30, 12, 53, 20, 31, 39 ]
]
];

/*
Return for eval
*/

return s;
