s := SolvablePassportDBInitialize();

/*
Magma printing
*/

s`Filename := "64S1-64,2,64-g16.m";
s`GaloisOrbits := [ Strings() | "64S1-64,2,64-g16-path1.m" ];
s`Name := "64S1-64,2,64-g16";
s`Passport := [ PowerSequence(PermutationGroup<64 |  
\[ 2, 7, 1, 8, 9, 10, 19, 20, 21, 22, 3, 4, 5, 6, 23, 24, 25, 26, 39, 40, 41, 42, 43, 44, 45, 46, 11, 12, 13, 14, 15, 16, 17, 18, 47, 48, 49, 50, 38, 34, 59, 60, 30, 63, 56, 57, 27, 64, 53, 54, 28, 29, 31, 32, 33, 35, 36, 37, 61, 62, 51, 52, 58, 55 ],
\[ 5, 9, 13, 16, 1, 17, 21, 24, 2, 25, 29, 32, 3, 33, 36, 4, 6, 37, 41, 44, 7, 45, 48, 8, 10, 49, 52, 54, 11, 55, 57, 12, 14, 58, 60, 15, 18, 61, 59, 63, 19, 56, 64, 20, 22, 53, 62, 23, 26, 51, 50, 27, 46, 28, 30, 42, 31, 34, 39, 35, 38, 47, 40, 43 ],
\[ 13, 5, 29, 32, 3, 33, 9, 16, 1, 17, 52, 54, 11, 55, 57, 12, 14, 58, 21, 24, 2, 25, 36, 4, 6, 37, 62, 50, 27, 64, 46, 28, 30, 63, 42, 31, 34, 59, 41, 44, 7, 45, 48, 8, 10, 49, 60, 15, 18, 61, 38, 47, 26, 51, 43, 22, 53, 40, 19, 56, 39, 35, 20, 23 ]:
 Order := 64 >) |
[ PermutationGroup<64 |  
\[ 2, 7, 1, 8, 9, 10, 19, 20, 21, 22, 3, 4, 5, 6, 23, 24, 25, 26, 39, 40, 41, 42, 43, 44, 45, 46, 11, 12, 13, 14, 15, 16, 17, 18, 47, 48, 49, 50, 38, 34, 59, 60, 30, 63, 56, 57, 27, 64, 53, 54, 28, 29, 31, 32, 33, 35, 36, 37, 61, 62, 51, 52, 58, 55 ],
\[ 5, 9, 13, 16, 1, 17, 21, 24, 2, 25, 29, 32, 3, 33, 36, 4, 6, 37, 41, 44, 7, 45, 48, 8, 10, 49, 52, 54, 11, 55, 57, 12, 14, 58, 60, 15, 18, 61, 59, 63, 19, 56, 64, 20, 22, 53, 62, 23, 26, 51, 50, 27, 46, 28, 30, 42, 31, 34, 39, 35, 38, 47, 40, 43 ],
\[ 13, 5, 29, 32, 3, 33, 9, 16, 1, 17, 52, 54, 11, 55, 57, 12, 14, 58, 21, 24, 2, 25, 36, 4, 6, 37, 62, 50, 27, 64, 46, 28, 30, 63, 42, 31, 34, 59, 41, 44, 7, 45, 48, 8, 10, 49, 60, 15, 18, 61, 38, 47, 26, 51, 43, 22, 53, 40, 19, 56, 39, 35, 20, 23 ]:
 Order := 64 > |
[ 3, 1, 11, 12, 13, 14, 2, 4, 5, 6, 27, 28, 29, 30, 31, 32, 33, 34, 7, 8, 9, 10, 15, 16, 17, 18, 47, 51, 52, 43, 53, 54, 55, 40, 56, 57, 58, 39, 19, 20, 21, 22, 23, 24, 25, 26, 35, 36, 37, 38, 61, 62, 49, 50, 64, 45, 46, 63, 41, 42, 59, 60, 44, 48 ],
[ 5, 9, 13, 16, 1, 17, 21, 24, 2, 25, 29, 32, 3, 33, 36, 4, 6, 37, 41, 44, 7, 45, 48, 8, 10, 49, 52, 54, 11, 55, 57, 12, 14, 58, 60, 15, 18, 61, 59, 63, 19, 56, 64, 20, 22, 53, 62, 23, 26, 51, 50, 27, 46, 28, 30, 42, 31, 34, 39, 35, 38, 47, 40, 43 ],
[ 9, 21, 5, 24, 2, 25, 41, 44, 7, 45, 13, 16, 1, 17, 48, 8, 10, 49, 59, 63, 19, 56, 64, 20, 22, 53, 29, 32, 3, 33, 36, 4, 6, 37, 62, 23, 26, 51, 61, 58, 39, 35, 55, 40, 42, 31, 52, 43, 46, 28, 54, 11, 57, 12, 14, 60, 15, 18, 38, 47, 50, 27, 34, 30 ]
]
];

/*
Return for eval
*/

return s;
