s := SolvablePassportDBInitialize();

/*
Magma printing
*/

s`Filename := "64S1-64,2,64-g16.m";
s`GaloisOrbits := [ Strings() | "64S1-64,2,64-g16-path1-notcomputed.m" ];
s`Name := "64S1-64,2,64-g16";
s`Passport := [ PowerSequence(PermutationGroup<64 |  
\[ 2, 7, 1, 8, 9, 10, 19, 20, 21, 22, 3, 4, 5, 6, 23, 24, 25, 26, 35, 36, 37, 38, 39, 40, 41, 42, 11, 12, 13, 14, 15, 16, 17, 18, 46, 43, 51, 52, 53, 54, 55, 56, 27, 28, 29, 30, 31, 32, 33, 34, 61, 62, 57, 58, 63, 64, 44, 45, 47, 48, 49, 50, 59, 60 ],
\[ 5, 9, 13, 16, 1, 17, 21, 24, 2, 25, 29, 32, 3, 33, 18, 4, 6, 15, 37, 40, 7, 41, 26, 8, 10, 23, 45, 48, 11, 49, 34, 12, 14, 31, 51, 54, 19, 55, 42, 20, 22, 39, 58, 60, 27, 61, 50, 28, 30, 47, 35, 63, 56, 36, 38, 53, 64, 43, 62, 44, 46, 59, 52, 57 ],
\[ 13, 5, 29, 32, 3, 33, 9, 16, 1, 17, 45, 48, 11, 49, 34, 12, 14, 31, 21, 24, 2, 25, 18, 4, 6, 15, 58, 60, 27, 61, 50, 28, 30, 47, 37, 40, 7, 41, 26, 8, 10, 23, 54, 64, 43, 51, 62, 44, 46, 59, 19, 55, 42, 20, 22, 39, 56, 36, 52, 57, 35, 63, 38, 53 ]:
 Order := 64 >) |
[ PermutationGroup<64 |  
\[ 2, 7, 1, 8, 9, 10, 19, 20, 21, 22, 3, 4, 5, 6, 23, 24, 25, 26, 35, 36, 37, 38, 39, 40, 41, 42, 11, 12, 13, 14, 15, 16, 17, 18, 46, 43, 51, 52, 53, 54, 55, 56, 27, 28, 29, 30, 31, 32, 33, 34, 61, 62, 57, 58, 63, 64, 44, 45, 47, 48, 49, 50, 59, 60 ],
\[ 5, 9, 13, 16, 1, 17, 21, 24, 2, 25, 29, 32, 3, 33, 18, 4, 6, 15, 37, 40, 7, 41, 26, 8, 10, 23, 45, 48, 11, 49, 34, 12, 14, 31, 51, 54, 19, 55, 42, 20, 22, 39, 58, 60, 27, 61, 50, 28, 30, 47, 35, 63, 56, 36, 38, 53, 64, 43, 62, 44, 46, 59, 52, 57 ],
\[ 13, 5, 29, 32, 3, 33, 9, 16, 1, 17, 45, 48, 11, 49, 34, 12, 14, 31, 21, 24, 2, 25, 18, 4, 6, 15, 58, 60, 27, 61, 50, 28, 30, 47, 37, 40, 7, 41, 26, 8, 10, 23, 54, 64, 43, 51, 62, 44, 46, 59, 19, 55, 42, 20, 22, 39, 56, 36, 52, 57, 35, 63, 38, 53 ]:
 Order := 64 > |
[ 3, 1, 11, 12, 13, 14, 2, 4, 5, 6, 27, 28, 29, 30, 31, 32, 33, 34, 7, 8, 9, 10, 15, 16, 17, 18, 43, 44, 45, 46, 47, 48, 49, 50, 19, 20, 21, 22, 23, 24, 25, 26, 36, 57, 58, 35, 59, 60, 61, 62, 37, 38, 39, 40, 41, 42, 53, 54, 63, 64, 51, 52, 55, 56 ],
[ 5, 9, 13, 16, 1, 17, 21, 24, 2, 25, 29, 32, 3, 33, 18, 4, 6, 15, 37, 40, 7, 41, 26, 8, 10, 23, 45, 48, 11, 49, 34, 12, 14, 31, 51, 54, 19, 55, 42, 20, 22, 39, 58, 60, 27, 61, 50, 28, 30, 47, 35, 63, 56, 36, 38, 53, 64, 43, 62, 44, 46, 59, 52, 57 ],
[ 9, 21, 5, 24, 2, 25, 37, 40, 7, 41, 13, 16, 1, 17, 26, 8, 10, 23, 51, 54, 19, 55, 42, 20, 22, 39, 29, 32, 3, 33, 18, 4, 6, 15, 61, 58, 35, 63, 56, 36, 38, 53, 45, 48, 11, 49, 34, 12, 14, 31, 46, 59, 64, 43, 52, 57, 60, 27, 50, 28, 30, 47, 62, 44 ]
]
];

/*
Return for eval
*/

return s;
