s := SolvablePassportDBInitialize();

/*
Magma printing
*/

s`Filename := "64S10-4,8,8-g17.m";
s`GaloisOrbits := [ Strings() | "64S10-4,8,8-g17-path2.m", "64S10-4,8,8-g17-path3.m", "64S10-4,8,8-g17-path1.m" ];
s`Name := "64S10-4,8,8-g17";
s`Passport := [ PowerSequence(PermutationGroup<64 |  
\[ 12, 38, 8, 51, 2, 5, 46, 36, 22, 14, 29, 9, 25, 26, 33, 20, 63, 15, 18, 45, 13, 1, 59, 21, 24, 28, 31, 10, 27, 35, 11, 52, 19, 61, 62, 40, 49, 6, 48, 3, 53, 58, 41, 43, 64, 39, 23, 7, 4, 30, 37, 57, 44, 55, 42, 32, 56, 54, 60, 47, 17, 50, 34, 16 ],
\[ 3, 10, 16, 22, 18, 26, 1, 30, 36, 20, 5, 43, 2, 50, 47, 27, 40, 57, 59, 4, 61, 53, 49, 6, 63, 64, 38, 35, 34, 48, 17, 7, 32, 8, 25, 45, 12, 33, 9, 62, 60, 28, 56, 23, 11, 55, 31, 58, 54, 21, 42, 13, 52, 14, 15, 24, 39, 19, 29, 51, 44, 46, 41, 37 ],
\[ 4, 11, 17, 23, 24, 27, 30, 1, 37, 42, 47, 7, 50, 2, 5, 26, 21, 58, 38, 3, 56, 39, 15, 35, 52, 54, 59, 6, 45, 14, 16, 43, 55, 25, 8, 34, 60, 13, 62, 9, 12, 46, 61, 22, 10, 32, 41, 57, 64, 40, 20, 33, 63, 48, 49, 18, 53, 51, 44, 19, 29, 28, 31, 36 ]:
 Order := 64 >) |
[ PermutationGroup<64 |  
\[ 12, 38, 8, 51, 2, 5, 46, 36, 22, 14, 29, 9, 25, 26, 33, 20, 63, 15, 18, 45, 13, 1, 59, 21, 24, 28, 31, 10, 27, 35, 11, 52, 19, 61, 62, 40, 49, 6, 48, 3, 53, 58, 41, 43, 64, 39, 23, 7, 4, 30, 37, 57, 44, 55, 42, 32, 56, 54, 60, 47, 17, 50, 34, 16 ],
\[ 3, 10, 16, 22, 18, 26, 1, 30, 36, 20, 5, 43, 2, 50, 47, 27, 40, 57, 59, 4, 61, 53, 49, 6, 63, 64, 38, 35, 34, 48, 17, 7, 32, 8, 25, 45, 12, 33, 9, 62, 60, 28, 56, 23, 11, 55, 31, 58, 54, 21, 42, 13, 52, 14, 15, 24, 39, 19, 29, 51, 44, 46, 41, 37 ],
\[ 4, 11, 17, 23, 24, 27, 30, 1, 37, 42, 47, 7, 50, 2, 5, 26, 21, 58, 38, 3, 56, 39, 15, 35, 52, 54, 59, 6, 45, 14, 16, 43, 55, 25, 8, 34, 60, 13, 62, 9, 12, 46, 61, 22, 10, 32, 41, 57, 64, 40, 20, 33, 63, 48, 49, 18, 53, 51, 44, 19, 29, 28, 31, 36 ]:
 Order := 64 > |
[ 2, 9, 15, 21, 12, 1, 29, 33, 6, 41, 46, 38, 49, 53, 36, 56, 54, 8, 3, 32, 37, 5, 62, 51, 4, 44, 48, 43, 39, 23, 7, 64, 40, 42, 59, 19, 25, 22, 31, 18, 26, 17, 14, 10, 52, 27, 35, 11, 24, 47, 13, 16, 28, 34, 61, 45, 20, 63, 50, 30, 58, 60, 55, 57 ],
[ 3, 10, 16, 22, 18, 26, 1, 30, 36, 20, 5, 43, 2, 50, 47, 27, 40, 57, 59, 4, 61, 53, 49, 6, 63, 64, 38, 35, 34, 48, 17, 7, 32, 8, 25, 45, 12, 33, 9, 62, 60, 28, 56, 23, 11, 55, 31, 58, 54, 21, 42, 13, 52, 14, 15, 24, 39, 19, 29, 51, 44, 46, 41, 37 ],
[ 24, 7, 58, 35, 4, 39, 47, 5, 13, 61, 30, 11, 60, 12, 1, 53, 51, 17, 9, 18, 20, 27, 8, 23, 64, 63, 62, 22, 32, 41, 57, 10, 34, 49, 15, 55, 50, 37, 59, 38, 2, 29, 42, 6, 43, 45, 14, 16, 52, 19, 56, 36, 54, 31, 25, 3, 26, 21, 28, 40, 46, 44, 48, 33 ]
]
];

/*
Return for eval
*/

return s;
