s := SolvablePassportDBInitialize();

/*
Magma printing
*/

s`Filename := "64S29-16,4,16-g21.m";
s`GaloisOrbits := [ Strings() | "64S29-16,4,16-g21-path4-notcomputed.m", "64S29-16,4,16-g21-path1-notcomputed.m", "64S29-16,4,16-g21-path3-notcomputed.m" ];
s`Name := "64S29-16,4,16-g21";
s`Passport := [ PowerSequence(PermutationGroup<64 |  
\[ 11, 33, 8, 24, 2, 5, 14, 32, 51, 13, 9, 35, 52, 27, 37, 7, 12, 1, 25, 17, 20, 26, 18, 10, 36, 3, 55, 30, 39, 57, 59, 34, 31, 60, 38, 28, 29, 63, 40, 64, 4, 6, 16, 22, 15, 45, 23, 41, 43, 42, 53, 54, 50, 61, 56, 44, 58, 46, 47, 49, 21, 19, 48, 62 ],
\[ 3, 10, 5, 18, 7, 4, 1, 28, 32, 11, 12, 2, 39, 29, 26, 15, 36, 20, 41, 6, 19, 42, 22, 37, 16, 25, 9, 14, 8, 13, 52, 33, 27, 57, 30, 24, 17, 31, 35, 34, 45, 43, 23, 62, 21, 44, 61, 47, 46, 48, 38, 51, 60, 64, 40, 53, 55, 54, 56, 59, 50, 49, 58, 63 ],
\[ 4, 3, 15, 19, 20, 22, 25, 1, 10, 36, 7, 37, 2, 5, 41, 42, 18, 43, 44, 45, 47, 46, 48, 6, 21, 23, 28, 17, 24, 8, 32, 29, 12, 9, 11, 26, 16, 39, 14, 13, 50, 61, 62, 59, 49, 63, 60, 64, 53, 56, 27, 30, 52, 31, 33, 57, 35, 34, 38, 40, 58, 54, 51, 55 ]:
 Order := 64 >) |
[ PermutationGroup<64 |  
\[ 11, 33, 8, 24, 2, 5, 14, 32, 51, 13, 9, 35, 52, 27, 37, 7, 12, 1, 25, 17, 20, 26, 18, 10, 36, 3, 55, 30, 39, 57, 59, 34, 31, 60, 38, 28, 29, 63, 40, 64, 4, 6, 16, 22, 15, 45, 23, 41, 43, 42, 53, 54, 50, 61, 56, 44, 58, 46, 47, 49, 21, 19, 48, 62 ],
\[ 3, 10, 5, 18, 7, 4, 1, 28, 32, 11, 12, 2, 39, 29, 26, 15, 36, 20, 41, 6, 19, 42, 22, 37, 16, 25, 9, 14, 8, 13, 52, 33, 27, 57, 30, 24, 17, 31, 35, 34, 45, 43, 23, 62, 21, 44, 61, 47, 46, 48, 38, 51, 60, 64, 40, 53, 55, 54, 56, 59, 50, 49, 58, 63 ],
\[ 4, 3, 15, 19, 20, 22, 25, 1, 10, 36, 7, 37, 2, 5, 41, 42, 18, 43, 44, 45, 47, 46, 48, 6, 21, 23, 28, 17, 24, 8, 32, 29, 12, 9, 11, 26, 16, 39, 14, 13, 50, 61, 62, 59, 49, 63, 60, 64, 53, 56, 27, 30, 52, 31, 33, 57, 35, 34, 38, 40, 58, 54, 51, 55 ]:
 Order := 64 > |
[ 18, 5, 26, 41, 6, 42, 16, 3, 11, 24, 1, 17, 10, 7, 45, 43, 20, 23, 62, 21, 61, 44, 47, 4, 19, 22, 14, 36, 37, 28, 33, 8, 2, 32, 12, 25, 15, 35, 29, 39, 48, 50, 49, 56, 46, 58, 59, 63, 60, 53, 9, 13, 51, 52, 27, 55, 30, 57, 31, 34, 54, 64, 38, 40 ],
[ 3, 10, 5, 18, 7, 4, 1, 28, 32, 11, 12, 2, 39, 29, 26, 15, 36, 20, 41, 6, 19, 42, 22, 37, 16, 25, 9, 14, 8, 13, 52, 33, 27, 57, 30, 24, 17, 31, 35, 34, 45, 43, 23, 62, 21, 44, 61, 47, 46, 48, 38, 51, 60, 64, 40, 53, 55, 54, 56, 59, 50, 49, 58, 63 ],
[ 10, 32, 29, 36, 12, 3, 28, 9, 52, 30, 27, 39, 31, 33, 24, 5, 11, 7, 26, 37, 18, 15, 4, 2, 17, 1, 57, 35, 13, 34, 60, 40, 38, 53, 51, 8, 14, 64, 55, 54, 6, 20, 25, 23, 16, 41, 43, 19, 42, 22, 56, 58, 61, 47, 59, 46, 63, 49, 48, 62, 45, 21, 50, 44 ]
]
];

/*
Return for eval
*/

return s;
