s := SolvablePassportDBInitialize();

/*
Magma printing
*/

s`Filename := "64S21-4,8,4-g13.m";
s`GaloisOrbits := [ Strings() | "64S21-4,8,4-g13-path18.m", "64S21-4,8,4-g13-path2.m", "64S21-4,8,4-g13-path10.m", "64S21-4,8,4-g13-path23.m", "64S21-4,8,4-g13-path14.m", "64S21-4,8,4-g13-path8.m" ];
s`Name := "64S21-4,8,4-g13";
s`Passport := [ PowerSequence(PermutationGroup<64 |  
\[ 6, 1, 8, 20, 2, 5, 26, 15, 11, 24, 22, 3, 16, 40, 12, 37, 4, 25, 17, 19, 13, 23, 9, 7, 33, 10, 43, 18, 39, 27, 44, 30, 28, 45, 38, 56, 21, 53, 14, 29, 35, 55, 32, 34, 31, 61, 49, 60, 59, 47, 54, 64, 41, 63, 36, 42, 51, 62, 50, 46, 48, 52, 57, 58 ],
\[ 3, 9, 13, 2, 15, 22, 1, 28, 30, 5, 33, 25, 35, 12, 37, 19, 39, 17, 6, 40, 4, 43, 18, 44, 24, 45, 7, 26, 8, 47, 23, 10, 20, 11, 51, 21, 53, 29, 55, 56, 14, 16, 59, 60, 61, 27, 57, 32, 34, 31, 46, 41, 63, 42, 62, 64, 36, 38, 54, 52, 58, 50, 48, 49 ],
\[ 4, 10, 14, 18, 19, 7, 25, 1, 31, 28, 2, 5, 36, 17, 29, 3, 16, 8, 33, 21, 15, 34, 6, 32, 23, 27, 9, 11, 20, 48, 26, 22, 12, 24, 52, 39, 42, 13, 38, 41, 37, 40, 46, 50, 49, 44, 62, 45, 30, 43, 47, 55, 58, 35, 54, 57, 53, 56, 64, 63, 51, 61, 59, 60 ]:
 Order := 64 >) |
[ PermutationGroup<64 |  
\[ 6, 1, 8, 20, 2, 5, 26, 15, 11, 24, 22, 3, 16, 40, 12, 37, 4, 25, 17, 19, 13, 23, 9, 7, 33, 10, 43, 18, 39, 27, 44, 30, 28, 45, 38, 56, 21, 53, 14, 29, 35, 55, 32, 34, 31, 61, 49, 60, 59, 47, 54, 64, 41, 63, 36, 42, 51, 62, 50, 46, 48, 52, 57, 58 ],
\[ 3, 9, 13, 2, 15, 22, 1, 28, 30, 5, 33, 25, 35, 12, 37, 19, 39, 17, 6, 40, 4, 43, 18, 44, 24, 45, 7, 26, 8, 47, 23, 10, 20, 11, 51, 21, 53, 29, 55, 56, 14, 16, 59, 60, 61, 27, 57, 32, 34, 31, 46, 41, 63, 42, 62, 64, 36, 38, 54, 52, 58, 50, 48, 49 ],
\[ 4, 10, 14, 18, 19, 7, 25, 1, 31, 28, 2, 5, 36, 17, 29, 3, 16, 8, 33, 21, 15, 34, 6, 32, 23, 27, 9, 11, 20, 48, 26, 22, 12, 24, 52, 39, 42, 13, 38, 41, 37, 40, 46, 50, 49, 44, 62, 45, 30, 43, 47, 55, 58, 35, 54, 57, 53, 56, 64, 63, 51, 61, 59, 60 ]:
 Order := 64 > |
[ 2, 5, 12, 17, 6, 1, 24, 3, 23, 26, 9, 15, 21, 39, 8, 13, 19, 28, 20, 4, 37, 11, 22, 10, 18, 7, 30, 33, 40, 32, 45, 43, 25, 44, 41, 55, 16, 35, 29, 14, 53, 56, 27, 31, 34, 60, 50, 61, 47, 59, 57, 62, 38, 51, 42, 36, 63, 64, 49, 48, 46, 58, 54, 52 ],
[ 7, 4, 1, 21, 10, 19, 27, 29, 2, 32, 34, 14, 3, 41, 5, 42, 18, 23, 16, 33, 36, 6, 31, 25, 12, 28, 46, 8, 38, 9, 50, 48, 11, 49, 13, 57, 15, 58, 17, 20, 52, 54, 22, 24, 26, 51, 30, 63, 64, 62, 35, 60, 37, 59, 39, 40, 47, 61, 43, 44, 45, 55, 53, 56 ],
[ 22, 3, 28, 40, 9, 15, 45, 37, 33, 44, 43, 13, 19, 56, 25, 53, 2, 24, 39, 6, 35, 18, 30, 1, 20, 5, 59, 17, 55, 7, 60, 47, 26, 61, 29, 64, 4, 63, 12, 8, 51, 62, 10, 11, 23, 58, 34, 52, 54, 57, 42, 49, 14, 48, 21, 16, 46, 50, 31, 27, 32, 41, 36, 38 ]
]
];

/*
Return for eval
*/

return s;
