s := SolvablePassportDBInitialize();

/*
Magma printing
*/

s`Filename := "64S29-8,16,16-g25.m";
s`GaloisOrbits := [ Strings() | "64S29-8,16,16-g25-path1.m", "64S29-8,16,16-g25-path3.m", "64S29-8,16,16-g25-path8.m", "64S29-8,16,16-g25-path6.m", "64S29-8,16,16-g25-path5.m", "64S29-8,16,16-g25-path7.m" ];
s`Name := "64S29-8,16,16-g25";
s`Passport := [ PowerSequence(PermutationGroup<64 |  
\[ 2, 9, 8, 19, 11, 1, 27, 30, 33, 13, 34, 38, 41, 18, 5, 10, 3, 37, 12, 28, 7, 4, 29, 16, 21, 6, 35, 39, 40, 36, 32, 42, 61, 62, 44, 54, 52, 48, 46, 14, 51, 20, 31, 60, 15, 43, 17, 49, 53, 23, 55, 50, 22, 59, 56, 24, 25, 26, 47, 57, 58, 63, 64, 45 ],
\[ 3, 10, 14, 6, 16, 24, 1, 31, 30, 18, 8, 2, 32, 35, 17, 43, 46, 48, 5, 22, 15, 45, 4, 40, 26, 47, 11, 21, 7, 37, 44, 49, 41, 13, 9, 42, 60, 34, 19, 12, 52, 57, 38, 62, 56, 27, 29, 33, 63, 25, 20, 53, 58, 50, 23, 39, 64, 55, 28, 61, 54, 36, 51, 59 ],
\[ 4, 7, 15, 20, 21, 25, 28, 1, 12, 5, 19, 39, 2, 24, 22, 6, 26, 3, 23, 36, 50, 52, 54, 45, 42, 53, 29, 51, 55, 11, 16, 8, 35, 27, 46, 9, 10, 40, 59, 47, 34, 13, 17, 14, 57, 56, 64, 43, 18, 41, 33, 30, 32, 62, 63, 58, 37, 60, 61, 31, 48, 38, 44, 49 ]:
 Order := 64 >) |
[ PermutationGroup<64 |  
\[ 2, 9, 8, 19, 11, 1, 27, 30, 33, 13, 34, 38, 41, 18, 5, 10, 3, 37, 12, 28, 7, 4, 29, 16, 21, 6, 35, 39, 40, 36, 32, 42, 61, 62, 44, 54, 52, 48, 46, 14, 51, 20, 31, 60, 15, 43, 17, 49, 53, 23, 55, 50, 22, 59, 56, 24, 25, 26, 47, 57, 58, 63, 64, 45 ],
\[ 3, 10, 14, 6, 16, 24, 1, 31, 30, 18, 8, 2, 32, 35, 17, 43, 46, 48, 5, 22, 15, 45, 4, 40, 26, 47, 11, 21, 7, 37, 44, 49, 41, 13, 9, 42, 60, 34, 19, 12, 52, 57, 38, 62, 56, 27, 29, 33, 63, 25, 20, 53, 58, 50, 23, 39, 64, 55, 28, 61, 54, 36, 51, 59 ],
\[ 4, 7, 15, 20, 21, 25, 28, 1, 12, 5, 19, 39, 2, 24, 22, 6, 26, 3, 23, 36, 50, 52, 54, 45, 42, 53, 29, 51, 55, 11, 16, 8, 35, 27, 46, 9, 10, 40, 59, 47, 34, 13, 17, 14, 57, 56, 64, 43, 18, 41, 33, 30, 32, 62, 63, 58, 37, 60, 61, 31, 48, 38, 44, 49 ]:
 Order := 64 > |
[ 58, 26, 59, 49, 64, 61, 57, 47, 6, 56, 45, 22, 24, 23, 63, 55, 54, 29, 53, 31, 60, 48, 37, 51, 44, 33, 25, 32, 52, 17, 39, 46, 1, 15, 21, 3, 40, 4, 42, 50, 16, 43, 28, 7, 62, 20, 36, 19, 12, 18, 10, 14, 38, 8, 13, 41, 35, 9, 30, 27, 2, 5, 11, 34 ],
[ 3, 10, 14, 6, 16, 24, 1, 31, 30, 18, 8, 2, 32, 35, 17, 43, 46, 48, 5, 22, 15, 45, 4, 40, 26, 47, 11, 21, 7, 37, 44, 49, 41, 13, 9, 42, 60, 34, 19, 12, 52, 57, 38, 62, 56, 27, 29, 33, 63, 25, 20, 53, 58, 50, 23, 39, 64, 55, 28, 61, 54, 36, 51, 59 ],
[ 48, 60, 62, 43, 44, 35, 31, 61, 53, 63, 49, 32, 58, 41, 38, 33, 9, 54, 18, 17, 14, 40, 3, 34, 46, 12, 37, 16, 10, 64, 51, 59, 25, 57, 42, 26, 55, 52, 8, 30, 45, 56, 36, 50, 27, 13, 11, 20, 23, 24, 6, 47, 39, 15, 5, 2, 29, 7, 1, 28, 4, 22, 21, 19 ]
],
[ PermutationGroup<64 |  
\[ 2, 9, 8, 19, 11, 1, 27, 30, 33, 13, 34, 38, 41, 18, 5, 10, 3, 37, 12, 28, 7, 4, 29, 16, 21, 6, 35, 39, 40, 36, 32, 42, 61, 62, 44, 54, 52, 48, 46, 14, 51, 20, 31, 60, 15, 43, 17, 49, 53, 23, 55, 50, 22, 59, 56, 24, 25, 26, 47, 57, 58, 63, 64, 45 ],
\[ 3, 10, 14, 6, 16, 24, 1, 31, 30, 18, 8, 2, 32, 35, 17, 43, 46, 48, 5, 22, 15, 45, 4, 40, 26, 47, 11, 21, 7, 37, 44, 49, 41, 13, 9, 42, 60, 34, 19, 12, 52, 57, 38, 62, 56, 27, 29, 33, 63, 25, 20, 53, 58, 50, 23, 39, 64, 55, 28, 61, 54, 36, 51, 59 ],
\[ 4, 7, 15, 20, 21, 25, 28, 1, 12, 5, 19, 39, 2, 24, 22, 6, 26, 3, 23, 36, 50, 52, 54, 45, 42, 53, 29, 51, 55, 11, 16, 8, 35, 27, 46, 9, 10, 40, 59, 47, 34, 13, 17, 14, 57, 56, 64, 43, 18, 41, 33, 30, 32, 62, 63, 58, 37, 60, 61, 31, 48, 38, 44, 49 ]:
 Order := 64 > |
[ 33, 61, 36, 38, 62, 9, 44, 54, 58, 51, 63, 49, 55, 52, 34, 41, 30, 50, 48, 46, 35, 12, 14, 13, 27, 2, 60, 43, 18, 59, 20, 28, 26, 64, 57, 47, 23, 53, 31, 37, 56, 39, 42, 25, 11, 32, 8, 22, 4, 40, 24, 29, 19, 17, 16, 10, 7, 1, 3, 21, 6, 45, 15, 5 ],
[ 3, 10, 14, 6, 16, 24, 1, 31, 30, 18, 8, 2, 32, 35, 17, 43, 46, 48, 5, 22, 15, 45, 4, 40, 26, 47, 11, 21, 7, 37, 44, 49, 41, 13, 9, 42, 60, 34, 19, 12, 52, 57, 38, 62, 56, 27, 29, 33, 63, 25, 20, 53, 58, 50, 23, 39, 64, 55, 28, 61, 54, 36, 51, 59 ],
[ 53, 25, 64, 32, 57, 60, 42, 26, 4, 45, 22, 20, 6, 55, 49, 58, 61, 47, 52, 8, 37, 18, 30, 63, 31, 48, 50, 13, 41, 15, 56, 17, 7, 21, 28, 1, 24, 23, 36, 54, 5, 16, 59, 29, 44, 51, 62, 39, 40, 10, 2, 3, 43, 11, 34, 33, 14, 35, 9, 46, 12, 19, 27, 38 ]
]
];

/*
Return for eval
*/

return s;
