s := SolvablePassportDBInitialize();

/*
Magma printing
*/

s`Filename := "64S22-8,8,8-g21.m";
s`GaloisOrbits := [ Strings() | "64S22-8,8,8-g21-path7-notcomputed.m", "64S22-8,8,8-g21-path1-notcomputed.m" ];
s`Name := "64S22-8,8,8-g21";
s`Passport := [ PowerSequence(PermutationGroup<64 |  
\[ 12, 29, 8, 60, 2, 5, 46, 53, 6, 14, 31, 9, 25, 27, 35, 20, 58, 15, 18, 63, 39, 1, 32, 21, 24, 34, 30, 48, 22, 44, 28, 57, 11, 42, 40, 38, 64, 47, 49, 3, 51, 45, 37, 41, 59, 61, 50, 7, 4, 54, 62, 56, 19, 23, 52, 43, 36, 55, 16, 13, 33, 10, 26, 17 ],
\[ 3, 10, 16, 22, 18, 27, 1, 36, 35, 42, 5, 44, 2, 23, 54, 11, 40, 34, 32, 13, 58, 51, 49, 6, 52, 4, 26, 9, 53, 50, 55, 48, 56, 7, 63, 31, 8, 25, 12, 47, 38, 39, 62, 20, 28, 37, 33, 17, 64, 60, 59, 14, 45, 46, 15, 19, 21, 30, 24, 43, 29, 57, 61, 41 ],
\[ 4, 11, 17, 23, 24, 28, 32, 1, 39, 43, 47, 7, 50, 2, 5, 51, 49, 56, 29, 3, 59, 61, 15, 38, 20, 35, 52, 36, 13, 6, 16, 14, 63, 27, 55, 62, 60, 8, 57, 9, 12, 18, 33, 58, 10, 34, 41, 45, 42, 40, 64, 31, 37, 30, 21, 25, 19, 48, 53, 26, 54, 22, 44, 46 ]:
 Order := 64 >) |
[ PermutationGroup<64 |  
\[ 12, 29, 8, 60, 2, 5, 46, 53, 6, 14, 31, 9, 25, 27, 35, 20, 58, 15, 18, 63, 39, 1, 32, 21, 24, 34, 30, 48, 22, 44, 28, 57, 11, 42, 40, 38, 64, 47, 49, 3, 51, 45, 37, 41, 59, 61, 50, 7, 4, 54, 62, 56, 19, 23, 52, 43, 36, 55, 16, 13, 33, 10, 26, 17 ],
\[ 3, 10, 16, 22, 18, 27, 1, 36, 35, 42, 5, 44, 2, 23, 54, 11, 40, 34, 32, 13, 58, 51, 49, 6, 52, 4, 26, 9, 53, 50, 55, 48, 56, 7, 63, 31, 8, 25, 12, 47, 38, 39, 62, 20, 28, 37, 33, 17, 64, 60, 59, 14, 45, 46, 15, 19, 21, 30, 24, 43, 29, 57, 61, 41 ],
\[ 4, 11, 17, 23, 24, 28, 32, 1, 39, 43, 47, 7, 50, 2, 5, 51, 49, 56, 29, 3, 59, 61, 15, 38, 20, 35, 52, 36, 13, 6, 16, 14, 63, 27, 55, 62, 60, 8, 57, 9, 12, 18, 33, 58, 10, 34, 41, 45, 42, 40, 64, 31, 37, 30, 21, 25, 19, 48, 53, 26, 54, 22, 44, 46 ]:
 Order := 64 > |
[ 12, 29, 8, 60, 2, 5, 46, 53, 6, 14, 31, 9, 25, 27, 35, 20, 58, 15, 18, 63, 39, 1, 32, 21, 24, 34, 30, 48, 22, 44, 28, 57, 11, 42, 40, 38, 64, 47, 49, 3, 51, 45, 37, 41, 59, 61, 50, 7, 4, 54, 62, 56, 19, 23, 52, 43, 36, 55, 16, 13, 33, 10, 26, 17 ],
[ 3, 10, 16, 22, 18, 27, 1, 36, 35, 42, 5, 44, 2, 23, 54, 11, 40, 34, 32, 13, 58, 51, 49, 6, 52, 4, 26, 9, 53, 50, 55, 48, 56, 7, 63, 31, 8, 25, 12, 47, 38, 39, 62, 20, 28, 37, 33, 17, 64, 60, 59, 14, 45, 46, 15, 19, 21, 30, 24, 43, 29, 57, 61, 41 ],
[ 4, 11, 17, 23, 24, 28, 32, 1, 39, 43, 47, 7, 50, 2, 5, 51, 49, 56, 29, 3, 59, 61, 15, 38, 20, 35, 52, 36, 13, 6, 16, 14, 63, 27, 55, 62, 60, 8, 57, 9, 12, 18, 33, 58, 10, 34, 41, 45, 42, 40, 64, 31, 37, 30, 21, 25, 19, 48, 53, 26, 54, 22, 44, 46 ]
],
[ PermutationGroup<64 |  
\[ 12, 29, 8, 60, 2, 5, 46, 53, 6, 14, 31, 9, 25, 27, 35, 20, 58, 15, 18, 63, 39, 1, 32, 21, 24, 34, 30, 48, 22, 44, 28, 57, 11, 42, 40, 38, 64, 47, 49, 3, 51, 45, 37, 41, 59, 61, 50, 7, 4, 54, 62, 56, 19, 23, 52, 43, 36, 55, 16, 13, 33, 10, 26, 17 ],
\[ 3, 10, 16, 22, 18, 27, 1, 36, 35, 42, 5, 44, 2, 23, 54, 11, 40, 34, 32, 13, 58, 51, 49, 6, 52, 4, 26, 9, 53, 50, 55, 48, 56, 7, 63, 31, 8, 25, 12, 47, 38, 39, 62, 20, 28, 37, 33, 17, 64, 60, 59, 14, 45, 46, 15, 19, 21, 30, 24, 43, 29, 57, 61, 41 ],
\[ 4, 11, 17, 23, 24, 28, 32, 1, 39, 43, 47, 7, 50, 2, 5, 51, 49, 56, 29, 3, 59, 61, 15, 38, 20, 35, 52, 36, 13, 6, 16, 14, 63, 27, 55, 62, 60, 8, 57, 9, 12, 18, 33, 58, 10, 34, 41, 45, 42, 40, 64, 31, 37, 30, 21, 25, 19, 48, 53, 26, 54, 22, 44, 46 ]:
 Order := 64 > |
[ 3, 10, 16, 22, 18, 27, 1, 36, 35, 42, 5, 44, 2, 23, 54, 11, 40, 34, 32, 13, 58, 51, 49, 6, 52, 4, 26, 9, 53, 50, 55, 48, 56, 7, 63, 31, 8, 25, 12, 47, 38, 39, 62, 20, 28, 37, 33, 17, 64, 60, 59, 14, 45, 46, 15, 19, 21, 30, 24, 43, 29, 57, 61, 41 ],
[ 12, 29, 8, 60, 2, 5, 46, 53, 6, 14, 31, 9, 25, 27, 35, 20, 58, 15, 18, 63, 39, 1, 32, 21, 24, 34, 30, 48, 22, 44, 28, 57, 11, 42, 40, 38, 64, 47, 49, 3, 51, 45, 37, 41, 59, 61, 50, 7, 4, 54, 62, 56, 19, 23, 52, 43, 36, 55, 16, 13, 33, 10, 26, 17 ],
[ 48, 60, 22, 63, 33, 25, 26, 43, 31, 5, 59, 21, 16, 55, 58, 40, 28, 6, 52, 30, 32, 49, 10, 45, 36, 14, 9, 42, 46, 17, 57, 53, 38, 19, 12, 3, 7, 44, 34, 64, 37, 62, 4, 1, 8, 50, 35, 23, 54, 27, 29, 13, 2, 18, 11, 61, 51, 24, 41, 47, 20, 56, 15, 39 ]
],
[ PermutationGroup<64 |  
\[ 12, 29, 8, 60, 2, 5, 46, 53, 6, 14, 31, 9, 25, 27, 35, 20, 58, 15, 18, 63, 39, 1, 32, 21, 24, 34, 30, 48, 22, 44, 28, 57, 11, 42, 40, 38, 64, 47, 49, 3, 51, 45, 37, 41, 59, 61, 50, 7, 4, 54, 62, 56, 19, 23, 52, 43, 36, 55, 16, 13, 33, 10, 26, 17 ],
\[ 3, 10, 16, 22, 18, 27, 1, 36, 35, 42, 5, 44, 2, 23, 54, 11, 40, 34, 32, 13, 58, 51, 49, 6, 52, 4, 26, 9, 53, 50, 55, 48, 56, 7, 63, 31, 8, 25, 12, 47, 38, 39, 62, 20, 28, 37, 33, 17, 64, 60, 59, 14, 45, 46, 15, 19, 21, 30, 24, 43, 29, 57, 61, 41 ],
\[ 4, 11, 17, 23, 24, 28, 32, 1, 39, 43, 47, 7, 50, 2, 5, 51, 49, 56, 29, 3, 59, 61, 15, 38, 20, 35, 52, 36, 13, 6, 16, 14, 63, 27, 55, 62, 60, 8, 57, 9, 12, 18, 33, 58, 10, 34, 41, 45, 42, 40, 64, 31, 37, 30, 21, 25, 19, 48, 53, 26, 54, 22, 44, 46 ]:
 Order := 64 > |
[ 3, 10, 16, 22, 18, 27, 1, 36, 35, 42, 5, 44, 2, 23, 54, 11, 40, 34, 32, 13, 58, 51, 49, 6, 52, 4, 26, 9, 53, 50, 55, 48, 56, 7, 63, 31, 8, 25, 12, 47, 38, 39, 62, 20, 28, 37, 33, 17, 64, 60, 59, 14, 45, 46, 15, 19, 21, 30, 24, 43, 29, 57, 61, 41 ],
[ 40, 62, 59, 29, 19, 14, 22, 57, 15, 34, 6, 30, 5, 54, 50, 33, 35, 26, 23, 60, 17, 41, 39, 9, 55, 49, 63, 12, 8, 47, 58, 28, 52, 48, 20, 11, 3, 13, 1, 38, 36, 21, 51, 16, 31, 43, 61, 64, 37, 4, 45, 10, 42, 7, 18, 53, 24, 27, 25, 56, 2, 32, 46, 44 ],
[ 54, 38, 39, 18, 36, 57, 10, 49, 32, 61, 44, 23, 35, 33, 25, 37, 34, 13, 60, 64, 8, 50, 6, 3, 40, 58, 11, 51, 47, 31, 41, 5, 30, 55, 24, 29, 63, 22, 53, 21, 48, 52, 20, 28, 56, 14, 1, 62, 19, 12, 7, 59, 4, 9, 45, 16, 2, 42, 43, 15, 27, 46, 17, 26 ]
]
];

/*
Return for eval
*/

return s;
