s := SolvablePassportDBInitialize();

/*
Magma printing
*/

s`Filename := "64S24-8,8,4-g17.m";
s`GaloisOrbits := [ Strings() | "64S24-8,8,4-g17-path91.m", "64S24-8,8,4-g17-path61.m", "64S24-8,8,4-g17-path21.m", "64S24-8,8,4-g17-path38.m", "64S24-8,8,4-g17-path81.m", "64S24-8,8,4-g17-path37.m", "64S24-8,8,4-g17-path27.m", "64S24-8,8,4-g17-path74.m", "64S24-8,8,4-g17-path75.m", "64S24-8,8,4-g17-path39.m", "64S24-8,8,4-g17-path2.m", "64S24-8,8,4-g17-path84.m", "64S24-8,8,4-g17-path36.m", "64S24-8,8,4-g17-path1.m", "64S24-8,8,4-g17-path68.m", "64S24-8,8,4-g17-path6.m", "64S24-8,8,4-g17-path40.m", "64S24-8,8,4-g17-path78.m", "64S24-8,8,4-g17-path82.m", "64S24-8,8,4-g17-path55.m", "64S24-8,8,4-g17-path20.m", "64S24-8,8,4-g17-path41.m", "64S24-8,8,4-g17-path35.m", "64S24-8,8,4-g17-path26.m", "64S24-8,8,4-g17-path7.m", "64S24-8,8,4-g17-path86.m", "64S24-8,8,4-g17-path42.m", "64S24-8,8,4-g17-path16.m", "64S24-8,8,4-g17-path14.m", "64S24-8,8,4-g17-path89.m", "64S24-8,8,4-g17-path73.m", "64S24-8,8,4-g17-path34.m", "64S24-8,8,4-g17-path25.m", "64S24-8,8,4-g17-path43.m", "64S24-8,8,4-g17-path64.m", "64S24-8,8,4-g17-path58.m", "64S24-8,8,4-g17-path63.m", "64S24-8,8,4-g17-path10.m", "64S24-8,8,4-g17-path19.m", "64S24-8,8,4-g17-path44.m", "64S24-8,8,4-g17-path56.m", "64S24-8,8,4-g17-path33.m", "64S24-8,8,4-g17-path72.m", "64S24-8,8,4-g17-path9.m", "64S24-8,8,4-g17-path85.m", "64S24-8,8,4-g17-path45.m", "64S24-8,8,4-g17-path5.m", "64S24-8,8,4-g17-path90.m", "64S24-8,8,4-g17-path12.m", "64S24-8,8,4-g17-path24.m", "64S24-8,8,4-g17-path76.m", "64S24-8,8,4-g17-path83.m", "64S24-8,8,4-g17-path66.m", "64S24-8,8,4-g17-path46.m", "64S24-8,8,4-g17-path32.m", "64S24-8,8,4-g17-path92.m", "64S24-8,8,4-g17-path80.m", "64S24-8,8,4-g17-path70.m", "64S24-8,8,4-g17-path93.m", "64S24-8,8,4-g17-path13.m", "64S24-8,8,4-g17-path88.m", "64S24-8,8,4-g17-path31.m", "64S24-8,8,4-g17-path94.m", "64S24-8,8,4-g17-path47.m", "64S24-8,8,4-g17-path23.m", "64S24-8,8,4-g17-path65.m", "64S24-8,8,4-g17-path95.m", "64S24-8,8,4-g17-path69.m", "64S24-8,8,4-g17-path60.m", "64S24-8,8,4-g17-path18.m", "64S24-8,8,4-g17-path96.m", "64S24-8,8,4-g17-path48.m", "64S24-8,8,4-g17-path30.m", "64S24-8,8,4-g17-path97.m", "64S24-8,8,4-g17-path79.m", "64S24-8,8,4-g17-path71.m", "64S24-8,8,4-g17-path59.m", "64S24-8,8,4-g17-path4.m", "64S24-8,8,4-g17-path15.m", "64S24-8,8,4-g17-path98.m", "64S24-8,8,4-g17-path49.m", "64S24-8,8,4-g17-path99.m", "64S24-8,8,4-g17-path8.m", "64S24-8,8,4-g17-path54.m", "64S24-8,8,4-g17-path67.m", "64S24-8,8,4-g17-path53.m", "64S24-8,8,4-g17-path100.m", "64S24-8,8,4-g17-path50.m", "64S24-8,8,4-g17-path101.m", "64S24-8,8,4-g17-path22.m", "64S24-8,8,4-g17-path29.m", "64S24-8,8,4-g17-path3.m", "64S24-8,8,4-g17-path77.m", "64S24-8,8,4-g17-path87.m", "64S24-8,8,4-g17-path52.m", "64S24-8,8,4-g17-path102.m", "64S24-8,8,4-g17-path51.m", "64S24-8,8,4-g17-path17.m", "64S24-8,8,4-g17-path103.m", "64S24-8,8,4-g17-path57.m", "64S24-8,8,4-g17-path28.m", "64S24-8,8,4-g17-path62.m", "64S24-8,8,4-g17-path11.m" ];
s`Name := "64S24-8,8,4-g17";
s`Passport := [ PowerSequence(PermutationGroup<64 |  
\[ 12, 33, 8, 29, 2, 5, 22, 19, 58, 7, 26, 9, 3, 18, 47, 4, 16, 45, 53, 1, 14, 25, 48, 20, 46, 23, 11, 55, 49, 43, 64, 13, 31, 10, 38, 21, 27, 30, 35, 17, 44, 37, 15, 34, 54, 41, 51, 62, 61, 6, 39, 50, 56, 28, 36, 59, 63, 57, 32, 40, 60, 42, 24, 52 ],
\[ 3, 10, 14, 20, 16, 22, 1, 6, 32, 35, 5, 27, 2, 41, 13, 43, 12, 17, 36, 26, 4, 51, 50, 19, 24, 54, 55, 7, 38, 8, 44, 45, 40, 9, 53, 34, 33, 37, 11, 47, 57, 21, 62, 30, 25, 15, 23, 18, 63, 29, 59, 46, 52, 60, 49, 28, 56, 42, 31, 58, 39, 64, 48, 61 ],
\[ 4, 11, 15, 5, 8, 23, 2, 1, 17, 36, 12, 7, 9, 42, 16, 18, 33, 3, 30, 25, 19, 28, 20, 49, 6, 39, 38, 26, 21, 29, 37, 51, 13, 31, 61, 27, 58, 10, 22, 54, 52, 43, 44, 14, 48, 45, 46, 47, 50, 53, 40, 62, 24, 32, 56, 35, 60, 34, 57, 64, 55, 63, 41, 59 ]:
 Order := 64 >) |
[ PermutationGroup<64 |  
\[ 12, 33, 8, 29, 2, 5, 22, 19, 58, 7, 26, 9, 3, 18, 47, 4, 16, 45, 53, 1, 14, 25, 48, 20, 46, 23, 11, 55, 49, 43, 64, 13, 31, 10, 38, 21, 27, 30, 35, 17, 44, 37, 15, 34, 54, 41, 51, 62, 61, 6, 39, 50, 56, 28, 36, 59, 63, 57, 32, 40, 60, 42, 24, 52 ],
\[ 3, 10, 14, 20, 16, 22, 1, 6, 32, 35, 5, 27, 2, 41, 13, 43, 12, 17, 36, 26, 4, 51, 50, 19, 24, 54, 55, 7, 38, 8, 44, 45, 40, 9, 53, 34, 33, 37, 11, 47, 57, 21, 62, 30, 25, 15, 23, 18, 63, 29, 59, 46, 52, 60, 49, 28, 56, 42, 31, 58, 39, 64, 48, 61 ],
\[ 4, 11, 15, 5, 8, 23, 2, 1, 17, 36, 12, 7, 9, 42, 16, 18, 33, 3, 30, 25, 19, 28, 20, 49, 6, 39, 38, 26, 21, 29, 37, 51, 13, 31, 61, 27, 58, 10, 22, 54, 52, 43, 44, 14, 48, 45, 46, 47, 50, 53, 40, 62, 24, 32, 56, 35, 60, 34, 57, 64, 55, 63, 41, 59 ]:
 Order := 64 > |
[ 12, 33, 8, 29, 2, 5, 22, 19, 58, 7, 26, 9, 3, 18, 47, 4, 16, 45, 53, 1, 14, 25, 48, 20, 46, 23, 11, 55, 49, 43, 64, 13, 31, 10, 38, 21, 27, 30, 35, 17, 44, 37, 15, 34, 54, 41, 51, 62, 61, 6, 39, 50, 56, 28, 36, 59, 63, 57, 32, 40, 60, 42, 24, 52 ],
[ 16, 27, 43, 6, 3, 26, 5, 20, 40, 55, 1, 10, 12, 62, 17, 14, 2, 13, 38, 22, 8, 54, 24, 29, 50, 51, 35, 11, 36, 4, 42, 47, 32, 33, 49, 37, 9, 34, 7, 45, 64, 30, 41, 21, 23, 18, 25, 15, 52, 19, 60, 48, 63, 59, 53, 39, 61, 44, 58, 31, 28, 57, 46, 56 ],
[ 8, 7, 18, 1, 4, 25, 12, 5, 13, 38, 2, 11, 33, 44, 3, 15, 9, 16, 21, 23, 29, 39, 6, 53, 20, 28, 36, 22, 30, 19, 34, 54, 17, 58, 56, 10, 31, 27, 26, 51, 63, 14, 42, 43, 46, 47, 48, 45, 24, 49, 32, 41, 50, 40, 61, 55, 59, 37, 64, 57, 35, 52, 62, 60 ]
]
];

/*
Return for eval
*/

return s;
