s := SolvablePassportDBInitialize();

/*
Magma printing
*/

s`Filename := "64S25-4,8,8-g17.m";
s`GaloisOrbits := [ Strings() | "64S25-4,8,8-g17-path6.m", "64S25-4,8,8-g17-path3.m" ];
s`Name := "64S25-4,8,8-g17";
s`Passport := [ PowerSequence(PermutationGroup<64 |  
\[ 12, 39, 8, 60, 2, 5, 46, 51, 22, 14, 30, 9, 58, 54, 34, 20, 43, 15, 18, 64, 38, 1, 47, 21, 24, 33, 29, 48, 44, 40, 49, 11, 42, 19, 37, 50, 31, 25, 6, 32, 27, 45, 53, 41, 26, 28, 61, 7, 35, 57, 56, 23, 63, 62, 36, 3, 55, 4, 16, 13, 52, 10, 17, 59 ],
\[ 3, 10, 16, 22, 18, 27, 1, 35, 34, 42, 5, 44, 2, 37, 52, 11, 56, 33, 31, 13, 55, 54, 58, 6, 63, 4, 26, 39, 49, 53, 48, 57, 7, 64, 30, 8, 25, 12, 51, 9, 23, 38, 62, 20, 40, 36, 32, 17, 60, 14, 45, 46, 15, 59, 29, 47, 19, 50, 24, 43, 21, 61, 41, 28 ],
\[ 4, 11, 17, 23, 24, 28, 31, 1, 38, 43, 47, 7, 49, 2, 5, 54, 25, 57, 9, 3, 59, 40, 15, 37, 42, 51, 63, 52, 6, 16, 14, 45, 27, 53, 29, 21, 8, 61, 13, 35, 12, 18, 48, 55, 10, 33, 41, 64, 19, 46, 36, 62, 60, 50, 32, 39, 58, 20, 34, 26, 56, 22, 30, 44 ]:
 Order := 64 >) |
[ PermutationGroup<64 |  
\[ 12, 39, 8, 60, 2, 5, 46, 51, 22, 14, 30, 9, 58, 54, 34, 20, 43, 15, 18, 64, 38, 1, 47, 21, 24, 33, 29, 48, 44, 40, 49, 11, 42, 19, 37, 50, 31, 25, 6, 32, 27, 45, 53, 41, 26, 28, 61, 7, 35, 57, 56, 23, 63, 62, 36, 3, 55, 4, 16, 13, 52, 10, 17, 59 ],
\[ 3, 10, 16, 22, 18, 27, 1, 35, 34, 42, 5, 44, 2, 37, 52, 11, 56, 33, 31, 13, 55, 54, 58, 6, 63, 4, 26, 39, 49, 53, 48, 57, 7, 64, 30, 8, 25, 12, 51, 9, 23, 38, 62, 20, 40, 36, 32, 17, 60, 14, 45, 46, 15, 59, 29, 47, 19, 50, 24, 43, 21, 61, 41, 28 ],
\[ 4, 11, 17, 23, 24, 28, 31, 1, 38, 43, 47, 7, 49, 2, 5, 54, 25, 57, 9, 3, 59, 40, 15, 37, 42, 51, 63, 52, 6, 16, 14, 45, 27, 53, 29, 21, 8, 61, 13, 35, 12, 18, 48, 55, 10, 33, 41, 64, 19, 46, 36, 62, 60, 50, 32, 39, 58, 20, 34, 26, 56, 22, 30, 44 ]:
 Order := 64 > |
[ 12, 39, 8, 60, 2, 5, 46, 51, 22, 14, 30, 9, 58, 54, 34, 20, 43, 15, 18, 64, 38, 1, 47, 21, 24, 33, 29, 48, 44, 40, 49, 11, 42, 19, 37, 50, 31, 25, 6, 32, 27, 45, 53, 41, 26, 28, 61, 7, 35, 57, 56, 23, 63, 62, 36, 3, 55, 4, 16, 13, 52, 10, 17, 59 ],
[ 3, 10, 16, 22, 18, 27, 1, 35, 34, 42, 5, 44, 2, 37, 52, 11, 56, 33, 31, 13, 55, 54, 58, 6, 63, 4, 26, 39, 49, 53, 48, 57, 7, 64, 30, 8, 25, 12, 51, 9, 23, 38, 62, 20, 40, 36, 32, 17, 60, 14, 45, 46, 15, 59, 29, 47, 19, 50, 24, 43, 21, 61, 41, 28 ],
[ 4, 11, 17, 23, 24, 28, 31, 1, 38, 43, 47, 7, 49, 2, 5, 54, 25, 57, 9, 3, 59, 40, 15, 37, 42, 51, 63, 52, 6, 16, 14, 45, 27, 53, 29, 21, 8, 61, 13, 35, 12, 18, 48, 55, 10, 33, 41, 64, 19, 46, 36, 62, 60, 50, 32, 39, 58, 20, 34, 26, 56, 22, 30, 44 ]
],
[ PermutationGroup<64 |  
\[ 12, 39, 8, 60, 2, 5, 46, 51, 22, 14, 30, 9, 58, 54, 34, 20, 43, 15, 18, 64, 38, 1, 47, 21, 24, 33, 29, 48, 44, 40, 49, 11, 42, 19, 37, 50, 31, 25, 6, 32, 27, 45, 53, 41, 26, 28, 61, 7, 35, 57, 56, 23, 63, 62, 36, 3, 55, 4, 16, 13, 52, 10, 17, 59 ],
\[ 3, 10, 16, 22, 18, 27, 1, 35, 34, 42, 5, 44, 2, 37, 52, 11, 56, 33, 31, 13, 55, 54, 58, 6, 63, 4, 26, 39, 49, 53, 48, 57, 7, 64, 30, 8, 25, 12, 51, 9, 23, 38, 62, 20, 40, 36, 32, 17, 60, 14, 45, 46, 15, 59, 29, 47, 19, 50, 24, 43, 21, 61, 41, 28 ],
\[ 4, 11, 17, 23, 24, 28, 31, 1, 38, 43, 47, 7, 49, 2, 5, 54, 25, 57, 9, 3, 59, 40, 15, 37, 42, 51, 63, 52, 6, 16, 14, 45, 27, 53, 29, 21, 8, 61, 13, 35, 12, 18, 48, 55, 10, 33, 41, 64, 19, 46, 36, 62, 60, 50, 32, 39, 58, 20, 34, 26, 56, 22, 30, 44 ]:
 Order := 64 > |
[ 36, 50, 44, 7, 53, 55, 38, 14, 57, 51, 13, 63, 28, 19, 41, 35, 1, 10, 29, 23, 46, 43, 26, 11, 48, 49, 18, 24, 8, 25, 33, 21, 52, 54, 45, 39, 59, 40, 17, 4, 56, 37, 2, 34, 47, 58, 16, 60, 20, 22, 27, 64, 9, 3, 12, 62, 5, 32, 61, 30, 42, 15, 6, 31 ],
[ 4, 11, 17, 23, 24, 28, 31, 1, 38, 43, 47, 7, 49, 2, 5, 54, 25, 57, 9, 3, 59, 40, 15, 37, 42, 51, 63, 52, 6, 16, 14, 45, 27, 53, 29, 21, 8, 61, 13, 35, 12, 18, 48, 55, 10, 33, 41, 64, 19, 46, 36, 62, 60, 50, 32, 39, 58, 20, 34, 26, 56, 22, 30, 44 ],
[ 3, 10, 16, 22, 18, 27, 1, 35, 34, 42, 5, 44, 2, 37, 52, 11, 56, 33, 31, 13, 55, 54, 58, 6, 63, 4, 26, 39, 49, 53, 48, 57, 7, 64, 30, 8, 25, 12, 51, 9, 23, 38, 62, 20, 40, 36, 32, 17, 60, 14, 45, 46, 15, 59, 29, 47, 19, 50, 24, 43, 21, 61, 41, 28 ]
]
];

/*
Return for eval
*/

return s;
