s := SolvablePassportDBInitialize();

/*
Magma printing
*/

s`Filename := "64S25-4,8,8-g17.m";
s`GaloisOrbits := [ Strings() | "64S25-4,8,8-g17-path148.m", "64S25-4,8,8-g17-path102.m", "64S25-4,8,8-g17-path117.m", "64S25-4,8,8-g17-path101.m", "64S25-4,8,8-g17-path100.m", "64S25-4,8,8-g17-path123.m", "64S25-4,8,8-g17-path132.m", "64S25-4,8,8-g17-path6.m", "64S25-4,8,8-g17-path140.m", "64S25-4,8,8-g17-path99.m", "64S25-4,8,8-g17-path98.m", "64S25-4,8,8-g17-path133.m", "64S25-4,8,8-g17-path97.m", "64S25-4,8,8-g17-path96.m", "64S25-4,8,8-g17-path7.m", "64S25-4,8,8-g17-path95.m", "64S25-4,8,8-g17-path94.m", "64S25-4,8,8-g17-path141.m", "64S25-4,8,8-g17-path134.m", "64S25-4,8,8-g17-path93.m", "64S25-4,8,8-g17-path120.m", "64S25-4,8,8-g17-path8.m", "64S25-4,8,8-g17-path92.m", "64S25-4,8,8-g17-path124.m", "64S25-4,8,8-g17-path110.m", "64S25-4,8,8-g17-path91.m", "64S25-4,8,8-g17-path90.m", "64S25-4,8,8-g17-path115.m", "64S25-4,8,8-g17-path142.m", "64S25-4,8,8-g17-path89.m", "64S25-4,8,8-g17-path88.m", "64S25-4,8,8-g17-path9.m", "64S25-4,8,8-g17-path143.m", "64S25-4,8,8-g17-path87.m", "64S25-4,8,8-g17-path86.m", "64S25-4,8,8-g17-path137.m", "64S25-4,8,8-g17-path85.m", "64S25-4,8,8-g17-path84.m", "64S25-4,8,8-g17-path144.m", "64S25-4,8,8-g17-path10.m", "64S25-4,8,8-g17-path109.m", "64S25-4,8,8-g17-path83.m", "64S25-4,8,8-g17-path82.m", "64S25-4,8,8-g17-path145.m", "64S25-4,8,8-g17-path125.m", "64S25-4,8,8-g17-path81.m", "64S25-4,8,8-g17-path80.m", "64S25-4,8,8-g17-path118.m", "64S25-4,8,8-g17-path79.m", "64S25-4,8,8-g17-path78.m", "64S25-4,8,8-g17-path11.m", "64S25-4,8,8-g17-path146.m", "64S25-4,8,8-g17-path77.m", "64S25-4,8,8-g17-path76.m", "64S25-4,8,8-g17-path1.m", "64S25-4,8,8-g17-path147.m", "64S25-4,8,8-g17-path75.m", "64S25-4,8,8-g17-path74.m", "64S25-4,8,8-g17-path121.m", "64S25-4,8,8-g17-path12.m", "64S25-4,8,8-g17-path73.m", "64S25-4,8,8-g17-path72.m", "64S25-4,8,8-g17-path126.m", "64S25-4,8,8-g17-path71.m", "64S25-4,8,8-g17-path70.m", "64S25-4,8,8-g17-path108.m", "64S25-4,8,8-g17-path135.m", "64S25-4,8,8-g17-path69.m", "64S25-4,8,8-g17-path68.m", "64S25-4,8,8-g17-path149.m", "64S25-4,8,8-g17-path111.m", "64S25-4,8,8-g17-path13.m", "64S25-4,8,8-g17-path67.m", "64S25-4,8,8-g17-path66.m", "64S25-4,8,8-g17-path150.m", "64S25-4,8,8-g17-path127.m", "64S25-4,8,8-g17-path65.m", "64S25-4,8,8-g17-path64.m", "64S25-4,8,8-g17-path2.m", "64S25-4,8,8-g17-path63.m", "64S25-4,8,8-g17-path14.m", "64S25-4,8,8-g17-path62.m", "64S25-4,8,8-g17-path151.m", "64S25-4,8,8-g17-path138.m", "64S25-4,8,8-g17-path61.m", "64S25-4,8,8-g17-path60.m", "64S25-4,8,8-g17-path107.m", "64S25-4,8,8-g17-path59.m", "64S25-4,8,8-g17-path58.m", "64S25-4,8,8-g17-path152.m", "64S25-4,8,8-g17-path57.m", "64S25-4,8,8-g17-path15.m", "64S25-4,8,8-g17-path56.m", "64S25-4,8,8-g17-path153.m", "64S25-4,8,8-g17-path55.m", "64S25-4,8,8-g17-path128.m", "64S25-4,8,8-g17-path54.m", "64S25-4,8,8-g17-path114.m", "64S25-4,8,8-g17-path154.m", "64S25-4,8,8-g17-path53.m", "64S25-4,8,8-g17-path16.m", "64S25-4,8,8-g17-path52.m", "64S25-4,8,8-g17-path155.m", "64S25-4,8,8-g17-path51.m", "64S25-4,8,8-g17-path50.m", "64S25-4,8,8-g17-path3.m", "64S25-4,8,8-g17-path119.m", "64S25-4,8,8-g17-path49.m", "64S25-4,8,8-g17-path48.m", "64S25-4,8,8-g17-path106.m", "64S25-4,8,8-g17-path47.m", "64S25-4,8,8-g17-path17.m", "64S25-4,8,8-g17-path46.m", "64S25-4,8,8-g17-path156.m", "64S25-4,8,8-g17-path45.m", "64S25-4,8,8-g17-path44.m", "64S25-4,8,8-g17-path157.m", "64S25-4,8,8-g17-path43.m", "64S25-4,8,8-g17-path42.m", "64S25-4,8,8-g17-path129.m", "64S25-4,8,8-g17-path18.m", "64S25-4,8,8-g17-path136.m", "64S25-4,8,8-g17-path139.m", "64S25-4,8,8-g17-path41.m", "64S25-4,8,8-g17-path40.m", "64S25-4,8,8-g17-path158.m", "64S25-4,8,8-g17-path39.m", "64S25-4,8,8-g17-path38.m", "64S25-4,8,8-g17-path4.m", "64S25-4,8,8-g17-path105.m", "64S25-4,8,8-g17-path37.m", "64S25-4,8,8-g17-path36.m", "64S25-4,8,8-g17-path19.m", "64S25-4,8,8-g17-path159.m", "64S25-4,8,8-g17-path35.m", "64S25-4,8,8-g17-path34.m", "64S25-4,8,8-g17-path122.m", "64S25-4,8,8-g17-path130.m", "64S25-4,8,8-g17-path33.m", "64S25-4,8,8-g17-path32.m", "64S25-4,8,8-g17-path160.m", "64S25-4,8,8-g17-path20.m", "64S25-4,8,8-g17-path161.m", "64S25-4,8,8-g17-path31.m", "64S25-4,8,8-g17-path30.m", "64S25-4,8,8-g17-path112.m", "64S25-4,8,8-g17-path29.m", "64S25-4,8,8-g17-path28.m", "64S25-4,8,8-g17-path162.m", "64S25-4,8,8-g17-path104.m", "64S25-4,8,8-g17-path27.m", "64S25-4,8,8-g17-path21.m", "64S25-4,8,8-g17-path26.m", "64S25-4,8,8-g17-path131.m", "64S25-4,8,8-g17-path113.m", "64S25-4,8,8-g17-path25.m", "64S25-4,8,8-g17-path24.m", "64S25-4,8,8-g17-path5.m", "64S25-4,8,8-g17-path22.m", "64S25-4,8,8-g17-path103.m", "64S25-4,8,8-g17-path23.m", "64S25-4,8,8-g17-path116.m" ];
s`Name := "64S25-4,8,8-g17";
s`Passport := [ PowerSequence(PermutationGroup<64 |  
\[ 12, 39, 8, 60, 2, 5, 46, 51, 22, 14, 30, 9, 58, 54, 34, 20, 43, 15, 18, 64, 38, 1, 47, 21, 24, 33, 29, 48, 44, 40, 49, 11, 42, 19, 37, 50, 31, 25, 6, 32, 27, 45, 53, 41, 26, 28, 61, 7, 35, 57, 56, 23, 63, 62, 36, 3, 55, 4, 16, 13, 52, 10, 17, 59 ],
\[ 3, 10, 16, 22, 18, 27, 1, 35, 34, 42, 5, 44, 2, 37, 52, 11, 56, 33, 31, 13, 55, 54, 58, 6, 63, 4, 26, 39, 49, 53, 48, 57, 7, 64, 30, 8, 25, 12, 51, 9, 23, 38, 62, 20, 40, 36, 32, 17, 60, 14, 45, 46, 15, 59, 29, 47, 19, 50, 24, 43, 21, 61, 41, 28 ],
\[ 4, 11, 17, 23, 24, 28, 31, 1, 38, 43, 47, 7, 49, 2, 5, 54, 25, 57, 9, 3, 59, 40, 15, 37, 42, 51, 63, 52, 6, 16, 14, 45, 27, 53, 29, 21, 8, 61, 13, 35, 12, 18, 48, 55, 10, 33, 41, 64, 19, 46, 36, 62, 60, 50, 32, 39, 58, 20, 34, 26, 56, 22, 30, 44 ]:
 Order := 64 >) |
[ PermutationGroup<64 |  
\[ 12, 39, 8, 60, 2, 5, 46, 51, 22, 14, 30, 9, 58, 54, 34, 20, 43, 15, 18, 64, 38, 1, 47, 21, 24, 33, 29, 48, 44, 40, 49, 11, 42, 19, 37, 50, 31, 25, 6, 32, 27, 45, 53, 41, 26, 28, 61, 7, 35, 57, 56, 23, 63, 62, 36, 3, 55, 4, 16, 13, 52, 10, 17, 59 ],
\[ 3, 10, 16, 22, 18, 27, 1, 35, 34, 42, 5, 44, 2, 37, 52, 11, 56, 33, 31, 13, 55, 54, 58, 6, 63, 4, 26, 39, 49, 53, 48, 57, 7, 64, 30, 8, 25, 12, 51, 9, 23, 38, 62, 20, 40, 36, 32, 17, 60, 14, 45, 46, 15, 59, 29, 47, 19, 50, 24, 43, 21, 61, 41, 28 ],
\[ 4, 11, 17, 23, 24, 28, 31, 1, 38, 43, 47, 7, 49, 2, 5, 54, 25, 57, 9, 3, 59, 40, 15, 37, 42, 51, 63, 52, 6, 16, 14, 45, 27, 53, 29, 21, 8, 61, 13, 35, 12, 18, 48, 55, 10, 33, 41, 64, 19, 46, 36, 62, 60, 50, 32, 39, 58, 20, 34, 26, 56, 22, 30, 44 ]:
 Order := 64 > |
[ 12, 39, 8, 60, 2, 5, 46, 51, 22, 14, 30, 9, 58, 54, 34, 20, 43, 15, 18, 64, 38, 1, 47, 21, 24, 33, 29, 48, 44, 40, 49, 11, 42, 19, 37, 50, 31, 25, 6, 32, 27, 45, 53, 41, 26, 28, 61, 7, 35, 57, 56, 23, 63, 62, 36, 3, 55, 4, 16, 13, 52, 10, 17, 59 ],
[ 3, 10, 16, 22, 18, 27, 1, 35, 34, 42, 5, 44, 2, 37, 52, 11, 56, 33, 31, 13, 55, 54, 58, 6, 63, 4, 26, 39, 49, 53, 48, 57, 7, 64, 30, 8, 25, 12, 51, 9, 23, 38, 62, 20, 40, 36, 32, 17, 60, 14, 45, 46, 15, 59, 29, 47, 19, 50, 24, 43, 21, 61, 41, 28 ],
[ 4, 11, 17, 23, 24, 28, 31, 1, 38, 43, 47, 7, 49, 2, 5, 54, 25, 57, 9, 3, 59, 40, 15, 37, 42, 51, 63, 52, 6, 16, 14, 45, 27, 53, 29, 21, 8, 61, 13, 35, 12, 18, 48, 55, 10, 33, 41, 64, 19, 46, 36, 62, 60, 50, 32, 39, 58, 20, 34, 26, 56, 22, 30, 44 ]
],
[ PermutationGroup<64 |  
\[ 12, 39, 8, 60, 2, 5, 46, 51, 22, 14, 30, 9, 58, 54, 34, 20, 43, 15, 18, 64, 38, 1, 47, 21, 24, 33, 29, 48, 44, 40, 49, 11, 42, 19, 37, 50, 31, 25, 6, 32, 27, 45, 53, 41, 26, 28, 61, 7, 35, 57, 56, 23, 63, 62, 36, 3, 55, 4, 16, 13, 52, 10, 17, 59 ],
\[ 3, 10, 16, 22, 18, 27, 1, 35, 34, 42, 5, 44, 2, 37, 52, 11, 56, 33, 31, 13, 55, 54, 58, 6, 63, 4, 26, 39, 49, 53, 48, 57, 7, 64, 30, 8, 25, 12, 51, 9, 23, 38, 62, 20, 40, 36, 32, 17, 60, 14, 45, 46, 15, 59, 29, 47, 19, 50, 24, 43, 21, 61, 41, 28 ],
\[ 4, 11, 17, 23, 24, 28, 31, 1, 38, 43, 47, 7, 49, 2, 5, 54, 25, 57, 9, 3, 59, 40, 15, 37, 42, 51, 63, 52, 6, 16, 14, 45, 27, 53, 29, 21, 8, 61, 13, 35, 12, 18, 48, 55, 10, 33, 41, 64, 19, 46, 36, 62, 60, 50, 32, 39, 58, 20, 34, 26, 56, 22, 30, 44 ]:
 Order := 64 > |
[ 36, 50, 44, 7, 53, 55, 38, 14, 57, 51, 13, 63, 28, 19, 41, 35, 1, 10, 29, 23, 46, 43, 26, 11, 48, 49, 18, 24, 8, 25, 33, 21, 52, 54, 45, 39, 59, 40, 17, 4, 56, 37, 2, 34, 47, 58, 16, 60, 20, 22, 27, 64, 9, 3, 12, 62, 5, 32, 61, 30, 42, 15, 6, 31 ],
[ 4, 11, 17, 23, 24, 28, 31, 1, 38, 43, 47, 7, 49, 2, 5, 54, 25, 57, 9, 3, 59, 40, 15, 37, 42, 51, 63, 52, 6, 16, 14, 45, 27, 53, 29, 21, 8, 61, 13, 35, 12, 18, 48, 55, 10, 33, 41, 64, 19, 46, 36, 62, 60, 50, 32, 39, 58, 20, 34, 26, 56, 22, 30, 44 ],
[ 3, 10, 16, 22, 18, 27, 1, 35, 34, 42, 5, 44, 2, 37, 52, 11, 56, 33, 31, 13, 55, 54, 58, 6, 63, 4, 26, 39, 49, 53, 48, 57, 7, 64, 30, 8, 25, 12, 51, 9, 23, 38, 62, 20, 40, 36, 32, 17, 60, 14, 45, 46, 15, 59, 29, 47, 19, 50, 24, 43, 21, 61, 41, 28 ]
]
];

/*
Return for eval
*/

return s;
