s := SolvablePassportDBInitialize();

/*
Magma printing
*/

s`Filename := "64S28-8,16,16-g25.m";
s`GaloisOrbits := [ Strings() | "64S28-8,16,16-g25-path2.m", "64S28-8,16,16-g25-path3.m" ];
s`Name := "64S28-8,16,16-g25";
s`Passport := [ PowerSequence(PermutationGroup<64 |  
\[ 12, 29, 8, 57, 2, 5, 44, 53, 6, 14, 31, 9, 25, 27, 35, 20, 64, 15, 18, 23, 39, 1, 45, 21, 24, 47, 30, 46, 22, 43, 28, 16, 11, 49, 40, 38, 63, 52, 48, 3, 50, 37, 41, 61, 58, 7, 36, 4, 55, 62, 59, 34, 19, 51, 26, 60, 13, 56, 42, 32, 33, 10, 17, 54 ],
\[ 3, 10, 16, 22, 18, 27, 1, 36, 35, 20, 5, 43, 2, 38, 49, 57, 40, 58, 26, 31, 42, 50, 48, 6, 63, 4, 32, 9, 53, 47, 37, 46, 17, 7, 23, 39, 8, 61, 12, 52, 55, 62, 56, 54, 33, 59, 11, 51, 13, 45, 14, 24, 60, 15, 28, 44, 64, 21, 19, 25, 29, 34, 41, 30 ],
\[ 4, 11, 17, 23, 24, 28, 32, 1, 39, 42, 45, 7, 16, 2, 5, 27, 25, 59, 29, 3, 52, 61, 10, 60, 49, 41, 51, 20, 13, 6, 47, 53, 38, 40, 54, 30, 21, 8, 58, 9, 12, 46, 64, 34, 35, 55, 19, 36, 62, 63, 44, 14, 37, 57, 15, 18, 26, 50, 48, 43, 56, 22, 31, 33 ]:
 Order := 64 >) |
[ PermutationGroup<64 |  
\[ 12, 29, 8, 57, 2, 5, 44, 53, 6, 14, 31, 9, 25, 27, 35, 20, 64, 15, 18, 23, 39, 1, 45, 21, 24, 47, 30, 46, 22, 43, 28, 16, 11, 49, 40, 38, 63, 52, 48, 3, 50, 37, 41, 61, 58, 7, 36, 4, 55, 62, 59, 34, 19, 51, 26, 60, 13, 56, 42, 32, 33, 10, 17, 54 ],
\[ 3, 10, 16, 22, 18, 27, 1, 36, 35, 20, 5, 43, 2, 38, 49, 57, 40, 58, 26, 31, 42, 50, 48, 6, 63, 4, 32, 9, 53, 47, 37, 46, 17, 7, 23, 39, 8, 61, 12, 52, 55, 62, 56, 54, 33, 59, 11, 51, 13, 45, 14, 24, 60, 15, 28, 44, 64, 21, 19, 25, 29, 34, 41, 30 ],
\[ 4, 11, 17, 23, 24, 28, 32, 1, 39, 42, 45, 7, 16, 2, 5, 27, 25, 59, 29, 3, 52, 61, 10, 60, 49, 41, 51, 20, 13, 6, 47, 53, 38, 40, 54, 30, 21, 8, 58, 9, 12, 46, 64, 34, 35, 55, 19, 36, 62, 63, 44, 14, 37, 57, 15, 18, 26, 50, 48, 43, 56, 22, 31, 33 ]:
 Order := 64 > |
[ 59, 64, 50, 28, 17, 63, 24, 62, 37, 18, 4, 42, 7, 15, 30, 52, 29, 27, 14, 34, 33, 51, 49, 61, 44, 60, 35, 13, 54, 40, 57, 38, 48, 45, 43, 16, 5, 20, 11, 41, 8, 6, 3, 21, 55, 25, 32, 31, 58, 53, 12, 23, 10, 1, 56, 47, 46, 26, 9, 36, 39, 19, 2, 22 ],
[ 3, 10, 16, 22, 18, 27, 1, 36, 35, 20, 5, 43, 2, 38, 49, 57, 40, 58, 26, 31, 42, 50, 48, 6, 63, 4, 32, 9, 53, 47, 37, 46, 17, 7, 23, 39, 8, 61, 12, 52, 55, 62, 56, 54, 33, 59, 11, 51, 13, 45, 14, 24, 60, 15, 28, 44, 64, 21, 19, 25, 29, 34, 41, 30 ],
[ 44, 25, 12, 47, 31, 21, 49, 63, 46, 29, 36, 48, 55, 59, 51, 8, 11, 2, 42, 14, 56, 57, 40, 34, 32, 18, 5, 26, 33, 54, 23, 30, 58, 10, 6, 53, 28, 27, 38, 64, 17, 39, 9, 60, 62, 16, 43, 45, 35, 1, 4, 3, 22, 61, 50, 41, 20, 15, 7, 19, 52, 37, 24, 13 ]
],
[ PermutationGroup<64 |  
\[ 12, 29, 8, 57, 2, 5, 44, 53, 6, 14, 31, 9, 25, 27, 35, 20, 64, 15, 18, 23, 39, 1, 45, 21, 24, 47, 30, 46, 22, 43, 28, 16, 11, 49, 40, 38, 63, 52, 48, 3, 50, 37, 41, 61, 58, 7, 36, 4, 55, 62, 59, 34, 19, 51, 26, 60, 13, 56, 42, 32, 33, 10, 17, 54 ],
\[ 3, 10, 16, 22, 18, 27, 1, 36, 35, 20, 5, 43, 2, 38, 49, 57, 40, 58, 26, 31, 42, 50, 48, 6, 63, 4, 32, 9, 53, 47, 37, 46, 17, 7, 23, 39, 8, 61, 12, 52, 55, 62, 56, 54, 33, 59, 11, 51, 13, 45, 14, 24, 60, 15, 28, 44, 64, 21, 19, 25, 29, 34, 41, 30 ],
\[ 4, 11, 17, 23, 24, 28, 32, 1, 39, 42, 45, 7, 16, 2, 5, 27, 25, 59, 29, 3, 52, 61, 10, 60, 49, 41, 51, 20, 13, 6, 47, 53, 38, 40, 54, 30, 21, 8, 58, 9, 12, 46, 64, 34, 35, 55, 19, 36, 62, 63, 44, 14, 37, 57, 15, 18, 26, 50, 48, 43, 56, 22, 31, 33 ]:
 Order := 64 > |
[ 12, 29, 8, 57, 2, 5, 44, 53, 6, 14, 31, 9, 25, 27, 35, 20, 64, 15, 18, 23, 39, 1, 45, 21, 24, 47, 30, 46, 22, 43, 28, 16, 11, 49, 40, 38, 63, 52, 48, 3, 50, 37, 41, 61, 58, 7, 36, 4, 55, 62, 59, 34, 19, 51, 26, 60, 13, 56, 42, 32, 33, 10, 17, 54 ],
[ 3, 10, 16, 22, 18, 27, 1, 36, 35, 20, 5, 43, 2, 38, 49, 57, 40, 58, 26, 31, 42, 50, 48, 6, 63, 4, 32, 9, 53, 47, 37, 46, 17, 7, 23, 39, 8, 61, 12, 52, 55, 62, 56, 54, 33, 59, 11, 51, 13, 45, 14, 24, 60, 15, 28, 44, 64, 21, 19, 25, 29, 34, 41, 30 ],
[ 4, 11, 17, 23, 24, 28, 32, 1, 39, 42, 45, 7, 16, 2, 5, 27, 25, 59, 29, 3, 52, 61, 10, 60, 49, 41, 51, 20, 13, 6, 47, 53, 38, 40, 54, 30, 21, 8, 58, 9, 12, 46, 64, 34, 35, 55, 19, 36, 62, 63, 44, 14, 37, 57, 15, 18, 26, 50, 48, 43, 56, 22, 31, 33 ]
]
];

/*
Return for eval
*/

return s;
