s := SolvablePassportDBInitialize();

/*
Magma printing
*/

s`Filename := "64S20-4,4,8-g13.m";
s`GaloisOrbits := [ Strings() | "64S20-4,4,8-g13-path2-notcomputed.m", "64S20-4,4,8-g13-path13-notcomputed.m", "64S20-4,4,8-g13-path12-notcomputed.m", "64S20-4,4,8-g13-path4-notcomputed.m", "64S20-4,4,8-g13-path3-notcomputed.m", "64S20-4,4,8-g13-path1-notcomputed.m" ];
s`Name := "64S20-4,4,8-g13";
s`Passport := [ PowerSequence(PermutationGroup<64 |  
\[ 11, 30, 8, 23, 2, 5, 14, 41, 18, 13, 9, 33, 56, 26, 36, 7, 53, 1, 24, 17, 20, 32, 44, 34, 3, 16, 29, 39, 59, 6, 51, 62, 38, 57, 12, 49, 10, 35, 40, 46, 25, 4, 60, 42, 27, 28, 22, 15, 48, 54, 58, 31, 21, 55, 64, 37, 19, 52, 45, 61, 63, 47, 43, 50 ],
\[ 3, 10, 5, 18, 7, 4, 1, 27, 22, 11, 12, 2, 39, 28, 25, 15, 45, 20, 42, 6, 19, 30, 46, 16, 24, 54, 14, 8, 13, 31, 9, 59, 29, 37, 34, 35, 36, 60, 33, 32, 43, 48, 26, 50, 23, 17, 57, 21, 47, 53, 40, 49, 63, 41, 38, 55, 52, 64, 51, 56, 58, 61, 44, 62 ],
\[ 4, 3, 15, 19, 20, 22, 24, 1, 10, 34, 7, 36, 2, 5, 42, 43, 18, 31, 47, 48, 50, 49, 6, 21, 54, 27, 17, 23, 8, 12, 57, 9, 11, 25, 55, 16, 60, 39, 14, 13, 28, 63, 53, 45, 32, 51, 64, 52, 37, 58, 30, 61, 46, 44, 26, 29, 35, 59, 33, 41, 38, 40, 62, 56 ]:
 Order := 64 >) |
[ PermutationGroup<64 |  
\[ 11, 30, 8, 23, 2, 5, 14, 41, 18, 13, 9, 33, 56, 26, 36, 7, 53, 1, 24, 17, 20, 32, 44, 34, 3, 16, 29, 39, 59, 6, 51, 62, 38, 57, 12, 49, 10, 35, 40, 46, 25, 4, 60, 42, 27, 28, 22, 15, 48, 54, 58, 31, 21, 55, 64, 37, 19, 52, 45, 61, 63, 47, 43, 50 ],
\[ 3, 10, 5, 18, 7, 4, 1, 27, 22, 11, 12, 2, 39, 28, 25, 15, 45, 20, 42, 6, 19, 30, 46, 16, 24, 54, 14, 8, 13, 31, 9, 59, 29, 37, 34, 35, 36, 60, 33, 32, 43, 48, 26, 50, 23, 17, 57, 21, 47, 53, 40, 49, 63, 41, 38, 55, 52, 64, 51, 56, 58, 61, 44, 62 ],
\[ 4, 3, 15, 19, 20, 22, 24, 1, 10, 34, 7, 36, 2, 5, 42, 43, 18, 31, 47, 48, 50, 49, 6, 21, 54, 27, 17, 23, 8, 12, 57, 9, 11, 25, 55, 16, 60, 39, 14, 13, 28, 63, 53, 45, 32, 51, 64, 52, 37, 58, 30, 61, 46, 44, 26, 29, 35, 59, 33, 41, 38, 40, 62, 56 ]:
 Order := 64 > |
[ 11, 30, 8, 23, 2, 5, 14, 41, 18, 13, 9, 33, 56, 26, 36, 7, 53, 1, 24, 17, 20, 32, 44, 34, 3, 16, 29, 39, 59, 6, 51, 62, 38, 57, 12, 49, 10, 35, 40, 46, 25, 4, 60, 42, 27, 28, 22, 15, 48, 54, 58, 31, 21, 55, 64, 37, 19, 52, 45, 61, 63, 47, 43, 50 ],
[ 3, 10, 5, 18, 7, 4, 1, 27, 22, 11, 12, 2, 39, 28, 25, 15, 45, 20, 42, 6, 19, 30, 46, 16, 24, 54, 14, 8, 13, 31, 9, 59, 29, 37, 34, 35, 36, 60, 33, 32, 43, 48, 26, 50, 23, 17, 57, 21, 47, 53, 40, 49, 63, 41, 38, 55, 52, 64, 51, 56, 58, 61, 44, 62 ],
[ 4, 3, 15, 19, 20, 22, 24, 1, 10, 34, 7, 36, 2, 5, 42, 43, 18, 31, 47, 48, 50, 49, 6, 21, 54, 27, 17, 23, 8, 12, 57, 9, 11, 25, 55, 16, 60, 39, 14, 13, 28, 63, 53, 45, 32, 51, 64, 52, 37, 58, 30, 61, 46, 44, 26, 29, 35, 59, 33, 41, 38, 40, 62, 56 ]
],
[ PermutationGroup<64 |  
\[ 11, 30, 8, 23, 2, 5, 14, 41, 18, 13, 9, 33, 56, 26, 36, 7, 53, 1, 24, 17, 20, 32, 44, 34, 3, 16, 29, 39, 59, 6, 51, 62, 38, 57, 12, 49, 10, 35, 40, 46, 25, 4, 60, 42, 27, 28, 22, 15, 48, 54, 58, 31, 21, 55, 64, 37, 19, 52, 45, 61, 63, 47, 43, 50 ],
\[ 3, 10, 5, 18, 7, 4, 1, 27, 22, 11, 12, 2, 39, 28, 25, 15, 45, 20, 42, 6, 19, 30, 46, 16, 24, 54, 14, 8, 13, 31, 9, 59, 29, 37, 34, 35, 36, 60, 33, 32, 43, 48, 26, 50, 23, 17, 57, 21, 47, 53, 40, 49, 63, 41, 38, 55, 52, 64, 51, 56, 58, 61, 44, 62 ],
\[ 4, 3, 15, 19, 20, 22, 24, 1, 10, 34, 7, 36, 2, 5, 42, 43, 18, 31, 47, 48, 50, 49, 6, 21, 54, 27, 17, 23, 8, 12, 57, 9, 11, 25, 55, 16, 60, 39, 14, 13, 28, 63, 53, 45, 32, 51, 64, 52, 37, 58, 30, 61, 46, 44, 26, 29, 35, 59, 33, 41, 38, 40, 62, 56 ]:
 Order := 64 > |
[ 3, 10, 5, 18, 7, 4, 1, 27, 22, 11, 12, 2, 39, 28, 25, 15, 45, 20, 42, 6, 19, 30, 46, 16, 24, 54, 14, 8, 13, 31, 9, 59, 29, 37, 34, 35, 36, 60, 33, 32, 43, 48, 26, 50, 23, 17, 57, 21, 47, 53, 40, 49, 63, 41, 38, 55, 52, 64, 51, 56, 58, 61, 44, 62 ],
[ 28, 29, 12, 7, 27, 45, 10, 33, 40, 31, 39, 22, 51, 13, 1, 37, 8, 46, 6, 3, 25, 20, 14, 5, 35, 56, 43, 54, 60, 59, 4, 17, 32, 2, 47, 11, 52, 62, 55, 64, 38, 16, 24, 26, 63, 50, 21, 18, 9, 48, 23, 42, 41, 15, 36, 58, 30, 44, 61, 34, 57, 53, 19, 49 ],
[ 4, 3, 15, 19, 20, 22, 24, 1, 10, 34, 7, 36, 2, 5, 42, 43, 18, 31, 47, 48, 50, 49, 6, 21, 54, 27, 17, 23, 8, 12, 57, 9, 11, 25, 55, 16, 60, 39, 14, 13, 28, 63, 53, 45, 32, 51, 64, 52, 37, 58, 30, 61, 46, 44, 26, 29, 35, 59, 33, 41, 38, 40, 62, 56 ]
]
];

/*
Return for eval
*/

return s;
