s := SolvablePassportDBInitialize();

/*
Magma printing
*/

s`Filename := "64S26-16,4,16-g21.m";
s`GaloisOrbits := [ Strings() | "64S26-16,4,16-g21-path2-notcomputed.m", "64S26-16,4,16-g21-path5-notcomputed.m", "64S26-16,4,16-g21-path8-notcomputed.m" ];
s`Name := "64S26-16,4,16-g21";
s`Passport := [ PowerSequence(PermutationGroup<64 |  
\[ 11, 18, 8, 7, 2, 5, 10, 20, 22, 12, 9, 28, 1, 6, 3, 15, 13, 19, 31, 21, 32, 29, 4, 16, 17, 23, 14, 30, 39, 40, 37, 38, 25, 26, 27, 24, 47, 48, 45, 46, 34, 35, 36, 33, 55, 56, 53, 54, 42, 43, 44, 41, 63, 64, 61, 62, 50, 51, 52, 49, 58, 59, 60, 57 ],
\[ 3, 10, 5, 13, 7, 4, 1, 2, 20, 11, 8, 9, 15, 23, 6, 14, 16, 12, 28, 18, 19, 21, 17, 27, 24, 25, 26, 22, 32, 29, 30, 31, 36, 33, 34, 35, 40, 37, 38, 39, 44, 41, 42, 43, 48, 45, 46, 47, 52, 49, 50, 51, 56, 53, 54, 55, 60, 57, 58, 59, 64, 61, 62, 63 ],
\[ 4, 3, 13, 14, 15, 16, 6, 1, 10, 5, 7, 2, 23, 24, 17, 25, 26, 8, 20, 11, 9, 12, 27, 33, 34, 35, 36, 18, 28, 19, 21, 22, 41, 42, 43, 44, 32, 29, 30, 31, 49, 50, 51, 52, 40, 37, 38, 39, 57, 58, 59, 60, 48, 45, 46, 47, 61, 62, 63, 64, 56, 53, 54, 55 ]:
 Order := 64 >) |
[ PermutationGroup<64 |  
\[ 11, 18, 8, 7, 2, 5, 10, 20, 22, 12, 9, 28, 1, 6, 3, 15, 13, 19, 31, 21, 32, 29, 4, 16, 17, 23, 14, 30, 39, 40, 37, 38, 25, 26, 27, 24, 47, 48, 45, 46, 34, 35, 36, 33, 55, 56, 53, 54, 42, 43, 44, 41, 63, 64, 61, 62, 50, 51, 52, 49, 58, 59, 60, 57 ],
\[ 3, 10, 5, 13, 7, 4, 1, 2, 20, 11, 8, 9, 15, 23, 6, 14, 16, 12, 28, 18, 19, 21, 17, 27, 24, 25, 26, 22, 32, 29, 30, 31, 36, 33, 34, 35, 40, 37, 38, 39, 44, 41, 42, 43, 48, 45, 46, 47, 52, 49, 50, 51, 56, 53, 54, 55, 60, 57, 58, 59, 64, 61, 62, 63 ],
\[ 4, 3, 13, 14, 15, 16, 6, 1, 10, 5, 7, 2, 23, 24, 17, 25, 26, 8, 20, 11, 9, 12, 27, 33, 34, 35, 36, 18, 28, 19, 21, 22, 41, 42, 43, 44, 32, 29, 30, 31, 49, 50, 51, 52, 40, 37, 38, 39, 57, 58, 59, 60, 48, 45, 46, 47, 61, 62, 63, 64, 56, 53, 54, 55 ]:
 Order := 64 > |
[ 13, 5, 15, 23, 6, 14, 4, 3, 11, 7, 1, 10, 17, 27, 16, 24, 25, 2, 18, 8, 20, 9, 26, 36, 33, 34, 35, 12, 22, 28, 19, 21, 44, 41, 42, 43, 31, 32, 29, 30, 52, 49, 50, 51, 39, 40, 37, 38, 60, 57, 58, 59, 47, 48, 45, 46, 64, 61, 62, 63, 55, 56, 53, 54 ],
[ 34, 24, 33, 42, 36, 43, 35, 25, 23, 27, 26, 14, 41, 50, 44, 51, 52, 16, 15, 17, 13, 4, 49, 58, 59, 60, 57, 6, 7, 5, 3, 1, 62, 63, 64, 61, 8, 11, 10, 2, 53, 54, 55, 56, 12, 18, 20, 9, 48, 45, 46, 47, 21, 22, 28, 19, 39, 40, 37, 38, 30, 31, 32, 29 ],
[ 38, 46, 37, 29, 40, 30, 39, 47, 54, 45, 48, 55, 32, 28, 31, 19, 21, 56, 62, 53, 63, 64, 22, 18, 20, 9, 12, 61, 57, 58, 59, 60, 8, 11, 10, 2, 52, 49, 50, 51, 1, 7, 5, 3, 43, 44, 41, 42, 4, 6, 15, 13, 34, 35, 36, 33, 14, 16, 17, 23, 24, 25, 26, 27 ]
]
];

/*
Return for eval
*/

return s;
