s := SolvablePassportDBInitialize();

/*
Magma printing
*/

s`Filename := "64S24-4,8,8-g17.m";
s`GaloisOrbits := [ Strings() | "64S24-4,8,8-g17-path7-notcomputed.m", "64S24-4,8,8-g17-path6-notcomputed.m", "64S24-4,8,8-g17-path5-notcomputed.m" ];
s`Name := "64S24-4,8,8-g17";
s`Passport := [ PowerSequence(PermutationGroup<64 |  
\[ 12, 40, 8, 52, 2, 5, 47, 38, 22, 14, 30, 9, 25, 27, 34, 20, 64, 15, 18, 50, 13, 1, 57, 21, 24, 16, 29, 32, 10, 28, 55, 11, 61, 19, 37, 63, 31, 42, 51, 6, 49, 3, 54, 58, 43, 45, 41, 23, 7, 26, 4, 39, 33, 46, 35, 62, 59, 56, 48, 53, 60, 44, 17, 36 ],
\[ 3, 10, 16, 22, 18, 27, 1, 35, 38, 26, 5, 45, 2, 55, 57, 28, 42, 60, 48, 39, 63, 54, 51, 6, 64, 4, 20, 40, 37, 17, 49, 36, 7, 33, 47, 8, 21, 50, 12, 34, 9, 31, 23, 29, 61, 59, 62, 32, 58, 11, 44, 56, 13, 53, 25, 14, 30, 15, 52, 41, 24, 19, 43, 46 ],
\[ 4, 11, 17, 23, 24, 28, 31, 1, 39, 44, 48, 7, 37, 2, 5, 10, 21, 62, 40, 3, 61, 41, 19, 55, 53, 38, 56, 57, 6, 50, 29, 16, 54, 58, 14, 25, 8, 36, 59, 13, 35, 9, 12, 47, 64, 22, 33, 46, 60, 27, 20, 26, 18, 63, 42, 49, 43, 51, 15, 45, 34, 52, 32, 30 ]:
 Order := 64 >) |
[ PermutationGroup<64 |  
\[ 12, 40, 8, 52, 2, 5, 47, 38, 22, 14, 30, 9, 25, 27, 34, 20, 64, 15, 18, 50, 13, 1, 57, 21, 24, 16, 29, 32, 10, 28, 55, 11, 61, 19, 37, 63, 31, 42, 51, 6, 49, 3, 54, 58, 43, 45, 41, 23, 7, 26, 4, 39, 33, 46, 35, 62, 59, 56, 48, 53, 60, 44, 17, 36 ],
\[ 3, 10, 16, 22, 18, 27, 1, 35, 38, 26, 5, 45, 2, 55, 57, 28, 42, 60, 48, 39, 63, 54, 51, 6, 64, 4, 20, 40, 37, 17, 49, 36, 7, 33, 47, 8, 21, 50, 12, 34, 9, 31, 23, 29, 61, 59, 62, 32, 58, 11, 44, 56, 13, 53, 25, 14, 30, 15, 52, 41, 24, 19, 43, 46 ],
\[ 4, 11, 17, 23, 24, 28, 31, 1, 39, 44, 48, 7, 37, 2, 5, 10, 21, 62, 40, 3, 61, 41, 19, 55, 53, 38, 56, 57, 6, 50, 29, 16, 54, 58, 14, 25, 8, 36, 59, 13, 35, 9, 12, 47, 64, 22, 33, 46, 60, 27, 20, 26, 18, 63, 42, 49, 43, 51, 15, 45, 34, 52, 32, 30 ]:
 Order := 64 > |
[ 57, 23, 13, 18, 35, 59, 10, 52, 48, 41, 45, 55, 38, 30, 21, 58, 60, 39, 25, 64, 19, 37, 6, 3, 15, 63, 7, 54, 32, 29, 5, 14, 17, 4, 40, 33, 12, 24, 34, 31, 27, 51, 47, 61, 28, 49, 46, 1, 43, 62, 8, 42, 44, 11, 22, 53, 9, 50, 2, 36, 56, 16, 20, 26 ],
[ 3, 10, 16, 22, 18, 27, 1, 35, 38, 26, 5, 45, 2, 55, 57, 28, 42, 60, 48, 39, 63, 54, 51, 6, 64, 4, 20, 40, 37, 17, 49, 36, 7, 33, 47, 8, 21, 50, 12, 34, 9, 31, 23, 29, 61, 59, 62, 32, 58, 11, 44, 56, 13, 53, 25, 14, 30, 15, 52, 41, 24, 19, 43, 46 ],
[ 19, 46, 61, 40, 42, 43, 6, 23, 15, 33, 22, 29, 1, 48, 55, 47, 34, 26, 37, 21, 58, 14, 13, 9, 62, 25, 60, 12, 57, 56, 28, 44, 32, 20, 11, 18, 4, 53, 5, 8, 2, 59, 31, 54, 50, 35, 63, 41, 64, 49, 17, 36, 52, 16, 39, 45, 7, 3, 24, 30, 51, 38, 10, 27 ]
]
];

/*
Return for eval
*/

return s;
