s := SolvablePassportDBInitialize();

/*
Magma printing
*/

s`Filename := "64S28-16,8,16-g25.m";
s`GaloisOrbits := [ Strings() | "64S28-16,8,16-g25-path6-notcomputed.m", "64S28-16,8,16-g25-path3-notcomputed.m" ];
s`Name := "64S28-16,8,16-g25";
s`Passport := [ PowerSequence(PermutationGroup<64 |  
\[ 12, 40, 8, 60, 2, 5, 46, 53, 58, 14, 31, 9, 28, 19, 35, 20, 64, 15, 18, 45, 39, 1, 47, 21, 24, 16, 30, 48, 22, 44, 41, 50, 11, 51, 27, 38, 62, 26, 49, 17, 4, 52, 37, 42, 32, 25, 59, 7, 33, 54, 23, 3, 61, 56, 29, 57, 34, 43, 36, 13, 63, 6, 10, 55 ],
\[ 3, 10, 16, 22, 18, 27, 1, 36, 35, 20, 5, 44, 2, 38, 54, 11, 52, 34, 47, 39, 43, 61, 41, 6, 40, 4, 26, 62, 14, 59, 37, 48, 17, 7, 45, 46, 8, 28, 12, 53, 9, 56, 63, 51, 25, 55, 33, 58, 29, 60, 13, 32, 23, 31, 15, 49, 24, 19, 21, 64, 57, 42, 50, 30 ],
\[ 4, 11, 17, 23, 24, 28, 32, 1, 39, 43, 47, 7, 50, 2, 5, 27, 25, 58, 29, 3, 57, 49, 44, 45, 36, 14, 9, 51, 46, 6, 16, 35, 56, 61, 55, 30, 21, 8, 59, 13, 54, 12, 48, 64, 10, 34, 53, 38, 20, 52, 18, 62, 37, 63, 60, 15, 42, 41, 19, 26, 40, 31, 22, 33 ]:
 Order := 64 >) |
[ PermutationGroup<64 |  
\[ 12, 40, 8, 60, 2, 5, 46, 53, 58, 14, 31, 9, 28, 19, 35, 20, 64, 15, 18, 45, 39, 1, 47, 21, 24, 16, 30, 48, 22, 44, 41, 50, 11, 51, 27, 38, 62, 26, 49, 17, 4, 52, 37, 42, 32, 25, 59, 7, 33, 54, 23, 3, 61, 56, 29, 57, 34, 43, 36, 13, 63, 6, 10, 55 ],
\[ 3, 10, 16, 22, 18, 27, 1, 36, 35, 20, 5, 44, 2, 38, 54, 11, 52, 34, 47, 39, 43, 61, 41, 6, 40, 4, 26, 62, 14, 59, 37, 48, 17, 7, 45, 46, 8, 28, 12, 53, 9, 56, 63, 51, 25, 55, 33, 58, 29, 60, 13, 32, 23, 31, 15, 49, 24, 19, 21, 64, 57, 42, 50, 30 ],
\[ 4, 11, 17, 23, 24, 28, 32, 1, 39, 43, 47, 7, 50, 2, 5, 27, 25, 58, 29, 3, 57, 49, 44, 45, 36, 14, 9, 51, 46, 6, 16, 35, 56, 61, 55, 30, 21, 8, 59, 13, 54, 12, 48, 64, 10, 34, 53, 38, 20, 52, 18, 62, 37, 63, 60, 15, 42, 41, 19, 26, 40, 31, 22, 33 ]:
 Order := 64 > |
[ 22, 5, 52, 41, 6, 62, 48, 3, 12, 63, 33, 1, 60, 10, 18, 26, 40, 19, 14, 16, 24, 29, 51, 25, 46, 38, 35, 13, 55, 27, 11, 45, 49, 57, 15, 59, 43, 36, 21, 2, 31, 44, 58, 30, 20, 7, 23, 28, 39, 32, 34, 42, 8, 50, 64, 54, 56, 9, 47, 4, 53, 37, 61, 17 ],
[ 63, 15, 50, 58, 30, 52, 43, 20, 42, 54, 64, 8, 55, 45, 51, 60, 61, 59, 26, 31, 5, 19, 28, 17, 29, 48, 32, 40, 35, 16, 2, 24, 22, 21, 56, 39, 10, 25, 37, 14, 62, 23, 18, 36, 49, 12, 4, 6, 9, 7, 46, 57, 38, 13, 44, 41, 33, 27, 11, 1, 47, 53, 34, 3 ],
[ 46, 28, 12, 16, 31, 21, 51, 62, 4, 40, 20, 49, 23, 22, 29, 8, 11, 2, 43, 14, 36, 60, 61, 34, 32, 30, 5, 26, 33, 55, 56, 3, 59, 15, 58, 53, 41, 19, 45, 24, 47, 6, 39, 9, 27, 38, 18, 50, 57, 10, 42, 64, 17, 35, 25, 52, 63, 7, 44, 54, 1, 48, 37, 13 ]
],
[ PermutationGroup<64 |  
\[ 12, 40, 8, 60, 2, 5, 46, 53, 58, 14, 31, 9, 28, 19, 35, 20, 64, 15, 18, 45, 39, 1, 47, 21, 24, 16, 30, 48, 22, 44, 41, 50, 11, 51, 27, 38, 62, 26, 49, 17, 4, 52, 37, 42, 32, 25, 59, 7, 33, 54, 23, 3, 61, 56, 29, 57, 34, 43, 36, 13, 63, 6, 10, 55 ],
\[ 3, 10, 16, 22, 18, 27, 1, 36, 35, 20, 5, 44, 2, 38, 54, 11, 52, 34, 47, 39, 43, 61, 41, 6, 40, 4, 26, 62, 14, 59, 37, 48, 17, 7, 45, 46, 8, 28, 12, 53, 9, 56, 63, 51, 25, 55, 33, 58, 29, 60, 13, 32, 23, 31, 15, 49, 24, 19, 21, 64, 57, 42, 50, 30 ],
\[ 4, 11, 17, 23, 24, 28, 32, 1, 39, 43, 47, 7, 50, 2, 5, 27, 25, 58, 29, 3, 57, 49, 44, 45, 36, 14, 9, 51, 46, 6, 16, 35, 56, 61, 55, 30, 21, 8, 59, 13, 54, 12, 48, 64, 10, 34, 53, 38, 20, 52, 18, 62, 37, 63, 60, 15, 42, 41, 19, 26, 40, 31, 22, 33 ]:
 Order := 64 > |
[ 22, 5, 52, 41, 6, 62, 48, 3, 12, 63, 33, 1, 60, 10, 18, 26, 40, 19, 14, 16, 24, 29, 51, 25, 46, 38, 35, 13, 55, 27, 11, 45, 49, 57, 15, 59, 43, 36, 21, 2, 31, 44, 58, 30, 20, 7, 23, 28, 39, 32, 34, 42, 8, 50, 64, 54, 56, 9, 47, 4, 53, 37, 61, 17 ],
[ 11, 39, 5, 57, 7, 4, 16, 55, 25, 12, 34, 13, 20, 62, 37, 18, 48, 1, 17, 44, 50, 24, 35, 26, 23, 61, 22, 56, 28, 43, 36, 19, 32, 3, 40, 15, 46, 42, 51, 41, 45, 29, 60, 2, 53, 54, 52, 47, 38, 30, 10, 58, 9, 8, 31, 14, 27, 33, 63, 59, 6, 49, 64, 21 ],
[ 10, 35, 54, 43, 44, 3, 37, 45, 52, 56, 55, 53, 29, 32, 23, 13, 63, 36, 16, 41, 2, 18, 48, 64, 22, 7, 50, 17, 27, 20, 40, 21, 1, 39, 57, 49, 14, 24, 62, 19, 6, 47, 15, 38, 33, 9, 60, 5, 58, 46, 25, 34, 26, 28, 42, 4, 11, 30, 31, 12, 59, 61, 51, 8 ]
]
];

/*
Return for eval
*/

return s;
