s := SolvablePassportDBInitialize();

/*
Magma printing
*/

s`Filename := "64S25-8,8,4-g17.m";
s`GaloisOrbits := [ Strings() | "64S25-8,8,4-g17-path50.m", "64S25-8,8,4-g17-path81.m", "64S25-8,8,4-g17-path77.m", "64S25-8,8,4-g17-path86.m", "64S25-8,8,4-g17-path76.m", "64S25-8,8,4-g17-path75.m", "64S25-8,8,4-g17-path87.m", "64S25-8,8,4-g17-path12.m", "64S25-8,8,4-g17-path74.m", "64S25-8,8,4-g17-path73.m", "64S25-8,8,4-g17-path72.m", "64S25-8,8,4-g17-path80.m", "64S25-8,8,4-g17-path13.m", "64S25-8,8,4-g17-path71.m", "64S25-8,8,4-g17-path70.m", "64S25-8,8,4-g17-path113.m", "64S25-8,8,4-g17-path88.m", "64S25-8,8,4-g17-path141.m", "64S25-8,8,4-g17-path111.m", "64S25-8,8,4-g17-path69.m", "64S25-8,8,4-g17-path133.m", "64S25-8,8,4-g17-path132.m", "64S25-8,8,4-g17-path89.m", "64S25-8,8,4-g17-path68.m", "64S25-8,8,4-g17-path140.m", "64S25-8,8,4-g17-path131.m", "64S25-8,8,4-g17-path130.m", "64S25-8,8,4-g17-path67.m", "64S25-8,8,4-g17-path114.m", "64S25-8,8,4-g17-path129.m", "64S25-8,8,4-g17-path66.m", "64S25-8,8,4-g17-path139.m", "64S25-8,8,4-g17-path79.m", "64S25-8,8,4-g17-path90.m", "64S25-8,8,4-g17-path128.m", "64S25-8,8,4-g17-path25.m", "64S25-8,8,4-g17-path115.m", "64S25-8,8,4-g17-path91.m", "64S25-8,8,4-g17-path65.m", "64S25-8,8,4-g17-path127.m", "64S25-8,8,4-g17-path138.m", "64S25-8,8,4-g17-path64.m", "64S25-8,8,4-g17-path78.m", "64S25-8,8,4-g17-path126.m", "64S25-8,8,4-g17-path14.m", "64S25-8,8,4-g17-path9.m", "64S25-8,8,4-g17-path22.m", "64S25-8,8,4-g17-path125.m", "64S25-8,8,4-g17-path24.m", "64S25-8,8,4-g17-path63.m", "64S25-8,8,4-g17-path124.m", "64S25-8,8,4-g17-path134.m", "64S25-8,8,4-g17-path135.m", "64S25-8,8,4-g17-path26.m", "64S25-8,8,4-g17-path123.m", "64S25-8,8,4-g17-path92.m", "64S25-8,8,4-g17-path142.m", "64S25-8,8,4-g17-path110.m", "64S25-8,8,4-g17-path143.m", "64S25-8,8,4-g17-path62.m", "64S25-8,8,4-g17-path144.m", "64S25-8,8,4-g17-path1.m", "64S25-8,8,4-g17-path137.m", "64S25-8,8,4-g17-path27.m", "64S25-8,8,4-g17-path145.m", "64S25-8,8,4-g17-path146.m", "64S25-8,8,4-g17-path116.m", "64S25-8,8,4-g17-path147.m", "64S25-8,8,4-g17-path109.m", "64S25-8,8,4-g17-path148.m", "64S25-8,8,4-g17-path122.m", "64S25-8,8,4-g17-path149.m", "64S25-8,8,4-g17-path108.m", "64S25-8,8,4-g17-path150.m", "64S25-8,8,4-g17-path2.m", "64S25-8,8,4-g17-path93.m", "64S25-8,8,4-g17-path151.m", "64S25-8,8,4-g17-path152.m", "64S25-8,8,4-g17-path3.m", "64S25-8,8,4-g17-path136.m", "64S25-8,8,4-g17-path153.m", "64S25-8,8,4-g17-path154.m", "64S25-8,8,4-g17-path107.m", "64S25-8,8,4-g17-path61.m", "64S25-8,8,4-g17-path28.m", "64S25-8,8,4-g17-path155.m", "64S25-8,8,4-g17-path156.m", "64S25-8,8,4-g17-path112.m", "64S25-8,8,4-g17-path106.m", "64S25-8,8,4-g17-path157.m", "64S25-8,8,4-g17-path158.m", "64S25-8,8,4-g17-path4.m", "64S25-8,8,4-g17-path159.m", "64S25-8,8,4-g17-path15.m", "64S25-8,8,4-g17-path29.m", "64S25-8,8,4-g17-path160.m", "64S25-8,8,4-g17-path5.m", "64S25-8,8,4-g17-path161.m", "64S25-8,8,4-g17-path105.m", "64S25-8,8,4-g17-path162.m", "64S25-8,8,4-g17-path60.m", "64S25-8,8,4-g17-path8.m", "64S25-8,8,4-g17-path121.m", "64S25-8,8,4-g17-path104.m", "64S25-8,8,4-g17-path117.m", "64S25-8,8,4-g17-path120.m", "64S25-8,8,4-g17-path119.m", "64S25-8,8,4-g17-path59.m", "64S25-8,8,4-g17-path118.m", "64S25-8,8,4-g17-path94.m", "64S25-8,8,4-g17-path21.m", "64S25-8,8,4-g17-path58.m", "64S25-8,8,4-g17-path23.m", "64S25-8,8,4-g17-path57.m", "64S25-8,8,4-g17-path56.m", "64S25-8,8,4-g17-path30.m", "64S25-8,8,4-g17-path95.m", "64S25-8,8,4-g17-path11.m", "64S25-8,8,4-g17-path85.m", "64S25-8,8,4-g17-path55.m", "64S25-8,8,4-g17-path54.m", "64S25-8,8,4-g17-path82.m", "64S25-8,8,4-g17-path16.m", "64S25-8,8,4-g17-path53.m", "64S25-8,8,4-g17-path52.m", "64S25-8,8,4-g17-path31.m", "64S25-8,8,4-g17-path83.m", "64S25-8,8,4-g17-path51.m", "64S25-8,8,4-g17-path103.m", "64S25-8,8,4-g17-path17.m", "64S25-8,8,4-g17-path96.m", "64S25-8,8,4-g17-path49.m", "64S25-8,8,4-g17-path10.m", "64S25-8,8,4-g17-path48.m", "64S25-8,8,4-g17-path97.m", "64S25-8,8,4-g17-path47.m", "64S25-8,8,4-g17-path84.m", "64S25-8,8,4-g17-path102.m", "64S25-8,8,4-g17-path46.m", "64S25-8,8,4-g17-path45.m", "64S25-8,8,4-g17-path44.m", "64S25-8,8,4-g17-path18.m", "64S25-8,8,4-g17-path43.m", "64S25-8,8,4-g17-path42.m", "64S25-8,8,4-g17-path98.m", "64S25-8,8,4-g17-path41.m", "64S25-8,8,4-g17-path32.m", "64S25-8,8,4-g17-path7.m", "64S25-8,8,4-g17-path40.m", "64S25-8,8,4-g17-path20.m", "64S25-8,8,4-g17-path19.m", "64S25-8,8,4-g17-path39.m", "64S25-8,8,4-g17-path99.m", "64S25-8,8,4-g17-path38.m", "64S25-8,8,4-g17-path37.m", "64S25-8,8,4-g17-path36.m", "64S25-8,8,4-g17-path33.m", "64S25-8,8,4-g17-path35.m", "64S25-8,8,4-g17-path34.m", "64S25-8,8,4-g17-path100.m", "64S25-8,8,4-g17-path6.m", "64S25-8,8,4-g17-path101.m" ];
s`Name := "64S25-8,8,4-g17";
s`Passport := [ PowerSequence(PermutationGroup<64 |  
\[ 12, 29, 8, 60, 2, 5, 45, 52, 6, 14, 31, 9, 25, 27, 35, 20, 42, 15, 18, 64, 38, 1, 46, 21, 24, 34, 30, 47, 22, 43, 28, 49, 11, 41, 39, 23, 51, 48, 3, 50, 44, 54, 40, 59, 62, 61, 7, 4, 36, 63, 17, 19, 55, 58, 32, 37, 56, 57, 16, 13, 53, 33, 10, 26 ],
\[ 3, 10, 16, 22, 18, 27, 1, 36, 35, 41, 5, 43, 2, 23, 53, 11, 39, 34, 32, 13, 56, 50, 48, 6, 51, 4, 26, 9, 52, 49, 54, 47, 57, 7, 64, 31, 8, 12, 46, 55, 38, 63, 20, 28, 37, 33, 17, 58, 60, 59, 14, 44, 45, 15, 25, 30, 19, 40, 24, 42, 21, 29, 61, 62 ],
\[ 4, 11, 17, 23, 24, 28, 32, 1, 38, 42, 46, 7, 49, 2, 5, 50, 25, 57, 29, 3, 59, 62, 8, 55, 20, 35, 51, 36, 13, 6, 16, 40, 64, 27, 54, 30, 21, 61, 9, 12, 18, 47, 56, 10, 34, 14, 44, 41, 19, 58, 45, 37, 63, 60, 15, 33, 48, 31, 52, 26, 39, 53, 22, 43 ]:
 Order := 64 >) |
[ PermutationGroup<64 |  
\[ 12, 29, 8, 60, 2, 5, 45, 52, 6, 14, 31, 9, 25, 27, 35, 20, 42, 15, 18, 64, 38, 1, 46, 21, 24, 34, 30, 47, 22, 43, 28, 49, 11, 41, 39, 23, 51, 48, 3, 50, 44, 54, 40, 59, 62, 61, 7, 4, 36, 63, 17, 19, 55, 58, 32, 37, 56, 57, 16, 13, 53, 33, 10, 26 ],
\[ 3, 10, 16, 22, 18, 27, 1, 36, 35, 41, 5, 43, 2, 23, 53, 11, 39, 34, 32, 13, 56, 50, 48, 6, 51, 4, 26, 9, 52, 49, 54, 47, 57, 7, 64, 31, 8, 12, 46, 55, 38, 63, 20, 28, 37, 33, 17, 58, 60, 59, 14, 44, 45, 15, 25, 30, 19, 40, 24, 42, 21, 29, 61, 62 ],
\[ 4, 11, 17, 23, 24, 28, 32, 1, 38, 42, 46, 7, 49, 2, 5, 50, 25, 57, 29, 3, 59, 62, 8, 55, 20, 35, 51, 36, 13, 6, 16, 40, 64, 27, 54, 30, 21, 61, 9, 12, 18, 47, 56, 10, 34, 14, 44, 41, 19, 58, 45, 37, 63, 60, 15, 33, 48, 31, 52, 26, 39, 53, 22, 43 ]:
 Order := 64 > |
[ 12, 29, 8, 60, 2, 5, 45, 52, 6, 14, 31, 9, 25, 27, 35, 20, 42, 15, 18, 64, 38, 1, 46, 21, 24, 34, 30, 47, 22, 43, 28, 49, 11, 41, 39, 23, 51, 48, 3, 50, 44, 54, 40, 59, 62, 61, 7, 4, 36, 63, 17, 19, 55, 58, 32, 37, 56, 57, 16, 13, 53, 33, 10, 26 ],
[ 3, 10, 16, 22, 18, 27, 1, 36, 35, 41, 5, 43, 2, 23, 53, 11, 39, 34, 32, 13, 56, 50, 48, 6, 51, 4, 26, 9, 52, 49, 54, 47, 57, 7, 64, 31, 8, 12, 46, 55, 38, 63, 20, 28, 37, 33, 17, 58, 60, 59, 14, 44, 45, 15, 25, 30, 19, 40, 24, 42, 21, 29, 61, 62 ],
[ 4, 11, 17, 23, 24, 28, 32, 1, 38, 42, 46, 7, 49, 2, 5, 50, 25, 57, 29, 3, 59, 62, 8, 55, 20, 35, 51, 36, 13, 6, 16, 40, 64, 27, 54, 30, 21, 61, 9, 12, 18, 47, 56, 10, 34, 14, 44, 41, 19, 58, 45, 37, 63, 60, 15, 33, 48, 31, 52, 26, 39, 53, 22, 43 ]
],
[ PermutationGroup<64 |  
\[ 12, 29, 8, 60, 2, 5, 45, 52, 6, 14, 31, 9, 25, 27, 35, 20, 42, 15, 18, 64, 38, 1, 46, 21, 24, 34, 30, 47, 22, 43, 28, 49, 11, 41, 39, 23, 51, 48, 3, 50, 44, 54, 40, 59, 62, 61, 7, 4, 36, 63, 17, 19, 55, 58, 32, 37, 56, 57, 16, 13, 53, 33, 10, 26 ],
\[ 3, 10, 16, 22, 18, 27, 1, 36, 35, 41, 5, 43, 2, 23, 53, 11, 39, 34, 32, 13, 56, 50, 48, 6, 51, 4, 26, 9, 52, 49, 54, 47, 57, 7, 64, 31, 8, 12, 46, 55, 38, 63, 20, 28, 37, 33, 17, 58, 60, 59, 14, 44, 45, 15, 25, 30, 19, 40, 24, 42, 21, 29, 61, 62 ],
\[ 4, 11, 17, 23, 24, 28, 32, 1, 38, 42, 46, 7, 49, 2, 5, 50, 25, 57, 29, 3, 59, 62, 8, 55, 20, 35, 51, 36, 13, 6, 16, 40, 64, 27, 54, 30, 21, 61, 9, 12, 18, 47, 56, 10, 34, 14, 44, 41, 19, 58, 45, 37, 63, 60, 15, 33, 48, 31, 52, 26, 39, 53, 22, 43 ]:
 Order := 64 > |
[ 3, 10, 16, 22, 18, 27, 1, 36, 35, 41, 5, 43, 2, 23, 53, 11, 39, 34, 32, 13, 56, 50, 48, 6, 51, 4, 26, 9, 52, 49, 54, 47, 57, 7, 64, 31, 8, 12, 46, 55, 38, 63, 20, 28, 37, 33, 17, 58, 60, 59, 14, 44, 45, 15, 25, 30, 19, 40, 24, 42, 21, 29, 61, 62 ],
[ 12, 29, 8, 60, 2, 5, 45, 52, 6, 14, 31, 9, 25, 27, 35, 20, 42, 15, 18, 64, 38, 1, 46, 21, 24, 34, 30, 47, 22, 43, 28, 49, 11, 41, 39, 23, 51, 48, 3, 50, 44, 54, 40, 59, 62, 61, 7, 4, 36, 63, 17, 19, 55, 58, 32, 37, 56, 57, 16, 13, 53, 33, 10, 26 ],
[ 47, 60, 22, 64, 33, 25, 26, 56, 31, 5, 59, 21, 16, 37, 42, 39, 28, 6, 58, 30, 46, 48, 10, 44, 53, 14, 9, 41, 45, 57, 49, 52, 23, 19, 12, 3, 7, 34, 51, 54, 63, 4, 1, 8, 61, 35, 55, 36, 27, 29, 13, 2, 18, 11, 43, 24, 62, 38, 40, 32, 50, 20, 17, 15 ]
]
];

/*
Return for eval
*/

return s;
