s := SolvablePassportDBInitialize();

/*
Magma printing
*/

s`Filename := "64S23-4,4,4-g9.m";
s`GaloisOrbits := [ Strings() | "64S23-4,4,4-g9-path98.m", "64S23-4,4,4-g9-path140.m", "64S23-4,4,4-g9-path139.m", "64S23-4,4,4-g9-path142.m", "64S23-4,4,4-g9-path143.m", "64S23-4,4,4-g9-path144.m", "64S23-4,4,4-g9-path138.m", "64S23-4,4,4-g9-path63.m", "64S23-4,4,4-g9-path62.m", "64S23-4,4,4-g9-path61.m", "64S23-4,4,4-g9-path1.m", "64S23-4,4,4-g9-path2.m", "64S23-4,4,4-g9-path137.m", "64S23-4,4,4-g9-path3.m", "64S23-4,4,4-g9-path136.m", "64S23-4,4,4-g9-path309.m", "64S23-4,4,4-g9-path145.m", "64S23-4,4,4-g9-path146.m", "64S23-4,4,4-g9-path13.m", "64S23-4,4,4-g9-path14.m", "64S23-4,4,4-g9-path15.m", "64S23-4,4,4-g9-path308.m", "64S23-4,4,4-g9-path147.m", "64S23-4,4,4-g9-path148.m", "64S23-4,4,4-g9-path64.m", "64S23-4,4,4-g9-path65.m", "64S23-4,4,4-g9-path149.m", "64S23-4,4,4-g9-path150.m", "64S23-4,4,4-g9-path66.m", "64S23-4,4,4-g9-path307.m", "64S23-4,4,4-g9-path135.m", "64S23-4,4,4-g9-path60.m", "64S23-4,4,4-g9-path59.m", "64S23-4,4,4-g9-path58.m", "64S23-4,4,4-g9-path306.m", "64S23-4,4,4-g9-path134.m", "64S23-4,4,4-g9-path4.m", "64S23-4,4,4-g9-path5.m", "64S23-4,4,4-g9-path305.m", "64S23-4,4,4-g9-path304.m", "64S23-4,4,4-g9-path303.m", "64S23-4,4,4-g9-path302.m", "64S23-4,4,4-g9-path301.m", "64S23-4,4,4-g9-path300.m", "64S23-4,4,4-g9-path299.m", "64S23-4,4,4-g9-path298.m", "64S23-4,4,4-g9-path297.m", "64S23-4,4,4-g9-path296.m", "64S23-4,4,4-g9-path295.m", "64S23-4,4,4-g9-path294.m", "64S23-4,4,4-g9-path6.m", "64S23-4,4,4-g9-path67.m", "64S23-4,4,4-g9-path68.m", "64S23-4,4,4-g9-path69.m", "64S23-4,4,4-g9-path293.m", "64S23-4,4,4-g9-path57.m", "64S23-4,4,4-g9-path56.m", "64S23-4,4,4-g9-path55.m", "64S23-4,4,4-g9-path292.m", "64S23-4,4,4-g9-path133.m", "64S23-4,4,4-g9-path291.m", "64S23-4,4,4-g9-path290.m", "64S23-4,4,4-g9-path289.m", "64S23-4,4,4-g9-path288.m", "64S23-4,4,4-g9-path287.m", "64S23-4,4,4-g9-path286.m", "64S23-4,4,4-g9-path285.m", "64S23-4,4,4-g9-path284.m", "64S23-4,4,4-g9-path283.m", "64S23-4,4,4-g9-path282.m", "64S23-4,4,4-g9-path281.m", "64S23-4,4,4-g9-path280.m", "64S23-4,4,4-g9-path70.m", "64S23-4,4,4-g9-path71.m", "64S23-4,4,4-g9-path151.m", "64S23-4,4,4-g9-path72.m", "64S23-4,4,4-g9-path279.m", "64S23-4,4,4-g9-path278.m", "64S23-4,4,4-g9-path152.m", "64S23-4,4,4-g9-path54.m", "64S23-4,4,4-g9-path53.m", "64S23-4,4,4-g9-path52.m", "64S23-4,4,4-g9-path277.m", "64S23-4,4,4-g9-path276.m", "64S23-4,4,4-g9-path275.m", "64S23-4,4,4-g9-path274.m", "64S23-4,4,4-g9-path273.m", "64S23-4,4,4-g9-path272.m", "64S23-4,4,4-g9-path271.m", "64S23-4,4,4-g9-path270.m", "64S23-4,4,4-g9-path269.m", "64S23-4,4,4-g9-path268.m", "64S23-4,4,4-g9-path267.m", "64S23-4,4,4-g9-path266.m", "64S23-4,4,4-g9-path73.m", "64S23-4,4,4-g9-path74.m", "64S23-4,4,4-g9-path75.m", "64S23-4,4,4-g9-path265.m", "64S23-4,4,4-g9-path153.m", "64S23-4,4,4-g9-path264.m", "64S23-4,4,4-g9-path154.m", "64S23-4,4,4-g9-path263.m", "64S23-4,4,4-g9-path262.m", "64S23-4,4,4-g9-path51.m", "64S23-4,4,4-g9-path50.m", "64S23-4,4,4-g9-path49.m", "64S23-4,4,4-g9-path261.m", "64S23-4,4,4-g9-path260.m", "64S23-4,4,4-g9-path259.m", "64S23-4,4,4-g9-path258.m", "64S23-4,4,4-g9-path257.m", "64S23-4,4,4-g9-path256.m", "64S23-4,4,4-g9-path255.m", "64S23-4,4,4-g9-path254.m", "64S23-4,4,4-g9-path253.m", "64S23-4,4,4-g9-path252.m", "64S23-4,4,4-g9-path76.m", "64S23-4,4,4-g9-path77.m", "64S23-4,4,4-g9-path78.m", "64S23-4,4,4-g9-path251.m", "64S23-4,4,4-g9-path250.m", "64S23-4,4,4-g9-path16.m", "64S23-4,4,4-g9-path17.m", "64S23-4,4,4-g9-path249.m", "64S23-4,4,4-g9-path248.m", "64S23-4,4,4-g9-path247.m", "64S23-4,4,4-g9-path246.m", "64S23-4,4,4-g9-path48.m", "64S23-4,4,4-g9-path47.m", "64S23-4,4,4-g9-path46.m", "64S23-4,4,4-g9-path245.m", "64S23-4,4,4-g9-path244.m", "64S23-4,4,4-g9-path243.m", "64S23-4,4,4-g9-path242.m", "64S23-4,4,4-g9-path241.m", "64S23-4,4,4-g9-path79.m", "64S23-4,4,4-g9-path80.m", "64S23-4,4,4-g9-path81.m", "64S23-4,4,4-g9-path18.m", "64S23-4,4,4-g9-path155.m", "64S23-4,4,4-g9-path240.m", "64S23-4,4,4-g9-path239.m", "64S23-4,4,4-g9-path238.m", "64S23-4,4,4-g9-path82.m", "64S23-4,4,4-g9-path83.m", "64S23-4,4,4-g9-path84.m", "64S23-4,4,4-g9-path156.m", "64S23-4,4,4-g9-path157.m", "64S23-4,4,4-g9-path158.m", "64S23-4,4,4-g9-path237.m", "64S23-4,4,4-g9-path236.m", "64S23-4,4,4-g9-path45.m", "64S23-4,4,4-g9-path44.m", "64S23-4,4,4-g9-path43.m", "64S23-4,4,4-g9-path235.m", "64S23-4,4,4-g9-path159.m", "64S23-4,4,4-g9-path234.m", "64S23-4,4,4-g9-path85.m", "64S23-4,4,4-g9-path86.m", "64S23-4,4,4-g9-path87.m", "64S23-4,4,4-g9-path233.m", "64S23-4,4,4-g9-path232.m", "64S23-4,4,4-g9-path7.m", "64S23-4,4,4-g9-path8.m", "64S23-4,4,4-g9-path231.m", "64S23-4,4,4-g9-path230.m", "64S23-4,4,4-g9-path229.m", "64S23-4,4,4-g9-path88.m", "64S23-4,4,4-g9-path89.m", "64S23-4,4,4-g9-path90.m", "64S23-4,4,4-g9-path9.m", "64S23-4,4,4-g9-path160.m", "64S23-4,4,4-g9-path161.m", "64S23-4,4,4-g9-path228.m", "64S23-4,4,4-g9-path227.m", "64S23-4,4,4-g9-path42.m", "64S23-4,4,4-g9-path41.m", "64S23-4,4,4-g9-path40.m", "64S23-4,4,4-g9-path226.m", "64S23-4,4,4-g9-path141.m", "64S23-4,4,4-g9-path91.m", "64S23-4,4,4-g9-path92.m", "64S23-4,4,4-g9-path93.m", "64S23-4,4,4-g9-path162.m", "64S23-4,4,4-g9-path163.m", "64S23-4,4,4-g9-path225.m", "64S23-4,4,4-g9-path224.m", "64S23-4,4,4-g9-path223.m", "64S23-4,4,4-g9-path164.m", "64S23-4,4,4-g9-path222.m", "64S23-4,4,4-g9-path94.m", "64S23-4,4,4-g9-path95.m", "64S23-4,4,4-g9-path96.m", "64S23-4,4,4-g9-path221.m", "64S23-4,4,4-g9-path165.m", "64S23-4,4,4-g9-path220.m", "64S23-4,4,4-g9-path10.m", "64S23-4,4,4-g9-path19.m", "64S23-4,4,4-g9-path219.m", "64S23-4,4,4-g9-path39.m", "64S23-4,4,4-g9-path38.m", "64S23-4,4,4-g9-path37.m", "64S23-4,4,4-g9-path218.m", "64S23-4,4,4-g9-path217.m", "64S23-4,4,4-g9-path97.m", "64S23-4,4,4-g9-path20.m", "64S23-4,4,4-g9-path99.m", "64S23-4,4,4-g9-path21.m", "64S23-4,4,4-g9-path11.m", "64S23-4,4,4-g9-path216.m", "64S23-4,4,4-g9-path215.m", "64S23-4,4,4-g9-path214.m", "64S23-4,4,4-g9-path166.m", "64S23-4,4,4-g9-path100.m", "64S23-4,4,4-g9-path101.m", "64S23-4,4,4-g9-path102.m", "64S23-4,4,4-g9-path167.m", "64S23-4,4,4-g9-path213.m", "64S23-4,4,4-g9-path12.m", "64S23-4,4,4-g9-path212.m", "64S23-4,4,4-g9-path211.m", "64S23-4,4,4-g9-path168.m", "64S23-4,4,4-g9-path103.m", "64S23-4,4,4-g9-path36.m", "64S23-4,4,4-g9-path35.m", "64S23-4,4,4-g9-path34.m", "64S23-4,4,4-g9-path104.m", "64S23-4,4,4-g9-path105.m", "64S23-4,4,4-g9-path210.m", "64S23-4,4,4-g9-path209.m", "64S23-4,4,4-g9-path169.m", "64S23-4,4,4-g9-path208.m", "64S23-4,4,4-g9-path170.m", "64S23-4,4,4-g9-path207.m", "64S23-4,4,4-g9-path206.m", "64S23-4,4,4-g9-path205.m", "64S23-4,4,4-g9-path106.m", "64S23-4,4,4-g9-path107.m", "64S23-4,4,4-g9-path108.m", "64S23-4,4,4-g9-path171.m", "64S23-4,4,4-g9-path172.m", "64S23-4,4,4-g9-path204.m", "64S23-4,4,4-g9-path173.m", "64S23-4,4,4-g9-path203.m", "64S23-4,4,4-g9-path202.m", "64S23-4,4,4-g9-path109.m", "64S23-4,4,4-g9-path110.m", "64S23-4,4,4-g9-path33.m", "64S23-4,4,4-g9-path32.m", "64S23-4,4,4-g9-path31.m", "64S23-4,4,4-g9-path111.m", "64S23-4,4,4-g9-path174.m", "64S23-4,4,4-g9-path175.m", "64S23-4,4,4-g9-path201.m", "64S23-4,4,4-g9-path200.m", "64S23-4,4,4-g9-path199.m", "64S23-4,4,4-g9-path176.m", "64S23-4,4,4-g9-path112.m", "64S23-4,4,4-g9-path113.m", "64S23-4,4,4-g9-path114.m", "64S23-4,4,4-g9-path198.m", "64S23-4,4,4-g9-path197.m", "64S23-4,4,4-g9-path177.m", "64S23-4,4,4-g9-path196.m", "64S23-4,4,4-g9-path132.m", "64S23-4,4,4-g9-path195.m", "64S23-4,4,4-g9-path22.m", "64S23-4,4,4-g9-path194.m", "64S23-4,4,4-g9-path193.m", "64S23-4,4,4-g9-path115.m", "64S23-4,4,4-g9-path116.m", "64S23-4,4,4-g9-path30.m", "64S23-4,4,4-g9-path29.m", "64S23-4,4,4-g9-path28.m", "64S23-4,4,4-g9-path117.m", "64S23-4,4,4-g9-path23.m", "64S23-4,4,4-g9-path24.m", "64S23-4,4,4-g9-path192.m", "64S23-4,4,4-g9-path191.m", "64S23-4,4,4-g9-path190.m", "64S23-4,4,4-g9-path118.m", "64S23-4,4,4-g9-path119.m", "64S23-4,4,4-g9-path120.m", "64S23-4,4,4-g9-path131.m", "64S23-4,4,4-g9-path130.m", "64S23-4,4,4-g9-path189.m", "64S23-4,4,4-g9-path188.m", "64S23-4,4,4-g9-path187.m", "64S23-4,4,4-g9-path178.m", "64S23-4,4,4-g9-path121.m", "64S23-4,4,4-g9-path179.m", "64S23-4,4,4-g9-path122.m", "64S23-4,4,4-g9-path123.m", "64S23-4,4,4-g9-path186.m", "64S23-4,4,4-g9-path185.m", "64S23-4,4,4-g9-path27.m", "64S23-4,4,4-g9-path26.m", "64S23-4,4,4-g9-path25.m", "64S23-4,4,4-g9-path180.m", "64S23-4,4,4-g9-path184.m", "64S23-4,4,4-g9-path129.m", "64S23-4,4,4-g9-path124.m", "64S23-4,4,4-g9-path125.m", "64S23-4,4,4-g9-path126.m", "64S23-4,4,4-g9-path183.m", "64S23-4,4,4-g9-path128.m", "64S23-4,4,4-g9-path182.m", "64S23-4,4,4-g9-path181.m", "64S23-4,4,4-g9-path127.m" ];
s`Name := "64S23-4,4,4-g9";
s`Passport := [ PowerSequence(PermutationGroup<64 |  
\[ 12, 38, 8, 52, 2, 5, 46, 36, 22, 14, 30, 9, 25, 27, 33, 20, 61, 15, 18, 45, 13, 1, 47, 21, 24, 49, 29, 32, 10, 28, 51, 11, 19, 23, 63, 40, 50, 6, 48, 3, 53, 56, 41, 43, 62, 39, 64, 7, 58, 4, 55, 37, 44, 59, 57, 54, 31, 60, 42, 26, 35, 16, 17, 34 ],
\[ 3, 10, 16, 22, 18, 27, 1, 34, 36, 20, 5, 43, 2, 23, 55, 7, 40, 49, 31, 13, 61, 53, 50, 6, 63, 4, 62, 38, 64, 35, 48, 17, 60, 30, 8, 45, 12, 33, 9, 47, 57, 29, 58, 51, 39, 56, 32, 59, 11, 54, 21, 42, 26, 14, 46, 15, 25, 37, 19, 28, 44, 24, 41, 52 ],
\[ 4, 11, 17, 23, 24, 28, 31, 1, 37, 42, 47, 7, 51, 2, 5, 27, 25, 59, 38, 3, 62, 39, 8, 57, 20, 33, 54, 34, 6, 49, 41, 60, 56, 29, 21, 35, 64, 13, 55, 9, 12, 48, 61, 22, 10, 16, 14, 45, 53, 58, 19, 26, 63, 46, 44, 52, 15, 18, 50, 43, 32, 36, 30, 40 ]:
 Order := 64 >) |
[ PermutationGroup<64 |  
\[ 12, 38, 8, 52, 2, 5, 46, 36, 22, 14, 30, 9, 25, 27, 33, 20, 61, 15, 18, 45, 13, 1, 47, 21, 24, 49, 29, 32, 10, 28, 51, 11, 19, 23, 63, 40, 50, 6, 48, 3, 53, 56, 41, 43, 62, 39, 64, 7, 58, 4, 55, 37, 44, 59, 57, 54, 31, 60, 42, 26, 35, 16, 17, 34 ],
\[ 3, 10, 16, 22, 18, 27, 1, 34, 36, 20, 5, 43, 2, 23, 55, 7, 40, 49, 31, 13, 61, 53, 50, 6, 63, 4, 62, 38, 64, 35, 48, 17, 60, 30, 8, 45, 12, 33, 9, 47, 57, 29, 58, 51, 39, 56, 32, 59, 11, 54, 21, 42, 26, 14, 46, 15, 25, 37, 19, 28, 44, 24, 41, 52 ],
\[ 4, 11, 17, 23, 24, 28, 31, 1, 37, 42, 47, 7, 51, 2, 5, 27, 25, 59, 38, 3, 62, 39, 8, 57, 20, 33, 54, 34, 6, 49, 41, 60, 56, 29, 21, 35, 64, 13, 55, 9, 12, 48, 61, 22, 10, 16, 14, 45, 53, 58, 19, 26, 63, 46, 44, 52, 15, 18, 50, 43, 32, 36, 30, 40 ]:
 Order := 64 > |
[ 12, 38, 8, 52, 2, 5, 46, 36, 22, 14, 30, 9, 25, 27, 33, 20, 61, 15, 18, 45, 13, 1, 47, 21, 24, 49, 29, 32, 10, 28, 51, 11, 19, 23, 63, 40, 50, 6, 48, 3, 53, 56, 41, 43, 62, 39, 64, 7, 58, 4, 55, 37, 44, 59, 57, 54, 31, 60, 42, 26, 35, 16, 17, 34 ],
[ 3, 10, 16, 22, 18, 27, 1, 34, 36, 20, 5, 43, 2, 23, 55, 7, 40, 49, 31, 13, 61, 53, 50, 6, 63, 4, 62, 38, 64, 35, 48, 17, 60, 30, 8, 45, 12, 33, 9, 47, 57, 29, 58, 51, 39, 56, 32, 59, 11, 54, 21, 42, 26, 14, 46, 15, 25, 37, 19, 28, 44, 24, 41, 52 ],
[ 4, 11, 17, 23, 24, 28, 31, 1, 37, 42, 47, 7, 51, 2, 5, 27, 25, 59, 38, 3, 62, 39, 8, 57, 20, 33, 54, 34, 6, 49, 41, 60, 56, 29, 21, 35, 64, 13, 55, 9, 12, 48, 61, 22, 10, 16, 14, 45, 53, 58, 19, 26, 63, 46, 44, 52, 15, 18, 50, 43, 32, 36, 30, 40 ]
],
[ PermutationGroup<64 |  
\[ 12, 38, 8, 52, 2, 5, 46, 36, 22, 14, 30, 9, 25, 27, 33, 20, 61, 15, 18, 45, 13, 1, 47, 21, 24, 49, 29, 32, 10, 28, 51, 11, 19, 23, 63, 40, 50, 6, 48, 3, 53, 56, 41, 43, 62, 39, 64, 7, 58, 4, 55, 37, 44, 59, 57, 54, 31, 60, 42, 26, 35, 16, 17, 34 ],
\[ 3, 10, 16, 22, 18, 27, 1, 34, 36, 20, 5, 43, 2, 23, 55, 7, 40, 49, 31, 13, 61, 53, 50, 6, 63, 4, 62, 38, 64, 35, 48, 17, 60, 30, 8, 45, 12, 33, 9, 47, 57, 29, 58, 51, 39, 56, 32, 59, 11, 54, 21, 42, 26, 14, 46, 15, 25, 37, 19, 28, 44, 24, 41, 52 ],
\[ 4, 11, 17, 23, 24, 28, 31, 1, 37, 42, 47, 7, 51, 2, 5, 27, 25, 59, 38, 3, 62, 39, 8, 57, 20, 33, 54, 34, 6, 49, 41, 60, 56, 29, 21, 35, 64, 13, 55, 9, 12, 48, 61, 22, 10, 16, 14, 45, 53, 58, 19, 26, 63, 46, 44, 52, 15, 18, 50, 43, 32, 36, 30, 40 ]:
 Order := 64 > |
[ 3, 10, 16, 22, 18, 27, 1, 34, 36, 20, 5, 43, 2, 23, 55, 7, 40, 49, 31, 13, 61, 53, 50, 6, 63, 4, 62, 38, 64, 35, 48, 17, 60, 30, 8, 45, 12, 33, 9, 47, 57, 29, 58, 51, 39, 56, 32, 59, 11, 54, 21, 42, 26, 14, 46, 15, 25, 37, 19, 28, 44, 24, 41, 52 ],
[ 12, 38, 8, 52, 2, 5, 46, 36, 22, 14, 30, 9, 25, 27, 33, 20, 61, 15, 18, 45, 13, 1, 47, 21, 24, 49, 29, 32, 10, 28, 51, 11, 19, 23, 63, 40, 50, 6, 48, 3, 53, 56, 41, 43, 62, 39, 64, 7, 58, 4, 55, 37, 44, 59, 57, 54, 31, 60, 42, 26, 35, 16, 17, 34 ],
[ 48, 21, 22, 60, 32, 25, 62, 61, 46, 5, 26, 52, 16, 56, 42, 40, 28, 6, 54, 29, 31, 50, 10, 45, 55, 41, 38, 58, 59, 64, 33, 23, 2, 3, 11, 12, 49, 30, 20, 63, 35, 4, 1, 17, 8, 51, 36, 57, 19, 34, 53, 47, 9, 37, 18, 7, 43, 44, 39, 15, 24, 14, 13, 27 ]
],
[ PermutationGroup<64 |  
\[ 12, 38, 8, 52, 2, 5, 46, 36, 22, 14, 30, 9, 25, 27, 33, 20, 61, 15, 18, 45, 13, 1, 47, 21, 24, 49, 29, 32, 10, 28, 51, 11, 19, 23, 63, 40, 50, 6, 48, 3, 53, 56, 41, 43, 62, 39, 64, 7, 58, 4, 55, 37, 44, 59, 57, 54, 31, 60, 42, 26, 35, 16, 17, 34 ],
\[ 3, 10, 16, 22, 18, 27, 1, 34, 36, 20, 5, 43, 2, 23, 55, 7, 40, 49, 31, 13, 61, 53, 50, 6, 63, 4, 62, 38, 64, 35, 48, 17, 60, 30, 8, 45, 12, 33, 9, 47, 57, 29, 58, 51, 39, 56, 32, 59, 11, 54, 21, 42, 26, 14, 46, 15, 25, 37, 19, 28, 44, 24, 41, 52 ],
\[ 4, 11, 17, 23, 24, 28, 31, 1, 37, 42, 47, 7, 51, 2, 5, 27, 25, 59, 38, 3, 62, 39, 8, 57, 20, 33, 54, 34, 6, 49, 41, 60, 56, 29, 21, 35, 64, 13, 55, 9, 12, 48, 61, 22, 10, 16, 14, 45, 53, 58, 19, 26, 63, 46, 44, 52, 15, 18, 50, 43, 32, 36, 30, 40 ]:
 Order := 64 > |
[ 3, 10, 16, 22, 18, 27, 1, 34, 36, 20, 5, 43, 2, 23, 55, 7, 40, 49, 31, 13, 61, 53, 50, 6, 63, 4, 62, 38, 64, 35, 48, 17, 60, 30, 8, 45, 12, 33, 9, 47, 57, 29, 58, 51, 39, 56, 32, 59, 11, 54, 21, 42, 26, 14, 46, 15, 25, 37, 19, 28, 44, 24, 41, 52 ],
[ 19, 44, 26, 38, 40, 41, 6, 51, 15, 49, 22, 29, 1, 55, 64, 32, 33, 62, 23, 52, 59, 14, 13, 9, 56, 25, 60, 12, 31, 42, 28, 54, 20, 7, 18, 58, 5, 8, 2, 57, 34, 53, 16, 47, 30, 61, 39, 63, 48, 35, 4, 17, 45, 43, 11, 3, 37, 21, 36, 46, 27, 50, 10, 24 ],
[ 34, 23, 13, 3, 55, 64, 43, 50, 47, 39, 10, 57, 33, 32, 25, 56, 16, 37, 21, 63, 8, 51, 22, 18, 40, 42, 7, 27, 30, 41, 1, 44, 4, 38, 45, 24, 36, 31, 53, 52, 48, 20, 28, 46, 59, 14, 5, 29, 35, 19, 2, 15, 11, 62, 9, 60, 6, 54, 49, 17, 58, 61, 26, 12 ]
]
];

/*
Return for eval
*/

return s;
