s := SolvablePassportDBInitialize();

/*
Magma printing
*/

s`Filename := "64S24-4,8,8-g17.m";
s`GaloisOrbits := [ Strings() | "64S24-4,8,8-g17-path7-notcomputed.m", "64S24-4,8,8-g17-path5-notcomputed.m", "64S24-4,8,8-g17-path6-notcomputed.m" ];
s`Name := "64S24-4,8,8-g17";
s`Passport := [ PowerSequence(PermutationGroup<64 |  
\[ 12, 40, 8, 52, 2, 5, 47, 38, 22, 14, 30, 9, 25, 27, 34, 20, 64, 15, 18, 50, 13, 1, 57, 21, 24, 16, 29, 32, 10, 28, 55, 11, 61, 19, 37, 63, 31, 42, 51, 6, 49, 3, 54, 58, 43, 45, 41, 23, 7, 26, 4, 39, 33, 46, 35, 62, 59, 56, 48, 53, 60, 44, 17, 36 ],
\[ 3, 10, 16, 22, 18, 27, 1, 35, 38, 26, 5, 45, 2, 55, 57, 28, 42, 60, 48, 39, 63, 54, 51, 6, 64, 4, 20, 40, 37, 17, 49, 36, 7, 33, 47, 8, 21, 50, 12, 34, 9, 31, 23, 29, 61, 59, 62, 32, 58, 11, 44, 56, 13, 53, 25, 14, 30, 15, 52, 41, 24, 19, 43, 46 ],
\[ 4, 11, 17, 23, 24, 28, 31, 1, 39, 44, 48, 7, 37, 2, 5, 10, 21, 62, 40, 3, 61, 41, 19, 55, 53, 38, 56, 57, 6, 50, 29, 16, 54, 58, 14, 25, 8, 36, 59, 13, 35, 9, 12, 47, 64, 22, 33, 46, 60, 27, 20, 26, 18, 63, 42, 49, 43, 51, 15, 45, 34, 52, 32, 30 ]:
 Order := 64 >) |
[ PermutationGroup<64 |  
\[ 12, 40, 8, 52, 2, 5, 47, 38, 22, 14, 30, 9, 25, 27, 34, 20, 64, 15, 18, 50, 13, 1, 57, 21, 24, 16, 29, 32, 10, 28, 55, 11, 61, 19, 37, 63, 31, 42, 51, 6, 49, 3, 54, 58, 43, 45, 41, 23, 7, 26, 4, 39, 33, 46, 35, 62, 59, 56, 48, 53, 60, 44, 17, 36 ],
\[ 3, 10, 16, 22, 18, 27, 1, 35, 38, 26, 5, 45, 2, 55, 57, 28, 42, 60, 48, 39, 63, 54, 51, 6, 64, 4, 20, 40, 37, 17, 49, 36, 7, 33, 47, 8, 21, 50, 12, 34, 9, 31, 23, 29, 61, 59, 62, 32, 58, 11, 44, 56, 13, 53, 25, 14, 30, 15, 52, 41, 24, 19, 43, 46 ],
\[ 4, 11, 17, 23, 24, 28, 31, 1, 39, 44, 48, 7, 37, 2, 5, 10, 21, 62, 40, 3, 61, 41, 19, 55, 53, 38, 56, 57, 6, 50, 29, 16, 54, 58, 14, 25, 8, 36, 59, 13, 35, 9, 12, 47, 64, 22, 33, 46, 60, 27, 20, 26, 18, 63, 42, 49, 43, 51, 15, 45, 34, 52, 32, 30 ]:
 Order := 64 > |
[ 48, 59, 24, 34, 31, 23, 27, 51, 57, 7, 54, 37, 3, 32, 25, 62, 33, 4, 21, 63, 15, 55, 2, 38, 19, 64, 41, 45, 30, 14, 40, 29, 36, 39, 5, 60, 22, 13, 18, 35, 10, 52, 49, 53, 11, 47, 43, 9, 46, 58, 42, 8, 56, 28, 12, 61, 1, 16, 6, 17, 44, 50, 26, 20 ],
[ 3, 10, 16, 22, 18, 27, 1, 35, 38, 26, 5, 45, 2, 55, 57, 28, 42, 60, 48, 39, 63, 54, 51, 6, 64, 4, 20, 40, 37, 17, 49, 36, 7, 33, 47, 8, 21, 50, 12, 34, 9, 31, 23, 29, 61, 59, 62, 32, 58, 11, 44, 56, 13, 53, 25, 14, 30, 15, 52, 41, 24, 19, 43, 46 ],
[ 15, 43, 53, 5, 8, 46, 2, 59, 19, 60, 12, 14, 9, 57, 37, 49, 18, 20, 55, 25, 62, 29, 24, 1, 58, 21, 33, 22, 48, 44, 11, 56, 30, 26, 28, 34, 39, 61, 40, 42, 6, 23, 35, 45, 16, 31, 64, 7, 63, 47, 36, 17, 51, 50, 4, 54, 41, 38, 13, 32, 52, 3, 27, 10 ]
]
];

/*
Return for eval
*/

return s;
