s := SolvablePassportDBInitialize();

/*
Magma printing
*/

s`Filename := "64S28-16,4,16-g21.m";
s`GaloisOrbits := [ Strings() | "64S28-16,4,16-g21-path3-notcomputed.m", "64S28-16,4,16-g21-path4-notcomputed.m" ];
s`Name := "64S28-16,4,16-g21";
s`Passport := [ PowerSequence(PermutationGroup<64 |  
\[ 2, 9, 8, 19, 11, 1, 31, 34, 15, 13, 39, 47, 50, 18, 42, 26, 3, 59, 45, 57, 49, 4, 54, 5, 63, 38, 30, 56, 6, 43, 22, 60, 7, 53, 37, 29, 23, 27, 55, 21, 20, 61, 46, 10, 28, 17, 33, 62, 12, 16, 52, 14, 44, 41, 64, 25, 48, 24, 32, 35, 58, 51, 40, 36 ],
\[ 3, 10, 14, 6, 16, 27, 1, 35, 38, 41, 43, 2, 51, 7, 17, 54, 57, 45, 42, 22, 24, 39, 4, 53, 5, 62, 23, 29, 13, 48, 61, 33, 55, 20, 63, 8, 47, 59, 34, 9, 12, 44, 18, 60, 11, 37, 58, 49, 64, 32, 28, 21, 52, 25, 50, 15, 56, 46, 40, 19, 26, 31, 36, 30 ],
\[ 4, 7, 15, 20, 21, 28, 32, 1, 12, 42, 25, 48, 2, 53, 40, 55, 58, 3, 23, 10, 59, 62, 46, 47, 57, 5, 9, 18, 63, 6, 14, 38, 37, 36, 44, 49, 8, 61, 45, 35, 16, 56, 64, 24, 60, 11, 41, 17, 52, 29, 26, 13, 39, 27, 22, 51, 34, 31, 43, 50, 19, 30, 54, 33 ]:
 Order := 64 >) |
[ PermutationGroup<64 |  
\[ 2, 9, 8, 19, 11, 1, 31, 34, 15, 13, 39, 47, 50, 18, 42, 26, 3, 59, 45, 57, 49, 4, 54, 5, 63, 38, 30, 56, 6, 43, 22, 60, 7, 53, 37, 29, 23, 27, 55, 21, 20, 61, 46, 10, 28, 17, 33, 62, 12, 16, 52, 14, 44, 41, 64, 25, 48, 24, 32, 35, 58, 51, 40, 36 ],
\[ 3, 10, 14, 6, 16, 27, 1, 35, 38, 41, 43, 2, 51, 7, 17, 54, 57, 45, 42, 22, 24, 39, 4, 53, 5, 62, 23, 29, 13, 48, 61, 33, 55, 20, 63, 8, 47, 59, 34, 9, 12, 44, 18, 60, 11, 37, 58, 49, 64, 32, 28, 21, 52, 25, 50, 15, 56, 46, 40, 19, 26, 31, 36, 30 ],
\[ 4, 7, 15, 20, 21, 28, 32, 1, 12, 42, 25, 48, 2, 53, 40, 55, 58, 3, 23, 10, 59, 62, 46, 47, 57, 5, 9, 18, 63, 6, 14, 38, 37, 36, 44, 49, 8, 61, 45, 35, 16, 56, 64, 24, 60, 11, 41, 17, 52, 29, 26, 13, 39, 27, 22, 51, 34, 31, 43, 50, 19, 30, 54, 33 ]:
 Order := 64 > |
[ 6, 1, 17, 22, 24, 29, 33, 3, 2, 44, 5, 49, 10, 52, 9, 50, 46, 14, 4, 41, 40, 31, 37, 58, 56, 16, 38, 45, 36, 27, 7, 59, 47, 8, 60, 64, 35, 26, 11, 63, 54, 15, 30, 53, 19, 43, 12, 57, 21, 13, 62, 51, 34, 23, 39, 28, 20, 61, 18, 32, 42, 48, 25, 55 ],
[ 30, 8, 48, 55, 44, 50, 64, 18, 13, 35, 26, 36, 20, 49, 27, 60, 23, 31, 1, 47, 15, 58, 33, 17, 42, 41, 32, 39, 34, 54, 2, 21, 24, 37, 45, 43, 40, 51, 46, 29, 63, 3, 62, 14, 61, 59, 9, 25, 5, 52, 22, 56, 57, 19, 53, 6, 4, 38, 28, 7, 10, 12, 11, 16 ],
[ 31, 47, 2, 54, 63, 19, 18, 29, 21, 9, 28, 20, 6, 8, 25, 11, 42, 46, 35, 53, 14, 57, 30, 49, 41, 58, 1, 52, 56, 36, 51, 16, 60, 55, 34, 40, 17, 15, 4, 32, 13, 45, 39, 61, 59, 24, 23, 43, 62, 64, 50, 44, 5, 26, 7, 48, 3, 33, 27, 10, 22, 38, 37, 12 ]
],
[ PermutationGroup<64 |  
\[ 2, 9, 8, 19, 11, 1, 31, 34, 15, 13, 39, 47, 50, 18, 42, 26, 3, 59, 45, 57, 49, 4, 54, 5, 63, 38, 30, 56, 6, 43, 22, 60, 7, 53, 37, 29, 23, 27, 55, 21, 20, 61, 46, 10, 28, 17, 33, 62, 12, 16, 52, 14, 44, 41, 64, 25, 48, 24, 32, 35, 58, 51, 40, 36 ],
\[ 3, 10, 14, 6, 16, 27, 1, 35, 38, 41, 43, 2, 51, 7, 17, 54, 57, 45, 42, 22, 24, 39, 4, 53, 5, 62, 23, 29, 13, 48, 61, 33, 55, 20, 63, 8, 47, 59, 34, 9, 12, 44, 18, 60, 11, 37, 58, 49, 64, 32, 28, 21, 52, 25, 50, 15, 56, 46, 40, 19, 26, 31, 36, 30 ],
\[ 4, 7, 15, 20, 21, 28, 32, 1, 12, 42, 25, 48, 2, 53, 40, 55, 58, 3, 23, 10, 59, 62, 46, 47, 57, 5, 9, 18, 63, 6, 14, 38, 37, 36, 44, 49, 8, 61, 45, 35, 16, 56, 64, 24, 60, 11, 41, 17, 52, 29, 26, 13, 39, 27, 22, 51, 34, 31, 43, 50, 19, 30, 54, 33 ]:
 Order := 64 > |
[ 6, 1, 17, 22, 24, 29, 33, 3, 2, 44, 5, 49, 10, 52, 9, 50, 46, 14, 4, 41, 40, 31, 37, 58, 56, 16, 38, 45, 36, 27, 7, 59, 47, 8, 60, 64, 35, 26, 11, 63, 54, 15, 30, 53, 19, 43, 12, 57, 21, 13, 62, 51, 34, 23, 39, 28, 20, 61, 18, 32, 42, 48, 25, 55 ],
[ 25, 45, 5, 52, 7, 21, 54, 61, 22, 11, 12, 18, 58, 16, 33, 1, 55, 10, 48, 38, 23, 59, 53, 4, 14, 36, 24, 37, 47, 42, 35, 17, 57, 9, 26, 31, 13, 39, 40, 20, 43, 49, 2, 64, 41, 29, 51, 44, 60, 15, 46, 27, 6, 3, 56, 32, 50, 28, 34, 30, 63, 8, 62, 19 ],
[ 43, 34, 62, 64, 10, 16, 36, 59, 50, 37, 38, 29, 57, 12, 30, 35, 54, 22, 2, 33, 42, 24, 7, 3, 61, 20, 60, 55, 53, 41, 9, 49, 5, 23, 28, 46, 21, 52, 17, 6, 40, 8, 51, 18, 58, 32, 15, 63, 11, 14, 4, 25, 48, 45, 44, 1, 19, 27, 56, 31, 13, 47, 39, 26 ]
]
];

/*
Return for eval
*/

return s;
