s := SolvablePassportDBInitialize();

/*
Magma printing
*/

s`Filename := "64S23-4,4,4-g9.m";
s`GaloisOrbits := [ Strings() | "64S23-4,4,4-g9-path1.m", "64S23-4,4,4-g9-path2.m", "64S23-4,4,4-g9-path3.m", "64S23-4,4,4-g9-path16.m", "64S23-4,4,4-g9-path17.m", "64S23-4,4,4-g9-path18.m", "64S23-4,4,4-g9-path19.m", "64S23-4,4,4-g9-path20.m", "64S23-4,4,4-g9-path21.m" ];
s`Name := "64S23-4,4,4-g9";
s`Passport := [ PowerSequence(PermutationGroup<64 |  
\[ 2, 9, 8, 19, 11, 1, 30, 33, 6, 13, 37, 45, 48, 18, 52, 26, 3, 42, 43, 57, 47, 4, 14, 5, 61, 36, 29, 62, 40, 60, 55, 7, 17, 20, 59, 38, 24, 16, 35, 44, 10, 23, 22, 27, 21, 34, 12, 41, 31, 15, 54, 56, 39, 64, 63, 50, 46, 51, 53, 32, 28, 25, 49, 58 ],
\[ 3, 10, 14, 6, 16, 27, 1, 34, 36, 18, 40, 2, 49, 7, 17, 51, 31, 12, 52, 22, 24, 59, 4, 48, 5, 63, 23, 9, 55, 35, 32, 15, 64, 30, 8, 42, 33, 57, 41, 54, 46, 28, 11, 20, 50, 47, 39, 58, 45, 13, 25, 29, 38, 43, 19, 26, 62, 21, 44, 37, 56, 53, 61, 60 ],
\[ 4, 7, 15, 20, 21, 28, 31, 1, 12, 39, 25, 46, 2, 27, 45, 53, 37, 3, 23, 8, 49, 54, 36, 60, 57, 5, 59, 63, 6, 14, 13, 64, 35, 41, 47, 56, 43, 9, 62, 52, 24, 10, 55, 11, 18, 38, 58, 50, 26, 61, 48, 32, 22, 16, 17, 19, 44, 33, 30, 34, 51, 42, 29, 40 ]:
 Order := 64 >) |
[ PermutationGroup<64 |  
\[ 2, 9, 8, 19, 11, 1, 30, 33, 6, 13, 37, 45, 48, 18, 52, 26, 3, 42, 43, 57, 47, 4, 14, 5, 61, 36, 29, 62, 40, 60, 55, 7, 17, 20, 59, 38, 24, 16, 35, 44, 10, 23, 22, 27, 21, 34, 12, 41, 31, 15, 54, 56, 39, 64, 63, 50, 46, 51, 53, 32, 28, 25, 49, 58 ],
\[ 3, 10, 14, 6, 16, 27, 1, 34, 36, 18, 40, 2, 49, 7, 17, 51, 31, 12, 52, 22, 24, 59, 4, 48, 5, 63, 23, 9, 55, 35, 32, 15, 64, 30, 8, 42, 33, 57, 41, 54, 46, 28, 11, 20, 50, 47, 39, 58, 45, 13, 25, 29, 38, 43, 19, 26, 62, 21, 44, 37, 56, 53, 61, 60 ],
\[ 4, 7, 15, 20, 21, 28, 31, 1, 12, 39, 25, 46, 2, 27, 45, 53, 37, 3, 23, 8, 49, 54, 36, 60, 57, 5, 59, 63, 6, 14, 13, 64, 35, 41, 47, 56, 43, 9, 62, 52, 24, 10, 55, 11, 18, 38, 58, 50, 26, 61, 48, 32, 22, 16, 17, 19, 44, 33, 30, 34, 51, 42, 29, 40 ]:
 Order := 64 > |
[ 2, 9, 8, 19, 11, 1, 30, 33, 6, 13, 37, 45, 48, 18, 52, 26, 3, 42, 43, 57, 47, 4, 14, 5, 61, 36, 29, 62, 40, 60, 55, 7, 17, 20, 59, 38, 24, 16, 35, 44, 10, 23, 22, 27, 21, 34, 12, 41, 31, 15, 54, 56, 39, 64, 63, 50, 46, 51, 53, 32, 28, 25, 49, 58 ],
[ 30, 45, 2, 14, 61, 19, 18, 59, 62, 9, 22, 42, 15, 8, 7, 11, 52, 13, 63, 27, 51, 57, 29, 47, 54, 50, 1, 23, 56, 20, 3, 55, 24, 33, 60, 6, 32, 39, 12, 37, 35, 38, 64, 53, 31, 10, 34, 5, 48, 21, 26, 43, 25, 44, 40, 28, 16, 41, 4, 58, 49, 46, 36, 17 ],
[ 36, 27, 64, 11, 33, 10, 37, 31, 3, 58, 48, 24, 46, 28, 26, 42, 34, 4, 59, 47, 2, 52, 12, 40, 9, 57, 54, 5, 20, 15, 61, 35, 14, 62, 38, 51, 16, 63, 44, 23, 49, 7, 6, 55, 39, 22, 50, 18, 19, 29, 60, 13, 8, 21, 45, 17, 30, 43, 41, 1, 53, 56, 32, 25 ]
],
[ PermutationGroup<64 |  
\[ 2, 9, 8, 19, 11, 1, 30, 33, 6, 13, 37, 45, 48, 18, 52, 26, 3, 42, 43, 57, 47, 4, 14, 5, 61, 36, 29, 62, 40, 60, 55, 7, 17, 20, 59, 38, 24, 16, 35, 44, 10, 23, 22, 27, 21, 34, 12, 41, 31, 15, 54, 56, 39, 64, 63, 50, 46, 51, 53, 32, 28, 25, 49, 58 ],
\[ 3, 10, 14, 6, 16, 27, 1, 34, 36, 18, 40, 2, 49, 7, 17, 51, 31, 12, 52, 22, 24, 59, 4, 48, 5, 63, 23, 9, 55, 35, 32, 15, 64, 30, 8, 42, 33, 57, 41, 54, 46, 28, 11, 20, 50, 47, 39, 58, 45, 13, 25, 29, 38, 43, 19, 26, 62, 21, 44, 37, 56, 53, 61, 60 ],
\[ 4, 7, 15, 20, 21, 28, 31, 1, 12, 39, 25, 46, 2, 27, 45, 53, 37, 3, 23, 8, 49, 54, 36, 60, 57, 5, 59, 63, 6, 14, 13, 64, 35, 41, 47, 56, 43, 9, 62, 52, 24, 10, 55, 11, 18, 38, 58, 50, 26, 61, 48, 32, 22, 16, 17, 19, 44, 33, 30, 34, 51, 42, 29, 40 ]:
 Order := 64 > |
[ 2, 9, 8, 19, 11, 1, 30, 33, 6, 13, 37, 45, 48, 18, 52, 26, 3, 42, 43, 57, 47, 4, 14, 5, 61, 36, 29, 62, 40, 60, 55, 7, 17, 20, 59, 38, 24, 16, 35, 44, 10, 23, 22, 27, 21, 34, 12, 41, 31, 15, 54, 56, 39, 64, 63, 50, 46, 51, 53, 32, 28, 25, 49, 58 ],
[ 3, 10, 14, 6, 16, 27, 1, 34, 36, 18, 40, 2, 49, 7, 17, 51, 31, 12, 52, 22, 24, 59, 4, 48, 5, 63, 23, 9, 55, 35, 32, 15, 64, 30, 8, 42, 33, 57, 41, 54, 46, 28, 11, 20, 50, 47, 39, 58, 45, 13, 25, 29, 38, 43, 19, 26, 62, 21, 44, 37, 56, 53, 61, 60 ],
[ 4, 7, 15, 20, 21, 28, 31, 1, 12, 39, 25, 46, 2, 27, 45, 53, 37, 3, 23, 8, 49, 54, 36, 60, 57, 5, 59, 63, 6, 14, 13, 64, 35, 41, 47, 56, 43, 9, 62, 52, 24, 10, 55, 11, 18, 38, 58, 50, 26, 61, 48, 32, 22, 16, 17, 19, 44, 33, 30, 34, 51, 42, 29, 40 ]
],
[ PermutationGroup<64 |  
\[ 2, 9, 8, 19, 11, 1, 30, 33, 6, 13, 37, 45, 48, 18, 52, 26, 3, 42, 43, 57, 47, 4, 14, 5, 61, 36, 29, 62, 40, 60, 55, 7, 17, 20, 59, 38, 24, 16, 35, 44, 10, 23, 22, 27, 21, 34, 12, 41, 31, 15, 54, 56, 39, 64, 63, 50, 46, 51, 53, 32, 28, 25, 49, 58 ],
\[ 3, 10, 14, 6, 16, 27, 1, 34, 36, 18, 40, 2, 49, 7, 17, 51, 31, 12, 52, 22, 24, 59, 4, 48, 5, 63, 23, 9, 55, 35, 32, 15, 64, 30, 8, 42, 33, 57, 41, 54, 46, 28, 11, 20, 50, 47, 39, 58, 45, 13, 25, 29, 38, 43, 19, 26, 62, 21, 44, 37, 56, 53, 61, 60 ],
\[ 4, 7, 15, 20, 21, 28, 31, 1, 12, 39, 25, 46, 2, 27, 45, 53, 37, 3, 23, 8, 49, 54, 36, 60, 57, 5, 59, 63, 6, 14, 13, 64, 35, 41, 47, 56, 43, 9, 62, 52, 24, 10, 55, 11, 18, 38, 58, 50, 26, 61, 48, 32, 22, 16, 17, 19, 44, 33, 30, 34, 51, 42, 29, 40 ]:
 Order := 64 > |
[ 3, 10, 14, 6, 16, 27, 1, 34, 36, 18, 40, 2, 49, 7, 17, 51, 31, 12, 52, 22, 24, 59, 4, 48, 5, 63, 23, 9, 55, 35, 32, 15, 64, 30, 8, 42, 33, 57, 41, 54, 46, 28, 11, 20, 50, 47, 39, 58, 45, 13, 25, 29, 38, 43, 19, 26, 62, 21, 44, 37, 56, 53, 61, 60 ],
[ 2, 9, 8, 19, 11, 1, 30, 33, 6, 13, 37, 45, 48, 18, 52, 26, 3, 42, 43, 57, 47, 4, 14, 5, 61, 36, 29, 62, 40, 60, 55, 7, 17, 20, 59, 38, 24, 16, 35, 44, 10, 23, 22, 27, 21, 34, 12, 41, 31, 15, 54, 56, 39, 64, 63, 50, 46, 51, 53, 32, 28, 25, 49, 58 ],
[ 32, 47, 6, 42, 62, 22, 23, 39, 61, 1, 19, 14, 56, 17, 60, 24, 50, 41, 31, 40, 64, 34, 44, 45, 58, 52, 9, 18, 15, 46, 33, 49, 11, 3, 7, 2, 30, 59, 21, 5, 53, 26, 51, 35, 63, 48, 57, 37, 10, 12, 38, 4, 28, 29, 27, 25, 36, 13, 43, 54, 55, 20, 16, 8 ]
]
];

/*
Return for eval
*/

return s;
