s := SolvablePassportDBInitialize();

/*
Magma printing
*/

s`Filename := "64S29-16,8,16-g25.m";
s`GaloisOrbits := [ Strings() | "64S29-16,8,16-g25-path7-notcomputed.m", "64S29-16,8,16-g25-path3-notcomputed.m", "64S29-16,8,16-g25-path1-notcomputed.m" ];
s`Name := "64S29-16,8,16-g25";
s`Passport := [ PowerSequence(PermutationGroup<64 |  
\[ 2, 9, 8, 19, 11, 1, 31, 35, 39, 13, 40, 47, 21, 18, 43, 26, 3, 45, 12, 32, 58, 4, 34, 5, 52, 28, 30, 33, 6, 10, 41, 48, 7, 49, 42, 38, 50, 51, 14, 23, 17, 25, 37, 22, 24, 57, 27, 63, 29, 55, 64, 60, 15, 16, 56, 36, 61, 46, 20, 54, 62, 44, 53, 59 ],
\[ 3, 10, 14, 6, 16, 27, 1, 36, 35, 18, 44, 2, 38, 25, 17, 34, 55, 46, 43, 22, 24, 53, 4, 61, 5, 63, 39, 29, 41, 56, 37, 33, 15, 7, 45, 52, 8, 57, 21, 28, 9, 51, 30, 49, 60, 11, 50, 19, 12, 13, 54, 59, 47, 32, 42, 58, 20, 64, 26, 40, 23, 48, 31, 62 ],
\[ 4, 7, 15, 20, 21, 28, 32, 1, 12, 43, 25, 48, 2, 27, 22, 51, 29, 3, 23, 52, 50, 11, 60, 35, 55, 5, 53, 59, 44, 6, 34, 57, 40, 61, 37, 30, 19, 8, 41, 46, 63, 9, 33, 64, 10, 56, 49, 54, 16, 31, 13, 14, 26, 45, 47, 17, 18, 39, 58, 36, 38, 24, 62, 42 ]:
 Order := 64 >) |
[ PermutationGroup<64 |  
\[ 2, 9, 8, 19, 11, 1, 31, 35, 39, 13, 40, 47, 21, 18, 43, 26, 3, 45, 12, 32, 58, 4, 34, 5, 52, 28, 30, 33, 6, 10, 41, 48, 7, 49, 42, 38, 50, 51, 14, 23, 17, 25, 37, 22, 24, 57, 27, 63, 29, 55, 64, 60, 15, 16, 56, 36, 61, 46, 20, 54, 62, 44, 53, 59 ],
\[ 3, 10, 14, 6, 16, 27, 1, 36, 35, 18, 44, 2, 38, 25, 17, 34, 55, 46, 43, 22, 24, 53, 4, 61, 5, 63, 39, 29, 41, 56, 37, 33, 15, 7, 45, 52, 8, 57, 21, 28, 9, 51, 30, 49, 60, 11, 50, 19, 12, 13, 54, 59, 47, 32, 42, 58, 20, 64, 26, 40, 23, 48, 31, 62 ],
\[ 4, 7, 15, 20, 21, 28, 32, 1, 12, 43, 25, 48, 2, 27, 22, 51, 29, 3, 23, 52, 50, 11, 60, 35, 55, 5, 53, 59, 44, 6, 34, 57, 40, 61, 37, 30, 19, 8, 41, 46, 63, 9, 33, 64, 10, 56, 49, 54, 16, 31, 13, 14, 26, 45, 47, 17, 18, 39, 58, 36, 38, 24, 62, 42 ]:
 Order := 64 > |
[ 6, 1, 17, 22, 24, 29, 33, 3, 2, 30, 5, 19, 10, 39, 53, 54, 41, 14, 4, 59, 13, 44, 40, 45, 42, 16, 47, 26, 49, 27, 7, 20, 28, 23, 8, 56, 43, 36, 9, 11, 31, 35, 15, 62, 18, 58, 12, 32, 34, 37, 38, 25, 63, 60, 50, 55, 46, 21, 64, 52, 57, 61, 48, 51 ],
[ 62, 26, 48, 51, 30, 54, 64, 49, 22, 63, 8, 59, 29, 19, 61, 56, 23, 31, 5, 35, 15, 45, 42, 17, 43, 18, 32, 38, 57, 34, 11, 21, 24, 58, 53, 12, 44, 41, 33, 13, 20, 6, 16, 36, 47, 37, 40, 25, 52, 28, 27, 2, 60, 39, 4, 7, 9, 1, 10, 50, 55, 14, 46, 3 ],
[ 52, 57, 11, 14, 31, 58, 18, 20, 54, 40, 47, 45, 32, 26, 25, 2, 64, 22, 36, 27, 34, 55, 30, 19, 49, 50, 5, 39, 42, 59, 38, 3, 56, 8, 23, 28, 60, 4, 62, 17, 24, 48, 46, 9, 33, 29, 51, 10, 13, 61, 7, 53, 21, 43, 16, 44, 15, 63, 41, 6, 1, 37, 35, 12 ]
],
[ PermutationGroup<64 |  
\[ 2, 9, 8, 19, 11, 1, 31, 35, 39, 13, 40, 47, 21, 18, 43, 26, 3, 45, 12, 32, 58, 4, 34, 5, 52, 28, 30, 33, 6, 10, 41, 48, 7, 49, 42, 38, 50, 51, 14, 23, 17, 25, 37, 22, 24, 57, 27, 63, 29, 55, 64, 60, 15, 16, 56, 36, 61, 46, 20, 54, 62, 44, 53, 59 ],
\[ 3, 10, 14, 6, 16, 27, 1, 36, 35, 18, 44, 2, 38, 25, 17, 34, 55, 46, 43, 22, 24, 53, 4, 61, 5, 63, 39, 29, 41, 56, 37, 33, 15, 7, 45, 52, 8, 57, 21, 28, 9, 51, 30, 49, 60, 11, 50, 19, 12, 13, 54, 59, 47, 32, 42, 58, 20, 64, 26, 40, 23, 48, 31, 62 ],
\[ 4, 7, 15, 20, 21, 28, 32, 1, 12, 43, 25, 48, 2, 27, 22, 51, 29, 3, 23, 52, 50, 11, 60, 35, 55, 5, 53, 59, 44, 6, 34, 57, 40, 61, 37, 30, 19, 8, 41, 46, 63, 9, 33, 64, 10, 56, 49, 54, 16, 31, 13, 14, 26, 45, 47, 17, 18, 39, 58, 36, 38, 24, 62, 42 ]:
 Order := 64 > |
[ 6, 1, 17, 22, 24, 29, 33, 3, 2, 30, 5, 19, 10, 39, 53, 54, 41, 14, 4, 59, 13, 44, 40, 45, 42, 16, 47, 26, 49, 27, 7, 20, 28, 23, 8, 56, 43, 36, 9, 11, 31, 35, 15, 62, 18, 58, 12, 32, 34, 37, 38, 25, 63, 60, 50, 55, 46, 21, 64, 52, 57, 61, 48, 51 ],
[ 19, 31, 43, 32, 58, 33, 48, 2, 47, 37, 52, 63, 9, 30, 4, 64, 6, 8, 34, 60, 55, 40, 54, 42, 56, 11, 15, 20, 22, 1, 49, 61, 23, 62, 50, 10, 12, 35, 17, 57, 53, 39, 7, 59, 13, 36, 29, 16, 26, 41, 21, 18, 28, 24, 27, 3, 45, 14, 46, 38, 51, 5, 44, 25 ],
[ 8, 13, 18, 1, 26, 30, 2, 38, 42, 45, 22, 9, 51, 52, 3, 49, 56, 57, 37, 4, 5, 15, 19, 62, 11, 53, 14, 6, 17, 36, 50, 7, 43, 31, 24, 60, 35, 61, 58, 33, 39, 64, 10, 29, 54, 40, 55, 12, 47, 21, 16, 20, 27, 48, 25, 46, 32, 59, 28, 23, 34, 63, 41, 44 ]
]
];

/*
Return for eval
*/

return s;
