s := SolvablePassportDBInitialize();

/*
Magma printing
*/

s`Filename := "64S29-16,8,16-g25.m";
s`GaloisOrbits := [ Strings() | "64S29-16,8,16-g25-path9.m", "64S29-16,8,16-g25-path6.m", "64S29-16,8,16-g25-path1.m", "64S29-16,8,16-g25-path10.m", "64S29-16,8,16-g25-path4.m", "64S29-16,8,16-g25-path5.m" ];
s`Name := "64S29-16,8,16-g25";
s`Passport := [ PowerSequence(PermutationGroup<64 |  
\[ 2, 9, 8, 19, 11, 1, 30, 27, 22, 13, 37, 43, 4, 18, 39, 25, 3, 28, 12, 31, 54, 33, 5, 47, 57, 29, 32, 6, 10, 38, 44, 7, 45, 36, 20, 15, 46, 49, 35, 42, 53, 21, 56, 61, 58, 14, 51, 64, 16, 52, 17, 34, 26, 41, 50, 59, 60, 23, 40, 24, 63, 55, 48, 62 ],
\[ 3, 10, 14, 6, 16, 26, 1, 34, 27, 18, 40, 2, 36, 24, 17, 33, 50, 41, 39, 13, 23, 4, 56, 5, 61, 46, 28, 51, 52, 35, 32, 15, 7, 47, 8, 53, 57, 9, 29, 45, 11, 63, 20, 19, 12, 21, 62, 49, 31, 60, 37, 54, 55, 64, 42, 22, 58, 38, 44, 48, 30, 25, 43, 59 ],
\[ 4, 7, 15, 20, 21, 27, 31, 1, 12, 39, 24, 44, 2, 26, 13, 48, 28, 3, 22, 30, 55, 38, 57, 50, 5, 36, 35, 10, 6, 33, 43, 9, 56, 29, 19, 8, 41, 61, 32, 64, 52, 11, 45, 49, 16, 51, 14, 42, 58, 53, 34, 17, 18, 46, 47, 63, 62, 40, 23, 37, 59, 54, 25, 60 ]:
 Order := 64 >) |
[ PermutationGroup<64 |  
\[ 2, 9, 8, 19, 11, 1, 30, 27, 22, 13, 37, 43, 4, 18, 39, 25, 3, 28, 12, 31, 54, 33, 5, 47, 57, 29, 32, 6, 10, 38, 44, 7, 45, 36, 20, 15, 46, 49, 35, 42, 53, 21, 56, 61, 58, 14, 51, 64, 16, 52, 17, 34, 26, 41, 50, 59, 60, 23, 40, 24, 63, 55, 48, 62 ],
\[ 3, 10, 14, 6, 16, 26, 1, 34, 27, 18, 40, 2, 36, 24, 17, 33, 50, 41, 39, 13, 23, 4, 56, 5, 61, 46, 28, 51, 52, 35, 32, 15, 7, 47, 8, 53, 57, 9, 29, 45, 11, 63, 20, 19, 12, 21, 62, 49, 31, 60, 37, 54, 55, 64, 42, 22, 58, 38, 44, 48, 30, 25, 43, 59 ],
\[ 4, 7, 15, 20, 21, 27, 31, 1, 12, 39, 24, 44, 2, 26, 13, 48, 28, 3, 22, 30, 55, 38, 57, 50, 5, 36, 35, 10, 6, 33, 43, 9, 56, 29, 19, 8, 41, 61, 32, 64, 52, 11, 45, 49, 16, 51, 14, 42, 58, 53, 34, 17, 18, 46, 47, 63, 62, 40, 23, 37, 59, 54, 25, 60 ]:
 Order := 64 > |
[ 6, 1, 17, 13, 23, 28, 32, 3, 2, 29, 5, 19, 10, 46, 36, 49, 51, 14, 4, 35, 42, 9, 58, 60, 16, 53, 8, 18, 26, 7, 20, 27, 22, 52, 39, 34, 11, 30, 15, 59, 54, 40, 12, 31, 33, 37, 24, 63, 38, 55, 47, 50, 41, 21, 62, 43, 25, 45, 56, 57, 44, 64, 61, 48 ],
[ 29, 8, 52, 15, 59, 17, 39, 18, 13, 34, 25, 35, 28, 54, 26, 44, 46, 47, 1, 27, 48, 32, 49, 64, 45, 50, 36, 53, 14, 2, 4, 6, 19, 41, 10, 51, 42, 20, 3, 61, 62, 58, 9, 7, 30, 60, 11, 56, 22, 21, 55, 24, 37, 5, 57, 31, 63, 43, 33, 23, 12, 40, 38, 16 ],
[ 30, 43, 2, 33, 47, 19, 45, 20, 49, 9, 53, 58, 31, 8, 7, 11, 39, 13, 61, 56, 14, 59, 54, 18, 55, 1, 22, 32, 35, 63, 16, 44, 25, 27, 38, 4, 17, 23, 12, 37, 28, 50, 48, 40, 42, 29, 36, 24, 64, 3, 6, 10, 15, 34, 26, 5, 46, 60, 62, 52, 57, 51, 21, 41 ]
],
[ PermutationGroup<64 |  
\[ 2, 9, 8, 19, 11, 1, 30, 27, 22, 13, 37, 43, 4, 18, 39, 25, 3, 28, 12, 31, 54, 33, 5, 47, 57, 29, 32, 6, 10, 38, 44, 7, 45, 36, 20, 15, 46, 49, 35, 42, 53, 21, 56, 61, 58, 14, 51, 64, 16, 52, 17, 34, 26, 41, 50, 59, 60, 23, 40, 24, 63, 55, 48, 62 ],
\[ 3, 10, 14, 6, 16, 26, 1, 34, 27, 18, 40, 2, 36, 24, 17, 33, 50, 41, 39, 13, 23, 4, 56, 5, 61, 46, 28, 51, 52, 35, 32, 15, 7, 47, 8, 53, 57, 9, 29, 45, 11, 63, 20, 19, 12, 21, 62, 49, 31, 60, 37, 54, 55, 64, 42, 22, 58, 38, 44, 48, 30, 25, 43, 59 ],
\[ 4, 7, 15, 20, 21, 27, 31, 1, 12, 39, 24, 44, 2, 26, 13, 48, 28, 3, 22, 30, 55, 38, 57, 50, 5, 36, 35, 10, 6, 33, 43, 9, 56, 29, 19, 8, 41, 61, 32, 64, 52, 11, 45, 49, 16, 51, 14, 42, 58, 53, 34, 17, 18, 46, 47, 63, 62, 40, 23, 37, 59, 54, 25, 60 ]:
 Order := 64 > |
[ 6, 1, 17, 13, 23, 28, 32, 3, 2, 29, 5, 19, 10, 46, 36, 49, 51, 14, 4, 35, 42, 9, 58, 60, 16, 53, 8, 18, 26, 7, 20, 27, 22, 52, 39, 34, 11, 30, 15, 59, 54, 40, 12, 31, 33, 37, 24, 63, 38, 55, 47, 50, 41, 21, 62, 43, 25, 45, 56, 57, 44, 64, 61, 48 ],
[ 19, 30, 39, 31, 54, 32, 44, 2, 43, 35, 47, 61, 9, 29, 4, 64, 6, 8, 33, 38, 50, 49, 60, 52, 11, 15, 20, 13, 1, 45, 56, 22, 59, 10, 12, 27, 53, 63, 7, 62, 34, 37, 58, 16, 25, 17, 18, 21, 23, 26, 36, 3, 28, 14, 51, 48, 55, 42, 5, 46, 40, 41, 57, 24 ],
[ 8, 13, 18, 1, 25, 29, 2, 36, 32, 28, 42, 9, 15, 47, 3, 45, 52, 53, 35, 4, 5, 19, 59, 11, 63, 14, 6, 17, 34, 20, 7, 39, 30, 51, 27, 26, 60, 22, 10, 58, 37, 48, 31, 12, 43, 54, 55, 16, 44, 24, 46, 41, 50, 62, 21, 33, 23, 49, 61, 64, 38, 57, 56, 40 ]
]
];

/*
Return for eval
*/

return s;
