s := SolvablePassportDBInitialize();

/*
Magma printing
*/

s`Filename := "64S29-16,16,2-g13.m";
s`GaloisOrbits := [ Strings() | "64S29-16,16,2-g13-path1-notcomputed.m", "64S29-16,16,2-g13-path5-notcomputed.m", "64S29-16,16,2-g13-path4-notcomputed.m" ];
s`Name := "64S29-16,16,2-g13";
s`Passport := [ PowerSequence(PermutationGroup<64 |  
\[ 10, 20, 4, 9, 2, 5, 11, 24, 19, 8, 22, 7, 6, 12, 14, 1, 3, 16, 23, 21, 32, 30, 31, 29, 15, 18, 13, 17, 40, 38, 39, 37, 26, 28, 25, 27, 48, 46, 47, 45, 34, 36, 33, 35, 56, 54, 55, 53, 42, 44, 41, 43, 64, 62, 63, 61, 50, 52, 49, 51, 58, 57, 60, 59 ],
\[ 3, 4, 13, 16, 14, 17, 1, 9, 5, 12, 2, 6, 25, 18, 27, 15, 26, 28, 10, 7, 19, 8, 20, 11, 33, 35, 34, 36, 23, 21, 24, 22, 41, 43, 42, 44, 31, 29, 32, 30, 49, 51, 50, 52, 39, 37, 40, 38, 57, 59, 58, 60, 47, 45, 48, 46, 61, 62, 63, 64, 55, 53, 56, 54 ],
\[ 4, 9, 6, 1, 12, 3, 10, 19, 2, 7, 20, 5, 15, 16, 13, 14, 18, 17, 8, 11, 23, 24, 21, 22, 26, 25, 28, 27, 31, 32, 29, 30, 34, 33, 36, 35, 39, 40, 37, 38, 42, 41, 44, 43, 47, 48, 45, 46, 50, 49, 52, 51, 55, 56, 53, 54, 58, 57, 60, 59, 63, 64, 61, 62 ]:
 Order := 64 >) |
[ PermutationGroup<64 |  
\[ 10, 20, 4, 9, 2, 5, 11, 24, 19, 8, 22, 7, 6, 12, 14, 1, 3, 16, 23, 21, 32, 30, 31, 29, 15, 18, 13, 17, 40, 38, 39, 37, 26, 28, 25, 27, 48, 46, 47, 45, 34, 36, 33, 35, 56, 54, 55, 53, 42, 44, 41, 43, 64, 62, 63, 61, 50, 52, 49, 51, 58, 57, 60, 59 ],
\[ 3, 4, 13, 16, 14, 17, 1, 9, 5, 12, 2, 6, 25, 18, 27, 15, 26, 28, 10, 7, 19, 8, 20, 11, 33, 35, 34, 36, 23, 21, 24, 22, 41, 43, 42, 44, 31, 29, 32, 30, 49, 51, 50, 52, 39, 37, 40, 38, 57, 59, 58, 60, 47, 45, 48, 46, 61, 62, 63, 64, 55, 53, 56, 54 ],
\[ 4, 9, 6, 1, 12, 3, 10, 19, 2, 7, 20, 5, 15, 16, 13, 14, 18, 17, 8, 11, 23, 24, 21, 22, 26, 25, 28, 27, 31, 32, 29, 30, 34, 33, 36, 35, 39, 40, 37, 38, 42, 41, 44, 43, 47, 48, 45, 46, 50, 49, 52, 51, 55, 56, 53, 54, 58, 57, 60, 59, 63, 64, 61, 62 ]:
 Order := 64 > |
[ 10, 20, 4, 9, 2, 5, 11, 24, 19, 8, 22, 7, 6, 12, 14, 1, 3, 16, 23, 21, 32, 30, 31, 29, 15, 18, 13, 17, 40, 38, 39, 37, 26, 28, 25, 27, 48, 46, 47, 45, 34, 36, 33, 35, 56, 54, 55, 53, 42, 44, 41, 43, 64, 62, 63, 61, 50, 52, 49, 51, 58, 57, 60, 59 ],
[ 14, 12, 18, 6, 3, 15, 5, 7, 1, 4, 10, 16, 28, 13, 26, 17, 27, 25, 2, 9, 11, 20, 8, 19, 36, 34, 35, 33, 22, 24, 21, 23, 44, 42, 43, 41, 30, 32, 29, 31, 52, 50, 51, 49, 38, 40, 37, 39, 60, 58, 59, 57, 46, 48, 45, 47, 64, 63, 62, 61, 54, 56, 53, 55 ],
[ 12, 7, 16, 5, 4, 14, 2, 11, 10, 9, 8, 1, 17, 6, 18, 3, 13, 15, 20, 19, 22, 21, 24, 23, 27, 28, 25, 26, 30, 29, 32, 31, 35, 36, 33, 34, 38, 37, 40, 39, 43, 44, 41, 42, 46, 45, 48, 47, 51, 52, 49, 50, 54, 53, 56, 55, 59, 60, 57, 58, 62, 61, 64, 63 ]
]
];

/*
Return for eval
*/

return s;
