s := SolvablePassportDBInitialize();

/*
Magma printing
*/

s`Filename := "64S32-8,4,4-g13.m";
s`GaloisOrbits := [ Strings() | "64S32-8,4,4-g13-path1.m", "64S32-8,4,4-g13-path2.m" ];
s`Name := "64S32-8,4,4-g13";
s`Passport := [ PowerSequence(PermutationGroup<64 |  
\[ 12, 28, 8, 58, 2, 5, 42, 49, 6, 14, 26, 9, 18, 54, 32, 19, 64, 15, 39, 36, 1, 43, 20, 23, 48, 29, 40, 21, 44, 46, 11, 35, 22, 16, 3, 61, 47, 41, 51, 37, 57, 60, 63, 7, 53, 33, 59, 38, 13, 52, 45, 30, 55, 27, 34, 24, 62, 56, 10, 31, 4, 17, 50, 25 ],
\[ 3, 10, 16, 21, 18, 26, 1, 33, 20, 38, 5, 40, 2, 22, 50, 7, 35, 45, 56, 55, 42, 61, 6, 62, 4, 57, 9, 58, 46, 44, 53, 64, 54, 8, 12, 43, 52, 13, 59, 17, 29, 25, 31, 19, 11, 49, 51, 14, 41, 47, 15, 24, 36, 34, 27, 30, 23, 39, 28, 63, 48, 37, 32, 60 ],
\[ 4, 11, 17, 22, 23, 27, 30, 1, 35, 39, 43, 7, 46, 2, 5, 54, 24, 38, 3, 57, 59, 8, 52, 19, 32, 45, 33, 13, 6, 37, 64, 51, 29, 20, 63, 9, 12, 61, 44, 55, 10, 16, 14, 41, 47, 56, 62, 42, 34, 60, 58, 15, 18, 48, 31, 28, 49, 25, 50, 21, 53, 26, 36, 40 ]:
 Order := 64 >) |
[ PermutationGroup<64 |  
\[ 12, 28, 8, 58, 2, 5, 42, 49, 6, 14, 26, 9, 18, 54, 32, 19, 64, 15, 39, 36, 1, 43, 20, 23, 48, 29, 40, 21, 44, 46, 11, 35, 22, 16, 3, 61, 47, 41, 51, 37, 57, 60, 63, 7, 53, 33, 59, 38, 13, 52, 45, 30, 55, 27, 34, 24, 62, 56, 10, 31, 4, 17, 50, 25 ],
\[ 3, 10, 16, 21, 18, 26, 1, 33, 20, 38, 5, 40, 2, 22, 50, 7, 35, 45, 56, 55, 42, 61, 6, 62, 4, 57, 9, 58, 46, 44, 53, 64, 54, 8, 12, 43, 52, 13, 59, 17, 29, 25, 31, 19, 11, 49, 51, 14, 41, 47, 15, 24, 36, 34, 27, 30, 23, 39, 28, 63, 48, 37, 32, 60 ],
\[ 4, 11, 17, 22, 23, 27, 30, 1, 35, 39, 43, 7, 46, 2, 5, 54, 24, 38, 3, 57, 59, 8, 52, 19, 32, 45, 33, 13, 6, 37, 64, 51, 29, 20, 63, 9, 12, 61, 44, 55, 10, 16, 14, 41, 47, 56, 62, 42, 34, 60, 58, 15, 18, 48, 31, 28, 49, 25, 50, 21, 53, 26, 36, 40 ]:
 Order := 64 > |
[ 12, 28, 8, 58, 2, 5, 42, 49, 6, 14, 26, 9, 18, 54, 32, 19, 64, 15, 39, 36, 1, 43, 20, 23, 48, 29, 40, 21, 44, 46, 11, 35, 22, 16, 3, 61, 47, 41, 51, 37, 57, 60, 63, 7, 53, 33, 59, 38, 13, 52, 45, 30, 55, 27, 34, 24, 62, 56, 10, 31, 4, 17, 50, 25 ],
[ 3, 10, 16, 21, 18, 26, 1, 33, 20, 38, 5, 40, 2, 22, 50, 7, 35, 45, 56, 55, 42, 61, 6, 62, 4, 57, 9, 58, 46, 44, 53, 64, 54, 8, 12, 43, 52, 13, 59, 17, 29, 25, 31, 19, 11, 49, 51, 14, 41, 47, 15, 24, 36, 34, 27, 30, 23, 39, 28, 63, 48, 37, 32, 60 ],
[ 4, 11, 17, 22, 23, 27, 30, 1, 35, 39, 43, 7, 46, 2, 5, 54, 24, 38, 3, 57, 59, 8, 52, 19, 32, 45, 33, 13, 6, 37, 64, 51, 29, 20, 63, 9, 12, 61, 44, 55, 10, 16, 14, 41, 47, 56, 62, 42, 34, 60, 58, 15, 18, 48, 31, 28, 49, 25, 50, 21, 53, 26, 36, 40 ]
],
[ PermutationGroup<64 |  
\[ 12, 28, 8, 58, 2, 5, 42, 49, 6, 14, 26, 9, 18, 54, 32, 19, 64, 15, 39, 36, 1, 43, 20, 23, 48, 29, 40, 21, 44, 46, 11, 35, 22, 16, 3, 61, 47, 41, 51, 37, 57, 60, 63, 7, 53, 33, 59, 38, 13, 52, 45, 30, 55, 27, 34, 24, 62, 56, 10, 31, 4, 17, 50, 25 ],
\[ 3, 10, 16, 21, 18, 26, 1, 33, 20, 38, 5, 40, 2, 22, 50, 7, 35, 45, 56, 55, 42, 61, 6, 62, 4, 57, 9, 58, 46, 44, 53, 64, 54, 8, 12, 43, 52, 13, 59, 17, 29, 25, 31, 19, 11, 49, 51, 14, 41, 47, 15, 24, 36, 34, 27, 30, 23, 39, 28, 63, 48, 37, 32, 60 ],
\[ 4, 11, 17, 22, 23, 27, 30, 1, 35, 39, 43, 7, 46, 2, 5, 54, 24, 38, 3, 57, 59, 8, 52, 19, 32, 45, 33, 13, 6, 37, 64, 51, 29, 20, 63, 9, 12, 61, 44, 55, 10, 16, 14, 41, 47, 56, 62, 42, 34, 60, 58, 15, 18, 48, 31, 28, 49, 25, 50, 21, 53, 26, 36, 40 ]:
 Order := 64 > |
[ 12, 28, 8, 58, 2, 5, 42, 49, 6, 14, 26, 9, 18, 54, 32, 19, 64, 15, 39, 36, 1, 43, 20, 23, 48, 29, 40, 21, 44, 46, 11, 35, 22, 16, 3, 61, 47, 41, 51, 37, 57, 60, 63, 7, 53, 33, 59, 38, 13, 52, 45, 30, 55, 27, 34, 24, 62, 56, 10, 31, 4, 17, 50, 25 ],
[ 4, 11, 17, 22, 23, 27, 30, 1, 35, 39, 43, 7, 46, 2, 5, 54, 24, 38, 3, 57, 59, 8, 52, 19, 32, 45, 33, 13, 6, 37, 64, 51, 29, 20, 63, 9, 12, 61, 44, 55, 10, 16, 14, 41, 47, 56, 62, 42, 34, 60, 58, 15, 18, 48, 31, 28, 49, 25, 50, 21, 53, 26, 36, 40 ],
[ 60, 15, 9, 38, 29, 36, 39, 19, 37, 21, 55, 8, 57, 41, 53, 49, 47, 28, 42, 5, 56, 27, 17, 46, 31, 2, 16, 14, 62, 23, 50, 52, 13, 40, 25, 34, 64, 54, 24, 6, 18, 12, 4, 33, 32, 7, 30, 58, 22, 35, 10, 59, 26, 43, 61, 51, 44, 1, 45, 48, 63, 20, 11, 3 ]
]
];

/*
Return for eval
*/

return s;
