s := SolvablePassportDBInitialize();

/*
Magma printing
*/

s`Filename := "64S31-16,2,16-g13.m";
s`GaloisOrbits := [ Strings() | "64S31-16,2,16-g13-path1.m", "64S31-16,2,16-g13-path2.m" ];
s`Name := "64S31-16,2,16-g13";
s`Passport := [ PowerSequence(PermutationGroup<64 |  
\[ 2, 8, 7, 15, 10, 1, 23, 26, 11, 28, 34, 30, 20, 3, 31, 12, 32, 4, 5, 27, 37, 6, 51, 25, 35, 53, 29, 52, 56, 47, 33, 9, 54, 59, 57, 40, 13, 19, 14, 24, 21, 36, 16, 17, 38, 18, 48, 58, 44, 22, 63, 60, 45, 55, 49, 62, 43, 64, 46, 50, 42, 39, 41, 61 ],
\[ 3, 9, 1, 6, 13, 4, 24, 27, 2, 31, 25, 14, 5, 12, 40, 18, 19, 16, 17, 47, 22, 21, 28, 7, 11, 54, 8, 23, 35, 32, 10, 30, 48, 52, 29, 37, 36, 39, 38, 15, 43, 44, 41, 42, 46, 45, 20, 33, 50, 49, 58, 34, 63, 26, 57, 60, 55, 51, 64, 56, 62, 61, 53, 59 ],
\[ 4, 3, 12, 16, 17, 21, 1, 9, 30, 13, 2, 18, 36, 38, 6, 41, 42, 45, 39, 5, 43, 49, 24, 15, 7, 27, 47, 31, 8, 14, 40, 19, 10, 25, 11, 44, 22, 46, 61, 37, 53, 62, 55, 50, 63, 64, 32, 20, 57, 56, 28, 23, 54, 48, 26, 35, 29, 33, 52, 34, 59, 60, 58, 51 ]:
 Order := 64 >) |
[ PermutationGroup<64 |  
\[ 2, 8, 7, 15, 10, 1, 23, 26, 11, 28, 34, 30, 20, 3, 31, 12, 32, 4, 5, 27, 37, 6, 51, 25, 35, 53, 29, 52, 56, 47, 33, 9, 54, 59, 57, 40, 13, 19, 14, 24, 21, 36, 16, 17, 38, 18, 48, 58, 44, 22, 63, 60, 45, 55, 49, 62, 43, 64, 46, 50, 42, 39, 41, 61 ],
\[ 3, 9, 1, 6, 13, 4, 24, 27, 2, 31, 25, 14, 5, 12, 40, 18, 19, 16, 17, 47, 22, 21, 28, 7, 11, 54, 8, 23, 35, 32, 10, 30, 48, 52, 29, 37, 36, 39, 38, 15, 43, 44, 41, 42, 46, 45, 20, 33, 50, 49, 58, 34, 63, 26, 57, 60, 55, 51, 64, 56, 62, 61, 53, 59 ],
\[ 4, 3, 12, 16, 17, 21, 1, 9, 30, 13, 2, 18, 36, 38, 6, 41, 42, 45, 39, 5, 43, 49, 24, 15, 7, 27, 47, 31, 8, 14, 40, 19, 10, 25, 11, 44, 22, 46, 61, 37, 53, 62, 55, 50, 63, 64, 32, 20, 57, 56, 28, 23, 54, 48, 26, 35, 29, 33, 52, 34, 59, 60, 58, 51 ]:
 Order := 64 > |
[ 6, 1, 14, 18, 19, 22, 3, 2, 32, 5, 9, 16, 37, 39, 4, 43, 44, 46, 38, 13, 41, 50, 7, 40, 24, 8, 20, 10, 27, 12, 15, 17, 31, 11, 25, 42, 21, 45, 62, 36, 63, 61, 57, 49, 53, 59, 30, 47, 55, 60, 23, 28, 26, 33, 54, 29, 35, 48, 34, 52, 64, 56, 51, 58 ],
[ 15, 7, 30, 12, 32, 37, 2, 11, 47, 20, 8, 4, 40, 19, 1, 21, 36, 38, 14, 10, 16, 44, 25, 31, 23, 29, 48, 33, 26, 3, 24, 5, 28, 35, 34, 17, 6, 18, 42, 13, 45, 39, 49, 22, 41, 61, 9, 27, 43, 62, 52, 51, 55, 58, 53, 57, 56, 54, 60, 59, 46, 50, 64, 63 ],
[ 7, 11, 2, 1, 20, 15, 25, 29, 8, 33, 35, 3, 10, 30, 24, 4, 5, 12, 32, 48, 6, 37, 52, 23, 34, 55, 26, 51, 57, 9, 28, 47, 58, 60, 56, 13, 40, 14, 19, 31, 16, 17, 21, 36, 18, 38, 27, 54, 22, 44, 64, 59, 41, 53, 43, 50, 49, 63, 61, 62, 39, 42, 45, 46 ]
],
[ PermutationGroup<64 |  
\[ 2, 8, 7, 15, 10, 1, 23, 26, 11, 28, 34, 30, 20, 3, 31, 12, 32, 4, 5, 27, 37, 6, 51, 25, 35, 53, 29, 52, 56, 47, 33, 9, 54, 59, 57, 40, 13, 19, 14, 24, 21, 36, 16, 17, 38, 18, 48, 58, 44, 22, 63, 60, 45, 55, 49, 62, 43, 64, 46, 50, 42, 39, 41, 61 ],
\[ 3, 9, 1, 6, 13, 4, 24, 27, 2, 31, 25, 14, 5, 12, 40, 18, 19, 16, 17, 47, 22, 21, 28, 7, 11, 54, 8, 23, 35, 32, 10, 30, 48, 52, 29, 37, 36, 39, 38, 15, 43, 44, 41, 42, 46, 45, 20, 33, 50, 49, 58, 34, 63, 26, 57, 60, 55, 51, 64, 56, 62, 61, 53, 59 ],
\[ 4, 3, 12, 16, 17, 21, 1, 9, 30, 13, 2, 18, 36, 38, 6, 41, 42, 45, 39, 5, 43, 49, 24, 15, 7, 27, 47, 31, 8, 14, 40, 19, 10, 25, 11, 44, 22, 46, 61, 37, 53, 62, 55, 50, 63, 64, 32, 20, 57, 56, 28, 23, 54, 48, 26, 35, 29, 33, 52, 34, 59, 60, 58, 51 ]:
 Order := 64 > |
[ 7, 11, 2, 1, 20, 15, 25, 29, 8, 33, 35, 3, 10, 30, 24, 4, 5, 12, 32, 48, 6, 37, 52, 23, 34, 55, 26, 51, 57, 9, 28, 47, 58, 60, 56, 13, 40, 14, 19, 31, 16, 17, 21, 36, 18, 38, 27, 54, 22, 44, 64, 59, 41, 53, 43, 50, 49, 63, 61, 62, 39, 42, 45, 46 ],
[ 3, 9, 1, 6, 13, 4, 24, 27, 2, 31, 25, 14, 5, 12, 40, 18, 19, 16, 17, 47, 22, 21, 28, 7, 11, 54, 8, 23, 35, 32, 10, 30, 48, 52, 29, 37, 36, 39, 38, 15, 43, 44, 41, 42, 46, 45, 20, 33, 50, 49, 58, 34, 63, 26, 57, 60, 55, 51, 64, 56, 62, 61, 53, 59 ],
[ 6, 1, 14, 18, 19, 22, 3, 2, 32, 5, 9, 16, 37, 39, 4, 43, 44, 46, 38, 13, 41, 50, 7, 40, 24, 8, 20, 10, 27, 12, 15, 17, 31, 11, 25, 42, 21, 45, 62, 36, 63, 61, 57, 49, 53, 59, 30, 47, 55, 60, 23, 28, 26, 33, 54, 29, 35, 48, 34, 52, 64, 56, 51, 58 ]
]
];

/*
Return for eval
*/

return s;
