s := SolvablePassportDBInitialize();

/*
Magma printing
*/

s`Filename := "64S33-8,4,4-g13.m";
s`GaloisOrbits := [ Strings() | "64S33-8,4,4-g13-path4-notcomputed.m", "64S33-8,4,4-g13-path3-notcomputed.m", "64S33-8,4,4-g13-path2-notcomputed.m", "64S33-8,4,4-g13-path1-notcomputed.m" ];
s`Name := "64S33-8,4,4-g13";
s`Passport := [ PowerSequence(PermutationGroup<64 |  
\[ 12, 29, 8, 41, 2, 5, 43, 28, 6, 14, 31, 9, 56, 4, 34, 20, 59, 15, 18, 42, 10, 1, 57, 21, 24, 46, 30, 19, 22, 13, 63, 39, 11, 55, 23, 62, 33, 47, 52, 25, 40, 26, 37, 64, 7, 54, 27, 51, 38, 44, 53, 50, 17, 58, 3, 61, 48, 60, 35, 16, 49, 32, 45, 36 ],
\[ 3, 10, 16, 22, 18, 27, 1, 35, 37, 20, 5, 40, 2, 50, 51, 7, 55, 46, 32, 13, 59, 61, 14, 6, 62, 4, 60, 9, 63, 64, 36, 45, 17, 29, 31, 8, 42, 12, 21, 54, 48, 28, 52, 33, 57, 11, 23, 30, 39, 47, 43, 15, 25, 38, 44, 53, 19, 34, 49, 24, 26, 56, 58, 41 ],
\[ 4, 11, 17, 23, 24, 28, 32, 1, 38, 39, 44, 7, 48, 2, 5, 27, 56, 57, 42, 3, 60, 34, 8, 53, 12, 37, 50, 36, 13, 6, 46, 25, 9, 52, 21, 30, 51, 59, 19, 64, 26, 10, 16, 14, 29, 61, 54, 45, 22, 43, 41, 49, 15, 18, 58, 20, 47, 40, 33, 63, 62, 31, 35, 55 ]:
 Order := 64 >) |
[ PermutationGroup<64 |  
\[ 12, 29, 8, 41, 2, 5, 43, 28, 6, 14, 31, 9, 56, 4, 34, 20, 59, 15, 18, 42, 10, 1, 57, 21, 24, 46, 30, 19, 22, 13, 63, 39, 11, 55, 23, 62, 33, 47, 52, 25, 40, 26, 37, 64, 7, 54, 27, 51, 38, 44, 53, 50, 17, 58, 3, 61, 48, 60, 35, 16, 49, 32, 45, 36 ],
\[ 3, 10, 16, 22, 18, 27, 1, 35, 37, 20, 5, 40, 2, 50, 51, 7, 55, 46, 32, 13, 59, 61, 14, 6, 62, 4, 60, 9, 63, 64, 36, 45, 17, 29, 31, 8, 42, 12, 21, 54, 48, 28, 52, 33, 57, 11, 23, 30, 39, 47, 43, 15, 25, 38, 44, 53, 19, 34, 49, 24, 26, 56, 58, 41 ],
\[ 4, 11, 17, 23, 24, 28, 32, 1, 38, 39, 44, 7, 48, 2, 5, 27, 56, 57, 42, 3, 60, 34, 8, 53, 12, 37, 50, 36, 13, 6, 46, 25, 9, 52, 21, 30, 51, 59, 19, 64, 26, 10, 16, 14, 29, 61, 54, 45, 22, 43, 41, 49, 15, 18, 58, 20, 47, 40, 33, 63, 62, 31, 35, 55 ]:
 Order := 64 > |
[ 12, 29, 8, 41, 2, 5, 43, 28, 6, 14, 31, 9, 56, 4, 34, 20, 59, 15, 18, 42, 10, 1, 57, 21, 24, 46, 30, 19, 22, 13, 63, 39, 11, 55, 23, 62, 33, 47, 52, 25, 40, 26, 37, 64, 7, 54, 27, 51, 38, 44, 53, 50, 17, 58, 3, 61, 48, 60, 35, 16, 49, 32, 45, 36 ],
[ 25, 45, 23, 51, 14, 15, 50, 6, 30, 44, 62, 33, 17, 1, 22, 56, 38, 53, 54, 19, 42, 8, 18, 35, 5, 31, 36, 39, 49, 29, 60, 10, 2, 64, 4, 61, 59, 57, 34, 32, 58, 41, 26, 40, 12, 47, 16, 37, 9, 11, 24, 27, 3, 55, 20, 46, 13, 21, 63, 43, 52, 7, 48, 28 ],
[ 15, 25, 54, 5, 8, 49, 2, 53, 45, 58, 12, 14, 9, 32, 23, 31, 18, 20, 64, 47, 51, 30, 24, 1, 44, 21, 46, 22, 33, 52, 50, 11, 48, 6, 37, 34, 60, 29, 40, 42, 35, 55, 62, 7, 59, 43, 17, 38, 36, 61, 63, 28, 4, 56, 39, 57, 3, 19, 13, 41, 16, 27, 26, 10 ]
],
[ PermutationGroup<64 |  
\[ 12, 29, 8, 41, 2, 5, 43, 28, 6, 14, 31, 9, 56, 4, 34, 20, 59, 15, 18, 42, 10, 1, 57, 21, 24, 46, 30, 19, 22, 13, 63, 39, 11, 55, 23, 62, 33, 47, 52, 25, 40, 26, 37, 64, 7, 54, 27, 51, 38, 44, 53, 50, 17, 58, 3, 61, 48, 60, 35, 16, 49, 32, 45, 36 ],
\[ 3, 10, 16, 22, 18, 27, 1, 35, 37, 20, 5, 40, 2, 50, 51, 7, 55, 46, 32, 13, 59, 61, 14, 6, 62, 4, 60, 9, 63, 64, 36, 45, 17, 29, 31, 8, 42, 12, 21, 54, 48, 28, 52, 33, 57, 11, 23, 30, 39, 47, 43, 15, 25, 38, 44, 53, 19, 34, 49, 24, 26, 56, 58, 41 ],
\[ 4, 11, 17, 23, 24, 28, 32, 1, 38, 39, 44, 7, 48, 2, 5, 27, 56, 57, 42, 3, 60, 34, 8, 53, 12, 37, 50, 36, 13, 6, 46, 25, 9, 52, 21, 30, 51, 59, 19, 64, 26, 10, 16, 14, 29, 61, 54, 45, 22, 43, 41, 49, 15, 18, 58, 20, 47, 40, 33, 63, 62, 31, 35, 55 ]:
 Order := 64 > |
[ 12, 29, 8, 41, 2, 5, 43, 28, 6, 14, 31, 9, 56, 4, 34, 20, 59, 15, 18, 42, 10, 1, 57, 21, 24, 46, 30, 19, 22, 13, 63, 39, 11, 55, 23, 62, 33, 47, 52, 25, 40, 26, 37, 64, 7, 54, 27, 51, 38, 44, 53, 50, 17, 58, 3, 61, 48, 60, 35, 16, 49, 32, 45, 36 ],
[ 3, 10, 16, 22, 18, 27, 1, 35, 37, 20, 5, 40, 2, 50, 51, 7, 55, 46, 32, 13, 59, 61, 14, 6, 62, 4, 60, 9, 63, 64, 36, 45, 17, 29, 31, 8, 42, 12, 21, 54, 48, 28, 52, 33, 57, 11, 23, 30, 39, 47, 43, 15, 25, 38, 44, 53, 19, 34, 49, 24, 26, 56, 58, 41 ],
[ 4, 11, 17, 23, 24, 28, 32, 1, 38, 39, 44, 7, 48, 2, 5, 27, 56, 57, 42, 3, 60, 34, 8, 53, 12, 37, 50, 36, 13, 6, 46, 25, 9, 52, 21, 30, 51, 59, 19, 64, 26, 10, 16, 14, 29, 61, 54, 45, 22, 43, 41, 49, 15, 18, 58, 20, 47, 40, 33, 63, 62, 31, 35, 55 ]
],
[ PermutationGroup<64 |  
\[ 12, 29, 8, 41, 2, 5, 43, 28, 6, 14, 31, 9, 56, 4, 34, 20, 59, 15, 18, 42, 10, 1, 57, 21, 24, 46, 30, 19, 22, 13, 63, 39, 11, 55, 23, 62, 33, 47, 52, 25, 40, 26, 37, 64, 7, 54, 27, 51, 38, 44, 53, 50, 17, 58, 3, 61, 48, 60, 35, 16, 49, 32, 45, 36 ],
\[ 3, 10, 16, 22, 18, 27, 1, 35, 37, 20, 5, 40, 2, 50, 51, 7, 55, 46, 32, 13, 59, 61, 14, 6, 62, 4, 60, 9, 63, 64, 36, 45, 17, 29, 31, 8, 42, 12, 21, 54, 48, 28, 52, 33, 57, 11, 23, 30, 39, 47, 43, 15, 25, 38, 44, 53, 19, 34, 49, 24, 26, 56, 58, 41 ],
\[ 4, 11, 17, 23, 24, 28, 32, 1, 38, 39, 44, 7, 48, 2, 5, 27, 56, 57, 42, 3, 60, 34, 8, 53, 12, 37, 50, 36, 13, 6, 46, 25, 9, 52, 21, 30, 51, 59, 19, 64, 26, 10, 16, 14, 29, 61, 54, 45, 22, 43, 41, 49, 15, 18, 58, 20, 47, 40, 33, 63, 62, 31, 35, 55 ]:
 Order := 64 > |
[ 12, 29, 8, 41, 2, 5, 43, 28, 6, 14, 31, 9, 56, 4, 34, 20, 59, 15, 18, 42, 10, 1, 57, 21, 24, 46, 30, 19, 22, 13, 63, 39, 11, 55, 23, 62, 33, 47, 52, 25, 40, 26, 37, 64, 7, 54, 27, 51, 38, 44, 53, 50, 17, 58, 3, 61, 48, 60, 35, 16, 49, 32, 45, 36 ],
[ 4, 11, 17, 23, 24, 28, 32, 1, 38, 39, 44, 7, 48, 2, 5, 27, 56, 57, 42, 3, 60, 34, 8, 53, 12, 37, 50, 36, 13, 6, 46, 25, 9, 52, 21, 30, 51, 59, 19, 64, 26, 10, 16, 14, 29, 61, 54, 45, 22, 43, 41, 49, 15, 18, 58, 20, 47, 40, 33, 63, 62, 31, 35, 55 ],
[ 49, 15, 64, 44, 30, 33, 48, 20, 25, 35, 59, 8, 36, 42, 54, 21, 24, 39, 6, 43, 5, 45, 63, 32, 58, 19, 57, 23, 14, 16, 2, 61, 26, 53, 38, 40, 50, 52, 7, 51, 1, 56, 12, 27, 60, 41, 9, 18, 46, 34, 13, 10, 37, 31, 22, 29, 4, 47, 3, 55, 17, 28, 62, 11 ]
],
[ PermutationGroup<64 |  
\[ 12, 29, 8, 41, 2, 5, 43, 28, 6, 14, 31, 9, 56, 4, 34, 20, 59, 15, 18, 42, 10, 1, 57, 21, 24, 46, 30, 19, 22, 13, 63, 39, 11, 55, 23, 62, 33, 47, 52, 25, 40, 26, 37, 64, 7, 54, 27, 51, 38, 44, 53, 50, 17, 58, 3, 61, 48, 60, 35, 16, 49, 32, 45, 36 ],
\[ 3, 10, 16, 22, 18, 27, 1, 35, 37, 20, 5, 40, 2, 50, 51, 7, 55, 46, 32, 13, 59, 61, 14, 6, 62, 4, 60, 9, 63, 64, 36, 45, 17, 29, 31, 8, 42, 12, 21, 54, 48, 28, 52, 33, 57, 11, 23, 30, 39, 47, 43, 15, 25, 38, 44, 53, 19, 34, 49, 24, 26, 56, 58, 41 ],
\[ 4, 11, 17, 23, 24, 28, 32, 1, 38, 39, 44, 7, 48, 2, 5, 27, 56, 57, 42, 3, 60, 34, 8, 53, 12, 37, 50, 36, 13, 6, 46, 25, 9, 52, 21, 30, 51, 59, 19, 64, 26, 10, 16, 14, 29, 61, 54, 45, 22, 43, 41, 49, 15, 18, 58, 20, 47, 40, 33, 63, 62, 31, 35, 55 ]:
 Order := 64 > |
[ 12, 29, 8, 41, 2, 5, 43, 28, 6, 14, 31, 9, 56, 4, 34, 20, 59, 15, 18, 42, 10, 1, 57, 21, 24, 46, 30, 19, 22, 13, 63, 39, 11, 55, 23, 62, 33, 47, 52, 25, 40, 26, 37, 64, 7, 54, 27, 51, 38, 44, 53, 50, 17, 58, 3, 61, 48, 60, 35, 16, 49, 32, 45, 36 ],
[ 13, 28, 52, 39, 38, 7, 35, 58, 4, 53, 51, 34, 50, 60, 42, 40, 41, 36, 1, 63, 12, 11, 33, 64, 26, 3, 59, 17, 24, 54, 9, 30, 16, 57, 56, 14, 32, 62, 31, 23, 2, 27, 29, 49, 46, 10, 22, 8, 20, 19, 47, 25, 45, 37, 5, 6, 21, 61, 15, 18, 48, 55, 44, 43 ],
[ 47, 55, 62, 36, 56, 31, 53, 26, 21, 57, 23, 19, 32, 46, 60, 14, 10, 50, 2, 33, 29, 43, 7, 52, 16, 15, 51, 48, 41, 42, 22, 38, 54, 59, 27, 24, 64, 44, 37, 17, 9, 49, 6, 13, 20, 25, 5, 34, 58, 3, 61, 4, 11, 45, 12, 1, 40, 30, 28, 8, 35, 18, 39, 63 ]
]
];

/*
Return for eval
*/

return s;
