s := SolvablePassportDBInitialize();

/*
Magma printing
*/

s`Filename := "64S30-8,16,16-g25.m";
s`GaloisOrbits := [ Strings() | "64S30-8,16,16-g25-path46.m", "64S30-8,16,16-g25-path1.m", "64S30-8,16,16-g25-path44.m", "64S30-8,16,16-g25-path43.m", "64S30-8,16,16-g25-path42.m", "64S30-8,16,16-g25-path41.m", "64S30-8,16,16-g25-path40.m", "64S30-8,16,16-g25-path39.m", "64S30-8,16,16-g25-path38.m", "64S30-8,16,16-g25-path37.m", "64S30-8,16,16-g25-path36.m", "64S30-8,16,16-g25-path35.m", "64S30-8,16,16-g25-path34.m", "64S30-8,16,16-g25-path33.m", "64S30-8,16,16-g25-path32.m", "64S30-8,16,16-g25-path31.m", "64S30-8,16,16-g25-path30.m", "64S30-8,16,16-g25-path29.m", "64S30-8,16,16-g25-path28.m", "64S30-8,16,16-g25-path27.m", "64S30-8,16,16-g25-path26.m", "64S30-8,16,16-g25-path25.m", "64S30-8,16,16-g25-path24.m", "64S30-8,16,16-g25-path23.m", "64S30-8,16,16-g25-path22.m", "64S30-8,16,16-g25-path21.m", "64S30-8,16,16-g25-path20.m", "64S30-8,16,16-g25-path19.m", "64S30-8,16,16-g25-path18.m", "64S30-8,16,16-g25-path17.m", "64S30-8,16,16-g25-path16.m", "64S30-8,16,16-g25-path15.m", "64S30-8,16,16-g25-path14.m", "64S30-8,16,16-g25-path13.m", "64S30-8,16,16-g25-path12.m", "64S30-8,16,16-g25-path11.m", "64S30-8,16,16-g25-path10.m", "64S30-8,16,16-g25-path9.m", "64S30-8,16,16-g25-path8.m", "64S30-8,16,16-g25-path7.m", "64S30-8,16,16-g25-path6.m", "64S30-8,16,16-g25-path5.m", "64S30-8,16,16-g25-path4.m", "64S30-8,16,16-g25-path3.m", "64S30-8,16,16-g25-path2.m", "64S30-8,16,16-g25-path45.m" ];
s`Name := "64S30-8,16,16-g25";
s`Passport := [ PowerSequence(PermutationGroup<64 |  
\[ 12, 28, 8, 47, 2, 5, 44, 37, 6, 14, 30, 9, 62, 60, 34, 20, 59, 15, 18, 43, 13, 1, 45, 21, 24, 29, 32, 22, 10, 61, 36, 11, 48, 56, 58, 50, 19, 25, 26, 51, 39, 41, 55, 27, 52, 7, 38, 16, 17, 23, 49, 64, 33, 53, 54, 3, 40, 57, 35, 42, 46, 4, 31, 63 ],
\[ 3, 10, 16, 22, 18, 26, 1, 31, 37, 20, 5, 41, 2, 36, 45, 27, 56, 54, 50, 4, 59, 60, 62, 6, 49, 48, 9, 34, 63, 35, 46, 17, 7, 33, 8, 21, 43, 12, 52, 29, 53, 23, 11, 51, 32, 57, 40, 13, 14, 44, 15, 47, 24, 61, 38, 64, 19, 39, 42, 55, 28, 58, 25, 30 ],
\[ 4, 11, 17, 23, 24, 27, 31, 1, 38, 40, 45, 7, 36, 2, 5, 26, 25, 57, 9, 3, 53, 61, 19, 63, 55, 58, 50, 13, 6, 43, 29, 16, 41, 51, 21, 8, 35, 52, 12, 46, 59, 22, 10, 33, 42, 54, 20, 34, 44, 14, 47, 15, 18, 60, 37, 28, 62, 30, 32, 49, 64, 48, 56, 39 ]:
 Order := 64 >) |
[ PermutationGroup<64 |  
\[ 12, 28, 8, 47, 2, 5, 44, 37, 6, 14, 30, 9, 62, 60, 34, 20, 59, 15, 18, 43, 13, 1, 45, 21, 24, 29, 32, 22, 10, 61, 36, 11, 48, 56, 58, 50, 19, 25, 26, 51, 39, 41, 55, 27, 52, 7, 38, 16, 17, 23, 49, 64, 33, 53, 54, 3, 40, 57, 35, 42, 46, 4, 31, 63 ],
\[ 3, 10, 16, 22, 18, 26, 1, 31, 37, 20, 5, 41, 2, 36, 45, 27, 56, 54, 50, 4, 59, 60, 62, 6, 49, 48, 9, 34, 63, 35, 46, 17, 7, 33, 8, 21, 43, 12, 52, 29, 53, 23, 11, 51, 32, 57, 40, 13, 14, 44, 15, 47, 24, 61, 38, 64, 19, 39, 42, 55, 28, 58, 25, 30 ],
\[ 4, 11, 17, 23, 24, 27, 31, 1, 38, 40, 45, 7, 36, 2, 5, 26, 25, 57, 9, 3, 53, 61, 19, 63, 55, 58, 50, 13, 6, 43, 29, 16, 41, 51, 21, 8, 35, 52, 12, 46, 59, 22, 10, 33, 42, 54, 20, 34, 44, 14, 47, 15, 18, 60, 37, 28, 62, 30, 32, 49, 64, 48, 56, 39 ]:
 Order := 64 > |
[ 2, 9, 15, 21, 12, 1, 30, 34, 22, 39, 44, 28, 25, 26, 37, 53, 40, 8, 3, 33, 38, 5, 31, 47, 4, 42, 46, 6, 41, 27, 52, 7, 55, 19, 49, 64, 56, 62, 60, 35, 14, 10, 48, 61, 36, 11, 13, 54, 57, 63, 58, 50, 43, 20, 16, 18, 59, 17, 51, 29, 32, 24, 45, 23 ],
[ 3, 10, 16, 22, 18, 26, 1, 31, 37, 20, 5, 41, 2, 36, 45, 27, 56, 54, 50, 4, 59, 60, 62, 6, 49, 48, 9, 34, 63, 35, 46, 17, 7, 33, 8, 21, 43, 12, 52, 29, 53, 23, 11, 51, 32, 57, 40, 13, 14, 44, 15, 47, 24, 61, 38, 64, 19, 39, 42, 55, 28, 58, 25, 30 ],
[ 24, 7, 57, 63, 4, 61, 45, 5, 13, 59, 31, 11, 52, 12, 1, 60, 62, 17, 28, 18, 20, 27, 56, 23, 48, 49, 64, 38, 22, 33, 42, 54, 10, 35, 47, 15, 51, 36, 2, 32, 40, 6, 41, 43, 29, 16, 53, 37, 30, 39, 21, 8, 3, 26, 34, 9, 25, 44, 46, 58, 50, 55, 19, 14 ]
],
[ PermutationGroup<64 |  
\[ 12, 28, 8, 47, 2, 5, 44, 37, 6, 14, 30, 9, 62, 60, 34, 20, 59, 15, 18, 43, 13, 1, 45, 21, 24, 29, 32, 22, 10, 61, 36, 11, 48, 56, 58, 50, 19, 25, 26, 51, 39, 41, 55, 27, 52, 7, 38, 16, 17, 23, 49, 64, 33, 53, 54, 3, 40, 57, 35, 42, 46, 4, 31, 63 ],
\[ 3, 10, 16, 22, 18, 26, 1, 31, 37, 20, 5, 41, 2, 36, 45, 27, 56, 54, 50, 4, 59, 60, 62, 6, 49, 48, 9, 34, 63, 35, 46, 17, 7, 33, 8, 21, 43, 12, 52, 29, 53, 23, 11, 51, 32, 57, 40, 13, 14, 44, 15, 47, 24, 61, 38, 64, 19, 39, 42, 55, 28, 58, 25, 30 ],
\[ 4, 11, 17, 23, 24, 27, 31, 1, 38, 40, 45, 7, 36, 2, 5, 26, 25, 57, 9, 3, 53, 61, 19, 63, 55, 58, 50, 13, 6, 43, 29, 16, 41, 51, 21, 8, 35, 52, 12, 46, 59, 22, 10, 33, 42, 54, 20, 34, 44, 14, 47, 15, 18, 60, 37, 28, 62, 30, 32, 49, 64, 48, 56, 39 ]:
 Order := 64 > |
[ 6, 1, 19, 25, 22, 28, 32, 18, 2, 42, 46, 5, 47, 41, 3, 55, 58, 56, 34, 54, 4, 9, 64, 62, 13, 14, 30, 12, 60, 7, 23, 61, 20, 8, 40, 45, 15, 21, 10, 17, 29, 26, 53, 11, 63, 27, 24, 43, 35, 52, 59, 31, 16, 48, 33, 37, 49, 51, 57, 39, 44, 38, 50, 36 ],
[ 3, 10, 16, 22, 18, 26, 1, 31, 37, 20, 5, 41, 2, 36, 45, 27, 56, 54, 50, 4, 59, 60, 62, 6, 49, 48, 9, 34, 63, 35, 46, 17, 7, 33, 8, 21, 43, 12, 52, 29, 53, 23, 11, 51, 32, 57, 40, 13, 14, 44, 15, 47, 24, 61, 38, 64, 19, 39, 42, 55, 28, 58, 25, 30 ],
[ 13, 27, 51, 36, 38, 7, 64, 28, 4, 58, 50, 61, 63, 6, 9, 41, 47, 35, 1, 34, 55, 11, 8, 52, 20, 59, 31, 24, 12, 16, 39, 33, 60, 57, 25, 56, 17, 23, 22, 30, 49, 2, 26, 54, 14, 43, 48, 18, 46, 29, 62, 19, 37, 10, 3, 5, 21, 32, 44, 40, 45, 53, 15, 42 ]
]
];

/*
Return for eval
*/

return s;
