s := SolvablePassportDBInitialize();

/*
Magma printing
*/

s`Filename := "64S31-16,8,16-g25.m";
s`GaloisOrbits := [ Strings() | "64S31-16,8,16-g25-path5.m", "64S31-16,8,16-g25-path7.m", "64S31-16,8,16-g25-path6.m", "64S31-16,8,16-g25-path8.m" ];
s`Name := "64S31-16,8,16-g25";
s`Passport := [ PowerSequence(PermutationGroup<64 |  
\[ 2, 9, 8, 19, 11, 1, 31, 35, 23, 13, 39, 46, 21, 18, 42, 26, 3, 29, 45, 32, 48, 4, 34, 5, 53, 28, 30, 41, 6, 43, 64, 47, 7, 49, 33, 38, 50, 51, 52, 17, 25, 61, 22, 10, 59, 27, 36, 12, 57, 56, 60, 14, 40, 15, 16, 58, 24, 63, 62, 37, 20, 44, 54, 55 ],
\[ 3, 10, 14, 6, 16, 27, 1, 36, 28, 18, 43, 2, 38, 25, 17, 34, 56, 45, 60, 22, 24, 54, 4, 62, 5, 63, 52, 29, 64, 47, 37, 33, 15, 7, 57, 53, 8, 59, 35, 9, 51, 44, 49, 58, 11, 50, 48, 42, 12, 13, 55, 21, 61, 46, 32, 41, 40, 19, 20, 30, 26, 23, 31, 39 ],
\[ 4, 7, 15, 20, 21, 28, 32, 1, 12, 42, 25, 47, 2, 27, 22, 51, 57, 3, 23, 53, 50, 11, 40, 35, 56, 5, 54, 61, 10, 6, 34, 59, 39, 62, 37, 30, 19, 8, 45, 36, 9, 33, 60, 24, 58, 49, 55, 52, 16, 31, 13, 64, 14, 26, 29, 46, 43, 17, 18, 41, 48, 38, 44, 63 ]:
 Order := 64 >) |
[ PermutationGroup<64 |  
\[ 2, 9, 8, 19, 11, 1, 31, 35, 23, 13, 39, 46, 21, 18, 42, 26, 3, 29, 45, 32, 48, 4, 34, 5, 53, 28, 30, 41, 6, 43, 64, 47, 7, 49, 33, 38, 50, 51, 52, 17, 25, 61, 22, 10, 59, 27, 36, 12, 57, 56, 60, 14, 40, 15, 16, 58, 24, 63, 62, 37, 20, 44, 54, 55 ],
\[ 3, 10, 14, 6, 16, 27, 1, 36, 28, 18, 43, 2, 38, 25, 17, 34, 56, 45, 60, 22, 24, 54, 4, 62, 5, 63, 52, 29, 64, 47, 37, 33, 15, 7, 57, 53, 8, 59, 35, 9, 51, 44, 49, 58, 11, 50, 48, 42, 12, 13, 55, 21, 61, 46, 32, 41, 40, 19, 20, 30, 26, 23, 31, 39 ],
\[ 4, 7, 15, 20, 21, 28, 32, 1, 12, 42, 25, 47, 2, 27, 22, 51, 57, 3, 23, 53, 50, 11, 40, 35, 56, 5, 54, 61, 10, 6, 34, 59, 39, 62, 37, 30, 19, 8, 45, 36, 9, 33, 60, 24, 58, 49, 55, 52, 16, 31, 13, 64, 14, 26, 29, 46, 43, 17, 18, 41, 48, 38, 44, 63 ]:
 Order := 64 > |
[ 6, 1, 17, 22, 24, 29, 33, 3, 2, 44, 5, 48, 10, 52, 54, 55, 40, 14, 4, 61, 13, 43, 9, 57, 41, 16, 46, 26, 18, 27, 7, 20, 35, 23, 8, 47, 60, 36, 11, 53, 28, 15, 30, 62, 19, 12, 32, 21, 34, 37, 38, 39, 25, 63, 64, 50, 49, 56, 45, 51, 42, 59, 58, 31 ],
[ 19, 31, 42, 32, 48, 41, 47, 2, 46, 61, 53, 36, 9, 30, 4, 60, 24, 8, 34, 40, 56, 39, 17, 33, 58, 11, 15, 20, 13, 1, 49, 62, 52, 44, 50, 43, 45, 35, 59, 38, 23, 7, 37, 5, 63, 57, 16, 14, 26, 64, 21, 55, 18, 28, 6, 27, 22, 3, 29, 25, 12, 51, 10, 54 ],
[ 8, 13, 18, 1, 26, 30, 2, 38, 41, 29, 22, 9, 51, 53, 3, 49, 58, 59, 37, 4, 5, 15, 19, 44, 11, 54, 14, 6, 55, 36, 50, 7, 42, 31, 24, 40, 35, 62, 33, 23, 60, 10, 57, 63, 39, 56, 12, 61, 46, 21, 16, 48, 20, 27, 47, 25, 17, 45, 32, 43, 28, 34, 64, 52 ]
],
[ PermutationGroup<64 |  
\[ 2, 9, 8, 19, 11, 1, 31, 35, 23, 13, 39, 46, 21, 18, 42, 26, 3, 29, 45, 32, 48, 4, 34, 5, 53, 28, 30, 41, 6, 43, 64, 47, 7, 49, 33, 38, 50, 51, 52, 17, 25, 61, 22, 10, 59, 27, 36, 12, 57, 56, 60, 14, 40, 15, 16, 58, 24, 63, 62, 37, 20, 44, 54, 55 ],
\[ 3, 10, 14, 6, 16, 27, 1, 36, 28, 18, 43, 2, 38, 25, 17, 34, 56, 45, 60, 22, 24, 54, 4, 62, 5, 63, 52, 29, 64, 47, 37, 33, 15, 7, 57, 53, 8, 59, 35, 9, 51, 44, 49, 58, 11, 50, 48, 42, 12, 13, 55, 21, 61, 46, 32, 41, 40, 19, 20, 30, 26, 23, 31, 39 ],
\[ 4, 7, 15, 20, 21, 28, 32, 1, 12, 42, 25, 47, 2, 27, 22, 51, 57, 3, 23, 53, 50, 11, 40, 35, 56, 5, 54, 61, 10, 6, 34, 59, 39, 62, 37, 30, 19, 8, 45, 36, 9, 33, 60, 24, 58, 49, 55, 52, 16, 31, 13, 64, 14, 26, 29, 46, 43, 17, 18, 41, 48, 38, 44, 63 ]:
 Order := 64 > |
[ 6, 1, 17, 22, 24, 29, 33, 3, 2, 44, 5, 48, 10, 52, 54, 55, 40, 14, 4, 61, 13, 43, 9, 57, 41, 16, 46, 26, 18, 27, 7, 20, 35, 23, 8, 47, 60, 36, 11, 53, 28, 15, 30, 62, 19, 12, 32, 21, 34, 37, 38, 39, 25, 63, 64, 50, 49, 56, 45, 51, 42, 59, 58, 31 ],
[ 44, 26, 47, 51, 30, 17, 60, 49, 22, 36, 8, 37, 57, 19, 62, 58, 52, 31, 5, 35, 15, 29, 33, 55, 42, 18, 32, 38, 46, 34, 11, 21, 6, 48, 54, 45, 10, 64, 13, 50, 24, 16, 63, 14, 61, 39, 25, 1, 53, 28, 27, 41, 2, 40, 23, 4, 59, 7, 9, 3, 43, 56, 12, 20 ],
[ 53, 59, 11, 14, 31, 48, 18, 20, 55, 39, 46, 29, 32, 26, 25, 2, 60, 22, 36, 27, 34, 56, 30, 19, 49, 50, 5, 52, 33, 61, 38, 3, 58, 8, 23, 28, 40, 4, 17, 6, 47, 45, 9, 37, 57, 51, 10, 63, 13, 62, 7, 44, 54, 21, 42, 16, 41, 43, 15, 12, 64, 1, 35, 24 ]
],
[ PermutationGroup<64 |  
\[ 2, 9, 8, 19, 11, 1, 31, 35, 23, 13, 39, 46, 21, 18, 42, 26, 3, 29, 45, 32, 48, 4, 34, 5, 53, 28, 30, 41, 6, 43, 64, 47, 7, 49, 33, 38, 50, 51, 52, 17, 25, 61, 22, 10, 59, 27, 36, 12, 57, 56, 60, 14, 40, 15, 16, 58, 24, 63, 62, 37, 20, 44, 54, 55 ],
\[ 3, 10, 14, 6, 16, 27, 1, 36, 28, 18, 43, 2, 38, 25, 17, 34, 56, 45, 60, 22, 24, 54, 4, 62, 5, 63, 52, 29, 64, 47, 37, 33, 15, 7, 57, 53, 8, 59, 35, 9, 51, 44, 49, 58, 11, 50, 48, 42, 12, 13, 55, 21, 61, 46, 32, 41, 40, 19, 20, 30, 26, 23, 31, 39 ],
\[ 4, 7, 15, 20, 21, 28, 32, 1, 12, 42, 25, 47, 2, 27, 22, 51, 57, 3, 23, 53, 50, 11, 40, 35, 56, 5, 54, 61, 10, 6, 34, 59, 39, 62, 37, 30, 19, 8, 45, 36, 9, 33, 60, 24, 58, 49, 55, 52, 16, 31, 13, 64, 14, 26, 29, 46, 43, 17, 18, 41, 48, 38, 44, 63 ]:
 Order := 64 > |
[ 8, 13, 18, 1, 26, 30, 2, 38, 41, 29, 22, 9, 51, 53, 3, 49, 58, 59, 37, 4, 5, 15, 19, 44, 11, 54, 14, 6, 55, 36, 50, 7, 42, 31, 24, 40, 35, 62, 33, 23, 60, 10, 57, 63, 39, 56, 12, 61, 46, 21, 16, 48, 20, 27, 47, 25, 17, 45, 32, 43, 28, 34, 64, 52 ],
[ 7, 12, 1, 23, 25, 4, 34, 37, 40, 2, 45, 49, 50, 3, 33, 5, 15, 10, 58, 59, 52, 20, 62, 21, 14, 61, 6, 9, 28, 60, 63, 55, 32, 16, 39, 8, 31, 13, 64, 57, 56, 48, 11, 42, 18, 54, 30, 47, 43, 46, 41, 27, 36, 22, 51, 17, 35, 44, 38, 19, 53, 24, 26, 29 ],
[ 6, 1, 17, 22, 24, 29, 33, 3, 2, 44, 5, 48, 10, 52, 54, 55, 40, 14, 4, 61, 13, 43, 9, 57, 41, 16, 46, 26, 18, 27, 7, 20, 35, 23, 8, 47, 60, 36, 11, 53, 28, 15, 30, 62, 19, 12, 32, 21, 34, 37, 38, 39, 25, 63, 64, 50, 49, 56, 45, 51, 42, 59, 58, 31 ]
],
[ PermutationGroup<64 |  
\[ 2, 9, 8, 19, 11, 1, 31, 35, 23, 13, 39, 46, 21, 18, 42, 26, 3, 29, 45, 32, 48, 4, 34, 5, 53, 28, 30, 41, 6, 43, 64, 47, 7, 49, 33, 38, 50, 51, 52, 17, 25, 61, 22, 10, 59, 27, 36, 12, 57, 56, 60, 14, 40, 15, 16, 58, 24, 63, 62, 37, 20, 44, 54, 55 ],
\[ 3, 10, 14, 6, 16, 27, 1, 36, 28, 18, 43, 2, 38, 25, 17, 34, 56, 45, 60, 22, 24, 54, 4, 62, 5, 63, 52, 29, 64, 47, 37, 33, 15, 7, 57, 53, 8, 59, 35, 9, 51, 44, 49, 58, 11, 50, 48, 42, 12, 13, 55, 21, 61, 46, 32, 41, 40, 19, 20, 30, 26, 23, 31, 39 ],
\[ 4, 7, 15, 20, 21, 28, 32, 1, 12, 42, 25, 47, 2, 27, 22, 51, 57, 3, 23, 53, 50, 11, 40, 35, 56, 5, 54, 61, 10, 6, 34, 59, 39, 62, 37, 30, 19, 8, 45, 36, 9, 33, 60, 24, 58, 49, 55, 52, 16, 31, 13, 64, 14, 26, 29, 46, 43, 17, 18, 41, 48, 38, 44, 63 ]:
 Order := 64 > |
[ 8, 13, 18, 1, 26, 30, 2, 38, 41, 29, 22, 9, 51, 53, 3, 49, 58, 59, 37, 4, 5, 15, 19, 44, 11, 54, 14, 6, 55, 36, 50, 7, 42, 31, 24, 40, 35, 62, 33, 23, 60, 10, 57, 63, 39, 56, 12, 61, 46, 21, 16, 48, 20, 27, 47, 25, 17, 45, 32, 43, 28, 34, 64, 52 ],
[ 3, 10, 14, 6, 16, 27, 1, 36, 28, 18, 43, 2, 38, 25, 17, 34, 56, 45, 60, 22, 24, 54, 4, 62, 5, 63, 52, 29, 64, 47, 37, 33, 15, 7, 57, 53, 8, 59, 35, 9, 51, 44, 49, 58, 11, 50, 48, 42, 12, 13, 55, 21, 61, 46, 32, 41, 40, 19, 20, 30, 26, 23, 31, 39 ],
[ 23, 34, 33, 59, 52, 9, 55, 7, 49, 48, 14, 30, 12, 6, 20, 41, 35, 1, 62, 36, 46, 45, 57, 39, 17, 25, 22, 53, 2, 4, 16, 38, 64, 24, 31, 60, 58, 37, 18, 8, 40, 32, 19, 21, 44, 43, 51, 27, 5, 63, 50, 29, 3, 61, 28, 54, 11, 15, 10, 56, 47, 13, 42, 26 ]
]
];

/*
Return for eval
*/

return s;
