s := SolvablePassportDBInitialize();

/*
Magma printing
*/

s`Filename := "64S39-16,4,4-g15.m";
s`GaloisOrbits := [ Strings() | "64S39-16,4,4-g15-path5-notcomputed.m", "64S39-16,4,4-g15-path2-notcomputed.m", "64S39-16,4,4-g15-path4-notcomputed.m", "64S39-16,4,4-g15-path1-notcomputed.m", "64S39-16,4,4-g15-path9-notcomputed.m" ];
s`Name := "64S39-16,4,4-g15";
s`Passport := [ PowerSequence(PermutationGroup<64 |  
\[ 11, 32, 8, 24, 2, 5, 14, 22, 49, 13, 9, 21, 4, 27, 36, 7, 46, 1, 25, 17, 20, 45, 18, 39, 34, 3, 43, 19, 38, 60, 26, 30, 16, 53, 12, 51, 10, 15, 61, 28, 29, 6, 62, 42, 59, 55, 44, 37, 47, 35, 64, 33, 63, 31, 48, 23, 41, 40, 52, 56, 50, 54, 57, 58 ],
\[ 3, 10, 5, 18, 7, 4, 1, 28, 31, 11, 12, 2, 38, 29, 26, 15, 40, 20, 13, 6, 19, 42, 22, 41, 16, 25, 23, 14, 8, 48, 32, 33, 9, 37, 34, 35, 36, 21, 56, 24, 17, 27, 57, 39, 58, 44, 62, 49, 50, 30, 54, 51, 52, 53, 64, 46, 45, 43, 47, 59, 63, 60, 55, 61 ],
\[ 4, 3, 15, 19, 20, 22, 25, 1, 10, 34, 7, 36, 2, 5, 13, 32, 18, 27, 8, 38, 11, 29, 39, 6, 21, 9, 28, 17, 24, 31, 51, 12, 53, 26, 49, 16, 30, 14, 40, 45, 43, 46, 42, 59, 23, 41, 48, 63, 33, 64, 37, 60, 35, 47, 56, 62, 61, 55, 57, 50, 44, 58, 54, 52 ]:
 Order := 64 >) |
[ PermutationGroup<64 |  
\[ 11, 32, 8, 24, 2, 5, 14, 22, 49, 13, 9, 21, 4, 27, 36, 7, 46, 1, 25, 17, 20, 45, 18, 39, 34, 3, 43, 19, 38, 60, 26, 30, 16, 53, 12, 51, 10, 15, 61, 28, 29, 6, 62, 42, 59, 55, 44, 37, 47, 35, 64, 33, 63, 31, 48, 23, 41, 40, 52, 56, 50, 54, 57, 58 ],
\[ 3, 10, 5, 18, 7, 4, 1, 28, 31, 11, 12, 2, 38, 29, 26, 15, 40, 20, 13, 6, 19, 42, 22, 41, 16, 25, 23, 14, 8, 48, 32, 33, 9, 37, 34, 35, 36, 21, 56, 24, 17, 27, 57, 39, 58, 44, 62, 49, 50, 30, 54, 51, 52, 53, 64, 46, 45, 43, 47, 59, 63, 60, 55, 61 ],
\[ 4, 3, 15, 19, 20, 22, 25, 1, 10, 34, 7, 36, 2, 5, 13, 32, 18, 27, 8, 38, 11, 29, 39, 6, 21, 9, 28, 17, 24, 31, 51, 12, 53, 26, 49, 16, 30, 14, 40, 45, 43, 46, 42, 59, 23, 41, 48, 63, 33, 64, 37, 60, 35, 47, 56, 62, 61, 55, 57, 50, 44, 58, 54, 52 ]:
 Order := 64 > |
[ 11, 32, 8, 24, 2, 5, 14, 22, 49, 13, 9, 21, 4, 27, 36, 7, 46, 1, 25, 17, 20, 45, 18, 39, 34, 3, 43, 19, 38, 60, 26, 30, 16, 53, 12, 51, 10, 15, 61, 28, 29, 6, 62, 42, 59, 55, 44, 37, 47, 35, 64, 33, 63, 31, 48, 23, 41, 40, 52, 56, 50, 54, 57, 58 ],
[ 3, 10, 5, 18, 7, 4, 1, 28, 31, 11, 12, 2, 38, 29, 26, 15, 40, 20, 13, 6, 19, 42, 22, 41, 16, 25, 23, 14, 8, 48, 32, 33, 9, 37, 34, 35, 36, 21, 56, 24, 17, 27, 57, 39, 58, 44, 62, 49, 50, 30, 54, 51, 52, 53, 64, 46, 45, 43, 47, 59, 63, 60, 55, 61 ],
[ 4, 3, 15, 19, 20, 22, 25, 1, 10, 34, 7, 36, 2, 5, 13, 32, 18, 27, 8, 38, 11, 29, 39, 6, 21, 9, 28, 17, 24, 31, 51, 12, 53, 26, 49, 16, 30, 14, 40, 45, 43, 46, 42, 59, 23, 41, 48, 63, 33, 64, 37, 60, 35, 47, 56, 62, 61, 55, 57, 50, 44, 58, 54, 52 ]
],
[ PermutationGroup<64 |  
\[ 11, 32, 8, 24, 2, 5, 14, 22, 49, 13, 9, 21, 4, 27, 36, 7, 46, 1, 25, 17, 20, 45, 18, 39, 34, 3, 43, 19, 38, 60, 26, 30, 16, 53, 12, 51, 10, 15, 61, 28, 29, 6, 62, 42, 59, 55, 44, 37, 47, 35, 64, 33, 63, 31, 48, 23, 41, 40, 52, 56, 50, 54, 57, 58 ],
\[ 3, 10, 5, 18, 7, 4, 1, 28, 31, 11, 12, 2, 38, 29, 26, 15, 40, 20, 13, 6, 19, 42, 22, 41, 16, 25, 23, 14, 8, 48, 32, 33, 9, 37, 34, 35, 36, 21, 56, 24, 17, 27, 57, 39, 58, 44, 62, 49, 50, 30, 54, 51, 52, 53, 64, 46, 45, 43, 47, 59, 63, 60, 55, 61 ],
\[ 4, 3, 15, 19, 20, 22, 25, 1, 10, 34, 7, 36, 2, 5, 13, 32, 18, 27, 8, 38, 11, 29, 39, 6, 21, 9, 28, 17, 24, 31, 51, 12, 53, 26, 49, 16, 30, 14, 40, 45, 43, 46, 42, 59, 23, 41, 48, 63, 33, 64, 37, 60, 35, 47, 56, 62, 61, 55, 57, 50, 44, 58, 54, 52 ]:
 Order := 64 > |
[ 11, 32, 8, 24, 2, 5, 14, 22, 49, 13, 9, 21, 4, 27, 36, 7, 46, 1, 25, 17, 20, 45, 18, 39, 34, 3, 43, 19, 38, 60, 26, 30, 16, 53, 12, 51, 10, 15, 61, 28, 29, 6, 62, 42, 59, 55, 44, 37, 47, 35, 64, 33, 63, 31, 48, 23, 41, 40, 52, 56, 50, 54, 57, 58 ],
[ 4, 3, 15, 19, 20, 22, 25, 1, 10, 34, 7, 36, 2, 5, 13, 32, 18, 27, 8, 38, 11, 29, 39, 6, 21, 9, 28, 17, 24, 31, 51, 12, 53, 26, 49, 16, 30, 14, 40, 45, 43, 46, 42, 59, 23, 41, 48, 63, 33, 64, 37, 60, 35, 47, 56, 62, 61, 55, 57, 50, 44, 58, 54, 52 ],
[ 17, 14, 34, 15, 24, 43, 36, 2, 21, 51, 8, 53, 9, 11, 20, 49, 5, 45, 27, 25, 32, 19, 55, 1, 4, 30, 38, 39, 46, 16, 63, 13, 64, 7, 60, 3, 47, 22, 29, 62, 59, 61, 18, 54, 6, 28, 35, 58, 26, 57, 12, 44, 10, 56, 42, 52, 48, 50, 40, 37, 23, 41, 33, 31 ]
]
];

/*
Return for eval
*/

return s;
