s := SolvablePassportDBInitialize();

/*
Magma printing
*/

s`Filename := "64S33-4,8,4-g13.m";
s`GaloisOrbits := [ Strings() | "64S33-4,8,4-g13-path11.m", "64S33-4,8,4-g13-path17.m", "64S33-4,8,4-g13-path13.m", "64S33-4,8,4-g13-path2.m", "64S33-4,8,4-g13-path10.m", "64S33-4,8,4-g13-path4.m", "64S33-4,8,4-g13-path5.m", "64S33-4,8,4-g13-path30.m", "64S33-4,8,4-g13-path42.m", "64S33-4,8,4-g13-path12.m", "64S33-4,8,4-g13-path1.m", "64S33-4,8,4-g13-path36.m", "64S33-4,8,4-g13-path25.m", "64S33-4,8,4-g13-path9.m", "64S33-4,8,4-g13-path7.m", "64S33-4,8,4-g13-path26.m", "64S33-4,8,4-g13-path39.m", "64S33-4,8,4-g13-path41.m", "64S33-4,8,4-g13-path20.m", "64S33-4,8,4-g13-path31.m", "64S33-4,8,4-g13-path8.m", "64S33-4,8,4-g13-path22.m", "64S33-4,8,4-g13-path33.m", "64S33-4,8,4-g13-path18.m", "64S33-4,8,4-g13-path43.m", "64S33-4,8,4-g13-path38.m", "64S33-4,8,4-g13-path34.m", "64S33-4,8,4-g13-path27.m", "64S33-4,8,4-g13-path16.m", "64S33-4,8,4-g13-path35.m", "64S33-4,8,4-g13-path29.m", "64S33-4,8,4-g13-path14.m", "64S33-4,8,4-g13-path23.m", "64S33-4,8,4-g13-path21.m", "64S33-4,8,4-g13-path6.m", "64S33-4,8,4-g13-path32.m", "64S33-4,8,4-g13-path15.m", "64S33-4,8,4-g13-path44.m", "64S33-4,8,4-g13-path40.m", "64S33-4,8,4-g13-path24.m", "64S33-4,8,4-g13-path3.m", "64S33-4,8,4-g13-path37.m", "64S33-4,8,4-g13-path28.m", "64S33-4,8,4-g13-path19.m" ];
s`Name := "64S33-4,8,4-g13";
s`Passport := [ PowerSequence(PermutationGroup<64 |  
\[ 6, 1, 8, 20, 2, 5, 26, 15, 11, 24, 22, 3, 16, 35, 12, 27, 4, 36, 17, 19, 50, 23, 9, 7, 34, 10, 38, 18, 31, 32, 14, 21, 51, 33, 29, 37, 28, 13, 53, 59, 54, 40, 46, 45, 47, 39, 48, 44, 58, 30, 25, 49, 43, 56, 42, 60, 52, 57, 55, 41, 62, 63, 64, 61 ],
\[ 3, 9, 13, 2, 15, 22, 1, 28, 30, 5, 34, 36, 10, 12, 27, 42, 44, 17, 6, 47, 4, 21, 51, 45, 24, 48, 7, 41, 8, 19, 23, 54, 26, 40, 11, 56, 20, 59, 38, 31, 14, 61, 16, 53, 58, 18, 46, 52, 32, 60, 55, 25, 37, 64, 35, 29, 50, 33, 63, 62, 39, 49, 43, 57 ],
\[ 4, 10, 14, 18, 19, 7, 25, 1, 31, 33, 2, 5, 39, 40, 29, 3, 30, 8, 37, 21, 49, 35, 6, 13, 23, 27, 43, 53, 55, 57, 56, 9, 11, 52, 41, 46, 12, 15, 47, 16, 50, 51, 44, 26, 17, 63, 24, 20, 48, 22, 58, 64, 61, 28, 38, 32, 45, 62, 34, 36, 54, 42, 60, 59 ]:
 Order := 64 >) |
[ PermutationGroup<64 |  
\[ 6, 1, 8, 20, 2, 5, 26, 15, 11, 24, 22, 3, 16, 35, 12, 27, 4, 36, 17, 19, 50, 23, 9, 7, 34, 10, 38, 18, 31, 32, 14, 21, 51, 33, 29, 37, 28, 13, 53, 59, 54, 40, 46, 45, 47, 39, 48, 44, 58, 30, 25, 49, 43, 56, 42, 60, 52, 57, 55, 41, 62, 63, 64, 61 ],
\[ 3, 9, 13, 2, 15, 22, 1, 28, 30, 5, 34, 36, 10, 12, 27, 42, 44, 17, 6, 47, 4, 21, 51, 45, 24, 48, 7, 41, 8, 19, 23, 54, 26, 40, 11, 56, 20, 59, 38, 31, 14, 61, 16, 53, 58, 18, 46, 52, 32, 60, 55, 25, 37, 64, 35, 29, 50, 33, 63, 62, 39, 49, 43, 57 ],
\[ 4, 10, 14, 18, 19, 7, 25, 1, 31, 33, 2, 5, 39, 40, 29, 3, 30, 8, 37, 21, 49, 35, 6, 13, 23, 27, 43, 53, 55, 57, 56, 9, 11, 52, 41, 46, 12, 15, 47, 16, 50, 51, 44, 26, 17, 63, 24, 20, 48, 22, 58, 64, 61, 28, 38, 32, 45, 62, 34, 36, 54, 42, 60, 59 ]:
 Order := 64 > |
[ 2, 5, 12, 17, 6, 1, 24, 3, 23, 26, 9, 15, 38, 31, 8, 13, 19, 28, 20, 4, 32, 11, 22, 10, 51, 7, 16, 37, 35, 50, 29, 30, 34, 25, 14, 18, 36, 27, 46, 42, 60, 55, 53, 48, 44, 43, 45, 47, 52, 21, 33, 57, 39, 41, 59, 54, 58, 49, 40, 56, 64, 61, 62, 63 ],
[ 7, 4, 1, 21, 10, 19, 27, 29, 2, 13, 35, 14, 3, 41, 5, 43, 18, 46, 30, 37, 22, 6, 31, 25, 52, 33, 15, 8, 56, 9, 40, 49, 58, 11, 55, 12, 53, 39, 61, 34, 28, 16, 63, 17, 24, 47, 20, 26, 62, 57, 23, 48, 44, 32, 51, 36, 64, 45, 38, 50, 42, 60, 59, 54 ],
[ 22, 3, 28, 47, 9, 15, 48, 27, 34, 45, 21, 13, 42, 11, 36, 7, 2, 56, 44, 6, 60, 51, 30, 1, 40, 5, 59, 17, 23, 54, 12, 4, 55, 26, 8, 20, 41, 10, 37, 63, 64, 31, 18, 58, 46, 38, 52, 53, 33, 19, 24, 32, 16, 29, 61, 62, 25, 50, 35, 14, 49, 43, 57, 39 ]
],
[ PermutationGroup<64 |  
\[ 6, 1, 8, 20, 2, 5, 26, 15, 11, 24, 22, 3, 16, 35, 12, 27, 4, 36, 17, 19, 50, 23, 9, 7, 34, 10, 38, 18, 31, 32, 14, 21, 51, 33, 29, 37, 28, 13, 53, 59, 54, 40, 46, 45, 47, 39, 48, 44, 58, 30, 25, 49, 43, 56, 42, 60, 52, 57, 55, 41, 62, 63, 64, 61 ],
\[ 3, 9, 13, 2, 15, 22, 1, 28, 30, 5, 34, 36, 10, 12, 27, 42, 44, 17, 6, 47, 4, 21, 51, 45, 24, 48, 7, 41, 8, 19, 23, 54, 26, 40, 11, 56, 20, 59, 38, 31, 14, 61, 16, 53, 58, 18, 46, 52, 32, 60, 55, 25, 37, 64, 35, 29, 50, 33, 63, 62, 39, 49, 43, 57 ],
\[ 4, 10, 14, 18, 19, 7, 25, 1, 31, 33, 2, 5, 39, 40, 29, 3, 30, 8, 37, 21, 49, 35, 6, 13, 23, 27, 43, 53, 55, 57, 56, 9, 11, 52, 41, 46, 12, 15, 47, 16, 50, 51, 44, 26, 17, 63, 24, 20, 48, 22, 58, 64, 61, 28, 38, 32, 45, 62, 34, 36, 54, 42, 60, 59 ]:
 Order := 64 > |
[ 8, 11, 16, 1, 12, 23, 6, 18, 32, 2, 33, 37, 24, 3, 38, 40, 45, 4, 5, 48, 20, 50, 25, 47, 7, 44, 26, 54, 15, 17, 9, 56, 10, 59, 22, 60, 19, 55, 13, 14, 35, 62, 27, 43, 57, 36, 39, 49, 21, 41, 42, 34, 28, 61, 29, 31, 30, 51, 64, 63, 53, 58, 46, 52 ],
[ 7, 4, 1, 21, 10, 19, 27, 29, 2, 13, 35, 14, 3, 41, 5, 43, 18, 46, 30, 37, 22, 6, 31, 25, 52, 33, 15, 8, 56, 9, 40, 49, 58, 11, 55, 12, 53, 39, 61, 34, 28, 16, 63, 17, 24, 47, 20, 26, 62, 57, 23, 48, 44, 32, 51, 36, 64, 45, 38, 50, 42, 60, 59, 54 ],
[ 2, 5, 12, 17, 6, 1, 24, 3, 23, 26, 9, 15, 38, 31, 8, 13, 19, 28, 20, 4, 32, 11, 22, 10, 51, 7, 16, 37, 35, 50, 29, 30, 34, 25, 14, 18, 36, 27, 46, 42, 60, 55, 53, 48, 44, 43, 45, 47, 52, 21, 33, 57, 39, 41, 59, 54, 58, 49, 40, 56, 64, 61, 62, 63 ]
],
[ PermutationGroup<64 |  
\[ 6, 1, 8, 20, 2, 5, 26, 15, 11, 24, 22, 3, 16, 35, 12, 27, 4, 36, 17, 19, 50, 23, 9, 7, 34, 10, 38, 18, 31, 32, 14, 21, 51, 33, 29, 37, 28, 13, 53, 59, 54, 40, 46, 45, 47, 39, 48, 44, 58, 30, 25, 49, 43, 56, 42, 60, 52, 57, 55, 41, 62, 63, 64, 61 ],
\[ 3, 9, 13, 2, 15, 22, 1, 28, 30, 5, 34, 36, 10, 12, 27, 42, 44, 17, 6, 47, 4, 21, 51, 45, 24, 48, 7, 41, 8, 19, 23, 54, 26, 40, 11, 56, 20, 59, 38, 31, 14, 61, 16, 53, 58, 18, 46, 52, 32, 60, 55, 25, 37, 64, 35, 29, 50, 33, 63, 62, 39, 49, 43, 57 ],
\[ 4, 10, 14, 18, 19, 7, 25, 1, 31, 33, 2, 5, 39, 40, 29, 3, 30, 8, 37, 21, 49, 35, 6, 13, 23, 27, 43, 53, 55, 57, 56, 9, 11, 52, 41, 46, 12, 15, 47, 16, 50, 51, 44, 26, 17, 63, 24, 20, 48, 22, 58, 64, 61, 28, 38, 32, 45, 62, 34, 36, 54, 42, 60, 59 ]:
 Order := 64 > |
[ 24, 17, 2, 32, 26, 20, 16, 35, 5, 38, 14, 31, 12, 60, 6, 53, 28, 43, 50, 36, 11, 1, 29, 51, 57, 34, 8, 3, 54, 23, 42, 52, 49, 9, 59, 15, 39, 46, 64, 25, 37, 13, 62, 19, 10, 45, 4, 7, 61, 58, 22, 47, 48, 30, 33, 18, 63, 44, 27, 21, 55, 56, 40, 41 ],
[ 7, 4, 1, 21, 10, 19, 27, 29, 2, 13, 35, 14, 3, 41, 5, 43, 18, 46, 30, 37, 22, 6, 31, 25, 52, 33, 15, 8, 56, 9, 40, 49, 58, 11, 55, 12, 53, 39, 61, 34, 28, 16, 63, 17, 24, 47, 20, 26, 62, 57, 23, 48, 44, 32, 51, 36, 64, 45, 38, 50, 42, 60, 59, 54 ],
[ 21, 13, 41, 46, 30, 27, 52, 7, 40, 58, 4, 10, 61, 34, 56, 1, 9, 29, 53, 22, 62, 55, 19, 3, 31, 15, 63, 44, 51, 64, 36, 2, 35, 48, 28, 47, 14, 5, 20, 43, 57, 23, 17, 33, 18, 59, 25, 37, 26, 6, 45, 54, 42, 8, 39, 49, 24, 60, 11, 12, 32, 16, 50, 38 ]
],
[ PermutationGroup<64 |  
\[ 6, 1, 8, 20, 2, 5, 26, 15, 11, 24, 22, 3, 16, 35, 12, 27, 4, 36, 17, 19, 50, 23, 9, 7, 34, 10, 38, 18, 31, 32, 14, 21, 51, 33, 29, 37, 28, 13, 53, 59, 54, 40, 46, 45, 47, 39, 48, 44, 58, 30, 25, 49, 43, 56, 42, 60, 52, 57, 55, 41, 62, 63, 64, 61 ],
\[ 3, 9, 13, 2, 15, 22, 1, 28, 30, 5, 34, 36, 10, 12, 27, 42, 44, 17, 6, 47, 4, 21, 51, 45, 24, 48, 7, 41, 8, 19, 23, 54, 26, 40, 11, 56, 20, 59, 38, 31, 14, 61, 16, 53, 58, 18, 46, 52, 32, 60, 55, 25, 37, 64, 35, 29, 50, 33, 63, 62, 39, 49, 43, 57 ],
\[ 4, 10, 14, 18, 19, 7, 25, 1, 31, 33, 2, 5, 39, 40, 29, 3, 30, 8, 37, 21, 49, 35, 6, 13, 23, 27, 43, 53, 55, 57, 56, 9, 11, 52, 41, 46, 12, 15, 47, 16, 50, 51, 44, 26, 17, 63, 24, 20, 48, 22, 58, 64, 61, 28, 38, 32, 45, 62, 34, 36, 54, 42, 60, 59 ]:
 Order := 64 > |
[ 21, 13, 41, 46, 30, 27, 52, 7, 40, 58, 4, 10, 61, 34, 56, 1, 9, 29, 53, 22, 62, 55, 19, 3, 31, 15, 63, 44, 51, 64, 36, 2, 35, 48, 28, 47, 14, 5, 20, 43, 57, 23, 17, 33, 18, 59, 25, 37, 26, 6, 45, 54, 42, 8, 39, 49, 24, 60, 11, 12, 32, 16, 50, 38 ],
[ 7, 4, 1, 21, 10, 19, 27, 29, 2, 13, 35, 14, 3, 41, 5, 43, 18, 46, 30, 37, 22, 6, 31, 25, 52, 33, 15, 8, 56, 9, 40, 49, 58, 11, 55, 12, 53, 39, 61, 34, 28, 16, 63, 17, 24, 47, 20, 26, 62, 57, 23, 48, 44, 32, 51, 36, 64, 45, 38, 50, 42, 60, 59, 54 ],
[ 42, 54, 45, 34, 59, 60, 28, 64, 44, 36, 63, 62, 9, 20, 48, 49, 16, 58, 51, 38, 3, 47, 61, 50, 46, 32, 22, 11, 17, 15, 24, 39, 53, 12, 26, 23, 52, 57, 35, 30, 13, 37, 31, 41, 55, 2, 56, 40, 29, 43, 8, 1, 6, 25, 21, 27, 14, 5, 18, 33, 10, 4, 7, 19 ]
]
];

/*
Return for eval
*/

return s;
