s := SolvablePassportDBInitialize();

/*
Magma printing
*/

s`Filename := "64S31-8,16,16-g25.m";
s`GaloisOrbits := [ Strings() | "64S31-8,16,16-g25-path2-notcomputed.m" ];
s`Name := "64S31-8,16,16-g25";
s`Passport := [ PowerSequence(PermutationGroup<64 |  
\[ 2, 9, 8, 19, 11, 1, 30, 34, 23, 13, 28, 44, 46, 18, 52, 25, 3, 56, 12, 31, 57, 4, 5, 60, 55, 29, 32, 6, 10, 37, 36, 7, 50, 38, 64, 48, 51, 16, 33, 62, 43, 22, 26, 21, 49, 59, 15, 58, 39, 14, 24, 35, 40, 20, 17, 45, 42, 61, 41, 27, 63, 47, 54, 53 ],
\[ 3, 10, 14, 6, 16, 26, 1, 31, 34, 39, 41, 2, 36, 37, 17, 49, 54, 4, 52, 22, 23, 47, 46, 5, 61, 45, 28, 55, 20, 62, 32, 53, 7, 56, 8, 19, 9, 48, 21, 29, 18, 11, 63, 64, 12, 50, 13, 30, 27, 42, 15, 59, 38, 60, 33, 24, 40, 44, 58, 35, 51, 25, 57, 43 ],
\[ 4, 7, 15, 20, 21, 27, 31, 1, 12, 40, 24, 36, 2, 46, 22, 53, 28, 3, 18, 17, 58, 50, 37, 61, 5, 64, 54, 42, 6, 33, 29, 49, 10, 35, 19, 8, 48, 9, 16, 32, 52, 63, 11, 45, 34, 47, 30, 13, 26, 55, 14, 51, 44, 43, 62, 41, 39, 38, 23, 56, 59, 57, 25, 60 ]:
 Order := 64 >) |
[ PermutationGroup<64 |  
\[ 2, 9, 8, 19, 11, 1, 30, 34, 23, 13, 28, 44, 46, 18, 52, 25, 3, 56, 12, 31, 57, 4, 5, 60, 55, 29, 32, 6, 10, 37, 36, 7, 50, 38, 64, 48, 51, 16, 33, 62, 43, 22, 26, 21, 49, 59, 15, 58, 39, 14, 24, 35, 40, 20, 17, 45, 42, 61, 41, 27, 63, 47, 54, 53 ],
\[ 3, 10, 14, 6, 16, 26, 1, 31, 34, 39, 41, 2, 36, 37, 17, 49, 54, 4, 52, 22, 23, 47, 46, 5, 61, 45, 28, 55, 20, 62, 32, 53, 7, 56, 8, 19, 9, 48, 21, 29, 18, 11, 63, 64, 12, 50, 13, 30, 27, 42, 15, 59, 38, 60, 33, 24, 40, 44, 58, 35, 51, 25, 57, 43 ],
\[ 4, 7, 15, 20, 21, 27, 31, 1, 12, 40, 24, 36, 2, 46, 22, 53, 28, 3, 18, 17, 58, 50, 37, 61, 5, 64, 54, 42, 6, 33, 29, 49, 10, 35, 19, 8, 48, 9, 16, 32, 52, 63, 11, 45, 34, 47, 30, 13, 26, 55, 14, 51, 44, 43, 62, 41, 39, 38, 23, 56, 59, 57, 25, 60 ]:
 Order := 64 > |
[ 2, 9, 8, 19, 11, 1, 30, 34, 23, 13, 28, 44, 46, 18, 52, 25, 3, 56, 12, 31, 57, 4, 5, 60, 55, 29, 32, 6, 10, 37, 36, 7, 50, 38, 64, 48, 51, 16, 33, 62, 43, 22, 26, 21, 49, 59, 15, 58, 39, 14, 24, 35, 40, 20, 17, 45, 42, 61, 41, 27, 63, 47, 54, 53 ],
[ 3, 10, 14, 6, 16, 26, 1, 31, 34, 39, 41, 2, 36, 37, 17, 49, 54, 4, 52, 22, 23, 47, 46, 5, 61, 45, 28, 55, 20, 62, 32, 53, 7, 56, 8, 19, 9, 48, 21, 29, 18, 11, 63, 64, 12, 50, 13, 30, 27, 42, 15, 59, 38, 60, 33, 24, 40, 44, 58, 35, 51, 25, 57, 43 ],
[ 4, 7, 15, 20, 21, 27, 31, 1, 12, 40, 24, 36, 2, 46, 22, 53, 28, 3, 18, 17, 58, 50, 37, 61, 5, 64, 54, 42, 6, 33, 29, 49, 10, 35, 19, 8, 48, 9, 16, 32, 52, 63, 11, 45, 34, 47, 30, 13, 26, 55, 14, 51, 44, 43, 62, 41, 39, 38, 23, 56, 59, 57, 25, 60 ]
],
[ PermutationGroup<64 |  
\[ 2, 9, 8, 19, 11, 1, 30, 34, 23, 13, 28, 44, 46, 18, 52, 25, 3, 56, 12, 31, 57, 4, 5, 60, 55, 29, 32, 6, 10, 37, 36, 7, 50, 38, 64, 48, 51, 16, 33, 62, 43, 22, 26, 21, 49, 59, 15, 58, 39, 14, 24, 35, 40, 20, 17, 45, 42, 61, 41, 27, 63, 47, 54, 53 ],
\[ 3, 10, 14, 6, 16, 26, 1, 31, 34, 39, 41, 2, 36, 37, 17, 49, 54, 4, 52, 22, 23, 47, 46, 5, 61, 45, 28, 55, 20, 62, 32, 53, 7, 56, 8, 19, 9, 48, 21, 29, 18, 11, 63, 64, 12, 50, 13, 30, 27, 42, 15, 59, 38, 60, 33, 24, 40, 44, 58, 35, 51, 25, 57, 43 ],
\[ 4, 7, 15, 20, 21, 27, 31, 1, 12, 40, 24, 36, 2, 46, 22, 53, 28, 3, 18, 17, 58, 50, 37, 61, 5, 64, 54, 42, 6, 33, 29, 49, 10, 35, 19, 8, 48, 9, 16, 32, 52, 63, 11, 45, 34, 47, 30, 13, 26, 55, 14, 51, 44, 43, 62, 41, 39, 38, 23, 56, 59, 57, 25, 60 ]:
 Order := 64 > |
[ 6, 1, 17, 22, 23, 28, 32, 3, 2, 29, 5, 19, 10, 50, 47, 38, 55, 14, 4, 54, 44, 42, 9, 51, 16, 43, 60, 11, 26, 7, 20, 27, 39, 8, 52, 31, 30, 34, 49, 53, 59, 57, 41, 12, 56, 13, 62, 36, 45, 33, 37, 15, 64, 63, 25, 18, 21, 48, 46, 24, 58, 40, 61, 35 ],
[ 3, 10, 14, 6, 16, 26, 1, 31, 34, 39, 41, 2, 36, 37, 17, 49, 54, 4, 52, 22, 23, 47, 46, 5, 61, 45, 28, 55, 20, 62, 32, 53, 7, 56, 8, 19, 9, 48, 21, 29, 18, 11, 63, 64, 12, 50, 13, 30, 27, 42, 15, 59, 38, 60, 33, 24, 40, 44, 58, 35, 51, 25, 57, 43 ],
[ 12, 37, 35, 36, 42, 7, 48, 9, 21, 47, 27, 58, 23, 41, 19, 62, 1, 34, 45, 8, 63, 18, 24, 54, 28, 40, 31, 4, 2, 14, 13, 33, 46, 53, 44, 38, 61, 5, 55, 30, 64, 20, 6, 39, 16, 52, 51, 59, 10, 3, 56, 60, 57, 29, 15, 26, 50, 25, 11, 49, 43, 22, 17, 32 ]
],
[ PermutationGroup<64 |  
\[ 2, 9, 8, 19, 11, 1, 30, 34, 23, 13, 28, 44, 46, 18, 52, 25, 3, 56, 12, 31, 57, 4, 5, 60, 55, 29, 32, 6, 10, 37, 36, 7, 50, 38, 64, 48, 51, 16, 33, 62, 43, 22, 26, 21, 49, 59, 15, 58, 39, 14, 24, 35, 40, 20, 17, 45, 42, 61, 41, 27, 63, 47, 54, 53 ],
\[ 3, 10, 14, 6, 16, 26, 1, 31, 34, 39, 41, 2, 36, 37, 17, 49, 54, 4, 52, 22, 23, 47, 46, 5, 61, 45, 28, 55, 20, 62, 32, 53, 7, 56, 8, 19, 9, 48, 21, 29, 18, 11, 63, 64, 12, 50, 13, 30, 27, 42, 15, 59, 38, 60, 33, 24, 40, 44, 58, 35, 51, 25, 57, 43 ],
\[ 4, 7, 15, 20, 21, 27, 31, 1, 12, 40, 24, 36, 2, 46, 22, 53, 28, 3, 18, 17, 58, 50, 37, 61, 5, 64, 54, 42, 6, 33, 29, 49, 10, 35, 19, 8, 48, 9, 16, 32, 52, 63, 11, 45, 34, 47, 30, 13, 26, 55, 14, 51, 44, 43, 62, 41, 39, 38, 23, 56, 59, 57, 25, 60 ]:
 Order := 64 > |
[ 35, 47, 41, 7, 62, 40, 12, 13, 53, 55, 64, 37, 38, 61, 1, 10, 29, 36, 60, 18, 24, 51, 52, 42, 43, 16, 4, 15, 8, 22, 33, 57, 48, 26, 9, 45, 21, 59, 63, 2, 34, 27, 17, 32, 58, 3, 23, 14, 31, 20, 19, 11, 5, 49, 46, 54, 30, 39, 25, 44, 56, 28, 50, 6 ],
[ 4, 7, 15, 20, 21, 27, 31, 1, 12, 40, 24, 36, 2, 46, 22, 53, 28, 3, 18, 17, 58, 50, 37, 61, 5, 64, 54, 42, 6, 33, 29, 49, 10, 35, 19, 8, 48, 9, 16, 32, 52, 63, 11, 45, 34, 47, 30, 13, 26, 55, 14, 51, 44, 43, 62, 41, 39, 38, 23, 56, 59, 57, 25, 60 ],
[ 3, 10, 14, 6, 16, 26, 1, 31, 34, 39, 41, 2, 36, 37, 17, 49, 54, 4, 52, 22, 23, 47, 46, 5, 61, 45, 28, 55, 20, 62, 32, 53, 7, 56, 8, 19, 9, 48, 21, 29, 18, 11, 63, 64, 12, 50, 13, 30, 27, 42, 15, 59, 38, 60, 33, 24, 40, 44, 58, 35, 51, 25, 57, 43 ]
],
[ PermutationGroup<64 |  
\[ 2, 9, 8, 19, 11, 1, 30, 34, 23, 13, 28, 44, 46, 18, 52, 25, 3, 56, 12, 31, 57, 4, 5, 60, 55, 29, 32, 6, 10, 37, 36, 7, 50, 38, 64, 48, 51, 16, 33, 62, 43, 22, 26, 21, 49, 59, 15, 58, 39, 14, 24, 35, 40, 20, 17, 45, 42, 61, 41, 27, 63, 47, 54, 53 ],
\[ 3, 10, 14, 6, 16, 26, 1, 31, 34, 39, 41, 2, 36, 37, 17, 49, 54, 4, 52, 22, 23, 47, 46, 5, 61, 45, 28, 55, 20, 62, 32, 53, 7, 56, 8, 19, 9, 48, 21, 29, 18, 11, 63, 64, 12, 50, 13, 30, 27, 42, 15, 59, 38, 60, 33, 24, 40, 44, 58, 35, 51, 25, 57, 43 ],
\[ 4, 7, 15, 20, 21, 27, 31, 1, 12, 40, 24, 36, 2, 46, 22, 53, 28, 3, 18, 17, 58, 50, 37, 61, 5, 64, 54, 42, 6, 33, 29, 49, 10, 35, 19, 8, 48, 9, 16, 32, 52, 63, 11, 45, 34, 47, 30, 13, 26, 55, 14, 51, 44, 43, 62, 41, 39, 38, 23, 56, 59, 57, 25, 60 ]:
 Order := 64 > |
[ 53, 52, 26, 37, 15, 47, 21, 59, 62, 3, 40, 24, 25, 54, 9, 46, 13, 58, 32, 45, 27, 60, 64, 4, 29, 55, 12, 35, 38, 19, 14, 22, 61, 10, 5, 39, 42, 43, 20, 23, 16, 7, 8, 30, 63, 34, 11, 56, 48, 36, 44, 6, 28, 33, 41, 31, 51, 50, 17, 57, 49, 1, 18, 2 ],
[ 4, 7, 15, 20, 21, 27, 31, 1, 12, 40, 24, 36, 2, 46, 22, 53, 28, 3, 18, 17, 58, 50, 37, 61, 5, 64, 54, 42, 6, 33, 29, 49, 10, 35, 19, 8, 48, 9, 16, 32, 52, 63, 11, 45, 34, 47, 30, 13, 26, 55, 14, 51, 44, 43, 62, 41, 39, 38, 23, 56, 59, 57, 25, 60 ],
[ 55, 26, 33, 11, 34, 41, 28, 54, 3, 45, 46, 6, 20, 7, 25, 56, 61, 42, 47, 57, 2, 40, 10, 9, 48, 18, 5, 16, 63, 53, 60, 35, 27, 14, 17, 22, 1, 31, 12, 43, 50, 23, 58, 52, 4, 39, 29, 32, 24, 21, 62, 13, 8, 51, 49, 37, 64, 19, 36, 15, 30, 38, 44, 59 ]
]
];

/*
Return for eval
*/

return s;
