s := SolvablePassportDBInitialize();

/*
Magma printing
*/

s`Filename := "64S35-4,4,4-g9.m";
s`GaloisOrbits := [ Strings() | "64S35-4,4,4-g9-path6.m", "64S35-4,4,4-g9-path2.m", "64S35-4,4,4-g9-path4.m", "64S35-4,4,4-g9-path3.m", "64S35-4,4,4-g9-path5.m", "64S35-4,4,4-g9-path1.m" ];
s`Name := "64S35-4,4,4-g9";
s`Passport := [ PowerSequence(PermutationGroup<64 |  
\[ 12, 38, 8, 58, 2, 5, 42, 28, 22, 14, 30, 9, 54, 4, 33, 20, 64, 15, 18, 41, 40, 1, 55, 21, 24, 45, 29, 53, 37, 36, 39, 11, 19, 23, 62, 32, 46, 6, 35, 25, 57, 63, 59, 7, 52, 27, 34, 43, 51, 48, 17, 56, 3, 60, 47, 26, 16, 10, 50, 61, 13, 31, 44, 49 ],
\[ 3, 10, 16, 22, 18, 27, 1, 34, 36, 20, 5, 40, 2, 48, 49, 7, 53, 45, 31, 13, 47, 60, 14, 6, 62, 4, 57, 38, 39, 35, 44, 17, 9, 30, 8, 41, 12, 63, 58, 52, 33, 50, 32, 55, 11, 23, 61, 46, 42, 15, 25, 37, 43, 51, 19, 28, 24, 64, 21, 26, 59, 54, 56, 29 ],
\[ 4, 11, 17, 23, 24, 28, 31, 1, 37, 39, 43, 7, 47, 2, 5, 27, 54, 55, 41, 3, 57, 33, 8, 51, 12, 63, 48, 35, 6, 45, 25, 9, 50, 21, 29, 34, 64, 13, 19, 59, 10, 16, 14, 38, 60, 52, 44, 42, 58, 61, 15, 18, 56, 20, 46, 40, 36, 26, 53, 62, 22, 30, 49, 32 ]:
 Order := 64 >) |
[ PermutationGroup<64 |  
\[ 12, 38, 8, 58, 2, 5, 42, 28, 22, 14, 30, 9, 54, 4, 33, 20, 64, 15, 18, 41, 40, 1, 55, 21, 24, 45, 29, 53, 37, 36, 39, 11, 19, 23, 62, 32, 46, 6, 35, 25, 57, 63, 59, 7, 52, 27, 34, 43, 51, 48, 17, 56, 3, 60, 47, 26, 16, 10, 50, 61, 13, 31, 44, 49 ],
\[ 3, 10, 16, 22, 18, 27, 1, 34, 36, 20, 5, 40, 2, 48, 49, 7, 53, 45, 31, 13, 47, 60, 14, 6, 62, 4, 57, 38, 39, 35, 44, 17, 9, 30, 8, 41, 12, 63, 58, 52, 33, 50, 32, 55, 11, 23, 61, 46, 42, 15, 25, 37, 43, 51, 19, 28, 24, 64, 21, 26, 59, 54, 56, 29 ],
\[ 4, 11, 17, 23, 24, 28, 31, 1, 37, 39, 43, 7, 47, 2, 5, 27, 54, 55, 41, 3, 57, 33, 8, 51, 12, 63, 48, 35, 6, 45, 25, 9, 50, 21, 29, 34, 64, 13, 19, 59, 10, 16, 14, 38, 60, 52, 44, 42, 58, 61, 15, 18, 56, 20, 46, 40, 36, 26, 53, 62, 22, 30, 49, 32 ]:
 Order := 64 > |
[ 3, 10, 16, 22, 18, 27, 1, 34, 36, 20, 5, 40, 2, 48, 49, 7, 53, 45, 31, 13, 47, 60, 14, 6, 62, 4, 57, 38, 39, 35, 44, 17, 9, 30, 8, 41, 12, 63, 58, 52, 33, 50, 32, 55, 11, 23, 61, 46, 42, 15, 25, 37, 43, 51, 19, 28, 24, 64, 21, 26, 59, 54, 56, 29 ],
[ 12, 38, 8, 58, 2, 5, 42, 28, 22, 14, 30, 9, 54, 4, 33, 20, 64, 15, 18, 41, 40, 1, 55, 21, 24, 45, 29, 53, 37, 36, 39, 11, 19, 23, 62, 32, 46, 6, 35, 25, 57, 63, 59, 7, 52, 27, 34, 43, 51, 48, 17, 56, 3, 60, 47, 26, 16, 10, 50, 61, 13, 31, 44, 49 ],
[ 44, 61, 22, 56, 32, 25, 57, 39, 15, 5, 26, 29, 16, 34, 59, 53, 36, 6, 23, 58, 43, 14, 37, 41, 49, 54, 38, 52, 17, 47, 33, 48, 20, 3, 11, 12, 45, 8, 27, 1, 30, 64, 28, 62, 19, 50, 24, 10, 18, 7, 13, 21, 51, 35, 63, 42, 46, 31, 60, 9, 55, 40, 2, 4 ]
],
[ PermutationGroup<64 |  
\[ 12, 38, 8, 58, 2, 5, 42, 28, 22, 14, 30, 9, 54, 4, 33, 20, 64, 15, 18, 41, 40, 1, 55, 21, 24, 45, 29, 53, 37, 36, 39, 11, 19, 23, 62, 32, 46, 6, 35, 25, 57, 63, 59, 7, 52, 27, 34, 43, 51, 48, 17, 56, 3, 60, 47, 26, 16, 10, 50, 61, 13, 31, 44, 49 ],
\[ 3, 10, 16, 22, 18, 27, 1, 34, 36, 20, 5, 40, 2, 48, 49, 7, 53, 45, 31, 13, 47, 60, 14, 6, 62, 4, 57, 38, 39, 35, 44, 17, 9, 30, 8, 41, 12, 63, 58, 52, 33, 50, 32, 55, 11, 23, 61, 46, 42, 15, 25, 37, 43, 51, 19, 28, 24, 64, 21, 26, 59, 54, 56, 29 ],
\[ 4, 11, 17, 23, 24, 28, 31, 1, 37, 39, 43, 7, 47, 2, 5, 27, 54, 55, 41, 3, 57, 33, 8, 51, 12, 63, 48, 35, 6, 45, 25, 9, 50, 21, 29, 34, 64, 13, 19, 59, 10, 16, 14, 38, 60, 52, 44, 42, 58, 61, 15, 18, 56, 20, 46, 40, 36, 26, 53, 62, 22, 30, 49, 32 ]:
 Order := 64 > |
[ 12, 38, 8, 58, 2, 5, 42, 28, 22, 14, 30, 9, 54, 4, 33, 20, 64, 15, 18, 41, 40, 1, 55, 21, 24, 45, 29, 53, 37, 36, 39, 11, 19, 23, 62, 32, 46, 6, 35, 25, 57, 63, 59, 7, 52, 27, 34, 43, 51, 48, 17, 56, 3, 60, 47, 26, 16, 10, 50, 61, 13, 31, 44, 49 ],
[ 3, 10, 16, 22, 18, 27, 1, 34, 36, 20, 5, 40, 2, 48, 49, 7, 53, 45, 31, 13, 47, 60, 14, 6, 62, 4, 57, 38, 39, 35, 44, 17, 9, 30, 8, 41, 12, 63, 58, 52, 33, 50, 32, 55, 11, 23, 61, 46, 42, 15, 25, 37, 43, 51, 19, 28, 24, 64, 21, 26, 59, 54, 56, 29 ],
[ 4, 11, 17, 23, 24, 28, 31, 1, 37, 39, 43, 7, 47, 2, 5, 27, 54, 55, 41, 3, 57, 33, 8, 51, 12, 63, 48, 35, 6, 45, 25, 9, 50, 21, 29, 34, 64, 13, 19, 59, 10, 16, 14, 38, 60, 52, 44, 42, 58, 61, 15, 18, 56, 20, 46, 40, 36, 26, 53, 62, 22, 30, 49, 32 ]
],
[ PermutationGroup<64 |  
\[ 12, 38, 8, 58, 2, 5, 42, 28, 22, 14, 30, 9, 54, 4, 33, 20, 64, 15, 18, 41, 40, 1, 55, 21, 24, 45, 29, 53, 37, 36, 39, 11, 19, 23, 62, 32, 46, 6, 35, 25, 57, 63, 59, 7, 52, 27, 34, 43, 51, 48, 17, 56, 3, 60, 47, 26, 16, 10, 50, 61, 13, 31, 44, 49 ],
\[ 3, 10, 16, 22, 18, 27, 1, 34, 36, 20, 5, 40, 2, 48, 49, 7, 53, 45, 31, 13, 47, 60, 14, 6, 62, 4, 57, 38, 39, 35, 44, 17, 9, 30, 8, 41, 12, 63, 58, 52, 33, 50, 32, 55, 11, 23, 61, 46, 42, 15, 25, 37, 43, 51, 19, 28, 24, 64, 21, 26, 59, 54, 56, 29 ],
\[ 4, 11, 17, 23, 24, 28, 31, 1, 37, 39, 43, 7, 47, 2, 5, 27, 54, 55, 41, 3, 57, 33, 8, 51, 12, 63, 48, 35, 6, 45, 25, 9, 50, 21, 29, 34, 64, 13, 19, 59, 10, 16, 14, 38, 60, 52, 44, 42, 58, 61, 15, 18, 56, 20, 46, 40, 36, 26, 53, 62, 22, 30, 49, 32 ]:
 Order := 64 > |
[ 12, 38, 8, 58, 2, 5, 42, 28, 22, 14, 30, 9, 54, 4, 33, 20, 64, 15, 18, 41, 40, 1, 55, 21, 24, 45, 29, 53, 37, 36, 39, 11, 19, 23, 62, 32, 46, 6, 35, 25, 57, 63, 59, 7, 52, 27, 34, 43, 51, 48, 17, 56, 3, 60, 47, 26, 16, 10, 50, 61, 13, 31, 44, 49 ],
[ 42, 54, 12, 45, 30, 21, 20, 62, 19, 38, 52, 46, 41, 55, 48, 8, 11, 2, 47, 14, 50, 58, 27, 16, 17, 61, 5, 26, 49, 23, 18, 59, 57, 28, 36, 22, 56, 53, 37, 9, 32, 51, 3, 39, 15, 43, 40, 4, 33, 63, 60, 25, 64, 31, 7, 44, 29, 35, 13, 1, 34, 24, 6, 10 ],
[ 36, 27, 38, 20, 63, 10, 56, 43, 3, 22, 41, 60, 26, 64, 31, 33, 42, 9, 49, 24, 62, 40, 61, 52, 47, 37, 12, 16, 23, 17, 8, 35, 45, 19, 44, 5, 57, 18, 54, 6, 7, 55, 15, 50, 28, 39, 14, 21, 53, 32, 29, 4, 34, 59, 30, 11, 13, 48, 46, 2, 51, 58, 1, 25 ]
],
[ PermutationGroup<64 |  
\[ 12, 38, 8, 58, 2, 5, 42, 28, 22, 14, 30, 9, 54, 4, 33, 20, 64, 15, 18, 41, 40, 1, 55, 21, 24, 45, 29, 53, 37, 36, 39, 11, 19, 23, 62, 32, 46, 6, 35, 25, 57, 63, 59, 7, 52, 27, 34, 43, 51, 48, 17, 56, 3, 60, 47, 26, 16, 10, 50, 61, 13, 31, 44, 49 ],
\[ 3, 10, 16, 22, 18, 27, 1, 34, 36, 20, 5, 40, 2, 48, 49, 7, 53, 45, 31, 13, 47, 60, 14, 6, 62, 4, 57, 38, 39, 35, 44, 17, 9, 30, 8, 41, 12, 63, 58, 52, 33, 50, 32, 55, 11, 23, 61, 46, 42, 15, 25, 37, 43, 51, 19, 28, 24, 64, 21, 26, 59, 54, 56, 29 ],
\[ 4, 11, 17, 23, 24, 28, 31, 1, 37, 39, 43, 7, 47, 2, 5, 27, 54, 55, 41, 3, 57, 33, 8, 51, 12, 63, 48, 35, 6, 45, 25, 9, 50, 21, 29, 34, 64, 13, 19, 59, 10, 16, 14, 38, 60, 52, 44, 42, 58, 61, 15, 18, 56, 20, 46, 40, 36, 26, 53, 62, 22, 30, 49, 32 ]:
 Order := 64 > |
[ 12, 38, 8, 58, 2, 5, 42, 28, 22, 14, 30, 9, 54, 4, 33, 20, 64, 15, 18, 41, 40, 1, 55, 21, 24, 45, 29, 53, 37, 36, 39, 11, 19, 23, 62, 32, 46, 6, 35, 25, 57, 63, 59, 7, 52, 27, 34, 43, 51, 48, 17, 56, 3, 60, 47, 26, 16, 10, 50, 61, 13, 31, 44, 49 ],
[ 44, 61, 22, 56, 32, 25, 57, 39, 15, 5, 26, 29, 16, 34, 59, 53, 36, 6, 23, 58, 43, 14, 37, 41, 49, 54, 38, 52, 17, 47, 33, 48, 20, 3, 11, 12, 45, 8, 27, 1, 30, 64, 28, 62, 19, 50, 24, 10, 18, 7, 13, 21, 51, 35, 63, 42, 46, 31, 60, 9, 55, 40, 2, 4 ],
[ 3, 10, 16, 22, 18, 27, 1, 34, 36, 20, 5, 40, 2, 48, 49, 7, 53, 45, 31, 13, 47, 60, 14, 6, 62, 4, 57, 38, 39, 35, 44, 17, 9, 30, 8, 41, 12, 63, 58, 52, 33, 50, 32, 55, 11, 23, 61, 46, 42, 15, 25, 37, 43, 51, 19, 28, 24, 64, 21, 26, 59, 54, 56, 29 ]
],
[ PermutationGroup<64 |  
\[ 12, 38, 8, 58, 2, 5, 42, 28, 22, 14, 30, 9, 54, 4, 33, 20, 64, 15, 18, 41, 40, 1, 55, 21, 24, 45, 29, 53, 37, 36, 39, 11, 19, 23, 62, 32, 46, 6, 35, 25, 57, 63, 59, 7, 52, 27, 34, 43, 51, 48, 17, 56, 3, 60, 47, 26, 16, 10, 50, 61, 13, 31, 44, 49 ],
\[ 3, 10, 16, 22, 18, 27, 1, 34, 36, 20, 5, 40, 2, 48, 49, 7, 53, 45, 31, 13, 47, 60, 14, 6, 62, 4, 57, 38, 39, 35, 44, 17, 9, 30, 8, 41, 12, 63, 58, 52, 33, 50, 32, 55, 11, 23, 61, 46, 42, 15, 25, 37, 43, 51, 19, 28, 24, 64, 21, 26, 59, 54, 56, 29 ],
\[ 4, 11, 17, 23, 24, 28, 31, 1, 37, 39, 43, 7, 47, 2, 5, 27, 54, 55, 41, 3, 57, 33, 8, 51, 12, 63, 48, 35, 6, 45, 25, 9, 50, 21, 29, 34, 64, 13, 19, 59, 10, 16, 14, 38, 60, 52, 44, 42, 58, 61, 15, 18, 56, 20, 46, 40, 36, 26, 53, 62, 22, 30, 49, 32 ]:
 Order := 64 > |
[ 12, 38, 8, 58, 2, 5, 42, 28, 22, 14, 30, 9, 54, 4, 33, 20, 64, 15, 18, 41, 40, 1, 55, 21, 24, 45, 29, 53, 37, 36, 39, 11, 19, 23, 62, 32, 46, 6, 35, 25, 57, 63, 59, 7, 52, 27, 34, 43, 51, 48, 17, 56, 3, 60, 47, 26, 16, 10, 50, 61, 13, 31, 44, 49 ],
[ 25, 44, 23, 49, 14, 15, 48, 6, 61, 43, 62, 32, 17, 1, 22, 54, 37, 51, 52, 19, 56, 8, 18, 34, 5, 30, 35, 59, 9, 57, 10, 2, 39, 4, 60, 64, 55, 29, 28, 31, 21, 26, 40, 12, 46, 16, 36, 11, 24, 27, 3, 53, 20, 45, 13, 58, 42, 41, 33, 50, 38, 7, 47, 63 ],
[ 15, 25, 52, 5, 8, 61, 2, 51, 44, 56, 12, 14, 9, 31, 23, 30, 18, 20, 59, 46, 49, 29, 24, 1, 43, 21, 45, 22, 50, 48, 11, 47, 6, 63, 33, 26, 38, 32, 40, 41, 53, 62, 7, 64, 42, 17, 37, 60, 36, 28, 4, 54, 39, 55, 3, 19, 58, 34, 10, 16, 35, 27, 57, 13 ]
],
[ PermutationGroup<64 |  
\[ 12, 38, 8, 58, 2, 5, 42, 28, 22, 14, 30, 9, 54, 4, 33, 20, 64, 15, 18, 41, 40, 1, 55, 21, 24, 45, 29, 53, 37, 36, 39, 11, 19, 23, 62, 32, 46, 6, 35, 25, 57, 63, 59, 7, 52, 27, 34, 43, 51, 48, 17, 56, 3, 60, 47, 26, 16, 10, 50, 61, 13, 31, 44, 49 ],
\[ 3, 10, 16, 22, 18, 27, 1, 34, 36, 20, 5, 40, 2, 48, 49, 7, 53, 45, 31, 13, 47, 60, 14, 6, 62, 4, 57, 38, 39, 35, 44, 17, 9, 30, 8, 41, 12, 63, 58, 52, 33, 50, 32, 55, 11, 23, 61, 46, 42, 15, 25, 37, 43, 51, 19, 28, 24, 64, 21, 26, 59, 54, 56, 29 ],
\[ 4, 11, 17, 23, 24, 28, 31, 1, 37, 39, 43, 7, 47, 2, 5, 27, 54, 55, 41, 3, 57, 33, 8, 51, 12, 63, 48, 35, 6, 45, 25, 9, 50, 21, 29, 34, 64, 13, 19, 59, 10, 16, 14, 38, 60, 52, 44, 42, 58, 61, 15, 18, 56, 20, 46, 40, 36, 26, 53, 62, 22, 30, 49, 32 ]:
 Order := 64 > |
[ 25, 44, 23, 49, 14, 15, 48, 6, 61, 43, 62, 32, 17, 1, 22, 54, 37, 51, 52, 19, 56, 8, 18, 34, 5, 30, 35, 59, 9, 57, 10, 2, 39, 4, 60, 64, 55, 29, 28, 31, 21, 26, 40, 12, 46, 16, 36, 11, 24, 27, 3, 53, 20, 45, 13, 58, 42, 41, 33, 50, 38, 7, 47, 63 ],
[ 12, 38, 8, 58, 2, 5, 42, 28, 22, 14, 30, 9, 54, 4, 33, 20, 64, 15, 18, 41, 40, 1, 55, 21, 24, 45, 29, 53, 37, 36, 39, 11, 19, 23, 62, 32, 46, 6, 35, 25, 57, 63, 59, 7, 52, 27, 34, 43, 51, 48, 17, 56, 3, 60, 47, 26, 16, 10, 50, 61, 13, 31, 44, 49 ],
[ 10, 36, 49, 47, 40, 3, 35, 9, 27, 62, 50, 63, 23, 6, 38, 37, 61, 34, 16, 28, 20, 18, 53, 64, 22, 7, 59, 31, 2, 56, 21, 1, 43, 25, 46, 55, 51, 60, 15, 48, 4, 41, 58, 5, 13, 26, 42, 44, 14, 54, 19, 33, 45, 57, 29, 24, 11, 52, 8, 39, 12, 32, 17, 30 ]
]
];

/*
Return for eval
*/

return s;
