s := SolvablePassportDBInitialize();

/*
Magma printing
*/

s`Filename := "64S39-4,4,16-g15.m";
s`GaloisOrbits := [ Strings() | "64S39-4,4,16-g15-path10-notcomputed.m", "64S39-4,4,16-g15-path2-notcomputed.m", "64S39-4,4,16-g15-path1-notcomputed.m", "64S39-4,4,16-g15-path7-notcomputed.m", "64S39-4,4,16-g15-path4-notcomputed.m" ];
s`Name := "64S39-4,4,16-g15";
s`Passport := [ PowerSequence(PermutationGroup<64 |  
\[ 11, 30, 8, 23, 2, 5, 14, 22, 18, 13, 9, 21, 4, 26, 38, 7, 12, 1, 42, 17, 20, 25, 10, 36, 3, 16, 29, 35, 24, 6, 39, 41, 34, 32, 15, 27, 46, 28, 19, 58, 33, 31, 51, 54, 52, 45, 50, 57, 55, 40, 44, 37, 63, 43, 48, 53, 49, 47, 64, 62, 56, 59, 61, 60 ],
\[ 3, 10, 5, 18, 7, 4, 1, 27, 22, 11, 12, 2, 33, 28, 25, 15, 31, 20, 13, 6, 19, 30, 32, 16, 24, 9, 14, 8, 37, 26, 23, 17, 21, 47, 43, 45, 35, 44, 49, 39, 40, 48, 29, 36, 38, 60, 42, 34, 41, 62, 61, 59, 52, 53, 63, 50, 56, 64, 54, 51, 46, 57, 58, 55 ],
\[ 4, 3, 15, 19, 20, 22, 24, 1, 10, 31, 7, 32, 2, 5, 37, 30, 18, 26, 40, 33, 11, 28, 6, 43, 9, 27, 44, 45, 8, 12, 47, 48, 49, 13, 14, 25, 53, 16, 17, 56, 23, 21, 59, 60, 61, 29, 63, 64, 62, 34, 35, 36, 57, 38, 39, 51, 42, 41, 50, 58, 55, 46, 54, 52 ]:
 Order := 64 >) |
[ PermutationGroup<64 |  
\[ 11, 30, 8, 23, 2, 5, 14, 22, 18, 13, 9, 21, 4, 26, 38, 7, 12, 1, 42, 17, 20, 25, 10, 36, 3, 16, 29, 35, 24, 6, 39, 41, 34, 32, 15, 27, 46, 28, 19, 58, 33, 31, 51, 54, 52, 45, 50, 57, 55, 40, 44, 37, 63, 43, 48, 53, 49, 47, 64, 62, 56, 59, 61, 60 ],
\[ 3, 10, 5, 18, 7, 4, 1, 27, 22, 11, 12, 2, 33, 28, 25, 15, 31, 20, 13, 6, 19, 30, 32, 16, 24, 9, 14, 8, 37, 26, 23, 17, 21, 47, 43, 45, 35, 44, 49, 39, 40, 48, 29, 36, 38, 60, 42, 34, 41, 62, 61, 59, 52, 53, 63, 50, 56, 64, 54, 51, 46, 57, 58, 55 ],
\[ 4, 3, 15, 19, 20, 22, 24, 1, 10, 31, 7, 32, 2, 5, 37, 30, 18, 26, 40, 33, 11, 28, 6, 43, 9, 27, 44, 45, 8, 12, 47, 48, 49, 13, 14, 25, 53, 16, 17, 56, 23, 21, 59, 60, 61, 29, 63, 64, 62, 34, 35, 36, 57, 38, 39, 51, 42, 41, 50, 58, 55, 46, 54, 52 ]:
 Order := 64 > |
[ 11, 30, 8, 23, 2, 5, 14, 22, 18, 13, 9, 21, 4, 26, 38, 7, 12, 1, 42, 17, 20, 25, 10, 36, 3, 16, 29, 35, 24, 6, 39, 41, 34, 32, 15, 27, 46, 28, 19, 58, 33, 31, 51, 54, 52, 45, 50, 57, 55, 40, 44, 37, 63, 43, 48, 53, 49, 47, 64, 62, 56, 59, 61, 60 ],
[ 3, 10, 5, 18, 7, 4, 1, 27, 22, 11, 12, 2, 33, 28, 25, 15, 31, 20, 13, 6, 19, 30, 32, 16, 24, 9, 14, 8, 37, 26, 23, 17, 21, 47, 43, 45, 35, 44, 49, 39, 40, 48, 29, 36, 38, 60, 42, 34, 41, 62, 61, 59, 52, 53, 63, 50, 56, 64, 54, 51, 46, 57, 58, 55 ],
[ 4, 3, 15, 19, 20, 22, 24, 1, 10, 31, 7, 32, 2, 5, 37, 30, 18, 26, 40, 33, 11, 28, 6, 43, 9, 27, 44, 45, 8, 12, 47, 48, 49, 13, 14, 25, 53, 16, 17, 56, 23, 21, 59, 60, 61, 29, 63, 64, 62, 34, 35, 36, 57, 38, 39, 51, 42, 41, 50, 58, 55, 46, 54, 52 ]
],
[ PermutationGroup<64 |  
\[ 11, 30, 8, 23, 2, 5, 14, 22, 18, 13, 9, 21, 4, 26, 38, 7, 12, 1, 42, 17, 20, 25, 10, 36, 3, 16, 29, 35, 24, 6, 39, 41, 34, 32, 15, 27, 46, 28, 19, 58, 33, 31, 51, 54, 52, 45, 50, 57, 55, 40, 44, 37, 63, 43, 48, 53, 49, 47, 64, 62, 56, 59, 61, 60 ],
\[ 3, 10, 5, 18, 7, 4, 1, 27, 22, 11, 12, 2, 33, 28, 25, 15, 31, 20, 13, 6, 19, 30, 32, 16, 24, 9, 14, 8, 37, 26, 23, 17, 21, 47, 43, 45, 35, 44, 49, 39, 40, 48, 29, 36, 38, 60, 42, 34, 41, 62, 61, 59, 52, 53, 63, 50, 56, 64, 54, 51, 46, 57, 58, 55 ],
\[ 4, 3, 15, 19, 20, 22, 24, 1, 10, 31, 7, 32, 2, 5, 37, 30, 18, 26, 40, 33, 11, 28, 6, 43, 9, 27, 44, 45, 8, 12, 47, 48, 49, 13, 14, 25, 53, 16, 17, 56, 23, 21, 59, 60, 61, 29, 63, 64, 62, 34, 35, 36, 57, 38, 39, 51, 42, 41, 50, 58, 55, 46, 54, 52 ]:
 Order := 64 > |
[ 3, 10, 5, 18, 7, 4, 1, 27, 22, 11, 12, 2, 33, 28, 25, 15, 31, 20, 13, 6, 19, 30, 32, 16, 24, 9, 14, 8, 37, 26, 23, 17, 21, 47, 43, 45, 35, 44, 49, 39, 40, 48, 29, 36, 38, 60, 42, 34, 41, 62, 61, 59, 52, 53, 63, 50, 56, 64, 54, 51, 46, 57, 58, 55 ],
[ 28, 19, 12, 7, 27, 31, 10, 43, 15, 26, 33, 22, 48, 37, 1, 45, 40, 32, 6, 3, 47, 20, 49, 5, 44, 4, 30, 9, 61, 24, 2, 11, 18, 56, 60, 53, 16, 59, 64, 21, 63, 62, 25, 8, 14, 50, 17, 23, 13, 52, 57, 58, 29, 55, 51, 41, 54, 46, 35, 38, 36, 39, 34, 42 ],
[ 4, 3, 15, 19, 20, 22, 24, 1, 10, 31, 7, 32, 2, 5, 37, 30, 18, 26, 40, 33, 11, 28, 6, 43, 9, 27, 44, 45, 8, 12, 47, 48, 49, 13, 14, 25, 53, 16, 17, 56, 23, 21, 59, 60, 61, 29, 63, 64, 62, 34, 35, 36, 57, 38, 39, 51, 42, 41, 50, 58, 55, 46, 54, 52 ]
]
];

/*
Return for eval
*/

return s;
