s := SolvablePassportDBInitialize();

/*
Magma printing
*/

s`Filename := "64S36-8,4,8-g17.m";
s`GaloisOrbits := [ Strings() | "64S36-8,4,8-g17-path1-notcomputed.m" ];
s`Name := "64S36-8,4,8-g17";
s`Passport := [ PowerSequence(PermutationGroup<64 |  
\[ 12, 28, 8, 58, 2, 5, 43, 49, 6, 14, 30, 9, 56, 24, 27, 20, 64, 15, 18, 42, 41, 1, 54, 21, 45, 29, 53, 22, 37, 36, 40, 11, 35, 62, 17, 38, 46, 7, 4, 34, 39, 25, 63, 59, 52, 60, 33, 31, 19, 23, 48, 55, 3, 47, 57, 26, 16, 10, 51, 61, 13, 44, 32, 50 ],
\[ 3, 10, 16, 22, 18, 26, 1, 33, 36, 20, 5, 41, 2, 48, 50, 7, 53, 45, 31, 13, 47, 60, 39, 6, 4, 57, 9, 63, 40, 34, 38, 17, 30, 8, 14, 42, 12, 54, 62, 58, 52, 27, 51, 32, 11, 35, 61, 46, 28, 43, 15, 37, 44, 19, 49, 23, 24, 64, 21, 25, 59, 56, 55, 29 ],
\[ 4, 11, 17, 23, 24, 27, 31, 1, 37, 40, 44, 7, 47, 2, 5, 26, 46, 54, 55, 3, 57, 49, 15, 35, 36, 62, 51, 13, 6, 45, 14, 28, 21, 29, 8, 33, 64, 9, 12, 19, 59, 10, 16, 39, 60, 52, 38, 43, 34, 58, 61, 18, 42, 56, 41, 20, 63, 25, 53, 48, 22, 30, 50, 32 ]:
 Order := 64 >) |
[ PermutationGroup<64 |  
\[ 12, 28, 8, 58, 2, 5, 43, 49, 6, 14, 30, 9, 56, 24, 27, 20, 64, 15, 18, 42, 41, 1, 54, 21, 45, 29, 53, 22, 37, 36, 40, 11, 35, 62, 17, 38, 46, 7, 4, 34, 39, 25, 63, 59, 52, 60, 33, 31, 19, 23, 48, 55, 3, 47, 57, 26, 16, 10, 51, 61, 13, 44, 32, 50 ],
\[ 3, 10, 16, 22, 18, 26, 1, 33, 36, 20, 5, 41, 2, 48, 50, 7, 53, 45, 31, 13, 47, 60, 39, 6, 4, 57, 9, 63, 40, 34, 38, 17, 30, 8, 14, 42, 12, 54, 62, 58, 52, 27, 51, 32, 11, 35, 61, 46, 28, 43, 15, 37, 44, 19, 49, 23, 24, 64, 21, 25, 59, 56, 55, 29 ],
\[ 4, 11, 17, 23, 24, 27, 31, 1, 37, 40, 44, 7, 47, 2, 5, 26, 46, 54, 55, 3, 57, 49, 15, 35, 36, 62, 51, 13, 6, 45, 14, 28, 21, 29, 8, 33, 64, 9, 12, 19, 59, 10, 16, 39, 60, 52, 38, 43, 34, 58, 61, 18, 42, 56, 41, 20, 63, 25, 53, 48, 22, 30, 50, 32 ]:
 Order := 64 > |
[ 22, 5, 53, 39, 6, 9, 38, 3, 12, 58, 32, 1, 61, 10, 18, 57, 35, 19, 49, 16, 24, 28, 50, 14, 42, 56, 15, 2, 26, 11, 48, 63, 47, 40, 33, 30, 29, 36, 41, 31, 21, 20, 7, 62, 25, 37, 54, 51, 8, 64, 59, 45, 27, 23, 52, 13, 55, 4, 44, 46, 60, 34, 43, 17 ],
[ 7, 13, 1, 25, 11, 24, 16, 34, 27, 2, 45, 37, 20, 35, 51, 3, 32, 5, 54, 10, 59, 4, 56, 57, 60, 6, 42, 49, 64, 33, 19, 44, 8, 30, 46, 9, 52, 31, 23, 29, 12, 36, 50, 53, 18, 48, 21, 14, 55, 15, 43, 41, 17, 38, 63, 62, 26, 40, 61, 22, 47, 39, 28, 58 ],
[ 41, 63, 33, 64, 10, 18, 51, 28, 26, 48, 34, 36, 23, 6, 9, 13, 29, 50, 45, 27, 52, 3, 19, 47, 11, 40, 44, 60, 12, 42, 58, 5, 14, 56, 53, 54, 35, 1, 22, 8, 62, 4, 55, 21, 37, 25, 30, 38, 31, 39, 46, 49, 16, 61, 24, 57, 7, 20, 15, 59, 2, 32, 17, 43 ]
]
];

/*
Return for eval
*/

return s;
