s := SolvablePassportDBInitialize();

/*
Magma printing
*/

s`Filename := "64S32-2,4,8-g5.m";
s`GaloisOrbits := [ Strings() | "64S32-2,4,8-g5-path7.m", "64S32-2,4,8-g5-path1.m", "64S32-2,4,8-g5-path3.m", "64S32-2,4,8-g5-path2.m", "64S32-2,4,8-g5-path5.m", "64S32-2,4,8-g5-path11.m", "64S32-2,4,8-g5-path8.m", "64S32-2,4,8-g5-path10.m", "64S32-2,4,8-g5-path4.m", "64S32-2,4,8-g5-path9.m", "64S32-2,4,8-g5-path6.m" ];
s`Name := "64S32-2,4,8-g5";
s`Passport := [ PowerSequence(PermutationGroup<64 |  
\[ 10, 5, 7, 33, 2, 30, 3, 12, 21, 1, 18, 8, 16, 17, 51, 13, 14, 11, 35, 52, 9, 34, 24, 23, 28, 29, 36, 25, 26, 6, 47, 37, 4, 22, 19, 27, 32, 49, 60, 50, 42, 41, 44, 43, 58, 57, 31, 53, 38, 40, 15, 20, 48, 59, 56, 55, 46, 45, 54, 39, 62, 61, 64, 63 ],
\[ 3, 8, 14, 10, 16, 1, 23, 26, 5, 28, 2, 34, 35, 6, 7, 32, 41, 43, 33, 4, 44, 30, 40, 18, 47, 11, 12, 20, 50, 55, 21, 9, 56, 42, 54, 13, 60, 17, 51, 15, 61, 27, 49, 57, 19, 52, 39, 22, 24, 64, 25, 59, 29, 36, 48, 45, 31, 37, 62, 63, 38, 46, 58, 53 ],
\[ 4, 9, 15, 19, 11, 22, 1, 27, 31, 6, 24, 2, 5, 38, 39, 36, 3, 26, 13, 46, 32, 12, 49, 7, 10, 53, 54, 51, 8, 14, 25, 58, 20, 48, 45, 42, 16, 43, 37, 29, 34, 17, 21, 18, 63, 44, 57, 64, 61, 23, 40, 28, 55, 52, 33, 30, 62, 56, 35, 47, 59, 41, 50, 60 ]:
 Order := 64 >) |
[ PermutationGroup<64 |  
\[ 10, 5, 7, 33, 2, 30, 3, 12, 21, 1, 18, 8, 16, 17, 51, 13, 14, 11, 35, 52, 9, 34, 24, 23, 28, 29, 36, 25, 26, 6, 47, 37, 4, 22, 19, 27, 32, 49, 60, 50, 42, 41, 44, 43, 58, 57, 31, 53, 38, 40, 15, 20, 48, 59, 56, 55, 46, 45, 54, 39, 62, 61, 64, 63 ],
\[ 3, 8, 14, 10, 16, 1, 23, 26, 5, 28, 2, 34, 35, 6, 7, 32, 41, 43, 33, 4, 44, 30, 40, 18, 47, 11, 12, 20, 50, 55, 21, 9, 56, 42, 54, 13, 60, 17, 51, 15, 61, 27, 49, 57, 19, 52, 39, 22, 24, 64, 25, 59, 29, 36, 48, 45, 31, 37, 62, 63, 38, 46, 58, 53 ],
\[ 4, 9, 15, 19, 11, 22, 1, 27, 31, 6, 24, 2, 5, 38, 39, 36, 3, 26, 13, 46, 32, 12, 49, 7, 10, 53, 54, 51, 8, 14, 25, 58, 20, 48, 45, 42, 16, 43, 37, 29, 34, 17, 21, 18, 63, 44, 57, 64, 61, 23, 40, 28, 55, 52, 33, 30, 62, 56, 35, 47, 59, 41, 50, 60 ]:
 Order := 64 > |
[ 15, 27, 38, 6, 36, 4, 49, 53, 11, 51, 9, 48, 45, 22, 1, 58, 34, 21, 20, 19, 18, 14, 29, 26, 57, 24, 2, 46, 23, 33, 32, 31, 30, 17, 52, 5, 47, 3, 40, 39, 59, 54, 61, 62, 13, 28, 37, 12, 7, 60, 10, 35, 8, 42, 64, 63, 25, 16, 41, 50, 43, 44, 56, 55 ],
[ 6, 11, 1, 20, 9, 14, 15, 2, 32, 4, 26, 27, 36, 3, 40, 5, 38, 24, 45, 28, 31, 48, 7, 49, 51, 8, 42, 10, 53, 22, 57, 16, 19, 12, 13, 54, 58, 61, 47, 23, 17, 34, 18, 21, 56, 62, 25, 55, 43, 29, 39, 46, 64, 35, 30, 33, 44, 63, 52, 37, 41, 59, 60, 50 ],
[ 7, 12, 17, 1, 13, 10, 24, 29, 2, 25, 5, 22, 19, 30, 3, 37, 42, 44, 4, 33, 43, 6, 50, 11, 31, 18, 8, 52, 40, 56, 9, 21, 55, 41, 59, 16, 39, 14, 15, 51, 62, 36, 38, 46, 35, 20, 60, 34, 23, 63, 28, 54, 26, 27, 53, 58, 47, 32, 61, 64, 49, 57, 45, 48 ]
]
];

/*
Return for eval
*/

return s;
