s := SolvablePassportDBInitialize();

/*
Magma printing
*/

s`Filename := "64S37-8,4,8-g17.m";
s`GaloisOrbits := [ Strings() | "64S37-8,4,8-g17-path1-notcomputed.m", "64S37-8,4,8-g17-path2-notcomputed.m" ];
s`Name := "64S37-8,4,8-g17";
s`Passport := [ PowerSequence(PermutationGroup<64 |  
\[ 11, 23, 8, 24, 2, 5, 14, 41, 6, 13, 9, 33, 59, 27, 44, 7, 50, 1, 51, 17, 20, 53, 18, 45, 42, 3, 26, 30, 19, 47, 32, 63, 38, 29, 12, 28, 10, 37, 25, 15, 16, 54, 56, 46, 21, 39, 34, 4, 43, 48, 36, 31, 58, 40, 60, 61, 22, 52, 35, 64, 62, 55, 57, 49 ],
\[ 3, 10, 5, 18, 7, 4, 1, 28, 31, 11, 12, 2, 39, 29, 26, 15, 44, 20, 48, 6, 19, 9, 22, 42, 16, 25, 43, 14, 8, 21, 23, 51, 40, 37, 34, 35, 36, 56, 33, 13, 55, 17, 41, 24, 62, 57, 32, 30, 45, 49, 53, 46, 47, 52, 27, 59, 54, 61, 60, 38, 63, 50, 64, 58 ],
\[ 4, 3, 15, 19, 20, 22, 25, 1, 10, 34, 7, 36, 2, 5, 33, 43, 18, 31, 14, 30, 49, 46, 12, 6, 13, 55, 28, 37, 35, 8, 54, 9, 11, 53, 56, 32, 60, 39, 52, 57, 29, 26, 50, 16, 44, 17, 48, 62, 63, 42, 21, 64, 23, 24, 45, 27, 61, 51, 40, 41, 38, 58, 47, 59 ]:
 Order := 64 >) |
[ PermutationGroup<64 |  
\[ 11, 23, 8, 24, 2, 5, 14, 41, 6, 13, 9, 33, 59, 27, 44, 7, 50, 1, 51, 17, 20, 53, 18, 45, 42, 3, 26, 30, 19, 47, 32, 63, 38, 29, 12, 28, 10, 37, 25, 15, 16, 54, 56, 46, 21, 39, 34, 4, 43, 48, 36, 31, 58, 40, 60, 61, 22, 52, 35, 64, 62, 55, 57, 49 ],
\[ 3, 10, 5, 18, 7, 4, 1, 28, 31, 11, 12, 2, 39, 29, 26, 15, 44, 20, 48, 6, 19, 9, 22, 42, 16, 25, 43, 14, 8, 21, 23, 51, 40, 37, 34, 35, 36, 56, 33, 13, 55, 17, 41, 24, 62, 57, 32, 30, 45, 49, 53, 46, 47, 52, 27, 59, 54, 61, 60, 38, 63, 50, 64, 58 ],
\[ 4, 3, 15, 19, 20, 22, 25, 1, 10, 34, 7, 36, 2, 5, 33, 43, 18, 31, 14, 30, 49, 46, 12, 6, 13, 55, 28, 37, 35, 8, 54, 9, 11, 53, 56, 32, 60, 39, 52, 57, 29, 26, 50, 16, 44, 17, 48, 62, 63, 42, 21, 64, 23, 24, 45, 27, 61, 51, 40, 41, 38, 58, 47, 59 ]:
 Order := 64 > |
[ 18, 5, 26, 48, 6, 9, 16, 3, 11, 37, 1, 35, 10, 7, 40, 41, 20, 23, 29, 21, 45, 57, 2, 4, 39, 27, 14, 36, 34, 28, 52, 31, 12, 47, 59, 51, 38, 33, 46, 54, 8, 25, 49, 15, 24, 44, 30, 50, 64, 17, 19, 58, 22, 42, 62, 43, 63, 53, 13, 55, 56, 61, 32, 60 ],
[ 24, 8, 44, 51, 17, 53, 42, 11, 13, 29, 14, 28, 23, 2, 38, 56, 1, 32, 27, 47, 43, 39, 33, 5, 59, 60, 30, 10, 12, 41, 40, 6, 9, 58, 61, 63, 64, 25, 31, 22, 19, 3, 48, 7, 46, 50, 4, 55, 57, 54, 20, 49, 18, 45, 21, 26, 62, 36, 15, 16, 37, 52, 34, 35 ],
[ 8, 13, 2, 1, 14, 24, 11, 30, 32, 9, 33, 23, 25, 19, 3, 44, 46, 17, 4, 5, 51, 6, 53, 54, 7, 42, 56, 27, 41, 20, 18, 36, 15, 10, 29, 12, 28, 61, 38, 59, 60, 50, 16, 45, 55, 22, 63, 47, 21, 43, 58, 39, 34, 31, 26, 35, 40, 62, 64, 37, 57, 48, 49, 52 ]
],
[ PermutationGroup<64 |  
\[ 11, 23, 8, 24, 2, 5, 14, 41, 6, 13, 9, 33, 59, 27, 44, 7, 50, 1, 51, 17, 20, 53, 18, 45, 42, 3, 26, 30, 19, 47, 32, 63, 38, 29, 12, 28, 10, 37, 25, 15, 16, 54, 56, 46, 21, 39, 34, 4, 43, 48, 36, 31, 58, 40, 60, 61, 22, 52, 35, 64, 62, 55, 57, 49 ],
\[ 3, 10, 5, 18, 7, 4, 1, 28, 31, 11, 12, 2, 39, 29, 26, 15, 44, 20, 48, 6, 19, 9, 22, 42, 16, 25, 43, 14, 8, 21, 23, 51, 40, 37, 34, 35, 36, 56, 33, 13, 55, 17, 41, 24, 62, 57, 32, 30, 45, 49, 53, 46, 47, 52, 27, 59, 54, 61, 60, 38, 63, 50, 64, 58 ],
\[ 4, 3, 15, 19, 20, 22, 25, 1, 10, 34, 7, 36, 2, 5, 33, 43, 18, 31, 14, 30, 49, 46, 12, 6, 13, 55, 28, 37, 35, 8, 54, 9, 11, 53, 56, 32, 60, 39, 52, 57, 29, 26, 50, 16, 44, 17, 48, 62, 63, 42, 21, 64, 23, 24, 45, 27, 61, 51, 40, 41, 38, 58, 47, 59 ]:
 Order := 64 > |
[ 18, 5, 26, 48, 6, 9, 16, 3, 11, 37, 1, 35, 10, 7, 40, 41, 20, 23, 29, 21, 45, 57, 2, 4, 39, 27, 14, 36, 34, 28, 52, 31, 12, 47, 59, 51, 38, 33, 46, 54, 8, 25, 49, 15, 24, 44, 30, 50, 64, 17, 19, 58, 22, 42, 62, 43, 63, 53, 13, 55, 56, 61, 32, 60 ],
[ 33, 53, 30, 54, 13, 14, 19, 60, 24, 25, 32, 15, 64, 56, 45, 11, 43, 8, 58, 46, 5, 34, 17, 55, 50, 2, 42, 20, 4, 63, 36, 49, 61, 41, 23, 27, 9, 28, 7, 3, 44, 31, 35, 22, 51, 38, 10, 1, 16, 47, 12, 18, 62, 59, 37, 57, 6, 39, 29, 52, 48, 26, 40, 21 ],
[ 16, 35, 18, 9, 26, 21, 6, 34, 57, 5, 37, 1, 54, 36, 41, 39, 25, 48, 45, 23, 28, 2, 52, 15, 27, 40, 62, 3, 7, 50, 11, 30, 46, 59, 51, 38, 47, 55, 10, 12, 49, 4, 14, 20, 64, 58, 22, 29, 17, 61, 31, 42, 19, 63, 8, 33, 44, 60, 43, 13, 53, 24, 56, 32 ]
]
];

/*
Return for eval
*/

return s;
