s := SolvablePassportDBInitialize();

/*
Magma printing
*/

s`Filename := "64S30-16,8,16-g25.m";
s`GaloisOrbits := [ Strings() | "64S30-16,8,16-g25-path4.m", "64S30-16,8,16-g25-path3.m" ];
s`Name := "64S30-16,8,16-g25";
s`Passport := [ PowerSequence(PermutationGroup<64 |  
\[ 12, 38, 8, 61, 2, 5, 45, 50, 60, 14, 30, 9, 59, 24, 27, 20, 43, 15, 18, 63, 37, 1, 46, 21, 33, 29, 40, 22, 44, 39, 48, 11, 42, 36, 49, 17, 47, 25, 19, 7, 4, 28, 52, 41, 58, 62, 26, 34, 31, 32, 53, 23, 57, 64, 35, 3, 55, 56, 54, 16, 13, 51, 6, 10 ],
\[ 3, 10, 16, 22, 18, 26, 1, 34, 27, 42, 5, 44, 2, 36, 51, 11, 56, 33, 31, 13, 55, 54, 41, 6, 4, 25, 63, 39, 48, 52, 40, 57, 7, 30, 8, 47, 12, 50, 9, 17, 53, 37, 64, 20, 35, 32, 23, 61, 14, 28, 45, 15, 59, 60, 29, 46, 19, 38, 49, 24, 43, 21, 58, 62 ],
\[ 4, 11, 17, 23, 24, 27, 31, 1, 37, 43, 46, 7, 48, 2, 5, 54, 14, 57, 28, 3, 60, 50, 30, 49, 58, 36, 52, 10, 6, 16, 59, 38, 26, 29, 21, 8, 62, 13, 34, 9, 12, 18, 40, 55, 33, 47, 42, 19, 45, 35, 64, 61, 15, 53, 32, 63, 41, 51, 20, 39, 25, 56, 44, 22 ]:
 Order := 64 >) |
[ PermutationGroup<64 |  
\[ 12, 38, 8, 61, 2, 5, 45, 50, 60, 14, 30, 9, 59, 24, 27, 20, 43, 15, 18, 63, 37, 1, 46, 21, 33, 29, 40, 22, 44, 39, 48, 11, 42, 36, 49, 17, 47, 25, 19, 7, 4, 28, 52, 41, 58, 62, 26, 34, 31, 32, 53, 23, 57, 64, 35, 3, 55, 56, 54, 16, 13, 51, 6, 10 ],
\[ 3, 10, 16, 22, 18, 26, 1, 34, 27, 42, 5, 44, 2, 36, 51, 11, 56, 33, 31, 13, 55, 54, 41, 6, 4, 25, 63, 39, 48, 52, 40, 57, 7, 30, 8, 47, 12, 50, 9, 17, 53, 37, 64, 20, 35, 32, 23, 61, 14, 28, 45, 15, 59, 60, 29, 46, 19, 38, 49, 24, 43, 21, 58, 62 ],
\[ 4, 11, 17, 23, 24, 27, 31, 1, 37, 43, 46, 7, 48, 2, 5, 54, 14, 57, 28, 3, 60, 50, 30, 49, 58, 36, 52, 10, 6, 16, 59, 38, 26, 29, 21, 8, 62, 13, 34, 9, 12, 18, 40, 55, 33, 47, 42, 19, 45, 35, 64, 61, 15, 53, 32, 63, 41, 51, 20, 39, 25, 56, 44, 22 ]:
 Order := 64 > |
[ 22, 5, 56, 41, 6, 63, 40, 3, 12, 64, 32, 1, 61, 10, 18, 60, 36, 19, 39, 16, 24, 28, 52, 14, 38, 47, 15, 42, 26, 11, 49, 50, 25, 48, 55, 34, 21, 2, 30, 27, 44, 33, 17, 29, 7, 23, 37, 31, 35, 8, 62, 43, 51, 59, 57, 58, 53, 45, 13, 9, 4, 46, 20, 54 ],
[ 18, 44, 33, 6, 3, 54, 5, 51, 50, 20, 1, 10, 12, 53, 34, 7, 19, 16, 46, 37, 43, 26, 14, 22, 24, 60, 28, 58, 62, 35, 32, 17, 11, 45, 15, 59, 2, 27, 38, 57, 36, 13, 29, 42, 52, 40, 49, 21, 41, 63, 30, 8, 47, 25, 64, 31, 56, 9, 23, 4, 55, 61, 39, 48 ],
[ 13, 39, 52, 62, 37, 7, 34, 9, 26, 23, 51, 58, 36, 25, 38, 10, 21, 35, 1, 50, 20, 11, 19, 48, 3, 43, 46, 24, 2, 63, 64, 33, 44, 41, 47, 32, 53, 54, 17, 16, 60, 27, 45, 49, 28, 29, 22, 15, 56, 31, 14, 59, 40, 55, 30, 5, 61, 57, 6, 18, 42, 8, 4, 12 ]
],
[ PermutationGroup<64 |  
\[ 12, 38, 8, 61, 2, 5, 45, 50, 60, 14, 30, 9, 59, 24, 27, 20, 43, 15, 18, 63, 37, 1, 46, 21, 33, 29, 40, 22, 44, 39, 48, 11, 42, 36, 49, 17, 47, 25, 19, 7, 4, 28, 52, 41, 58, 62, 26, 34, 31, 32, 53, 23, 57, 64, 35, 3, 55, 56, 54, 16, 13, 51, 6, 10 ],
\[ 3, 10, 16, 22, 18, 26, 1, 34, 27, 42, 5, 44, 2, 36, 51, 11, 56, 33, 31, 13, 55, 54, 41, 6, 4, 25, 63, 39, 48, 52, 40, 57, 7, 30, 8, 47, 12, 50, 9, 17, 53, 37, 64, 20, 35, 32, 23, 61, 14, 28, 45, 15, 59, 60, 29, 46, 19, 38, 49, 24, 43, 21, 58, 62 ],
\[ 4, 11, 17, 23, 24, 27, 31, 1, 37, 43, 46, 7, 48, 2, 5, 54, 14, 57, 28, 3, 60, 50, 30, 49, 58, 36, 52, 10, 6, 16, 59, 38, 26, 29, 21, 8, 62, 13, 34, 9, 12, 18, 40, 55, 33, 47, 42, 19, 45, 35, 64, 61, 15, 53, 32, 63, 41, 51, 20, 39, 25, 56, 44, 22 ]:
 Order := 64 > |
[ 22, 5, 56, 41, 6, 63, 40, 3, 12, 64, 32, 1, 61, 10, 18, 60, 36, 19, 39, 16, 24, 28, 52, 14, 38, 47, 15, 42, 26, 11, 49, 50, 25, 48, 55, 34, 21, 2, 30, 27, 44, 33, 17, 29, 7, 23, 37, 31, 35, 8, 62, 43, 51, 59, 57, 58, 53, 45, 13, 9, 4, 46, 20, 54 ],
[ 7, 13, 1, 25, 11, 24, 33, 35, 39, 2, 16, 37, 20, 49, 52, 3, 40, 5, 57, 44, 62, 4, 47, 60, 26, 6, 9, 50, 55, 34, 19, 46, 18, 8, 45, 14, 42, 58, 28, 31, 23, 10, 61, 12, 51, 56, 36, 29, 59, 38, 15, 30, 41, 22, 21, 17, 32, 63, 53, 54, 48, 64, 27, 43 ],
[ 44, 50, 34, 43, 10, 18, 35, 28, 24, 36, 52, 27, 49, 6, 63, 13, 64, 51, 33, 58, 12, 3, 32, 55, 7, 48, 17, 54, 20, 9, 61, 5, 37, 47, 14, 56, 23, 4, 31, 1, 22, 39, 15, 53, 38, 21, 25, 30, 40, 57, 59, 41, 19, 62, 8, 16, 29, 46, 60, 11, 2, 45, 26, 42 ]
]
];

/*
Return for eval
*/

return s;
