s := SolvablePassportDBInitialize();

/*
Magma printing
*/

s`Filename := "64S30-16,16,8-g25.m";
s`GaloisOrbits := [ Strings() | "64S30-16,16,8-g25-path1-notcomputed.m" ];
s`Name := "64S30-16,16,8-g25";
s`Passport := [ PowerSequence(PermutationGroup<64 |  
\[ 12, 40, 8, 59, 2, 5, 27, 53, 36, 14, 31, 9, 3, 64, 35, 20, 44, 15, 18, 46, 19, 1, 32, 21, 24, 49, 30, 48, 22, 45, 41, 29, 11, 17, 42, 38, 52, 47, 23, 39, 10, 57, 51, 54, 43, 26, 50, 7, 58, 6, 63, 55, 61, 16, 60, 37, 4, 56, 13, 62, 25, 34, 33, 28 ],
\[ 3, 10, 16, 22, 18, 27, 1, 36, 35, 20, 5, 45, 2, 23, 39, 43, 13, 52, 12, 61, 44, 31, 57, 6, 49, 4, 54, 50, 21, 40, 37, 48, 17, 7, 46, 64, 8, 25, 51, 53, 9, 47, 38, 41, 55, 28, 33, 58, 11, 59, 26, 14, 60, 15, 42, 30, 34, 19, 56, 63, 32, 24, 29, 62 ],
\[ 4, 11, 17, 23, 24, 28, 32, 1, 19, 44, 47, 7, 50, 2, 5, 27, 57, 58, 29, 3, 62, 63, 15, 38, 20, 35, 34, 36, 61, 6, 49, 14, 60, 64, 54, 41, 59, 8, 30, 13, 22, 9, 12, 33, 56, 10, 43, 46, 51, 42, 16, 31, 37, 21, 18, 48, 55, 25, 26, 45, 40, 53, 39, 52 ]:
 Order := 64 >) |
[ PermutationGroup<64 |  
\[ 12, 40, 8, 59, 2, 5, 27, 53, 36, 14, 31, 9, 3, 64, 35, 20, 44, 15, 18, 46, 19, 1, 32, 21, 24, 49, 30, 48, 22, 45, 41, 29, 11, 17, 42, 38, 52, 47, 23, 39, 10, 57, 51, 54, 43, 26, 50, 7, 58, 6, 63, 55, 61, 16, 60, 37, 4, 56, 13, 62, 25, 34, 33, 28 ],
\[ 3, 10, 16, 22, 18, 27, 1, 36, 35, 20, 5, 45, 2, 23, 39, 43, 13, 52, 12, 61, 44, 31, 57, 6, 49, 4, 54, 50, 21, 40, 37, 48, 17, 7, 46, 64, 8, 25, 51, 53, 9, 47, 38, 41, 55, 28, 33, 58, 11, 59, 26, 14, 60, 15, 42, 30, 34, 19, 56, 63, 32, 24, 29, 62 ],
\[ 4, 11, 17, 23, 24, 28, 32, 1, 19, 44, 47, 7, 50, 2, 5, 27, 57, 58, 29, 3, 62, 63, 15, 38, 20, 35, 34, 36, 61, 6, 49, 14, 60, 64, 54, 41, 59, 8, 30, 13, 22, 9, 12, 33, 56, 10, 43, 46, 51, 42, 16, 31, 37, 21, 18, 48, 55, 25, 26, 45, 40, 53, 39, 52 ]:
 Order := 64 > |
[ 12, 40, 8, 59, 2, 5, 27, 53, 36, 14, 31, 9, 3, 64, 35, 20, 44, 15, 18, 46, 19, 1, 32, 21, 24, 49, 30, 48, 22, 45, 41, 29, 11, 17, 42, 38, 52, 47, 23, 39, 10, 57, 51, 54, 43, 26, 50, 7, 58, 6, 63, 55, 61, 16, 60, 37, 4, 56, 13, 62, 25, 34, 33, 28 ],
[ 18, 45, 52, 6, 3, 31, 5, 39, 53, 55, 1, 10, 12, 38, 36, 14, 19, 16, 2, 42, 56, 27, 25, 22, 34, 24, 37, 29, 59, 9, 54, 33, 58, 11, 60, 51, 15, 57, 64, 35, 40, 32, 23, 30, 20, 63, 48, 17, 7, 21, 62, 43, 46, 8, 61, 41, 49, 13, 44, 28, 47, 4, 50, 26 ],
[ 24, 7, 58, 38, 4, 63, 47, 5, 13, 56, 32, 11, 29, 12, 1, 31, 25, 17, 50, 18, 26, 28, 8, 23, 55, 53, 49, 39, 42, 22, 34, 43, 46, 51, 37, 30, 21, 15, 41, 19, 6, 40, 2, 48, 44, 45, 14, 60, 64, 61, 52, 27, 54, 59, 3, 33, 20, 57, 62, 10, 9, 35, 36, 16 ]
],
[ PermutationGroup<64 |  
\[ 12, 40, 8, 59, 2, 5, 27, 53, 36, 14, 31, 9, 3, 64, 35, 20, 44, 15, 18, 46, 19, 1, 32, 21, 24, 49, 30, 48, 22, 45, 41, 29, 11, 17, 42, 38, 52, 47, 23, 39, 10, 57, 51, 54, 43, 26, 50, 7, 58, 6, 63, 55, 61, 16, 60, 37, 4, 56, 13, 62, 25, 34, 33, 28 ],
\[ 3, 10, 16, 22, 18, 27, 1, 36, 35, 20, 5, 45, 2, 23, 39, 43, 13, 52, 12, 61, 44, 31, 57, 6, 49, 4, 54, 50, 21, 40, 37, 48, 17, 7, 46, 64, 8, 25, 51, 53, 9, 47, 38, 41, 55, 28, 33, 58, 11, 59, 26, 14, 60, 15, 42, 30, 34, 19, 56, 63, 32, 24, 29, 62 ],
\[ 4, 11, 17, 23, 24, 28, 32, 1, 19, 44, 47, 7, 50, 2, 5, 27, 57, 58, 29, 3, 62, 63, 15, 38, 20, 35, 34, 36, 61, 6, 49, 14, 60, 64, 54, 41, 59, 8, 30, 13, 22, 9, 12, 33, 56, 10, 43, 46, 51, 42, 16, 31, 37, 21, 18, 48, 55, 25, 26, 45, 40, 53, 39, 52 ]:
 Order := 64 > |
[ 12, 40, 8, 59, 2, 5, 27, 53, 36, 14, 31, 9, 3, 64, 35, 20, 44, 15, 18, 46, 19, 1, 32, 21, 24, 49, 30, 48, 22, 45, 41, 29, 11, 17, 42, 38, 52, 47, 23, 39, 10, 57, 51, 54, 43, 26, 50, 7, 58, 6, 63, 55, 61, 16, 60, 37, 4, 56, 13, 62, 25, 34, 33, 28 ],
[ 57, 33, 34, 39, 25, 64, 23, 22, 21, 17, 38, 48, 47, 5, 6, 7, 42, 49, 32, 13, 60, 51, 18, 36, 16, 15, 62, 9, 53, 50, 26, 10, 55, 14, 44, 31, 4, 3, 27, 59, 29, 12, 1, 63, 58, 41, 45, 20, 43, 35, 54, 11, 56, 24, 19, 28, 52, 61, 46, 30, 2, 8, 40, 37 ],
[ 8, 14, 20, 1, 15, 30, 12, 38, 42, 46, 2, 43, 40, 32, 23, 51, 3, 55, 9, 25, 54, 41, 4, 5, 58, 59, 16, 6, 19, 39, 52, 7, 44, 27, 26, 28, 53, 24, 63, 61, 36, 50, 47, 10, 60, 48, 11, 56, 31, 13, 49, 64, 62, 35, 57, 45, 17, 18, 37, 33, 29, 21, 22, 34 ]
]
];

/*
Return for eval
*/

return s;
