s := SolvablePassportDBInitialize();

/*
Magma printing
*/

s`Filename := "64S31-8,16,16-g25.m";
s`GaloisOrbits := [ Strings() | "64S31-8,16,16-g25-path4.m", "64S31-8,16,16-g25-path3.m", "64S31-8,16,16-g25-path2.m", "64S31-8,16,16-g25-path1.m" ];
s`Name := "64S31-8,16,16-g25";
s`Passport := [ PowerSequence(PermutationGroup<64 |  
\[ 12, 29, 8, 48, 2, 5, 45, 39, 6, 14, 31, 9, 58, 61, 35, 20, 42, 15, 18, 34, 13, 1, 32, 21, 24, 47, 30, 33, 22, 10, 54, 50, 11, 49, 57, 38, 51, 60, 19, 25, 27, 37, 41, 43, 28, 7, 63, 40, 55, 52, 59, 62, 64, 46, 26, 53, 3, 4, 56, 23, 44, 36, 16, 17 ],
\[ 3, 10, 16, 22, 18, 27, 1, 36, 39, 20, 5, 43, 2, 50, 32, 54, 57, 55, 60, 24, 56, 61, 58, 6, 51, 4, 63, 9, 35, 23, 37, 46, 17, 7, 47, 33, 8, 21, 34, 12, 38, 30, 26, 62, 53, 59, 11, 42, 13, 48, 14, 45, 15, 29, 28, 44, 52, 64, 19, 31, 49, 25, 40, 41 ],
\[ 4, 11, 17, 23, 24, 28, 32, 1, 40, 42, 36, 7, 38, 2, 5, 27, 58, 59, 9, 3, 20, 54, 19, 62, 63, 18, 64, 52, 13, 6, 47, 30, 55, 10, 53, 44, 48, 8, 37, 50, 12, 33, 56, 22, 34, 16, 43, 26, 39, 15, 31, 14, 21, 60, 61, 46, 29, 49, 25, 41, 51, 57, 35, 45 ]:
 Order := 64 >) |
[ PermutationGroup<64 |  
\[ 12, 29, 8, 48, 2, 5, 45, 39, 6, 14, 31, 9, 58, 61, 35, 20, 42, 15, 18, 34, 13, 1, 32, 21, 24, 47, 30, 33, 22, 10, 54, 50, 11, 49, 57, 38, 51, 60, 19, 25, 27, 37, 41, 43, 28, 7, 63, 40, 55, 52, 59, 62, 64, 46, 26, 53, 3, 4, 56, 23, 44, 36, 16, 17 ],
\[ 3, 10, 16, 22, 18, 27, 1, 36, 39, 20, 5, 43, 2, 50, 32, 54, 57, 55, 60, 24, 56, 61, 58, 6, 51, 4, 63, 9, 35, 23, 37, 46, 17, 7, 47, 33, 8, 21, 34, 12, 38, 30, 26, 62, 53, 59, 11, 42, 13, 48, 14, 45, 15, 29, 28, 44, 52, 64, 19, 31, 49, 25, 40, 41 ],
\[ 4, 11, 17, 23, 24, 28, 32, 1, 40, 42, 36, 7, 38, 2, 5, 27, 58, 59, 9, 3, 20, 54, 19, 62, 63, 18, 64, 52, 13, 6, 47, 30, 55, 10, 53, 44, 48, 8, 37, 50, 12, 33, 56, 22, 34, 16, 43, 26, 39, 15, 31, 14, 21, 60, 61, 46, 29, 49, 25, 41, 51, 57, 35, 45 ]:
 Order := 64 > |
[ 12, 29, 8, 48, 2, 5, 45, 39, 6, 14, 31, 9, 58, 61, 35, 20, 42, 15, 18, 34, 13, 1, 32, 21, 24, 47, 30, 33, 22, 10, 54, 50, 11, 49, 57, 38, 51, 60, 19, 25, 27, 37, 41, 43, 28, 7, 63, 40, 55, 52, 59, 62, 64, 46, 26, 53, 3, 4, 56, 23, 44, 36, 16, 17 ],
[ 3, 10, 16, 22, 18, 27, 1, 36, 39, 20, 5, 43, 2, 50, 32, 54, 57, 55, 60, 24, 56, 61, 58, 6, 51, 4, 63, 9, 35, 23, 37, 46, 17, 7, 47, 33, 8, 21, 34, 12, 38, 30, 26, 62, 53, 59, 11, 42, 13, 48, 14, 45, 15, 29, 28, 44, 52, 64, 19, 31, 49, 25, 40, 41 ],
[ 4, 11, 17, 23, 24, 28, 32, 1, 40, 42, 36, 7, 38, 2, 5, 27, 58, 59, 9, 3, 20, 54, 19, 62, 63, 18, 64, 52, 13, 6, 47, 30, 55, 10, 53, 44, 48, 8, 37, 50, 12, 33, 56, 22, 34, 16, 43, 26, 39, 15, 31, 14, 21, 60, 61, 46, 29, 49, 25, 41, 51, 57, 35, 45 ]
],
[ PermutationGroup<64 |  
\[ 12, 29, 8, 48, 2, 5, 45, 39, 6, 14, 31, 9, 58, 61, 35, 20, 42, 15, 18, 34, 13, 1, 32, 21, 24, 47, 30, 33, 22, 10, 54, 50, 11, 49, 57, 38, 51, 60, 19, 25, 27, 37, 41, 43, 28, 7, 63, 40, 55, 52, 59, 62, 64, 46, 26, 53, 3, 4, 56, 23, 44, 36, 16, 17 ],
\[ 3, 10, 16, 22, 18, 27, 1, 36, 39, 20, 5, 43, 2, 50, 32, 54, 57, 55, 60, 24, 56, 61, 58, 6, 51, 4, 63, 9, 35, 23, 37, 46, 17, 7, 47, 33, 8, 21, 34, 12, 38, 30, 26, 62, 53, 59, 11, 42, 13, 48, 14, 45, 15, 29, 28, 44, 52, 64, 19, 31, 49, 25, 40, 41 ],
\[ 4, 11, 17, 23, 24, 28, 32, 1, 40, 42, 36, 7, 38, 2, 5, 27, 58, 59, 9, 3, 20, 54, 19, 62, 63, 18, 64, 52, 13, 6, 47, 30, 55, 10, 53, 44, 48, 8, 37, 50, 12, 33, 56, 22, 34, 16, 43, 26, 39, 15, 31, 14, 21, 60, 61, 46, 29, 49, 25, 41, 51, 57, 35, 45 ]:
 Order := 64 > |
[ 22, 5, 57, 58, 6, 9, 46, 3, 12, 30, 33, 1, 21, 10, 18, 63, 64, 19, 39, 16, 24, 29, 60, 25, 40, 55, 41, 45, 2, 27, 11, 23, 28, 20, 15, 62, 42, 36, 8, 48, 43, 17, 44, 61, 7, 54, 26, 4, 34, 32, 37, 50, 56, 31, 49, 59, 35, 13, 51, 38, 14, 52, 47, 53 ],
[ 3, 10, 16, 22, 18, 27, 1, 36, 39, 20, 5, 43, 2, 50, 32, 54, 57, 55, 60, 24, 56, 61, 58, 6, 51, 4, 63, 9, 35, 23, 37, 46, 17, 7, 47, 33, 8, 21, 34, 12, 38, 30, 26, 62, 53, 59, 11, 42, 13, 48, 14, 45, 15, 29, 28, 44, 52, 64, 19, 31, 49, 25, 40, 41 ],
[ 40, 54, 37, 50, 13, 11, 52, 9, 24, 51, 60, 28, 23, 22, 29, 10, 48, 53, 5, 39, 49, 7, 15, 38, 20, 35, 42, 36, 4, 2, 16, 14, 47, 61, 17, 41, 25, 19, 59, 62, 6, 31, 64, 12, 55, 34, 27, 63, 18, 57, 46, 44, 58, 32, 43, 45, 1, 26, 21, 30, 56, 8, 3, 33 ]
],
[ PermutationGroup<64 |  
\[ 12, 29, 8, 48, 2, 5, 45, 39, 6, 14, 31, 9, 58, 61, 35, 20, 42, 15, 18, 34, 13, 1, 32, 21, 24, 47, 30, 33, 22, 10, 54, 50, 11, 49, 57, 38, 51, 60, 19, 25, 27, 37, 41, 43, 28, 7, 63, 40, 55, 52, 59, 62, 64, 46, 26, 53, 3, 4, 56, 23, 44, 36, 16, 17 ],
\[ 3, 10, 16, 22, 18, 27, 1, 36, 39, 20, 5, 43, 2, 50, 32, 54, 57, 55, 60, 24, 56, 61, 58, 6, 51, 4, 63, 9, 35, 23, 37, 46, 17, 7, 47, 33, 8, 21, 34, 12, 38, 30, 26, 62, 53, 59, 11, 42, 13, 48, 14, 45, 15, 29, 28, 44, 52, 64, 19, 31, 49, 25, 40, 41 ],
\[ 4, 11, 17, 23, 24, 28, 32, 1, 40, 42, 36, 7, 38, 2, 5, 27, 58, 59, 9, 3, 20, 54, 19, 62, 63, 18, 64, 52, 13, 6, 47, 30, 55, 10, 53, 44, 48, 8, 37, 50, 12, 33, 56, 22, 34, 16, 43, 26, 39, 15, 31, 14, 21, 60, 61, 46, 29, 49, 25, 41, 51, 57, 35, 45 ]:
 Order := 64 > |
[ 37, 51, 10, 7, 53, 42, 40, 41, 59, 39, 13, 64, 54, 57, 14, 32, 1, 43, 30, 38, 45, 56, 26, 11, 46, 50, 3, 24, 17, 15, 25, 34, 48, 52, 27, 47, 9, 49, 61, 28, 19, 2, 35, 8, 58, 21, 60, 31, 23, 63, 22, 55, 29, 4, 36, 12, 44, 33, 5, 16, 18, 20, 62, 6 ],
[ 4, 11, 17, 23, 24, 28, 32, 1, 40, 42, 36, 7, 38, 2, 5, 27, 58, 59, 9, 3, 20, 54, 19, 62, 63, 18, 64, 52, 13, 6, 47, 30, 55, 10, 53, 44, 48, 8, 37, 50, 12, 33, 56, 22, 34, 16, 43, 26, 39, 15, 31, 14, 21, 60, 61, 46, 29, 49, 25, 41, 51, 57, 35, 45 ],
[ 3, 10, 16, 22, 18, 27, 1, 36, 39, 20, 5, 43, 2, 50, 32, 54, 57, 55, 60, 24, 56, 61, 58, 6, 51, 4, 63, 9, 35, 23, 37, 46, 17, 7, 47, 33, 8, 21, 34, 12, 38, 30, 26, 62, 53, 59, 11, 42, 13, 48, 14, 45, 15, 29, 28, 44, 52, 64, 19, 31, 49, 25, 40, 41 ]
],
[ PermutationGroup<64 |  
\[ 12, 29, 8, 48, 2, 5, 45, 39, 6, 14, 31, 9, 58, 61, 35, 20, 42, 15, 18, 34, 13, 1, 32, 21, 24, 47, 30, 33, 22, 10, 54, 50, 11, 49, 57, 38, 51, 60, 19, 25, 27, 37, 41, 43, 28, 7, 63, 40, 55, 52, 59, 62, 64, 46, 26, 53, 3, 4, 56, 23, 44, 36, 16, 17 ],
\[ 3, 10, 16, 22, 18, 27, 1, 36, 39, 20, 5, 43, 2, 50, 32, 54, 57, 55, 60, 24, 56, 61, 58, 6, 51, 4, 63, 9, 35, 23, 37, 46, 17, 7, 47, 33, 8, 21, 34, 12, 38, 30, 26, 62, 53, 59, 11, 42, 13, 48, 14, 45, 15, 29, 28, 44, 52, 64, 19, 31, 49, 25, 40, 41 ],
\[ 4, 11, 17, 23, 24, 28, 32, 1, 40, 42, 36, 7, 38, 2, 5, 27, 58, 59, 9, 3, 20, 54, 19, 62, 63, 18, 64, 52, 13, 6, 47, 30, 55, 10, 53, 44, 48, 8, 37, 50, 12, 33, 56, 22, 34, 16, 43, 26, 39, 15, 31, 14, 21, 60, 61, 46, 29, 49, 25, 41, 51, 57, 35, 45 ]:
 Order := 64 > |
[ 59, 56, 61, 28, 17, 51, 24, 30, 53, 18, 4, 42, 7, 8, 44, 52, 9, 27, 14, 23, 33, 64, 63, 54, 45, 62, 39, 13, 37, 57, 21, 55, 25, 36, 10, 16, 5, 26, 43, 11, 15, 22, 3, 19, 48, 58, 32, 46, 50, 20, 12, 47, 1, 40, 60, 6, 41, 31, 29, 34, 35, 49, 38, 2 ],
[ 4, 11, 17, 23, 24, 28, 32, 1, 40, 42, 36, 7, 38, 2, 5, 27, 58, 59, 9, 3, 20, 54, 19, 62, 63, 18, 64, 52, 13, 6, 47, 30, 55, 10, 53, 44, 48, 8, 37, 50, 12, 33, 56, 22, 34, 16, 43, 26, 39, 15, 31, 14, 21, 60, 61, 46, 29, 49, 25, 41, 51, 57, 35, 45 ],
[ 35, 27, 47, 2, 39, 43, 29, 52, 3, 63, 9, 61, 6, 23, 60, 11, 15, 34, 36, 40, 51, 10, 21, 12, 42, 13, 26, 1, 18, 38, 17, 31, 53, 54, 55, 45, 57, 25, 16, 22, 62, 41, 49, 50, 59, 37, 28, 64, 24, 58, 30, 46, 19, 5, 7, 14, 32, 56, 8, 33, 20, 48, 4, 44 ]
]
];

/*
Return for eval
*/

return s;
