s := SolvablePassportDBInitialize();

/*
Magma printing
*/

s`Filename := "64S3-8,8,8-g21.m";
s`GaloisOrbits := [ Strings() | "64S3-8,8,8-g21-path97.m", "64S3-8,8,8-g21-path2.m", "64S3-8,8,8-g21-path3.m", "64S3-8,8,8-g21-path4.m", "64S3-8,8,8-g21-path5.m", "64S3-8,8,8-g21-path6.m", "64S3-8,8,8-g21-path7.m", "64S3-8,8,8-g21-path8.m", "64S3-8,8,8-g21-path193.m", "64S3-8,8,8-g21-path194.m", "64S3-8,8,8-g21-path9.m", "64S3-8,8,8-g21-path10.m", "64S3-8,8,8-g21-path195.m", "64S3-8,8,8-g21-path236.m", "64S3-8,8,8-g21-path11.m", "64S3-8,8,8-g21-path196.m", "64S3-8,8,8-g21-path197.m", "64S3-8,8,8-g21-path12.m", "64S3-8,8,8-g21-path237.m", "64S3-8,8,8-g21-path198.m", "64S3-8,8,8-g21-path13.m", "64S3-8,8,8-g21-path199.m", "64S3-8,8,8-g21-path200.m", "64S3-8,8,8-g21-path14.m", "64S3-8,8,8-g21-path201.m", "64S3-8,8,8-g21-path15.m", "64S3-8,8,8-g21-path202.m", "64S3-8,8,8-g21-path16.m", "64S3-8,8,8-g21-path203.m", "64S3-8,8,8-g21-path204.m", "64S3-8,8,8-g21-path17.m", "64S3-8,8,8-g21-path205.m", "64S3-8,8,8-g21-path206.m", "64S3-8,8,8-g21-path18.m", "64S3-8,8,8-g21-path207.m", "64S3-8,8,8-g21-path208.m", "64S3-8,8,8-g21-path19.m", "64S3-8,8,8-g21-path209.m", "64S3-8,8,8-g21-path20.m", "64S3-8,8,8-g21-path210.m", "64S3-8,8,8-g21-path21.m", "64S3-8,8,8-g21-path211.m", "64S3-8,8,8-g21-path212.m", "64S3-8,8,8-g21-path22.m", "64S3-8,8,8-g21-path213.m", "64S3-8,8,8-g21-path214.m", "64S3-8,8,8-g21-path192.m", "64S3-8,8,8-g21-path191.m", "64S3-8,8,8-g21-path190.m", "64S3-8,8,8-g21-path189.m", "64S3-8,8,8-g21-path188.m", "64S3-8,8,8-g21-path187.m", "64S3-8,8,8-g21-path186.m", "64S3-8,8,8-g21-path185.m", "64S3-8,8,8-g21-path184.m", "64S3-8,8,8-g21-path183.m", "64S3-8,8,8-g21-path182.m", "64S3-8,8,8-g21-path181.m", "64S3-8,8,8-g21-path180.m", "64S3-8,8,8-g21-path179.m", "64S3-8,8,8-g21-path178.m", "64S3-8,8,8-g21-path177.m", "64S3-8,8,8-g21-path176.m", "64S3-8,8,8-g21-path175.m", "64S3-8,8,8-g21-path174.m", "64S3-8,8,8-g21-path173.m", "64S3-8,8,8-g21-path172.m", "64S3-8,8,8-g21-path171.m", "64S3-8,8,8-g21-path170.m", "64S3-8,8,8-g21-path169.m", "64S3-8,8,8-g21-path168.m", "64S3-8,8,8-g21-path167.m", "64S3-8,8,8-g21-path166.m", "64S3-8,8,8-g21-path165.m", "64S3-8,8,8-g21-path164.m", "64S3-8,8,8-g21-path163.m", "64S3-8,8,8-g21-path162.m", "64S3-8,8,8-g21-path161.m", "64S3-8,8,8-g21-path160.m", "64S3-8,8,8-g21-path159.m", "64S3-8,8,8-g21-path158.m", "64S3-8,8,8-g21-path157.m", "64S3-8,8,8-g21-path156.m", "64S3-8,8,8-g21-path155.m", "64S3-8,8,8-g21-path154.m", "64S3-8,8,8-g21-path153.m", "64S3-8,8,8-g21-path152.m", "64S3-8,8,8-g21-path151.m", "64S3-8,8,8-g21-path150.m", "64S3-8,8,8-g21-path149.m", "64S3-8,8,8-g21-path148.m", "64S3-8,8,8-g21-path147.m", "64S3-8,8,8-g21-path146.m", "64S3-8,8,8-g21-path145.m", "64S3-8,8,8-g21-path144.m", "64S3-8,8,8-g21-path143.m", "64S3-8,8,8-g21-path142.m", "64S3-8,8,8-g21-path141.m", "64S3-8,8,8-g21-path140.m", "64S3-8,8,8-g21-path139.m", "64S3-8,8,8-g21-path138.m", "64S3-8,8,8-g21-path137.m", "64S3-8,8,8-g21-path136.m", "64S3-8,8,8-g21-path135.m", "64S3-8,8,8-g21-path134.m", "64S3-8,8,8-g21-path133.m", "64S3-8,8,8-g21-path132.m", "64S3-8,8,8-g21-path131.m", "64S3-8,8,8-g21-path130.m", "64S3-8,8,8-g21-path129.m", "64S3-8,8,8-g21-path128.m", "64S3-8,8,8-g21-path127.m", "64S3-8,8,8-g21-path126.m", "64S3-8,8,8-g21-path125.m", "64S3-8,8,8-g21-path124.m", "64S3-8,8,8-g21-path123.m", "64S3-8,8,8-g21-path122.m", "64S3-8,8,8-g21-path121.m", "64S3-8,8,8-g21-path120.m", "64S3-8,8,8-g21-path119.m", "64S3-8,8,8-g21-path118.m", "64S3-8,8,8-g21-path117.m", "64S3-8,8,8-g21-path116.m", "64S3-8,8,8-g21-path115.m", "64S3-8,8,8-g21-path114.m", "64S3-8,8,8-g21-path113.m", "64S3-8,8,8-g21-path112.m", "64S3-8,8,8-g21-path111.m", "64S3-8,8,8-g21-path110.m", "64S3-8,8,8-g21-path109.m", "64S3-8,8,8-g21-path108.m", "64S3-8,8,8-g21-path107.m", "64S3-8,8,8-g21-path106.m", "64S3-8,8,8-g21-path105.m", "64S3-8,8,8-g21-path104.m", "64S3-8,8,8-g21-path103.m", "64S3-8,8,8-g21-path102.m", "64S3-8,8,8-g21-path101.m", "64S3-8,8,8-g21-path100.m", "64S3-8,8,8-g21-path99.m", "64S3-8,8,8-g21-path98.m", "64S3-8,8,8-g21-path1.m", "64S3-8,8,8-g21-path96.m", "64S3-8,8,8-g21-path95.m", "64S3-8,8,8-g21-path94.m", "64S3-8,8,8-g21-path93.m", "64S3-8,8,8-g21-path92.m", "64S3-8,8,8-g21-path91.m", "64S3-8,8,8-g21-path90.m", "64S3-8,8,8-g21-path89.m", "64S3-8,8,8-g21-path88.m", "64S3-8,8,8-g21-path87.m", "64S3-8,8,8-g21-path86.m", "64S3-8,8,8-g21-path85.m", "64S3-8,8,8-g21-path84.m", "64S3-8,8,8-g21-path83.m", "64S3-8,8,8-g21-path82.m", "64S3-8,8,8-g21-path81.m", "64S3-8,8,8-g21-path80.m", "64S3-8,8,8-g21-path79.m", "64S3-8,8,8-g21-path78.m", "64S3-8,8,8-g21-path77.m", "64S3-8,8,8-g21-path76.m", "64S3-8,8,8-g21-path75.m", "64S3-8,8,8-g21-path74.m", "64S3-8,8,8-g21-path73.m", "64S3-8,8,8-g21-path72.m", "64S3-8,8,8-g21-path71.m", "64S3-8,8,8-g21-path70.m", "64S3-8,8,8-g21-path69.m", "64S3-8,8,8-g21-path68.m", "64S3-8,8,8-g21-path67.m", "64S3-8,8,8-g21-path66.m", "64S3-8,8,8-g21-path65.m", "64S3-8,8,8-g21-path64.m", "64S3-8,8,8-g21-path63.m", "64S3-8,8,8-g21-path62.m", "64S3-8,8,8-g21-path23.m", "64S3-8,8,8-g21-path215.m", "64S3-8,8,8-g21-path61.m", "64S3-8,8,8-g21-path216.m", "64S3-8,8,8-g21-path24.m", "64S3-8,8,8-g21-path60.m", "64S3-8,8,8-g21-path217.m", "64S3-8,8,8-g21-path218.m", "64S3-8,8,8-g21-path59.m", "64S3-8,8,8-g21-path25.m", "64S3-8,8,8-g21-path219.m", "64S3-8,8,8-g21-path58.m", "64S3-8,8,8-g21-path26.m", "64S3-8,8,8-g21-path220.m", "64S3-8,8,8-g21-path57.m", "64S3-8,8,8-g21-path27.m", "64S3-8,8,8-g21-path221.m", "64S3-8,8,8-g21-path56.m", "64S3-8,8,8-g21-path222.m", "64S3-8,8,8-g21-path28.m", "64S3-8,8,8-g21-path55.m", "64S3-8,8,8-g21-path223.m", "64S3-8,8,8-g21-path224.m", "64S3-8,8,8-g21-path54.m", "64S3-8,8,8-g21-path53.m", "64S3-8,8,8-g21-path29.m", "64S3-8,8,8-g21-path225.m", "64S3-8,8,8-g21-path52.m", "64S3-8,8,8-g21-path226.m", "64S3-8,8,8-g21-path30.m", "64S3-8,8,8-g21-path51.m", "64S3-8,8,8-g21-path227.m", "64S3-8,8,8-g21-path31.m", "64S3-8,8,8-g21-path50.m", "64S3-8,8,8-g21-path32.m", "64S3-8,8,8-g21-path228.m", "64S3-8,8,8-g21-path49.m", "64S3-8,8,8-g21-path229.m", "64S3-8,8,8-g21-path33.m", "64S3-8,8,8-g21-path48.m", "64S3-8,8,8-g21-path230.m", "64S3-8,8,8-g21-path231.m", "64S3-8,8,8-g21-path47.m", "64S3-8,8,8-g21-path34.m", "64S3-8,8,8-g21-path232.m", "64S3-8,8,8-g21-path46.m", "64S3-8,8,8-g21-path233.m", "64S3-8,8,8-g21-path35.m", "64S3-8,8,8-g21-path45.m", "64S3-8,8,8-g21-path234.m", "64S3-8,8,8-g21-path235.m", "64S3-8,8,8-g21-path44.m", "64S3-8,8,8-g21-path36.m", "64S3-8,8,8-g21-path43.m", "64S3-8,8,8-g21-path37.m", "64S3-8,8,8-g21-path42.m", "64S3-8,8,8-g21-path38.m", "64S3-8,8,8-g21-path39.m", "64S3-8,8,8-g21-path41.m", "64S3-8,8,8-g21-path40.m" ];
s`Name := "64S3-8,8,8-g21";
s`Passport := [ PowerSequence(PermutationGroup<64 |  
\[ 12, 29, 8, 51, 2, 5, 46, 39, 6, 14, 31, 9, 58, 56, 35, 20, 64, 15, 18, 63, 13, 1, 32, 21, 24, 34, 30, 33, 22, 10, 62, 16, 11, 36, 57, 38, 60, 61, 19, 25, 27, 23, 55, 41, 44, 28, 50, 7, 52, 42, 40, 53, 26, 17, 54, 45, 3, 4, 43, 59, 49, 48, 47, 37 ],
\[ 3, 10, 16, 22, 18, 27, 1, 36, 39, 42, 5, 44, 2, 53, 52, 51, 57, 50, 61, 46, 43, 56, 58, 6, 60, 4, 47, 9, 35, 49, 55, 48, 59, 7, 23, 40, 8, 28, 63, 12, 38, 31, 30, 20, 34, 37, 33, 17, 11, 21, 64, 13, 62, 14, 15, 32, 26, 54, 19, 41, 24, 29, 25, 45 ],
\[ 4, 11, 17, 23, 24, 28, 32, 1, 40, 43, 47, 7, 50, 2, 5, 56, 58, 59, 9, 3, 61, 62, 10, 63, 36, 14, 60, 20, 13, 6, 49, 35, 38, 57, 55, 45, 51, 8, 37, 16, 12, 18, 33, 64, 22, 34, 39, 53, 19, 27, 26, 30, 15, 31, 21, 54, 29, 52, 25, 46, 41, 42, 44, 48 ]:
 Order := 64 >) |
[ PermutationGroup<64 |  
\[ 12, 29, 8, 51, 2, 5, 46, 39, 6, 14, 31, 9, 58, 56, 35, 20, 64, 15, 18, 63, 13, 1, 32, 21, 24, 34, 30, 33, 22, 10, 62, 16, 11, 36, 57, 38, 60, 61, 19, 25, 27, 23, 55, 41, 44, 28, 50, 7, 52, 42, 40, 53, 26, 17, 54, 45, 3, 4, 43, 59, 49, 48, 47, 37 ],
\[ 3, 10, 16, 22, 18, 27, 1, 36, 39, 42, 5, 44, 2, 53, 52, 51, 57, 50, 61, 46, 43, 56, 58, 6, 60, 4, 47, 9, 35, 49, 55, 48, 59, 7, 23, 40, 8, 28, 63, 12, 38, 31, 30, 20, 34, 37, 33, 17, 11, 21, 64, 13, 62, 14, 15, 32, 26, 54, 19, 41, 24, 29, 25, 45 ],
\[ 4, 11, 17, 23, 24, 28, 32, 1, 40, 43, 47, 7, 50, 2, 5, 56, 58, 59, 9, 3, 61, 62, 10, 63, 36, 14, 60, 20, 13, 6, 49, 35, 38, 57, 55, 45, 51, 8, 37, 16, 12, 18, 33, 64, 22, 34, 39, 53, 19, 27, 26, 30, 15, 31, 21, 54, 29, 52, 25, 46, 41, 42, 44, 48 ]:
 Order := 64 > |
[ 12, 29, 8, 51, 2, 5, 46, 39, 6, 14, 31, 9, 58, 56, 35, 20, 64, 15, 18, 63, 13, 1, 32, 21, 24, 34, 30, 33, 22, 10, 62, 16, 11, 36, 57, 38, 60, 61, 19, 25, 27, 23, 55, 41, 44, 28, 50, 7, 52, 42, 40, 53, 26, 17, 54, 45, 3, 4, 43, 59, 49, 48, 47, 37 ],
[ 40, 62, 37, 16, 13, 11, 20, 9, 24, 54, 42, 28, 23, 22, 29, 44, 51, 55, 5, 39, 52, 7, 56, 50, 61, 45, 43, 47, 4, 2, 53, 3, 49, 8, 17, 41, 25, 19, 59, 63, 6, 35, 31, 60, 12, 38, 18, 34, 15, 10, 36, 14, 57, 48, 58, 64, 1, 26, 21, 33, 30, 32, 27, 46 ],
[ 14, 19, 53, 55, 41, 8, 54, 32, 45, 61, 60, 57, 59, 50, 47, 62, 10, 38, 20, 4, 9, 15, 11, 37, 1, 31, 36, 64, 30, 63, 6, 13, 12, 58, 49, 48, 56, 51, 34, 17, 16, 24, 39, 26, 23, 22, 40, 2, 25, 28, 29, 33, 21, 18, 27, 52, 42, 5, 44, 3, 46, 43, 7, 35 ]
],
[ PermutationGroup<64 |  
\[ 12, 29, 8, 51, 2, 5, 46, 39, 6, 14, 31, 9, 58, 56, 35, 20, 64, 15, 18, 63, 13, 1, 32, 21, 24, 34, 30, 33, 22, 10, 62, 16, 11, 36, 57, 38, 60, 61, 19, 25, 27, 23, 55, 41, 44, 28, 50, 7, 52, 42, 40, 53, 26, 17, 54, 45, 3, 4, 43, 59, 49, 48, 47, 37 ],
\[ 3, 10, 16, 22, 18, 27, 1, 36, 39, 42, 5, 44, 2, 53, 52, 51, 57, 50, 61, 46, 43, 56, 58, 6, 60, 4, 47, 9, 35, 49, 55, 48, 59, 7, 23, 40, 8, 28, 63, 12, 38, 31, 30, 20, 34, 37, 33, 17, 11, 21, 64, 13, 62, 14, 15, 32, 26, 54, 19, 41, 24, 29, 25, 45 ],
\[ 4, 11, 17, 23, 24, 28, 32, 1, 40, 43, 47, 7, 50, 2, 5, 56, 58, 59, 9, 3, 61, 62, 10, 63, 36, 14, 60, 20, 13, 6, 49, 35, 38, 57, 55, 45, 51, 8, 37, 16, 12, 18, 33, 64, 22, 34, 39, 53, 19, 27, 26, 30, 15, 31, 21, 54, 29, 52, 25, 46, 41, 42, 44, 48 ]:
 Order := 64 > |
[ 12, 29, 8, 51, 2, 5, 46, 39, 6, 14, 31, 9, 58, 56, 35, 20, 64, 15, 18, 63, 13, 1, 32, 21, 24, 34, 30, 33, 22, 10, 62, 16, 11, 36, 57, 38, 60, 61, 19, 25, 27, 23, 55, 41, 44, 28, 50, 7, 52, 42, 40, 53, 26, 17, 54, 45, 3, 4, 43, 59, 49, 48, 47, 37 ],
[ 3, 10, 16, 22, 18, 27, 1, 36, 39, 42, 5, 44, 2, 53, 52, 51, 57, 50, 61, 46, 43, 56, 58, 6, 60, 4, 47, 9, 35, 49, 55, 48, 59, 7, 23, 40, 8, 28, 63, 12, 38, 31, 30, 20, 34, 37, 33, 17, 11, 21, 64, 13, 62, 14, 15, 32, 26, 54, 19, 41, 24, 29, 25, 45 ],
[ 4, 11, 17, 23, 24, 28, 32, 1, 40, 43, 47, 7, 50, 2, 5, 56, 58, 59, 9, 3, 61, 62, 10, 63, 36, 14, 60, 20, 13, 6, 49, 35, 38, 57, 55, 45, 51, 8, 37, 16, 12, 18, 33, 64, 22, 34, 39, 53, 19, 27, 26, 30, 15, 31, 21, 54, 29, 52, 25, 46, 41, 42, 44, 48 ]
],
[ PermutationGroup<64 |  
\[ 12, 29, 8, 51, 2, 5, 46, 39, 6, 14, 31, 9, 58, 56, 35, 20, 64, 15, 18, 63, 13, 1, 32, 21, 24, 34, 30, 33, 22, 10, 62, 16, 11, 36, 57, 38, 60, 61, 19, 25, 27, 23, 55, 41, 44, 28, 50, 7, 52, 42, 40, 53, 26, 17, 54, 45, 3, 4, 43, 59, 49, 48, 47, 37 ],
\[ 3, 10, 16, 22, 18, 27, 1, 36, 39, 42, 5, 44, 2, 53, 52, 51, 57, 50, 61, 46, 43, 56, 58, 6, 60, 4, 47, 9, 35, 49, 55, 48, 59, 7, 23, 40, 8, 28, 63, 12, 38, 31, 30, 20, 34, 37, 33, 17, 11, 21, 64, 13, 62, 14, 15, 32, 26, 54, 19, 41, 24, 29, 25, 45 ],
\[ 4, 11, 17, 23, 24, 28, 32, 1, 40, 43, 47, 7, 50, 2, 5, 56, 58, 59, 9, 3, 61, 62, 10, 63, 36, 14, 60, 20, 13, 6, 49, 35, 38, 57, 55, 45, 51, 8, 37, 16, 12, 18, 33, 64, 22, 34, 39, 53, 19, 27, 26, 30, 15, 31, 21, 54, 29, 52, 25, 46, 41, 42, 44, 48 ]:
 Order := 64 > |
[ 3, 10, 16, 22, 18, 27, 1, 36, 39, 42, 5, 44, 2, 53, 52, 51, 57, 50, 61, 46, 43, 56, 58, 6, 60, 4, 47, 9, 35, 49, 55, 48, 59, 7, 23, 40, 8, 28, 63, 12, 38, 31, 30, 20, 34, 37, 33, 17, 11, 21, 64, 13, 62, 14, 15, 32, 26, 54, 19, 41, 24, 29, 25, 45 ],
[ 12, 29, 8, 51, 2, 5, 46, 39, 6, 14, 31, 9, 58, 56, 35, 20, 64, 15, 18, 63, 13, 1, 32, 21, 24, 34, 30, 33, 22, 10, 62, 16, 11, 36, 57, 38, 60, 61, 19, 25, 27, 23, 55, 41, 44, 28, 50, 7, 52, 42, 40, 53, 26, 17, 54, 45, 3, 4, 43, 59, 49, 48, 47, 37 ],
[ 48, 21, 22, 53, 33, 25, 26, 64, 46, 5, 61, 51, 49, 55, 43, 57, 62, 6, 60, 45, 47, 58, 15, 38, 20, 35, 9, 36, 31, 59, 50, 14, 63, 56, 2, 3, 7, 44, 12, 34, 37, 30, 24, 1, 17, 16, 41, 23, 27, 19, 32, 18, 10, 13, 11, 29, 54, 42, 28, 40, 39, 52, 8, 4 ]
]
];

/*
Return for eval
*/

return s;
