s := SolvablePassportDBInitialize();

/*
Magma printing
*/

s`Filename := "64S36-8,8,2-g9.m";
s`GaloisOrbits := [ Strings() | "64S36-8,8,2-g9-path1.m" ];
s`Name := "64S36-8,8,2-g9";
s`Passport := [ PowerSequence(PermutationGroup<64 |  
\[ 11, 23, 4, 35, 2, 5, 32, 6, 10, 24, 8, 58, 18, 15, 52, 13, 16, 40, 1, 49, 22, 41, 19, 31, 37, 27, 33, 29, 20, 7, 30, 54, 57, 44, 17, 48, 39, 25, 55, 3, 50, 43, 56, 36, 59, 47, 51, 28, 34, 46, 63, 38, 12, 9, 14, 61, 53, 60, 64, 26, 62, 45, 21, 42 ],
\[ 3, 9, 14, 19, 16, 21, 1, 26, 28, 5, 30, 2, 6, 10, 40, 25, 42, 44, 46, 4, 20, 8, 53, 55, 7, 39, 11, 27, 54, 34, 43, 38, 48, 12, 29, 13, 17, 57, 47, 62, 15, 41, 35, 31, 18, 36, 23, 50, 63, 64, 37, 22, 52, 45, 60, 24, 56, 49, 32, 59, 33, 51, 61, 58 ],
\[ 4, 10, 15, 1, 13, 22, 11, 27, 29, 2, 7, 23, 5, 24, 3, 37, 43, 36, 47, 35, 49, 6, 12, 14, 32, 55, 8, 33, 9, 44, 56, 25, 28, 58, 20, 18, 16, 53, 51, 45, 52, 50, 17, 30, 40, 48, 19, 46, 21, 42, 39, 41, 38, 59, 26, 31, 61, 34, 54, 64, 57, 63, 62, 60 ]:
 Order := 64 >) |
[ PermutationGroup<64 |  
\[ 11, 23, 4, 35, 2, 5, 32, 6, 10, 24, 8, 58, 18, 15, 52, 13, 16, 40, 1, 49, 22, 41, 19, 31, 37, 27, 33, 29, 20, 7, 30, 54, 57, 44, 17, 48, 39, 25, 55, 3, 50, 43, 56, 36, 59, 47, 51, 28, 34, 46, 63, 38, 12, 9, 14, 61, 53, 60, 64, 26, 62, 45, 21, 42 ],
\[ 3, 9, 14, 19, 16, 21, 1, 26, 28, 5, 30, 2, 6, 10, 40, 25, 42, 44, 46, 4, 20, 8, 53, 55, 7, 39, 11, 27, 54, 34, 43, 38, 48, 12, 29, 13, 17, 57, 47, 62, 15, 41, 35, 31, 18, 36, 23, 50, 63, 64, 37, 22, 52, 45, 60, 24, 56, 49, 32, 59, 33, 51, 61, 58 ],
\[ 4, 10, 15, 1, 13, 22, 11, 27, 29, 2, 7, 23, 5, 24, 3, 37, 43, 36, 47, 35, 49, 6, 12, 14, 32, 55, 8, 33, 9, 44, 56, 25, 28, 58, 20, 18, 16, 53, 51, 45, 52, 50, 17, 30, 40, 48, 19, 46, 21, 42, 39, 41, 38, 59, 26, 31, 61, 34, 54, 64, 57, 63, 62, 60 ]:
 Order := 64 > |
[ 11, 23, 4, 35, 2, 5, 32, 6, 10, 24, 8, 58, 18, 15, 52, 13, 16, 40, 1, 49, 22, 41, 19, 31, 37, 27, 33, 29, 20, 7, 30, 54, 57, 44, 17, 48, 39, 25, 55, 3, 50, 43, 56, 36, 59, 47, 51, 28, 34, 46, 63, 38, 12, 9, 14, 61, 53, 60, 64, 26, 62, 45, 21, 42 ],
[ 16, 30, 25, 6, 3, 46, 5, 53, 34, 1, 9, 11, 19, 7, 17, 14, 62, 29, 21, 13, 36, 23, 26, 38, 10, 52, 2, 12, 31, 28, 45, 55, 49, 27, 44, 4, 40, 60, 22, 42, 37, 51, 18, 54, 35, 20, 8, 63, 50, 61, 15, 47, 39, 43, 57, 32, 59, 48, 24, 56, 58, 41, 64, 33 ],
[ 13, 7, 37, 5, 4, 47, 2, 12, 44, 11, 10, 8, 1, 32, 16, 15, 45, 20, 22, 18, 48, 19, 27, 25, 24, 38, 23, 58, 30, 29, 59, 14, 34, 33, 36, 35, 3, 26, 41, 43, 39, 63, 40, 9, 17, 49, 6, 21, 46, 62, 52, 51, 55, 56, 53, 54, 64, 28, 31, 61, 60, 50, 42, 57 ]
]
];

/*
Return for eval
*/

return s;
