s := SolvablePassportDBInitialize();

/*
Magma printing
*/

s`Filename := "64S33-4,4,8-g13.m";
s`GaloisOrbits := [ Strings() | "64S33-4,4,8-g13-path1-notcomputed.m", "64S33-4,4,8-g13-path3-notcomputed.m", "64S33-4,4,8-g13-path2-notcomputed.m" ];
s`Name := "64S33-4,4,8-g13";
s`Passport := [ PowerSequence(PermutationGroup<64 |  
\[ 6, 1, 8, 20, 2, 5, 26, 15, 11, 24, 22, 3, 16, 35, 12, 33, 4, 27, 17, 19, 31, 23, 9, 7, 52, 10, 29, 30, 36, 14, 45, 34, 37, 25, 28, 18, 13, 47, 41, 60, 43, 56, 59, 46, 50, 48, 42, 49, 44, 21, 58, 32, 51, 55, 40, 38, 53, 57, 39, 54, 64, 63, 61, 62 ],
\[ 3, 9, 13, 2, 15, 22, 1, 27, 21, 5, 34, 36, 7, 12, 33, 41, 44, 17, 6, 48, 4, 45, 52, 46, 24, 49, 54, 8, 20, 23, 55, 26, 10, 43, 11, 40, 59, 37, 30, 14, 62, 16, 35, 47, 19, 53, 18, 56, 58, 60, 50, 39, 25, 28, 64, 29, 31, 32, 61, 63, 38, 42, 51, 57 ],
\[ 4, 10, 14, 18, 19, 7, 25, 1, 30, 32, 2, 5, 38, 39, 28, 3, 45, 12, 29, 21, 51, 35, 6, 33, 11, 13, 47, 43, 8, 54, 9, 23, 42, 58, 40, 56, 15, 48, 37, 31, 52, 44, 16, 26, 57, 17, 61, 24, 20, 22, 46, 53, 64, 50, 27, 62, 49, 63, 34, 36, 60, 55, 41, 59 ]:
 Order := 64 >) |
[ PermutationGroup<64 |  
\[ 6, 1, 8, 20, 2, 5, 26, 15, 11, 24, 22, 3, 16, 35, 12, 33, 4, 27, 17, 19, 31, 23, 9, 7, 52, 10, 29, 30, 36, 14, 45, 34, 37, 25, 28, 18, 13, 47, 41, 60, 43, 56, 59, 46, 50, 48, 42, 49, 44, 21, 58, 32, 51, 55, 40, 38, 53, 57, 39, 54, 64, 63, 61, 62 ],
\[ 3, 9, 13, 2, 15, 22, 1, 27, 21, 5, 34, 36, 7, 12, 33, 41, 44, 17, 6, 48, 4, 45, 52, 46, 24, 49, 54, 8, 20, 23, 55, 26, 10, 43, 11, 40, 59, 37, 30, 14, 62, 16, 35, 47, 19, 53, 18, 56, 58, 60, 50, 39, 25, 28, 64, 29, 31, 32, 61, 63, 38, 42, 51, 57 ],
\[ 4, 10, 14, 18, 19, 7, 25, 1, 30, 32, 2, 5, 38, 39, 28, 3, 45, 12, 29, 21, 51, 35, 6, 33, 11, 13, 47, 43, 8, 54, 9, 23, 42, 58, 40, 56, 15, 48, 37, 31, 52, 44, 16, 26, 57, 17, 61, 24, 20, 22, 46, 53, 64, 50, 27, 62, 49, 63, 34, 36, 60, 55, 41, 59 ]:
 Order := 64 > |
[ 6, 1, 8, 20, 2, 5, 26, 15, 11, 24, 22, 3, 16, 35, 12, 33, 4, 27, 17, 19, 31, 23, 9, 7, 52, 10, 29, 30, 36, 14, 45, 34, 37, 25, 28, 18, 13, 47, 41, 60, 43, 56, 59, 46, 50, 48, 42, 49, 44, 21, 58, 32, 51, 55, 40, 38, 53, 57, 39, 54, 64, 63, 61, 62 ],
[ 3, 9, 13, 2, 15, 22, 1, 27, 21, 5, 34, 36, 7, 12, 33, 41, 44, 17, 6, 48, 4, 45, 52, 46, 24, 49, 54, 8, 20, 23, 55, 26, 10, 43, 11, 40, 59, 37, 30, 14, 62, 16, 35, 47, 19, 53, 18, 56, 58, 60, 50, 39, 25, 28, 64, 29, 31, 32, 61, 63, 38, 42, 51, 57 ],
[ 4, 10, 14, 18, 19, 7, 25, 1, 30, 32, 2, 5, 38, 39, 28, 3, 45, 12, 29, 21, 51, 35, 6, 33, 11, 13, 47, 43, 8, 54, 9, 23, 42, 58, 40, 56, 15, 48, 37, 31, 52, 44, 16, 26, 57, 17, 61, 24, 20, 22, 46, 53, 64, 50, 27, 62, 49, 63, 34, 36, 60, 55, 41, 59 ]
],
[ PermutationGroup<64 |  
\[ 6, 1, 8, 20, 2, 5, 26, 15, 11, 24, 22, 3, 16, 35, 12, 33, 4, 27, 17, 19, 31, 23, 9, 7, 52, 10, 29, 30, 36, 14, 45, 34, 37, 25, 28, 18, 13, 47, 41, 60, 43, 56, 59, 46, 50, 48, 42, 49, 44, 21, 58, 32, 51, 55, 40, 38, 53, 57, 39, 54, 64, 63, 61, 62 ],
\[ 3, 9, 13, 2, 15, 22, 1, 27, 21, 5, 34, 36, 7, 12, 33, 41, 44, 17, 6, 48, 4, 45, 52, 46, 24, 49, 54, 8, 20, 23, 55, 26, 10, 43, 11, 40, 59, 37, 30, 14, 62, 16, 35, 47, 19, 53, 18, 56, 58, 60, 50, 39, 25, 28, 64, 29, 31, 32, 61, 63, 38, 42, 51, 57 ],
\[ 4, 10, 14, 18, 19, 7, 25, 1, 30, 32, 2, 5, 38, 39, 28, 3, 45, 12, 29, 21, 51, 35, 6, 33, 11, 13, 47, 43, 8, 54, 9, 23, 42, 58, 40, 56, 15, 48, 37, 31, 52, 44, 16, 26, 57, 17, 61, 24, 20, 22, 46, 53, 64, 50, 27, 62, 49, 63, 34, 36, 60, 55, 41, 59 ]:
 Order := 64 > |
[ 3, 9, 13, 2, 15, 22, 1, 27, 21, 5, 34, 36, 7, 12, 33, 41, 44, 17, 6, 48, 4, 45, 52, 46, 24, 49, 54, 8, 20, 23, 55, 26, 10, 43, 11, 40, 59, 37, 30, 14, 62, 16, 35, 47, 19, 53, 18, 56, 58, 60, 50, 39, 25, 28, 64, 29, 31, 32, 61, 63, 38, 42, 51, 57 ],
[ 28, 35, 42, 7, 14, 30, 19, 56, 57, 4, 53, 47, 32, 1, 38, 34, 24, 21, 10, 26, 29, 51, 58, 20, 13, 17, 31, 5, 45, 2, 36, 33, 25, 37, 6, 50, 52, 3, 40, 43, 60, 15, 54, 62, 18, 63, 8, 61, 64, 27, 9, 16, 23, 39, 41, 12, 22, 11, 55, 59, 44, 48, 49, 46 ],
[ 4, 10, 14, 18, 19, 7, 25, 1, 30, 32, 2, 5, 38, 39, 28, 3, 45, 12, 29, 21, 51, 35, 6, 33, 11, 13, 47, 43, 8, 54, 9, 23, 42, 58, 40, 56, 15, 48, 37, 31, 52, 44, 16, 26, 57, 17, 61, 24, 20, 22, 46, 53, 64, 50, 27, 62, 49, 63, 34, 36, 60, 55, 41, 59 ]
],
[ PermutationGroup<64 |  
\[ 6, 1, 8, 20, 2, 5, 26, 15, 11, 24, 22, 3, 16, 35, 12, 33, 4, 27, 17, 19, 31, 23, 9, 7, 52, 10, 29, 30, 36, 14, 45, 34, 37, 25, 28, 18, 13, 47, 41, 60, 43, 56, 59, 46, 50, 48, 42, 49, 44, 21, 58, 32, 51, 55, 40, 38, 53, 57, 39, 54, 64, 63, 61, 62 ],
\[ 3, 9, 13, 2, 15, 22, 1, 27, 21, 5, 34, 36, 7, 12, 33, 41, 44, 17, 6, 48, 4, 45, 52, 46, 24, 49, 54, 8, 20, 23, 55, 26, 10, 43, 11, 40, 59, 37, 30, 14, 62, 16, 35, 47, 19, 53, 18, 56, 58, 60, 50, 39, 25, 28, 64, 29, 31, 32, 61, 63, 38, 42, 51, 57 ],
\[ 4, 10, 14, 18, 19, 7, 25, 1, 30, 32, 2, 5, 38, 39, 28, 3, 45, 12, 29, 21, 51, 35, 6, 33, 11, 13, 47, 43, 8, 54, 9, 23, 42, 58, 40, 56, 15, 48, 37, 31, 52, 44, 16, 26, 57, 17, 61, 24, 20, 22, 46, 53, 64, 50, 27, 62, 49, 63, 34, 36, 60, 55, 41, 59 ]:
 Order := 64 > |
[ 10, 19, 5, 45, 7, 4, 33, 14, 6, 13, 30, 28, 15, 54, 1, 38, 29, 56, 21, 18, 22, 2, 35, 32, 58, 25, 12, 40, 47, 43, 51, 53, 3, 23, 39, 8, 42, 62, 34, 27, 37, 61, 52, 20, 9, 26, 48, 17, 24, 57, 64, 11, 49, 36, 50, 44, 63, 46, 16, 31, 41, 59, 55, 60 ],
[ 36, 52, 59, 15, 27, 34, 9, 17, 60, 22, 26, 20, 46, 33, 41, 30, 58, 6, 3, 53, 44, 55, 24, 47, 5, 56, 63, 13, 2, 45, 28, 1, 49, 62, 21, 64, 35, 10, 8, 23, 57, 7, 12, 37, 48, 31, 40, 16, 50, 14, 19, 61, 43, 11, 38, 54, 4, 39, 51, 42, 29, 18, 25, 32 ],
[ 4, 10, 14, 18, 19, 7, 25, 1, 30, 32, 2, 5, 38, 39, 28, 3, 45, 12, 29, 21, 51, 35, 6, 33, 11, 13, 47, 43, 8, 54, 9, 23, 42, 58, 40, 56, 15, 48, 37, 31, 52, 44, 16, 26, 57, 17, 61, 24, 20, 22, 46, 53, 64, 50, 27, 62, 49, 63, 34, 36, 60, 55, 41, 59 ]
],
[ PermutationGroup<64 |  
\[ 6, 1, 8, 20, 2, 5, 26, 15, 11, 24, 22, 3, 16, 35, 12, 33, 4, 27, 17, 19, 31, 23, 9, 7, 52, 10, 29, 30, 36, 14, 45, 34, 37, 25, 28, 18, 13, 47, 41, 60, 43, 56, 59, 46, 50, 48, 42, 49, 44, 21, 58, 32, 51, 55, 40, 38, 53, 57, 39, 54, 64, 63, 61, 62 ],
\[ 3, 9, 13, 2, 15, 22, 1, 27, 21, 5, 34, 36, 7, 12, 33, 41, 44, 17, 6, 48, 4, 45, 52, 46, 24, 49, 54, 8, 20, 23, 55, 26, 10, 43, 11, 40, 59, 37, 30, 14, 62, 16, 35, 47, 19, 53, 18, 56, 58, 60, 50, 39, 25, 28, 64, 29, 31, 32, 61, 63, 38, 42, 51, 57 ],
\[ 4, 10, 14, 18, 19, 7, 25, 1, 30, 32, 2, 5, 38, 39, 28, 3, 45, 12, 29, 21, 51, 35, 6, 33, 11, 13, 47, 43, 8, 54, 9, 23, 42, 58, 40, 56, 15, 48, 37, 31, 52, 44, 16, 26, 57, 17, 61, 24, 20, 22, 46, 53, 64, 50, 27, 62, 49, 63, 34, 36, 60, 55, 41, 59 ]:
 Order := 64 > |
[ 16, 31, 26, 11, 37, 50, 8, 55, 20, 12, 59, 60, 6, 18, 24, 63, 42, 46, 23, 38, 1, 17, 41, 51, 48, 57, 30, 29, 49, 32, 62, 44, 2, 28, 25, 35, 64, 39, 9, 3, 56, 43, 22, 27, 5, 52, 4, 36, 34, 61, 54, 14, 7, 15, 53, 19, 40, 10, 47, 58, 13, 33, 21, 45 ],
[ 7, 4, 1, 21, 10, 19, 13, 28, 2, 33, 35, 14, 3, 40, 5, 42, 18, 47, 45, 29, 9, 6, 30, 25, 53, 32, 8, 54, 56, 39, 57, 58, 15, 11, 43, 12, 38, 61, 52, 36, 16, 62, 34, 17, 22, 24, 44, 20, 26, 51, 63, 23, 46, 27, 31, 48, 64, 49, 37, 50, 59, 41, 60, 55 ],
[ 4, 10, 14, 18, 19, 7, 25, 1, 30, 32, 2, 5, 38, 39, 28, 3, 45, 12, 29, 21, 51, 35, 6, 33, 11, 13, 47, 43, 8, 54, 9, 23, 42, 58, 40, 56, 15, 48, 37, 31, 52, 44, 16, 26, 57, 17, 61, 24, 20, 22, 46, 53, 64, 50, 27, 62, 49, 63, 34, 36, 60, 55, 41, 59 ]
]
];

/*
Return for eval
*/

return s;
