s := SolvablePassportDBInitialize();

/*
Magma printing
*/

s`Filename := "64S30-2,16,16-g13.m";
s`GaloisOrbits := [ Strings() | "64S30-2,16,16-g13-path1-notcomputed.m" ];
s`Name := "64S30-2,16,16-g13";
s`Passport := [ PowerSequence(PermutationGroup<64 |  
\[ 10, 5, 7, 32, 2, 29, 3, 12, 21, 1, 18, 8, 16, 17, 44, 13, 14, 11, 30, 31, 9, 33, 34, 25, 24, 28, 36, 26, 6, 19, 20, 4, 22, 23, 37, 27, 35, 40, 41, 38, 39, 43, 42, 15, 52, 51, 50, 49, 48, 47, 46, 45, 54, 53, 56, 55, 58, 57, 60, 59, 62, 61, 64, 63 ],
\[ 3, 8, 14, 10, 16, 1, 24, 17, 5, 28, 2, 25, 35, 39, 7, 40, 42, 44, 32, 4, 15, 29, 6, 53, 55, 37, 12, 38, 36, 21, 9, 27, 18, 11, 41, 13, 43, 56, 57, 54, 59, 61, 63, 26, 30, 19, 31, 20, 33, 22, 34, 23, 64, 62, 60, 58, 47, 51, 45, 49, 48, 52, 46, 50 ],
\[ 4, 9, 15, 19, 11, 22, 1, 27, 30, 6, 33, 2, 5, 8, 18, 36, 3, 34, 45, 47, 31, 49, 51, 12, 7, 10, 29, 44, 23, 46, 48, 20, 50, 52, 26, 32, 13, 16, 35, 28, 14, 37, 17, 21, 62, 58, 64, 60, 61, 57, 63, 59, 40, 24, 38, 25, 56, 39, 55, 41, 54, 42, 53, 43 ]:
 Order := 64 >) |
[ PermutationGroup<64 |  
\[ 10, 5, 7, 32, 2, 29, 3, 12, 21, 1, 18, 8, 16, 17, 44, 13, 14, 11, 30, 31, 9, 33, 34, 25, 24, 28, 36, 26, 6, 19, 20, 4, 22, 23, 37, 27, 35, 40, 41, 38, 39, 43, 42, 15, 52, 51, 50, 49, 48, 47, 46, 45, 54, 53, 56, 55, 58, 57, 60, 59, 62, 61, 64, 63 ],
\[ 3, 8, 14, 10, 16, 1, 24, 17, 5, 28, 2, 25, 35, 39, 7, 40, 42, 44, 32, 4, 15, 29, 6, 53, 55, 37, 12, 38, 36, 21, 9, 27, 18, 11, 41, 13, 43, 56, 57, 54, 59, 61, 63, 26, 30, 19, 31, 20, 33, 22, 34, 23, 64, 62, 60, 58, 47, 51, 45, 49, 48, 52, 46, 50 ],
\[ 4, 9, 15, 19, 11, 22, 1, 27, 30, 6, 33, 2, 5, 8, 18, 36, 3, 34, 45, 47, 31, 49, 51, 12, 7, 10, 29, 44, 23, 46, 48, 20, 50, 52, 26, 32, 13, 16, 35, 28, 14, 37, 17, 21, 62, 58, 64, 60, 61, 57, 63, 59, 40, 24, 38, 25, 56, 39, 55, 41, 54, 42, 53, 43 ]:
 Order := 64 > |
[ 2, 1, 13, 18, 10, 21, 16, 26, 29, 5, 32, 28, 3, 38, 27, 7, 40, 4, 22, 23, 6, 19, 20, 37, 35, 8, 15, 12, 9, 33, 34, 11, 30, 31, 25, 44, 24, 14, 53, 17, 54, 55, 56, 36, 47, 48, 45, 46, 51, 52, 49, 50, 39, 41, 42, 43, 61, 62, 63, 64, 57, 58, 59, 60 ],
[ 3, 8, 14, 10, 16, 1, 24, 17, 5, 28, 2, 25, 35, 39, 7, 40, 42, 44, 32, 4, 15, 29, 6, 53, 55, 37, 12, 38, 36, 21, 9, 27, 18, 11, 41, 13, 43, 56, 57, 54, 59, 61, 63, 26, 30, 19, 31, 20, 33, 22, 34, 23, 64, 62, 60, 58, 47, 51, 45, 49, 48, 52, 46, 50 ],
[ 11, 6, 36, 33, 4, 30, 5, 44, 22, 9, 19, 10, 1, 28, 32, 15, 16, 20, 50, 52, 23, 46, 48, 26, 13, 2, 21, 27, 31, 49, 51, 34, 45, 47, 12, 18, 7, 3, 24, 8, 40, 25, 38, 29, 57, 61, 59, 63, 58, 62, 60, 64, 14, 35, 17, 37, 42, 54, 43, 53, 39, 56, 41, 55 ]
]
];

/*
Return for eval
*/

return s;
