s := SolvablePassportDBInitialize();

/*
Magma printing
*/

s`Filename := "64S33-4,4,8-g13.m";
s`GaloisOrbits := [ Strings() | "64S33-4,4,8-g13-path15.m", "64S33-4,4,8-g13-path18.m", "64S33-4,4,8-g13-path37.m", "64S33-4,4,8-g13-path43.m", "64S33-4,4,8-g13-path26.m", "64S33-4,4,8-g13-path4.m", "64S33-4,4,8-g13-path36.m", "64S33-4,4,8-g13-path41.m", "64S33-4,4,8-g13-path13.m", "64S33-4,4,8-g13-path33.m", "64S33-4,4,8-g13-path6.m", "64S33-4,4,8-g13-path7.m", "64S33-4,4,8-g13-path19.m", "64S33-4,4,8-g13-path27.m", "64S33-4,4,8-g13-path25.m", "64S33-4,4,8-g13-path22.m", "64S33-4,4,8-g13-path14.m", "64S33-4,4,8-g13-path32.m", "64S33-4,4,8-g13-path8.m", "64S33-4,4,8-g13-path29.m", "64S33-4,4,8-g13-path16.m", "64S33-4,4,8-g13-path38.m", "64S33-4,4,8-g13-path21.m", "64S33-4,4,8-g13-path31.m", "64S33-4,4,8-g13-path12.m", "64S33-4,4,8-g13-path30.m", "64S33-4,4,8-g13-path9.m", "64S33-4,4,8-g13-path20.m", "64S33-4,4,8-g13-path24.m", "64S33-4,4,8-g13-path5.m", "64S33-4,4,8-g13-path17.m", "64S33-4,4,8-g13-path34.m", "64S33-4,4,8-g13-path1.m", "64S33-4,4,8-g13-path28.m", "64S33-4,4,8-g13-path44.m", "64S33-4,4,8-g13-path23.m", "64S33-4,4,8-g13-path10.m", "64S33-4,4,8-g13-path42.m", "64S33-4,4,8-g13-path3.m", "64S33-4,4,8-g13-path2.m", "64S33-4,4,8-g13-path11.m", "64S33-4,4,8-g13-path40.m", "64S33-4,4,8-g13-path39.m", "64S33-4,4,8-g13-path35.m" ];
s`Name := "64S33-4,4,8-g13";
s`Passport := [ PowerSequence(PermutationGroup<64 |  
\[ 11, 30, 8, 23, 2, 5, 14, 41, 18, 13, 9, 33, 59, 26, 44, 7, 53, 1, 50, 17, 20, 32, 45, 42, 3, 16, 29, 19, 47, 6, 51, 63, 38, 27, 12, 28, 10, 35, 24, 15, 25, 46, 60, 54, 48, 39, 34, 4, 43, 36, 58, 31, 21, 40, 56, 61, 22, 52, 37, 64, 62, 55, 57, 49 ],
\[ 3, 10, 5, 18, 7, 4, 1, 27, 22, 11, 12, 2, 39, 28, 25, 15, 42, 20, 48, 6, 19, 30, 44, 16, 24, 55, 14, 8, 21, 31, 9, 50, 40, 37, 34, 35, 36, 56, 33, 13, 43, 23, 26, 17, 49, 57, 32, 29, 53, 51, 47, 46, 62, 52, 41, 59, 54, 61, 60, 38, 63, 45, 64, 58 ],
\[ 4, 3, 15, 19, 20, 22, 24, 1, 10, 34, 7, 36, 2, 5, 33, 43, 18, 31, 14, 29, 49, 46, 6, 13, 55, 27, 35, 37, 8, 12, 54, 9, 11, 51, 60, 32, 56, 39, 52, 57, 28, 25, 45, 16, 42, 17, 48, 62, 63, 21, 30, 64, 44, 23, 53, 26, 61, 50, 40, 41, 38, 58, 47, 59 ]:
 Order := 64 >) |
[ PermutationGroup<64 |  
\[ 11, 30, 8, 23, 2, 5, 14, 41, 18, 13, 9, 33, 59, 26, 44, 7, 53, 1, 50, 17, 20, 32, 45, 42, 3, 16, 29, 19, 47, 6, 51, 63, 38, 27, 12, 28, 10, 35, 24, 15, 25, 46, 60, 54, 48, 39, 34, 4, 43, 36, 58, 31, 21, 40, 56, 61, 22, 52, 37, 64, 62, 55, 57, 49 ],
\[ 3, 10, 5, 18, 7, 4, 1, 27, 22, 11, 12, 2, 39, 28, 25, 15, 42, 20, 48, 6, 19, 30, 44, 16, 24, 55, 14, 8, 21, 31, 9, 50, 40, 37, 34, 35, 36, 56, 33, 13, 43, 23, 26, 17, 49, 57, 32, 29, 53, 51, 47, 46, 62, 52, 41, 59, 54, 61, 60, 38, 63, 45, 64, 58 ],
\[ 4, 3, 15, 19, 20, 22, 24, 1, 10, 34, 7, 36, 2, 5, 33, 43, 18, 31, 14, 29, 49, 46, 6, 13, 55, 27, 35, 37, 8, 12, 54, 9, 11, 51, 60, 32, 56, 39, 52, 57, 28, 25, 45, 16, 42, 17, 48, 62, 63, 21, 30, 64, 44, 23, 53, 26, 61, 50, 40, 41, 38, 58, 47, 59 ]:
 Order := 64 > |
[ 3, 10, 5, 18, 7, 4, 1, 27, 22, 11, 12, 2, 39, 28, 25, 15, 42, 20, 48, 6, 19, 30, 44, 16, 24, 55, 14, 8, 21, 31, 9, 50, 40, 37, 34, 35, 36, 56, 33, 13, 43, 23, 26, 17, 49, 57, 32, 29, 53, 51, 47, 46, 62, 52, 41, 59, 54, 61, 60, 38, 63, 45, 64, 58 ],
[ 28, 40, 12, 7, 27, 42, 10, 48, 47, 31, 39, 22, 25, 21, 1, 23, 52, 44, 6, 3, 32, 20, 57, 5, 17, 38, 43, 55, 18, 50, 4, 37, 16, 2, 8, 11, 14, 58, 60, 56, 59, 62, 24, 49, 41, 9, 61, 51, 29, 64, 35, 13, 26, 30, 15, 34, 33, 53, 63, 36, 46, 19, 45, 54 ],
[ 4, 3, 15, 19, 20, 22, 24, 1, 10, 34, 7, 36, 2, 5, 33, 43, 18, 31, 14, 29, 49, 46, 6, 13, 55, 27, 35, 37, 8, 12, 54, 9, 11, 51, 60, 32, 56, 39, 52, 57, 28, 25, 45, 16, 42, 17, 48, 62, 63, 21, 30, 64, 44, 23, 53, 26, 61, 50, 40, 41, 38, 58, 47, 59 ]
],
[ PermutationGroup<64 |  
\[ 11, 30, 8, 23, 2, 5, 14, 41, 18, 13, 9, 33, 59, 26, 44, 7, 53, 1, 50, 17, 20, 32, 45, 42, 3, 16, 29, 19, 47, 6, 51, 63, 38, 27, 12, 28, 10, 35, 24, 15, 25, 46, 60, 54, 48, 39, 34, 4, 43, 36, 58, 31, 21, 40, 56, 61, 22, 52, 37, 64, 62, 55, 57, 49 ],
\[ 3, 10, 5, 18, 7, 4, 1, 27, 22, 11, 12, 2, 39, 28, 25, 15, 42, 20, 48, 6, 19, 30, 44, 16, 24, 55, 14, 8, 21, 31, 9, 50, 40, 37, 34, 35, 36, 56, 33, 13, 43, 23, 26, 17, 49, 57, 32, 29, 53, 51, 47, 46, 62, 52, 41, 59, 54, 61, 60, 38, 63, 45, 64, 58 ],
\[ 4, 3, 15, 19, 20, 22, 24, 1, 10, 34, 7, 36, 2, 5, 33, 43, 18, 31, 14, 29, 49, 46, 6, 13, 55, 27, 35, 37, 8, 12, 54, 9, 11, 51, 60, 32, 56, 39, 52, 57, 28, 25, 45, 16, 42, 17, 48, 62, 63, 21, 30, 64, 44, 23, 53, 26, 61, 50, 40, 41, 38, 58, 47, 59 ]:
 Order := 64 > |
[ 11, 30, 8, 23, 2, 5, 14, 41, 18, 13, 9, 33, 59, 26, 44, 7, 53, 1, 50, 17, 20, 32, 45, 42, 3, 16, 29, 19, 47, 6, 51, 63, 38, 27, 12, 28, 10, 35, 24, 15, 25, 46, 60, 54, 48, 39, 34, 4, 43, 36, 58, 31, 21, 40, 56, 61, 22, 52, 37, 64, 62, 55, 57, 49 ],
[ 3, 10, 5, 18, 7, 4, 1, 27, 22, 11, 12, 2, 39, 28, 25, 15, 42, 20, 48, 6, 19, 30, 44, 16, 24, 55, 14, 8, 21, 31, 9, 50, 40, 37, 34, 35, 36, 56, 33, 13, 43, 23, 26, 17, 49, 57, 32, 29, 53, 51, 47, 46, 62, 52, 41, 59, 54, 61, 60, 38, 63, 45, 64, 58 ],
[ 4, 3, 15, 19, 20, 22, 24, 1, 10, 34, 7, 36, 2, 5, 33, 43, 18, 31, 14, 29, 49, 46, 6, 13, 55, 27, 35, 37, 8, 12, 54, 9, 11, 51, 60, 32, 56, 39, 52, 57, 28, 25, 45, 16, 42, 17, 48, 62, 63, 21, 30, 64, 44, 23, 53, 26, 61, 50, 40, 41, 38, 58, 47, 59 ]
],
[ PermutationGroup<64 |  
\[ 11, 30, 8, 23, 2, 5, 14, 41, 18, 13, 9, 33, 59, 26, 44, 7, 53, 1, 50, 17, 20, 32, 45, 42, 3, 16, 29, 19, 47, 6, 51, 63, 38, 27, 12, 28, 10, 35, 24, 15, 25, 46, 60, 54, 48, 39, 34, 4, 43, 36, 58, 31, 21, 40, 56, 61, 22, 52, 37, 64, 62, 55, 57, 49 ],
\[ 3, 10, 5, 18, 7, 4, 1, 27, 22, 11, 12, 2, 39, 28, 25, 15, 42, 20, 48, 6, 19, 30, 44, 16, 24, 55, 14, 8, 21, 31, 9, 50, 40, 37, 34, 35, 36, 56, 33, 13, 43, 23, 26, 17, 49, 57, 32, 29, 53, 51, 47, 46, 62, 52, 41, 59, 54, 61, 60, 38, 63, 45, 64, 58 ],
\[ 4, 3, 15, 19, 20, 22, 24, 1, 10, 34, 7, 36, 2, 5, 33, 43, 18, 31, 14, 29, 49, 46, 6, 13, 55, 27, 35, 37, 8, 12, 54, 9, 11, 51, 60, 32, 56, 39, 52, 57, 28, 25, 45, 16, 42, 17, 48, 62, 63, 21, 30, 64, 44, 23, 53, 26, 61, 50, 40, 41, 38, 58, 47, 59 ]:
 Order := 64 > |
[ 18, 5, 25, 48, 6, 30, 16, 3, 11, 37, 1, 35, 10, 7, 40, 26, 20, 9, 28, 21, 53, 57, 4, 39, 41, 14, 34, 36, 27, 2, 52, 22, 12, 47, 38, 50, 59, 33, 46, 54, 8, 24, 49, 15, 23, 42, 29, 45, 64, 19, 31, 58, 17, 44, 62, 55, 63, 51, 13, 43, 56, 61, 32, 60 ],
[ 41, 59, 30, 11, 26, 45, 9, 47, 63, 18, 38, 6, 42, 50, 8, 54, 39, 53, 23, 2, 36, 5, 40, 14, 46, 61, 16, 25, 17, 58, 1, 28, 44, 13, 29, 33, 19, 62, 35, 37, 64, 48, 7, 21, 60, 32, 57, 34, 20, 52, 27, 24, 56, 51, 3, 10, 15, 55, 49, 12, 22, 4, 43, 31 ],
[ 4, 3, 15, 19, 20, 22, 24, 1, 10, 34, 7, 36, 2, 5, 33, 43, 18, 31, 14, 29, 49, 46, 6, 13, 55, 27, 35, 37, 8, 12, 54, 9, 11, 51, 60, 32, 56, 39, 52, 57, 28, 25, 45, 16, 42, 17, 48, 62, 63, 21, 30, 64, 44, 23, 53, 26, 61, 50, 40, 41, 38, 58, 47, 59 ]
],
[ PermutationGroup<64 |  
\[ 11, 30, 8, 23, 2, 5, 14, 41, 18, 13, 9, 33, 59, 26, 44, 7, 53, 1, 50, 17, 20, 32, 45, 42, 3, 16, 29, 19, 47, 6, 51, 63, 38, 27, 12, 28, 10, 35, 24, 15, 25, 46, 60, 54, 48, 39, 34, 4, 43, 36, 58, 31, 21, 40, 56, 61, 22, 52, 37, 64, 62, 55, 57, 49 ],
\[ 3, 10, 5, 18, 7, 4, 1, 27, 22, 11, 12, 2, 39, 28, 25, 15, 42, 20, 48, 6, 19, 30, 44, 16, 24, 55, 14, 8, 21, 31, 9, 50, 40, 37, 34, 35, 36, 56, 33, 13, 43, 23, 26, 17, 49, 57, 32, 29, 53, 51, 47, 46, 62, 52, 41, 59, 54, 61, 60, 38, 63, 45, 64, 58 ],
\[ 4, 3, 15, 19, 20, 22, 24, 1, 10, 34, 7, 36, 2, 5, 33, 43, 18, 31, 14, 29, 49, 46, 6, 13, 55, 27, 35, 37, 8, 12, 54, 9, 11, 51, 60, 32, 56, 39, 52, 57, 28, 25, 45, 16, 42, 17, 48, 62, 63, 21, 30, 64, 44, 23, 53, 26, 61, 50, 40, 41, 38, 58, 47, 59 ]:
 Order := 64 > |
[ 33, 51, 29, 54, 13, 14, 19, 60, 17, 24, 32, 15, 64, 56, 53, 11, 55, 8, 58, 46, 5, 36, 43, 45, 2, 44, 20, 4, 63, 23, 34, 49, 61, 26, 30, 41, 9, 27, 7, 3, 42, 22, 35, 31, 47, 38, 10, 1, 16, 12, 62, 18, 50, 59, 37, 57, 6, 39, 28, 52, 48, 25, 40, 21 ],
[ 18, 5, 25, 48, 6, 30, 16, 3, 11, 37, 1, 35, 10, 7, 40, 26, 20, 9, 28, 21, 53, 57, 4, 39, 41, 14, 34, 36, 27, 2, 52, 22, 12, 47, 38, 50, 59, 33, 46, 54, 8, 24, 49, 15, 23, 42, 29, 45, 64, 19, 31, 58, 17, 44, 62, 55, 63, 51, 13, 43, 56, 61, 32, 60 ],
[ 4, 3, 15, 19, 20, 22, 24, 1, 10, 34, 7, 36, 2, 5, 33, 43, 18, 31, 14, 29, 49, 46, 6, 13, 55, 27, 35, 37, 8, 12, 54, 9, 11, 51, 60, 32, 56, 39, 52, 57, 28, 25, 45, 16, 42, 17, 48, 62, 63, 21, 30, 64, 44, 23, 53, 26, 61, 50, 40, 41, 38, 58, 47, 59 ]
]
];

/*
Return for eval
*/

return s;
