s := SolvablePassportDBInitialize();

/*
Magma printing
*/

s`Filename := "64S37-8,4,8-g17.m";
s`GaloisOrbits := [ Strings() | "64S37-8,4,8-g17-path2.m", "64S37-8,4,8-g17-path1.m" ];
s`Name := "64S37-8,4,8-g17";
s`Passport := [ PowerSequence(PermutationGroup<64 |  
\[ 12, 29, 8, 42, 2, 5, 44, 28, 6, 14, 31, 9, 60, 4, 34, 20, 49, 15, 18, 43, 10, 1, 17, 21, 24, 47, 30, 19, 22, 13, 64, 58, 11, 56, 37, 51, 57, 33, 48, 36, 25, 41, 26, 38, 40, 7, 54, 27, 35, 39, 32, 23, 63, 59, 52, 3, 55, 53, 61, 62, 16, 50, 45, 46 ],
\[ 3, 10, 16, 22, 18, 27, 1, 35, 38, 20, 5, 41, 2, 51, 52, 7, 56, 47, 32, 13, 55, 62, 14, 6, 63, 4, 61, 9, 64, 58, 36, 46, 17, 29, 31, 8, 25, 43, 12, 21, 54, 49, 28, 53, 33, 57, 11, 23, 30, 40, 48, 44, 15, 39, 50, 45, 19, 42, 34, 37, 24, 26, 60, 59 ],
\[ 4, 11, 17, 23, 24, 28, 32, 1, 39, 40, 45, 7, 49, 2, 5, 27, 48, 57, 43, 3, 61, 34, 15, 37, 12, 38, 51, 36, 13, 6, 47, 14, 9, 53, 42, 50, 8, 52, 55, 56, 58, 26, 10, 16, 25, 29, 62, 54, 33, 22, 31, 21, 30, 18, 46, 59, 60, 19, 41, 20, 64, 63, 44, 35 ]:
 Order := 64 >) |
[ PermutationGroup<64 |  
\[ 12, 29, 8, 42, 2, 5, 44, 28, 6, 14, 31, 9, 60, 4, 34, 20, 49, 15, 18, 43, 10, 1, 17, 21, 24, 47, 30, 19, 22, 13, 64, 58, 11, 56, 37, 51, 57, 33, 48, 36, 25, 41, 26, 38, 40, 7, 54, 27, 35, 39, 32, 23, 63, 59, 52, 3, 55, 53, 61, 62, 16, 50, 45, 46 ],
\[ 3, 10, 16, 22, 18, 27, 1, 35, 38, 20, 5, 41, 2, 51, 52, 7, 56, 47, 32, 13, 55, 62, 14, 6, 63, 4, 61, 9, 64, 58, 36, 46, 17, 29, 31, 8, 25, 43, 12, 21, 54, 49, 28, 53, 33, 57, 11, 23, 30, 40, 48, 44, 15, 39, 50, 45, 19, 42, 34, 37, 24, 26, 60, 59 ],
\[ 4, 11, 17, 23, 24, 28, 32, 1, 39, 40, 45, 7, 49, 2, 5, 27, 48, 57, 43, 3, 61, 34, 15, 37, 12, 38, 51, 36, 13, 6, 47, 14, 9, 53, 42, 50, 8, 52, 55, 56, 58, 26, 10, 16, 25, 29, 62, 54, 33, 22, 31, 21, 30, 18, 46, 59, 60, 19, 41, 20, 64, 63, 44, 35 ]:
 Order := 64 > |
[ 22, 5, 56, 14, 6, 9, 46, 3, 12, 21, 33, 1, 30, 10, 18, 61, 23, 19, 28, 16, 24, 29, 52, 25, 41, 43, 48, 8, 2, 27, 11, 51, 38, 15, 49, 40, 35, 44, 50, 45, 42, 4, 20, 7, 63, 64, 26, 39, 17, 62, 36, 55, 58, 47, 57, 34, 37, 32, 54, 13, 59, 60, 53, 31 ],
[ 38, 62, 9, 54, 64, 10, 43, 32, 18, 22, 59, 27, 26, 49, 45, 28, 31, 29, 52, 4, 51, 41, 30, 20, 55, 39, 2, 47, 3, 37, 57, 15, 36, 16, 19, 46, 50, 5, 61, 48, 6, 63, 11, 17, 8, 53, 34, 58, 25, 23, 42, 56, 33, 24, 14, 35, 44, 60, 7, 40, 13, 12, 21, 1 ],
[ 62, 18, 45, 51, 27, 38, 57, 16, 41, 55, 17, 3, 58, 20, 47, 24, 14, 32, 9, 7, 6, 64, 44, 63, 54, 28, 23, 35, 10, 61, 5, 48, 43, 52, 30, 21, 31, 53, 40, 33, 49, 22, 13, 1, 60, 59, 4, 12, 56, 26, 8, 50, 42, 11, 19, 29, 25, 46, 39, 2, 34, 37, 15, 36 ]
],
[ PermutationGroup<64 |  
\[ 12, 29, 8, 42, 2, 5, 44, 28, 6, 14, 31, 9, 60, 4, 34, 20, 49, 15, 18, 43, 10, 1, 17, 21, 24, 47, 30, 19, 22, 13, 64, 58, 11, 56, 37, 51, 57, 33, 48, 36, 25, 41, 26, 38, 40, 7, 54, 27, 35, 39, 32, 23, 63, 59, 52, 3, 55, 53, 61, 62, 16, 50, 45, 46 ],
\[ 3, 10, 16, 22, 18, 27, 1, 35, 38, 20, 5, 41, 2, 51, 52, 7, 56, 47, 32, 13, 55, 62, 14, 6, 63, 4, 61, 9, 64, 58, 36, 46, 17, 29, 31, 8, 25, 43, 12, 21, 54, 49, 28, 53, 33, 57, 11, 23, 30, 40, 48, 44, 15, 39, 50, 45, 19, 42, 34, 37, 24, 26, 60, 59 ],
\[ 4, 11, 17, 23, 24, 28, 32, 1, 39, 40, 45, 7, 49, 2, 5, 27, 48, 57, 43, 3, 61, 34, 15, 37, 12, 38, 51, 36, 13, 6, 47, 14, 9, 53, 42, 50, 8, 52, 55, 56, 58, 26, 10, 16, 25, 29, 62, 54, 33, 22, 31, 21, 30, 18, 46, 59, 60, 19, 41, 20, 64, 63, 44, 35 ]:
 Order := 64 > |
[ 22, 5, 56, 14, 6, 9, 46, 3, 12, 21, 33, 1, 30, 10, 18, 61, 23, 19, 28, 16, 24, 29, 52, 25, 41, 43, 48, 8, 2, 27, 11, 51, 38, 15, 49, 40, 35, 44, 50, 45, 42, 4, 20, 7, 63, 64, 26, 39, 17, 62, 36, 55, 58, 47, 57, 34, 37, 32, 54, 13, 59, 60, 53, 31 ],
[ 11, 39, 5, 61, 7, 4, 47, 53, 34, 12, 16, 13, 54, 37, 36, 18, 46, 1, 17, 41, 58, 24, 60, 26, 23, 27, 22, 59, 28, 55, 52, 56, 32, 43, 15, 44, 48, 29, 20, 30, 2, 40, 64, 35, 19, 45, 3, 63, 21, 49, 25, 8, 31, 10, 42, 57, 33, 50, 38, 51, 62, 6, 14, 9 ],
[ 10, 38, 52, 55, 41, 3, 36, 29, 62, 63, 53, 64, 23, 6, 9, 39, 50, 35, 16, 34, 54, 18, 19, 49, 22, 7, 40, 45, 27, 12, 43, 21, 1, 32, 14, 60, 56, 57, 37, 15, 51, 20, 24, 59, 42, 5, 13, 26, 44, 2, 33, 25, 48, 28, 31, 47, 30, 8, 4, 61, 11, 58, 46, 17 ]
]
];

/*
Return for eval
*/

return s;
