s := SolvablePassportDBInitialize();

/*
Magma printing
*/

s`Filename := "64S35-4,4,4-g9.m";
s`GaloisOrbits := [ Strings() | "64S35-4,4,4-g9-path4-notcomputed.m", "64S35-4,4,4-g9-path3-notcomputed.m", "64S35-4,4,4-g9-path1-notcomputed.m", "64S35-4,4,4-g9-path2-notcomputed.m", "64S35-4,4,4-g9-path6-notcomputed.m", "64S35-4,4,4-g9-path5-notcomputed.m" ];
s`Name := "64S35-4,4,4-g9";
s`Passport := [ PowerSequence(PermutationGroup<64 |  
\[ 12, 37, 8, 58, 2, 5, 43, 49, 22, 14, 30, 9, 62, 59, 33, 20, 64, 15, 18, 63, 36, 1, 56, 21, 24, 57, 29, 44, 42, 38, 51, 11, 19, 23, 55, 25, 6, 32, 27, 16, 35, 39, 28, 7, 26, 31, 34, 17, 53, 48, 61, 45, 3, 41, 54, 47, 52, 13, 60, 10, 46, 4, 40, 50 ],
\[ 3, 10, 16, 22, 18, 27, 1, 34, 33, 40, 5, 42, 2, 47, 31, 7, 53, 45, 56, 24, 48, 59, 62, 6, 41, 4, 20, 37, 23, 17, 44, 35, 63, 32, 8, 12, 49, 9, 46, 13, 60, 52, 54, 50, 11, 58, 21, 14, 57, 15, 25, 36, 61, 19, 39, 43, 28, 55, 26, 51, 30, 64, 38, 29 ],
\[ 4, 11, 17, 23, 24, 28, 31, 1, 36, 41, 34, 7, 46, 2, 5, 10, 21, 54, 9, 3, 20, 38, 8, 51, 52, 18, 55, 56, 6, 45, 39, 63, 50, 14, 25, 47, 13, 61, 12, 33, 43, 64, 16, 57, 42, 53, 19, 44, 35, 62, 15, 49, 37, 58, 32, 29, 59, 26, 48, 22, 60, 40, 27, 30 ]:
 Order := 64 >) |
[ PermutationGroup<64 |  
\[ 12, 37, 8, 58, 2, 5, 43, 49, 22, 14, 30, 9, 62, 59, 33, 20, 64, 15, 18, 63, 36, 1, 56, 21, 24, 57, 29, 44, 42, 38, 51, 11, 19, 23, 55, 25, 6, 32, 27, 16, 35, 39, 28, 7, 26, 31, 34, 17, 53, 48, 61, 45, 3, 41, 54, 47, 52, 13, 60, 10, 46, 4, 40, 50 ],
\[ 3, 10, 16, 22, 18, 27, 1, 34, 33, 40, 5, 42, 2, 47, 31, 7, 53, 45, 56, 24, 48, 59, 62, 6, 41, 4, 20, 37, 23, 17, 44, 35, 63, 32, 8, 12, 49, 9, 46, 13, 60, 52, 54, 50, 11, 58, 21, 14, 57, 15, 25, 36, 61, 19, 39, 43, 28, 55, 26, 51, 30, 64, 38, 29 ],
\[ 4, 11, 17, 23, 24, 28, 31, 1, 36, 41, 34, 7, 46, 2, 5, 10, 21, 54, 9, 3, 20, 38, 8, 51, 52, 18, 55, 56, 6, 45, 39, 63, 50, 14, 25, 47, 13, 61, 12, 33, 43, 64, 16, 57, 42, 53, 19, 44, 35, 62, 15, 49, 37, 58, 32, 29, 59, 26, 48, 22, 60, 40, 27, 30 ]:
 Order := 64 > |
[ 12, 37, 8, 58, 2, 5, 43, 49, 22, 14, 30, 9, 62, 59, 33, 20, 64, 15, 18, 63, 36, 1, 56, 21, 24, 57, 29, 44, 42, 38, 51, 11, 19, 23, 55, 25, 6, 32, 27, 16, 35, 39, 28, 7, 26, 31, 34, 17, 53, 48, 61, 45, 3, 41, 54, 47, 52, 13, 60, 10, 46, 4, 40, 50 ],
[ 3, 10, 16, 22, 18, 27, 1, 34, 33, 40, 5, 42, 2, 47, 31, 7, 53, 45, 56, 24, 48, 59, 62, 6, 41, 4, 20, 37, 23, 17, 44, 35, 63, 32, 8, 12, 49, 9, 46, 13, 60, 52, 54, 50, 11, 58, 21, 14, 57, 15, 25, 36, 61, 19, 39, 43, 28, 55, 26, 51, 30, 64, 38, 29 ],
[ 4, 11, 17, 23, 24, 28, 31, 1, 36, 41, 34, 7, 46, 2, 5, 10, 21, 54, 9, 3, 20, 38, 8, 51, 52, 18, 55, 56, 6, 45, 39, 63, 50, 14, 25, 47, 13, 61, 12, 33, 43, 64, 16, 57, 42, 53, 19, 44, 35, 62, 15, 49, 37, 58, 32, 29, 59, 26, 48, 22, 60, 40, 27, 30 ]
],
[ PermutationGroup<64 |  
\[ 12, 37, 8, 58, 2, 5, 43, 49, 22, 14, 30, 9, 62, 59, 33, 20, 64, 15, 18, 63, 36, 1, 56, 21, 24, 57, 29, 44, 42, 38, 51, 11, 19, 23, 55, 25, 6, 32, 27, 16, 35, 39, 28, 7, 26, 31, 34, 17, 53, 48, 61, 45, 3, 41, 54, 47, 52, 13, 60, 10, 46, 4, 40, 50 ],
\[ 3, 10, 16, 22, 18, 27, 1, 34, 33, 40, 5, 42, 2, 47, 31, 7, 53, 45, 56, 24, 48, 59, 62, 6, 41, 4, 20, 37, 23, 17, 44, 35, 63, 32, 8, 12, 49, 9, 46, 13, 60, 52, 54, 50, 11, 58, 21, 14, 57, 15, 25, 36, 61, 19, 39, 43, 28, 55, 26, 51, 30, 64, 38, 29 ],
\[ 4, 11, 17, 23, 24, 28, 31, 1, 36, 41, 34, 7, 46, 2, 5, 10, 21, 54, 9, 3, 20, 38, 8, 51, 52, 18, 55, 56, 6, 45, 39, 63, 50, 14, 25, 47, 13, 61, 12, 33, 43, 64, 16, 57, 42, 53, 19, 44, 35, 62, 15, 49, 37, 58, 32, 29, 59, 26, 48, 22, 60, 40, 27, 30 ]:
 Order := 64 > |
[ 3, 10, 16, 22, 18, 27, 1, 34, 33, 40, 5, 42, 2, 47, 31, 7, 53, 45, 56, 24, 48, 59, 62, 6, 41, 4, 20, 37, 23, 17, 44, 35, 63, 32, 8, 12, 49, 9, 46, 13, 60, 52, 54, 50, 11, 58, 21, 14, 57, 15, 25, 36, 61, 19, 39, 43, 28, 55, 26, 51, 30, 64, 38, 29 ],
[ 12, 37, 8, 58, 2, 5, 43, 49, 22, 14, 30, 9, 62, 59, 33, 20, 64, 15, 18, 63, 36, 1, 56, 21, 24, 57, 29, 44, 42, 38, 51, 11, 19, 23, 55, 25, 6, 32, 27, 16, 35, 39, 28, 7, 26, 31, 34, 17, 53, 48, 61, 45, 3, 41, 54, 47, 52, 13, 60, 10, 46, 4, 40, 50 ],
[ 44, 58, 22, 45, 32, 25, 40, 41, 30, 5, 52, 21, 63, 50, 64, 53, 11, 6, 55, 39, 56, 62, 27, 16, 31, 14, 37, 26, 17, 51, 18, 47, 12, 3, 38, 57, 43, 20, 35, 60, 36, 1, 23, 46, 19, 42, 10, 24, 2, 28, 59, 29, 48, 7, 4, 33, 8, 61, 9, 54, 49, 34, 15, 13 ]
],
[ PermutationGroup<64 |  
\[ 12, 37, 8, 58, 2, 5, 43, 49, 22, 14, 30, 9, 62, 59, 33, 20, 64, 15, 18, 63, 36, 1, 56, 21, 24, 57, 29, 44, 42, 38, 51, 11, 19, 23, 55, 25, 6, 32, 27, 16, 35, 39, 28, 7, 26, 31, 34, 17, 53, 48, 61, 45, 3, 41, 54, 47, 52, 13, 60, 10, 46, 4, 40, 50 ],
\[ 3, 10, 16, 22, 18, 27, 1, 34, 33, 40, 5, 42, 2, 47, 31, 7, 53, 45, 56, 24, 48, 59, 62, 6, 41, 4, 20, 37, 23, 17, 44, 35, 63, 32, 8, 12, 49, 9, 46, 13, 60, 52, 54, 50, 11, 58, 21, 14, 57, 15, 25, 36, 61, 19, 39, 43, 28, 55, 26, 51, 30, 64, 38, 29 ],
\[ 4, 11, 17, 23, 24, 28, 31, 1, 36, 41, 34, 7, 46, 2, 5, 10, 21, 54, 9, 3, 20, 38, 8, 51, 52, 18, 55, 56, 6, 45, 39, 63, 50, 14, 25, 47, 13, 61, 12, 33, 43, 64, 16, 57, 42, 53, 19, 44, 35, 62, 15, 49, 37, 58, 32, 29, 59, 26, 48, 22, 60, 40, 27, 30 ]:
 Order := 64 > |
[ 3, 10, 16, 22, 18, 27, 1, 34, 33, 40, 5, 42, 2, 47, 31, 7, 53, 45, 56, 24, 48, 59, 62, 6, 41, 4, 20, 37, 23, 17, 44, 35, 63, 32, 8, 12, 49, 9, 46, 13, 60, 52, 54, 50, 11, 58, 21, 14, 57, 15, 25, 36, 61, 19, 39, 43, 28, 55, 26, 51, 30, 64, 38, 29 ],
[ 19, 29, 52, 37, 53, 14, 6, 46, 8, 57, 22, 60, 1, 61, 47, 32, 33, 40, 51, 62, 35, 39, 36, 9, 17, 25, 45, 12, 31, 55, 38, 64, 26, 28, 18, 5, 15, 2, 56, 21, 27, 63, 48, 41, 44, 24, 4, 42, 20, 3, 13, 58, 23, 49, 10, 11, 30, 50, 16, 34, 7, 54, 43, 59 ],
[ 61, 51, 13, 33, 56, 46, 59, 21, 31, 38, 27, 23, 18, 43, 58, 50, 57, 36, 62, 41, 15, 47, 2, 49, 19, 64, 7, 10, 32, 14, 37, 60, 24, 9, 16, 3, 34, 42, 30, 55, 26, 28, 39, 29, 35, 22, 6, 40, 4, 45, 12, 48, 25, 63, 52, 1, 54, 8, 11, 44, 5, 53, 17, 20 ]
],
[ PermutationGroup<64 |  
\[ 12, 37, 8, 58, 2, 5, 43, 49, 22, 14, 30, 9, 62, 59, 33, 20, 64, 15, 18, 63, 36, 1, 56, 21, 24, 57, 29, 44, 42, 38, 51, 11, 19, 23, 55, 25, 6, 32, 27, 16, 35, 39, 28, 7, 26, 31, 34, 17, 53, 48, 61, 45, 3, 41, 54, 47, 52, 13, 60, 10, 46, 4, 40, 50 ],
\[ 3, 10, 16, 22, 18, 27, 1, 34, 33, 40, 5, 42, 2, 47, 31, 7, 53, 45, 56, 24, 48, 59, 62, 6, 41, 4, 20, 37, 23, 17, 44, 35, 63, 32, 8, 12, 49, 9, 46, 13, 60, 52, 54, 50, 11, 58, 21, 14, 57, 15, 25, 36, 61, 19, 39, 43, 28, 55, 26, 51, 30, 64, 38, 29 ],
\[ 4, 11, 17, 23, 24, 28, 31, 1, 36, 41, 34, 7, 46, 2, 5, 10, 21, 54, 9, 3, 20, 38, 8, 51, 52, 18, 55, 56, 6, 45, 39, 63, 50, 14, 25, 47, 13, 61, 12, 33, 43, 64, 16, 57, 42, 53, 19, 44, 35, 62, 15, 49, 37, 58, 32, 29, 59, 26, 48, 22, 60, 40, 27, 30 ]:
 Order := 64 > |
[ 3, 10, 16, 22, 18, 27, 1, 34, 33, 40, 5, 42, 2, 47, 31, 7, 53, 45, 56, 24, 48, 59, 62, 6, 41, 4, 20, 37, 23, 17, 44, 35, 63, 32, 8, 12, 49, 9, 46, 13, 60, 52, 54, 50, 11, 58, 21, 14, 57, 15, 25, 36, 61, 19, 39, 43, 28, 55, 26, 51, 30, 64, 38, 29 ],
[ 13, 38, 50, 47, 36, 7, 61, 9, 24, 55, 56, 28, 51, 6, 37, 59, 25, 35, 1, 49, 40, 11, 53, 46, 26, 33, 41, 34, 2, 57, 29, 16, 17, 60, 21, 23, 4, 31, 22, 18, 44, 48, 63, 45, 27, 8, 15, 43, 54, 58, 19, 3, 5, 62, 30, 39, 10, 52, 64, 12, 14, 20, 42, 32 ],
[ 6, 1, 19, 25, 22, 9, 32, 18, 2, 29, 44, 5, 21, 42, 3, 52, 55, 53, 49, 45, 4, 37, 31, 62, 13, 16, 14, 30, 59, 7, 47, 28, 8, 46, 64, 58, 12, 43, 10, 57, 17, 60, 11, 38, 40, 56, 61, 35, 15, 41, 34, 63, 33, 48, 50, 51, 20, 24, 39, 27, 23, 36, 26, 54 ]
],
[ PermutationGroup<64 |  
\[ 12, 37, 8, 58, 2, 5, 43, 49, 22, 14, 30, 9, 62, 59, 33, 20, 64, 15, 18, 63, 36, 1, 56, 21, 24, 57, 29, 44, 42, 38, 51, 11, 19, 23, 55, 25, 6, 32, 27, 16, 35, 39, 28, 7, 26, 31, 34, 17, 53, 48, 61, 45, 3, 41, 54, 47, 52, 13, 60, 10, 46, 4, 40, 50 ],
\[ 3, 10, 16, 22, 18, 27, 1, 34, 33, 40, 5, 42, 2, 47, 31, 7, 53, 45, 56, 24, 48, 59, 62, 6, 41, 4, 20, 37, 23, 17, 44, 35, 63, 32, 8, 12, 49, 9, 46, 13, 60, 52, 54, 50, 11, 58, 21, 14, 57, 15, 25, 36, 61, 19, 39, 43, 28, 55, 26, 51, 30, 64, 38, 29 ],
\[ 4, 11, 17, 23, 24, 28, 31, 1, 36, 41, 34, 7, 46, 2, 5, 10, 21, 54, 9, 3, 20, 38, 8, 51, 52, 18, 55, 56, 6, 45, 39, 63, 50, 14, 25, 47, 13, 61, 12, 33, 43, 64, 16, 57, 42, 53, 19, 44, 35, 62, 15, 49, 37, 58, 32, 29, 59, 26, 48, 22, 60, 40, 27, 30 ]:
 Order := 64 > |
[ 3, 10, 16, 22, 18, 27, 1, 34, 33, 40, 5, 42, 2, 47, 31, 7, 53, 45, 56, 24, 48, 59, 62, 6, 41, 4, 20, 37, 23, 17, 44, 35, 63, 32, 8, 12, 49, 9, 46, 13, 60, 52, 54, 50, 11, 58, 21, 14, 57, 15, 25, 36, 61, 19, 39, 43, 28, 55, 26, 51, 30, 64, 38, 29 ],
[ 20, 16, 43, 60, 26, 63, 8, 11, 40, 62, 15, 45, 14, 36, 7, 12, 46, 30, 28, 5, 59, 57, 50, 29, 10, 1, 21, 53, 4, 3, 48, 49, 32, 55, 23, 39, 52, 19, 13, 37, 61, 25, 18, 33, 2, 54, 17, 34, 44, 51, 35, 9, 38, 47, 31, 41, 6, 27, 58, 24, 64, 42, 22, 56 ],
[ 15, 39, 26, 5, 8, 60, 2, 51, 53, 45, 12, 14, 9, 31, 23, 30, 18, 20, 46, 58, 54, 29, 24, 1, 50, 21, 57, 22, 61, 41, 11, 48, 52, 7, 33, 37, 19, 6, 34, 25, 42, 16, 64, 55, 43, 36, 13, 27, 40, 49, 4, 62, 47, 3, 59, 38, 32, 17, 63, 56, 28, 35, 44, 10 ]
],
[ PermutationGroup<64 |  
\[ 12, 37, 8, 58, 2, 5, 43, 49, 22, 14, 30, 9, 62, 59, 33, 20, 64, 15, 18, 63, 36, 1, 56, 21, 24, 57, 29, 44, 42, 38, 51, 11, 19, 23, 55, 25, 6, 32, 27, 16, 35, 39, 28, 7, 26, 31, 34, 17, 53, 48, 61, 45, 3, 41, 54, 47, 52, 13, 60, 10, 46, 4, 40, 50 ],
\[ 3, 10, 16, 22, 18, 27, 1, 34, 33, 40, 5, 42, 2, 47, 31, 7, 53, 45, 56, 24, 48, 59, 62, 6, 41, 4, 20, 37, 23, 17, 44, 35, 63, 32, 8, 12, 49, 9, 46, 13, 60, 52, 54, 50, 11, 58, 21, 14, 57, 15, 25, 36, 61, 19, 39, 43, 28, 55, 26, 51, 30, 64, 38, 29 ],
\[ 4, 11, 17, 23, 24, 28, 31, 1, 36, 41, 34, 7, 46, 2, 5, 10, 21, 54, 9, 3, 20, 38, 8, 51, 52, 18, 55, 56, 6, 45, 39, 63, 50, 14, 25, 47, 13, 61, 12, 33, 43, 64, 16, 57, 42, 53, 19, 44, 35, 62, 15, 49, 37, 58, 32, 29, 59, 26, 48, 22, 60, 40, 27, 30 ]:
 Order := 64 > |
[ 20, 16, 43, 60, 26, 63, 8, 11, 40, 62, 15, 45, 14, 36, 7, 12, 46, 30, 28, 5, 59, 57, 50, 29, 10, 1, 21, 53, 4, 3, 48, 49, 32, 55, 23, 39, 52, 19, 13, 37, 61, 25, 18, 33, 2, 54, 17, 34, 44, 51, 35, 9, 38, 47, 31, 41, 6, 27, 58, 24, 64, 42, 22, 56 ],
[ 3, 10, 16, 22, 18, 27, 1, 34, 33, 40, 5, 42, 2, 47, 31, 7, 53, 45, 56, 24, 48, 59, 62, 6, 41, 4, 20, 37, 23, 17, 44, 35, 63, 32, 8, 12, 49, 9, 46, 13, 60, 52, 54, 50, 11, 58, 21, 14, 57, 15, 25, 36, 61, 19, 39, 43, 28, 55, 26, 51, 30, 64, 38, 29 ],
[ 59, 18, 61, 64, 27, 49, 50, 16, 42, 51, 35, 3, 55, 40, 45, 13, 14, 56, 63, 7, 6, 33, 32, 41, 12, 11, 46, 54, 20, 5, 58, 9, 31, 21, 60, 48, 10, 17, 52, 38, 19, 23, 1, 37, 36, 30, 43, 15, 34, 29, 44, 28, 57, 39, 8, 62, 4, 22, 47, 26, 25, 2, 24, 53 ]
]
];

/*
Return for eval
*/

return s;
