s := SolvablePassportDBInitialize();

/*
Magma printing
*/

s`Filename := "64S3-8,8,8-g21.m";
s`GaloisOrbits := [ Strings() | "64S3-8,8,8-g21-path17-notcomputed.m", "64S3-8,8,8-g21-path20-notcomputed.m", "64S3-8,8,8-g21-path3-notcomputed.m", "64S3-8,8,8-g21-path22-notcomputed.m", "64S3-8,8,8-g21-path23-notcomputed.m", "64S3-8,8,8-g21-path5-notcomputed.m", "64S3-8,8,8-g21-path15-notcomputed.m", "64S3-8,8,8-g21-path14-notcomputed.m", "64S3-8,8,8-g21-path7-notcomputed.m" ];
s`Name := "64S3-8,8,8-g21";
s`Passport := [ PowerSequence(PermutationGroup<64 |  
\[ 12, 41, 8, 52, 2, 5, 48, 39, 60, 14, 31, 9, 63, 58, 35, 20, 64, 15, 18, 23, 13, 1, 32, 21, 24, 34, 30, 33, 22, 10, 59, 62, 11, 43, 57, 38, 61, 26, 27, 28, 17, 19, 47, 56, 42, 45, 49, 25, 51, 7, 36, 40, 54, 16, 53, 29, 46, 3, 4, 44, 6, 55, 50, 37 ],
\[ 3, 10, 16, 22, 18, 27, 1, 36, 39, 43, 5, 45, 2, 53, 55, 11, 58, 34, 32, 13, 44, 57, 59, 6, 9, 4, 26, 61, 14, 62, 56, 50, 60, 7, 47, 31, 8, 63, 23, 12, 35, 38, 40, 30, 20, 51, 25, 37, 33, 17, 21, 64, 28, 24, 48, 15, 54, 49, 41, 19, 42, 52, 29, 46 ],
\[ 4, 11, 17, 23, 24, 28, 32, 1, 40, 44, 49, 7, 51, 2, 5, 57, 59, 60, 61, 3, 54, 63, 45, 47, 55, 42, 9, 43, 31, 6, 16, 39, 53, 27, 56, 46, 52, 8, 37, 62, 13, 12, 18, 33, 64, 22, 10, 34, 35, 38, 58, 26, 15, 14, 30, 21, 41, 29, 36, 25, 48, 19, 20, 50 ]:
 Order := 64 >) |
[ PermutationGroup<64 |  
\[ 12, 41, 8, 52, 2, 5, 48, 39, 60, 14, 31, 9, 63, 58, 35, 20, 64, 15, 18, 23, 13, 1, 32, 21, 24, 34, 30, 33, 22, 10, 59, 62, 11, 43, 57, 38, 61, 26, 27, 28, 17, 19, 47, 56, 42, 45, 49, 25, 51, 7, 36, 40, 54, 16, 53, 29, 46, 3, 4, 44, 6, 55, 50, 37 ],
\[ 3, 10, 16, 22, 18, 27, 1, 36, 39, 43, 5, 45, 2, 53, 55, 11, 58, 34, 32, 13, 44, 57, 59, 6, 9, 4, 26, 61, 14, 62, 56, 50, 60, 7, 47, 31, 8, 63, 23, 12, 35, 38, 40, 30, 20, 51, 25, 37, 33, 17, 21, 64, 28, 24, 48, 15, 54, 49, 41, 19, 42, 52, 29, 46 ],
\[ 4, 11, 17, 23, 24, 28, 32, 1, 40, 44, 49, 7, 51, 2, 5, 57, 59, 60, 61, 3, 54, 63, 45, 47, 55, 42, 9, 43, 31, 6, 16, 39, 53, 27, 56, 46, 52, 8, 37, 62, 13, 12, 18, 33, 64, 22, 10, 34, 35, 38, 58, 26, 15, 14, 30, 21, 41, 29, 36, 25, 48, 19, 20, 50 ]:
 Order := 64 > |
[ 12, 41, 8, 52, 2, 5, 48, 39, 60, 14, 31, 9, 63, 58, 35, 20, 64, 15, 18, 23, 13, 1, 32, 21, 24, 34, 30, 33, 22, 10, 59, 62, 11, 43, 57, 38, 61, 26, 27, 28, 17, 19, 47, 56, 42, 45, 49, 25, 51, 7, 36, 40, 54, 16, 53, 29, 46, 3, 4, 44, 6, 55, 50, 37 ],
[ 30, 8, 62, 60, 46, 58, 44, 43, 14, 36, 64, 15, 37, 23, 20, 52, 27, 51, 54, 48, 1, 19, 28, 17, 29, 33, 49, 41, 39, 16, 12, 24, 22, 21, 38, 40, 10, 25, 53, 56, 42, 47, 31, 3, 55, 34, 63, 2, 4, 6, 7, 5, 59, 50, 13, 45, 32, 26, 61, 57, 35, 11, 9, 18 ],
[ 33, 52, 6, 53, 50, 59, 54, 44, 31, 1, 26, 21, 34, 37, 64, 19, 28, 22, 41, 30, 32, 25, 15, 38, 20, 35, 29, 36, 40, 17, 62, 14, 23, 58, 12, 18, 11, 10, 2, 16, 48, 56, 46, 4, 5, 60, 8, 51, 42, 47, 27, 49, 45, 39, 3, 7, 61, 9, 43, 63, 13, 57, 55, 24 ]
],
[ PermutationGroup<64 |  
\[ 12, 41, 8, 52, 2, 5, 48, 39, 60, 14, 31, 9, 63, 58, 35, 20, 64, 15, 18, 23, 13, 1, 32, 21, 24, 34, 30, 33, 22, 10, 59, 62, 11, 43, 57, 38, 61, 26, 27, 28, 17, 19, 47, 56, 42, 45, 49, 25, 51, 7, 36, 40, 54, 16, 53, 29, 46, 3, 4, 44, 6, 55, 50, 37 ],
\[ 3, 10, 16, 22, 18, 27, 1, 36, 39, 43, 5, 45, 2, 53, 55, 11, 58, 34, 32, 13, 44, 57, 59, 6, 9, 4, 26, 61, 14, 62, 56, 50, 60, 7, 47, 31, 8, 63, 23, 12, 35, 38, 40, 30, 20, 51, 25, 37, 33, 17, 21, 64, 28, 24, 48, 15, 54, 49, 41, 19, 42, 52, 29, 46 ],
\[ 4, 11, 17, 23, 24, 28, 32, 1, 40, 44, 49, 7, 51, 2, 5, 57, 59, 60, 61, 3, 54, 63, 45, 47, 55, 42, 9, 43, 31, 6, 16, 39, 53, 27, 56, 46, 52, 8, 37, 62, 13, 12, 18, 33, 64, 22, 10, 34, 35, 38, 58, 26, 15, 14, 30, 21, 41, 29, 36, 25, 48, 19, 20, 50 ]:
 Order := 64 > |
[ 12, 41, 8, 52, 2, 5, 48, 39, 60, 14, 31, 9, 63, 58, 35, 20, 64, 15, 18, 23, 13, 1, 32, 21, 24, 34, 30, 33, 22, 10, 59, 62, 11, 43, 57, 38, 61, 26, 27, 28, 17, 19, 47, 56, 42, 45, 49, 25, 51, 7, 36, 40, 54, 16, 53, 29, 46, 3, 4, 44, 6, 55, 50, 37 ],
[ 4, 11, 17, 23, 24, 28, 32, 1, 40, 44, 49, 7, 51, 2, 5, 57, 59, 60, 61, 3, 54, 63, 45, 47, 55, 42, 9, 43, 31, 6, 16, 39, 53, 27, 56, 46, 52, 8, 37, 62, 13, 12, 18, 33, 64, 22, 10, 34, 35, 38, 58, 26, 15, 14, 30, 21, 41, 29, 36, 25, 48, 19, 20, 50 ],
[ 46, 15, 51, 17, 30, 19, 64, 20, 42, 55, 44, 8, 56, 47, 43, 21, 57, 62, 26, 31, 5, 58, 63, 60, 61, 50, 32, 9, 35, 34, 2, 4, 6, 52, 53, 13, 45, 59, 38, 37, 14, 23, 48, 18, 36, 16, 28, 12, 24, 22, 11, 1, 25, 33, 40, 10, 49, 54, 29, 27, 39, 7, 41, 3 ]
],
[ PermutationGroup<64 |  
\[ 12, 41, 8, 52, 2, 5, 48, 39, 60, 14, 31, 9, 63, 58, 35, 20, 64, 15, 18, 23, 13, 1, 32, 21, 24, 34, 30, 33, 22, 10, 59, 62, 11, 43, 57, 38, 61, 26, 27, 28, 17, 19, 47, 56, 42, 45, 49, 25, 51, 7, 36, 40, 54, 16, 53, 29, 46, 3, 4, 44, 6, 55, 50, 37 ],
\[ 3, 10, 16, 22, 18, 27, 1, 36, 39, 43, 5, 45, 2, 53, 55, 11, 58, 34, 32, 13, 44, 57, 59, 6, 9, 4, 26, 61, 14, 62, 56, 50, 60, 7, 47, 31, 8, 63, 23, 12, 35, 38, 40, 30, 20, 51, 25, 37, 33, 17, 21, 64, 28, 24, 48, 15, 54, 49, 41, 19, 42, 52, 29, 46 ],
\[ 4, 11, 17, 23, 24, 28, 32, 1, 40, 44, 49, 7, 51, 2, 5, 57, 59, 60, 61, 3, 54, 63, 45, 47, 55, 42, 9, 43, 31, 6, 16, 39, 53, 27, 56, 46, 52, 8, 37, 62, 13, 12, 18, 33, 64, 22, 10, 34, 35, 38, 58, 26, 15, 14, 30, 21, 41, 29, 36, 25, 48, 19, 20, 50 ]:
 Order := 64 > |
[ 4, 11, 17, 23, 24, 28, 32, 1, 40, 44, 49, 7, 51, 2, 5, 57, 59, 60, 61, 3, 54, 63, 45, 47, 55, 42, 9, 43, 31, 6, 16, 39, 53, 27, 56, 46, 52, 8, 37, 62, 13, 12, 18, 33, 64, 22, 10, 34, 35, 38, 58, 26, 15, 14, 30, 21, 41, 29, 36, 25, 48, 19, 20, 50 ],
[ 12, 41, 8, 52, 2, 5, 48, 39, 60, 14, 31, 9, 63, 58, 35, 20, 64, 15, 18, 23, 13, 1, 32, 21, 24, 34, 30, 33, 22, 10, 59, 62, 11, 43, 57, 38, 61, 26, 27, 28, 17, 19, 47, 56, 42, 45, 49, 25, 51, 7, 36, 40, 54, 16, 53, 29, 46, 3, 4, 44, 6, 55, 50, 37 ],
[ 3, 10, 16, 22, 18, 27, 1, 36, 39, 43, 5, 45, 2, 53, 55, 11, 58, 34, 32, 13, 44, 57, 59, 6, 9, 4, 26, 61, 14, 62, 56, 50, 60, 7, 47, 31, 8, 63, 23, 12, 35, 38, 40, 30, 20, 51, 25, 37, 33, 17, 21, 64, 28, 24, 48, 15, 54, 49, 41, 19, 42, 52, 29, 46 ]
]
];

/*
Return for eval
*/

return s;
