s := SolvablePassportDBInitialize();

/*
Magma printing
*/

s`Filename := "64S30-16,8,16-g25.m";
s`GaloisOrbits := [ Strings() | "64S30-16,8,16-g25-path45.m", "64S30-16,8,16-g25-path44.m", "64S30-16,8,16-g25-path43.m", "64S30-16,8,16-g25-path2.m", "64S30-16,8,16-g25-path42.m", "64S30-16,8,16-g25-path3.m", "64S30-16,8,16-g25-path41.m", "64S30-16,8,16-g25-path4.m", "64S30-16,8,16-g25-path40.m", "64S30-16,8,16-g25-path5.m", "64S30-16,8,16-g25-path39.m", "64S30-16,8,16-g25-path6.m", "64S30-16,8,16-g25-path38.m", "64S30-16,8,16-g25-path7.m", "64S30-16,8,16-g25-path37.m", "64S30-16,8,16-g25-path8.m", "64S30-16,8,16-g25-path9.m", "64S30-16,8,16-g25-path36.m", "64S30-16,8,16-g25-path35.m", "64S30-16,8,16-g25-path10.m", "64S30-16,8,16-g25-path34.m", "64S30-16,8,16-g25-path11.m", "64S30-16,8,16-g25-path1.m", "64S30-16,8,16-g25-path12.m", "64S30-16,8,16-g25-path33.m", "64S30-16,8,16-g25-path13.m", "64S30-16,8,16-g25-path32.m", "64S30-16,8,16-g25-path31.m", "64S30-16,8,16-g25-path14.m", "64S30-16,8,16-g25-path15.m", "64S30-16,8,16-g25-path30.m", "64S30-16,8,16-g25-path16.m", "64S30-16,8,16-g25-path29.m", "64S30-16,8,16-g25-path17.m", "64S30-16,8,16-g25-path18.m", "64S30-16,8,16-g25-path28.m", "64S30-16,8,16-g25-path19.m", "64S30-16,8,16-g25-path27.m", "64S30-16,8,16-g25-path26.m", "64S30-16,8,16-g25-path20.m", "64S30-16,8,16-g25-path25.m", "64S30-16,8,16-g25-path24.m", "64S30-16,8,16-g25-path21.m", "64S30-16,8,16-g25-path22.m", "64S30-16,8,16-g25-path23.m", "64S30-16,8,16-g25-path46.m" ];
s`Name := "64S30-16,8,16-g25";
s`Passport := [ PowerSequence(PermutationGroup<64 |  
\[ 12, 41, 8, 60, 2, 5, 47, 28, 26, 14, 31, 9, 59, 4, 35, 20, 44, 15, 18, 29, 40, 1, 48, 21, 24, 34, 30, 49, 22, 45, 42, 51, 11, 43, 33, 38, 23, 52, 16, 50, 39, 58, 46, 54, 25, 6, 64, 61, 7, 56, 36, 57, 55, 63, 17, 62, 37, 3, 27, 13, 53, 10, 32, 19 ],
\[ 3, 10, 16, 22, 18, 27, 1, 36, 35, 43, 5, 45, 2, 38, 53, 11, 58, 34, 32, 13, 57, 56, 14, 6, 55, 4, 26, 46, 64, 51, 54, 49, 52, 7, 29, 31, 8, 50, 24, 12, 28, 9, 40, 62, 20, 42, 37, 33, 17, 63, 60, 19, 47, 15, 59, 39, 30, 48, 23, 44, 21, 61, 25, 41 ],
\[ 4, 11, 17, 23, 24, 28, 32, 1, 40, 44, 48, 7, 51, 2, 5, 56, 25, 52, 29, 3, 39, 35, 47, 63, 12, 42, 55, 37, 45, 6, 16, 50, 9, 27, 54, 30, 21, 8, 64, 61, 13, 36, 18, 49, 57, 10, 34, 59, 41, 43, 19, 14, 62, 60, 15, 38, 33, 46, 20, 26, 58, 22, 31, 53 ]:
 Order := 64 >) |
[ PermutationGroup<64 |  
\[ 12, 41, 8, 60, 2, 5, 47, 28, 26, 14, 31, 9, 59, 4, 35, 20, 44, 15, 18, 29, 40, 1, 48, 21, 24, 34, 30, 49, 22, 45, 42, 51, 11, 43, 33, 38, 23, 52, 16, 50, 39, 58, 46, 54, 25, 6, 64, 61, 7, 56, 36, 57, 55, 63, 17, 62, 37, 3, 27, 13, 53, 10, 32, 19 ],
\[ 3, 10, 16, 22, 18, 27, 1, 36, 35, 43, 5, 45, 2, 38, 53, 11, 58, 34, 32, 13, 57, 56, 14, 6, 55, 4, 26, 46, 64, 51, 54, 49, 52, 7, 29, 31, 8, 50, 24, 12, 28, 9, 40, 62, 20, 42, 37, 33, 17, 63, 60, 19, 47, 15, 59, 39, 30, 48, 23, 44, 21, 61, 25, 41 ],
\[ 4, 11, 17, 23, 24, 28, 32, 1, 40, 44, 48, 7, 51, 2, 5, 56, 25, 52, 29, 3, 39, 35, 47, 63, 12, 42, 55, 37, 45, 6, 16, 50, 9, 27, 54, 30, 21, 8, 64, 61, 13, 36, 18, 49, 57, 10, 34, 59, 41, 43, 19, 14, 62, 60, 15, 38, 33, 46, 20, 26, 58, 22, 31, 53 ]:
 Order := 64 > |
[ 22, 5, 58, 14, 6, 46, 49, 3, 12, 62, 33, 1, 60, 10, 18, 39, 55, 19, 64, 16, 24, 29, 37, 25, 45, 9, 59, 8, 20, 27, 11, 63, 35, 26, 15, 51, 57, 36, 41, 21, 2, 31, 34, 17, 30, 43, 7, 23, 28, 40, 32, 38, 61, 44, 53, 50, 52, 42, 13, 4, 48, 56, 54, 47 ],
[ 3, 10, 16, 22, 18, 27, 1, 36, 35, 43, 5, 45, 2, 38, 53, 11, 58, 34, 32, 13, 57, 56, 14, 6, 55, 4, 26, 46, 64, 51, 54, 49, 52, 7, 29, 31, 8, 50, 24, 12, 28, 9, 40, 62, 20, 42, 37, 33, 17, 63, 60, 19, 47, 15, 59, 39, 30, 48, 23, 44, 21, 61, 25, 41 ],
[ 40, 64, 37, 51, 13, 11, 53, 41, 27, 23, 36, 42, 55, 26, 9, 45, 60, 54, 5, 35, 43, 7, 58, 61, 39, 18, 57, 32, 4, 12, 46, 30, 16, 10, 48, 14, 59, 33, 3, 38, 56, 17, 28, 31, 63, 24, 29, 62, 34, 22, 8, 21, 25, 50, 49, 44, 47, 1, 6, 20, 15, 2, 19, 52 ]
],
[ PermutationGroup<64 |  
\[ 12, 41, 8, 60, 2, 5, 47, 28, 26, 14, 31, 9, 59, 4, 35, 20, 44, 15, 18, 29, 40, 1, 48, 21, 24, 34, 30, 49, 22, 45, 42, 51, 11, 43, 33, 38, 23, 52, 16, 50, 39, 58, 46, 54, 25, 6, 64, 61, 7, 56, 36, 57, 55, 63, 17, 62, 37, 3, 27, 13, 53, 10, 32, 19 ],
\[ 3, 10, 16, 22, 18, 27, 1, 36, 35, 43, 5, 45, 2, 38, 53, 11, 58, 34, 32, 13, 57, 56, 14, 6, 55, 4, 26, 46, 64, 51, 54, 49, 52, 7, 29, 31, 8, 50, 24, 12, 28, 9, 40, 62, 20, 42, 37, 33, 17, 63, 60, 19, 47, 15, 59, 39, 30, 48, 23, 44, 21, 61, 25, 41 ],
\[ 4, 11, 17, 23, 24, 28, 32, 1, 40, 44, 48, 7, 51, 2, 5, 56, 25, 52, 29, 3, 39, 35, 47, 63, 12, 42, 55, 37, 45, 6, 16, 50, 9, 27, 54, 30, 21, 8, 64, 61, 13, 36, 18, 49, 57, 10, 34, 59, 41, 43, 19, 14, 62, 60, 15, 38, 33, 46, 20, 26, 58, 22, 31, 53 ]:
 Order := 64 > |
[ 22, 5, 58, 14, 6, 46, 49, 3, 12, 62, 33, 1, 60, 10, 18, 39, 55, 19, 64, 16, 24, 29, 37, 25, 45, 9, 59, 8, 20, 27, 11, 63, 35, 26, 15, 51, 57, 36, 41, 21, 2, 31, 34, 17, 30, 43, 7, 23, 28, 40, 32, 38, 61, 44, 53, 50, 52, 42, 13, 4, 48, 56, 54, 47 ],
[ 7, 13, 1, 26, 11, 24, 34, 37, 42, 2, 16, 40, 20, 23, 54, 3, 49, 5, 52, 45, 61, 4, 59, 39, 63, 27, 6, 41, 35, 57, 36, 19, 48, 18, 9, 8, 47, 14, 56, 43, 64, 46, 10, 60, 12, 28, 53, 58, 32, 38, 30, 33, 15, 31, 25, 22, 21, 17, 55, 51, 62, 44, 50, 29 ],
[ 45, 28, 36, 44, 10, 18, 37, 46, 4, 38, 54, 35, 23, 22, 29, 13, 62, 53, 34, 64, 12, 3, 33, 57, 6, 7, 51, 17, 56, 20, 9, 60, 5, 40, 52, 50, 14, 19, 11, 63, 24, 48, 42, 15, 55, 27, 41, 21, 1, 39, 31, 30, 59, 25, 58, 61, 8, 16, 26, 2, 47, 43, 49, 32 ]
]
];

/*
Return for eval
*/

return s;
