s := SolvablePassportDBInitialize();

/*
Magma printing
*/

s`Filename := "64S32-4,8,2-g5.m";
s`GaloisOrbits := [ Strings() | "64S32-4,8,2-g5-path1-notcomputed.m" ];
s`Name := "64S32-4,8,2-g5";
s`Passport := [ PowerSequence(PermutationGroup<64 |  
\[ 11, 27, 4, 36, 2, 5, 33, 19, 10, 23, 8, 53, 18, 15, 55, 13, 16, 17, 1, 47, 22, 54, 57, 38, 26, 34, 6, 42, 30, 37, 7, 31, 32, 61, 56, 41, 46, 40, 24, 39, 3, 48, 44, 58, 28, 29, 35, 45, 14, 59, 12, 51, 52, 63, 49, 20, 9, 64, 62, 50, 25, 60, 21, 43 ],
\[ 3, 9, 14, 19, 16, 21, 1, 25, 29, 5, 31, 2, 6, 10, 41, 24, 43, 30, 45, 4, 20, 27, 49, 7, 40, 11, 51, 8, 26, 57, 35, 44, 39, 46, 12, 56, 13, 17, 61, 22, 62, 15, 42, 18, 37, 48, 63, 64, 52, 23, 55, 58, 47, 38, 28, 32, 60, 33, 34, 36, 50, 54, 59, 53 ],
\[ 4, 10, 15, 1, 13, 22, 11, 26, 30, 2, 7, 27, 5, 23, 3, 38, 44, 37, 28, 36, 47, 6, 14, 33, 39, 8, 12, 19, 34, 9, 56, 58, 24, 29, 53, 20, 18, 16, 25, 54, 60, 55, 48, 17, 46, 45, 21, 43, 51, 57, 49, 64, 35, 40, 42, 31, 50, 32, 61, 41, 59, 63, 62, 52 ]:
 Order := 64 >) |
[ PermutationGroup<64 |  
\[ 11, 27, 4, 36, 2, 5, 33, 19, 10, 23, 8, 53, 18, 15, 55, 13, 16, 17, 1, 47, 22, 54, 57, 38, 26, 34, 6, 42, 30, 37, 7, 31, 32, 61, 56, 41, 46, 40, 24, 39, 3, 48, 44, 58, 28, 29, 35, 45, 14, 59, 12, 51, 52, 63, 49, 20, 9, 64, 62, 50, 25, 60, 21, 43 ],
\[ 3, 9, 14, 19, 16, 21, 1, 25, 29, 5, 31, 2, 6, 10, 41, 24, 43, 30, 45, 4, 20, 27, 49, 7, 40, 11, 51, 8, 26, 57, 35, 44, 39, 46, 12, 56, 13, 17, 61, 22, 62, 15, 42, 18, 37, 48, 63, 64, 52, 23, 55, 58, 47, 38, 28, 32, 60, 33, 34, 36, 50, 54, 59, 53 ],
\[ 4, 10, 15, 1, 13, 22, 11, 26, 30, 2, 7, 27, 5, 23, 3, 38, 44, 37, 28, 36, 47, 6, 14, 33, 39, 8, 12, 19, 34, 9, 56, 58, 24, 29, 53, 20, 18, 16, 25, 54, 60, 55, 48, 17, 46, 45, 21, 43, 51, 57, 49, 64, 35, 40, 42, 31, 50, 32, 61, 41, 59, 63, 62, 52 ]:
 Order := 64 > |
[ 19, 5, 41, 3, 6, 27, 31, 11, 57, 9, 1, 51, 16, 49, 14, 17, 18, 13, 8, 56, 63, 21, 10, 39, 61, 25, 2, 45, 46, 29, 32, 33, 7, 26, 47, 4, 30, 24, 40, 38, 36, 28, 64, 43, 48, 37, 20, 42, 55, 60, 52, 53, 12, 22, 15, 35, 23, 44, 50, 62, 34, 59, 54, 58 ],
[ 7, 12, 1, 20, 10, 13, 24, 28, 2, 14, 26, 35, 37, 3, 42, 5, 38, 44, 4, 21, 6, 40, 50, 16, 8, 29, 22, 55, 9, 18, 11, 56, 58, 59, 31, 60, 45, 54, 33, 25, 15, 43, 17, 32, 19, 34, 53, 46, 23, 61, 27, 49, 64, 62, 51, 36, 30, 52, 63, 57, 39, 41, 47, 48 ],
[ 31, 51, 19, 56, 9, 16, 39, 45, 5, 49, 25, 47, 30, 41, 28, 6, 24, 43, 3, 63, 27, 38, 60, 17, 11, 46, 21, 15, 57, 13, 1, 35, 44, 50, 32, 62, 48, 22, 7, 61, 14, 64, 18, 33, 8, 26, 12, 37, 10, 34, 2, 55, 58, 59, 52, 4, 29, 53, 54, 23, 40, 36, 20, 42 ]
]
];

/*
Return for eval
*/

return s;
