s := SolvablePassportDBInitialize();

/*
Magma printing
*/

s`Filename := "64S36-4,8,8-g17.m";
s`GaloisOrbits := [ Strings() | "64S36-4,8,8-g17-path8.m", "64S36-4,8,8-g17-path4.m", "64S36-4,8,8-g17-path7.m", "64S36-4,8,8-g17-path9.m", "64S36-4,8,8-g17-path1.m", "64S36-4,8,8-g17-path3.m", "64S36-4,8,8-g17-path5.m", "64S36-4,8,8-g17-path2.m", "64S36-4,8,8-g17-path11.m", "64S36-4,8,8-g17-path6.m", "64S36-4,8,8-g17-path10.m" ];
s`Name := "64S36-4,8,8-g17";
s`Passport := [ PowerSequence(PermutationGroup<64 |  
\[ 12, 37, 8, 57, 2, 5, 43, 49, 22, 14, 29, 9, 61, 59, 33, 20, 64, 15, 18, 62, 36, 1, 63, 21, 24, 28, 45, 42, 38, 35, 11, 51, 19, 54, 55, 25, 6, 31, 26, 16, 34, 39, 27, 23, 7, 30, 32, 17, 52, 48, 56, 3, 41, 53, 46, 47, 13, 44, 60, 10, 4, 40, 58, 50 ],
\[ 3, 10, 16, 22, 18, 26, 1, 30, 33, 40, 5, 42, 2, 46, 44, 11, 52, 32, 55, 4, 48, 59, 61, 6, 41, 20, 37, 35, 17, 45, 34, 7, 62, 8, 25, 12, 49, 9, 58, 36, 60, 47, 53, 31, 50, 57, 13, 14, 56, 15, 24, 63, 19, 39, 29, 38, 54, 21, 51, 23, 64, 27, 43, 28 ],
\[ 4, 11, 17, 23, 24, 27, 30, 1, 36, 41, 44, 7, 46, 2, 5, 10, 21, 53, 9, 3, 51, 38, 15, 35, 40, 54, 63, 6, 16, 14, 56, 42, 50, 25, 8, 58, 13, 55, 12, 33, 43, 64, 32, 39, 62, 19, 49, 45, 34, 61, 18, 37, 57, 31, 28, 59, 20, 52, 48, 22, 47, 26, 60, 29 ]:
 Order := 64 >) |
[ PermutationGroup<64 |  
\[ 12, 37, 8, 57, 2, 5, 43, 49, 22, 14, 29, 9, 61, 59, 33, 20, 64, 15, 18, 62, 36, 1, 63, 21, 24, 28, 45, 42, 38, 35, 11, 51, 19, 54, 55, 25, 6, 31, 26, 16, 34, 39, 27, 23, 7, 30, 32, 17, 52, 48, 56, 3, 41, 53, 46, 47, 13, 44, 60, 10, 4, 40, 58, 50 ],
\[ 3, 10, 16, 22, 18, 26, 1, 30, 33, 40, 5, 42, 2, 46, 44, 11, 52, 32, 55, 4, 48, 59, 61, 6, 41, 20, 37, 35, 17, 45, 34, 7, 62, 8, 25, 12, 49, 9, 58, 36, 60, 47, 53, 31, 50, 57, 13, 14, 56, 15, 24, 63, 19, 39, 29, 38, 54, 21, 51, 23, 64, 27, 43, 28 ],
\[ 4, 11, 17, 23, 24, 27, 30, 1, 36, 41, 44, 7, 46, 2, 5, 10, 21, 53, 9, 3, 51, 38, 15, 35, 40, 54, 63, 6, 16, 14, 56, 42, 50, 25, 8, 58, 13, 55, 12, 33, 43, 64, 32, 39, 62, 19, 49, 45, 34, 61, 18, 37, 57, 31, 28, 59, 20, 52, 48, 22, 47, 26, 60, 29 ]:
 Order := 64 > |
[ 22, 5, 52, 61, 6, 37, 45, 3, 12, 60, 31, 1, 57, 10, 18, 40, 48, 19, 33, 16, 24, 9, 44, 25, 36, 39, 43, 26, 11, 46, 38, 47, 15, 41, 30, 21, 2, 29, 42, 62, 53, 28, 7, 58, 27, 55, 56, 50, 8, 64, 32, 49, 54, 34, 35, 51, 4, 63, 14, 59, 13, 20, 23, 17 ],
[ 3, 10, 16, 22, 18, 26, 1, 30, 33, 40, 5, 42, 2, 46, 44, 11, 52, 32, 55, 4, 48, 59, 61, 6, 41, 20, 37, 35, 17, 45, 34, 7, 62, 8, 25, 12, 49, 9, 58, 36, 60, 47, 53, 31, 50, 57, 13, 14, 56, 15, 24, 63, 19, 39, 29, 38, 54, 21, 51, 23, 64, 27, 43, 28 ],
[ 36, 27, 34, 46, 13, 11, 63, 37, 4, 48, 55, 38, 23, 22, 9, 26, 61, 50, 5, 33, 40, 7, 52, 58, 51, 64, 30, 12, 56, 28, 16, 59, 53, 57, 19, 35, 24, 44, 6, 3, 31, 54, 62, 60, 32, 8, 18, 29, 17, 21, 49, 1, 25, 43, 14, 42, 47, 15, 41, 2, 20, 10, 39, 45 ]
]
];

/*
Return for eval
*/

return s;
