s := SolvablePassportDBInitialize();

/*
Magma printing
*/

s`Filename := "64S31-4,16,16-g21.m";
s`GaloisOrbits := [ Strings() | "64S31-4,16,16-g21-path1-notcomputed.m" ];
s`Name := "64S31-4,16,16-g21";
s`Passport := [ PowerSequence(PermutationGroup<64 |  
\[ 6, 1, 8, 20, 2, 5, 26, 15, 11, 24, 22, 3, 16, 31, 12, 32, 4, 25, 17, 19, 34, 23, 9, 7, 45, 10, 21, 30, 36, 37, 29, 38, 18, 43, 28, 14, 35, 13, 40, 53, 42, 52, 27, 47, 33, 50, 49, 46, 55, 54, 39, 56, 51, 48, 44, 41, 58, 63, 60, 62, 57, 64, 61, 59 ],
\[ 3, 9, 13, 2, 15, 22, 1, 28, 16, 5, 35, 37, 39, 12, 32, 41, 36, 17, 6, 31, 4, 38, 30, 29, 24, 14, 7, 51, 8, 42, 23, 53, 26, 10, 56, 11, 40, 52, 57, 59, 61, 60, 19, 33, 20, 18, 27, 21, 25, 43, 62, 58, 63, 45, 34, 64, 55, 48, 49, 46, 50, 44, 47, 54 ],
\[ 4, 10, 14, 18, 19, 7, 25, 1, 31, 33, 2, 5, 22, 17, 29, 3, 43, 44, 45, 21, 47, 36, 6, 34, 46, 27, 50, 11, 20, 8, 26, 9, 54, 48, 12, 24, 23, 15, 28, 13, 35, 16, 55, 57, 49, 58, 62, 64, 63, 60, 32, 30, 37, 61, 59, 38, 41, 39, 56, 40, 53, 42, 52, 51 ]:
 Order := 64 >) |
[ PermutationGroup<64 |  
\[ 6, 1, 8, 20, 2, 5, 26, 15, 11, 24, 22, 3, 16, 31, 12, 32, 4, 25, 17, 19, 34, 23, 9, 7, 45, 10, 21, 30, 36, 37, 29, 38, 18, 43, 28, 14, 35, 13, 40, 53, 42, 52, 27, 47, 33, 50, 49, 46, 55, 54, 39, 56, 51, 48, 44, 41, 58, 63, 60, 62, 57, 64, 61, 59 ],
\[ 3, 9, 13, 2, 15, 22, 1, 28, 16, 5, 35, 37, 39, 12, 32, 41, 36, 17, 6, 31, 4, 38, 30, 29, 24, 14, 7, 51, 8, 42, 23, 53, 26, 10, 56, 11, 40, 52, 57, 59, 61, 60, 19, 33, 20, 18, 27, 21, 25, 43, 62, 58, 63, 45, 34, 64, 55, 48, 49, 46, 50, 44, 47, 54 ],
\[ 4, 10, 14, 18, 19, 7, 25, 1, 31, 33, 2, 5, 22, 17, 29, 3, 43, 44, 45, 21, 47, 36, 6, 34, 46, 27, 50, 11, 20, 8, 26, 9, 54, 48, 12, 24, 23, 15, 28, 13, 35, 16, 55, 57, 49, 58, 62, 64, 63, 60, 32, 30, 37, 61, 59, 38, 41, 39, 56, 40, 53, 42, 52, 51 ]:
 Order := 64 > |
[ 6, 1, 8, 20, 2, 5, 26, 15, 11, 24, 22, 3, 16, 31, 12, 32, 4, 25, 17, 19, 34, 23, 9, 7, 45, 10, 21, 30, 36, 37, 29, 38, 18, 43, 28, 14, 35, 13, 40, 53, 42, 52, 27, 47, 33, 50, 49, 46, 55, 54, 39, 56, 51, 48, 44, 41, 58, 63, 60, 62, 57, 64, 61, 59 ],
[ 3, 9, 13, 2, 15, 22, 1, 28, 16, 5, 35, 37, 39, 12, 32, 41, 36, 17, 6, 31, 4, 38, 30, 29, 24, 14, 7, 51, 8, 42, 23, 53, 26, 10, 56, 11, 40, 52, 57, 59, 61, 60, 19, 33, 20, 18, 27, 21, 25, 43, 62, 58, 63, 45, 34, 64, 55, 48, 49, 46, 50, 44, 47, 54 ],
[ 4, 10, 14, 18, 19, 7, 25, 1, 31, 33, 2, 5, 22, 17, 29, 3, 43, 44, 45, 21, 47, 36, 6, 34, 46, 27, 50, 11, 20, 8, 26, 9, 54, 48, 12, 24, 23, 15, 28, 13, 35, 16, 55, 57, 49, 58, 62, 64, 63, 60, 32, 30, 37, 61, 59, 38, 41, 39, 56, 40, 53, 42, 52, 51 ]
],
[ PermutationGroup<64 |  
\[ 6, 1, 8, 20, 2, 5, 26, 15, 11, 24, 22, 3, 16, 31, 12, 32, 4, 25, 17, 19, 34, 23, 9, 7, 45, 10, 21, 30, 36, 37, 29, 38, 18, 43, 28, 14, 35, 13, 40, 53, 42, 52, 27, 47, 33, 50, 49, 46, 55, 54, 39, 56, 51, 48, 44, 41, 58, 63, 60, 62, 57, 64, 61, 59 ],
\[ 3, 9, 13, 2, 15, 22, 1, 28, 16, 5, 35, 37, 39, 12, 32, 41, 36, 17, 6, 31, 4, 38, 30, 29, 24, 14, 7, 51, 8, 42, 23, 53, 26, 10, 56, 11, 40, 52, 57, 59, 61, 60, 19, 33, 20, 18, 27, 21, 25, 43, 62, 58, 63, 45, 34, 64, 55, 48, 49, 46, 50, 44, 47, 54 ],
\[ 4, 10, 14, 18, 19, 7, 25, 1, 31, 33, 2, 5, 22, 17, 29, 3, 43, 44, 45, 21, 47, 36, 6, 34, 46, 27, 50, 11, 20, 8, 26, 9, 54, 48, 12, 24, 23, 15, 28, 13, 35, 16, 55, 57, 49, 58, 62, 64, 63, 60, 32, 30, 37, 61, 59, 38, 41, 39, 56, 40, 53, 42, 52, 51 ]:
 Order := 64 > |
[ 29, 36, 9, 7, 14, 31, 19, 23, 15, 4, 8, 11, 37, 1, 22, 30, 26, 21, 10, 24, 45, 3, 12, 17, 27, 20, 33, 13, 5, 38, 2, 28, 34, 25, 16, 6, 32, 35, 52, 42, 39, 51, 18, 46, 43, 49, 48, 55, 54, 47, 56, 53, 41, 44, 50, 40, 62, 60, 57, 61, 64, 63, 59, 58 ],
[ 4, 10, 14, 18, 19, 7, 25, 1, 31, 33, 2, 5, 22, 17, 29, 3, 43, 44, 45, 21, 47, 36, 6, 34, 46, 27, 50, 11, 20, 8, 26, 9, 54, 48, 12, 24, 23, 15, 28, 13, 35, 16, 55, 57, 49, 58, 62, 64, 63, 60, 32, 30, 37, 61, 59, 38, 41, 39, 56, 40, 53, 42, 52, 51 ],
[ 3, 9, 13, 2, 15, 22, 1, 28, 16, 5, 35, 37, 39, 12, 32, 41, 36, 17, 6, 31, 4, 38, 30, 29, 24, 14, 7, 51, 8, 42, 23, 53, 26, 10, 56, 11, 40, 52, 57, 59, 61, 60, 19, 33, 20, 18, 27, 21, 25, 43, 62, 58, 63, 45, 34, 64, 55, 48, 49, 46, 50, 44, 47, 54 ]
]
];

/*
Return for eval
*/

return s;
