s := SolvablePassportDBInitialize();

/*
Magma printing
*/

s`Filename := "64S38-2,4,16-g7.m";
s`GaloisOrbits := [ Strings() | "64S38-2,4,16-g7-path5-notcomputed.m", "64S38-2,4,16-g7-path2-notcomputed.m", "64S38-2,4,16-g7-path1-notcomputed.m" ];
s`Name := "64S38-2,4,16-g7";
s`Passport := [ PowerSequence(PermutationGroup<64 |  
\[ 10, 5, 7, 30, 2, 28, 3, 12, 20, 1, 18, 8, 16, 17, 45, 13, 14, 11, 42, 9, 22, 21, 26, 27, 37, 23, 24, 6, 34, 4, 32, 31, 35, 29, 33, 40, 25, 59, 61, 36, 43, 19, 41, 48, 15, 51, 53, 44, 50, 49, 46, 60, 47, 62, 56, 55, 58, 57, 38, 52, 39, 54, 64, 63 ],
\[ 3, 8, 14, 10, 16, 1, 21, 24, 5, 26, 2, 31, 29, 6, 7, 27, 4, 25, 30, 33, 28, 36, 19, 11, 12, 17, 9, 15, 20, 41, 18, 44, 13, 49, 46, 45, 47, 42, 22, 55, 23, 57, 38, 37, 39, 34, 32, 56, 35, 62, 63, 40, 60, 59, 61, 53, 43, 54, 64, 48, 52, 51, 50, 58 ],
\[ 4, 9, 15, 19, 11, 21, 1, 25, 29, 6, 31, 2, 5, 26, 36, 33, 3, 24, 38, 27, 39, 7, 10, 16, 44, 41, 8, 14, 46, 17, 47, 12, 49, 13, 20, 52, 18, 54, 55, 22, 57, 23, 30, 60, 28, 62, 56, 32, 63, 34, 35, 53, 37, 50, 48, 40, 64, 42, 43, 61, 45, 58, 59, 51 ]:
 Order := 64 >) |
[ PermutationGroup<64 |  
\[ 10, 5, 7, 30, 2, 28, 3, 12, 20, 1, 18, 8, 16, 17, 45, 13, 14, 11, 42, 9, 22, 21, 26, 27, 37, 23, 24, 6, 34, 4, 32, 31, 35, 29, 33, 40, 25, 59, 61, 36, 43, 19, 41, 48, 15, 51, 53, 44, 50, 49, 46, 60, 47, 62, 56, 55, 58, 57, 38, 52, 39, 54, 64, 63 ],
\[ 3, 8, 14, 10, 16, 1, 21, 24, 5, 26, 2, 31, 29, 6, 7, 27, 4, 25, 30, 33, 28, 36, 19, 11, 12, 17, 9, 15, 20, 41, 18, 44, 13, 49, 46, 45, 47, 42, 22, 55, 23, 57, 38, 37, 39, 34, 32, 56, 35, 62, 63, 40, 60, 59, 61, 53, 43, 54, 64, 48, 52, 51, 50, 58 ],
\[ 4, 9, 15, 19, 11, 21, 1, 25, 29, 6, 31, 2, 5, 26, 36, 33, 3, 24, 38, 27, 39, 7, 10, 16, 44, 41, 8, 14, 46, 17, 47, 12, 49, 13, 20, 52, 18, 54, 55, 22, 57, 23, 30, 60, 28, 62, 56, 32, 63, 34, 35, 53, 37, 50, 48, 40, 64, 42, 43, 61, 45, 58, 59, 51 ]:
 Order := 64 > |
[ 15, 25, 26, 6, 33, 4, 39, 16, 11, 41, 9, 47, 46, 21, 1, 8, 19, 44, 17, 49, 14, 52, 38, 31, 2, 3, 29, 36, 27, 57, 24, 60, 5, 63, 62, 28, 56, 23, 7, 48, 10, 64, 54, 18, 55, 13, 12, 40, 20, 58, 59, 22, 61, 43, 45, 37, 30, 50, 51, 32, 53, 35, 34, 42 ],
[ 6, 11, 1, 17, 9, 14, 15, 2, 27, 4, 24, 25, 33, 3, 28, 5, 26, 31, 23, 29, 7, 39, 41, 8, 18, 10, 16, 21, 13, 19, 12, 47, 20, 46, 49, 22, 44, 43, 45, 52, 30, 38, 57, 32, 36, 35, 37, 60, 34, 63, 62, 61, 56, 58, 40, 48, 42, 64, 54, 53, 55, 50, 51, 59 ],
[ 7, 12, 17, 1, 13, 10, 22, 27, 2, 23, 5, 32, 34, 28, 3, 24, 30, 37, 4, 35, 6, 40, 42, 18, 8, 14, 20, 45, 9, 43, 11, 48, 16, 50, 51, 15, 53, 19, 21, 56, 26, 58, 59, 25, 61, 29, 31, 55, 33, 54, 64, 36, 52, 38, 39, 47, 41, 62, 63, 44, 60, 46, 49, 57 ]
]
];

/*
Return for eval
*/

return s;
