s := SolvablePassportDBInitialize();

/*
Magma printing
*/

s`Filename := "64S37-8,4,8-g17.m";
s`GaloisOrbits := [ Strings() | "64S37-8,4,8-g17-path11.m", "64S37-8,4,8-g17-path6.m", "64S37-8,4,8-g17-path12.m", "64S37-8,4,8-g17-path18.m", "64S37-8,4,8-g17-path19.m", "64S37-8,4,8-g17-path1.m", "64S37-8,4,8-g17-path8.m", "64S37-8,4,8-g17-path13.m", "64S37-8,4,8-g17-path17.m", "64S37-8,4,8-g17-path15.m", "64S37-8,4,8-g17-path21.m", "64S37-8,4,8-g17-path10.m", "64S37-8,4,8-g17-path2.m", "64S37-8,4,8-g17-path22.m", "64S37-8,4,8-g17-path7.m", "64S37-8,4,8-g17-path16.m", "64S37-8,4,8-g17-path4.m", "64S37-8,4,8-g17-path9.m", "64S37-8,4,8-g17-path5.m", "64S37-8,4,8-g17-path20.m", "64S37-8,4,8-g17-path14.m", "64S37-8,4,8-g17-path3.m" ];
s`Name := "64S37-8,4,8-g17";
s`Passport := [ PowerSequence(PermutationGroup<64 |  
\[ 11, 23, 8, 24, 2, 5, 14, 41, 6, 13, 9, 33, 59, 27, 44, 7, 50, 1, 51, 17, 20, 53, 18, 45, 42, 3, 26, 30, 19, 47, 32, 63, 38, 29, 12, 28, 10, 37, 25, 15, 16, 54, 56, 46, 21, 39, 34, 4, 43, 48, 36, 31, 58, 40, 60, 61, 22, 52, 35, 64, 62, 55, 57, 49 ],
\[ 3, 10, 5, 18, 7, 4, 1, 28, 31, 11, 12, 2, 39, 29, 26, 15, 44, 20, 48, 6, 19, 9, 22, 42, 16, 25, 43, 14, 8, 21, 23, 51, 40, 37, 34, 35, 36, 56, 33, 13, 55, 17, 41, 24, 62, 57, 32, 30, 45, 49, 53, 46, 47, 52, 27, 59, 54, 61, 60, 38, 63, 50, 64, 58 ],
\[ 4, 3, 15, 19, 20, 22, 25, 1, 10, 34, 7, 36, 2, 5, 33, 43, 18, 31, 14, 30, 49, 46, 12, 6, 13, 55, 28, 37, 35, 8, 54, 9, 11, 53, 56, 32, 60, 39, 52, 57, 29, 26, 50, 16, 44, 17, 48, 62, 63, 42, 21, 64, 23, 24, 45, 27, 61, 51, 40, 41, 38, 58, 47, 59 ]:
 Order := 64 >) |
[ PermutationGroup<64 |  
\[ 11, 23, 8, 24, 2, 5, 14, 41, 6, 13, 9, 33, 59, 27, 44, 7, 50, 1, 51, 17, 20, 53, 18, 45, 42, 3, 26, 30, 19, 47, 32, 63, 38, 29, 12, 28, 10, 37, 25, 15, 16, 54, 56, 46, 21, 39, 34, 4, 43, 48, 36, 31, 58, 40, 60, 61, 22, 52, 35, 64, 62, 55, 57, 49 ],
\[ 3, 10, 5, 18, 7, 4, 1, 28, 31, 11, 12, 2, 39, 29, 26, 15, 44, 20, 48, 6, 19, 9, 22, 42, 16, 25, 43, 14, 8, 21, 23, 51, 40, 37, 34, 35, 36, 56, 33, 13, 55, 17, 41, 24, 62, 57, 32, 30, 45, 49, 53, 46, 47, 52, 27, 59, 54, 61, 60, 38, 63, 50, 64, 58 ],
\[ 4, 3, 15, 19, 20, 22, 25, 1, 10, 34, 7, 36, 2, 5, 33, 43, 18, 31, 14, 30, 49, 46, 12, 6, 13, 55, 28, 37, 35, 8, 54, 9, 11, 53, 56, 32, 60, 39, 52, 57, 29, 26, 50, 16, 44, 17, 48, 62, 63, 42, 21, 64, 23, 24, 45, 27, 61, 51, 40, 41, 38, 58, 47, 59 ]:
 Order := 64 > |
[ 18, 5, 26, 48, 6, 9, 16, 3, 11, 37, 1, 35, 10, 7, 40, 41, 20, 23, 29, 21, 45, 57, 2, 4, 39, 27, 14, 36, 34, 28, 52, 31, 12, 47, 59, 51, 38, 33, 46, 54, 8, 25, 49, 15, 24, 44, 30, 50, 64, 17, 19, 58, 22, 42, 62, 43, 63, 53, 13, 55, 56, 61, 32, 60 ],
[ 41, 59, 23, 11, 27, 45, 9, 47, 63, 6, 38, 18, 42, 51, 8, 46, 39, 50, 24, 2, 36, 5, 58, 40, 14, 54, 61, 26, 16, 17, 1, 28, 44, 13, 19, 33, 30, 62, 37, 35, 64, 48, 7, 21, 60, 53, 57, 34, 20, 56, 52, 25, 29, 32, 3, 12, 15, 55, 49, 10, 22, 4, 43, 31 ],
[ 4, 3, 15, 19, 20, 22, 25, 1, 10, 34, 7, 36, 2, 5, 33, 43, 18, 31, 14, 30, 49, 46, 12, 6, 13, 55, 28, 37, 35, 8, 54, 9, 11, 53, 56, 32, 60, 39, 52, 57, 29, 26, 50, 16, 44, 17, 48, 62, 63, 42, 21, 64, 23, 24, 45, 27, 61, 51, 40, 41, 38, 58, 47, 59 ]
],
[ PermutationGroup<64 |  
\[ 11, 23, 8, 24, 2, 5, 14, 41, 6, 13, 9, 33, 59, 27, 44, 7, 50, 1, 51, 17, 20, 53, 18, 45, 42, 3, 26, 30, 19, 47, 32, 63, 38, 29, 12, 28, 10, 37, 25, 15, 16, 54, 56, 46, 21, 39, 34, 4, 43, 48, 36, 31, 58, 40, 60, 61, 22, 52, 35, 64, 62, 55, 57, 49 ],
\[ 3, 10, 5, 18, 7, 4, 1, 28, 31, 11, 12, 2, 39, 29, 26, 15, 44, 20, 48, 6, 19, 9, 22, 42, 16, 25, 43, 14, 8, 21, 23, 51, 40, 37, 34, 35, 36, 56, 33, 13, 55, 17, 41, 24, 62, 57, 32, 30, 45, 49, 53, 46, 47, 52, 27, 59, 54, 61, 60, 38, 63, 50, 64, 58 ],
\[ 4, 3, 15, 19, 20, 22, 25, 1, 10, 34, 7, 36, 2, 5, 33, 43, 18, 31, 14, 30, 49, 46, 12, 6, 13, 55, 28, 37, 35, 8, 54, 9, 11, 53, 56, 32, 60, 39, 52, 57, 29, 26, 50, 16, 44, 17, 48, 62, 63, 42, 21, 64, 23, 24, 45, 27, 61, 51, 40, 41, 38, 58, 47, 59 ]:
 Order := 64 > |
[ 18, 5, 26, 48, 6, 9, 16, 3, 11, 37, 1, 35, 10, 7, 40, 41, 20, 23, 29, 21, 45, 57, 2, 4, 39, 27, 14, 36, 34, 28, 52, 31, 12, 47, 59, 51, 38, 33, 46, 54, 8, 25, 49, 15, 24, 44, 30, 50, 64, 17, 19, 58, 22, 42, 62, 43, 63, 53, 13, 55, 56, 61, 32, 60 ],
[ 7, 12, 1, 6, 3, 20, 5, 29, 22, 2, 10, 11, 40, 28, 16, 25, 42, 4, 21, 18, 30, 23, 31, 44, 26, 15, 55, 8, 14, 48, 9, 47, 39, 35, 36, 37, 34, 60, 13, 33, 43, 24, 27, 17, 49, 52, 53, 19, 50, 62, 32, 54, 51, 57, 41, 38, 46, 64, 56, 59, 58, 45, 61, 63 ],
[ 12, 22, 28, 42, 10, 7, 29, 55, 4, 39, 31, 40, 60, 43, 24, 1, 49, 3, 53, 44, 6, 47, 20, 62, 17, 5, 25, 21, 48, 32, 51, 64, 56, 8, 2, 14, 11, 36, 16, 26, 15, 52, 59, 57, 19, 33, 37, 18, 41, 30, 35, 23, 61, 13, 38, 63, 9, 46, 34, 58, 50, 27, 54, 45 ]
]
];

/*
Return for eval
*/

return s;
