s := SolvablePassportDBInitialize();

/*
Magma printing
*/

s`Filename := "64S36-8,8,4-g17.m";
s`GaloisOrbits := [ Strings() | "64S36-8,8,4-g17-path1-notcomputed.m" ];
s`Name := "64S36-8,8,4-g17";
s`Passport := [ PowerSequence(PermutationGroup<64 |  
\[ 12, 28, 8, 58, 2, 5, 42, 49, 6, 14, 26, 9, 18, 64, 33, 19, 41, 15, 62, 37, 1, 43, 20, 23, 55, 29, 40, 21, 44, 45, 11, 53, 36, 22, 16, 3, 61, 47, 35, 38, 25, 60, 63, 7, 34, 54, 59, 17, 13, 52, 32, 30, 39, 57, 46, 24, 48, 56, 10, 31, 4, 51, 50, 27 ],
\[ 3, 10, 16, 21, 18, 26, 1, 34, 20, 17, 5, 40, 2, 22, 50, 11, 36, 32, 56, 39, 42, 61, 6, 48, 4, 25, 9, 58, 45, 44, 19, 7, 41, 64, 8, 12, 43, 52, 59, 46, 29, 57, 31, 53, 49, 13, 35, 14, 54, 47, 15, 24, 37, 60, 38, 30, 23, 62, 28, 63, 55, 27, 33, 51 ],
\[ 4, 11, 17, 22, 23, 27, 30, 1, 36, 39, 43, 7, 45, 2, 5, 47, 24, 46, 3, 57, 59, 8, 52, 19, 33, 16, 34, 13, 6, 38, 54, 64, 51, 29, 20, 63, 9, 12, 44, 62, 10, 32, 14, 41, 56, 61, 55, 42, 35, 60, 58, 15, 18, 40, 26, 28, 49, 25, 50, 21, 53, 31, 37, 48 ]:
 Order := 64 >) |
[ PermutationGroup<64 |  
\[ 12, 28, 8, 58, 2, 5, 42, 49, 6, 14, 26, 9, 18, 64, 33, 19, 41, 15, 62, 37, 1, 43, 20, 23, 55, 29, 40, 21, 44, 45, 11, 53, 36, 22, 16, 3, 61, 47, 35, 38, 25, 60, 63, 7, 34, 54, 59, 17, 13, 52, 32, 30, 39, 57, 46, 24, 48, 56, 10, 31, 4, 51, 50, 27 ],
\[ 3, 10, 16, 21, 18, 26, 1, 34, 20, 17, 5, 40, 2, 22, 50, 11, 36, 32, 56, 39, 42, 61, 6, 48, 4, 25, 9, 58, 45, 44, 19, 7, 41, 64, 8, 12, 43, 52, 59, 46, 29, 57, 31, 53, 49, 13, 35, 14, 54, 47, 15, 24, 37, 60, 38, 30, 23, 62, 28, 63, 55, 27, 33, 51 ],
\[ 4, 11, 17, 22, 23, 27, 30, 1, 36, 39, 43, 7, 45, 2, 5, 47, 24, 46, 3, 57, 59, 8, 52, 19, 33, 16, 34, 13, 6, 38, 54, 64, 51, 29, 20, 63, 9, 12, 44, 62, 10, 32, 14, 41, 56, 61, 55, 42, 35, 60, 58, 15, 18, 40, 26, 28, 49, 25, 50, 21, 53, 31, 37, 48 ]:
 Order := 64 > |
[ 12, 28, 8, 58, 2, 5, 42, 49, 6, 14, 26, 9, 18, 64, 33, 19, 41, 15, 62, 37, 1, 43, 20, 23, 55, 29, 40, 21, 44, 45, 11, 53, 36, 22, 16, 3, 61, 47, 35, 38, 25, 60, 63, 7, 34, 54, 59, 17, 13, 52, 32, 30, 39, 57, 46, 24, 48, 56, 10, 31, 4, 51, 50, 27 ],
[ 18, 40, 32, 6, 3, 42, 5, 50, 58, 46, 1, 10, 12, 52, 34, 7, 13, 16, 37, 62, 26, 24, 21, 55, 23, 57, 28, 20, 63, 31, 53, 11, 54, 47, 15, 2, 30, 22, 27, 17, 60, 25, 44, 19, 33, 36, 51, 38, 41, 64, 8, 61, 56, 29, 14, 43, 4, 39, 9, 45, 48, 59, 49, 35 ],
[ 23, 7, 46, 52, 4, 59, 43, 5, 13, 62, 30, 11, 63, 12, 1, 64, 61, 17, 18, 25, 27, 15, 22, 53, 49, 32, 50, 36, 21, 14, 41, 47, 35, 60, 58, 45, 28, 2, 31, 39, 40, 16, 38, 54, 37, 24, 48, 26, 51, 29, 20, 8, 3, 10, 42, 9, 33, 57, 34, 6, 19, 44, 56, 55 ]
]
];

/*
Return for eval
*/

return s;
