s := SolvablePassportDBInitialize();

/*
Magma printing
*/

s`Filename := "64S41-2,4,16-g7.m";
s`GaloisOrbits := [ Strings() | "64S41-2,4,16-g7-path1-notcomputed.m" ];
s`Name := "64S41-2,4,16-g7";
s`Passport := [ PowerSequence(PermutationGroup<64 |  
\[ 10, 5, 7, 30, 2, 28, 3, 12, 21, 1, 18, 8, 16, 17, 41, 13, 14, 11, 32, 29, 9, 34, 24, 23, 27, 47, 25, 6, 20, 4, 39, 19, 35, 22, 33, 51, 38, 37, 31, 54, 15, 58, 52, 45, 44, 55, 26, 56, 50, 49, 36, 43, 64, 40, 46, 48, 60, 42, 62, 57, 63, 59, 61, 53 ],
\[ 3, 8, 14, 10, 16, 1, 23, 17, 5, 27, 2, 19, 22, 6, 7, 29, 11, 37, 30, 4, 15, 28, 21, 44, 31, 12, 20, 33, 9, 26, 18, 49, 13, 36, 43, 41, 25, 40, 46, 32, 42, 34, 24, 35, 59, 47, 48, 39, 38, 62, 60, 53, 51, 63, 57, 64, 54, 61, 58, 52, 45, 56, 55, 50 ],
\[ 4, 9, 15, 19, 11, 22, 1, 26, 23, 6, 31, 2, 5, 8, 36, 33, 3, 17, 40, 16, 29, 42, 43, 7, 10, 46, 37, 14, 27, 20, 48, 12, 44, 13, 28, 53, 49, 18, 25, 57, 21, 59, 60, 61, 24, 63, 30, 62, 64, 32, 34, 35, 56, 38, 39, 47, 51, 41, 50, 55, 54, 45, 58, 52 ]:
 Order := 64 >) |
[ PermutationGroup<64 |  
\[ 10, 5, 7, 30, 2, 28, 3, 12, 21, 1, 18, 8, 16, 17, 41, 13, 14, 11, 32, 29, 9, 34, 24, 23, 27, 47, 25, 6, 20, 4, 39, 19, 35, 22, 33, 51, 38, 37, 31, 54, 15, 58, 52, 45, 44, 55, 26, 56, 50, 49, 36, 43, 64, 40, 46, 48, 60, 42, 62, 57, 63, 59, 61, 53 ],
\[ 3, 8, 14, 10, 16, 1, 23, 17, 5, 27, 2, 19, 22, 6, 7, 29, 11, 37, 30, 4, 15, 28, 21, 44, 31, 12, 20, 33, 9, 26, 18, 49, 13, 36, 43, 41, 25, 40, 46, 32, 42, 34, 24, 35, 59, 47, 48, 39, 38, 62, 60, 53, 51, 63, 57, 64, 54, 61, 58, 52, 45, 56, 55, 50 ],
\[ 4, 9, 15, 19, 11, 22, 1, 26, 23, 6, 31, 2, 5, 8, 36, 33, 3, 17, 40, 16, 29, 42, 43, 7, 10, 46, 37, 14, 27, 20, 48, 12, 44, 13, 28, 53, 49, 18, 25, 57, 21, 59, 60, 61, 24, 63, 30, 62, 64, 32, 34, 35, 56, 38, 39, 47, 51, 41, 50, 55, 54, 45, 58, 52 ]:
 Order := 64 > |
[ 15, 26, 8, 6, 33, 4, 43, 3, 11, 37, 9, 40, 42, 22, 1, 27, 31, 49, 20, 19, 36, 14, 29, 61, 48, 2, 16, 44, 23, 46, 17, 64, 5, 53, 60, 21, 10, 57, 63, 12, 59, 13, 7, 28, 50, 30, 62, 25, 18, 45, 55, 56, 34, 58, 51, 52, 38, 54, 41, 35, 24, 47, 39, 32 ],
[ 6, 11, 1, 20, 9, 14, 15, 2, 29, 4, 17, 26, 33, 3, 21, 5, 8, 31, 12, 27, 23, 13, 7, 43, 37, 30, 10, 22, 16, 19, 25, 40, 28, 42, 44, 34, 18, 49, 48, 38, 36, 41, 35, 24, 61, 39, 46, 47, 32, 64, 53, 60, 52, 57, 63, 62, 55, 59, 45, 51, 58, 50, 54, 56 ],
[ 7, 12, 17, 1, 13, 10, 24, 14, 2, 25, 5, 32, 34, 28, 3, 20, 18, 38, 4, 30, 41, 6, 9, 45, 39, 8, 29, 35, 21, 47, 11, 50, 16, 51, 52, 15, 27, 54, 55, 19, 58, 22, 23, 33, 62, 26, 56, 31, 37, 59, 57, 64, 36, 61, 60, 53, 40, 63, 42, 43, 44, 48, 46, 49 ]
]
];

/*
Return for eval
*/

return s;
