s := SolvablePassportDBInitialize();

/*
Magma printing
*/

s`Filename := "64S40-8,16,4-g19.m";
s`GaloisOrbits := [ Strings() | "64S40-8,16,4-g19-path1.m", "64S40-8,16,4-g19-path2.m", "64S40-8,16,4-g19-path3.m", "64S40-8,16,4-g19-path4.m", "64S40-8,16,4-g19-path5.m", "64S40-8,16,4-g19-path6.m", "64S40-8,16,4-g19-path7.m", "64S40-8,16,4-g19-path9.m", "64S40-8,16,4-g19-path10.m", "64S40-8,16,4-g19-path11.m", "64S40-8,16,4-g19-path12.m", "64S40-8,16,4-g19-path13.m", "64S40-8,16,4-g19-path14.m", "64S40-8,16,4-g19-path15.m", "64S40-8,16,4-g19-path16.m", "64S40-8,16,4-g19-path17.m", "64S40-8,16,4-g19-path8.m" ];
s`Name := "64S40-8,16,4-g19";
s`Passport := [ PowerSequence(PermutationGroup<64 |  
\[ 12, 23, 8, 27, 2, 5, 33, 18, 6, 7, 21, 9, 16, 17, 41, 4, 39, 13, 1, 37, 24, 25, 19, 10, 11, 30, 29, 14, 3, 32, 43, 45, 22, 44, 38, 57, 15, 55, 20, 53, 28, 35, 26, 31, 34, 59, 48, 61, 60, 47, 54, 63, 36, 64, 40, 62, 42, 51, 50, 46, 49, 52, 58, 56 ],
\[ 3, 10, 14, 19, 16, 21, 1, 6, 18, 30, 5, 25, 2, 35, 29, 37, 13, 39, 33, 4, 43, 9, 27, 23, 44, 7, 41, 8, 12, 47, 24, 22, 45, 11, 51, 28, 53, 20, 55, 15, 57, 17, 59, 60, 61, 26, 54, 34, 31, 32, 48, 42, 62, 40, 64, 36, 63, 38, 58, 52, 56, 46, 50, 49 ],
\[ 4, 11, 15, 5, 8, 22, 2, 1, 29, 31, 12, 7, 9, 36, 16, 17, 3, 28, 24, 18, 34, 19, 13, 6, 32, 21, 20, 27, 23, 46, 25, 10, 26, 33, 52, 37, 38, 14, 42, 39, 40, 41, 49, 48, 50, 44, 63, 30, 45, 43, 59, 53, 54, 35, 58, 55, 56, 57, 62, 64, 51, 61, 60, 47 ]:
 Order := 64 >) |
[ PermutationGroup<64 |  
\[ 12, 23, 8, 27, 2, 5, 33, 18, 6, 7, 21, 9, 16, 17, 41, 4, 39, 13, 1, 37, 24, 25, 19, 10, 11, 30, 29, 14, 3, 32, 43, 45, 22, 44, 38, 57, 15, 55, 20, 53, 28, 35, 26, 31, 34, 59, 48, 61, 60, 47, 54, 63, 36, 64, 40, 62, 42, 51, 50, 46, 49, 52, 58, 56 ],
\[ 3, 10, 14, 19, 16, 21, 1, 6, 18, 30, 5, 25, 2, 35, 29, 37, 13, 39, 33, 4, 43, 9, 27, 23, 44, 7, 41, 8, 12, 47, 24, 22, 45, 11, 51, 28, 53, 20, 55, 15, 57, 17, 59, 60, 61, 26, 54, 34, 31, 32, 48, 42, 62, 40, 64, 36, 63, 38, 58, 52, 56, 46, 50, 49 ],
\[ 4, 11, 15, 5, 8, 22, 2, 1, 29, 31, 12, 7, 9, 36, 16, 17, 3, 28, 24, 18, 34, 19, 13, 6, 32, 21, 20, 27, 23, 46, 25, 10, 26, 33, 52, 37, 38, 14, 42, 39, 40, 41, 49, 48, 50, 44, 63, 30, 45, 43, 59, 53, 54, 35, 58, 55, 56, 57, 62, 64, 51, 61, 60, 47 ]:
 Order := 64 > |
[ 19, 5, 29, 16, 6, 9, 10, 3, 12, 24, 25, 1, 18, 28, 37, 13, 14, 8, 23, 39, 11, 33, 2, 21, 22, 43, 4, 41, 27, 26, 44, 30, 7, 45, 42, 53, 20, 35, 17, 55, 15, 57, 31, 34, 32, 60, 50, 47, 61, 59, 58, 62, 40, 51, 38, 64, 36, 63, 46, 49, 48, 56, 52, 54 ],
[ 7, 13, 1, 20, 11, 8, 26, 28, 22, 2, 34, 29, 17, 3, 40, 5, 42, 9, 4, 38, 6, 32, 24, 31, 12, 46, 23, 36, 15, 10, 49, 50, 19, 48, 14, 56, 16, 58, 18, 54, 27, 52, 21, 25, 33, 62, 30, 51, 64, 63, 35, 60, 37, 47, 39, 61, 41, 59, 43, 44, 45, 53, 57, 55 ],
[ 25, 27, 6, 41, 10, 16, 45, 39, 21, 1, 43, 18, 37, 13, 57, 19, 55, 2, 3, 53, 23, 44, 33, 30, 5, 47, 12, 35, 14, 22, 59, 61, 9, 60, 20, 63, 29, 64, 4, 62, 8, 51, 7, 24, 11, 58, 34, 56, 52, 54, 40, 50, 28, 49, 15, 46, 17, 48, 32, 26, 31, 42, 38, 36 ]
]
];

/*
Return for eval
*/

return s;
