s := SolvablePassportDBInitialize();

/*
Magma printing
*/

s`Filename := "64S42-2,8,16-g11.m";
s`GaloisOrbits := [ Strings() | "64S42-2,8,16-g11-path2-notcomputed.m" ];
s`Name := "64S42-2,8,16-g11";
s`Passport := [ PowerSequence(PermutationGroup<64 |  
\[ 10, 5, 7, 29, 2, 27, 3, 12, 20, 1, 18, 8, 16, 17, 40, 13, 14, 11, 43, 9, 23, 31, 21, 26, 46, 24, 6, 34, 4, 32, 22, 30, 35, 28, 33, 42, 38, 37, 62, 15, 51, 36, 19, 48, 56, 25, 54, 44, 50, 49, 41, 64, 59, 47, 61, 45, 58, 57, 53, 63, 55, 39, 60, 52 ],
\[ 3, 8, 14, 10, 16, 1, 21, 17, 5, 26, 2, 30, 28, 9, 7, 22, 4, 37, 29, 15, 27, 6, 36, 19, 12, 31, 33, 20, 25, 18, 11, 44, 13, 49, 41, 40, 24, 47, 43, 45, 23, 57, 53, 46, 34, 39, 32, 58, 35, 61, 63, 42, 38, 64, 62, 52, 51, 54, 55, 48, 56, 60, 50, 59 ],
\[ 4, 9, 15, 19, 11, 21, 1, 25, 28, 6, 30, 2, 5, 8, 36, 33, 3, 31, 39, 14, 41, 26, 7, 10, 44, 37, 22, 45, 17, 47, 16, 12, 49, 13, 27, 52, 53, 18, 55, 20, 57, 23, 24, 60, 61, 29, 58, 32, 63, 34, 35, 54, 64, 38, 50, 40, 48, 42, 43, 51, 59, 46, 62, 56 ]:
 Order := 64 >) |
[ PermutationGroup<64 |  
\[ 10, 5, 7, 29, 2, 27, 3, 12, 20, 1, 18, 8, 16, 17, 40, 13, 14, 11, 43, 9, 23, 31, 21, 26, 46, 24, 6, 34, 4, 32, 22, 30, 35, 28, 33, 42, 38, 37, 62, 15, 51, 36, 19, 48, 56, 25, 54, 44, 50, 49, 41, 64, 59, 47, 61, 45, 58, 57, 53, 63, 55, 39, 60, 52 ],
\[ 3, 8, 14, 10, 16, 1, 21, 17, 5, 26, 2, 30, 28, 9, 7, 22, 4, 37, 29, 15, 27, 6, 36, 19, 12, 31, 33, 20, 25, 18, 11, 44, 13, 49, 41, 40, 24, 47, 43, 45, 23, 57, 53, 46, 34, 39, 32, 58, 35, 61, 63, 42, 38, 64, 62, 52, 51, 54, 55, 48, 56, 60, 50, 59 ],
\[ 4, 9, 15, 19, 11, 21, 1, 25, 28, 6, 30, 2, 5, 8, 36, 33, 3, 31, 39, 14, 41, 26, 7, 10, 44, 37, 22, 45, 17, 47, 16, 12, 49, 13, 27, 52, 53, 18, 55, 20, 57, 23, 24, 60, 61, 29, 58, 32, 63, 34, 35, 54, 64, 38, 50, 40, 48, 42, 43, 51, 59, 46, 62, 56 ]:
 Order := 64 > |
[ 15, 25, 8, 6, 33, 4, 41, 3, 11, 37, 9, 47, 45, 28, 1, 26, 19, 53, 17, 36, 22, 21, 52, 39, 2, 16, 49, 14, 44, 31, 30, 60, 5, 63, 57, 20, 10, 58, 24, 61, 7, 48, 64, 29, 13, 55, 12, 42, 27, 59, 62, 23, 18, 56, 46, 54, 35, 38, 50, 32, 40, 51, 34, 43 ],
[ 6, 11, 1, 17, 9, 22, 15, 2, 14, 4, 31, 25, 33, 3, 20, 5, 8, 30, 24, 28, 7, 16, 41, 37, 29, 10, 21, 13, 19, 12, 26, 47, 27, 45, 49, 23, 18, 53, 46, 36, 35, 52, 39, 32, 40, 44, 38, 60, 34, 63, 57, 56, 43, 58, 59, 61, 42, 48, 64, 62, 50, 55, 51, 54 ],
[ 7, 12, 17, 1, 13, 10, 23, 14, 2, 24, 5, 32, 34, 20, 3, 31, 29, 38, 4, 40, 6, 27, 42, 43, 8, 22, 35, 9, 46, 11, 18, 48, 16, 50, 51, 15, 26, 54, 19, 56, 21, 58, 59, 25, 28, 62, 30, 57, 33, 55, 60, 36, 37, 52, 39, 64, 41, 47, 61, 44, 45, 63, 49, 53 ]
]
];

/*
Return for eval
*/

return s;
