s := SolvablePassportDBInitialize();

/*
Magma printing
*/

s`Filename := "64S4-8,8,2-g9.m";
s`GaloisOrbits := [ Strings() | "64S4-8,8,2-g9-path3.m", "64S4-8,8,2-g9-path5.m", "64S4-8,8,2-g9-path4.m" ];
s`Name := "64S4-8,8,2-g9";
s`Passport := [ PowerSequence(PermutationGroup<64 |  
\[ 11, 28, 4, 36, 2, 5, 32, 54, 10, 24, 8, 56, 18, 15, 30, 13, 16, 27, 1, 33, 22, 31, 19, 29, 35, 62, 34, 26, 64, 37, 7, 53, 55, 58, 60, 12, 25, 42, 21, 38, 40, 20, 3, 23, 43, 47, 9, 6, 14, 46, 17, 48, 59, 57, 63, 61, 44, 51, 39, 49, 45, 52, 41, 50 ],
\[ 3, 9, 14, 19, 16, 21, 1, 18, 15, 5, 31, 2, 6, 39, 43, 40, 44, 30, 46, 4, 49, 48, 51, 20, 7, 32, 11, 36, 8, 47, 38, 37, 10, 33, 12, 42, 13, 17, 57, 50, 61, 22, 52, 59, 63, 41, 23, 45, 58, 62, 60, 64, 28, 24, 27, 25, 56, 26, 55, 29, 54, 34, 53, 35 ],
\[ 4, 10, 15, 1, 13, 22, 11, 27, 30, 2, 7, 28, 5, 21, 3, 38, 23, 37, 47, 36, 14, 6, 17, 33, 32, 53, 8, 12, 54, 9, 42, 25, 24, 55, 56, 20, 18, 16, 44, 46, 45, 31, 48, 39, 41, 40, 19, 43, 51, 52, 49, 50, 26, 29, 34, 35, 61, 62, 63, 64, 57, 58, 59, 60 ]:
 Order := 64 >) |
[ PermutationGroup<64 |  
\[ 11, 28, 4, 36, 2, 5, 32, 54, 10, 24, 8, 56, 18, 15, 30, 13, 16, 27, 1, 33, 22, 31, 19, 29, 35, 62, 34, 26, 64, 37, 7, 53, 55, 58, 60, 12, 25, 42, 21, 38, 40, 20, 3, 23, 43, 47, 9, 6, 14, 46, 17, 48, 59, 57, 63, 61, 44, 51, 39, 49, 45, 52, 41, 50 ],
\[ 3, 9, 14, 19, 16, 21, 1, 18, 15, 5, 31, 2, 6, 39, 43, 40, 44, 30, 46, 4, 49, 48, 51, 20, 7, 32, 11, 36, 8, 47, 38, 37, 10, 33, 12, 42, 13, 17, 57, 50, 61, 22, 52, 59, 63, 41, 23, 45, 58, 62, 60, 64, 28, 24, 27, 25, 56, 26, 55, 29, 54, 34, 53, 35 ],
\[ 4, 10, 15, 1, 13, 22, 11, 27, 30, 2, 7, 28, 5, 21, 3, 38, 23, 37, 47, 36, 14, 6, 17, 33, 32, 53, 8, 12, 54, 9, 42, 25, 24, 55, 56, 20, 18, 16, 44, 46, 45, 31, 48, 39, 41, 40, 19, 43, 51, 52, 49, 50, 26, 29, 34, 35, 61, 62, 63, 64, 57, 58, 59, 60 ]:
 Order := 64 > |
[ 11, 28, 4, 36, 2, 5, 32, 54, 10, 24, 8, 56, 18, 15, 30, 13, 16, 27, 1, 33, 22, 31, 19, 29, 35, 62, 34, 26, 64, 37, 7, 53, 55, 58, 60, 12, 25, 42, 21, 38, 40, 20, 3, 23, 43, 47, 9, 6, 14, 46, 17, 48, 59, 57, 63, 61, 44, 51, 39, 49, 45, 52, 41, 50 ],
[ 16, 31, 40, 6, 3, 46, 5, 36, 38, 1, 9, 11, 19, 50, 17, 14, 52, 42, 21, 13, 41, 23, 45, 37, 10, 24, 2, 18, 28, 22, 15, 20, 7, 25, 27, 30, 4, 43, 62, 39, 58, 47, 44, 64, 60, 49, 48, 51, 61, 57, 63, 59, 8, 32, 12, 33, 34, 54, 35, 53, 26, 56, 29, 55 ],
[ 13, 7, 38, 5, 4, 47, 2, 12, 42, 11, 10, 8, 1, 46, 16, 15, 48, 20, 22, 18, 40, 19, 43, 25, 24, 29, 28, 27, 26, 31, 30, 33, 32, 35, 34, 37, 36, 3, 52, 21, 51, 9, 23, 50, 49, 14, 6, 17, 45, 44, 41, 39, 54, 53, 56, 55, 58, 57, 60, 59, 62, 61, 64, 63 ]
]
];

/*
Return for eval
*/

return s;
