s := SolvablePassportDBInitialize();

/*
Magma printing
*/

s`Filename := "64S44-16,8,16-g25.m";
s`GaloisOrbits := [ Strings() | "64S44-16,8,16-g25-path40.m", "64S44-16,8,16-g25-path71.m", "64S44-16,8,16-g25-path41.m", "64S44-16,8,16-g25-path70.m", "64S44-16,8,16-g25-path42.m", "64S44-16,8,16-g25-path39.m", "64S44-16,8,16-g25-path43.m", "64S44-16,8,16-g25-path38.m", "64S44-16,8,16-g25-path37.m", "64S44-16,8,16-g25-path44.m", "64S44-16,8,16-g25-path36.m", "64S44-16,8,16-g25-path35.m", "64S44-16,8,16-g25-path76.m", "64S44-16,8,16-g25-path77.m", "64S44-16,8,16-g25-path33.m", "64S44-16,8,16-g25-path4.m", "64S44-16,8,16-g25-path64.m", "64S44-16,8,16-g25-path32.m", "64S44-16,8,16-g25-path69.m", "64S44-16,8,16-g25-path45.m", "64S44-16,8,16-g25-path31.m", "64S44-16,8,16-g25-path46.m", "64S44-16,8,16-g25-path68.m", "64S44-16,8,16-g25-path63.m", "64S44-16,8,16-g25-path75.m", "64S44-16,8,16-g25-path74.m", "64S44-16,8,16-g25-path47.m", "64S44-16,8,16-g25-path62.m", "64S44-16,8,16-g25-path72.m", "64S44-16,8,16-g25-path30.m", "64S44-16,8,16-g25-path73.m", "64S44-16,8,16-g25-path29.m", "64S44-16,8,16-g25-path28.m", "64S44-16,8,16-g25-path27.m", "64S44-16,8,16-g25-path67.m", "64S44-16,8,16-g25-path48.m", "64S44-16,8,16-g25-path61.m", "64S44-16,8,16-g25-path66.m", "64S44-16,8,16-g25-path60.m", "64S44-16,8,16-g25-path26.m", "64S44-16,8,16-g25-path25.m", "64S44-16,8,16-g25-path59.m", "64S44-16,8,16-g25-path24.m", "64S44-16,8,16-g25-path23.m", "64S44-16,8,16-g25-path58.m", "64S44-16,8,16-g25-path49.m", "64S44-16,8,16-g25-path22.m", "64S44-16,8,16-g25-path21.m", "64S44-16,8,16-g25-path20.m", "64S44-16,8,16-g25-path50.m", "64S44-16,8,16-g25-path19.m", "64S44-16,8,16-g25-path57.m", "64S44-16,8,16-g25-path18.m", "64S44-16,8,16-g25-path17.m", "64S44-16,8,16-g25-path16.m", "64S44-16,8,16-g25-path15.m", "64S44-16,8,16-g25-path14.m", "64S44-16,8,16-g25-path51.m", "64S44-16,8,16-g25-path56.m", "64S44-16,8,16-g25-path13.m", "64S44-16,8,16-g25-path10.m", "64S44-16,8,16-g25-path9.m", "64S44-16,8,16-g25-path55.m", "64S44-16,8,16-g25-path52.m", "64S44-16,8,16-g25-path8.m", "64S44-16,8,16-g25-path1.m", "64S44-16,8,16-g25-path65.m", "64S44-16,8,16-g25-path7.m", "64S44-16,8,16-g25-path2.m", "64S44-16,8,16-g25-path6.m", "64S44-16,8,16-g25-path3.m", "64S44-16,8,16-g25-path5.m", "64S44-16,8,16-g25-path12.m", "64S44-16,8,16-g25-path54.m", "64S44-16,8,16-g25-path11.m", "64S44-16,8,16-g25-path78.m", "64S44-16,8,16-g25-path53.m", "64S44-16,8,16-g25-path34.m" ];
s`Name := "64S44-16,8,16-g25";
s`Passport := [ PowerSequence(PermutationGroup<64 |  
\[ 12, 23, 8, 51, 2, 5, 46, 25, 47, 14, 31, 9, 60, 48, 35, 20, 64, 15, 18, 58, 13, 1, 32, 21, 24, 34, 30, 33, 22, 10, 62, 59, 11, 41, 4, 38, 63, 6, 49, 55, 45, 54, 28, 43, 17, 40, 50, 7, 56, 36, 39, 26, 29, 52, 44, 3, 42, 57, 53, 19, 16, 27, 61, 37 ],
\[ 3, 10, 16, 22, 18, 27, 1, 36, 25, 41, 5, 43, 2, 29, 53, 11, 56, 34, 32, 13, 42, 55, 35, 6, 58, 4, 26, 38, 49, 59, 54, 48, 57, 7, 45, 31, 8, 60, 12, 9, 39, 30, 20, 50, 40, 37, 33, 17, 63, 21, 64, 14, 46, 15, 61, 47, 19, 62, 51, 52, 24, 23, 28, 44 ],
\[ 4, 11, 17, 23, 24, 28, 32, 1, 39, 42, 47, 7, 50, 2, 5, 55, 35, 57, 38, 3, 61, 14, 13, 9, 37, 60, 58, 12, 15, 6, 16, 62, 63, 27, 54, 44, 51, 8, 59, 53, 18, 33, 64, 22, 10, 34, 40, 52, 41, 56, 26, 31, 30, 21, 45, 29, 25, 43, 19, 20, 49, 36, 46, 48 ]:
 Order := 64 >) |
[ PermutationGroup<64 |  
\[ 12, 23, 8, 51, 2, 5, 46, 25, 47, 14, 31, 9, 60, 48, 35, 20, 64, 15, 18, 58, 13, 1, 32, 21, 24, 34, 30, 33, 22, 10, 62, 59, 11, 41, 4, 38, 63, 6, 49, 55, 45, 54, 28, 43, 17, 40, 50, 7, 56, 36, 39, 26, 29, 52, 44, 3, 42, 57, 53, 19, 16, 27, 61, 37 ],
\[ 3, 10, 16, 22, 18, 27, 1, 36, 25, 41, 5, 43, 2, 29, 53, 11, 56, 34, 32, 13, 42, 55, 35, 6, 58, 4, 26, 38, 49, 59, 54, 48, 57, 7, 45, 31, 8, 60, 12, 9, 39, 30, 20, 50, 40, 37, 33, 17, 63, 21, 64, 14, 46, 15, 61, 47, 19, 62, 51, 52, 24, 23, 28, 44 ],
\[ 4, 11, 17, 23, 24, 28, 32, 1, 39, 42, 47, 7, 50, 2, 5, 55, 35, 57, 38, 3, 61, 14, 13, 9, 37, 60, 58, 12, 15, 6, 16, 62, 63, 27, 54, 44, 51, 8, 59, 53, 18, 33, 64, 22, 10, 34, 40, 52, 41, 56, 26, 31, 30, 21, 45, 29, 25, 43, 19, 20, 49, 36, 46, 48 ]:
 Order := 64 > |
[ 22, 5, 56, 35, 6, 38, 48, 3, 12, 30, 33, 1, 21, 10, 18, 61, 45, 19, 60, 16, 24, 29, 2, 25, 8, 52, 62, 43, 53, 27, 11, 23, 28, 26, 15, 50, 64, 36, 51, 46, 34, 57, 44, 55, 41, 7, 9, 14, 39, 47, 4, 54, 59, 42, 40, 49, 58, 20, 32, 13, 63, 31, 37, 17 ],
[ 7, 13, 1, 26, 11, 24, 34, 37, 40, 2, 16, 39, 20, 52, 54, 3, 48, 5, 57, 43, 50, 4, 62, 61, 9, 27, 6, 63, 14, 42, 36, 19, 47, 18, 23, 8, 46, 28, 41, 45, 10, 21, 12, 64, 35, 53, 56, 32, 29, 44, 59, 60, 15, 31, 22, 17, 33, 25, 30, 38, 55, 58, 49, 51 ],
[ 43, 35, 36, 64, 10, 18, 37, 58, 33, 29, 54, 25, 52, 17, 45, 13, 44, 53, 34, 62, 2, 3, 48, 42, 6, 7, 59, 57, 55, 41, 23, 51, 5, 39, 22, 60, 28, 27, 63, 61, 40, 15, 38, 20, 56, 9, 21, 1, 47, 31, 12, 4, 49, 14, 50, 16, 30, 19, 46, 32, 11, 26, 24, 8 ]
],
[ PermutationGroup<64 |  
\[ 12, 23, 8, 51, 2, 5, 46, 25, 47, 14, 31, 9, 60, 48, 35, 20, 64, 15, 18, 58, 13, 1, 32, 21, 24, 34, 30, 33, 22, 10, 62, 59, 11, 41, 4, 38, 63, 6, 49, 55, 45, 54, 28, 43, 17, 40, 50, 7, 56, 36, 39, 26, 29, 52, 44, 3, 42, 57, 53, 19, 16, 27, 61, 37 ],
\[ 3, 10, 16, 22, 18, 27, 1, 36, 25, 41, 5, 43, 2, 29, 53, 11, 56, 34, 32, 13, 42, 55, 35, 6, 58, 4, 26, 38, 49, 59, 54, 48, 57, 7, 45, 31, 8, 60, 12, 9, 39, 30, 20, 50, 40, 37, 33, 17, 63, 21, 64, 14, 46, 15, 61, 47, 19, 62, 51, 52, 24, 23, 28, 44 ],
\[ 4, 11, 17, 23, 24, 28, 32, 1, 39, 42, 47, 7, 50, 2, 5, 55, 35, 57, 38, 3, 61, 14, 13, 9, 37, 60, 58, 12, 15, 6, 16, 62, 63, 27, 54, 44, 51, 8, 59, 53, 18, 33, 64, 22, 10, 34, 40, 52, 41, 56, 26, 31, 30, 21, 45, 29, 25, 43, 19, 20, 49, 36, 46, 48 ]:
 Order := 64 > |
[ 22, 5, 56, 35, 6, 38, 48, 3, 12, 30, 33, 1, 21, 10, 18, 61, 45, 19, 60, 16, 24, 29, 2, 25, 8, 52, 62, 43, 53, 27, 11, 23, 28, 26, 15, 50, 64, 36, 51, 46, 34, 57, 44, 55, 41, 7, 9, 14, 39, 47, 4, 54, 59, 42, 40, 49, 58, 20, 32, 13, 63, 31, 37, 17 ],
[ 44, 15, 50, 17, 30, 19, 64, 20, 28, 53, 42, 8, 54, 45, 41, 21, 55, 59, 26, 31, 5, 56, 14, 57, 38, 48, 32, 58, 40, 34, 2, 4, 6, 51, 29, 13, 43, 62, 37, 63, 46, 18, 36, 16, 49, 12, 24, 22, 9, 11, 1, 35, 39, 10, 47, 61, 27, 60, 7, 23, 33, 52, 25, 3 ],
[ 46, 60, 12, 34, 31, 21, 41, 63, 55, 23, 20, 49, 58, 26, 52, 8, 7, 2, 42, 28, 36, 51, 27, 16, 47, 30, 5, 61, 48, 54, 38, 18, 50, 15, 32, 25, 40, 33, 45, 17, 14, 13, 9, 37, 4, 29, 3, 59, 22, 43, 53, 19, 35, 62, 1, 64, 11, 24, 10, 6, 44, 57, 56, 39 ]
]
];

/*
Return for eval
*/

return s;
