s := SolvablePassportDBInitialize();

/*
Magma printing
*/

s`Filename := "64S44-8,16,16-g25.m";
s`GaloisOrbits := [ Strings() | "64S44-8,16,16-g25-path8.m", "64S44-8,16,16-g25-path10.m", "64S44-8,16,16-g25-path11.m", "64S44-8,16,16-g25-path12.m", "64S44-8,16,16-g25-path5.m", "64S44-8,16,16-g25-path6.m" ];
s`Name := "64S44-8,16,16-g25";
s`Passport := [ PowerSequence(PermutationGroup<64 |  
\[ 2, 9, 8, 19, 11, 1, 26, 28, 29, 13, 30, 34, 36, 18, 5, 10, 3, 33, 12, 7, 4, 27, 16, 20, 6, 31, 35, 32, 47, 48, 51, 53, 46, 49, 52, 50, 22, 14, 15, 37, 17, 21, 23, 24, 25, 54, 45, 62, 59, 60, 61, 63, 58, 64, 38, 39, 40, 41, 42, 43, 44, 56, 57, 55 ],
\[ 3, 10, 14, 6, 16, 23, 1, 22, 28, 18, 8, 2, 27, 21, 17, 37, 40, 20, 5, 15, 39, 4, 38, 25, 41, 11, 7, 33, 36, 13, 9, 35, 19, 30, 12, 46, 24, 44, 43, 42, 55, 45, 57, 56, 60, 26, 53, 32, 29, 52, 48, 31, 54, 34, 59, 58, 61, 63, 62, 64, 47, 50, 49, 51 ],
\[ 4, 7, 15, 14, 20, 24, 18, 1, 12, 5, 19, 33, 2, 23, 21, 6, 25, 3, 22, 37, 40, 16, 39, 38, 42, 27, 8, 11, 31, 26, 46, 9, 10, 35, 13, 30, 17, 41, 44, 43, 56, 55, 45, 57, 61, 28, 49, 34, 54, 29, 52, 32, 48, 36, 60, 59, 58, 47, 63, 62, 64, 51, 50, 53 ]:
 Order := 64 >) |
[ PermutationGroup<64 |  
\[ 2, 9, 8, 19, 11, 1, 26, 28, 29, 13, 30, 34, 36, 18, 5, 10, 3, 33, 12, 7, 4, 27, 16, 20, 6, 31, 35, 32, 47, 48, 51, 53, 46, 49, 52, 50, 22, 14, 15, 37, 17, 21, 23, 24, 25, 54, 45, 62, 59, 60, 61, 63, 58, 64, 38, 39, 40, 41, 42, 43, 44, 56, 57, 55 ],
\[ 3, 10, 14, 6, 16, 23, 1, 22, 28, 18, 8, 2, 27, 21, 17, 37, 40, 20, 5, 15, 39, 4, 38, 25, 41, 11, 7, 33, 36, 13, 9, 35, 19, 30, 12, 46, 24, 44, 43, 42, 55, 45, 57, 56, 60, 26, 53, 32, 29, 52, 48, 31, 54, 34, 59, 58, 61, 63, 62, 64, 47, 50, 49, 51 ],
\[ 4, 7, 15, 14, 20, 24, 18, 1, 12, 5, 19, 33, 2, 23, 21, 6, 25, 3, 22, 37, 40, 16, 39, 38, 42, 27, 8, 11, 31, 26, 46, 9, 10, 35, 13, 30, 17, 41, 44, 43, 56, 55, 45, 57, 61, 28, 49, 34, 54, 29, 52, 32, 48, 36, 60, 59, 58, 47, 63, 62, 64, 51, 50, 53 ]:
 Order := 64 > |
[ 11, 30, 10, 7, 2, 5, 12, 13, 48, 28, 9, 31, 32, 22, 1, 8, 16, 27, 26, 19, 20, 33, 3, 4, 15, 34, 46, 36, 62, 29, 49, 50, 35, 51, 54, 53, 18, 37, 6, 14, 23, 24, 17, 21, 39, 52, 56, 47, 61, 58, 59, 64, 60, 63, 40, 25, 38, 43, 44, 41, 42, 45, 55, 57 ],
[ 3, 10, 14, 6, 16, 23, 1, 22, 28, 18, 8, 2, 27, 21, 17, 37, 40, 20, 5, 15, 39, 4, 38, 25, 41, 11, 7, 33, 36, 13, 9, 35, 19, 30, 12, 46, 24, 44, 43, 42, 55, 45, 57, 56, 60, 26, 53, 32, 29, 52, 48, 31, 54, 34, 59, 58, 61, 63, 62, 64, 47, 50, 49, 51 ],
[ 20, 19, 6, 37, 4, 21, 22, 5, 26, 1, 7, 27, 11, 17, 24, 15, 39, 16, 18, 14, 38, 3, 25, 40, 44, 33, 10, 2, 34, 12, 35, 30, 8, 46, 28, 9, 23, 43, 42, 41, 45, 57, 56, 55, 59, 13, 51, 31, 52, 48, 54, 36, 29, 32, 58, 61, 60, 62, 64, 47, 63, 49, 53, 50 ]
],
[ PermutationGroup<64 |  
\[ 2, 9, 8, 19, 11, 1, 26, 28, 29, 13, 30, 34, 36, 18, 5, 10, 3, 33, 12, 7, 4, 27, 16, 20, 6, 31, 35, 32, 47, 48, 51, 53, 46, 49, 52, 50, 22, 14, 15, 37, 17, 21, 23, 24, 25, 54, 45, 62, 59, 60, 61, 63, 58, 64, 38, 39, 40, 41, 42, 43, 44, 56, 57, 55 ],
\[ 3, 10, 14, 6, 16, 23, 1, 22, 28, 18, 8, 2, 27, 21, 17, 37, 40, 20, 5, 15, 39, 4, 38, 25, 41, 11, 7, 33, 36, 13, 9, 35, 19, 30, 12, 46, 24, 44, 43, 42, 55, 45, 57, 56, 60, 26, 53, 32, 29, 52, 48, 31, 54, 34, 59, 58, 61, 63, 62, 64, 47, 50, 49, 51 ],
\[ 4, 7, 15, 14, 20, 24, 18, 1, 12, 5, 19, 33, 2, 23, 21, 6, 25, 3, 22, 37, 40, 16, 39, 38, 42, 27, 8, 11, 31, 26, 46, 9, 10, 35, 13, 30, 17, 41, 44, 43, 56, 55, 45, 57, 61, 28, 49, 34, 54, 29, 52, 32, 48, 36, 60, 59, 58, 47, 63, 62, 64, 51, 50, 53 ]:
 Order := 64 > |
[ 15, 5, 23, 24, 6, 39, 4, 16, 11, 3, 1, 7, 8, 40, 25, 17, 43, 37, 20, 21, 44, 14, 41, 42, 56, 19, 18, 10, 30, 2, 12, 13, 22, 26, 33, 28, 38, 57, 45, 55, 60, 61, 58, 59, 62, 27, 48, 9, 31, 32, 34, 46, 36, 35, 63, 47, 64, 50, 51, 53, 49, 29, 54, 52 ],
[ 3, 10, 14, 6, 16, 23, 1, 22, 28, 18, 8, 2, 27, 21, 17, 37, 40, 20, 5, 15, 39, 4, 38, 25, 41, 11, 7, 33, 36, 13, 9, 35, 19, 30, 12, 46, 24, 44, 43, 42, 55, 45, 57, 56, 60, 26, 53, 32, 29, 52, 48, 31, 54, 34, 59, 58, 61, 63, 62, 64, 47, 50, 49, 51 ],
[ 26, 34, 2, 27, 12, 19, 35, 30, 51, 9, 31, 52, 48, 8, 7, 11, 5, 13, 46, 33, 18, 28, 1, 22, 20, 54, 36, 29, 59, 49, 63, 62, 32, 64, 53, 47, 10, 16, 4, 3, 6, 37, 15, 14, 21, 50, 44, 61, 57, 56, 55, 60, 45, 58, 17, 24, 23, 39, 38, 25, 40, 42, 41, 43 ]
]
];

/*
Return for eval
*/

return s;
