s := SolvablePassportDBInitialize();

/*
Magma printing
*/

s`Filename := "64S45-16,8,16-g25.m";
s`GaloisOrbits := [ Strings() | "64S45-16,8,16-g25-path4-notcomputed.m", "64S45-16,8,16-g25-path5-notcomputed.m" ];
s`Name := "64S45-16,8,16-g25";
s`Passport := [ PowerSequence(PermutationGroup<64 |  
\[ 12, 32, 8, 17, 2, 5, 10, 34, 40, 13, 27, 9, 54, 30, 18, 29, 14, 37, 1, 6, 3, 21, 15, 7, 28, 19, 36, 11, 31, 52, 39, 33, 58, 35, 63, 38, 56, 60, 51, 53, 4, 23, 24, 22, 26, 48, 41, 16, 43, 20, 59, 57, 50, 55, 62, 64, 44, 45, 61, 49, 42, 25, 47, 46 ],
\[ 3, 10, 15, 19, 17, 24, 1, 2, 34, 18, 5, 27, 9, 12, 11, 21, 29, 14, 28, 41, 6, 42, 4, 23, 20, 22, 31, 16, 7, 39, 8, 30, 54, 37, 33, 32, 36, 51, 13, 38, 48, 25, 26, 50, 62, 44, 45, 43, 61, 49, 35, 40, 63, 56, 53, 52, 59, 57, 55, 58, 47, 46, 64, 60 ],
\[ 4, 11, 16, 20, 21, 25, 6, 1, 14, 29, 19, 7, 2, 5, 24, 41, 23, 3, 43, 44, 26, 46, 22, 48, 45, 47, 15, 42, 28, 18, 17, 8, 36, 31, 9, 12, 10, 37, 27, 13, 61, 49, 50, 58, 60, 63, 53, 62, 64, 55, 30, 32, 52, 39, 33, 34, 56, 35, 38, 40, 57, 59, 51, 54 ]:
 Order := 64 >) |
[ PermutationGroup<64 |  
\[ 12, 32, 8, 17, 2, 5, 10, 34, 40, 13, 27, 9, 54, 30, 18, 29, 14, 37, 1, 6, 3, 21, 15, 7, 28, 19, 36, 11, 31, 52, 39, 33, 58, 35, 63, 38, 56, 60, 51, 53, 4, 23, 24, 22, 26, 48, 41, 16, 43, 20, 59, 57, 50, 55, 62, 64, 44, 45, 61, 49, 42, 25, 47, 46 ],
\[ 3, 10, 15, 19, 17, 24, 1, 2, 34, 18, 5, 27, 9, 12, 11, 21, 29, 14, 28, 41, 6, 42, 4, 23, 20, 22, 31, 16, 7, 39, 8, 30, 54, 37, 33, 32, 36, 51, 13, 38, 48, 25, 26, 50, 62, 44, 45, 43, 61, 49, 35, 40, 63, 56, 53, 52, 59, 57, 55, 58, 47, 46, 64, 60 ],
\[ 4, 11, 16, 20, 21, 25, 6, 1, 14, 29, 19, 7, 2, 5, 24, 41, 23, 3, 43, 44, 26, 46, 22, 48, 45, 47, 15, 42, 28, 18, 17, 8, 36, 31, 9, 12, 10, 37, 27, 13, 61, 49, 50, 58, 60, 63, 53, 62, 64, 55, 30, 32, 52, 39, 33, 34, 56, 35, 38, 40, 57, 59, 51, 54 ]:
 Order := 64 > |
[ 19, 5, 21, 41, 6, 20, 24, 3, 12, 7, 28, 1, 10, 17, 23, 48, 4, 15, 26, 50, 22, 44, 42, 43, 62, 45, 11, 25, 16, 14, 29, 2, 32, 8, 34, 27, 18, 36, 31, 9, 47, 61, 49, 57, 58, 64, 63, 46, 60, 53, 39, 30, 40, 13, 54, 37, 52, 33, 51, 38, 59, 55, 35, 56 ],
[ 7, 8, 1, 23, 11, 21, 29, 31, 13, 2, 15, 14, 39, 18, 3, 28, 5, 10, 4, 25, 16, 26, 24, 6, 42, 43, 12, 19, 17, 32, 27, 36, 35, 9, 51, 37, 34, 40, 30, 52, 20, 22, 48, 46, 47, 62, 61, 41, 50, 44, 38, 56, 55, 33, 59, 54, 58, 60, 57, 64, 49, 45, 53, 63 ],
[ 27, 30, 2, 29, 10, 17, 18, 37, 38, 9, 31, 34, 56, 39, 14, 7, 12, 36, 3, 24, 15, 6, 11, 1, 16, 28, 32, 5, 8, 40, 13, 54, 57, 33, 64, 51, 52, 58, 35, 63, 19, 4, 23, 42, 22, 43, 48, 21, 26, 41, 55, 59, 49, 53, 46, 60, 50, 62, 47, 61, 25, 20, 45, 44 ]
],
[ PermutationGroup<64 |  
\[ 12, 32, 8, 17, 2, 5, 10, 34, 40, 13, 27, 9, 54, 30, 18, 29, 14, 37, 1, 6, 3, 21, 15, 7, 28, 19, 36, 11, 31, 52, 39, 33, 58, 35, 63, 38, 56, 60, 51, 53, 4, 23, 24, 22, 26, 48, 41, 16, 43, 20, 59, 57, 50, 55, 62, 64, 44, 45, 61, 49, 42, 25, 47, 46 ],
\[ 3, 10, 15, 19, 17, 24, 1, 2, 34, 18, 5, 27, 9, 12, 11, 21, 29, 14, 28, 41, 6, 42, 4, 23, 20, 22, 31, 16, 7, 39, 8, 30, 54, 37, 33, 32, 36, 51, 13, 38, 48, 25, 26, 50, 62, 44, 45, 43, 61, 49, 35, 40, 63, 56, 53, 52, 59, 57, 55, 58, 47, 46, 64, 60 ],
\[ 4, 11, 16, 20, 21, 25, 6, 1, 14, 29, 19, 7, 2, 5, 24, 41, 23, 3, 43, 44, 26, 46, 22, 48, 45, 47, 15, 42, 28, 18, 17, 8, 36, 31, 9, 12, 10, 37, 27, 13, 61, 49, 50, 58, 60, 63, 53, 62, 64, 55, 30, 32, 52, 39, 33, 34, 56, 35, 38, 40, 57, 59, 51, 54 ]:
 Order := 64 > |
[ 19, 5, 21, 41, 6, 20, 24, 3, 12, 7, 28, 1, 10, 17, 23, 48, 4, 15, 26, 50, 22, 44, 42, 43, 62, 45, 11, 25, 16, 14, 29, 2, 32, 8, 34, 27, 18, 36, 31, 9, 47, 61, 49, 57, 58, 64, 63, 46, 60, 53, 39, 30, 40, 13, 54, 37, 52, 33, 51, 38, 59, 55, 35, 56 ],
[ 55, 47, 53, 56, 60, 35, 59, 61, 25, 45, 64, 44, 42, 46, 63, 38, 58, 62, 52, 36, 51, 9, 54, 33, 37, 13, 50, 40, 57, 26, 49, 43, 4, 20, 23, 48, 41, 6, 22, 21, 32, 34, 39, 31, 14, 27, 18, 30, 2, 8, 24, 16, 11, 19, 15, 28, 1, 7, 3, 29, 10, 12, 5, 17 ],
[ 62, 41, 50, 64, 49, 63, 61, 42, 28, 26, 46, 22, 23, 48, 47, 60, 45, 25, 57, 38, 59, 40, 55, 58, 56, 54, 20, 53, 44, 19, 43, 24, 17, 6, 15, 16, 4, 5, 21, 3, 33, 35, 51, 39, 30, 36, 37, 52, 32, 34, 7, 29, 27, 1, 18, 11, 12, 10, 8, 31, 13, 9, 2, 14 ]
]
];

/*
Return for eval
*/

return s;
