s := SolvablePassportDBInitialize();

/*
Magma printing
*/

s`Filename := "64S44-16,16,8-g25.m";
s`GaloisOrbits := [ Strings() | "64S44-16,16,8-g25-path67.m", "64S44-16,16,8-g25-path17.m", "64S44-16,16,8-g25-path68.m", "64S44-16,16,8-g25-path18.m", "64S44-16,16,8-g25-path66.m", "64S44-16,16,8-g25-path60.m", "64S44-16,16,8-g25-path69.m", "64S44-16,16,8-g25-path19.m", "64S44-16,16,8-g25-path20.m", "64S44-16,16,8-g25-path16.m", "64S44-16,16,8-g25-path61.m", "64S44-16,16,8-g25-path65.m", "64S44-16,16,8-g25-path15.m", "64S44-16,16,8-g25-path59.m", "64S44-16,16,8-g25-path14.m", "64S44-16,16,8-g25-path13.m", "64S44-16,16,8-g25-path70.m", "64S44-16,16,8-g25-path44.m", "64S44-16,16,8-g25-path71.m", "64S44-16,16,8-g25-path62.m", "64S44-16,16,8-g25-path21.m", "64S44-16,16,8-g25-path22.m", "64S44-16,16,8-g25-path43.m", "64S44-16,16,8-g25-path12.m", "64S44-16,16,8-g25-path58.m", "64S44-16,16,8-g25-path23.m", "64S44-16,16,8-g25-path72.m", "64S44-16,16,8-g25-path63.m", "64S44-16,16,8-g25-path24.m", "64S44-16,16,8-g25-path45.m", "64S44-16,16,8-g25-path11.m", "64S44-16,16,8-g25-path46.m", "64S44-16,16,8-g25-path10.m", "64S44-16,16,8-g25-path9.m", "64S44-16,16,8-g25-path73.m", "64S44-16,16,8-g25-path64.m", "64S44-16,16,8-g25-path57.m", "64S44-16,16,8-g25-path42.m", "64S44-16,16,8-g25-path8.m", "64S44-16,16,8-g25-path74.m", "64S44-16,16,8-g25-path7.m", "64S44-16,16,8-g25-path75.m", "64S44-16,16,8-g25-path6.m", "64S44-16,16,8-g25-path25.m", "64S44-16,16,8-g25-path26.m", "64S44-16,16,8-g25-path5.m", "64S44-16,16,8-g25-path41.m", "64S44-16,16,8-g25-path56.m", "64S44-16,16,8-g25-path40.m", "64S44-16,16,8-g25-path76.m", "64S44-16,16,8-g25-path55.m", "64S44-16,16,8-g25-path77.m", "64S44-16,16,8-g25-path39.m", "64S44-16,16,8-g25-path4.m", "64S44-16,16,8-g25-path27.m", "64S44-16,16,8-g25-path28.m", "64S44-16,16,8-g25-path78.m", "64S44-16,16,8-g25-path3.m", "64S44-16,16,8-g25-path1.m", "64S44-16,16,8-g25-path38.m", "64S44-16,16,8-g25-path54.m", "64S44-16,16,8-g25-path37.m", "64S44-16,16,8-g25-path53.m", "64S44-16,16,8-g25-path32.m", "64S44-16,16,8-g25-path31.m", "64S44-16,16,8-g25-path52.m", "64S44-16,16,8-g25-path51.m", "64S44-16,16,8-g25-path50.m", "64S44-16,16,8-g25-path49.m", "64S44-16,16,8-g25-path29.m", "64S44-16,16,8-g25-path30.m", "64S44-16,16,8-g25-path48.m", "64S44-16,16,8-g25-path36.m", "64S44-16,16,8-g25-path35.m", "64S44-16,16,8-g25-path47.m", "64S44-16,16,8-g25-path34.m", "64S44-16,16,8-g25-path33.m", "64S44-16,16,8-g25-path2.m" ];
s`Name := "64S44-16,16,8-g25";
s`Passport := [ PowerSequence(PermutationGroup<64 |  
\[ 12, 40, 8, 50, 2, 5, 27, 39, 53, 14, 31, 9, 3, 56, 35, 20, 64, 15, 18, 63, 13, 1, 32, 21, 24, 34, 30, 33, 22, 10, 46, 59, 11, 58, 60, 38, 55, 61, 41, 36, 62, 51, 23, 54, 42, 45, 29, 7, 17, 19, 57, 26, 52, 16, 43, 25, 4, 44, 6, 28, 49, 48, 47, 37 ],
\[ 3, 10, 16, 22, 18, 27, 1, 36, 39, 43, 5, 45, 2, 52, 53, 14, 13, 55, 12, 60, 44, 31, 57, 6, 34, 4, 37, 59, 21, 9, 54, 48, 58, 7, 23, 56, 8, 28, 63, 35, 61, 38, 41, 30, 20, 40, 33, 17, 11, 64, 47, 62, 51, 15, 42, 32, 49, 19, 50, 26, 24, 29, 25, 46 ],
\[ 4, 11, 17, 23, 24, 28, 32, 1, 19, 44, 47, 7, 29, 2, 5, 31, 57, 58, 59, 3, 61, 62, 10, 63, 36, 14, 34, 20, 51, 6, 49, 35, 38, 60, 54, 46, 50, 8, 37, 13, 9, 12, 18, 33, 64, 22, 39, 52, 41, 26, 55, 15, 30, 21, 27, 16, 53, 25, 56, 40, 42, 43, 45, 48 ]:
 Order := 64 >) |
[ PermutationGroup<64 |  
\[ 12, 40, 8, 50, 2, 5, 27, 39, 53, 14, 31, 9, 3, 56, 35, 20, 64, 15, 18, 63, 13, 1, 32, 21, 24, 34, 30, 33, 22, 10, 46, 59, 11, 58, 60, 38, 55, 61, 41, 36, 62, 51, 23, 54, 42, 45, 29, 7, 17, 19, 57, 26, 52, 16, 43, 25, 4, 44, 6, 28, 49, 48, 47, 37 ],
\[ 3, 10, 16, 22, 18, 27, 1, 36, 39, 43, 5, 45, 2, 52, 53, 14, 13, 55, 12, 60, 44, 31, 57, 6, 34, 4, 37, 59, 21, 9, 54, 48, 58, 7, 23, 56, 8, 28, 63, 35, 61, 38, 41, 30, 20, 40, 33, 17, 11, 64, 47, 62, 51, 15, 42, 32, 49, 19, 50, 26, 24, 29, 25, 46 ],
\[ 4, 11, 17, 23, 24, 28, 32, 1, 19, 44, 47, 7, 29, 2, 5, 31, 57, 58, 59, 3, 61, 62, 10, 63, 36, 14, 34, 20, 51, 6, 49, 35, 38, 60, 54, 46, 50, 8, 37, 13, 9, 12, 18, 33, 64, 22, 39, 52, 41, 26, 55, 15, 30, 21, 27, 16, 53, 25, 56, 40, 42, 43, 45, 48 ]:
 Order := 64 > |
[ 12, 40, 8, 50, 2, 5, 27, 39, 53, 14, 31, 9, 3, 56, 35, 20, 64, 15, 18, 63, 13, 1, 32, 21, 24, 34, 30, 33, 22, 10, 46, 59, 11, 58, 60, 38, 55, 61, 41, 36, 62, 51, 23, 54, 42, 45, 29, 7, 17, 19, 57, 26, 52, 16, 43, 25, 4, 44, 6, 28, 49, 48, 47, 37 ],
[ 18, 45, 55, 6, 3, 31, 5, 53, 35, 20, 1, 10, 12, 38, 36, 42, 19, 16, 2, 41, 64, 27, 25, 22, 49, 24, 54, 29, 50, 40, 37, 33, 17, 11, 63, 51, 15, 62, 23, 39, 26, 52, 60, 46, 43, 9, 48, 58, 7, 44, 32, 28, 56, 8, 14, 47, 34, 13, 21, 61, 4, 59, 57, 30 ],
[ 24, 7, 58, 63, 4, 62, 47, 5, 13, 64, 32, 11, 59, 12, 1, 27, 25, 17, 29, 18, 26, 28, 45, 23, 53, 42, 49, 43, 56, 22, 34, 39, 52, 41, 37, 30, 21, 15, 54, 19, 40, 2, 3, 48, 44, 6, 35, 38, 60, 61, 16, 8, 46, 50, 31, 55, 36, 57, 51, 9, 14, 20, 10, 33 ]
],
[ PermutationGroup<64 |  
\[ 12, 40, 8, 50, 2, 5, 27, 39, 53, 14, 31, 9, 3, 56, 35, 20, 64, 15, 18, 63, 13, 1, 32, 21, 24, 34, 30, 33, 22, 10, 46, 59, 11, 58, 60, 38, 55, 61, 41, 36, 62, 51, 23, 54, 42, 45, 29, 7, 17, 19, 57, 26, 52, 16, 43, 25, 4, 44, 6, 28, 49, 48, 47, 37 ],
\[ 3, 10, 16, 22, 18, 27, 1, 36, 39, 43, 5, 45, 2, 52, 53, 14, 13, 55, 12, 60, 44, 31, 57, 6, 34, 4, 37, 59, 21, 9, 54, 48, 58, 7, 23, 56, 8, 28, 63, 35, 61, 38, 41, 30, 20, 40, 33, 17, 11, 64, 47, 62, 51, 15, 42, 32, 49, 19, 50, 26, 24, 29, 25, 46 ],
\[ 4, 11, 17, 23, 24, 28, 32, 1, 19, 44, 47, 7, 29, 2, 5, 31, 57, 58, 59, 3, 61, 62, 10, 63, 36, 14, 34, 20, 51, 6, 49, 35, 38, 60, 54, 46, 50, 8, 37, 13, 9, 12, 18, 33, 64, 22, 39, 52, 41, 26, 55, 15, 30, 21, 27, 16, 53, 25, 56, 40, 42, 43, 45, 48 ]:
 Order := 64 > |
[ 12, 40, 8, 50, 2, 5, 27, 39, 53, 14, 31, 9, 3, 56, 35, 20, 64, 15, 18, 63, 13, 1, 32, 21, 24, 34, 30, 33, 22, 10, 46, 59, 11, 58, 60, 38, 55, 61, 41, 36, 62, 51, 23, 54, 42, 45, 29, 7, 17, 19, 57, 26, 52, 16, 43, 25, 4, 44, 6, 28, 49, 48, 47, 37 ],
[ 57, 33, 49, 43, 25, 60, 23, 22, 50, 58, 63, 48, 47, 5, 6, 11, 51, 34, 32, 13, 38, 41, 30, 20, 40, 10, 26, 16, 42, 59, 61, 15, 36, 35, 44, 31, 4, 3, 64, 21, 12, 1, 19, 28, 17, 29, 8, 53, 39, 52, 37, 18, 27, 24, 7, 54, 9, 56, 14, 2, 45, 55, 46, 62 ],
[ 8, 14, 20, 1, 15, 30, 12, 38, 41, 23, 2, 42, 40, 26, 52, 56, 3, 43, 9, 28, 54, 46, 4, 5, 58, 50, 55, 6, 13, 53, 16, 7, 44, 27, 32, 25, 39, 33, 47, 60, 49, 61, 62, 10, 63, 36, 11, 64, 31, 37, 29, 48, 57, 35, 51, 59, 17, 18, 19, 34, 21, 22, 24, 45 ]
]
];

/*
Return for eval
*/

return s;
