s := SolvablePassportDBInitialize();

/*
Magma printing
*/

s`Filename := "64S45-16,4,16-g21.m";
s`GaloisOrbits := [ Strings() | "64S45-16,4,16-g21-path5.m", "64S45-16,4,16-g21-path4.m" ];
s`Name := "64S45-16,4,16-g21";
s`Passport := [ PowerSequence(PermutationGroup<64 |  
\[ 12, 37, 8, 49, 2, 5, 44, 35, 30, 14, 29, 9, 59, 31, 24, 20, 40, 15, 18, 43, 13, 1, 21, 23, 46, 28, 22, 10, 64, 60, 11, 27, 51, 48, 4, 47, 34, 26, 45, 33, 39, 41, 17, 38, 7, 54, 19, 32, 36, 6, 25, 50, 63, 58, 53, 3, 55, 57, 56, 52, 16, 42, 61, 62 ],
\[ 3, 10, 16, 22, 18, 26, 1, 32, 35, 20, 5, 41, 2, 50, 52, 7, 56, 46, 30, 13, 55, 62, 6, 58, 4, 61, 59, 60, 33, 45, 17, 29, 8, 31, 43, 12, 24, 9, 27, 28, 54, 48, 38, 53, 57, 11, 51, 21, 40, 47, 14, 44, 15, 36, 42, 34, 19, 64, 63, 49, 23, 25, 39, 37 ],
\[ 4, 11, 17, 9, 23, 14, 30, 1, 36, 40, 34, 7, 48, 2, 5, 26, 35, 57, 50, 3, 61, 39, 37, 53, 47, 43, 8, 6, 46, 38, 51, 42, 49, 64, 33, 60, 13, 52, 12, 31, 55, 22, 10, 16, 63, 62, 54, 56, 25, 15, 29, 28, 21, 18, 45, 27, 24, 41, 20, 19, 59, 58, 44, 32 ]:
 Order := 64 >) |
[ PermutationGroup<64 |  
\[ 12, 37, 8, 49, 2, 5, 44, 35, 30, 14, 29, 9, 59, 31, 24, 20, 40, 15, 18, 43, 13, 1, 21, 23, 46, 28, 22, 10, 64, 60, 11, 27, 51, 48, 4, 47, 34, 26, 45, 33, 39, 41, 17, 38, 7, 54, 19, 32, 36, 6, 25, 50, 63, 58, 53, 3, 55, 57, 56, 52, 16, 42, 61, 62 ],
\[ 3, 10, 16, 22, 18, 26, 1, 32, 35, 20, 5, 41, 2, 50, 52, 7, 56, 46, 30, 13, 55, 62, 6, 58, 4, 61, 59, 60, 33, 45, 17, 29, 8, 31, 43, 12, 24, 9, 27, 28, 54, 48, 38, 53, 57, 11, 51, 21, 40, 47, 14, 44, 15, 36, 42, 34, 19, 64, 63, 49, 23, 25, 39, 37 ],
\[ 4, 11, 17, 9, 23, 14, 30, 1, 36, 40, 34, 7, 48, 2, 5, 26, 35, 57, 50, 3, 61, 39, 37, 53, 47, 43, 8, 6, 46, 38, 51, 42, 49, 64, 33, 60, 13, 52, 12, 31, 55, 22, 10, 16, 63, 62, 54, 56, 25, 15, 29, 28, 21, 18, 45, 27, 24, 41, 20, 19, 59, 58, 44, 32 ]:
 Order := 64 > |
[ 22, 5, 56, 35, 6, 50, 45, 3, 12, 28, 31, 1, 21, 10, 18, 61, 43, 19, 47, 16, 23, 27, 24, 15, 51, 38, 32, 26, 11, 9, 14, 48, 40, 37, 8, 49, 2, 44, 41, 17, 42, 62, 20, 7, 39, 25, 36, 34, 4, 52, 33, 60, 55, 46, 57, 59, 58, 54, 13, 30, 63, 64, 53, 29 ],
[ 42, 15, 48, 17, 28, 19, 55, 20, 39, 52, 40, 8, 53, 43, 54, 21, 26, 60, 25, 44, 5, 56, 57, 50, 31, 30, 64, 16, 2, 4, 6, 13, 10, 23, 27, 33, 14, 63, 58, 3, 32, 46, 59, 12, 22, 49, 9, 11, 1, 38, 35, 36, 41, 29, 18, 61, 62, 47, 37, 7, 45, 34, 24, 51 ],
[ 44, 59, 12, 46, 29, 21, 20, 51, 26, 37, 54, 47, 43, 25, 63, 8, 11, 2, 55, 14, 32, 49, 16, 34, 42, 5, 45, 33, 27, 18, 48, 35, 64, 3, 30, 58, 62, 17, 61, 36, 9, 53, 4, 50, 60, 15, 6, 41, 52, 31, 19, 24, 38, 39, 13, 40, 7, 23, 22, 10, 28, 1, 56, 57 ]
],
[ PermutationGroup<64 |  
\[ 12, 37, 8, 49, 2, 5, 44, 35, 30, 14, 29, 9, 59, 31, 24, 20, 40, 15, 18, 43, 13, 1, 21, 23, 46, 28, 22, 10, 64, 60, 11, 27, 51, 48, 4, 47, 34, 26, 45, 33, 39, 41, 17, 38, 7, 54, 19, 32, 36, 6, 25, 50, 63, 58, 53, 3, 55, 57, 56, 52, 16, 42, 61, 62 ],
\[ 3, 10, 16, 22, 18, 26, 1, 32, 35, 20, 5, 41, 2, 50, 52, 7, 56, 46, 30, 13, 55, 62, 6, 58, 4, 61, 59, 60, 33, 45, 17, 29, 8, 31, 43, 12, 24, 9, 27, 28, 54, 48, 38, 53, 57, 11, 51, 21, 40, 47, 14, 44, 15, 36, 42, 34, 19, 64, 63, 49, 23, 25, 39, 37 ],
\[ 4, 11, 17, 9, 23, 14, 30, 1, 36, 40, 34, 7, 48, 2, 5, 26, 35, 57, 50, 3, 61, 39, 37, 53, 47, 43, 8, 6, 46, 38, 51, 42, 49, 64, 33, 60, 13, 52, 12, 31, 55, 22, 10, 16, 63, 62, 54, 56, 25, 15, 29, 28, 21, 18, 45, 27, 24, 41, 20, 19, 59, 58, 44, 32 ]:
 Order := 64 > |
[ 22, 5, 56, 35, 6, 50, 45, 3, 12, 28, 31, 1, 21, 10, 18, 61, 43, 19, 47, 16, 23, 27, 24, 15, 51, 38, 32, 26, 11, 9, 14, 48, 40, 37, 8, 49, 2, 44, 41, 17, 42, 62, 20, 7, 39, 25, 36, 34, 4, 52, 33, 60, 55, 46, 57, 59, 58, 54, 13, 30, 63, 64, 53, 29 ],
[ 7, 13, 1, 25, 11, 23, 16, 33, 38, 2, 46, 36, 20, 51, 53, 3, 31, 5, 57, 10, 48, 4, 61, 37, 62, 6, 39, 40, 32, 19, 34, 8, 29, 56, 9, 54, 64, 43, 63, 49, 12, 55, 35, 52, 30, 18, 50, 42, 60, 14, 47, 15, 44, 41, 21, 17, 45, 24, 27, 28, 26, 22, 59, 58 ],
[ 41, 24, 32, 40, 10, 18, 53, 43, 45, 50, 33, 35, 63, 17, 58, 13, 28, 52, 46, 38, 2, 3, 55, 6, 11, 60, 62, 20, 37, 49, 5, 59, 14, 21, 22, 51, 31, 61, 57, 8, 27, 54, 56, 9, 1, 36, 30, 29, 12, 26, 4, 47, 39, 64, 15, 16, 42, 19, 34, 44, 7, 48, 23, 25 ]
]
];

/*
Return for eval
*/

return s;
