s := SolvablePassportDBInitialize();

/*
Magma printing
*/

s`Filename := "64S46-4,8,16-g19.m";
s`GaloisOrbits := [ Strings() | "64S46-4,8,16-g19-path21.m", "64S46-4,8,16-g19-path2.m", "64S46-4,8,16-g19-path20.m", "64S46-4,8,16-g19-path3.m", "64S46-4,8,16-g19-path13.m", "64S46-4,8,16-g19-path19.m", "64S46-4,8,16-g19-path32.m", "64S46-4,8,16-g19-path4.m", "64S46-4,8,16-g19-path18.m", "64S46-4,8,16-g19-path33.m", "64S46-4,8,16-g19-path17.m", "64S46-4,8,16-g19-path34.m", "64S46-4,8,16-g19-path11.m", "64S46-4,8,16-g19-path5.m", "64S46-4,8,16-g19-path16.m", "64S46-4,8,16-g19-path12.m", "64S46-4,8,16-g19-path28.m", "64S46-4,8,16-g19-path7.m", "64S46-4,8,16-g19-path22.m", "64S46-4,8,16-g19-path1.m", "64S46-4,8,16-g19-path14.m", "64S46-4,8,16-g19-path31.m", "64S46-4,8,16-g19-path23.m", "64S46-4,8,16-g19-path8.m", "64S46-4,8,16-g19-path10.m", "64S46-4,8,16-g19-path30.m", "64S46-4,8,16-g19-path6.m", "64S46-4,8,16-g19-path24.m", "64S46-4,8,16-g19-path29.m", "64S46-4,8,16-g19-path25.m", "64S46-4,8,16-g19-path26.m", "64S46-4,8,16-g19-path27.m", "64S46-4,8,16-g19-path15.m", "64S46-4,8,16-g19-path9.m" ];
s`Name := "64S46-4,8,16-g19";
s`Passport := [ PowerSequence(PermutationGroup<64 |  
\[ 2, 9, 8, 19, 11, 1, 30, 34, 6, 13, 39, 47, 50, 18, 51, 26, 3, 58, 45, 36, 49, 4, 14, 5, 54, 38, 29, 57, 42, 62, 52, 7, 41, 17, 37, 48, 59, 40, 24, 16, 44, 46, 10, 60, 22, 27, 21, 55, 12, 43, 53, 61, 56, 28, 20, 15, 25, 23, 64, 33, 63, 32, 31, 35 ],
\[ 3, 10, 14, 6, 16, 27, 1, 35, 38, 41, 42, 2, 51, 25, 17, 33, 31, 12, 37, 22, 24, 52, 4, 50, 5, 61, 60, 9, 56, 53, 32, 55, 7, 44, 30, 8, 43, 58, 34, 59, 45, 18, 48, 28, 11, 20, 64, 49, 63, 23, 47, 13, 26, 36, 40, 19, 15, 62, 57, 21, 54, 39, 29, 46 ],
\[ 4, 7, 15, 20, 21, 28, 31, 1, 12, 37, 25, 48, 2, 50, 29, 55, 39, 3, 23, 32, 51, 41, 38, 62, 59, 5, 64, 61, 6, 33, 49, 58, 27, 36, 47, 46, 8, 53, 45, 9, 16, 63, 24, 10, 56, 11, 18, 54, 60, 52, 57, 17, 13, 14, 43, 30, 44, 42, 19, 34, 22, 35, 26, 40 ]:
 Order := 64 >) |
[ PermutationGroup<64 |  
\[ 2, 9, 8, 19, 11, 1, 30, 34, 6, 13, 39, 47, 50, 18, 51, 26, 3, 58, 45, 36, 49, 4, 14, 5, 54, 38, 29, 57, 42, 62, 52, 7, 41, 17, 37, 48, 59, 40, 24, 16, 44, 46, 10, 60, 22, 27, 21, 55, 12, 43, 53, 61, 56, 28, 20, 15, 25, 23, 64, 33, 63, 32, 31, 35 ],
\[ 3, 10, 14, 6, 16, 27, 1, 35, 38, 41, 42, 2, 51, 25, 17, 33, 31, 12, 37, 22, 24, 52, 4, 50, 5, 61, 60, 9, 56, 53, 32, 55, 7, 44, 30, 8, 43, 58, 34, 59, 45, 18, 48, 28, 11, 20, 64, 49, 63, 23, 47, 13, 26, 36, 40, 19, 15, 62, 57, 21, 54, 39, 29, 46 ],
\[ 4, 7, 15, 20, 21, 28, 31, 1, 12, 37, 25, 48, 2, 50, 29, 55, 39, 3, 23, 32, 51, 41, 38, 62, 59, 5, 64, 61, 6, 33, 49, 58, 27, 36, 47, 46, 8, 53, 45, 9, 16, 63, 24, 10, 56, 11, 18, 54, 60, 52, 57, 17, 13, 14, 43, 30, 44, 42, 19, 34, 22, 35, 26, 40 ]:
 Order := 64 > |
[ 15, 37, 50, 28, 55, 64, 4, 47, 53, 16, 63, 7, 57, 59, 39, 27, 49, 48, 8, 41, 62, 17, 20, 52, 21, 22, 34, 12, 30, 13, 58, 43, 31, 10, 33, 1, 24, 42, 36, 19, 56, 3, 54, 61, 25, 32, 40, 60, 26, 38, 18, 2, 5, 46, 9, 23, 29, 35, 44, 51, 14, 45, 6, 11 ],
[ 7, 12, 1, 23, 25, 4, 33, 36, 28, 2, 45, 18, 52, 3, 57, 5, 15, 42, 56, 46, 60, 20, 50, 21, 14, 53, 6, 44, 63, 35, 17, 31, 16, 39, 8, 54, 19, 9, 62, 55, 10, 11, 37, 34, 41, 64, 51, 43, 48, 24, 13, 22, 30, 61, 32, 29, 59, 38, 40, 27, 26, 58, 49, 47 ],
[ 8, 13, 18, 1, 26, 29, 2, 37, 40, 44, 46, 9, 53, 54, 3, 41, 52, 47, 59, 4, 5, 61, 19, 43, 11, 63, 33, 6, 15, 56, 7, 20, 30, 60, 62, 34, 10, 23, 17, 64, 22, 58, 55, 57, 39, 36, 35, 12, 31, 14, 21, 50, 38, 48, 16, 45, 51, 32, 25, 49, 28, 24, 42, 27 ]
],
[ PermutationGroup<64 |  
\[ 2, 9, 8, 19, 11, 1, 30, 34, 6, 13, 39, 47, 50, 18, 51, 26, 3, 58, 45, 36, 49, 4, 14, 5, 54, 38, 29, 57, 42, 62, 52, 7, 41, 17, 37, 48, 59, 40, 24, 16, 44, 46, 10, 60, 22, 27, 21, 55, 12, 43, 53, 61, 56, 28, 20, 15, 25, 23, 64, 33, 63, 32, 31, 35 ],
\[ 3, 10, 14, 6, 16, 27, 1, 35, 38, 41, 42, 2, 51, 25, 17, 33, 31, 12, 37, 22, 24, 52, 4, 50, 5, 61, 60, 9, 56, 53, 32, 55, 7, 44, 30, 8, 43, 58, 34, 59, 45, 18, 48, 28, 11, 20, 64, 49, 63, 23, 47, 13, 26, 36, 40, 19, 15, 62, 57, 21, 54, 39, 29, 46 ],
\[ 4, 7, 15, 20, 21, 28, 31, 1, 12, 37, 25, 48, 2, 50, 29, 55, 39, 3, 23, 32, 51, 41, 38, 62, 59, 5, 64, 61, 6, 33, 49, 58, 27, 36, 47, 46, 8, 53, 45, 9, 16, 63, 24, 10, 56, 11, 18, 54, 60, 52, 57, 17, 13, 14, 43, 30, 44, 42, 19, 34, 22, 35, 26, 40 ]:
 Order := 64 > |
[ 59, 56, 21, 34, 31, 51, 50, 13, 35, 25, 48, 16, 40, 55, 58, 4, 43, 37, 54, 2, 38, 57, 64, 20, 27, 46, 62, 42, 8, 22, 9, 19, 15, 12, 5, 33, 60, 45, 61, 29, 63, 7, 26, 53, 3, 17, 32, 6, 30, 28, 11, 18, 14, 47, 44, 24, 49, 36, 39, 52, 1, 10, 23, 41 ],
[ 16, 42, 33, 24, 3, 50, 5, 61, 34, 18, 10, 11, 20, 7, 40, 14, 59, 45, 63, 47, 6, 64, 21, 27, 1, 35, 23, 39, 48, 36, 57, 15, 25, 58, 54, 26, 29, 44, 38, 31, 12, 41, 56, 62, 2, 51, 52, 19, 37, 60, 22, 46, 8, 53, 17, 49, 55, 28, 32, 4, 30, 9, 43, 13 ],
[ 8, 13, 18, 1, 26, 29, 2, 37, 40, 44, 46, 9, 53, 54, 3, 41, 52, 47, 59, 4, 5, 61, 19, 43, 11, 63, 33, 6, 15, 56, 7, 20, 30, 60, 62, 34, 10, 23, 17, 64, 22, 58, 55, 57, 39, 36, 35, 12, 31, 14, 21, 50, 38, 48, 16, 45, 51, 32, 25, 49, 28, 24, 42, 27 ]
]
];

/*
Return for eval
*/

return s;
