s := SolvablePassportDBInitialize();

/*
Magma printing
*/

s`Filename := "64S45-8,16,16-g25.m";
s`GaloisOrbits := [ Strings() | "64S45-8,16,16-g25-path6.m", "64S45-8,16,16-g25-path5.m" ];
s`Name := "64S45-8,16,16-g25";
s`Passport := [ PowerSequence(PermutationGroup<64 |  
\[ 2, 9, 8, 16, 11, 1, 4, 24, 20, 3, 23, 7, 15, 22, 30, 31, 25, 28, 17, 5, 18, 27, 6, 29, 32, 13, 10, 12, 14, 45, 21, 42, 35, 36, 48, 46, 33, 19, 43, 44, 39, 40, 58, 38, 34, 26, 41, 56, 37, 47, 53, 54, 57, 49, 51, 52, 61, 62, 63, 50, 59, 60, 64, 55 ],
\[ 3, 10, 13, 6, 14, 8, 1, 26, 27, 15, 29, 2, 33, 34, 37, 23, 7, 20, 4, 22, 5, 45, 24, 46, 12, 35, 30, 9, 36, 49, 11, 28, 51, 52, 55, 56, 53, 16, 19, 21, 17, 18, 38, 31, 54, 48, 25, 64, 57, 32, 62, 59, 58, 61, 60, 63, 43, 44, 41, 42, 39, 40, 47, 50 ],
\[ 4, 7, 2, 17, 18, 16, 25, 1, 12, 9, 21, 32, 8, 11, 3, 19, 39, 40, 43, 28, 44, 5, 31, 6, 41, 24, 20, 42, 23, 10, 38, 47, 15, 22, 13, 14, 30, 58, 59, 60, 63, 50, 61, 62, 27, 29, 64, 26, 45, 55, 35, 36, 33, 34, 48, 46, 37, 57, 54, 51, 49, 53, 52, 56 ]:
 Order := 64 >) |
[ PermutationGroup<64 |  
\[ 2, 9, 8, 16, 11, 1, 4, 24, 20, 3, 23, 7, 15, 22, 30, 31, 25, 28, 17, 5, 18, 27, 6, 29, 32, 13, 10, 12, 14, 45, 21, 42, 35, 36, 48, 46, 33, 19, 43, 44, 39, 40, 58, 38, 34, 26, 41, 56, 37, 47, 53, 54, 57, 49, 51, 52, 61, 62, 63, 50, 59, 60, 64, 55 ],
\[ 3, 10, 13, 6, 14, 8, 1, 26, 27, 15, 29, 2, 33, 34, 37, 23, 7, 20, 4, 22, 5, 45, 24, 46, 12, 35, 30, 9, 36, 49, 11, 28, 51, 52, 55, 56, 53, 16, 19, 21, 17, 18, 38, 31, 54, 48, 25, 64, 57, 32, 62, 59, 58, 61, 60, 63, 43, 44, 41, 42, 39, 40, 47, 50 ],
\[ 4, 7, 2, 17, 18, 16, 25, 1, 12, 9, 21, 32, 8, 11, 3, 19, 39, 40, 43, 28, 44, 5, 31, 6, 41, 24, 20, 42, 23, 10, 38, 47, 15, 22, 13, 14, 30, 58, 59, 60, 63, 50, 61, 62, 27, 29, 64, 26, 45, 55, 35, 36, 33, 34, 48, 46, 37, 57, 54, 51, 49, 53, 52, 56 ]:
 Order := 64 > |
[ 55, 51, 58, 33, 61, 64, 37, 62, 53, 43, 59, 49, 42, 47, 40, 35, 26, 52, 46, 57, 56, 41, 63, 60, 13, 32, 39, 54, 50, 44, 48, 15, 31, 19, 21, 17, 16, 36, 3, 45, 10, 30, 8, 34, 38, 25, 27, 18, 4, 22, 20, 12, 5, 7, 9, 28, 11, 24, 6, 14, 23, 29, 1, 2 ],
[ 3, 10, 13, 6, 14, 8, 1, 26, 27, 15, 29, 2, 33, 34, 37, 23, 7, 20, 4, 22, 5, 45, 24, 46, 12, 35, 30, 9, 36, 49, 11, 28, 51, 52, 55, 56, 53, 16, 19, 21, 17, 18, 38, 31, 54, 48, 25, 64, 57, 32, 62, 59, 58, 61, 60, 63, 43, 44, 41, 42, 39, 40, 47, 50 ],
[ 56, 48, 61, 30, 37, 52, 45, 57, 35, 59, 49, 34, 47, 55, 50, 15, 29, 46, 14, 33, 26, 64, 54, 53, 24, 41, 63, 36, 51, 60, 13, 8, 19, 58, 38, 43, 17, 22, 9, 10, 20, 3, 2, 27, 62, 39, 5, 44, 25, 11, 12, 42, 28, 32, 7, 40, 18, 1, 31, 23, 21, 6, 16, 4 ]
],
[ PermutationGroup<64 |  
\[ 2, 9, 8, 16, 11, 1, 4, 24, 20, 3, 23, 7, 15, 22, 30, 31, 25, 28, 17, 5, 18, 27, 6, 29, 32, 13, 10, 12, 14, 45, 21, 42, 35, 36, 48, 46, 33, 19, 43, 44, 39, 40, 58, 38, 34, 26, 41, 56, 37, 47, 53, 54, 57, 49, 51, 52, 61, 62, 63, 50, 59, 60, 64, 55 ],
\[ 3, 10, 13, 6, 14, 8, 1, 26, 27, 15, 29, 2, 33, 34, 37, 23, 7, 20, 4, 22, 5, 45, 24, 46, 12, 35, 30, 9, 36, 49, 11, 28, 51, 52, 55, 56, 53, 16, 19, 21, 17, 18, 38, 31, 54, 48, 25, 64, 57, 32, 62, 59, 58, 61, 60, 63, 43, 44, 41, 42, 39, 40, 47, 50 ],
\[ 4, 7, 2, 17, 18, 16, 25, 1, 12, 9, 21, 32, 8, 11, 3, 19, 39, 40, 43, 28, 44, 5, 31, 6, 41, 24, 20, 42, 23, 10, 38, 47, 15, 22, 13, 14, 30, 58, 59, 60, 63, 50, 61, 62, 27, 29, 64, 26, 45, 55, 35, 36, 33, 34, 48, 46, 37, 57, 54, 51, 49, 53, 52, 56 ]:
 Order := 64 > |
[ 6, 1, 10, 7, 20, 23, 12, 3, 2, 27, 5, 28, 26, 29, 13, 4, 19, 21, 38, 9, 31, 14, 11, 8, 17, 46, 22, 18, 24, 15, 16, 25, 37, 45, 33, 34, 49, 44, 41, 42, 47, 32, 39, 40, 30, 36, 50, 35, 54, 60, 55, 56, 51, 52, 64, 48, 53, 43, 61, 62, 57, 58, 59, 63 ],
[ 3, 10, 13, 6, 14, 8, 1, 26, 27, 15, 29, 2, 33, 34, 37, 23, 7, 20, 4, 22, 5, 45, 24, 46, 12, 35, 30, 9, 36, 49, 11, 28, 51, 52, 55, 56, 53, 16, 19, 21, 17, 18, 38, 31, 54, 48, 25, 64, 57, 32, 62, 59, 58, 61, 60, 63, 43, 44, 41, 42, 39, 40, 47, 50 ],
[ 12, 28, 6, 38, 31, 7, 19, 23, 18, 1, 16, 17, 10, 20, 27, 44, 47, 32, 41, 21, 42, 9, 4, 11, 50, 3, 2, 25, 5, 22, 40, 60, 26, 29, 46, 24, 13, 39, 57, 58, 61, 62, 53, 43, 14, 8, 59, 36, 15, 63, 37, 45, 49, 30, 33, 34, 54, 51, 56, 64, 52, 55, 48, 35 ]
]
];

/*
Return for eval
*/

return s;
