s := SolvablePassportDBInitialize();

/*
Magma printing
*/

s`Filename := "64S41-4,16,4-g15.m";
s`GaloisOrbits := [ Strings() | "64S41-4,16,4-g15-path2-notcomputed.m", "64S41-4,16,4-g15-path6-notcomputed.m" ];
s`Name := "64S41-4,16,4-g15";
s`Passport := [ PowerSequence(PermutationGroup<64 |  
\[ 6, 1, 8, 20, 2, 5, 25, 15, 11, 23, 21, 3, 16, 40, 12, 37, 4, 31, 17, 19, 22, 9, 7, 18, 10, 28, 39, 30, 44, 42, 33, 43, 24, 13, 38, 56, 34, 53, 14, 27, 55, 26, 29, 32, 60, 35, 48, 59, 61, 47, 54, 64, 46, 62, 36, 41, 63, 51, 50, 49, 45, 58, 52, 57 ],
\[ 3, 9, 13, 2, 15, 21, 1, 24, 28, 5, 18, 31, 35, 12, 37, 4, 40, 17, 6, 39, 42, 33, 43, 23, 44, 7, 8, 47, 22, 10, 25, 11, 20, 19, 51, 34, 53, 14, 56, 55, 16, 59, 60, 61, 26, 27, 54, 29, 30, 32, 49, 46, 62, 36, 64, 63, 38, 41, 58, 57, 52, 45, 50, 48 ],
\[ 4, 10, 14, 18, 19, 7, 24, 1, 29, 31, 2, 5, 36, 20, 27, 3, 34, 8, 33, 16, 32, 6, 30, 22, 26, 21, 17, 45, 23, 9, 11, 25, 12, 15, 52, 40, 41, 13, 46, 38, 39, 49, 50, 48, 44, 37, 63, 28, 43, 42, 59, 56, 57, 35, 58, 54, 55, 53, 64, 62, 51, 47, 60, 61 ]:
 Order := 64 >) |
[ PermutationGroup<64 |  
\[ 6, 1, 8, 20, 2, 5, 25, 15, 11, 23, 21, 3, 16, 40, 12, 37, 4, 31, 17, 19, 22, 9, 7, 18, 10, 28, 39, 30, 44, 42, 33, 43, 24, 13, 38, 56, 34, 53, 14, 27, 55, 26, 29, 32, 60, 35, 48, 59, 61, 47, 54, 64, 46, 62, 36, 41, 63, 51, 50, 49, 45, 58, 52, 57 ],
\[ 3, 9, 13, 2, 15, 21, 1, 24, 28, 5, 18, 31, 35, 12, 37, 4, 40, 17, 6, 39, 42, 33, 43, 23, 44, 7, 8, 47, 22, 10, 25, 11, 20, 19, 51, 34, 53, 14, 56, 55, 16, 59, 60, 61, 26, 27, 54, 29, 30, 32, 49, 46, 62, 36, 64, 63, 38, 41, 58, 57, 52, 45, 50, 48 ],
\[ 4, 10, 14, 18, 19, 7, 24, 1, 29, 31, 2, 5, 36, 20, 27, 3, 34, 8, 33, 16, 32, 6, 30, 22, 26, 21, 17, 45, 23, 9, 11, 25, 12, 15, 52, 40, 41, 13, 46, 38, 39, 49, 50, 48, 44, 37, 63, 28, 43, 42, 59, 56, 57, 35, 58, 54, 55, 53, 64, 62, 51, 47, 60, 61 ]:
 Order := 64 > |
[ 2, 5, 12, 17, 6, 1, 23, 3, 22, 25, 9, 15, 34, 39, 8, 13, 19, 24, 20, 4, 11, 21, 10, 33, 7, 42, 40, 26, 43, 28, 18, 44, 31, 37, 46, 55, 16, 35, 27, 14, 56, 30, 32, 29, 61, 53, 50, 47, 60, 59, 58, 63, 38, 51, 41, 36, 64, 62, 48, 45, 49, 54, 57, 52 ],
[ 7, 4, 1, 16, 10, 19, 26, 27, 2, 30, 32, 14, 3, 38, 5, 41, 18, 11, 34, 33, 6, 29, 24, 8, 31, 45, 46, 9, 48, 49, 12, 50, 22, 36, 13, 54, 15, 57, 20, 17, 58, 21, 23, 25, 62, 52, 28, 64, 51, 63, 35, 61, 37, 47, 40, 39, 60, 59, 42, 43, 44, 53, 56, 55 ],
[ 21, 3, 24, 39, 9, 15, 44, 37, 18, 43, 42, 13, 4, 55, 31, 53, 2, 25, 40, 6, 33, 28, 1, 17, 5, 47, 56, 10, 61, 59, 20, 60, 23, 35, 14, 63, 19, 62, 12, 8, 64, 7, 22, 11, 57, 51, 29, 58, 52, 54, 36, 48, 27, 45, 34, 16, 50, 49, 32, 30, 26, 41, 46, 38 ]
],
[ PermutationGroup<64 |  
\[ 6, 1, 8, 20, 2, 5, 25, 15, 11, 23, 21, 3, 16, 40, 12, 37, 4, 31, 17, 19, 22, 9, 7, 18, 10, 28, 39, 30, 44, 42, 33, 43, 24, 13, 38, 56, 34, 53, 14, 27, 55, 26, 29, 32, 60, 35, 48, 59, 61, 47, 54, 64, 46, 62, 36, 41, 63, 51, 50, 49, 45, 58, 52, 57 ],
\[ 3, 9, 13, 2, 15, 21, 1, 24, 28, 5, 18, 31, 35, 12, 37, 4, 40, 17, 6, 39, 42, 33, 43, 23, 44, 7, 8, 47, 22, 10, 25, 11, 20, 19, 51, 34, 53, 14, 56, 55, 16, 59, 60, 61, 26, 27, 54, 29, 30, 32, 49, 46, 62, 36, 64, 63, 38, 41, 58, 57, 52, 45, 50, 48 ],
\[ 4, 10, 14, 18, 19, 7, 24, 1, 29, 31, 2, 5, 36, 20, 27, 3, 34, 8, 33, 16, 32, 6, 30, 22, 26, 21, 17, 45, 23, 9, 11, 25, 12, 15, 52, 40, 41, 13, 46, 38, 39, 49, 50, 48, 44, 37, 63, 28, 43, 42, 59, 56, 57, 35, 58, 54, 55, 53, 64, 62, 51, 47, 60, 61 ]:
 Order := 64 > |
[ 8, 11, 16, 1, 12, 22, 6, 18, 30, 2, 31, 33, 38, 3, 34, 20, 27, 4, 5, 14, 26, 24, 29, 7, 32, 25, 15, 48, 9, 23, 10, 21, 19, 17, 54, 13, 46, 40, 41, 36, 37, 50, 49, 45, 28, 39, 62, 44, 42, 43, 61, 35, 58, 56, 57, 52, 53, 55, 51, 63, 64, 60, 47, 59 ],
[ 7, 4, 1, 16, 10, 19, 26, 27, 2, 30, 32, 14, 3, 38, 5, 41, 18, 11, 34, 33, 6, 29, 24, 8, 31, 45, 46, 9, 48, 49, 12, 50, 22, 36, 13, 54, 15, 57, 20, 17, 58, 21, 23, 25, 62, 52, 28, 64, 51, 63, 35, 61, 37, 47, 40, 39, 60, 59, 42, 43, 44, 53, 56, 55 ],
[ 2, 5, 12, 17, 6, 1, 23, 3, 22, 25, 9, 15, 34, 39, 8, 13, 19, 24, 20, 4, 11, 21, 10, 33, 7, 42, 40, 26, 43, 28, 18, 44, 31, 37, 46, 55, 16, 35, 27, 14, 56, 30, 32, 29, 61, 53, 50, 47, 60, 59, 58, 63, 38, 51, 41, 36, 64, 62, 48, 45, 49, 54, 57, 52 ]
]
];

/*
Return for eval
*/

return s;
