s := SolvablePassportDBInitialize();

/*
Magma printing
*/

s`Filename := "64S45-16,4,16-g21.m";
s`GaloisOrbits := [ Strings() | "64S45-16,4,16-g21-path14.m", "64S45-16,4,16-g21-path24.m", "64S45-16,4,16-g21-path35.m", "64S45-16,4,16-g21-path8.m", "64S45-16,4,16-g21-path1.m", "64S45-16,4,16-g21-path45.m", "64S45-16,4,16-g21-path22.m", "64S45-16,4,16-g21-path21.m", "64S45-16,4,16-g21-path25.m", "64S45-16,4,16-g21-path20.m", "64S45-16,4,16-g21-path26.m", "64S45-16,4,16-g21-path36.m", "64S45-16,4,16-g21-path37.m", "64S45-16,4,16-g21-path5.m", "64S45-16,4,16-g21-path38.m", "64S45-16,4,16-g21-path19.m", "64S45-16,4,16-g21-path18.m", "64S45-16,4,16-g21-path17.m", "64S45-16,4,16-g21-path16.m", "64S45-16,4,16-g21-path15.m", "64S45-16,4,16-g21-path39.m", "64S45-16,4,16-g21-path2.m", "64S45-16,4,16-g21-path23.m", "64S45-16,4,16-g21-path40.m", "64S45-16,4,16-g21-path41.m", "64S45-16,4,16-g21-path13.m", "64S45-16,4,16-g21-path42.m", "64S45-16,4,16-g21-path27.m", "64S45-16,4,16-g21-path28.m", "64S45-16,4,16-g21-path7.m", "64S45-16,4,16-g21-path29.m", "64S45-16,4,16-g21-path4.m", "64S45-16,4,16-g21-path30.m", "64S45-16,4,16-g21-path12.m", "64S45-16,4,16-g21-path11.m", "64S45-16,4,16-g21-path3.m", "64S45-16,4,16-g21-path43.m", "64S45-16,4,16-g21-path31.m", "64S45-16,4,16-g21-path32.m", "64S45-16,4,16-g21-path44.m", "64S45-16,4,16-g21-path10.m", "64S45-16,4,16-g21-path9.m", "64S45-16,4,16-g21-path46.m", "64S45-16,4,16-g21-path6.m", "64S45-16,4,16-g21-path33.m", "64S45-16,4,16-g21-path34.m" ];
s`Name := "64S45-16,4,16-g21";
s`Passport := [ PowerSequence(PermutationGroup<64 |  
\[ 12, 23, 8, 50, 2, 5, 44, 25, 45, 14, 31, 9, 60, 46, 34, 20, 40, 15, 18, 43, 13, 1, 32, 21, 24, 47, 30, 33, 22, 10, 63, 58, 11, 4, 37, 51, 6, 48, 62, 36, 28, 41, 57, 39, 49, 7, 54, 56, 35, 38, 61, 29, 64, 59, 53, 3, 55, 52, 17, 19, 16, 42, 27, 26 ],
\[ 3, 10, 16, 22, 18, 27, 1, 35, 25, 20, 5, 41, 2, 29, 52, 7, 56, 47, 32, 13, 55, 62, 34, 6, 43, 4, 61, 37, 48, 58, 36, 46, 17, 59, 31, 8, 60, 12, 9, 30, 54, 49, 39, 53, 33, 57, 11, 51, 21, 40, 14, 44, 15, 38, 42, 45, 19, 50, 63, 64, 24, 26, 23, 28 ],
\[ 4, 11, 17, 23, 24, 28, 32, 1, 38, 40, 45, 7, 49, 2, 5, 27, 34, 57, 37, 3, 61, 14, 13, 9, 36, 60, 59, 12, 15, 6, 47, 63, 64, 53, 42, 50, 8, 58, 52, 33, 55, 22, 10, 16, 39, 51, 62, 54, 56, 26, 31, 30, 21, 18, 46, 29, 25, 19, 41, 20, 48, 43, 35, 44 ]:
 Order := 64 >) |
[ PermutationGroup<64 |  
\[ 12, 23, 8, 50, 2, 5, 44, 25, 45, 14, 31, 9, 60, 46, 34, 20, 40, 15, 18, 43, 13, 1, 32, 21, 24, 47, 30, 33, 22, 10, 63, 58, 11, 4, 37, 51, 6, 48, 62, 36, 28, 41, 57, 39, 49, 7, 54, 56, 35, 38, 61, 29, 64, 59, 53, 3, 55, 52, 17, 19, 16, 42, 27, 26 ],
\[ 3, 10, 16, 22, 18, 27, 1, 35, 25, 20, 5, 41, 2, 29, 52, 7, 56, 47, 32, 13, 55, 62, 34, 6, 43, 4, 61, 37, 48, 58, 36, 46, 17, 59, 31, 8, 60, 12, 9, 30, 54, 49, 39, 53, 33, 57, 11, 51, 21, 40, 14, 44, 15, 38, 42, 45, 19, 50, 63, 64, 24, 26, 23, 28 ],
\[ 4, 11, 17, 23, 24, 28, 32, 1, 38, 40, 45, 7, 49, 2, 5, 27, 34, 57, 37, 3, 61, 14, 13, 9, 36, 60, 59, 12, 15, 6, 47, 63, 64, 53, 42, 50, 8, 58, 52, 33, 55, 22, 10, 16, 39, 51, 62, 54, 56, 26, 31, 30, 21, 18, 46, 29, 25, 19, 41, 20, 48, 43, 35, 44 ]:
 Order := 64 > |
[ 22, 5, 56, 34, 6, 37, 46, 3, 12, 30, 33, 1, 21, 10, 18, 61, 59, 19, 60, 16, 24, 29, 2, 25, 8, 64, 63, 41, 52, 27, 11, 23, 28, 15, 49, 40, 35, 50, 44, 17, 42, 62, 20, 7, 9, 14, 26, 38, 45, 4, 36, 58, 55, 47, 57, 48, 43, 32, 54, 13, 51, 39, 31, 53 ],
[ 11, 38, 5, 61, 7, 4, 47, 53, 63, 12, 16, 13, 54, 64, 36, 18, 46, 1, 17, 41, 58, 24, 39, 26, 23, 27, 22, 51, 28, 55, 52, 56, 32, 9, 15, 44, 14, 20, 59, 21, 2, 40, 34, 35, 19, 45, 3, 37, 30, 49, 60, 8, 31, 10, 50, 57, 33, 42, 25, 29, 62, 6, 43, 48 ],
[ 10, 25, 52, 55, 41, 3, 36, 59, 46, 37, 53, 34, 51, 17, 43, 38, 42, 35, 16, 63, 12, 18, 33, 40, 22, 7, 49, 57, 27, 54, 9, 21, 1, 6, 48, 28, 62, 64, 61, 15, 29, 20, 56, 23, 50, 5, 13, 32, 44, 2, 4, 60, 14, 39, 8, 47, 30, 31, 19, 45, 11, 58, 26, 24 ]
],
[ PermutationGroup<64 |  
\[ 12, 23, 8, 50, 2, 5, 44, 25, 45, 14, 31, 9, 60, 46, 34, 20, 40, 15, 18, 43, 13, 1, 32, 21, 24, 47, 30, 33, 22, 10, 63, 58, 11, 4, 37, 51, 6, 48, 62, 36, 28, 41, 57, 39, 49, 7, 54, 56, 35, 38, 61, 29, 64, 59, 53, 3, 55, 52, 17, 19, 16, 42, 27, 26 ],
\[ 3, 10, 16, 22, 18, 27, 1, 35, 25, 20, 5, 41, 2, 29, 52, 7, 56, 47, 32, 13, 55, 62, 34, 6, 43, 4, 61, 37, 48, 58, 36, 46, 17, 59, 31, 8, 60, 12, 9, 30, 54, 49, 39, 53, 33, 57, 11, 51, 21, 40, 14, 44, 15, 38, 42, 45, 19, 50, 63, 64, 24, 26, 23, 28 ],
\[ 4, 11, 17, 23, 24, 28, 32, 1, 38, 40, 45, 7, 49, 2, 5, 27, 34, 57, 37, 3, 61, 14, 13, 9, 36, 60, 59, 12, 15, 6, 47, 63, 64, 53, 42, 50, 8, 58, 52, 33, 55, 22, 10, 16, 39, 51, 62, 54, 56, 26, 31, 30, 21, 18, 46, 29, 25, 19, 41, 20, 48, 43, 35, 44 ]:
 Order := 64 > |
[ 22, 5, 56, 34, 6, 37, 46, 3, 12, 30, 33, 1, 21, 10, 18, 61, 59, 19, 60, 16, 24, 29, 2, 25, 8, 64, 63, 41, 52, 27, 11, 23, 28, 15, 49, 40, 35, 50, 44, 17, 42, 62, 20, 7, 9, 14, 26, 38, 45, 4, 36, 58, 55, 47, 57, 48, 43, 32, 54, 13, 51, 39, 31, 53 ],
[ 30, 8, 58, 57, 42, 56, 40, 54, 14, 35, 55, 15, 36, 59, 20, 50, 62, 49, 61, 31, 1, 19, 28, 17, 29, 46, 45, 43, 63, 47, 12, 24, 22, 37, 38, 41, 39, 53, 51, 18, 52, 16, 48, 2, 4, 6, 21, 23, 7, 5, 34, 13, 10, 44, 3, 26, 27, 11, 60, 9, 33, 32, 64, 25 ],
[ 31, 48, 2, 16, 44, 50, 54, 64, 27, 9, 20, 60, 59, 26, 51, 15, 7, 12, 40, 28, 52, 21, 62, 47, 32, 30, 1, 61, 33, 53, 29, 3, 58, 45, 34, 39, 46, 43, 17, 13, 23, 36, 4, 37, 18, 49, 8, 6, 10, 35, 19, 25, 63, 14, 38, 55, 11, 41, 24, 22, 42, 5, 57, 56 ]
]
];

/*
Return for eval
*/

return s;
