s := SolvablePassportDBInitialize();

/*
Magma printing
*/

s`Filename := "64S44-4,16,16-g21.m";
s`GaloisOrbits := [ Strings() | "64S44-4,16,16-g21-path6-notcomputed.m", "64S44-4,16,16-g21-path11-notcomputed.m", "64S44-4,16,16-g21-path10-notcomputed.m", "64S44-4,16,16-g21-path1-notcomputed.m", "64S44-4,16,16-g21-path8-notcomputed.m" ];
s`Name := "64S44-4,16,16-g21";
s`Passport := [ PowerSequence(PermutationGroup<64 |  
\[ 2, 5, 8, 14, 6, 1, 4, 12, 3, 7, 13, 9, 19, 10, 17, 15, 20, 11, 18, 16, 22, 28, 21, 26, 24, 27, 25, 23, 30, 32, 29, 31, 35, 33, 36, 34, 38, 40, 37, 39, 43, 41, 44, 42, 46, 48, 45, 47, 51, 49, 52, 50, 54, 56, 53, 55, 59, 57, 60, 58, 62, 64, 61, 63 ],
\[ 3, 9, 11, 6, 12, 8, 1, 18, 13, 2, 21, 19, 23, 5, 7, 4, 10, 22, 28, 14, 29, 31, 30, 16, 15, 20, 17, 32, 37, 39, 38, 40, 25, 24, 27, 26, 45, 47, 46, 48, 34, 33, 36, 35, 53, 55, 54, 56, 42, 41, 44, 43, 61, 63, 62, 64, 50, 49, 52, 51, 58, 60, 57, 59 ],
\[ 4, 7, 2, 15, 10, 14, 17, 1, 5, 20, 8, 6, 3, 16, 24, 26, 25, 12, 9, 27, 13, 11, 19, 33, 35, 34, 36, 18, 22, 21, 28, 23, 41, 43, 42, 44, 30, 29, 32, 31, 49, 51, 50, 52, 38, 37, 40, 39, 57, 59, 58, 60, 46, 45, 48, 47, 61, 62, 63, 64, 54, 53, 56, 55 ]:
 Order := 64 >) |
[ PermutationGroup<64 |  
\[ 2, 5, 8, 14, 6, 1, 4, 12, 3, 7, 13, 9, 19, 10, 17, 15, 20, 11, 18, 16, 22, 28, 21, 26, 24, 27, 25, 23, 30, 32, 29, 31, 35, 33, 36, 34, 38, 40, 37, 39, 43, 41, 44, 42, 46, 48, 45, 47, 51, 49, 52, 50, 54, 56, 53, 55, 59, 57, 60, 58, 62, 64, 61, 63 ],
\[ 3, 9, 11, 6, 12, 8, 1, 18, 13, 2, 21, 19, 23, 5, 7, 4, 10, 22, 28, 14, 29, 31, 30, 16, 15, 20, 17, 32, 37, 39, 38, 40, 25, 24, 27, 26, 45, 47, 46, 48, 34, 33, 36, 35, 53, 55, 54, 56, 42, 41, 44, 43, 61, 63, 62, 64, 50, 49, 52, 51, 58, 60, 57, 59 ],
\[ 4, 7, 2, 15, 10, 14, 17, 1, 5, 20, 8, 6, 3, 16, 24, 26, 25, 12, 9, 27, 13, 11, 19, 33, 35, 34, 36, 18, 22, 21, 28, 23, 41, 43, 42, 44, 30, 29, 32, 31, 49, 51, 50, 52, 38, 37, 40, 39, 57, 59, 58, 60, 46, 45, 48, 47, 61, 62, 63, 64, 54, 53, 56, 55 ]:
 Order := 64 > |
[ 31, 29, 39, 21, 30, 32, 23, 37, 40, 28, 47, 38, 45, 22, 18, 19, 11, 48, 46, 13, 55, 53, 56, 3, 9, 8, 12, 54, 63, 61, 64, 62, 6, 5, 1, 2, 60, 58, 59, 57, 7, 10, 4, 14, 50, 49, 52, 51, 16, 20, 15, 17, 44, 42, 43, 41, 25, 27, 24, 26, 34, 33, 36, 35 ],
[ 3, 9, 11, 6, 12, 8, 1, 18, 13, 2, 21, 19, 23, 5, 7, 4, 10, 22, 28, 14, 29, 31, 30, 16, 15, 20, 17, 32, 37, 39, 38, 40, 25, 24, 27, 26, 45, 47, 46, 48, 34, 33, 36, 35, 53, 55, 54, 56, 42, 41, 44, 43, 61, 63, 62, 64, 50, 49, 52, 51, 58, 60, 57, 59 ],
[ 44, 43, 34, 52, 41, 42, 50, 36, 33, 49, 27, 35, 26, 51, 60, 58, 59, 25, 24, 57, 16, 20, 15, 64, 63, 62, 61, 17, 10, 14, 7, 4, 55, 53, 56, 54, 6, 5, 1, 2, 48, 47, 46, 45, 9, 12, 3, 8, 39, 37, 40, 38, 18, 19, 11, 13, 32, 31, 30, 29, 23, 28, 21, 22 ]
],
[ PermutationGroup<64 |  
\[ 2, 5, 8, 14, 6, 1, 4, 12, 3, 7, 13, 9, 19, 10, 17, 15, 20, 11, 18, 16, 22, 28, 21, 26, 24, 27, 25, 23, 30, 32, 29, 31, 35, 33, 36, 34, 38, 40, 37, 39, 43, 41, 44, 42, 46, 48, 45, 47, 51, 49, 52, 50, 54, 56, 53, 55, 59, 57, 60, 58, 62, 64, 61, 63 ],
\[ 3, 9, 11, 6, 12, 8, 1, 18, 13, 2, 21, 19, 23, 5, 7, 4, 10, 22, 28, 14, 29, 31, 30, 16, 15, 20, 17, 32, 37, 39, 38, 40, 25, 24, 27, 26, 45, 47, 46, 48, 34, 33, 36, 35, 53, 55, 54, 56, 42, 41, 44, 43, 61, 63, 62, 64, 50, 49, 52, 51, 58, 60, 57, 59 ],
\[ 4, 7, 2, 15, 10, 14, 17, 1, 5, 20, 8, 6, 3, 16, 24, 26, 25, 12, 9, 27, 13, 11, 19, 33, 35, 34, 36, 18, 22, 21, 28, 23, 41, 43, 42, 44, 30, 29, 32, 31, 49, 51, 50, 52, 38, 37, 40, 39, 57, 59, 58, 60, 46, 45, 48, 47, 61, 62, 63, 64, 54, 53, 56, 55 ]:
 Order := 64 > |
[ 6, 1, 9, 7, 2, 5, 10, 3, 12, 14, 18, 8, 11, 4, 16, 20, 15, 19, 13, 17, 23, 21, 28, 25, 27, 24, 26, 22, 31, 29, 32, 30, 34, 36, 33, 35, 39, 37, 40, 38, 42, 44, 41, 43, 47, 45, 48, 46, 50, 52, 49, 51, 55, 53, 56, 54, 58, 60, 57, 59, 63, 61, 64, 62 ],
[ 3, 9, 11, 6, 12, 8, 1, 18, 13, 2, 21, 19, 23, 5, 7, 4, 10, 22, 28, 14, 29, 31, 30, 16, 15, 20, 17, 32, 37, 39, 38, 40, 25, 24, 27, 26, 45, 47, 46, 48, 34, 33, 36, 35, 53, 55, 54, 56, 42, 41, 44, 43, 61, 63, 62, 64, 50, 49, 52, 51, 58, 60, 57, 59 ],
[ 10, 14, 6, 20, 4, 7, 16, 5, 1, 15, 9, 2, 12, 17, 27, 25, 26, 3, 8, 24, 18, 19, 11, 36, 34, 35, 33, 13, 23, 28, 21, 22, 44, 42, 43, 41, 31, 32, 29, 30, 52, 50, 51, 49, 39, 40, 37, 38, 60, 58, 59, 57, 47, 48, 45, 46, 64, 63, 62, 61, 55, 56, 53, 54 ]
]
];

/*
Return for eval
*/

return s;
