s := SolvablePassportDBInitialize();

/*
Magma printing
*/

s`Filename := "64S44-16,8,16-g25.m";
s`GaloisOrbits := [ Strings() | "64S44-16,8,16-g25-path2-notcomputed.m", "64S44-16,8,16-g25-path7-notcomputed.m", "64S44-16,8,16-g25-path5-notcomputed.m" ];
s`Name := "64S44-16,8,16-g25";
s`Passport := [ PowerSequence(PermutationGroup<64 |  
\[ 12, 23, 8, 51, 2, 5, 46, 25, 47, 14, 31, 9, 60, 48, 35, 20, 64, 15, 18, 58, 13, 1, 32, 21, 24, 34, 30, 33, 22, 10, 62, 59, 11, 41, 4, 38, 63, 6, 49, 55, 45, 54, 28, 43, 17, 40, 50, 7, 56, 36, 39, 26, 29, 52, 44, 3, 42, 57, 53, 19, 16, 27, 61, 37 ],
\[ 3, 10, 16, 22, 18, 27, 1, 36, 25, 41, 5, 43, 2, 29, 53, 11, 56, 34, 32, 13, 42, 55, 35, 6, 58, 4, 26, 38, 49, 59, 54, 48, 57, 7, 45, 31, 8, 60, 12, 9, 39, 30, 20, 50, 40, 37, 33, 17, 63, 21, 64, 14, 46, 15, 61, 47, 19, 62, 51, 52, 24, 23, 28, 44 ],
\[ 4, 11, 17, 23, 24, 28, 32, 1, 39, 42, 47, 7, 50, 2, 5, 55, 35, 57, 38, 3, 61, 14, 13, 9, 37, 60, 58, 12, 15, 6, 16, 62, 63, 27, 54, 44, 51, 8, 59, 53, 18, 33, 64, 22, 10, 34, 40, 52, 41, 56, 26, 31, 30, 21, 45, 29, 25, 43, 19, 20, 49, 36, 46, 48 ]:
 Order := 64 >) |
[ PermutationGroup<64 |  
\[ 12, 23, 8, 51, 2, 5, 46, 25, 47, 14, 31, 9, 60, 48, 35, 20, 64, 15, 18, 58, 13, 1, 32, 21, 24, 34, 30, 33, 22, 10, 62, 59, 11, 41, 4, 38, 63, 6, 49, 55, 45, 54, 28, 43, 17, 40, 50, 7, 56, 36, 39, 26, 29, 52, 44, 3, 42, 57, 53, 19, 16, 27, 61, 37 ],
\[ 3, 10, 16, 22, 18, 27, 1, 36, 25, 41, 5, 43, 2, 29, 53, 11, 56, 34, 32, 13, 42, 55, 35, 6, 58, 4, 26, 38, 49, 59, 54, 48, 57, 7, 45, 31, 8, 60, 12, 9, 39, 30, 20, 50, 40, 37, 33, 17, 63, 21, 64, 14, 46, 15, 61, 47, 19, 62, 51, 52, 24, 23, 28, 44 ],
\[ 4, 11, 17, 23, 24, 28, 32, 1, 39, 42, 47, 7, 50, 2, 5, 55, 35, 57, 38, 3, 61, 14, 13, 9, 37, 60, 58, 12, 15, 6, 16, 62, 63, 27, 54, 44, 51, 8, 59, 53, 18, 33, 64, 22, 10, 34, 40, 52, 41, 56, 26, 31, 30, 21, 45, 29, 25, 43, 19, 20, 49, 36, 46, 48 ]:
 Order := 64 > |
[ 22, 5, 56, 35, 6, 38, 48, 3, 12, 30, 33, 1, 21, 10, 18, 61, 45, 19, 60, 16, 24, 29, 2, 25, 8, 52, 62, 43, 53, 27, 11, 23, 28, 26, 15, 50, 64, 36, 51, 46, 34, 57, 44, 55, 41, 7, 9, 14, 39, 47, 4, 54, 59, 42, 40, 49, 58, 20, 32, 13, 63, 31, 37, 17 ],
[ 30, 8, 59, 57, 44, 56, 42, 41, 14, 36, 64, 15, 37, 58, 20, 51, 27, 50, 61, 46, 1, 19, 28, 17, 29, 33, 47, 45, 62, 16, 12, 24, 22, 21, 38, 39, 10, 40, 54, 52, 31, 3, 53, 34, 60, 2, 4, 6, 23, 7, 5, 25, 13, 43, 32, 26, 55, 49, 11, 9, 48, 63, 35, 18 ],
[ 31, 49, 2, 16, 46, 51, 20, 52, 27, 9, 41, 60, 45, 61, 63, 15, 11, 12, 64, 14, 53, 21, 55, 34, 32, 44, 1, 26, 33, 37, 29, 3, 59, 8, 47, 35, 62, 48, 58, 57, 28, 39, 23, 54, 24, 38, 18, 50, 6, 10, 36, 56, 25, 40, 5, 42, 7, 4, 43, 22, 30, 17, 19, 13 ]
],
[ PermutationGroup<64 |  
\[ 12, 23, 8, 51, 2, 5, 46, 25, 47, 14, 31, 9, 60, 48, 35, 20, 64, 15, 18, 58, 13, 1, 32, 21, 24, 34, 30, 33, 22, 10, 62, 59, 11, 41, 4, 38, 63, 6, 49, 55, 45, 54, 28, 43, 17, 40, 50, 7, 56, 36, 39, 26, 29, 52, 44, 3, 42, 57, 53, 19, 16, 27, 61, 37 ],
\[ 3, 10, 16, 22, 18, 27, 1, 36, 25, 41, 5, 43, 2, 29, 53, 11, 56, 34, 32, 13, 42, 55, 35, 6, 58, 4, 26, 38, 49, 59, 54, 48, 57, 7, 45, 31, 8, 60, 12, 9, 39, 30, 20, 50, 40, 37, 33, 17, 63, 21, 64, 14, 46, 15, 61, 47, 19, 62, 51, 52, 24, 23, 28, 44 ],
\[ 4, 11, 17, 23, 24, 28, 32, 1, 39, 42, 47, 7, 50, 2, 5, 55, 35, 57, 38, 3, 61, 14, 13, 9, 37, 60, 58, 12, 15, 6, 16, 62, 63, 27, 54, 44, 51, 8, 59, 53, 18, 33, 64, 22, 10, 34, 40, 52, 41, 56, 26, 31, 30, 21, 45, 29, 25, 43, 19, 20, 49, 36, 46, 48 ]:
 Order := 64 > |
[ 22, 5, 56, 35, 6, 38, 48, 3, 12, 30, 33, 1, 21, 10, 18, 61, 45, 19, 60, 16, 24, 29, 2, 25, 8, 52, 62, 43, 53, 27, 11, 23, 28, 26, 15, 50, 64, 36, 51, 46, 34, 57, 44, 55, 41, 7, 9, 14, 39, 47, 4, 54, 59, 42, 40, 49, 58, 20, 32, 13, 63, 31, 37, 17 ],
[ 7, 13, 1, 26, 11, 24, 34, 37, 40, 2, 16, 39, 20, 52, 54, 3, 48, 5, 57, 43, 50, 4, 62, 61, 9, 27, 6, 63, 14, 42, 36, 19, 47, 18, 23, 8, 46, 28, 41, 45, 10, 21, 12, 64, 35, 53, 56, 32, 29, 44, 59, 60, 15, 31, 22, 17, 33, 25, 30, 38, 55, 58, 49, 51 ],
[ 43, 35, 36, 64, 10, 18, 37, 58, 33, 29, 54, 25, 52, 17, 45, 13, 44, 53, 34, 62, 2, 3, 48, 42, 6, 7, 59, 57, 55, 41, 23, 51, 5, 39, 22, 60, 28, 27, 63, 61, 40, 15, 38, 20, 56, 9, 21, 1, 47, 31, 12, 4, 49, 14, 50, 16, 30, 19, 46, 32, 11, 26, 24, 8 ]
]
];

/*
Return for eval
*/

return s;
