s := SolvablePassportDBInitialize();

/*
Magma printing
*/

s`Filename := "64S44-16,4,16-g21.m";
s`GaloisOrbits := [ Strings() | "64S44-16,4,16-g21-path3-notcomputed.m", "64S44-16,4,16-g21-path9-notcomputed.m", "64S44-16,4,16-g21-path11-notcomputed.m", "64S44-16,4,16-g21-path13-notcomputed.m", "64S44-16,4,16-g21-path12-notcomputed.m" ];
s`Name := "64S44-16,4,16-g21";
s`Passport := [ PowerSequence(PermutationGroup<64 |  
\[ 2, 9, 8, 3, 11, 1, 10, 25, 26, 12, 27, 32, 16, 13, 22, 30, 6, 15, 4, 5, 29, 44, 7, 23, 28, 47, 48, 51, 31, 46, 53, 49, 36, 33, 14, 52, 19, 20, 17, 18, 35, 21, 42, 50, 24, 54, 59, 56, 63, 58, 57, 64, 60, 61, 34, 39, 40, 37, 38, 45, 55, 41, 43, 62 ],
\[ 3, 10, 13, 6, 15, 23, 1, 2, 25, 16, 29, 9, 7, 4, 33, 8, 19, 20, 35, 42, 5, 11, 14, 17, 30, 32, 44, 26, 36, 12, 27, 46, 21, 18, 24, 22, 39, 40, 45, 55, 37, 34, 38, 52, 41, 28, 51, 53, 47, 48, 54, 31, 64, 49, 43, 58, 59, 62, 63, 56, 57, 60, 61, 50 ],
\[ 4, 7, 14, 17, 18, 24, 6, 1, 8, 13, 21, 2, 23, 19, 34, 3, 37, 38, 41, 43, 20, 5, 35, 39, 16, 12, 22, 9, 33, 10, 11, 30, 42, 40, 45, 15, 56, 57, 60, 61, 58, 55, 59, 36, 62, 25, 28, 31, 26, 27, 46, 29, 52, 32, 63, 50, 47, 64, 49, 48, 51, 53, 54, 44 ]:
 Order := 64 >) |
[ PermutationGroup<64 |  
\[ 2, 9, 8, 3, 11, 1, 10, 25, 26, 12, 27, 32, 16, 13, 22, 30, 6, 15, 4, 5, 29, 44, 7, 23, 28, 47, 48, 51, 31, 46, 53, 49, 36, 33, 14, 52, 19, 20, 17, 18, 35, 21, 42, 50, 24, 54, 59, 56, 63, 58, 57, 64, 60, 61, 34, 39, 40, 37, 38, 45, 55, 41, 43, 62 ],
\[ 3, 10, 13, 6, 15, 23, 1, 2, 25, 16, 29, 9, 7, 4, 33, 8, 19, 20, 35, 42, 5, 11, 14, 17, 30, 32, 44, 26, 36, 12, 27, 46, 21, 18, 24, 22, 39, 40, 45, 55, 37, 34, 38, 52, 41, 28, 51, 53, 47, 48, 54, 31, 64, 49, 43, 58, 59, 62, 63, 56, 57, 60, 61, 50 ],
\[ 4, 7, 14, 17, 18, 24, 6, 1, 8, 13, 21, 2, 23, 19, 34, 3, 37, 38, 41, 43, 20, 5, 35, 39, 16, 12, 22, 9, 33, 10, 11, 30, 42, 40, 45, 15, 56, 57, 60, 61, 58, 55, 59, 36, 62, 25, 28, 31, 26, 27, 46, 29, 52, 32, 63, 50, 47, 64, 49, 48, 51, 53, 54, 44 ]:
 Order := 64 > |
[ 6, 1, 4, 19, 20, 17, 23, 3, 2, 7, 5, 10, 14, 35, 18, 13, 39, 40, 37, 38, 42, 15, 24, 45, 8, 9, 11, 25, 21, 16, 29, 12, 34, 55, 41, 33, 58, 59, 56, 57, 62, 43, 63, 22, 60, 30, 26, 27, 32, 44, 28, 36, 31, 46, 61, 48, 51, 50, 47, 53, 54, 64, 49, 52 ],
[ 60, 37, 56, 64, 49, 50, 62, 41, 24, 39, 57, 35, 58, 53, 47, 45, 31, 46, 27, 28, 54, 61, 48, 52, 17, 4, 43, 14, 59, 19, 55, 6, 51, 32, 44, 63, 36, 12, 22, 9, 29, 26, 30, 38, 11, 23, 7, 18, 13, 34, 1, 40, 20, 3, 25, 21, 16, 5, 8, 33, 10, 15, 2, 42 ],
[ 63, 40, 59, 54, 45, 51, 61, 55, 42, 38, 19, 34, 57, 49, 39, 43, 32, 62, 26, 58, 41, 35, 47, 46, 20, 15, 23, 33, 17, 18, 14, 5, 37, 60, 28, 24, 30, 53, 25, 48, 12, 56, 64, 6, 9, 21, 29, 3, 36, 13, 11, 4, 1, 22, 50, 10, 52, 2, 44, 16, 31, 8, 27, 7 ]
],
[ PermutationGroup<64 |  
\[ 2, 9, 8, 3, 11, 1, 10, 25, 26, 12, 27, 32, 16, 13, 22, 30, 6, 15, 4, 5, 29, 44, 7, 23, 28, 47, 48, 51, 31, 46, 53, 49, 36, 33, 14, 52, 19, 20, 17, 18, 35, 21, 42, 50, 24, 54, 59, 56, 63, 58, 57, 64, 60, 61, 34, 39, 40, 37, 38, 45, 55, 41, 43, 62 ],
\[ 3, 10, 13, 6, 15, 23, 1, 2, 25, 16, 29, 9, 7, 4, 33, 8, 19, 20, 35, 42, 5, 11, 14, 17, 30, 32, 44, 26, 36, 12, 27, 46, 21, 18, 24, 22, 39, 40, 45, 55, 37, 34, 38, 52, 41, 28, 51, 53, 47, 48, 54, 31, 64, 49, 43, 58, 59, 62, 63, 56, 57, 60, 61, 50 ],
\[ 4, 7, 14, 17, 18, 24, 6, 1, 8, 13, 21, 2, 23, 19, 34, 3, 37, 38, 41, 43, 20, 5, 35, 39, 16, 12, 22, 9, 33, 10, 11, 30, 42, 40, 45, 15, 56, 57, 60, 61, 58, 55, 59, 36, 62, 25, 28, 31, 26, 27, 46, 29, 52, 32, 63, 50, 47, 64, 49, 48, 51, 53, 54, 44 ]:
 Order := 64 > |
[ 6, 1, 4, 19, 20, 17, 23, 3, 2, 7, 5, 10, 14, 35, 18, 13, 39, 40, 37, 38, 42, 15, 24, 45, 8, 9, 11, 25, 21, 16, 29, 12, 34, 55, 41, 33, 58, 59, 56, 57, 62, 43, 63, 22, 60, 30, 26, 27, 32, 44, 28, 36, 31, 46, 61, 48, 51, 50, 47, 53, 54, 64, 49, 52 ],
[ 7, 8, 1, 14, 21, 4, 13, 16, 12, 2, 22, 30, 3, 23, 5, 10, 24, 34, 17, 18, 33, 36, 6, 35, 9, 28, 31, 46, 11, 25, 52, 26, 15, 42, 19, 29, 41, 43, 37, 38, 45, 20, 55, 27, 39, 32, 49, 50, 54, 64, 47, 44, 48, 51, 40, 60, 61, 56, 57, 62, 63, 58, 59, 53 ],
[ 10, 25, 2, 13, 29, 3, 16, 30, 32, 9, 44, 46, 8, 7, 11, 12, 23, 33, 6, 15, 36, 52, 1, 14, 26, 51, 53, 54, 27, 28, 64, 47, 22, 21, 4, 31, 35, 42, 19, 20, 24, 5, 34, 48, 17, 49, 63, 58, 61, 62, 59, 50, 56, 57, 18, 45, 55, 39, 40, 41, 43, 37, 38, 60 ]
]
];

/*
Return for eval
*/

return s;
