s := SolvablePassportDBInitialize();

/*
Magma printing
*/

s`Filename := "64S4-8,2,8-g9.m";
s`GaloisOrbits := [ Strings() | "64S4-8,2,8-g9-path2.m", "64S4-8,2,8-g9-path5.m", "64S4-8,2,8-g9-path4.m" ];
s`Name := "64S4-8,2,8-g9";
s`Passport := [ PowerSequence(PermutationGroup<64 |  
\[ 11, 28, 7, 40, 2, 5, 36, 54, 12, 13, 8, 56, 23, 31, 10, 27, 1, 32, 16, 19, 33, 17, 29, 25, 35, 62, 30, 26, 64, 34, 37, 39, 3, 58, 60, 53, 38, 55, 24, 9, 15, 6, 4, 21, 14, 45, 22, 43, 18, 41, 20, 42, 59, 57, 63, 61, 47, 51, 44, 49, 48, 52, 46, 50 ],
\[ 3, 9, 1, 17, 10, 19, 24, 23, 2, 5, 27, 25, 37, 33, 32, 39, 4, 43, 6, 45, 42, 41, 8, 7, 12, 34, 11, 36, 35, 38, 40, 15, 14, 26, 29, 28, 13, 30, 16, 31, 22, 21, 18, 49, 20, 50, 51, 52, 44, 46, 47, 48, 55, 56, 53, 54, 59, 60, 57, 58, 63, 64, 61, 62 ],
\[ 4, 10, 14, 18, 19, 21, 1, 27, 31, 32, 3, 2, 5, 20, 22, 6, 41, 44, 45, 47, 49, 51, 37, 16, 7, 36, 39, 9, 8, 11, 33, 43, 42, 38, 12, 24, 40, 13, 15, 17, 46, 48, 52, 57, 50, 61, 59, 63, 58, 62, 60, 64, 28, 23, 30, 25, 56, 26, 55, 29, 54, 34, 53, 35 ]:
 Order := 64 >) |
[ PermutationGroup<64 |  
\[ 11, 28, 7, 40, 2, 5, 36, 54, 12, 13, 8, 56, 23, 31, 10, 27, 1, 32, 16, 19, 33, 17, 29, 25, 35, 62, 30, 26, 64, 34, 37, 39, 3, 58, 60, 53, 38, 55, 24, 9, 15, 6, 4, 21, 14, 45, 22, 43, 18, 41, 20, 42, 59, 57, 63, 61, 47, 51, 44, 49, 48, 52, 46, 50 ],
\[ 3, 9, 1, 17, 10, 19, 24, 23, 2, 5, 27, 25, 37, 33, 32, 39, 4, 43, 6, 45, 42, 41, 8, 7, 12, 34, 11, 36, 35, 38, 40, 15, 14, 26, 29, 28, 13, 30, 16, 31, 22, 21, 18, 49, 20, 50, 51, 52, 44, 46, 47, 48, 55, 56, 53, 54, 59, 60, 57, 58, 63, 64, 61, 62 ],
\[ 4, 10, 14, 18, 19, 21, 1, 27, 31, 32, 3, 2, 5, 20, 22, 6, 41, 44, 45, 47, 49, 51, 37, 16, 7, 36, 39, 9, 8, 11, 33, 43, 42, 38, 12, 24, 40, 13, 15, 17, 46, 48, 52, 57, 50, 61, 59, 63, 58, 62, 60, 64, 28, 23, 30, 25, 56, 26, 55, 29, 54, 34, 53, 35 ]:
 Order := 64 > |
[ 17, 5, 33, 43, 6, 42, 3, 11, 40, 15, 1, 9, 10, 45, 41, 19, 22, 49, 20, 51, 44, 47, 13, 39, 24, 28, 16, 2, 23, 27, 14, 18, 21, 30, 25, 7, 31, 37, 32, 4, 50, 52, 48, 59, 46, 63, 57, 61, 60, 64, 58, 62, 36, 8, 38, 12, 54, 34, 53, 35, 56, 26, 55, 29 ],
[ 59, 48, 57, 54, 64, 34, 49, 41, 52, 62, 51, 18, 46, 53, 35, 60, 56, 12, 26, 38, 28, 23, 22, 44, 43, 19, 47, 21, 32, 45, 61, 29, 55, 6, 15, 42, 50, 20, 58, 63, 8, 36, 25, 24, 30, 13, 27, 2, 7, 37, 11, 9, 14, 4, 33, 17, 3, 39, 1, 16, 31, 10, 40, 5 ],
[ 51, 21, 49, 63, 48, 64, 42, 4, 18, 46, 41, 17, 22, 61, 62, 47, 59, 29, 60, 26, 55, 56, 32, 43, 15, 10, 45, 19, 5, 6, 50, 58, 57, 39, 16, 14, 20, 33, 44, 52, 35, 34, 54, 28, 53, 30, 23, 25, 12, 8, 38, 36, 1, 3, 40, 31, 27, 11, 24, 7, 2, 9, 13, 37 ]
]
];

/*
Return for eval
*/

return s;
