s := SolvablePassportDBInitialize();

/*
Magma printing
*/

s`Filename := "64S41-4,16,4-g15.m";
s`GaloisOrbits := [ Strings() | "64S41-4,16,4-g15-path20.m", "64S41-4,16,4-g15-path9.m", "64S41-4,16,4-g15-path7.m", "64S41-4,16,4-g15-path10.m", "64S41-4,16,4-g15-path11.m", "64S41-4,16,4-g15-path12.m", "64S41-4,16,4-g15-path2.m", "64S41-4,16,4-g15-path13.m", "64S41-4,16,4-g15-path14.m", "64S41-4,16,4-g15-path15.m", "64S41-4,16,4-g15-path16.m", "64S41-4,16,4-g15-path6.m", "64S41-4,16,4-g15-path17.m", "64S41-4,16,4-g15-path3.m", "64S41-4,16,4-g15-path18.m", "64S41-4,16,4-g15-path19.m", "64S41-4,16,4-g15-path8.m", "64S41-4,16,4-g15-path21.m", "64S41-4,16,4-g15-path22.m", "64S41-4,16,4-g15-path23.m", "64S41-4,16,4-g15-path24.m", "64S41-4,16,4-g15-path25.m", "64S41-4,16,4-g15-path1.m", "64S41-4,16,4-g15-path5.m", "64S41-4,16,4-g15-path26.m", "64S41-4,16,4-g15-path27.m", "64S41-4,16,4-g15-path28.m", "64S41-4,16,4-g15-path29.m", "64S41-4,16,4-g15-path30.m", "64S41-4,16,4-g15-path31.m", "64S41-4,16,4-g15-path32.m", "64S41-4,16,4-g15-path33.m", "64S41-4,16,4-g15-path4.m", "64S41-4,16,4-g15-path34.m" ];
s`Name := "64S41-4,16,4-g15";
s`Passport := [ PowerSequence(PermutationGroup<64 |  
\[ 12, 29, 8, 26, 2, 5, 33, 18, 19, 7, 21, 9, 16, 17, 41, 4, 39, 28, 1, 37, 23, 10, 24, 11, 30, 13, 14, 3, 6, 32, 45, 43, 22, 44, 38, 57, 15, 55, 27, 53, 20, 35, 25, 31, 34, 59, 48, 61, 60, 47, 54, 63, 36, 64, 42, 62, 40, 51, 49, 46, 50, 52, 56, 58 ],
\[ 3, 10, 14, 19, 16, 21, 1, 6, 26, 30, 5, 24, 2, 35, 28, 37, 13, 41, 33, 4, 43, 29, 9, 44, 7, 39, 8, 12, 18, 47, 22, 23, 45, 11, 51, 27, 53, 20, 57, 15, 55, 17, 59, 60, 61, 25, 54, 34, 31, 32, 48, 42, 62, 40, 63, 36, 64, 38, 58, 52, 56, 46, 50, 49 ],
\[ 4, 11, 15, 5, 8, 22, 2, 1, 28, 31, 12, 7, 9, 36, 16, 17, 3, 27, 23, 18, 34, 19, 6, 32, 21, 20, 26, 29, 13, 46, 24, 10, 25, 33, 52, 37, 38, 14, 42, 39, 40, 41, 50, 48, 49, 44, 63, 30, 43, 45, 59, 53, 54, 35, 58, 55, 56, 57, 62, 64, 51, 61, 60, 47 ]:
 Order := 64 >) |
[ PermutationGroup<64 |  
\[ 12, 29, 8, 26, 2, 5, 33, 18, 19, 7, 21, 9, 16, 17, 41, 4, 39, 28, 1, 37, 23, 10, 24, 11, 30, 13, 14, 3, 6, 32, 45, 43, 22, 44, 38, 57, 15, 55, 27, 53, 20, 35, 25, 31, 34, 59, 48, 61, 60, 47, 54, 63, 36, 64, 42, 62, 40, 51, 49, 46, 50, 52, 56, 58 ],
\[ 3, 10, 14, 19, 16, 21, 1, 6, 26, 30, 5, 24, 2, 35, 28, 37, 13, 41, 33, 4, 43, 29, 9, 44, 7, 39, 8, 12, 18, 47, 22, 23, 45, 11, 51, 27, 53, 20, 57, 15, 55, 17, 59, 60, 61, 25, 54, 34, 31, 32, 48, 42, 62, 40, 63, 36, 64, 38, 58, 52, 56, 46, 50, 49 ],
\[ 4, 11, 15, 5, 8, 22, 2, 1, 28, 31, 12, 7, 9, 36, 16, 17, 3, 27, 23, 18, 34, 19, 6, 32, 21, 20, 26, 29, 13, 46, 24, 10, 25, 33, 52, 37, 38, 14, 42, 39, 40, 41, 50, 48, 49, 44, 63, 30, 43, 45, 59, 53, 54, 35, 58, 55, 56, 57, 62, 64, 51, 61, 60, 47 ]:
 Order := 64 > |
[ 19, 5, 28, 16, 6, 29, 10, 3, 12, 22, 24, 1, 26, 27, 37, 13, 14, 8, 9, 41, 11, 33, 21, 23, 43, 4, 39, 18, 2, 25, 44, 30, 7, 45, 42, 53, 20, 35, 17, 57, 15, 55, 32, 34, 31, 60, 50, 47, 59, 61, 58, 62, 40, 51, 38, 63, 36, 64, 46, 49, 48, 56, 52, 54 ],
[ 7, 13, 1, 20, 11, 8, 25, 27, 23, 2, 34, 28, 17, 3, 40, 5, 42, 29, 4, 38, 6, 31, 32, 12, 46, 9, 36, 15, 22, 10, 49, 50, 19, 48, 14, 56, 16, 58, 26, 54, 18, 52, 21, 24, 33, 62, 30, 51, 64, 63, 35, 60, 37, 47, 41, 61, 39, 59, 43, 44, 45, 53, 55, 57 ],
[ 24, 18, 6, 39, 10, 16, 45, 41, 33, 1, 43, 26, 37, 13, 55, 19, 57, 12, 3, 53, 9, 30, 44, 5, 47, 2, 35, 14, 21, 23, 61, 59, 29, 60, 20, 64, 28, 63, 8, 62, 4, 51, 7, 22, 11, 58, 34, 56, 52, 54, 40, 50, 27, 49, 17, 46, 15, 48, 31, 25, 32, 42, 36, 38 ]
],
[ PermutationGroup<64 |  
\[ 12, 29, 8, 26, 2, 5, 33, 18, 19, 7, 21, 9, 16, 17, 41, 4, 39, 28, 1, 37, 23, 10, 24, 11, 30, 13, 14, 3, 6, 32, 45, 43, 22, 44, 38, 57, 15, 55, 27, 53, 20, 35, 25, 31, 34, 59, 48, 61, 60, 47, 54, 63, 36, 64, 42, 62, 40, 51, 49, 46, 50, 52, 56, 58 ],
\[ 3, 10, 14, 19, 16, 21, 1, 6, 26, 30, 5, 24, 2, 35, 28, 37, 13, 41, 33, 4, 43, 29, 9, 44, 7, 39, 8, 12, 18, 47, 22, 23, 45, 11, 51, 27, 53, 20, 57, 15, 55, 17, 59, 60, 61, 25, 54, 34, 31, 32, 48, 42, 62, 40, 63, 36, 64, 38, 58, 52, 56, 46, 50, 49 ],
\[ 4, 11, 15, 5, 8, 22, 2, 1, 28, 31, 12, 7, 9, 36, 16, 17, 3, 27, 23, 18, 34, 19, 6, 32, 21, 20, 26, 29, 13, 46, 24, 10, 25, 33, 52, 37, 38, 14, 42, 39, 40, 41, 50, 48, 49, 44, 63, 30, 43, 45, 59, 53, 54, 35, 58, 55, 56, 57, 62, 64, 51, 61, 60, 47 ]:
 Order := 64 > |
[ 8, 7, 17, 1, 4, 23, 12, 5, 13, 32, 2, 11, 29, 38, 3, 15, 16, 20, 22, 26, 25, 6, 19, 31, 33, 27, 18, 9, 28, 48, 10, 24, 34, 21, 54, 14, 36, 37, 40, 41, 42, 39, 49, 46, 50, 30, 64, 44, 45, 43, 61, 35, 52, 53, 56, 57, 58, 55, 51, 63, 62, 59, 47, 60 ],
[ 7, 13, 1, 20, 11, 8, 25, 27, 23, 2, 34, 28, 17, 3, 40, 5, 42, 29, 4, 38, 6, 31, 32, 12, 46, 9, 36, 15, 22, 10, 49, 50, 19, 48, 14, 56, 16, 58, 26, 54, 18, 52, 21, 24, 33, 62, 30, 51, 64, 63, 35, 60, 37, 47, 41, 61, 39, 59, 43, 44, 45, 53, 55, 57 ],
[ 19, 5, 28, 16, 6, 29, 10, 3, 12, 22, 24, 1, 26, 27, 37, 13, 14, 8, 9, 41, 11, 33, 21, 23, 43, 4, 39, 18, 2, 25, 44, 30, 7, 45, 42, 53, 20, 35, 17, 57, 15, 55, 32, 34, 31, 60, 50, 47, 59, 61, 58, 62, 40, 51, 38, 63, 36, 64, 46, 49, 48, 56, 52, 54 ]
]
];

/*
Return for eval
*/

return s;
