s := SolvablePassportDBInitialize();

/*
Magma printing
*/

s`Filename := "64S4-4,8,8-g17.m";
s`GaloisOrbits := [ Strings() | "64S4-4,8,8-g17-path1-notcomputed.m", "64S4-4,8,8-g17-path5-notcomputed.m", "64S4-4,8,8-g17-path4-notcomputed.m" ];
s`Name := "64S4-4,8,8-g17";
s`Passport := [ PowerSequence(PermutationGroup<64 |  
\[ 12, 38, 8, 50, 2, 5, 46, 36, 22, 14, 29, 9, 25, 26, 33, 20, 61, 15, 18, 45, 13, 1, 47, 21, 24, 28, 31, 10, 27, 35, 11, 51, 19, 63, 54, 40, 49, 6, 48, 3, 52, 55, 41, 43, 64, 39, 56, 7, 4, 37, 58, 44, 59, 62, 53, 60, 32, 57, 42, 23, 34, 30, 17, 16 ],
\[ 3, 10, 16, 22, 18, 26, 1, 30, 36, 20, 5, 43, 2, 35, 47, 27, 40, 58, 60, 4, 61, 52, 49, 6, 63, 64, 38, 62, 34, 48, 17, 7, 32, 8, 21, 45, 12, 33, 9, 54, 56, 28, 57, 23, 11, 55, 31, 59, 53, 42, 13, 51, 14, 46, 15, 50, 24, 39, 19, 29, 44, 25, 41, 37 ],
\[ 4, 11, 17, 23, 24, 27, 30, 1, 37, 42, 47, 7, 35, 2, 5, 26, 25, 59, 38, 3, 57, 39, 19, 62, 51, 53, 60, 6, 45, 28, 16, 43, 55, 21, 8, 34, 56, 13, 54, 9, 12, 48, 61, 22, 10, 32, 44, 58, 64, 20, 33, 63, 46, 14, 50, 15, 18, 52, 49, 41, 31, 40, 29, 36 ]:
 Order := 64 >) |
[ PermutationGroup<64 |  
\[ 12, 38, 8, 50, 2, 5, 46, 36, 22, 14, 29, 9, 25, 26, 33, 20, 61, 15, 18, 45, 13, 1, 47, 21, 24, 28, 31, 10, 27, 35, 11, 51, 19, 63, 54, 40, 49, 6, 48, 3, 52, 55, 41, 43, 64, 39, 56, 7, 4, 37, 58, 44, 59, 62, 53, 60, 32, 57, 42, 23, 34, 30, 17, 16 ],
\[ 3, 10, 16, 22, 18, 26, 1, 30, 36, 20, 5, 43, 2, 35, 47, 27, 40, 58, 60, 4, 61, 52, 49, 6, 63, 64, 38, 62, 34, 48, 17, 7, 32, 8, 21, 45, 12, 33, 9, 54, 56, 28, 57, 23, 11, 55, 31, 59, 53, 42, 13, 51, 14, 46, 15, 50, 24, 39, 19, 29, 44, 25, 41, 37 ],
\[ 4, 11, 17, 23, 24, 27, 30, 1, 37, 42, 47, 7, 35, 2, 5, 26, 25, 59, 38, 3, 57, 39, 19, 62, 51, 53, 60, 6, 45, 28, 16, 43, 55, 21, 8, 34, 56, 13, 54, 9, 12, 48, 61, 22, 10, 32, 44, 58, 64, 20, 33, 63, 46, 14, 50, 15, 18, 52, 49, 41, 31, 40, 29, 36 ]:
 Order := 64 > |
[ 2, 9, 15, 21, 12, 1, 29, 33, 6, 41, 46, 38, 49, 52, 36, 57, 42, 8, 3, 32, 37, 5, 30, 50, 4, 44, 48, 43, 39, 56, 7, 64, 40, 53, 60, 19, 25, 22, 31, 18, 26, 34, 14, 10, 51, 27, 35, 11, 24, 13, 16, 28, 17, 23, 63, 54, 45, 20, 61, 62, 55, 47, 59, 58 ],
[ 3, 10, 16, 22, 18, 26, 1, 30, 36, 20, 5, 43, 2, 35, 47, 27, 40, 58, 60, 4, 61, 52, 49, 6, 63, 64, 38, 62, 34, 48, 17, 7, 32, 8, 21, 45, 12, 33, 9, 54, 56, 28, 57, 23, 11, 55, 31, 59, 53, 42, 13, 51, 14, 46, 15, 50, 24, 39, 19, 29, 44, 25, 41, 37 ],
[ 24, 7, 59, 62, 4, 39, 47, 5, 13, 61, 30, 11, 56, 12, 1, 52, 49, 17, 9, 18, 20, 27, 40, 23, 64, 63, 54, 22, 32, 44, 58, 10, 34, 50, 15, 55, 35, 37, 60, 38, 2, 31, 42, 6, 43, 45, 28, 16, 51, 57, 36, 53, 29, 41, 21, 8, 3, 26, 25, 14, 48, 19, 46, 33 ]
]
];

/*
Return for eval
*/

return s;
