s := SolvablePassportDBInitialize();

/*
Magma printing
*/

s`Filename := "64S44-16,4,16-g21.m";
s`GaloisOrbits := [ Strings() | "64S44-16,4,16-g21-path10.m", "64S44-16,4,16-g21-path2.m", "64S44-16,4,16-g21-path7.m", "64S44-16,4,16-g21-path3.m", "64S44-16,4,16-g21-path13.m", "64S44-16,4,16-g21-path12.m" ];
s`Name := "64S44-16,4,16-g21";
s`Passport := [ PowerSequence(PermutationGroup<64 |  
\[ 2, 9, 8, 19, 11, 1, 27, 29, 32, 13, 33, 37, 39, 18, 5, 10, 3, 36, 12, 28, 7, 4, 14, 16, 21, 6, 34, 38, 35, 31, 40, 53, 54, 56, 57, 51, 52, 30, 55, 58, 15, 17, 42, 23, 20, 24, 44, 22, 25, 26, 59, 63, 45, 64, 49, 60, 48, 50, 61, 62, 41, 46, 43, 47 ],
\[ 3, 10, 14, 6, 16, 24, 1, 30, 29, 18, 8, 2, 31, 7, 17, 38, 28, 12, 5, 22, 15, 41, 4, 23, 26, 42, 11, 21, 36, 27, 37, 39, 13, 9, 40, 34, 33, 19, 51, 56, 46, 44, 45, 25, 49, 20, 48, 50, 61, 62, 52, 32, 57, 35, 58, 54, 59, 63, 60, 53, 43, 47, 64, 55 ],
\[ 4, 7, 15, 20, 21, 25, 28, 1, 12, 5, 19, 38, 2, 24, 22, 6, 26, 3, 23, 43, 44, 47, 42, 41, 45, 48, 14, 46, 11, 16, 8, 34, 27, 30, 9, 10, 18, 17, 33, 13, 49, 61, 58, 62, 60, 50, 63, 53, 64, 55, 29, 31, 52, 37, 32, 36, 54, 35, 39, 40, 57, 59, 51, 56 ]:
 Order := 64 >) |
[ PermutationGroup<64 |  
\[ 2, 9, 8, 19, 11, 1, 27, 29, 32, 13, 33, 37, 39, 18, 5, 10, 3, 36, 12, 28, 7, 4, 14, 16, 21, 6, 34, 38, 35, 31, 40, 53, 54, 56, 57, 51, 52, 30, 55, 58, 15, 17, 42, 23, 20, 24, 44, 22, 25, 26, 59, 63, 45, 64, 49, 60, 48, 50, 61, 62, 41, 46, 43, 47 ],
\[ 3, 10, 14, 6, 16, 24, 1, 30, 29, 18, 8, 2, 31, 7, 17, 38, 28, 12, 5, 22, 15, 41, 4, 23, 26, 42, 11, 21, 36, 27, 37, 39, 13, 9, 40, 34, 33, 19, 51, 56, 46, 44, 45, 25, 49, 20, 48, 50, 61, 62, 52, 32, 57, 35, 58, 54, 59, 63, 60, 53, 43, 47, 64, 55 ],
\[ 4, 7, 15, 20, 21, 25, 28, 1, 12, 5, 19, 38, 2, 24, 22, 6, 26, 3, 23, 43, 44, 47, 42, 41, 45, 48, 14, 46, 11, 16, 8, 34, 27, 30, 9, 10, 18, 17, 33, 13, 49, 61, 58, 62, 60, 50, 63, 53, 64, 55, 29, 31, 52, 37, 32, 36, 54, 35, 39, 40, 57, 59, 51, 56 ]:
 Order := 64 > |
[ 6, 1, 17, 22, 15, 26, 21, 3, 2, 16, 5, 19, 10, 23, 41, 24, 42, 14, 4, 45, 25, 48, 44, 46, 49, 50, 7, 20, 8, 38, 30, 9, 11, 27, 29, 18, 12, 28, 13, 31, 61, 43, 63, 47, 53, 62, 64, 57, 55, 58, 36, 37, 32, 33, 39, 34, 35, 40, 51, 56, 59, 60, 52, 54 ],
[ 55, 48, 58, 54, 57, 35, 64, 61, 25, 50, 49, 47, 41, 63, 39, 59, 51, 62, 53, 34, 32, 9, 56, 40, 33, 13, 45, 52, 26, 43, 46, 4, 22, 44, 15, 42, 20, 60, 6, 17, 29, 31, 18, 37, 12, 36, 27, 11, 2, 8, 24, 23, 7, 21, 5, 28, 1, 16, 3, 14, 10, 30, 38, 19 ],
[ 49, 22, 50, 64, 48, 57, 47, 41, 21, 26, 25, 44, 15, 43, 55, 61, 59, 46, 45, 56, 53, 32, 60, 58, 54, 39, 20, 63, 6, 42, 24, 19, 4, 23, 5, 17, 28, 62, 1, 3, 35, 40, 36, 52, 37, 51, 34, 33, 9, 29, 16, 14, 27, 7, 11, 38, 2, 10, 8, 18, 13, 31, 30, 12 ]
],
[ PermutationGroup<64 |  
\[ 2, 9, 8, 19, 11, 1, 27, 29, 32, 13, 33, 37, 39, 18, 5, 10, 3, 36, 12, 28, 7, 4, 14, 16, 21, 6, 34, 38, 35, 31, 40, 53, 54, 56, 57, 51, 52, 30, 55, 58, 15, 17, 42, 23, 20, 24, 44, 22, 25, 26, 59, 63, 45, 64, 49, 60, 48, 50, 61, 62, 41, 46, 43, 47 ],
\[ 3, 10, 14, 6, 16, 24, 1, 30, 29, 18, 8, 2, 31, 7, 17, 38, 28, 12, 5, 22, 15, 41, 4, 23, 26, 42, 11, 21, 36, 27, 37, 39, 13, 9, 40, 34, 33, 19, 51, 56, 46, 44, 45, 25, 49, 20, 48, 50, 61, 62, 52, 32, 57, 35, 58, 54, 59, 63, 60, 53, 43, 47, 64, 55 ],
\[ 4, 7, 15, 20, 21, 25, 28, 1, 12, 5, 19, 38, 2, 24, 22, 6, 26, 3, 23, 43, 44, 47, 42, 41, 45, 48, 14, 46, 11, 16, 8, 34, 27, 30, 9, 10, 18, 17, 33, 13, 49, 61, 58, 62, 60, 50, 63, 53, 64, 55, 29, 31, 52, 37, 32, 36, 54, 35, 39, 40, 57, 59, 51, 56 ]:
 Order := 64 > |
[ 6, 1, 17, 22, 15, 26, 21, 3, 2, 16, 5, 19, 10, 23, 41, 24, 42, 14, 4, 45, 25, 48, 44, 46, 49, 50, 7, 20, 8, 38, 30, 9, 11, 27, 29, 18, 12, 28, 13, 31, 61, 43, 63, 47, 53, 62, 64, 57, 55, 58, 36, 37, 32, 33, 39, 34, 35, 40, 51, 56, 59, 60, 52, 54 ],
[ 7, 12, 1, 23, 19, 4, 14, 11, 34, 2, 27, 18, 33, 3, 21, 5, 15, 10, 38, 46, 28, 20, 24, 6, 44, 25, 30, 17, 9, 8, 13, 52, 37, 36, 54, 29, 31, 16, 32, 35, 22, 26, 61, 42, 43, 41, 62, 47, 45, 48, 39, 51, 60, 56, 64, 40, 53, 55, 57, 59, 49, 50, 58, 63 ],
[ 10, 29, 30, 5, 8, 3, 11, 36, 39, 31, 13, 33, 51, 12, 16, 18, 14, 34, 2, 21, 1, 6, 7, 38, 15, 24, 9, 19, 40, 37, 56, 57, 35, 54, 59, 52, 32, 27, 58, 63, 17, 28, 44, 4, 22, 23, 25, 41, 26, 42, 60, 64, 49, 55, 61, 53, 50, 62, 43, 47, 46, 20, 45, 48 ]
]
];

/*
Return for eval
*/

return s;
