s := SolvablePassportDBInitialize();

/*
Magma printing
*/

s`Filename := "64S44-16,8,16-g25.m";
s`GaloisOrbits := [ Strings() | "64S44-16,8,16-g25-path5.m", "64S44-16,8,16-g25-path6.m", "64S44-16,8,16-g25-path11.m", "64S44-16,8,16-g25-path10.m", "64S44-16,8,16-g25-path9.m", "64S44-16,8,16-g25-path12.m" ];
s`Name := "64S44-16,8,16-g25";
s`Passport := [ PowerSequence(PermutationGroup<64 |  
\[ 12, 38, 8, 50, 2, 5, 46, 36, 30, 14, 29, 9, 58, 31, 24, 20, 64, 15, 18, 62, 13, 1, 21, 23, 32, 28, 22, 10, 61, 59, 11, 41, 27, 63, 49, 4, 48, 35, 26, 47, 45, 54, 40, 43, 57, 39, 7, 19, 33, 37, 6, 60, 51, 52, 44, 3, 42, 56, 53, 16, 55, 17, 25, 34 ],
\[ 3, 10, 16, 22, 18, 26, 1, 33, 36, 41, 5, 43, 2, 51, 53, 11, 56, 32, 30, 13, 42, 55, 6, 45, 4, 25, 58, 59, 54, 47, 57, 7, 29, 8, 31, 62, 12, 24, 9, 27, 37, 28, 20, 49, 39, 34, 17, 63, 21, 64, 48, 14, 46, 15, 60, 35, 19, 52, 50, 23, 38, 61, 40, 44 ],
\[ 4, 11, 17, 9, 23, 14, 30, 1, 37, 42, 35, 7, 49, 2, 5, 55, 36, 57, 51, 3, 60, 40, 38, 54, 48, 45, 8, 6, 16, 39, 52, 26, 44, 50, 61, 34, 59, 13, 53, 12, 18, 31, 64, 22, 10, 32, 63, 41, 56, 25, 15, 29, 28, 21, 62, 27, 24, 20, 19, 58, 33, 43, 46, 47 ]:
 Order := 64 >) |
[ PermutationGroup<64 |  
\[ 12, 38, 8, 50, 2, 5, 46, 36, 30, 14, 29, 9, 58, 31, 24, 20, 64, 15, 18, 62, 13, 1, 21, 23, 32, 28, 22, 10, 61, 59, 11, 41, 27, 63, 49, 4, 48, 35, 26, 47, 45, 54, 40, 43, 57, 39, 7, 19, 33, 37, 6, 60, 51, 52, 44, 3, 42, 56, 53, 16, 55, 17, 25, 34 ],
\[ 3, 10, 16, 22, 18, 26, 1, 33, 36, 41, 5, 43, 2, 51, 53, 11, 56, 32, 30, 13, 42, 55, 6, 45, 4, 25, 58, 59, 54, 47, 57, 7, 29, 8, 31, 62, 12, 24, 9, 27, 37, 28, 20, 49, 39, 34, 17, 63, 21, 64, 48, 14, 46, 15, 60, 35, 19, 52, 50, 23, 38, 61, 40, 44 ],
\[ 4, 11, 17, 9, 23, 14, 30, 1, 37, 42, 35, 7, 49, 2, 5, 55, 36, 57, 51, 3, 60, 40, 38, 54, 48, 45, 8, 6, 16, 39, 52, 26, 44, 50, 61, 34, 59, 13, 53, 12, 18, 31, 64, 22, 10, 32, 63, 41, 56, 25, 15, 29, 28, 21, 62, 27, 24, 20, 19, 58, 33, 43, 46, 47 ]:
 Order := 64 > |
[ 22, 5, 56, 36, 6, 51, 47, 3, 12, 28, 31, 1, 21, 10, 18, 60, 62, 19, 48, 16, 23, 27, 24, 15, 63, 39, 33, 26, 11, 9, 14, 25, 49, 64, 38, 8, 50, 2, 46, 43, 32, 57, 44, 55, 41, 7, 40, 37, 35, 4, 53, 54, 59, 42, 61, 58, 45, 13, 30, 52, 29, 20, 34, 17 ],
[ 44, 15, 49, 17, 28, 19, 64, 20, 40, 53, 42, 8, 54, 45, 41, 21, 55, 59, 25, 29, 5, 56, 57, 51, 47, 30, 61, 32, 2, 4, 6, 50, 13, 43, 23, 27, 34, 14, 63, 62, 46, 18, 33, 16, 48, 12, 22, 9, 11, 1, 39, 24, 37, 10, 35, 60, 26, 38, 7, 31, 52, 58, 36, 3 ],
[ 46, 58, 12, 32, 29, 21, 41, 63, 26, 38, 20, 48, 62, 60, 52, 8, 7, 2, 42, 40, 33, 50, 16, 35, 28, 5, 47, 54, 27, 18, 49, 15, 36, 39, 3, 30, 45, 55, 57, 25, 14, 13, 9, 34, 23, 51, 59, 6, 43, 53, 31, 56, 24, 61, 1, 64, 11, 22, 10, 44, 17, 4, 19, 37 ]
],
[ PermutationGroup<64 |  
\[ 12, 38, 8, 50, 2, 5, 46, 36, 30, 14, 29, 9, 58, 31, 24, 20, 64, 15, 18, 62, 13, 1, 21, 23, 32, 28, 22, 10, 61, 59, 11, 41, 27, 63, 49, 4, 48, 35, 26, 47, 45, 54, 40, 43, 57, 39, 7, 19, 33, 37, 6, 60, 51, 52, 44, 3, 42, 56, 53, 16, 55, 17, 25, 34 ],
\[ 3, 10, 16, 22, 18, 26, 1, 33, 36, 41, 5, 43, 2, 51, 53, 11, 56, 32, 30, 13, 42, 55, 6, 45, 4, 25, 58, 59, 54, 47, 57, 7, 29, 8, 31, 62, 12, 24, 9, 27, 37, 28, 20, 49, 39, 34, 17, 63, 21, 64, 48, 14, 46, 15, 60, 35, 19, 52, 50, 23, 38, 61, 40, 44 ],
\[ 4, 11, 17, 9, 23, 14, 30, 1, 37, 42, 35, 7, 49, 2, 5, 55, 36, 57, 51, 3, 60, 40, 38, 54, 48, 45, 8, 6, 16, 39, 52, 26, 44, 50, 61, 34, 59, 13, 53, 12, 18, 31, 64, 22, 10, 32, 63, 41, 56, 25, 15, 29, 28, 21, 62, 27, 24, 20, 19, 58, 33, 43, 46, 47 ]:
 Order := 64 > |
[ 22, 5, 56, 36, 6, 51, 47, 3, 12, 28, 31, 1, 21, 10, 18, 60, 62, 19, 48, 16, 23, 27, 24, 15, 63, 39, 33, 26, 11, 9, 14, 25, 49, 64, 38, 8, 50, 2, 46, 43, 32, 57, 44, 55, 41, 7, 40, 37, 35, 4, 53, 54, 59, 42, 61, 58, 45, 13, 30, 52, 29, 20, 34, 17 ],
[ 7, 13, 1, 25, 11, 23, 32, 34, 39, 2, 16, 37, 20, 52, 54, 3, 47, 5, 57, 43, 49, 4, 60, 38, 26, 6, 40, 42, 33, 19, 35, 18, 8, 46, 56, 9, 41, 61, 45, 63, 10, 21, 12, 64, 24, 53, 30, 51, 44, 59, 14, 58, 15, 29, 22, 17, 31, 27, 28, 55, 62, 36, 48, 50 ],
[ 43, 24, 33, 64, 10, 18, 34, 62, 47, 51, 54, 36, 52, 57, 45, 13, 44, 53, 32, 61, 2, 3, 42, 6, 7, 59, 55, 41, 38, 50, 5, 37, 58, 40, 21, 22, 63, 31, 25, 17, 39, 15, 27, 20, 19, 9, 1, 30, 29, 12, 26, 23, 48, 14, 49, 16, 28, 35, 46, 11, 60, 56, 4, 8 ]
]
];

/*
Return for eval
*/

return s;
