s := SolvablePassportDBInitialize();

/*
Magma printing
*/

s`Filename := "64S46-8,4,16-g19.m";
s`GaloisOrbits := [ Strings() | "64S46-8,4,16-g19-path6-notcomputed.m" ];
s`Name := "64S46-8,4,16-g19";
s`Passport := [ PowerSequence(PermutationGroup<64 |  
\[ 12, 29, 8, 61, 2, 5, 43, 52, 6, 14, 31, 9, 25, 27, 34, 20, 23, 15, 18, 42, 38, 1, 51, 21, 24, 46, 30, 45, 22, 41, 28, 50, 11, 39, 37, 48, 44, 47, 3, 49, 40, 26, 62, 64, 7, 55, 4, 17, 63, 35, 58, 19, 54, 32, 59, 36, 56, 57, 60, 16, 13, 33, 10, 53 ],
\[ 3, 10, 16, 22, 18, 27, 1, 35, 34, 20, 5, 41, 2, 23, 53, 7, 39, 46, 32, 13, 37, 49, 47, 6, 64, 4, 60, 9, 52, 48, 36, 45, 17, 42, 31, 8, 63, 12, 44, 56, 55, 28, 51, 33, 57, 11, 50, 61, 26, 14, 15, 59, 43, 30, 38, 25, 19, 21, 62, 24, 54, 29, 58, 40 ],
\[ 4, 11, 17, 23, 24, 28, 32, 1, 38, 37, 44, 7, 48, 2, 5, 27, 30, 57, 29, 3, 60, 62, 33, 56, 20, 34, 50, 35, 13, 6, 46, 61, 59, 51, 47, 40, 8, 58, 9, 12, 54, 10, 16, 21, 42, 49, 55, 31, 64, 19, 14, 36, 25, 15, 18, 45, 63, 43, 41, 52, 26, 53, 22, 39 ]:
 Order := 64 >) |
[ PermutationGroup<64 |  
\[ 12, 29, 8, 61, 2, 5, 43, 52, 6, 14, 31, 9, 25, 27, 34, 20, 23, 15, 18, 42, 38, 1, 51, 21, 24, 46, 30, 45, 22, 41, 28, 50, 11, 39, 37, 48, 44, 47, 3, 49, 40, 26, 62, 64, 7, 55, 4, 17, 63, 35, 58, 19, 54, 32, 59, 36, 56, 57, 60, 16, 13, 33, 10, 53 ],
\[ 3, 10, 16, 22, 18, 27, 1, 35, 34, 20, 5, 41, 2, 23, 53, 7, 39, 46, 32, 13, 37, 49, 47, 6, 64, 4, 60, 9, 52, 48, 36, 45, 17, 42, 31, 8, 63, 12, 44, 56, 55, 28, 51, 33, 57, 11, 50, 61, 26, 14, 15, 59, 43, 30, 38, 25, 19, 21, 62, 24, 54, 29, 58, 40 ],
\[ 4, 11, 17, 23, 24, 28, 32, 1, 38, 37, 44, 7, 48, 2, 5, 27, 30, 57, 29, 3, 60, 62, 33, 56, 20, 34, 50, 35, 13, 6, 46, 61, 59, 51, 47, 40, 8, 58, 9, 12, 54, 10, 16, 21, 42, 49, 55, 31, 64, 19, 14, 36, 25, 15, 18, 45, 63, 43, 41, 52, 26, 53, 22, 39 ]:
 Order := 64 > |
[ 12, 29, 8, 61, 2, 5, 43, 52, 6, 14, 31, 9, 25, 27, 34, 20, 23, 15, 18, 42, 38, 1, 51, 21, 24, 46, 30, 45, 22, 41, 28, 50, 11, 39, 37, 48, 44, 47, 3, 49, 40, 26, 62, 64, 7, 55, 4, 17, 63, 35, 58, 19, 54, 32, 59, 36, 56, 57, 60, 16, 13, 33, 10, 53 ],
[ 3, 10, 16, 22, 18, 27, 1, 35, 34, 20, 5, 41, 2, 23, 53, 7, 39, 46, 32, 13, 37, 49, 47, 6, 64, 4, 60, 9, 52, 48, 36, 45, 17, 42, 31, 8, 63, 12, 44, 56, 55, 28, 51, 33, 57, 11, 50, 61, 26, 14, 15, 59, 43, 30, 38, 25, 19, 21, 62, 24, 54, 29, 58, 40 ],
[ 4, 11, 17, 23, 24, 28, 32, 1, 38, 37, 44, 7, 48, 2, 5, 27, 30, 57, 29, 3, 60, 62, 33, 56, 20, 34, 50, 35, 13, 6, 46, 61, 59, 51, 47, 40, 8, 58, 9, 12, 54, 10, 16, 21, 42, 49, 55, 31, 64, 19, 14, 36, 25, 15, 18, 45, 63, 43, 41, 52, 26, 53, 22, 39 ]
],
[ PermutationGroup<64 |  
\[ 12, 29, 8, 61, 2, 5, 43, 52, 6, 14, 31, 9, 25, 27, 34, 20, 23, 15, 18, 42, 38, 1, 51, 21, 24, 46, 30, 45, 22, 41, 28, 50, 11, 39, 37, 48, 44, 47, 3, 49, 40, 26, 62, 64, 7, 55, 4, 17, 63, 35, 58, 19, 54, 32, 59, 36, 56, 57, 60, 16, 13, 33, 10, 53 ],
\[ 3, 10, 16, 22, 18, 27, 1, 35, 34, 20, 5, 41, 2, 23, 53, 7, 39, 46, 32, 13, 37, 49, 47, 6, 64, 4, 60, 9, 52, 48, 36, 45, 17, 42, 31, 8, 63, 12, 44, 56, 55, 28, 51, 33, 57, 11, 50, 61, 26, 14, 15, 59, 43, 30, 38, 25, 19, 21, 62, 24, 54, 29, 58, 40 ],
\[ 4, 11, 17, 23, 24, 28, 32, 1, 38, 37, 44, 7, 48, 2, 5, 27, 30, 57, 29, 3, 60, 62, 33, 56, 20, 34, 50, 35, 13, 6, 46, 61, 59, 51, 47, 40, 8, 58, 9, 12, 54, 10, 16, 21, 42, 49, 55, 31, 64, 19, 14, 36, 25, 15, 18, 45, 63, 43, 41, 52, 26, 53, 22, 39 ]:
 Order := 64 > |
[ 6, 1, 19, 25, 22, 29, 33, 18, 2, 30, 45, 5, 21, 41, 3, 26, 58, 39, 34, 46, 4, 9, 57, 47, 38, 59, 40, 43, 12, 49, 7, 37, 28, 8, 64, 23, 53, 61, 52, 10, 63, 55, 11, 54, 62, 60, 13, 51, 14, 44, 56, 15, 50, 35, 16, 17, 48, 36, 20, 42, 24, 31, 27, 32 ],
[ 34, 49, 59, 2, 52, 10, 29, 32, 18, 60, 9, 27, 6, 48, 44, 28, 15, 42, 53, 4, 50, 41, 21, 12, 37, 38, 55, 1, 3, 56, 57, 31, 36, 16, 33, 39, 40, 22, 35, 58, 26, 11, 17, 43, 51, 62, 54, 47, 20, 63, 19, 46, 45, 14, 24, 61, 8, 25, 7, 13, 64, 5, 23, 30 ],
[ 4, 11, 17, 23, 24, 28, 32, 1, 38, 37, 44, 7, 48, 2, 5, 27, 30, 57, 29, 3, 60, 62, 33, 56, 20, 34, 50, 35, 13, 6, 46, 61, 59, 51, 47, 40, 8, 58, 9, 12, 54, 10, 16, 21, 42, 49, 55, 31, 64, 19, 14, 36, 25, 15, 18, 45, 63, 43, 41, 52, 26, 53, 22, 39 ]
]
];

/*
Return for eval
*/

return s;
