s := SolvablePassportDBInitialize();

/*
Magma printing
*/

s`Filename := "64S4-8,8,4-g17.m";
s`GaloisOrbits := [ Strings() | "64S4-8,8,4-g17-path3-notcomputed.m", "64S4-8,8,4-g17-path4-notcomputed.m", "64S4-8,8,4-g17-path5-notcomputed.m" ];
s`Name := "64S4-8,8,4-g17";
s`Passport := [ PowerSequence(PermutationGroup<64 |  
\[ 12, 37, 8, 60, 2, 5, 43, 50, 51, 14, 26, 9, 18, 55, 33, 19, 40, 15, 42, 36, 1, 30, 20, 23, 46, 29, 45, 21, 41, 61, 11, 47, 38, 22, 16, 3, 34, 57, 48, 52, 39, 59, 63, 28, 7, 17, 56, 62, 44, 64, 49, 54, 58, 53, 27, 35, 4, 25, 32, 13, 6, 31, 10, 24 ],
\[ 3, 10, 16, 21, 18, 26, 1, 34, 33, 19, 5, 41, 2, 49, 51, 14, 36, 54, 38, 40, 43, 57, 6, 32, 4, 35, 61, 60, 9, 45, 17, 7, 42, 48, 8, 12, 50, 30, 22, 63, 53, 62, 52, 31, 47, 11, 13, 59, 24, 58, 55, 15, 64, 39, 25, 29, 46, 27, 23, 56, 20, 28, 37, 44 ],
\[ 4, 11, 17, 22, 23, 27, 30, 1, 36, 40, 44, 7, 28, 2, 5, 26, 57, 47, 3, 59, 62, 8, 49, 53, 50, 46, 51, 64, 6, 39, 42, 48, 52, 63, 60, 61, 13, 9, 12, 31, 56, 10, 32, 14, 58, 55, 24, 54, 15, 35, 29, 20, 18, 43, 16, 45, 19, 41, 33, 25, 38, 34, 21, 37 ]:
 Order := 64 >) |
[ PermutationGroup<64 |  
\[ 12, 37, 8, 60, 2, 5, 43, 50, 51, 14, 26, 9, 18, 55, 33, 19, 40, 15, 42, 36, 1, 30, 20, 23, 46, 29, 45, 21, 41, 61, 11, 47, 38, 22, 16, 3, 34, 57, 48, 52, 39, 59, 63, 28, 7, 17, 56, 62, 44, 64, 49, 54, 58, 53, 27, 35, 4, 25, 32, 13, 6, 31, 10, 24 ],
\[ 3, 10, 16, 21, 18, 26, 1, 34, 33, 19, 5, 41, 2, 49, 51, 14, 36, 54, 38, 40, 43, 57, 6, 32, 4, 35, 61, 60, 9, 45, 17, 7, 42, 48, 8, 12, 50, 30, 22, 63, 53, 62, 52, 31, 47, 11, 13, 59, 24, 58, 55, 15, 64, 39, 25, 29, 46, 27, 23, 56, 20, 28, 37, 44 ],
\[ 4, 11, 17, 22, 23, 27, 30, 1, 36, 40, 44, 7, 28, 2, 5, 26, 57, 47, 3, 59, 62, 8, 49, 53, 50, 46, 51, 64, 6, 39, 42, 48, 52, 63, 60, 61, 13, 9, 12, 31, 56, 10, 32, 14, 58, 55, 24, 54, 15, 35, 29, 20, 18, 43, 16, 45, 19, 41, 33, 25, 38, 34, 21, 37 ]:
 Order := 64 > |
[ 12, 37, 8, 60, 2, 5, 43, 50, 51, 14, 26, 9, 18, 55, 33, 19, 40, 15, 42, 36, 1, 30, 20, 23, 46, 29, 45, 21, 41, 61, 11, 47, 38, 22, 16, 3, 34, 57, 48, 52, 39, 59, 63, 28, 7, 17, 56, 62, 44, 64, 49, 54, 58, 53, 27, 35, 4, 25, 32, 13, 6, 31, 10, 24 ],
[ 18, 41, 54, 6, 3, 43, 5, 51, 50, 53, 1, 10, 12, 22, 34, 39, 13, 16, 64, 56, 26, 24, 21, 46, 23, 52, 28, 20, 37, 31, 47, 11, 58, 55, 15, 2, 33, 44, 49, 29, 19, 27, 35, 45, 17, 7, 36, 25, 57, 42, 48, 8, 38, 14, 59, 63, 32, 62, 4, 40, 60, 61, 9, 30 ],
[ 23, 7, 47, 49, 4, 62, 44, 5, 13, 56, 30, 11, 61, 12, 1, 43, 24, 17, 18, 25, 27, 15, 22, 19, 33, 32, 34, 38, 21, 14, 58, 55, 35, 29, 20, 28, 36, 37, 2, 45, 40, 41, 46, 39, 42, 48, 57, 16, 8, 52, 63, 60, 3, 26, 54, 31, 53, 10, 50, 59, 64, 51, 6, 9 ]
]
];

/*
Return for eval
*/

return s;
