s := SolvablePassportDBInitialize();

/*
Magma printing
*/

s`Filename := "64S47-4,16,4-g15.m";
s`GaloisOrbits := [ Strings() | "64S47-4,16,4-g15-path17.m", "64S47-4,16,4-g15-path12.m", "64S47-4,16,4-g15-path7.m", "64S47-4,16,4-g15-path6.m", "64S47-4,16,4-g15-path16.m", "64S47-4,16,4-g15-path9.m", "64S47-4,16,4-g15-path22.m", "64S47-4,16,4-g15-path20.m", "64S47-4,16,4-g15-path4.m", "64S47-4,16,4-g15-path3.m", "64S47-4,16,4-g15-path2.m", "64S47-4,16,4-g15-path19.m", "64S47-4,16,4-g15-path1.m", "64S47-4,16,4-g15-path15.m", "64S47-4,16,4-g15-path10.m", "64S47-4,16,4-g15-path18.m", "64S47-4,16,4-g15-path11.m", "64S47-4,16,4-g15-path8.m", "64S47-4,16,4-g15-path13.m", "64S47-4,16,4-g15-path23.m", "64S47-4,16,4-g15-path14.m", "64S47-4,16,4-g15-path21.m", "64S47-4,16,4-g15-path5.m" ];
s`Name := "64S47-4,16,4-g15";
s`Passport := [ PowerSequence(PermutationGroup<64 |  
\[ 12, 25, 8, 3, 2, 5, 29, 24, 20, 14, 10, 9, 21, 22, 19, 15, 13, 17, 41, 1, 18, 11, 45, 4, 6, 31, 30, 27, 26, 39, 7, 38, 37, 33, 32, 35, 57, 36, 28, 59, 16, 47, 46, 43, 42, 55, 23, 54, 53, 49, 48, 51, 60, 52, 44, 62, 34, 61, 58, 50, 40, 64, 56, 63 ],
\[ 3, 10, 15, 20, 17, 22, 1, 12, 24, 27, 5, 29, 2, 25, 33, 4, 35, 6, 8, 31, 38, 39, 7, 41, 21, 9, 43, 11, 45, 14, 47, 13, 49, 16, 51, 18, 19, 54, 55, 23, 57, 26, 53, 28, 59, 30, 61, 32, 44, 34, 56, 36, 37, 64, 50, 40, 60, 42, 62, 46, 63, 48, 52, 58 ],
\[ 4, 11, 16, 9, 18, 14, 20, 1, 8, 28, 6, 7, 5, 2, 34, 24, 36, 25, 3, 26, 32, 30, 31, 19, 13, 12, 44, 22, 23, 10, 42, 17, 50, 41, 52, 21, 15, 48, 46, 47, 37, 29, 49, 39, 40, 27, 58, 35, 55, 57, 63, 38, 33, 62, 60, 61, 53, 45, 56, 43, 64, 51, 54, 59 ]:
 Order := 64 >) |
[ PermutationGroup<64 |  
\[ 12, 25, 8, 3, 2, 5, 29, 24, 20, 14, 10, 9, 21, 22, 19, 15, 13, 17, 41, 1, 18, 11, 45, 4, 6, 31, 30, 27, 26, 39, 7, 38, 37, 33, 32, 35, 57, 36, 28, 59, 16, 47, 46, 43, 42, 55, 23, 54, 53, 49, 48, 51, 60, 52, 44, 62, 34, 61, 58, 50, 40, 64, 56, 63 ],
\[ 3, 10, 15, 20, 17, 22, 1, 12, 24, 27, 5, 29, 2, 25, 33, 4, 35, 6, 8, 31, 38, 39, 7, 41, 21, 9, 43, 11, 45, 14, 47, 13, 49, 16, 51, 18, 19, 54, 55, 23, 57, 26, 53, 28, 59, 30, 61, 32, 44, 34, 56, 36, 37, 64, 50, 40, 60, 42, 62, 46, 63, 48, 52, 58 ],
\[ 4, 11, 16, 9, 18, 14, 20, 1, 8, 28, 6, 7, 5, 2, 34, 24, 36, 25, 3, 26, 32, 30, 31, 19, 13, 12, 44, 22, 23, 10, 42, 17, 50, 41, 52, 21, 15, 48, 46, 47, 37, 29, 49, 39, 40, 27, 58, 35, 55, 57, 63, 38, 33, 62, 60, 61, 53, 45, 56, 43, 64, 51, 54, 59 ]:
 Order := 64 > |
[ 20, 5, 4, 24, 6, 25, 31, 3, 12, 11, 22, 1, 17, 10, 16, 41, 18, 21, 15, 9, 13, 14, 47, 8, 2, 29, 28, 39, 7, 27, 26, 35, 34, 57, 36, 38, 33, 32, 30, 61, 19, 45, 44, 55, 23, 43, 42, 51, 50, 60, 52, 54, 49, 48, 46, 63, 37, 59, 40, 53, 58, 56, 64, 62 ],
[ 7, 13, 1, 16, 11, 18, 23, 19, 26, 2, 28, 8, 32, 30, 3, 34, 5, 36, 37, 4, 25, 6, 40, 9, 14, 42, 10, 44, 12, 46, 20, 48, 15, 50, 17, 52, 53, 21, 22, 56, 24, 58, 27, 49, 29, 60, 31, 62, 33, 55, 35, 63, 43, 38, 39, 51, 41, 64, 45, 57, 47, 59, 61, 54 ],
[ 29, 21, 12, 15, 10, 17, 45, 41, 31, 25, 27, 24, 38, 39, 8, 33, 2, 35, 57, 3, 6, 5, 59, 20, 22, 47, 14, 43, 9, 55, 1, 54, 19, 49, 13, 51, 60, 18, 11, 62, 4, 61, 30, 53, 26, 50, 7, 64, 37, 44, 32, 56, 46, 36, 28, 48, 16, 63, 42, 34, 23, 58, 40, 52 ]
]
];

/*
Return for eval
*/

return s;
