s := SolvablePassportDBInitialize();

/*
Magma printing
*/

s`Filename := "64S45-16,4,16-g21.m";
s`GaloisOrbits := [ Strings() | "64S45-16,4,16-g21-path2-notcomputed.m" ];
s`Name := "64S45-16,4,16-g21";
s`Passport := [ PowerSequence(PermutationGroup<64 |  
\[ 12, 23, 8, 50, 2, 5, 44, 25, 45, 14, 31, 9, 60, 46, 34, 20, 40, 15, 18, 43, 13, 1, 32, 21, 24, 47, 30, 33, 22, 10, 63, 58, 11, 4, 37, 51, 6, 48, 62, 36, 28, 41, 57, 39, 49, 7, 54, 56, 35, 38, 61, 29, 64, 59, 53, 3, 55, 52, 17, 19, 16, 42, 27, 26 ],
\[ 3, 10, 16, 22, 18, 27, 1, 35, 25, 20, 5, 41, 2, 29, 52, 7, 56, 47, 32, 13, 55, 62, 34, 6, 43, 4, 61, 37, 48, 58, 36, 46, 17, 59, 31, 8, 60, 12, 9, 30, 54, 49, 39, 53, 33, 57, 11, 51, 21, 40, 14, 44, 15, 38, 42, 45, 19, 50, 63, 64, 24, 26, 23, 28 ],
\[ 4, 11, 17, 23, 24, 28, 32, 1, 38, 40, 45, 7, 49, 2, 5, 27, 34, 57, 37, 3, 61, 14, 13, 9, 36, 60, 59, 12, 15, 6, 47, 63, 64, 53, 42, 50, 8, 58, 52, 33, 55, 22, 10, 16, 39, 51, 62, 54, 56, 26, 31, 30, 21, 18, 46, 29, 25, 19, 41, 20, 48, 43, 35, 44 ]:
 Order := 64 >) |
[ PermutationGroup<64 |  
\[ 12, 23, 8, 50, 2, 5, 44, 25, 45, 14, 31, 9, 60, 46, 34, 20, 40, 15, 18, 43, 13, 1, 32, 21, 24, 47, 30, 33, 22, 10, 63, 58, 11, 4, 37, 51, 6, 48, 62, 36, 28, 41, 57, 39, 49, 7, 54, 56, 35, 38, 61, 29, 64, 59, 53, 3, 55, 52, 17, 19, 16, 42, 27, 26 ],
\[ 3, 10, 16, 22, 18, 27, 1, 35, 25, 20, 5, 41, 2, 29, 52, 7, 56, 47, 32, 13, 55, 62, 34, 6, 43, 4, 61, 37, 48, 58, 36, 46, 17, 59, 31, 8, 60, 12, 9, 30, 54, 49, 39, 53, 33, 57, 11, 51, 21, 40, 14, 44, 15, 38, 42, 45, 19, 50, 63, 64, 24, 26, 23, 28 ],
\[ 4, 11, 17, 23, 24, 28, 32, 1, 38, 40, 45, 7, 49, 2, 5, 27, 34, 57, 37, 3, 61, 14, 13, 9, 36, 60, 59, 12, 15, 6, 47, 63, 64, 53, 42, 50, 8, 58, 52, 33, 55, 22, 10, 16, 39, 51, 62, 54, 56, 26, 31, 30, 21, 18, 46, 29, 25, 19, 41, 20, 48, 43, 35, 44 ]:
 Order := 64 > |
[ 22, 5, 56, 34, 6, 37, 46, 3, 12, 30, 33, 1, 21, 10, 18, 61, 59, 19, 60, 16, 24, 29, 2, 25, 8, 64, 63, 41, 52, 27, 11, 23, 28, 15, 49, 40, 35, 50, 44, 17, 42, 62, 20, 7, 9, 14, 26, 38, 45, 4, 36, 58, 55, 47, 57, 48, 43, 32, 54, 13, 51, 39, 31, 53 ],
[ 30, 8, 58, 57, 42, 56, 40, 54, 14, 35, 55, 15, 36, 59, 20, 50, 62, 49, 61, 31, 1, 19, 28, 17, 29, 46, 45, 43, 63, 47, 12, 24, 22, 37, 38, 41, 39, 53, 51, 18, 52, 16, 48, 2, 4, 6, 21, 23, 7, 5, 34, 13, 10, 44, 3, 26, 27, 11, 60, 9, 33, 32, 64, 25 ],
[ 31, 48, 2, 16, 44, 50, 54, 64, 27, 9, 20, 60, 59, 26, 51, 15, 7, 12, 40, 28, 52, 21, 62, 47, 32, 30, 1, 61, 33, 53, 29, 3, 58, 45, 34, 39, 46, 43, 17, 13, 23, 36, 4, 37, 18, 49, 8, 6, 10, 35, 19, 25, 63, 14, 38, 55, 11, 41, 24, 22, 42, 5, 57, 56 ]
],
[ PermutationGroup<64 |  
\[ 12, 23, 8, 50, 2, 5, 44, 25, 45, 14, 31, 9, 60, 46, 34, 20, 40, 15, 18, 43, 13, 1, 32, 21, 24, 47, 30, 33, 22, 10, 63, 58, 11, 4, 37, 51, 6, 48, 62, 36, 28, 41, 57, 39, 49, 7, 54, 56, 35, 38, 61, 29, 64, 59, 53, 3, 55, 52, 17, 19, 16, 42, 27, 26 ],
\[ 3, 10, 16, 22, 18, 27, 1, 35, 25, 20, 5, 41, 2, 29, 52, 7, 56, 47, 32, 13, 55, 62, 34, 6, 43, 4, 61, 37, 48, 58, 36, 46, 17, 59, 31, 8, 60, 12, 9, 30, 54, 49, 39, 53, 33, 57, 11, 51, 21, 40, 14, 44, 15, 38, 42, 45, 19, 50, 63, 64, 24, 26, 23, 28 ],
\[ 4, 11, 17, 23, 24, 28, 32, 1, 38, 40, 45, 7, 49, 2, 5, 27, 34, 57, 37, 3, 61, 14, 13, 9, 36, 60, 59, 12, 15, 6, 47, 63, 64, 53, 42, 50, 8, 58, 52, 33, 55, 22, 10, 16, 39, 51, 62, 54, 56, 26, 31, 30, 21, 18, 46, 29, 25, 19, 41, 20, 48, 43, 35, 44 ]:
 Order := 64 > |
[ 22, 5, 56, 34, 6, 37, 46, 3, 12, 30, 33, 1, 21, 10, 18, 61, 59, 19, 60, 16, 24, 29, 2, 25, 8, 64, 63, 41, 52, 27, 11, 23, 28, 15, 49, 40, 35, 50, 44, 17, 42, 62, 20, 7, 9, 14, 26, 38, 45, 4, 36, 58, 55, 47, 57, 48, 43, 32, 54, 13, 51, 39, 31, 53 ],
[ 7, 13, 1, 26, 11, 24, 16, 36, 39, 2, 47, 38, 20, 51, 53, 3, 33, 5, 57, 10, 49, 4, 63, 61, 9, 62, 6, 64, 14, 40, 35, 19, 45, 23, 8, 31, 28, 54, 43, 50, 12, 55, 25, 52, 56, 32, 18, 29, 42, 58, 48, 15, 44, 41, 21, 17, 46, 30, 34, 37, 27, 22, 59, 60 ],
[ 41, 34, 35, 40, 10, 18, 53, 43, 33, 29, 36, 25, 64, 57, 59, 13, 30, 52, 47, 39, 2, 3, 46, 55, 6, 11, 58, 17, 62, 20, 23, 50, 5, 22, 60, 14, 27, 51, 26, 8, 37, 54, 19, 9, 21, 1, 38, 45, 31, 12, 24, 48, 28, 63, 15, 16, 42, 44, 56, 32, 7, 49, 61, 4 ]
]
];

/*
Return for eval
*/

return s;
