s := SolvablePassportDBInitialize();

/*
Magma printing
*/

s`Filename := "64S46-8,16,4-g19.m";
s`GaloisOrbits := [ Strings() | "64S46-8,16,4-g19-path2-notcomputed.m", "64S46-8,16,4-g19-path3-notcomputed.m" ];
s`Name := "64S46-8,16,4-g19";
s`Passport := [ PowerSequence(PermutationGroup<64 |  
\[ 12, 29, 8, 61, 2, 5, 44, 52, 6, 14, 31, 9, 25, 27, 35, 20, 47, 15, 18, 51, 38, 1, 45, 21, 24, 41, 30, 46, 22, 42, 28, 49, 11, 37, 39, 23, 43, 48, 3, 50, 56, 40, 17, 63, 62, 7, 54, 4, 36, 64, 26, 19, 55, 58, 32, 59, 34, 57, 60, 16, 13, 53, 33, 10 ],
\[ 3, 10, 16, 22, 18, 27, 1, 36, 35, 37, 5, 42, 2, 23, 53, 30, 39, 41, 32, 13, 34, 50, 48, 6, 43, 4, 57, 9, 52, 49, 56, 46, 60, 7, 51, 31, 8, 12, 45, 55, 64, 54, 28, 20, 33, 26, 11, 58, 61, 17, 14, 59, 44, 15, 25, 38, 19, 63, 40, 24, 47, 21, 29, 62 ],
\[ 4, 11, 17, 23, 24, 28, 32, 1, 38, 41, 45, 7, 49, 2, 5, 33, 25, 57, 29, 3, 60, 63, 8, 55, 20, 35, 51, 36, 13, 6, 47, 40, 58, 27, 54, 30, 21, 62, 9, 12, 46, 16, 10, 34, 14, 43, 50, 56, 19, 59, 44, 37, 64, 61, 15, 18, 48, 42, 31, 52, 26, 39, 53, 22 ]:
 Order := 64 >) |
[ PermutationGroup<64 |  
\[ 12, 29, 8, 61, 2, 5, 44, 52, 6, 14, 31, 9, 25, 27, 35, 20, 47, 15, 18, 51, 38, 1, 45, 21, 24, 41, 30, 46, 22, 42, 28, 49, 11, 37, 39, 23, 43, 48, 3, 50, 56, 40, 17, 63, 62, 7, 54, 4, 36, 64, 26, 19, 55, 58, 32, 59, 34, 57, 60, 16, 13, 53, 33, 10 ],
\[ 3, 10, 16, 22, 18, 27, 1, 36, 35, 37, 5, 42, 2, 23, 53, 30, 39, 41, 32, 13, 34, 50, 48, 6, 43, 4, 57, 9, 52, 49, 56, 46, 60, 7, 51, 31, 8, 12, 45, 55, 64, 54, 28, 20, 33, 26, 11, 58, 61, 17, 14, 59, 44, 15, 25, 38, 19, 63, 40, 24, 47, 21, 29, 62 ],
\[ 4, 11, 17, 23, 24, 28, 32, 1, 38, 41, 45, 7, 49, 2, 5, 33, 25, 57, 29, 3, 60, 63, 8, 55, 20, 35, 51, 36, 13, 6, 47, 40, 58, 27, 54, 30, 21, 62, 9, 12, 46, 16, 10, 34, 14, 43, 50, 56, 19, 59, 44, 37, 64, 61, 15, 18, 48, 42, 31, 52, 26, 39, 53, 22 ]:
 Order := 64 > |
[ 22, 5, 39, 48, 6, 9, 46, 3, 12, 64, 33, 1, 61, 10, 18, 60, 43, 19, 52, 16, 24, 29, 36, 25, 13, 51, 14, 31, 2, 27, 11, 55, 63, 57, 15, 49, 34, 21, 35, 42, 26, 30, 37, 7, 23, 28, 17, 38, 32, 40, 20, 8, 62, 47, 53, 41, 58, 54, 56, 59, 4, 45, 44, 50 ],
[ 7, 13, 1, 26, 11, 24, 34, 37, 28, 2, 47, 38, 20, 51, 54, 3, 50, 5, 57, 44, 62, 4, 14, 60, 55, 46, 6, 43, 63, 16, 36, 19, 45, 21, 9, 8, 10, 56, 17, 59, 18, 12, 25, 53, 39, 32, 61, 23, 30, 22, 35, 29, 15, 42, 40, 31, 27, 48, 52, 33, 49, 64, 58, 41 ],
[ 42, 52, 36, 47, 10, 18, 20, 59, 27, 23, 56, 35, 43, 57, 51, 13, 11, 53, 41, 14, 12, 3, 33, 34, 6, 64, 49, 26, 50, 54, 9, 61, 5, 8, 45, 48, 28, 58, 16, 17, 38, 55, 39, 29, 21, 1, 15, 22, 31, 62, 4, 32, 25, 63, 46, 40, 7, 19, 24, 30, 2, 44, 60, 37 ]
],
[ PermutationGroup<64 |  
\[ 12, 29, 8, 61, 2, 5, 44, 52, 6, 14, 31, 9, 25, 27, 35, 20, 47, 15, 18, 51, 38, 1, 45, 21, 24, 41, 30, 46, 22, 42, 28, 49, 11, 37, 39, 23, 43, 48, 3, 50, 56, 40, 17, 63, 62, 7, 54, 4, 36, 64, 26, 19, 55, 58, 32, 59, 34, 57, 60, 16, 13, 53, 33, 10 ],
\[ 3, 10, 16, 22, 18, 27, 1, 36, 35, 37, 5, 42, 2, 23, 53, 30, 39, 41, 32, 13, 34, 50, 48, 6, 43, 4, 57, 9, 52, 49, 56, 46, 60, 7, 51, 31, 8, 12, 45, 55, 64, 54, 28, 20, 33, 26, 11, 58, 61, 17, 14, 59, 44, 15, 25, 38, 19, 63, 40, 24, 47, 21, 29, 62 ],
\[ 4, 11, 17, 23, 24, 28, 32, 1, 38, 41, 45, 7, 49, 2, 5, 33, 25, 57, 29, 3, 60, 63, 8, 55, 20, 35, 51, 36, 13, 6, 47, 40, 58, 27, 54, 30, 21, 62, 9, 12, 46, 16, 10, 34, 14, 43, 50, 56, 19, 59, 44, 37, 64, 61, 15, 18, 48, 42, 31, 52, 26, 39, 53, 22 ]:
 Order := 64 > |
[ 2, 9, 15, 21, 12, 1, 31, 35, 22, 40, 44, 29, 48, 50, 52, 56, 34, 8, 3, 59, 13, 5, 32, 61, 4, 16, 64, 33, 6, 10, 63, 62, 7, 54, 19, 55, 58, 25, 18, 27, 20, 14, 57, 28, 49, 11, 37, 24, 53, 30, 60, 39, 23, 43, 45, 51, 47, 17, 26, 41, 38, 36, 46, 42 ],
[ 7, 13, 1, 26, 11, 24, 34, 37, 28, 2, 47, 38, 20, 51, 54, 3, 50, 5, 57, 44, 62, 4, 14, 60, 55, 46, 6, 43, 63, 16, 36, 19, 45, 21, 9, 8, 10, 56, 17, 59, 18, 12, 25, 53, 39, 32, 61, 23, 30, 22, 35, 29, 15, 42, 40, 31, 27, 48, 52, 33, 49, 64, 58, 41 ],
[ 27, 3, 32, 43, 50, 52, 60, 41, 10, 49, 26, 18, 34, 54, 16, 4, 63, 45, 51, 64, 22, 35, 44, 58, 12, 40, 55, 20, 42, 17, 1, 48, 9, 39, 36, 21, 11, 47, 59, 37, 24, 62, 15, 5, 25, 29, 19, 2, 33, 23, 38, 53, 61, 7, 31, 30, 28, 8, 13, 14, 6, 46, 56, 57 ]
]
];

/*
Return for eval
*/

return s;
