s := SolvablePassportDBInitialize();

/*
Magma printing
*/

s`Filename := "64S43-16,4,8-g19.m";
s`GaloisOrbits := [ Strings() | "64S43-16,4,8-g19-path1.m" ];
s`Name := "64S43-16,4,8-g19";
s`Passport := [ PowerSequence(PermutationGroup<64 |  
\[ 11, 33, 8, 24, 2, 5, 14, 22, 49, 13, 9, 21, 4, 27, 35, 7, 46, 1, 15, 17, 20, 45, 18, 39, 37, 3, 43, 30, 19, 25, 60, 26, 31, 16, 51, 12, 53, 10, 61, 29, 28, 6, 62, 42, 59, 55, 44, 38, 47, 36, 63, 34, 64, 32, 48, 23, 41, 40, 52, 56, 50, 54, 57, 58 ],
\[ 3, 10, 5, 18, 7, 4, 1, 28, 32, 11, 12, 2, 30, 29, 26, 15, 40, 20, 13, 6, 19, 42, 22, 41, 16, 25, 23, 14, 8, 21, 48, 33, 34, 9, 38, 35, 36, 37, 56, 24, 17, 27, 58, 39, 57, 44, 62, 49, 50, 31, 54, 51, 52, 53, 64, 46, 43, 45, 47, 59, 63, 60, 55, 61 ],
\[ 4, 3, 15, 19, 20, 22, 25, 1, 10, 35, 7, 37, 2, 5, 21, 33, 18, 27, 14, 30, 11, 29, 39, 6, 13, 9, 28, 24, 17, 8, 32, 51, 12, 53, 16, 49, 26, 31, 40, 43, 45, 46, 42, 59, 23, 41, 48, 63, 34, 64, 36, 60, 38, 47, 56, 62, 61, 55, 58, 50, 44, 57, 52, 54 ]:
 Order := 64 >) |
[ PermutationGroup<64 |  
\[ 11, 33, 8, 24, 2, 5, 14, 22, 49, 13, 9, 21, 4, 27, 35, 7, 46, 1, 15, 17, 20, 45, 18, 39, 37, 3, 43, 30, 19, 25, 60, 26, 31, 16, 51, 12, 53, 10, 61, 29, 28, 6, 62, 42, 59, 55, 44, 38, 47, 36, 63, 34, 64, 32, 48, 23, 41, 40, 52, 56, 50, 54, 57, 58 ],
\[ 3, 10, 5, 18, 7, 4, 1, 28, 32, 11, 12, 2, 30, 29, 26, 15, 40, 20, 13, 6, 19, 42, 22, 41, 16, 25, 23, 14, 8, 21, 48, 33, 34, 9, 38, 35, 36, 37, 56, 24, 17, 27, 58, 39, 57, 44, 62, 49, 50, 31, 54, 51, 52, 53, 64, 46, 43, 45, 47, 59, 63, 60, 55, 61 ],
\[ 4, 3, 15, 19, 20, 22, 25, 1, 10, 35, 7, 37, 2, 5, 21, 33, 18, 27, 14, 30, 11, 29, 39, 6, 13, 9, 28, 24, 17, 8, 32, 51, 12, 53, 16, 49, 26, 31, 40, 43, 45, 46, 42, 59, 23, 41, 48, 63, 34, 64, 36, 60, 38, 47, 56, 62, 61, 55, 58, 50, 44, 57, 52, 54 ]:
 Order := 64 > |
[ 18, 5, 26, 13, 6, 42, 16, 3, 11, 38, 1, 36, 10, 7, 19, 34, 20, 23, 29, 21, 12, 8, 56, 4, 30, 32, 14, 41, 40, 28, 33, 54, 2, 52, 15, 50, 25, 48, 24, 58, 57, 44, 27, 47, 22, 17, 49, 55, 9, 61, 35, 59, 37, 62, 46, 60, 63, 64, 45, 31, 39, 43, 51, 53 ],
[ 24, 8, 35, 15, 17, 45, 37, 11, 13, 51, 14, 53, 33, 2, 20, 31, 1, 43, 27, 25, 9, 19, 61, 5, 4, 49, 30, 39, 46, 22, 26, 63, 21, 64, 7, 47, 3, 60, 29, 62, 59, 55, 6, 52, 18, 28, 38, 57, 16, 58, 12, 56, 10, 44, 23, 54, 50, 48, 40, 36, 42, 41, 34, 32 ],
[ 8, 13, 2, 1, 14, 24, 11, 30, 26, 9, 21, 33, 25, 19, 3, 35, 29, 17, 4, 5, 15, 6, 45, 28, 7, 37, 18, 27, 22, 20, 38, 31, 16, 49, 10, 51, 12, 53, 23, 39, 46, 43, 40, 61, 41, 42, 54, 47, 36, 60, 32, 63, 34, 64, 58, 55, 62, 59, 44, 52, 57, 56, 48, 50 ]
]
];

/*
Return for eval
*/

return s;
