s := SolvablePassportDBInitialize();

/*
Magma printing
*/

s`Filename := "64S4-8,4,8-g17.m";
s`GaloisOrbits := [ Strings() | "64S4-8,4,8-g17-path41.m", "64S4-8,4,8-g17-path18.m", "64S4-8,4,8-g17-path26.m", "64S4-8,4,8-g17-path22.m", "64S4-8,4,8-g17-path40.m", "64S4-8,4,8-g17-path39.m", "64S4-8,4,8-g17-path17.m", "64S4-8,4,8-g17-path38.m", "64S4-8,4,8-g17-path42.m", "64S4-8,4,8-g17-path23.m", "64S4-8,4,8-g17-path20.m", "64S4-8,4,8-g17-path27.m", "64S4-8,4,8-g17-path25.m", "64S4-8,4,8-g17-path16.m", "64S4-8,4,8-g17-path37.m", "64S4-8,4,8-g17-path15.m", "64S4-8,4,8-g17-path36.m", "64S4-8,4,8-g17-path43.m", "64S4-8,4,8-g17-path14.m", "64S4-8,4,8-g17-path33.m", "64S4-8,4,8-g17-path13.m", "64S4-8,4,8-g17-path12.m", "64S4-8,4,8-g17-path28.m", "64S4-8,4,8-g17-path11.m", "64S4-8,4,8-g17-path29.m", "64S4-8,4,8-g17-path10.m", "64S4-8,4,8-g17-path44.m", "64S4-8,4,8-g17-path19.m", "64S4-8,4,8-g17-path21.m", "64S4-8,4,8-g17-path9.m", "64S4-8,4,8-g17-path8.m", "64S4-8,4,8-g17-path7.m", "64S4-8,4,8-g17-path34.m", "64S4-8,4,8-g17-path30.m", "64S4-8,4,8-g17-path24.m", "64S4-8,4,8-g17-path45.m", "64S4-8,4,8-g17-path6.m", "64S4-8,4,8-g17-path31.m", "64S4-8,4,8-g17-path5.m", "64S4-8,4,8-g17-path1.m", "64S4-8,4,8-g17-path4.m", "64S4-8,4,8-g17-path32.m", "64S4-8,4,8-g17-path3.m", "64S4-8,4,8-g17-path2.m", "64S4-8,4,8-g17-path35.m" ];
s`Name := "64S4-8,4,8-g17";
s`Passport := [ PowerSequence(PermutationGroup<64 |  
\[ 11, 31, 8, 23, 2, 5, 14, 40, 58, 13, 9, 33, 20, 21, 44, 7, 51, 1, 39, 17, 53, 18, 45, 42, 3, 28, 41, 15, 64, 16, 29, 25, 4, 26, 12, 27, 10, 48, 34, 50, 24, 46, 59, 54, 55, 38, 6, 36, 32, 61, 43, 47, 63, 19, 56, 35, 62, 57, 37, 30, 49, 22, 60, 52 ],
\[ 3, 10, 5, 18, 7, 4, 1, 26, 30, 11, 12, 2, 19, 27, 25, 15, 42, 20, 33, 6, 47, 21, 44, 16, 24, 14, 8, 55, 56, 31, 32, 9, 38, 37, 34, 35, 36, 13, 50, 22, 43, 23, 28, 17, 52, 49, 40, 53, 54, 48, 62, 51, 39, 60, 41, 58, 61, 59, 29, 46, 64, 45, 57, 63 ],
\[ 4, 3, 15, 19, 20, 21, 24, 1, 10, 34, 7, 36, 2, 5, 43, 9, 18, 40, 49, 38, 26, 51, 6, 55, 31, 35, 37, 8, 30, 54, 12, 46, 11, 53, 29, 50, 58, 60, 13, 27, 14, 25, 52, 16, 42, 17, 45, 33, 57, 47, 44, 61, 22, 23, 62, 28, 56, 32, 41, 64, 39, 63, 48, 59 ]:
 Order := 64 >) |
[ PermutationGroup<64 |  
\[ 11, 31, 8, 23, 2, 5, 14, 40, 58, 13, 9, 33, 20, 21, 44, 7, 51, 1, 39, 17, 53, 18, 45, 42, 3, 28, 41, 15, 64, 16, 29, 25, 4, 26, 12, 27, 10, 48, 34, 50, 24, 46, 59, 54, 55, 38, 6, 36, 32, 61, 43, 47, 63, 19, 56, 35, 62, 57, 37, 30, 49, 22, 60, 52 ],
\[ 3, 10, 5, 18, 7, 4, 1, 26, 30, 11, 12, 2, 19, 27, 25, 15, 42, 20, 33, 6, 47, 21, 44, 16, 24, 14, 8, 55, 56, 31, 32, 9, 38, 37, 34, 35, 36, 13, 50, 22, 43, 23, 28, 17, 52, 49, 40, 53, 54, 48, 62, 51, 39, 60, 41, 58, 61, 59, 29, 46, 64, 45, 57, 63 ],
\[ 4, 3, 15, 19, 20, 21, 24, 1, 10, 34, 7, 36, 2, 5, 43, 9, 18, 40, 49, 38, 26, 51, 6, 55, 31, 35, 37, 8, 30, 54, 12, 46, 11, 53, 29, 50, 58, 60, 13, 27, 14, 25, 52, 16, 42, 17, 45, 33, 57, 47, 44, 61, 22, 23, 62, 28, 56, 32, 41, 64, 39, 63, 48, 59 ]:
 Order := 64 > |
[ 18, 5, 25, 33, 6, 47, 16, 3, 11, 37, 1, 35, 10, 7, 28, 30, 20, 22, 54, 13, 14, 62, 4, 41, 32, 34, 36, 26, 31, 60, 2, 49, 12, 39, 56, 48, 59, 46, 19, 8, 27, 24, 51, 15, 23, 42, 52, 38, 61, 40, 17, 64, 21, 44, 45, 55, 58, 9, 43, 63, 50, 57, 53, 29 ],
[ 63, 45, 57, 29, 61, 59, 64, 46, 40, 52, 51, 62, 41, 54, 53, 48, 34, 56, 43, 58, 9, 32, 36, 50, 39, 49, 60, 13, 20, 22, 21, 47, 28, 23, 42, 17, 44, 55, 16, 31, 33, 37, 38, 35, 11, 14, 30, 25, 27, 15, 2, 12, 24, 8, 19, 6, 7, 4, 18, 26, 1, 10, 5, 3 ],
[ 45, 40, 54, 34, 51, 63, 46, 9, 20, 28, 21, 41, 29, 31, 37, 57, 11, 61, 25, 36, 15, 59, 2, 35, 64, 33, 13, 50, 7, 39, 4, 48, 58, 60, 52, 49, 62, 16, 17, 24, 53, 8, 6, 14, 38, 43, 56, 23, 22, 5, 19, 32, 1, 55, 18, 44, 12, 3, 42, 47, 26, 30, 27, 10 ]
]
];

/*
Return for eval
*/

return s;
