s := SolvablePassportDBInitialize();

/*
Magma printing
*/

s`Filename := "64S51-16,32,32-g29.m";
s`GaloisOrbits := [ Strings() | "64S51-16,32,32-g29-path28.m", "64S51-16,32,32-g29-path23.m", "64S51-16,32,32-g29-path24.m", "64S51-16,32,32-g29-path12.m", "64S51-16,32,32-g29-path29.m", "64S51-16,32,32-g29-path13.m", "64S51-16,32,32-g29-path25.m", "64S51-16,32,32-g29-path22.m", "64S51-16,32,32-g29-path27.m", "64S51-16,32,32-g29-path14.m", "64S51-16,32,32-g29-path30.m", "64S51-16,32,32-g29-path21.m", "64S51-16,32,32-g29-path36.m", "64S51-16,32,32-g29-path11.m", "64S51-16,32,32-g29-path31.m", "64S51-16,32,32-g29-path19.m", "64S51-16,32,32-g29-path35.m", "64S51-16,32,32-g29-path1.m", "64S51-16,32,32-g29-path32.m", "64S51-16,32,32-g29-path2.m", "64S51-16,32,32-g29-path26.m", "64S51-16,32,32-g29-path3.m", "64S51-16,32,32-g29-path4.m", "64S51-16,32,32-g29-path15.m", "64S51-16,32,32-g29-path10.m", "64S51-16,32,32-g29-path18.m", "64S51-16,32,32-g29-path9.m", "64S51-16,32,32-g29-path5.m", "64S51-16,32,32-g29-path33.m", "64S51-16,32,32-g29-path16.m", "64S51-16,32,32-g29-path8.m", "64S51-16,32,32-g29-path34.m", "64S51-16,32,32-g29-path6.m", "64S51-16,32,32-g29-path17.m", "64S51-16,32,32-g29-path7.m", "64S51-16,32,32-g29-path20.m" ];
s`Name := "64S51-16,32,32-g29";
s`Passport := [ PowerSequence(PermutationGroup<64 |  
\[ 2, 9, 8, 19, 11, 1, 27, 30, 33, 13, 34, 38, 41, 18, 5, 10, 3, 37, 12, 28, 7, 4, 29, 16, 21, 6, 35, 39, 40, 36, 32, 42, 61, 62, 44, 52, 51, 48, 46, 14, 54, 50, 31, 60, 15, 43, 17, 49, 57, 23, 20, 55, 22, 59, 56, 24, 25, 26, 47, 53, 64, 63, 58, 45 ],
\[ 3, 10, 14, 6, 16, 24, 1, 31, 30, 18, 8, 2, 32, 35, 17, 43, 46, 48, 5, 22, 15, 45, 4, 40, 26, 47, 11, 21, 7, 37, 44, 49, 41, 13, 9, 42, 60, 34, 19, 12, 51, 53, 38, 62, 56, 27, 29, 33, 63, 25, 57, 20, 58, 50, 23, 39, 64, 55, 28, 61, 52, 36, 54, 59 ],
\[ 4, 7, 15, 20, 21, 25, 28, 1, 12, 5, 19, 39, 2, 24, 22, 6, 26, 3, 23, 41, 50, 42, 54, 45, 51, 53, 29, 52, 55, 11, 16, 8, 35, 27, 46, 9, 10, 40, 59, 47, 34, 13, 17, 14, 57, 56, 64, 43, 18, 36, 30, 62, 37, 33, 61, 58, 32, 49, 63, 31, 48, 38, 44, 60 ]:
 Order := 64 >) |
[ PermutationGroup<64 |  
\[ 2, 9, 8, 19, 11, 1, 27, 30, 33, 13, 34, 38, 41, 18, 5, 10, 3, 37, 12, 28, 7, 4, 29, 16, 21, 6, 35, 39, 40, 36, 32, 42, 61, 62, 44, 52, 51, 48, 46, 14, 54, 50, 31, 60, 15, 43, 17, 49, 57, 23, 20, 55, 22, 59, 56, 24, 25, 26, 47, 53, 64, 63, 58, 45 ],
\[ 3, 10, 14, 6, 16, 24, 1, 31, 30, 18, 8, 2, 32, 35, 17, 43, 46, 48, 5, 22, 15, 45, 4, 40, 26, 47, 11, 21, 7, 37, 44, 49, 41, 13, 9, 42, 60, 34, 19, 12, 51, 53, 38, 62, 56, 27, 29, 33, 63, 25, 57, 20, 58, 50, 23, 39, 64, 55, 28, 61, 52, 36, 54, 59 ],
\[ 4, 7, 15, 20, 21, 25, 28, 1, 12, 5, 19, 39, 2, 24, 22, 6, 26, 3, 23, 41, 50, 42, 54, 45, 51, 53, 29, 52, 55, 11, 16, 8, 35, 27, 46, 9, 10, 40, 59, 47, 34, 13, 17, 14, 57, 56, 64, 43, 18, 36, 30, 62, 37, 33, 61, 58, 32, 49, 63, 31, 48, 38, 44, 60 ]:
 Order := 64 > |
[ 33, 61, 36, 38, 62, 9, 44, 52, 64, 54, 63, 49, 59, 51, 34, 41, 30, 20, 48, 46, 35, 12, 14, 13, 27, 2, 60, 43, 18, 55, 50, 23, 45, 58, 53, 56, 28, 57, 31, 37, 47, 29, 42, 22, 11, 32, 8, 25, 21, 40, 39, 24, 19, 17, 16, 10, 7, 1, 3, 4, 15, 26, 6, 5 ],
[ 3, 10, 14, 6, 16, 24, 1, 31, 30, 18, 8, 2, 32, 35, 17, 43, 46, 48, 5, 22, 15, 45, 4, 40, 26, 47, 11, 21, 7, 37, 44, 49, 41, 13, 9, 42, 60, 34, 19, 12, 51, 53, 38, 62, 56, 27, 29, 33, 63, 25, 57, 20, 58, 50, 23, 39, 64, 55, 28, 61, 52, 36, 54, 59 ],
[ 53, 25, 64, 37, 57, 49, 51, 26, 4, 45, 22, 20, 6, 55, 60, 58, 63, 47, 42, 10, 32, 31, 13, 61, 18, 44, 50, 30, 36, 15, 56, 17, 7, 21, 28, 1, 24, 23, 41, 54, 5, 16, 59, 29, 48, 52, 33, 39, 40, 8, 3, 11, 14, 2, 9, 62, 43, 38, 34, 46, 12, 19, 27, 35 ]
],
[ PermutationGroup<64 |  
\[ 2, 9, 8, 19, 11, 1, 27, 30, 33, 13, 34, 38, 41, 18, 5, 10, 3, 37, 12, 28, 7, 4, 29, 16, 21, 6, 35, 39, 40, 36, 32, 42, 61, 62, 44, 52, 51, 48, 46, 14, 54, 50, 31, 60, 15, 43, 17, 49, 57, 23, 20, 55, 22, 59, 56, 24, 25, 26, 47, 53, 64, 63, 58, 45 ],
\[ 3, 10, 14, 6, 16, 24, 1, 31, 30, 18, 8, 2, 32, 35, 17, 43, 46, 48, 5, 22, 15, 45, 4, 40, 26, 47, 11, 21, 7, 37, 44, 49, 41, 13, 9, 42, 60, 34, 19, 12, 51, 53, 38, 62, 56, 27, 29, 33, 63, 25, 57, 20, 58, 50, 23, 39, 64, 55, 28, 61, 52, 36, 54, 59 ],
\[ 4, 7, 15, 20, 21, 25, 28, 1, 12, 5, 19, 39, 2, 24, 22, 6, 26, 3, 23, 41, 50, 42, 54, 45, 51, 53, 29, 52, 55, 11, 16, 8, 35, 27, 46, 9, 10, 40, 59, 47, 34, 13, 17, 14, 57, 56, 64, 43, 18, 36, 30, 62, 37, 33, 61, 58, 32, 49, 63, 31, 48, 38, 44, 60 ]:
 Order := 64 > |
[ 6, 1, 17, 22, 15, 26, 21, 3, 2, 16, 5, 19, 10, 40, 45, 24, 47, 14, 4, 51, 25, 53, 50, 56, 57, 58, 7, 20, 23, 8, 43, 31, 9, 11, 27, 30, 18, 12, 28, 29, 13, 32, 46, 35, 64, 39, 59, 38, 48, 42, 37, 36, 60, 41, 52, 55, 49, 63, 54, 44, 33, 34, 62, 61 ],
[ 3, 10, 14, 6, 16, 24, 1, 31, 30, 18, 8, 2, 32, 35, 17, 43, 46, 48, 5, 22, 15, 45, 4, 40, 26, 47, 11, 21, 7, 37, 44, 49, 41, 13, 9, 42, 60, 34, 19, 12, 51, 53, 38, 62, 56, 27, 29, 33, 63, 25, 57, 20, 58, 50, 23, 39, 64, 55, 28, 61, 52, 36, 54, 59 ],
[ 12, 35, 11, 39, 27, 7, 46, 9, 48, 34, 38, 43, 33, 10, 19, 2, 1, 30, 40, 59, 29, 23, 47, 5, 28, 4, 14, 56, 24, 62, 13, 36, 60, 44, 31, 61, 41, 18, 17, 3, 63, 54, 8, 37, 21, 16, 15, 32, 51, 55, 52, 58, 20, 64, 45, 6, 50, 25, 26, 42, 57, 49, 53, 22 ]
],
[ PermutationGroup<64 |  
\[ 2, 9, 8, 19, 11, 1, 27, 30, 33, 13, 34, 38, 41, 18, 5, 10, 3, 37, 12, 28, 7, 4, 29, 16, 21, 6, 35, 39, 40, 36, 32, 42, 61, 62, 44, 52, 51, 48, 46, 14, 54, 50, 31, 60, 15, 43, 17, 49, 57, 23, 20, 55, 22, 59, 56, 24, 25, 26, 47, 53, 64, 63, 58, 45 ],
\[ 3, 10, 14, 6, 16, 24, 1, 31, 30, 18, 8, 2, 32, 35, 17, 43, 46, 48, 5, 22, 15, 45, 4, 40, 26, 47, 11, 21, 7, 37, 44, 49, 41, 13, 9, 42, 60, 34, 19, 12, 51, 53, 38, 62, 56, 27, 29, 33, 63, 25, 57, 20, 58, 50, 23, 39, 64, 55, 28, 61, 52, 36, 54, 59 ],
\[ 4, 7, 15, 20, 21, 25, 28, 1, 12, 5, 19, 39, 2, 24, 22, 6, 26, 3, 23, 41, 50, 42, 54, 45, 51, 53, 29, 52, 55, 11, 16, 8, 35, 27, 46, 9, 10, 40, 59, 47, 34, 13, 17, 14, 57, 56, 64, 43, 18, 36, 30, 62, 37, 33, 61, 58, 32, 49, 63, 31, 48, 38, 44, 60 ]:
 Order := 64 > |
[ 58, 26, 59, 60, 64, 63, 57, 47, 6, 56, 45, 22, 24, 23, 61, 55, 54, 29, 53, 18, 49, 44, 32, 52, 48, 62, 25, 37, 42, 17, 39, 46, 1, 15, 21, 3, 40, 4, 51, 50, 16, 43, 28, 7, 33, 20, 41, 19, 12, 31, 14, 8, 35, 10, 30, 36, 38, 34, 13, 27, 2, 5, 11, 9 ],
[ 3, 10, 14, 6, 16, 24, 1, 31, 30, 18, 8, 2, 32, 35, 17, 43, 46, 48, 5, 22, 15, 45, 4, 40, 26, 47, 11, 21, 7, 37, 44, 49, 41, 13, 9, 42, 60, 34, 19, 12, 51, 53, 38, 62, 56, 27, 29, 33, 63, 25, 57, 20, 58, 50, 23, 39, 64, 55, 28, 61, 52, 36, 54, 59 ],
[ 48, 60, 62, 43, 44, 35, 31, 61, 57, 63, 49, 32, 64, 41, 38, 33, 9, 52, 18, 17, 14, 40, 3, 34, 46, 12, 37, 16, 10, 58, 54, 55, 22, 53, 42, 45, 59, 51, 8, 30, 26, 47, 36, 20, 27, 13, 11, 50, 28, 24, 56, 6, 39, 15, 5, 2, 29, 7, 1, 23, 21, 25, 4, 19 ]
],
[ PermutationGroup<64 |  
\[ 2, 9, 8, 19, 11, 1, 27, 30, 33, 13, 34, 38, 41, 18, 5, 10, 3, 37, 12, 28, 7, 4, 29, 16, 21, 6, 35, 39, 40, 36, 32, 42, 61, 62, 44, 52, 51, 48, 46, 14, 54, 50, 31, 60, 15, 43, 17, 49, 57, 23, 20, 55, 22, 59, 56, 24, 25, 26, 47, 53, 64, 63, 58, 45 ],
\[ 3, 10, 14, 6, 16, 24, 1, 31, 30, 18, 8, 2, 32, 35, 17, 43, 46, 48, 5, 22, 15, 45, 4, 40, 26, 47, 11, 21, 7, 37, 44, 49, 41, 13, 9, 42, 60, 34, 19, 12, 51, 53, 38, 62, 56, 27, 29, 33, 63, 25, 57, 20, 58, 50, 23, 39, 64, 55, 28, 61, 52, 36, 54, 59 ],
\[ 4, 7, 15, 20, 21, 25, 28, 1, 12, 5, 19, 39, 2, 24, 22, 6, 26, 3, 23, 41, 50, 42, 54, 45, 51, 53, 29, 52, 55, 11, 16, 8, 35, 27, 46, 9, 10, 40, 59, 47, 34, 13, 17, 14, 57, 56, 64, 43, 18, 36, 30, 62, 37, 33, 61, 58, 32, 49, 63, 31, 48, 38, 44, 60 ]:
 Order := 64 > |
[ 2, 9, 8, 19, 11, 1, 27, 30, 33, 13, 34, 38, 41, 18, 5, 10, 3, 37, 12, 28, 7, 4, 29, 16, 21, 6, 35, 39, 40, 36, 32, 42, 61, 62, 44, 52, 51, 48, 46, 14, 54, 50, 31, 60, 15, 43, 17, 49, 57, 23, 20, 55, 22, 59, 56, 24, 25, 26, 47, 53, 64, 63, 58, 45 ],
[ 3, 10, 14, 6, 16, 24, 1, 31, 30, 18, 8, 2, 32, 35, 17, 43, 46, 48, 5, 22, 15, 45, 4, 40, 26, 47, 11, 21, 7, 37, 44, 49, 41, 13, 9, 42, 60, 34, 19, 12, 51, 53, 38, 62, 56, 27, 29, 33, 63, 25, 57, 20, 58, 50, 23, 39, 64, 55, 28, 61, 52, 36, 54, 59 ],
[ 4, 7, 15, 20, 21, 25, 28, 1, 12, 5, 19, 39, 2, 24, 22, 6, 26, 3, 23, 41, 50, 42, 54, 45, 51, 53, 29, 52, 55, 11, 16, 8, 35, 27, 46, 9, 10, 40, 59, 47, 34, 13, 17, 14, 57, 56, 64, 43, 18, 36, 30, 62, 37, 33, 61, 58, 32, 49, 63, 31, 48, 38, 44, 60 ]
]
];

/*
Return for eval
*/

return s;
