s := SolvablePassportDBInitialize();

/*
Magma printing
*/

s`Filename := "64S5-4,8,8-g17.m";
s`GaloisOrbits := [ Strings() | "64S5-4,8,8-g17-path8.m", "64S5-4,8,8-g17-path2.m", "64S5-4,8,8-g17-path6.m", "64S5-4,8,8-g17-path9.m", "64S5-4,8,8-g17-path7.m", "64S5-4,8,8-g17-path10.m" ];
s`Name := "64S5-4,8,8-g17";
s`Passport := [ PowerSequence(PermutationGroup<64 |  
\[ 2, 9, 8, 19, 11, 1, 30, 34, 6, 13, 38, 22, 27, 18, 40, 26, 3, 52, 12, 54, 53, 4, 57, 5, 48, 61, 29, 32, 10, 28, 20, 7, 23, 17, 37, 47, 51, 24, 14, 36, 43, 56, 58, 31, 33, 35, 15, 59, 63, 16, 46, 39, 42, 44, 41, 21, 45, 55, 60, 25, 50, 64, 62, 49 ],
\[ 3, 10, 14, 6, 16, 27, 1, 35, 34, 39, 41, 2, 46, 25, 17, 33, 51, 21, 47, 22, 24, 40, 4, 58, 5, 31, 18, 9, 37, 15, 32, 36, 7, 52, 60, 8, 56, 61, 42, 29, 45, 11, 44, 19, 12, 53, 13, 49, 50, 54, 48, 59, 64, 30, 20, 63, 28, 23, 38, 62, 57, 26, 55, 43 ],
\[ 4, 7, 15, 20, 21, 28, 31, 1, 12, 40, 25, 44, 2, 10, 19, 49, 9, 3, 23, 26, 37, 45, 16, 59, 35, 5, 47, 54, 6, 33, 43, 57, 41, 36, 13, 22, 8, 42, 34, 30, 63, 46, 11, 50, 61, 17, 32, 14, 53, 38, 29, 27, 18, 55, 24, 39, 58, 64, 51, 52, 62, 56, 48, 60 ]:
 Order := 64 >) |
[ PermutationGroup<64 |  
\[ 2, 9, 8, 19, 11, 1, 30, 34, 6, 13, 38, 22, 27, 18, 40, 26, 3, 52, 12, 54, 53, 4, 57, 5, 48, 61, 29, 32, 10, 28, 20, 7, 23, 17, 37, 47, 51, 24, 14, 36, 43, 56, 58, 31, 33, 35, 15, 59, 63, 16, 46, 39, 42, 44, 41, 21, 45, 55, 60, 25, 50, 64, 62, 49 ],
\[ 3, 10, 14, 6, 16, 27, 1, 35, 34, 39, 41, 2, 46, 25, 17, 33, 51, 21, 47, 22, 24, 40, 4, 58, 5, 31, 18, 9, 37, 15, 32, 36, 7, 52, 60, 8, 56, 61, 42, 29, 45, 11, 44, 19, 12, 53, 13, 49, 50, 54, 48, 59, 64, 30, 20, 63, 28, 23, 38, 62, 57, 26, 55, 43 ],
\[ 4, 7, 15, 20, 21, 28, 31, 1, 12, 40, 25, 44, 2, 10, 19, 49, 9, 3, 23, 26, 37, 45, 16, 59, 35, 5, 47, 54, 6, 33, 43, 57, 41, 36, 13, 22, 8, 42, 34, 30, 63, 46, 11, 50, 61, 17, 32, 14, 53, 38, 29, 27, 18, 55, 24, 39, 58, 64, 51, 52, 62, 56, 48, 60 ]:
 Order := 64 > |
[ 54, 20, 12, 61, 51, 44, 58, 19, 31, 28, 37, 16, 30, 36, 57, 42, 22, 40, 26, 11, 34, 50, 63, 46, 27, 53, 7, 41, 32, 43, 38, 55, 62, 4, 9, 33, 2, 35, 47, 23, 59, 3, 48, 24, 64, 6, 45, 13, 52, 56, 1, 15, 8, 5, 60, 17, 49, 25, 10, 29, 21, 14, 18, 39 ],
[ 3, 10, 14, 6, 16, 27, 1, 35, 34, 39, 41, 2, 46, 25, 17, 33, 51, 21, 47, 22, 24, 40, 4, 58, 5, 31, 18, 9, 37, 15, 32, 36, 7, 52, 60, 8, 56, 61, 42, 29, 45, 11, 44, 19, 12, 53, 13, 49, 50, 54, 48, 59, 64, 30, 20, 63, 28, 23, 38, 62, 57, 26, 55, 43 ],
[ 17, 29, 39, 9, 50, 13, 6, 46, 8, 52, 55, 1, 51, 60, 34, 45, 37, 56, 36, 12, 38, 15, 22, 43, 24, 44, 14, 2, 35, 47, 28, 40, 32, 18, 59, 3, 42, 26, 53, 27, 57, 5, 54, 4, 19, 21, 10, 64, 61, 20, 25, 48, 62, 7, 31, 49, 30, 33, 11, 63, 23, 16, 58, 41 ]
],
[ PermutationGroup<64 |  
\[ 2, 9, 8, 19, 11, 1, 30, 34, 6, 13, 38, 22, 27, 18, 40, 26, 3, 52, 12, 54, 53, 4, 57, 5, 48, 61, 29, 32, 10, 28, 20, 7, 23, 17, 37, 47, 51, 24, 14, 36, 43, 56, 58, 31, 33, 35, 15, 59, 63, 16, 46, 39, 42, 44, 41, 21, 45, 55, 60, 25, 50, 64, 62, 49 ],
\[ 3, 10, 14, 6, 16, 27, 1, 35, 34, 39, 41, 2, 46, 25, 17, 33, 51, 21, 47, 22, 24, 40, 4, 58, 5, 31, 18, 9, 37, 15, 32, 36, 7, 52, 60, 8, 56, 61, 42, 29, 45, 11, 44, 19, 12, 53, 13, 49, 50, 54, 48, 59, 64, 30, 20, 63, 28, 23, 38, 62, 57, 26, 55, 43 ],
\[ 4, 7, 15, 20, 21, 28, 31, 1, 12, 40, 25, 44, 2, 10, 19, 49, 9, 3, 23, 26, 37, 45, 16, 59, 35, 5, 47, 54, 6, 33, 43, 57, 41, 36, 13, 22, 8, 42, 34, 30, 63, 46, 11, 50, 61, 17, 32, 14, 53, 38, 29, 27, 18, 55, 24, 39, 58, 64, 51, 52, 62, 56, 48, 60 ]:
 Order := 64 > |
[ 24, 5, 50, 56, 6, 38, 60, 16, 11, 55, 1, 53, 41, 45, 64, 17, 61, 33, 21, 35, 22, 42, 14, 9, 32, 3, 43, 48, 58, 25, 46, 59, 39, 26, 44, 63, 31, 2, 57, 49, 29, 19, 10, 51, 52, 54, 62, 7, 47, 34, 20, 23, 4, 37, 27, 12, 18, 13, 30, 28, 8, 40, 15, 36 ],
[ 3, 10, 14, 6, 16, 27, 1, 35, 34, 39, 41, 2, 46, 25, 17, 33, 51, 21, 47, 22, 24, 40, 4, 58, 5, 31, 18, 9, 37, 15, 32, 36, 7, 52, 60, 8, 56, 61, 42, 29, 45, 11, 44, 19, 12, 53, 13, 49, 50, 54, 48, 59, 64, 30, 20, 63, 28, 23, 38, 62, 57, 26, 55, 43 ],
[ 42, 59, 62, 46, 12, 25, 51, 38, 21, 64, 28, 37, 24, 58, 56, 36, 5, 61, 39, 17, 44, 18, 34, 7, 54, 9, 63, 35, 11, 52, 29, 14, 27, 49, 55, 53, 50, 4, 16, 60, 47, 20, 6, 8, 3, 26, 48, 57, 22, 1, 43, 41, 45, 13, 2, 23, 10, 40, 31, 33, 15, 19, 32, 30 ]
]
];

/*
Return for eval
*/

return s;
