s := SolvablePassportDBInitialize();

/*
Magma printing
*/

s`Filename := "64S51-32,32,4-g23.m";
s`GaloisOrbits := [ Strings() | "64S51-32,32,4-g23-path2-notcomputed.m" ];
s`Name := "64S51-32,32,4-g23";
s`Passport := [ PowerSequence(PermutationGroup<64 |  
\[ 11, 20, 8, 10, 2, 5, 12, 7, 28, 18, 9, 21, 16, 4, 14, 1, 3, 22, 32, 19, 30, 31, 17, 6, 24, 13, 15, 29, 40, 38, 39, 37, 26, 27, 23, 25, 48, 46, 47, 45, 35, 36, 33, 34, 56, 54, 55, 53, 43, 44, 41, 42, 64, 62, 63, 61, 51, 52, 49, 50, 58, 60, 57, 59 ],
\[ 3, 8, 13, 16, 14, 17, 1, 6, 7, 5, 4, 2, 23, 24, 26, 15, 25, 11, 12, 10, 9, 20, 33, 27, 35, 34, 36, 18, 21, 19, 28, 22, 41, 43, 42, 44, 30, 29, 32, 31, 49, 51, 50, 52, 38, 37, 40, 39, 57, 59, 58, 60, 46, 45, 48, 47, 64, 63, 62, 61, 54, 53, 56, 55 ],
\[ 4, 10, 6, 5, 8, 14, 2, 1, 18, 11, 7, 9, 15, 16, 24, 3, 13, 20, 22, 12, 19, 28, 25, 17, 27, 23, 26, 21, 31, 29, 32, 30, 34, 36, 33, 35, 39, 37, 40, 38, 42, 44, 41, 43, 47, 45, 48, 46, 50, 52, 49, 51, 55, 53, 56, 54, 58, 60, 57, 59, 63, 61, 64, 62 ]:
 Order := 64 >) |
[ PermutationGroup<64 |  
\[ 11, 20, 8, 10, 2, 5, 12, 7, 28, 18, 9, 21, 16, 4, 14, 1, 3, 22, 32, 19, 30, 31, 17, 6, 24, 13, 15, 29, 40, 38, 39, 37, 26, 27, 23, 25, 48, 46, 47, 45, 35, 36, 33, 34, 56, 54, 55, 53, 43, 44, 41, 42, 64, 62, 63, 61, 51, 52, 49, 50, 58, 60, 57, 59 ],
\[ 3, 8, 13, 16, 14, 17, 1, 6, 7, 5, 4, 2, 23, 24, 26, 15, 25, 11, 12, 10, 9, 20, 33, 27, 35, 34, 36, 18, 21, 19, 28, 22, 41, 43, 42, 44, 30, 29, 32, 31, 49, 51, 50, 52, 38, 37, 40, 39, 57, 59, 58, 60, 46, 45, 48, 47, 64, 63, 62, 61, 54, 53, 56, 55 ],
\[ 4, 10, 6, 5, 8, 14, 2, 1, 18, 11, 7, 9, 15, 16, 24, 3, 13, 20, 22, 12, 19, 28, 25, 17, 27, 23, 26, 21, 31, 29, 32, 30, 34, 36, 33, 35, 39, 37, 40, 38, 42, 44, 41, 43, 47, 45, 48, 46, 50, 52, 49, 51, 55, 53, 56, 54, 58, 60, 57, 59, 63, 61, 64, 62 ]:
 Order := 64 > |
[ 11, 20, 8, 10, 2, 5, 12, 7, 28, 18, 9, 21, 16, 4, 14, 1, 3, 22, 32, 19, 30, 31, 17, 6, 24, 13, 15, 29, 40, 38, 39, 37, 26, 27, 23, 25, 48, 46, 47, 45, 35, 36, 33, 34, 56, 54, 55, 53, 43, 44, 41, 42, 64, 62, 63, 61, 51, 52, 49, 50, 58, 60, 57, 59 ],
[ 14, 4, 24, 6, 3, 15, 5, 16, 10, 1, 8, 11, 27, 13, 25, 17, 26, 2, 18, 7, 20, 9, 36, 23, 34, 35, 33, 12, 22, 28, 19, 21, 44, 42, 43, 41, 31, 32, 29, 30, 52, 50, 51, 49, 39, 40, 37, 38, 60, 58, 59, 57, 47, 48, 45, 46, 61, 62, 63, 64, 55, 56, 53, 54 ],
[ 8, 7, 16, 1, 4, 3, 11, 5, 12, 2, 10, 20, 17, 6, 13, 14, 24, 9, 21, 18, 28, 19, 26, 15, 23, 27, 25, 22, 30, 32, 29, 31, 35, 33, 36, 34, 38, 40, 37, 39, 43, 41, 44, 42, 46, 48, 45, 47, 51, 49, 52, 50, 54, 56, 53, 55, 59, 57, 60, 58, 62, 64, 61, 63 ]
]
];

/*
Return for eval
*/

return s;
