s := SolvablePassportDBInitialize();

/*
Magma printing
*/

s`Filename := "64S50-32,32,8-g27.m";
s`GaloisOrbits := [ Strings() | "64S50-32,32,8-g27-path1.m", "64S50-32,32,8-g27-path3.m", "64S50-32,32,8-g27-path9.m", "64S50-32,32,8-g27-path7.m", "64S50-32,32,8-g27-path6.m", "64S50-32,32,8-g27-path10.m", "64S50-32,32,8-g27-path11.m", "64S50-32,32,8-g27-path4.m", "64S50-32,32,8-g27-path2.m", "64S50-32,32,8-g27-path22.m", "64S50-32,32,8-g27-path5.m", "64S50-32,32,8-g27-path12.m", "64S50-32,32,8-g27-path13.m", "64S50-32,32,8-g27-path19.m", "64S50-32,32,8-g27-path15.m", "64S50-32,32,8-g27-path16.m", "64S50-32,32,8-g27-path17.m", "64S50-32,32,8-g27-path21.m", "64S50-32,32,8-g27-path18.m", "64S50-32,32,8-g27-path20.m", "64S50-32,32,8-g27-path8.m", "64S50-32,32,8-g27-path14.m" ];
s`Name := "64S50-32,32,8-g27";
s`Passport := [ PowerSequence(PermutationGroup<64 |  
\[ 2, 9, 8, 7, 10, 1, 11, 12, 25, 26, 15, 27, 22, 3, 24, 19, 21, 4, 14, 5, 28, 29, 6, 30, 42, 43, 44, 32, 45, 46, 13, 41, 36, 38, 16, 23, 17, 31, 18, 20, 47, 48, 57, 49, 58, 51, 59, 55, 52, 54, 33, 39, 34, 40, 35, 37, 60, 61, 62, 64, 63, 50, 56, 53 ],
\[ 13, 22, 28, 20, 3, 31, 5, 32, 29, 8, 10, 41, 11, 21, 26, 37, 6, 40, 17, 14, 1, 15, 38, 43, 45, 12, 47, 2, 24, 57, 7, 9, 53, 18, 56, 34, 23, 4, 54, 19, 25, 58, 27, 59, 30, 60, 42, 61, 62, 35, 64, 50, 39, 16, 63, 36, 44, 46, 48, 49, 51, 55, 33, 52 ],
\[ 17, 21, 20, 34, 4, 37, 38, 5, 28, 7, 31, 10, 6, 40, 13, 50, 16, 53, 54, 18, 19, 1, 56, 22, 32, 11, 26, 14, 2, 29, 23, 3, 61, 33, 62, 63, 35, 36, 64, 39, 8, 41, 15, 43, 9, 45, 12, 47, 57, 49, 58, 60, 51, 52, 59, 55, 24, 25, 27, 30, 42, 44, 48, 46 ]:
 Order := 64 >) |
[ PermutationGroup<64 |  
\[ 2, 9, 8, 7, 10, 1, 11, 12, 25, 26, 15, 27, 22, 3, 24, 19, 21, 4, 14, 5, 28, 29, 6, 30, 42, 43, 44, 32, 45, 46, 13, 41, 36, 38, 16, 23, 17, 31, 18, 20, 47, 48, 57, 49, 58, 51, 59, 55, 52, 54, 33, 39, 34, 40, 35, 37, 60, 61, 62, 64, 63, 50, 56, 53 ],
\[ 13, 22, 28, 20, 3, 31, 5, 32, 29, 8, 10, 41, 11, 21, 26, 37, 6, 40, 17, 14, 1, 15, 38, 43, 45, 12, 47, 2, 24, 57, 7, 9, 53, 18, 56, 34, 23, 4, 54, 19, 25, 58, 27, 59, 30, 60, 42, 61, 62, 35, 64, 50, 39, 16, 63, 36, 44, 46, 48, 49, 51, 55, 33, 52 ],
\[ 17, 21, 20, 34, 4, 37, 38, 5, 28, 7, 31, 10, 6, 40, 13, 50, 16, 53, 54, 18, 19, 1, 56, 22, 32, 11, 26, 14, 2, 29, 23, 3, 61, 33, 62, 63, 35, 36, 64, 39, 8, 41, 15, 43, 9, 45, 12, 47, 57, 49, 58, 60, 51, 52, 59, 55, 24, 25, 27, 30, 42, 44, 48, 46 ]:
 Order := 64 > |
[ 2, 9, 8, 7, 10, 1, 11, 12, 25, 26, 15, 27, 22, 3, 24, 19, 21, 4, 14, 5, 28, 29, 6, 30, 42, 43, 44, 32, 45, 46, 13, 41, 36, 38, 16, 23, 17, 31, 18, 20, 47, 48, 57, 49, 58, 51, 59, 55, 52, 54, 33, 39, 34, 40, 35, 37, 60, 61, 62, 64, 63, 50, 56, 53 ],
[ 13, 22, 28, 20, 3, 31, 5, 32, 29, 8, 10, 41, 11, 21, 26, 37, 6, 40, 17, 14, 1, 15, 38, 43, 45, 12, 47, 2, 24, 57, 7, 9, 53, 18, 56, 34, 23, 4, 54, 19, 25, 58, 27, 59, 30, 60, 42, 61, 62, 35, 64, 50, 39, 16, 63, 36, 44, 46, 48, 49, 51, 55, 33, 52 ],
[ 17, 21, 20, 34, 4, 37, 38, 5, 28, 7, 31, 10, 6, 40, 13, 50, 16, 53, 54, 18, 19, 1, 56, 22, 32, 11, 26, 14, 2, 29, 23, 3, 61, 33, 62, 63, 35, 36, 64, 39, 8, 41, 15, 43, 9, 45, 12, 47, 57, 49, 58, 60, 51, 52, 59, 55, 24, 25, 27, 30, 42, 44, 48, 46 ]
],
[ PermutationGroup<64 |  
\[ 2, 9, 8, 7, 10, 1, 11, 12, 25, 26, 15, 27, 22, 3, 24, 19, 21, 4, 14, 5, 28, 29, 6, 30, 42, 43, 44, 32, 45, 46, 13, 41, 36, 38, 16, 23, 17, 31, 18, 20, 47, 48, 57, 49, 58, 51, 59, 55, 52, 54, 33, 39, 34, 40, 35, 37, 60, 61, 62, 64, 63, 50, 56, 53 ],
\[ 13, 22, 28, 20, 3, 31, 5, 32, 29, 8, 10, 41, 11, 21, 26, 37, 6, 40, 17, 14, 1, 15, 38, 43, 45, 12, 47, 2, 24, 57, 7, 9, 53, 18, 56, 34, 23, 4, 54, 19, 25, 58, 27, 59, 30, 60, 42, 61, 62, 35, 64, 50, 39, 16, 63, 36, 44, 46, 48, 49, 51, 55, 33, 52 ],
\[ 17, 21, 20, 34, 4, 37, 38, 5, 28, 7, 31, 10, 6, 40, 13, 50, 16, 53, 54, 18, 19, 1, 56, 22, 32, 11, 26, 14, 2, 29, 23, 3, 61, 33, 62, 63, 35, 36, 64, 39, 8, 41, 15, 43, 9, 45, 12, 47, 57, 49, 58, 60, 51, 52, 59, 55, 24, 25, 27, 30, 42, 44, 48, 46 ]:
 Order := 64 > |
[ 2, 9, 8, 7, 10, 1, 11, 12, 25, 26, 15, 27, 22, 3, 24, 19, 21, 4, 14, 5, 28, 29, 6, 30, 42, 43, 44, 32, 45, 46, 13, 41, 36, 38, 16, 23, 17, 31, 18, 20, 47, 48, 57, 49, 58, 51, 59, 55, 52, 54, 33, 39, 34, 40, 35, 37, 60, 61, 62, 64, 63, 50, 56, 53 ],
[ 43, 57, 45, 32, 25, 26, 41, 58, 60, 42, 47, 61, 27, 29, 59, 13, 15, 28, 22, 9, 24, 44, 10, 62, 64, 48, 63, 30, 49, 50, 12, 46, 20, 3, 31, 5, 11, 8, 21, 2, 51, 53, 55, 56, 52, 54, 33, 34, 37, 6, 40, 17, 14, 1, 38, 7, 35, 39, 36, 16, 18, 23, 4, 19 ],
[ 50, 54, 53, 61, 33, 62, 63, 34, 40, 36, 56, 38, 35, 64, 37, 57, 49, 58, 60, 51, 52, 16, 59, 17, 20, 23, 31, 39, 19, 21, 55, 18, 41, 42, 43, 47, 44, 48, 45, 46, 4, 5, 6, 13, 14, 28, 7, 10, 22, 24, 32, 29, 25, 30, 26, 27, 1, 3, 11, 2, 8, 15, 12, 9 ]
]
];

/*
Return for eval
*/

return s;
