s := SolvablePassportDBInitialize();

/*
Magma printing
*/

s`Filename := "64S51-32,16,32-g29.m";
s`GaloisOrbits := [ Strings() | "64S51-32,16,32-g29-path5-notcomputed.m", "64S51-32,16,32-g29-path7-notcomputed.m", "64S51-32,16,32-g29-path6-notcomputed.m", "64S51-32,16,32-g29-path8-notcomputed.m" ];
s`Name := "64S51-32,16,32-g29";
s`Passport := [ PowerSequence(PermutationGroup<64 |  
\[ 2, 9, 8, 19, 11, 1, 25, 21, 26, 13, 29, 32, 20, 18, 5, 10, 3, 31, 12, 7, 4, 27, 16, 6, 30, 33, 34, 24, 22, 42, 15, 45, 44, 47, 38, 28, 14, 43, 36, 17, 40, 49, 23, 48, 46, 60, 61, 59, 50, 64, 54, 41, 35, 58, 52, 37, 56, 39, 62, 63, 51, 57, 53, 55 ],
\[ 3, 10, 14, 6, 16, 23, 1, 28, 21, 18, 8, 2, 24, 35, 17, 36, 39, 41, 5, 15, 31, 4, 37, 40, 11, 20, 7, 38, 13, 9, 43, 29, 19, 12, 51, 52, 55, 57, 53, 56, 54, 22, 58, 25, 26, 27, 30, 32, 33, 34, 49, 62, 59, 60, 61, 63, 50, 64, 42, 44, 45, 46, 47, 48 ],
\[ 4, 7, 15, 9, 20, 13, 26, 1, 12, 5, 19, 33, 2, 23, 21, 6, 24, 3, 22, 29, 11, 32, 31, 8, 27, 30, 42, 16, 25, 44, 10, 34, 45, 46, 39, 17, 40, 14, 43, 18, 36, 47, 28, 49, 48, 61, 50, 60, 59, 51, 55, 37, 56, 35, 58, 38, 52, 41, 64, 62, 63, 53, 54, 57 ]:
 Order := 64 >) |
[ PermutationGroup<64 |  
\[ 2, 9, 8, 19, 11, 1, 25, 21, 26, 13, 29, 32, 20, 18, 5, 10, 3, 31, 12, 7, 4, 27, 16, 6, 30, 33, 34, 24, 22, 42, 15, 45, 44, 47, 38, 28, 14, 43, 36, 17, 40, 49, 23, 48, 46, 60, 61, 59, 50, 64, 54, 41, 35, 58, 52, 37, 56, 39, 62, 63, 51, 57, 53, 55 ],
\[ 3, 10, 14, 6, 16, 23, 1, 28, 21, 18, 8, 2, 24, 35, 17, 36, 39, 41, 5, 15, 31, 4, 37, 40, 11, 20, 7, 38, 13, 9, 43, 29, 19, 12, 51, 52, 55, 57, 53, 56, 54, 22, 58, 25, 26, 27, 30, 32, 33, 34, 49, 62, 59, 60, 61, 63, 50, 64, 42, 44, 45, 46, 47, 48 ],
\[ 4, 7, 15, 9, 20, 13, 26, 1, 12, 5, 19, 33, 2, 23, 21, 6, 24, 3, 22, 29, 11, 32, 31, 8, 27, 30, 42, 16, 25, 44, 10, 34, 45, 46, 39, 17, 40, 14, 43, 18, 36, 47, 28, 49, 48, 61, 50, 60, 59, 51, 55, 37, 56, 35, 58, 38, 52, 41, 64, 62, 63, 53, 54, 57 ]:
 Order := 64 > |
[ 6, 1, 17, 21, 15, 24, 20, 3, 2, 16, 5, 19, 10, 37, 31, 23, 40, 14, 4, 13, 8, 29, 43, 28, 7, 9, 22, 36, 11, 25, 18, 12, 26, 27, 53, 39, 56, 35, 58, 41, 52, 30, 38, 33, 32, 45, 34, 44, 42, 49, 61, 55, 63, 51, 64, 57, 62, 54, 48, 46, 47, 59, 60, 50 ],
[ 49, 60, 33, 61, 46, 45, 51, 34, 64, 44, 50, 54, 47, 19, 42, 27, 22, 25, 62, 59, 48, 55, 26, 30, 57, 53, 35, 12, 63, 58, 32, 56, 52, 41, 5, 7, 20, 2, 4, 9, 11, 37, 29, 38, 39, 14, 43, 40, 36, 18, 16, 1, 6, 8, 15, 21, 10, 13, 23, 28, 17, 3, 31, 24 ],
[ 38, 40, 54, 14, 41, 52, 18, 56, 23, 58, 43, 31, 37, 50, 35, 57, 62, 63, 28, 36, 39, 16, 51, 53, 24, 3, 8, 64, 17, 15, 55, 6, 10, 13, 44, 60, 46, 47, 49, 61, 48, 1, 59, 21, 5, 2, 4, 20, 11, 9, 12, 34, 27, 30, 33, 42, 32, 45, 19, 29, 7, 25, 26, 22 ]
],
[ PermutationGroup<64 |  
\[ 2, 9, 8, 19, 11, 1, 25, 21, 26, 13, 29, 32, 20, 18, 5, 10, 3, 31, 12, 7, 4, 27, 16, 6, 30, 33, 34, 24, 22, 42, 15, 45, 44, 47, 38, 28, 14, 43, 36, 17, 40, 49, 23, 48, 46, 60, 61, 59, 50, 64, 54, 41, 35, 58, 52, 37, 56, 39, 62, 63, 51, 57, 53, 55 ],
\[ 3, 10, 14, 6, 16, 23, 1, 28, 21, 18, 8, 2, 24, 35, 17, 36, 39, 41, 5, 15, 31, 4, 37, 40, 11, 20, 7, 38, 13, 9, 43, 29, 19, 12, 51, 52, 55, 57, 53, 56, 54, 22, 58, 25, 26, 27, 30, 32, 33, 34, 49, 62, 59, 60, 61, 63, 50, 64, 42, 44, 45, 46, 47, 48 ],
\[ 4, 7, 15, 9, 20, 13, 26, 1, 12, 5, 19, 33, 2, 23, 21, 6, 24, 3, 22, 29, 11, 32, 31, 8, 27, 30, 42, 16, 25, 44, 10, 34, 45, 46, 39, 17, 40, 14, 43, 18, 36, 47, 28, 49, 48, 61, 50, 60, 59, 51, 55, 37, 56, 35, 58, 38, 52, 41, 64, 62, 63, 53, 54, 57 ]:
 Order := 64 > |
[ 6, 1, 17, 21, 15, 24, 20, 3, 2, 16, 5, 19, 10, 37, 31, 23, 40, 14, 4, 13, 8, 29, 43, 28, 7, 9, 22, 36, 11, 25, 18, 12, 26, 27, 53, 39, 56, 35, 58, 41, 52, 30, 38, 33, 32, 45, 34, 44, 42, 49, 61, 55, 63, 51, 64, 57, 62, 54, 48, 46, 47, 59, 60, 50 ],
[ 7, 12, 1, 22, 19, 4, 27, 11, 30, 2, 25, 34, 29, 3, 20, 5, 15, 10, 33, 26, 9, 42, 6, 13, 44, 45, 46, 8, 32, 47, 21, 48, 49, 50, 14, 16, 23, 28, 17, 24, 18, 59, 31, 60, 61, 62, 63, 64, 51, 57, 35, 36, 39, 41, 37, 40, 38, 43, 53, 54, 55, 52, 56, 58 ],
[ 10, 21, 28, 5, 8, 3, 11, 31, 20, 24, 13, 29, 15, 41, 16, 18, 14, 43, 2, 1, 6, 7, 36, 23, 9, 19, 12, 40, 4, 22, 17, 26, 25, 30, 57, 38, 35, 58, 52, 39, 56, 33, 37, 32, 27, 44, 45, 42, 34, 48, 60, 54, 51, 64, 62, 55, 63, 53, 46, 47, 49, 50, 59, 61 ]
],
[ PermutationGroup<64 |  
\[ 2, 9, 8, 19, 11, 1, 25, 21, 26, 13, 29, 32, 20, 18, 5, 10, 3, 31, 12, 7, 4, 27, 16, 6, 30, 33, 34, 24, 22, 42, 15, 45, 44, 47, 38, 28, 14, 43, 36, 17, 40, 49, 23, 48, 46, 60, 61, 59, 50, 64, 54, 41, 35, 58, 52, 37, 56, 39, 62, 63, 51, 57, 53, 55 ],
\[ 3, 10, 14, 6, 16, 23, 1, 28, 21, 18, 8, 2, 24, 35, 17, 36, 39, 41, 5, 15, 31, 4, 37, 40, 11, 20, 7, 38, 13, 9, 43, 29, 19, 12, 51, 52, 55, 57, 53, 56, 54, 22, 58, 25, 26, 27, 30, 32, 33, 34, 49, 62, 59, 60, 61, 63, 50, 64, 42, 44, 45, 46, 47, 48 ],
\[ 4, 7, 15, 9, 20, 13, 26, 1, 12, 5, 19, 33, 2, 23, 21, 6, 24, 3, 22, 29, 11, 32, 31, 8, 27, 30, 42, 16, 25, 44, 10, 34, 45, 46, 39, 17, 40, 14, 43, 18, 36, 47, 28, 49, 48, 61, 50, 60, 59, 51, 55, 37, 56, 35, 58, 38, 52, 41, 64, 62, 63, 53, 54, 57 ]:
 Order := 64 > |
[ 6, 1, 17, 21, 15, 24, 20, 3, 2, 16, 5, 19, 10, 37, 31, 23, 40, 14, 4, 13, 8, 29, 43, 28, 7, 9, 22, 36, 11, 25, 18, 12, 26, 27, 53, 39, 56, 35, 58, 41, 52, 30, 38, 33, 32, 45, 34, 44, 42, 49, 61, 55, 63, 51, 64, 57, 62, 54, 48, 46, 47, 59, 60, 50 ],
[ 16, 8, 36, 15, 3, 17, 5, 18, 13, 28, 10, 11, 31, 52, 23, 14, 37, 38, 1, 6, 24, 20, 39, 43, 2, 4, 19, 41, 21, 29, 40, 9, 7, 25, 62, 35, 53, 54, 55, 58, 57, 26, 56, 12, 22, 33, 32, 30, 27, 44, 46, 51, 61, 50, 59, 64, 60, 63, 45, 34, 42, 49, 48, 47 ],
[ 25, 32, 2, 27, 12, 19, 34, 29, 42, 9, 30, 47, 22, 8, 7, 11, 5, 13, 44, 33, 26, 49, 1, 20, 48, 46, 60, 21, 45, 61, 4, 59, 50, 64, 18, 10, 16, 24, 3, 6, 31, 62, 15, 63, 51, 57, 53, 55, 54, 56, 38, 28, 36, 40, 14, 17, 43, 23, 35, 58, 52, 41, 37, 39 ]
],
[ PermutationGroup<64 |  
\[ 2, 9, 8, 19, 11, 1, 25, 21, 26, 13, 29, 32, 20, 18, 5, 10, 3, 31, 12, 7, 4, 27, 16, 6, 30, 33, 34, 24, 22, 42, 15, 45, 44, 47, 38, 28, 14, 43, 36, 17, 40, 49, 23, 48, 46, 60, 61, 59, 50, 64, 54, 41, 35, 58, 52, 37, 56, 39, 62, 63, 51, 57, 53, 55 ],
\[ 3, 10, 14, 6, 16, 23, 1, 28, 21, 18, 8, 2, 24, 35, 17, 36, 39, 41, 5, 15, 31, 4, 37, 40, 11, 20, 7, 38, 13, 9, 43, 29, 19, 12, 51, 52, 55, 57, 53, 56, 54, 22, 58, 25, 26, 27, 30, 32, 33, 34, 49, 62, 59, 60, 61, 63, 50, 64, 42, 44, 45, 46, 47, 48 ],
\[ 4, 7, 15, 9, 20, 13, 26, 1, 12, 5, 19, 33, 2, 23, 21, 6, 24, 3, 22, 29, 11, 32, 31, 8, 27, 30, 42, 16, 25, 44, 10, 34, 45, 46, 39, 17, 40, 14, 43, 18, 36, 47, 28, 49, 48, 61, 50, 60, 59, 51, 55, 37, 56, 35, 58, 38, 52, 41, 64, 62, 63, 53, 54, 57 ]:
 Order := 64 > |
[ 6, 1, 17, 21, 15, 24, 20, 3, 2, 16, 5, 19, 10, 37, 31, 23, 40, 14, 4, 13, 8, 29, 43, 28, 7, 9, 22, 36, 11, 25, 18, 12, 26, 27, 53, 39, 56, 35, 58, 41, 52, 30, 38, 33, 32, 45, 34, 44, 42, 49, 61, 55, 63, 51, 64, 57, 62, 54, 48, 46, 47, 59, 60, 50 ],
[ 35, 41, 51, 37, 52, 55, 14, 57, 43, 54, 38, 18, 56, 49, 53, 62, 59, 60, 36, 39, 58, 23, 61, 63, 28, 17, 3, 50, 40, 31, 64, 24, 16, 10, 33, 46, 45, 34, 42, 47, 44, 6, 48, 8, 15, 1, 21, 13, 5, 2, 19, 27, 22, 25, 26, 30, 12, 32, 4, 11, 20, 7, 9, 29 ],
[ 50, 63, 44, 51, 60, 46, 54, 47, 55, 48, 64, 58, 61, 12, 49, 34, 27, 30, 57, 62, 59, 52, 33, 42, 56, 35, 38, 32, 53, 39, 45, 37, 41, 40, 11, 25, 7, 9, 19, 26, 29, 14, 22, 43, 36, 18, 23, 17, 28, 31, 10, 2, 1, 21, 5, 4, 13, 20, 16, 24, 3, 8, 15, 6 ]
]
];

/*
Return for eval
*/

return s;
