s := SolvablePassportDBInitialize();

/*
Magma printing
*/

s`Filename := "64S5-8,4,8-g17.m";
s`GaloisOrbits := [ Strings() | "64S5-8,4,8-g17-path53.m", "64S5-8,4,8-g17-path90.m", "64S5-8,4,8-g17-path29.m", "64S5-8,4,8-g17-path89.m", "64S5-8,4,8-g17-path68.m", "64S5-8,4,8-g17-path64.m", "64S5-8,4,8-g17-path40.m", "64S5-8,4,8-g17-path2.m", "64S5-8,4,8-g17-path10.m", "64S5-8,4,8-g17-path88.m", "64S5-8,4,8-g17-path18.m", "64S5-8,4,8-g17-path57.m", "64S5-8,4,8-g17-path30.m", "64S5-8,4,8-g17-path63.m", "64S5-8,4,8-g17-path55.m", "64S5-8,4,8-g17-path37.m", "64S5-8,4,8-g17-path32.m", "64S5-8,4,8-g17-path27.m", "64S5-8,4,8-g17-path65.m", "64S5-8,4,8-g17-path14.m", "64S5-8,4,8-g17-path87.m", "64S5-8,4,8-g17-path86.m", "64S5-8,4,8-g17-path21.m", "64S5-8,4,8-g17-path9.m", "64S5-8,4,8-g17-path15.m", "64S5-8,4,8-g17-path38.m", "64S5-8,4,8-g17-path73.m", "64S5-8,4,8-g17-path80.m", "64S5-8,4,8-g17-path44.m", "64S5-8,4,8-g17-path54.m", "64S5-8,4,8-g17-path59.m", "64S5-8,4,8-g17-path26.m", "64S5-8,4,8-g17-path49.m", "64S5-8,4,8-g17-path35.m", "64S5-8,4,8-g17-path66.m", "64S5-8,4,8-g17-path24.m", "64S5-8,4,8-g17-path79.m", "64S5-8,4,8-g17-path11.m", "64S5-8,4,8-g17-path39.m", "64S5-8,4,8-g17-path22.m", "64S5-8,4,8-g17-path78.m", "64S5-8,4,8-g17-path12.m", "64S5-8,4,8-g17-path74.m", "64S5-8,4,8-g17-path43.m", "64S5-8,4,8-g17-path56.m", "64S5-8,4,8-g17-path16.m", "64S5-8,4,8-g17-path71.m", "64S5-8,4,8-g17-path41.m", "64S5-8,4,8-g17-path4.m", "64S5-8,4,8-g17-path8.m", "64S5-8,4,8-g17-path85.m", "64S5-8,4,8-g17-path20.m", "64S5-8,4,8-g17-path36.m", "64S5-8,4,8-g17-path48.m", "64S5-8,4,8-g17-path60.m", "64S5-8,4,8-g17-path19.m", "64S5-8,4,8-g17-path23.m", "64S5-8,4,8-g17-path13.m", "64S5-8,4,8-g17-path34.m", "64S5-8,4,8-g17-path52.m", "64S5-8,4,8-g17-path25.m", "64S5-8,4,8-g17-path6.m", "64S5-8,4,8-g17-path77.m", "64S5-8,4,8-g17-path31.m", "64S5-8,4,8-g17-path28.m", "64S5-8,4,8-g17-path70.m", "64S5-8,4,8-g17-path84.m", "64S5-8,4,8-g17-path5.m", "64S5-8,4,8-g17-path76.m", "64S5-8,4,8-g17-path62.m", "64S5-8,4,8-g17-path83.m", "64S5-8,4,8-g17-path82.m", "64S5-8,4,8-g17-path58.m", "64S5-8,4,8-g17-path46.m", "64S5-8,4,8-g17-path51.m", "64S5-8,4,8-g17-path17.m", "64S5-8,4,8-g17-path42.m", "64S5-8,4,8-g17-path47.m", "64S5-8,4,8-g17-path3.m", "64S5-8,4,8-g17-path33.m", "64S5-8,4,8-g17-path1.m", "64S5-8,4,8-g17-path61.m", "64S5-8,4,8-g17-path67.m", "64S5-8,4,8-g17-path7.m", "64S5-8,4,8-g17-path45.m", "64S5-8,4,8-g17-path72.m", "64S5-8,4,8-g17-path81.m", "64S5-8,4,8-g17-path69.m", "64S5-8,4,8-g17-path75.m", "64S5-8,4,8-g17-path50.m" ];
s`Name := "64S5-8,4,8-g17";
s`Passport := [ PowerSequence(PermutationGroup<64 |  
\[ 11, 23, 8, 24, 2, 5, 14, 41, 6, 13, 9, 33, 59, 27, 44, 7, 50, 1, 51, 17, 20, 53, 18, 45, 42, 3, 26, 30, 19, 47, 32, 63, 38, 28, 12, 29, 10, 37, 25, 15, 16, 46, 56, 54, 21, 40, 36, 4, 55, 48, 34, 31, 58, 39, 60, 64, 22, 52, 35, 61, 62, 43, 57, 49 ],
\[ 3, 10, 5, 18, 7, 4, 1, 28, 31, 11, 12, 2, 39, 29, 26, 15, 42, 20, 48, 6, 19, 9, 22, 44, 16, 25, 43, 14, 8, 21, 23, 47, 40, 37, 34, 35, 36, 60, 33, 13, 55, 24, 41, 17, 62, 57, 53, 30, 45, 49, 32, 46, 51, 52, 27, 38, 54, 64, 56, 59, 58, 50, 61, 63 ],
\[ 4, 3, 15, 19, 20, 22, 25, 1, 10, 34, 7, 36, 2, 5, 33, 43, 18, 31, 14, 30, 49, 46, 12, 6, 13, 55, 28, 35, 37, 8, 54, 9, 11, 53, 60, 32, 56, 39, 57, 52, 29, 26, 45, 16, 42, 17, 48, 62, 58, 44, 21, 61, 23, 24, 50, 27, 64, 47, 40, 41, 38, 63, 51, 59 ]:
 Order := 64 >) |
[ PermutationGroup<64 |  
\[ 11, 23, 8, 24, 2, 5, 14, 41, 6, 13, 9, 33, 59, 27, 44, 7, 50, 1, 51, 17, 20, 53, 18, 45, 42, 3, 26, 30, 19, 47, 32, 63, 38, 28, 12, 29, 10, 37, 25, 15, 16, 46, 56, 54, 21, 40, 36, 4, 55, 48, 34, 31, 58, 39, 60, 64, 22, 52, 35, 61, 62, 43, 57, 49 ],
\[ 3, 10, 5, 18, 7, 4, 1, 28, 31, 11, 12, 2, 39, 29, 26, 15, 42, 20, 48, 6, 19, 9, 22, 44, 16, 25, 43, 14, 8, 21, 23, 47, 40, 37, 34, 35, 36, 60, 33, 13, 55, 24, 41, 17, 62, 57, 53, 30, 45, 49, 32, 46, 51, 52, 27, 38, 54, 64, 56, 59, 58, 50, 61, 63 ],
\[ 4, 3, 15, 19, 20, 22, 25, 1, 10, 34, 7, 36, 2, 5, 33, 43, 18, 31, 14, 30, 49, 46, 12, 6, 13, 55, 28, 35, 37, 8, 54, 9, 11, 53, 60, 32, 56, 39, 57, 52, 29, 26, 45, 16, 42, 17, 48, 62, 58, 44, 21, 61, 23, 24, 50, 27, 64, 47, 40, 41, 38, 63, 51, 59 ]:
 Order := 64 > |
[ 18, 5, 26, 48, 6, 9, 16, 3, 11, 37, 1, 35, 10, 7, 40, 41, 20, 23, 29, 21, 45, 57, 2, 4, 39, 27, 14, 34, 36, 28, 52, 31, 12, 51, 59, 47, 38, 33, 54, 46, 8, 25, 62, 15, 24, 42, 30, 50, 64, 17, 19, 58, 22, 44, 49, 43, 63, 53, 13, 55, 60, 61, 32, 56 ],
[ 27, 38, 9, 2, 41, 50, 23, 51, 58, 18, 59, 6, 44, 47, 14, 46, 39, 45, 17, 11, 36, 1, 63, 40, 8, 54, 61, 16, 26, 24, 5, 28, 42, 33, 19, 13, 30, 49, 35, 37, 64, 48, 3, 21, 60, 32, 57, 34, 4, 56, 52, 25, 29, 53, 7, 12, 15, 43, 62, 10, 22, 20, 55, 31 ],
[ 20, 7, 25, 30, 4, 31, 15, 5, 12, 36, 3, 34, 11, 1, 13, 55, 6, 22, 8, 19, 62, 54, 10, 18, 33, 43, 29, 37, 35, 14, 46, 23, 2, 32, 56, 53, 60, 40, 52, 57, 28, 16, 50, 26, 44, 24, 21, 49, 63, 42, 48, 64, 9, 17, 45, 41, 61, 51, 39, 27, 59, 58, 47, 38 ]
],
[ PermutationGroup<64 |  
\[ 11, 23, 8, 24, 2, 5, 14, 41, 6, 13, 9, 33, 59, 27, 44, 7, 50, 1, 51, 17, 20, 53, 18, 45, 42, 3, 26, 30, 19, 47, 32, 63, 38, 28, 12, 29, 10, 37, 25, 15, 16, 46, 56, 54, 21, 40, 36, 4, 55, 48, 34, 31, 58, 39, 60, 64, 22, 52, 35, 61, 62, 43, 57, 49 ],
\[ 3, 10, 5, 18, 7, 4, 1, 28, 31, 11, 12, 2, 39, 29, 26, 15, 42, 20, 48, 6, 19, 9, 22, 44, 16, 25, 43, 14, 8, 21, 23, 47, 40, 37, 34, 35, 36, 60, 33, 13, 55, 24, 41, 17, 62, 57, 53, 30, 45, 49, 32, 46, 51, 52, 27, 38, 54, 64, 56, 59, 58, 50, 61, 63 ],
\[ 4, 3, 15, 19, 20, 22, 25, 1, 10, 34, 7, 36, 2, 5, 33, 43, 18, 31, 14, 30, 49, 46, 12, 6, 13, 55, 28, 35, 37, 8, 54, 9, 11, 53, 60, 32, 56, 39, 57, 52, 29, 26, 45, 16, 42, 17, 48, 62, 58, 44, 21, 61, 23, 24, 50, 27, 64, 47, 40, 41, 38, 63, 51, 59 ]:
 Order := 64 > |
[ 18, 5, 26, 48, 6, 9, 16, 3, 11, 37, 1, 35, 10, 7, 40, 41, 20, 23, 29, 21, 45, 57, 2, 4, 39, 27, 14, 34, 36, 28, 52, 31, 12, 51, 59, 47, 38, 33, 54, 46, 8, 25, 62, 15, 24, 42, 30, 50, 64, 17, 19, 58, 22, 44, 49, 43, 63, 53, 13, 55, 60, 61, 32, 56 ],
[ 3, 10, 5, 18, 7, 4, 1, 28, 31, 11, 12, 2, 39, 29, 26, 15, 42, 20, 48, 6, 19, 9, 22, 44, 16, 25, 43, 14, 8, 21, 23, 47, 40, 37, 34, 35, 36, 60, 33, 13, 55, 24, 41, 17, 62, 57, 53, 30, 45, 49, 32, 46, 51, 52, 27, 38, 54, 64, 56, 59, 58, 50, 61, 63 ],
[ 10, 31, 29, 42, 12, 3, 28, 43, 20, 40, 22, 39, 60, 55, 24, 5, 62, 7, 53, 44, 18, 47, 4, 49, 17, 1, 15, 48, 21, 32, 51, 64, 56, 8, 11, 14, 2, 34, 26, 16, 25, 52, 59, 57, 30, 33, 37, 6, 41, 19, 35, 9, 61, 13, 38, 58, 23, 54, 36, 63, 45, 27, 46, 50 ]
]
];

/*
Return for eval
*/

return s;
