s := SolvablePassportDBInitialize();

/*
Magma printing
*/

s`Filename := "64S51-32,8,32-g27.m";
s`GaloisOrbits := [ Strings() | "64S51-32,8,32-g27-path2-notcomputed.m" ];
s`Name := "64S51-32,8,32-g27";
s`Passport := [ PowerSequence(PermutationGroup<64 |  
\[ 2, 9, 8, 19, 11, 1, 27, 30, 33, 13, 34, 38, 39, 18, 5, 10, 3, 37, 12, 28, 7, 4, 29, 16, 21, 6, 35, 14, 31, 36, 32, 40, 53, 54, 52, 57, 51, 55, 56, 58, 15, 17, 48, 23, 20, 44, 22, 24, 25, 26, 59, 63, 46, 64, 60, 47, 49, 61, 50, 62, 41, 42, 43, 45 ],
\[ 3, 10, 14, 6, 16, 24, 1, 31, 30, 18, 8, 2, 32, 19, 17, 29, 23, 27, 5, 22, 15, 41, 4, 28, 26, 42, 11, 21, 7, 37, 12, 35, 39, 13, 9, 40, 38, 34, 51, 55, 48, 20, 45, 25, 49, 47, 50, 44, 61, 43, 52, 54, 57, 36, 33, 58, 59, 63, 60, 64, 62, 46, 53, 56 ],
\[ 4, 7, 15, 20, 21, 25, 28, 1, 12, 5, 19, 14, 2, 24, 22, 6, 26, 3, 23, 43, 44, 46, 48, 41, 45, 47, 29, 42, 17, 11, 16, 8, 35, 27, 18, 9, 10, 31, 34, 13, 49, 61, 58, 62, 60, 63, 64, 50, 53, 57, 30, 32, 55, 38, 37, 33, 54, 36, 39, 40, 56, 59, 51, 52 ]:
 Order := 64 >) |
[ PermutationGroup<64 |  
\[ 2, 9, 8, 19, 11, 1, 27, 30, 33, 13, 34, 38, 39, 18, 5, 10, 3, 37, 12, 28, 7, 4, 29, 16, 21, 6, 35, 14, 31, 36, 32, 40, 53, 54, 52, 57, 51, 55, 56, 58, 15, 17, 48, 23, 20, 44, 22, 24, 25, 26, 59, 63, 46, 64, 60, 47, 49, 61, 50, 62, 41, 42, 43, 45 ],
\[ 3, 10, 14, 6, 16, 24, 1, 31, 30, 18, 8, 2, 32, 19, 17, 29, 23, 27, 5, 22, 15, 41, 4, 28, 26, 42, 11, 21, 7, 37, 12, 35, 39, 13, 9, 40, 38, 34, 51, 55, 48, 20, 45, 25, 49, 47, 50, 44, 61, 43, 52, 54, 57, 36, 33, 58, 59, 63, 60, 64, 62, 46, 53, 56 ],
\[ 4, 7, 15, 20, 21, 25, 28, 1, 12, 5, 19, 14, 2, 24, 22, 6, 26, 3, 23, 43, 44, 46, 48, 41, 45, 47, 29, 42, 17, 11, 16, 8, 35, 27, 18, 9, 10, 31, 34, 13, 49, 61, 58, 62, 60, 63, 64, 50, 53, 57, 30, 32, 55, 38, 37, 33, 54, 36, 39, 40, 56, 59, 51, 52 ]:
 Order := 64 > |
[ 6, 1, 17, 22, 15, 26, 21, 3, 2, 16, 5, 19, 10, 28, 41, 24, 42, 14, 4, 45, 25, 47, 44, 48, 49, 50, 7, 20, 23, 8, 29, 31, 9, 11, 27, 30, 18, 12, 13, 32, 61, 62, 63, 46, 64, 53, 56, 43, 57, 59, 37, 35, 33, 34, 38, 39, 36, 40, 51, 55, 58, 60, 52, 54 ],
[ 16, 8, 29, 15, 3, 17, 5, 18, 13, 31, 10, 11, 37, 7, 24, 14, 28, 12, 1, 25, 6, 26, 21, 23, 41, 48, 2, 4, 19, 32, 27, 38, 36, 30, 34, 51, 35, 9, 40, 52, 42, 44, 46, 22, 47, 49, 61, 20, 50, 62, 55, 33, 56, 39, 54, 59, 58, 60, 63, 53, 43, 45, 64, 57 ],
[ 27, 38, 2, 29, 12, 19, 31, 34, 52, 9, 35, 32, 54, 8, 7, 11, 5, 13, 18, 17, 14, 28, 3, 1, 23, 21, 37, 16, 10, 33, 30, 39, 60, 55, 40, 64, 36, 51, 53, 57, 4, 6, 26, 24, 48, 42, 44, 15, 20, 22, 56, 59, 43, 63, 58, 45, 46, 47, 49, 50, 25, 41, 61, 62 ]
],
[ PermutationGroup<64 |  
\[ 2, 9, 8, 19, 11, 1, 27, 30, 33, 13, 34, 38, 39, 18, 5, 10, 3, 37, 12, 28, 7, 4, 29, 16, 21, 6, 35, 14, 31, 36, 32, 40, 53, 54, 52, 57, 51, 55, 56, 58, 15, 17, 48, 23, 20, 44, 22, 24, 25, 26, 59, 63, 46, 64, 60, 47, 49, 61, 50, 62, 41, 42, 43, 45 ],
\[ 3, 10, 14, 6, 16, 24, 1, 31, 30, 18, 8, 2, 32, 19, 17, 29, 23, 27, 5, 22, 15, 41, 4, 28, 26, 42, 11, 21, 7, 37, 12, 35, 39, 13, 9, 40, 38, 34, 51, 55, 48, 20, 45, 25, 49, 47, 50, 44, 61, 43, 52, 54, 57, 36, 33, 58, 59, 63, 60, 64, 62, 46, 53, 56 ],
\[ 4, 7, 15, 20, 21, 25, 28, 1, 12, 5, 19, 14, 2, 24, 22, 6, 26, 3, 23, 43, 44, 46, 48, 41, 45, 47, 29, 42, 17, 11, 16, 8, 35, 27, 18, 9, 10, 31, 34, 13, 49, 61, 58, 62, 60, 63, 64, 50, 53, 57, 30, 32, 55, 38, 37, 33, 54, 36, 39, 40, 56, 59, 51, 52 ]:
 Order := 64 > |
[ 6, 1, 17, 22, 15, 26, 21, 3, 2, 16, 5, 19, 10, 28, 41, 24, 42, 14, 4, 45, 25, 47, 44, 48, 49, 50, 7, 20, 23, 8, 29, 31, 9, 11, 27, 30, 18, 12, 13, 32, 61, 62, 63, 46, 64, 53, 56, 43, 57, 59, 37, 35, 33, 34, 38, 39, 36, 40, 51, 55, 58, 60, 52, 54 ],
[ 19, 27, 5, 28, 7, 21, 14, 2, 38, 11, 12, 18, 9, 16, 4, 1, 6, 8, 29, 48, 23, 44, 24, 15, 20, 22, 31, 17, 3, 34, 10, 30, 52, 35, 37, 33, 13, 32, 54, 39, 25, 41, 61, 42, 62, 43, 45, 26, 46, 49, 36, 40, 60, 55, 51, 53, 64, 57, 56, 58, 47, 50, 59, 63 ],
[ 8, 13, 18, 1, 10, 16, 2, 32, 36, 37, 30, 9, 40, 12, 3, 31, 29, 35, 11, 4, 5, 15, 19, 14, 6, 17, 34, 7, 27, 51, 38, 52, 56, 39, 33, 58, 55, 54, 59, 60, 24, 28, 20, 21, 25, 22, 26, 23, 41, 48, 63, 64, 49, 57, 53, 61, 50, 43, 62, 45, 42, 44, 46, 47 ]
]
];

/*
Return for eval
*/

return s;
