s := SolvablePassportDBInitialize();

/*
Magma printing
*/

s`Filename := "64S51-16,32,32-g29.m";
s`GaloisOrbits := [ Strings() | "64S51-16,32,32-g29-path1-notcomputed.m", "64S51-16,32,32-g29-path5-notcomputed.m", "64S51-16,32,32-g29-path8-notcomputed.m", "64S51-16,32,32-g29-path4-notcomputed.m" ];
s`Name := "64S51-16,32,32-g29";
s`Passport := [ PowerSequence(PermutationGroup<64 |  
\[ 2, 9, 8, 19, 11, 1, 27, 30, 33, 13, 34, 38, 41, 18, 5, 10, 3, 37, 12, 28, 7, 4, 29, 16, 21, 6, 35, 39, 40, 36, 32, 42, 61, 62, 48, 54, 52, 45, 44, 43, 51, 20, 31, 14, 60, 15, 17, 49, 53, 23, 55, 50, 22, 59, 47, 24, 25, 26, 56, 57, 63, 64, 46, 58 ],
\[ 3, 10, 14, 6, 16, 24, 1, 31, 30, 18, 8, 2, 32, 38, 17, 43, 40, 48, 5, 22, 15, 46, 4, 44, 26, 47, 11, 21, 7, 37, 45, 49, 41, 13, 9, 42, 60, 34, 19, 12, 52, 57, 35, 27, 33, 56, 39, 62, 61, 25, 20, 53, 58, 50, 23, 29, 63, 59, 28, 64, 54, 36, 55, 51 ],
\[ 4, 7, 15, 20, 21, 25, 28, 1, 12, 5, 19, 39, 2, 24, 22, 6, 26, 3, 23, 36, 50, 52, 54, 46, 42, 53, 29, 51, 55, 11, 16, 8, 35, 27, 44, 9, 10, 40, 59, 56, 34, 13, 17, 47, 14, 57, 63, 43, 18, 41, 33, 30, 32, 62, 64, 58, 37, 60, 61, 31, 45, 38, 49, 48 ]:
 Order := 64 >) |
[ PermutationGroup<64 |  
\[ 2, 9, 8, 19, 11, 1, 27, 30, 33, 13, 34, 38, 41, 18, 5, 10, 3, 37, 12, 28, 7, 4, 29, 16, 21, 6, 35, 39, 40, 36, 32, 42, 61, 62, 48, 54, 52, 45, 44, 43, 51, 20, 31, 14, 60, 15, 17, 49, 53, 23, 55, 50, 22, 59, 47, 24, 25, 26, 56, 57, 63, 64, 46, 58 ],
\[ 3, 10, 14, 6, 16, 24, 1, 31, 30, 18, 8, 2, 32, 38, 17, 43, 40, 48, 5, 22, 15, 46, 4, 44, 26, 47, 11, 21, 7, 37, 45, 49, 41, 13, 9, 42, 60, 34, 19, 12, 52, 57, 35, 27, 33, 56, 39, 62, 61, 25, 20, 53, 58, 50, 23, 29, 63, 59, 28, 64, 54, 36, 55, 51 ],
\[ 4, 7, 15, 20, 21, 25, 28, 1, 12, 5, 19, 39, 2, 24, 22, 6, 26, 3, 23, 36, 50, 52, 54, 46, 42, 53, 29, 51, 55, 11, 16, 8, 35, 27, 44, 9, 10, 40, 59, 56, 34, 13, 17, 47, 14, 57, 63, 43, 18, 41, 33, 30, 32, 62, 64, 58, 37, 60, 61, 31, 45, 38, 49, 48 ]:
 Order := 64 > |
[ 62, 64, 41, 35, 33, 34, 45, 51, 58, 54, 61, 49, 59, 42, 9, 36, 13, 20, 48, 40, 38, 27, 14, 30, 12, 11, 60, 43, 18, 55, 50, 23, 26, 63, 57, 47, 28, 53, 31, 37, 56, 29, 52, 32, 22, 2, 10, 25, 21, 44, 24, 39, 7, 17, 16, 8, 19, 5, 3, 4, 6, 46, 1, 15 ],
[ 3, 10, 14, 6, 16, 24, 1, 31, 30, 18, 8, 2, 32, 38, 17, 43, 40, 48, 5, 22, 15, 46, 4, 44, 26, 47, 11, 21, 7, 37, 45, 49, 41, 13, 9, 42, 60, 34, 19, 12, 52, 57, 35, 27, 33, 56, 39, 62, 61, 25, 20, 53, 58, 50, 23, 29, 63, 59, 28, 64, 54, 36, 55, 51 ],
[ 57, 22, 58, 37, 53, 49, 52, 46, 21, 26, 25, 50, 15, 55, 60, 63, 61, 56, 42, 10, 32, 31, 13, 64, 18, 45, 20, 30, 36, 6, 47, 24, 19, 4, 23, 5, 17, 28, 41, 51, 1, 3, 59, 54, 29, 48, 62, 39, 40, 8, 11, 16, 14, 2, 9, 33, 43, 35, 34, 44, 27, 7, 38, 12 ]
],
[ PermutationGroup<64 |  
\[ 2, 9, 8, 19, 11, 1, 27, 30, 33, 13, 34, 38, 41, 18, 5, 10, 3, 37, 12, 28, 7, 4, 29, 16, 21, 6, 35, 39, 40, 36, 32, 42, 61, 62, 48, 54, 52, 45, 44, 43, 51, 20, 31, 14, 60, 15, 17, 49, 53, 23, 55, 50, 22, 59, 47, 24, 25, 26, 56, 57, 63, 64, 46, 58 ],
\[ 3, 10, 14, 6, 16, 24, 1, 31, 30, 18, 8, 2, 32, 38, 17, 43, 40, 48, 5, 22, 15, 46, 4, 44, 26, 47, 11, 21, 7, 37, 45, 49, 41, 13, 9, 42, 60, 34, 19, 12, 52, 57, 35, 27, 33, 56, 39, 62, 61, 25, 20, 53, 58, 50, 23, 29, 63, 59, 28, 64, 54, 36, 55, 51 ],
\[ 4, 7, 15, 20, 21, 25, 28, 1, 12, 5, 19, 39, 2, 24, 22, 6, 26, 3, 23, 36, 50, 52, 54, 46, 42, 53, 29, 51, 55, 11, 16, 8, 35, 27, 44, 9, 10, 40, 59, 56, 34, 13, 17, 47, 14, 57, 63, 43, 18, 41, 33, 30, 32, 62, 64, 58, 37, 60, 61, 31, 45, 38, 49, 48 ]:
 Order := 64 > |
[ 6, 1, 17, 22, 15, 26, 21, 3, 2, 16, 5, 19, 10, 44, 46, 24, 47, 14, 4, 42, 25, 53, 50, 56, 57, 58, 7, 20, 23, 8, 43, 31, 9, 11, 27, 30, 18, 12, 28, 29, 13, 32, 40, 39, 38, 63, 55, 35, 48, 52, 41, 37, 49, 36, 51, 59, 60, 64, 54, 45, 33, 34, 61, 62 ],
[ 3, 10, 14, 6, 16, 24, 1, 31, 30, 18, 8, 2, 32, 38, 17, 43, 40, 48, 5, 22, 15, 46, 4, 44, 26, 47, 11, 21, 7, 37, 45, 49, 41, 13, 9, 42, 60, 34, 19, 12, 52, 57, 35, 27, 33, 56, 39, 62, 61, 25, 20, 53, 58, 50, 23, 29, 63, 59, 28, 64, 54, 36, 55, 51 ],
[ 12, 35, 11, 39, 27, 7, 44, 9, 45, 34, 38, 14, 33, 10, 19, 2, 1, 30, 40, 59, 29, 23, 56, 5, 28, 4, 43, 47, 17, 62, 13, 36, 49, 48, 18, 61, 41, 31, 24, 16, 64, 51, 8, 3, 37, 21, 15, 32, 52, 55, 63, 54, 20, 58, 26, 6, 50, 25, 46, 42, 57, 60, 22, 53 ]
],
[ PermutationGroup<64 |  
\[ 2, 9, 8, 19, 11, 1, 27, 30, 33, 13, 34, 38, 41, 18, 5, 10, 3, 37, 12, 28, 7, 4, 29, 16, 21, 6, 35, 39, 40, 36, 32, 42, 61, 62, 48, 54, 52, 45, 44, 43, 51, 20, 31, 14, 60, 15, 17, 49, 53, 23, 55, 50, 22, 59, 47, 24, 25, 26, 56, 57, 63, 64, 46, 58 ],
\[ 3, 10, 14, 6, 16, 24, 1, 31, 30, 18, 8, 2, 32, 38, 17, 43, 40, 48, 5, 22, 15, 46, 4, 44, 26, 47, 11, 21, 7, 37, 45, 49, 41, 13, 9, 42, 60, 34, 19, 12, 52, 57, 35, 27, 33, 56, 39, 62, 61, 25, 20, 53, 58, 50, 23, 29, 63, 59, 28, 64, 54, 36, 55, 51 ],
\[ 4, 7, 15, 20, 21, 25, 28, 1, 12, 5, 19, 39, 2, 24, 22, 6, 26, 3, 23, 36, 50, 52, 54, 46, 42, 53, 29, 51, 55, 11, 16, 8, 35, 27, 44, 9, 10, 40, 59, 56, 34, 13, 17, 47, 14, 57, 63, 43, 18, 41, 33, 30, 32, 62, 64, 58, 37, 60, 61, 31, 45, 38, 49, 48 ]:
 Order := 64 > |
[ 11, 34, 10, 7, 2, 5, 12, 13, 62, 30, 9, 35, 36, 31, 1, 8, 16, 32, 27, 23, 19, 21, 39, 3, 4, 15, 38, 29, 44, 41, 37, 52, 64, 33, 45, 51, 42, 48, 40, 14, 54, 50, 18, 43, 49, 6, 24, 60, 57, 28, 59, 20, 25, 55, 56, 17, 22, 46, 47, 53, 58, 61, 26, 63 ],
[ 3, 10, 14, 6, 16, 24, 1, 31, 30, 18, 8, 2, 32, 38, 17, 43, 40, 48, 5, 22, 15, 46, 4, 44, 26, 47, 11, 21, 7, 37, 45, 49, 41, 13, 9, 42, 60, 34, 19, 12, 52, 57, 35, 27, 33, 56, 39, 62, 61, 25, 20, 53, 58, 50, 23, 29, 63, 59, 28, 64, 54, 36, 55, 51 ],
[ 21, 19, 6, 50, 4, 22, 23, 5, 27, 1, 7, 29, 11, 17, 25, 15, 46, 16, 28, 41, 20, 42, 51, 26, 52, 57, 39, 54, 59, 2, 3, 10, 38, 12, 40, 34, 8, 44, 55, 47, 9, 30, 24, 56, 43, 53, 58, 14, 31, 36, 62, 13, 37, 33, 61, 63, 32, 49, 64, 18, 48, 35, 60, 45 ]
],
[ PermutationGroup<64 |  
\[ 2, 9, 8, 19, 11, 1, 27, 30, 33, 13, 34, 38, 41, 18, 5, 10, 3, 37, 12, 28, 7, 4, 29, 16, 21, 6, 35, 39, 40, 36, 32, 42, 61, 62, 48, 54, 52, 45, 44, 43, 51, 20, 31, 14, 60, 15, 17, 49, 53, 23, 55, 50, 22, 59, 47, 24, 25, 26, 56, 57, 63, 64, 46, 58 ],
\[ 3, 10, 14, 6, 16, 24, 1, 31, 30, 18, 8, 2, 32, 38, 17, 43, 40, 48, 5, 22, 15, 46, 4, 44, 26, 47, 11, 21, 7, 37, 45, 49, 41, 13, 9, 42, 60, 34, 19, 12, 52, 57, 35, 27, 33, 56, 39, 62, 61, 25, 20, 53, 58, 50, 23, 29, 63, 59, 28, 64, 54, 36, 55, 51 ],
\[ 4, 7, 15, 20, 21, 25, 28, 1, 12, 5, 19, 39, 2, 24, 22, 6, 26, 3, 23, 36, 50, 52, 54, 46, 42, 53, 29, 51, 55, 11, 16, 8, 35, 27, 44, 9, 10, 40, 59, 56, 34, 13, 17, 47, 14, 57, 63, 43, 18, 41, 33, 30, 32, 62, 64, 58, 37, 60, 61, 31, 45, 38, 49, 48 ]:
 Order := 64 > |
[ 63, 46, 59, 60, 58, 61, 53, 56, 15, 47, 26, 25, 17, 23, 64, 55, 54, 29, 57, 18, 49, 45, 32, 51, 48, 33, 22, 37, 42, 24, 39, 44, 5, 6, 4, 16, 40, 21, 52, 20, 3, 14, 28, 50, 7, 62, 36, 19, 12, 31, 8, 43, 38, 10, 30, 41, 35, 9, 13, 27, 11, 1, 34, 2 ],
[ 3, 10, 14, 6, 16, 24, 1, 31, 30, 18, 8, 2, 32, 38, 17, 43, 40, 48, 5, 22, 15, 46, 4, 44, 26, 47, 11, 21, 7, 37, 45, 49, 41, 13, 9, 42, 60, 34, 19, 12, 52, 57, 35, 27, 33, 56, 39, 62, 61, 25, 20, 53, 58, 50, 23, 29, 63, 59, 28, 64, 54, 36, 55, 51 ],
[ 48, 60, 33, 43, 45, 38, 31, 64, 53, 61, 49, 32, 58, 36, 35, 62, 34, 51, 18, 17, 14, 44, 3, 9, 40, 27, 37, 16, 10, 63, 54, 55, 25, 57, 42, 26, 59, 52, 8, 30, 46, 56, 41, 13, 20, 12, 2, 50, 28, 24, 6, 47, 29, 15, 5, 11, 39, 19, 1, 23, 4, 22, 7, 21 ]
]
];

/*
Return for eval
*/

return s;
