s := SolvablePassportDBInitialize();

/*
Magma printing
*/

s`Filename := "64S51-32,32,16-g29.m";
s`GaloisOrbits := [ Strings() | "64S51-32,32,16-g29-path3-notcomputed.m" ];
s`Name := "64S51-32,32,16-g29";
s`Passport := [ PowerSequence(PermutationGroup<64 |  
\[ 2, 9, 8, 19, 11, 1, 27, 30, 33, 13, 34, 38, 41, 18, 5, 10, 3, 37, 12, 28, 7, 4, 29, 16, 21, 6, 35, 39, 40, 36, 32, 42, 53, 54, 52, 25, 57, 61, 58, 62, 22, 47, 46, 31, 14, 59, 15, 44, 17, 51, 60, 55, 23, 20, 50, 24, 26, 64, 63, 56, 43, 48, 49, 45 ],
\[ 3, 10, 14, 6, 16, 24, 1, 31, 30, 18, 8, 2, 32, 43, 17, 44, 48, 50, 5, 22, 15, 47, 4, 45, 26, 49, 11, 21, 7, 37, 46, 51, 41, 13, 9, 42, 59, 34, 19, 12, 57, 63, 20, 55, 52, 23, 56, 61, 64, 28, 29, 54, 25, 36, 53, 62, 60, 27, 39, 58, 33, 35, 40, 38 ],
\[ 4, 7, 15, 20, 21, 25, 28, 1, 12, 5, 19, 39, 2, 24, 22, 6, 26, 3, 23, 52, 53, 33, 55, 47, 54, 41, 29, 43, 46, 11, 16, 8, 35, 27, 58, 9, 10, 40, 50, 51, 34, 13, 48, 17, 49, 14, 36, 56, 42, 44, 18, 62, 61, 38, 45, 57, 30, 59, 31, 32, 64, 63, 37, 60 ]:
 Order := 64 >) |
[ PermutationGroup<64 |  
\[ 2, 9, 8, 19, 11, 1, 27, 30, 33, 13, 34, 38, 41, 18, 5, 10, 3, 37, 12, 28, 7, 4, 29, 16, 21, 6, 35, 39, 40, 36, 32, 42, 53, 54, 52, 25, 57, 61, 58, 62, 22, 47, 46, 31, 14, 59, 15, 44, 17, 51, 60, 55, 23, 20, 50, 24, 26, 64, 63, 56, 43, 48, 49, 45 ],
\[ 3, 10, 14, 6, 16, 24, 1, 31, 30, 18, 8, 2, 32, 43, 17, 44, 48, 50, 5, 22, 15, 47, 4, 45, 26, 49, 11, 21, 7, 37, 46, 51, 41, 13, 9, 42, 59, 34, 19, 12, 57, 63, 20, 55, 52, 23, 56, 61, 64, 28, 29, 54, 25, 36, 53, 62, 60, 27, 39, 58, 33, 35, 40, 38 ],
\[ 4, 7, 15, 20, 21, 25, 28, 1, 12, 5, 19, 39, 2, 24, 22, 6, 26, 3, 23, 52, 53, 33, 55, 47, 54, 41, 29, 43, 46, 11, 16, 8, 35, 27, 58, 9, 10, 40, 50, 51, 34, 13, 48, 17, 49, 14, 36, 56, 42, 44, 18, 62, 61, 38, 45, 57, 30, 59, 31, 32, 64, 63, 37, 60 ]:
 Order := 64 > |
[ 2, 9, 8, 19, 11, 1, 27, 30, 33, 13, 34, 38, 41, 18, 5, 10, 3, 37, 12, 28, 7, 4, 29, 16, 21, 6, 35, 39, 40, 36, 32, 42, 53, 54, 52, 25, 57, 61, 58, 62, 22, 47, 46, 31, 14, 59, 15, 44, 17, 51, 60, 55, 23, 20, 50, 24, 26, 64, 63, 56, 43, 48, 49, 45 ],
[ 38, 52, 34, 58, 35, 27, 64, 33, 43, 54, 61, 45, 53, 13, 12, 9, 2, 36, 62, 51, 40, 29, 60, 11, 39, 19, 48, 63, 49, 20, 41, 25, 50, 55, 14, 23, 22, 44, 56, 24, 28, 4, 32, 30, 8, 57, 7, 10, 5, 42, 26, 31, 59, 46, 37, 1, 21, 17, 47, 15, 18, 3, 6, 16 ],
[ 63, 56, 58, 37, 60, 51, 57, 62, 17, 64, 49, 26, 48, 12, 59, 40, 29, 35, 42, 10, 32, 31, 13, 39, 18, 46, 47, 30, 36, 45, 38, 52, 16, 24, 6, 44, 61, 15, 41, 22, 14, 43, 11, 27, 7, 9, 50, 19, 28, 34, 33, 5, 8, 3, 2, 23, 55, 25, 54, 20, 1, 21, 53, 4 ]
],
[ PermutationGroup<64 |  
\[ 2, 9, 8, 19, 11, 1, 27, 30, 33, 13, 34, 38, 41, 18, 5, 10, 3, 37, 12, 28, 7, 4, 29, 16, 21, 6, 35, 39, 40, 36, 32, 42, 53, 54, 52, 25, 57, 61, 58, 62, 22, 47, 46, 31, 14, 59, 15, 44, 17, 51, 60, 55, 23, 20, 50, 24, 26, 64, 63, 56, 43, 48, 49, 45 ],
\[ 3, 10, 14, 6, 16, 24, 1, 31, 30, 18, 8, 2, 32, 43, 17, 44, 48, 50, 5, 22, 15, 47, 4, 45, 26, 49, 11, 21, 7, 37, 46, 51, 41, 13, 9, 42, 59, 34, 19, 12, 57, 63, 20, 55, 52, 23, 56, 61, 64, 28, 29, 54, 25, 36, 53, 62, 60, 27, 39, 58, 33, 35, 40, 38 ],
\[ 4, 7, 15, 20, 21, 25, 28, 1, 12, 5, 19, 39, 2, 24, 22, 6, 26, 3, 23, 52, 53, 33, 55, 47, 54, 41, 29, 43, 46, 11, 16, 8, 35, 27, 58, 9, 10, 40, 50, 51, 34, 13, 48, 17, 49, 14, 36, 56, 42, 44, 18, 62, 61, 38, 45, 57, 30, 59, 31, 32, 64, 63, 37, 60 ]:
 Order := 64 > |
[ 2, 9, 8, 19, 11, 1, 27, 30, 33, 13, 34, 38, 41, 18, 5, 10, 3, 37, 12, 28, 7, 4, 29, 16, 21, 6, 35, 39, 40, 36, 32, 42, 53, 54, 52, 25, 57, 61, 58, 62, 22, 47, 46, 31, 14, 59, 15, 44, 17, 51, 60, 55, 23, 20, 50, 24, 26, 64, 63, 56, 43, 48, 49, 45 ],
[ 22, 21, 47, 54, 25, 36, 20, 6, 19, 15, 4, 28, 1, 56, 41, 26, 57, 17, 53, 35, 33, 9, 52, 42, 34, 13, 23, 61, 43, 5, 24, 3, 27, 7, 39, 2, 16, 29, 55, 50, 11, 10, 62, 49, 63, 45, 30, 60, 32, 48, 14, 40, 38, 12, 64, 37, 8, 46, 44, 31, 58, 59, 18, 51 ],
[ 8, 13, 18, 1, 10, 16, 2, 32, 36, 37, 30, 9, 42, 46, 3, 31, 44, 51, 11, 4, 5, 15, 19, 14, 6, 17, 34, 7, 27, 57, 59, 60, 22, 41, 33, 47, 63, 54, 12, 38, 26, 49, 28, 50, 55, 29, 24, 43, 45, 39, 40, 20, 21, 25, 23, 48, 56, 35, 58, 64, 53, 52, 62, 61 ]
],
[ PermutationGroup<64 |  
\[ 2, 9, 8, 19, 11, 1, 27, 30, 33, 13, 34, 38, 41, 18, 5, 10, 3, 37, 12, 28, 7, 4, 29, 16, 21, 6, 35, 39, 40, 36, 32, 42, 53, 54, 52, 25, 57, 61, 58, 62, 22, 47, 46, 31, 14, 59, 15, 44, 17, 51, 60, 55, 23, 20, 50, 24, 26, 64, 63, 56, 43, 48, 49, 45 ],
\[ 3, 10, 14, 6, 16, 24, 1, 31, 30, 18, 8, 2, 32, 43, 17, 44, 48, 50, 5, 22, 15, 47, 4, 45, 26, 49, 11, 21, 7, 37, 46, 51, 41, 13, 9, 42, 59, 34, 19, 12, 57, 63, 20, 55, 52, 23, 56, 61, 64, 28, 29, 54, 25, 36, 53, 62, 60, 27, 39, 58, 33, 35, 40, 38 ],
\[ 4, 7, 15, 20, 21, 25, 28, 1, 12, 5, 19, 39, 2, 24, 22, 6, 26, 3, 23, 52, 53, 33, 55, 47, 54, 41, 29, 43, 46, 11, 16, 8, 35, 27, 58, 9, 10, 40, 50, 51, 34, 13, 48, 17, 49, 14, 36, 56, 42, 44, 18, 62, 61, 38, 45, 57, 30, 59, 31, 32, 64, 63, 37, 60 ]:
 Order := 64 > |
[ 2, 9, 8, 19, 11, 1, 27, 30, 33, 13, 34, 38, 41, 18, 5, 10, 3, 37, 12, 28, 7, 4, 29, 16, 21, 6, 35, 39, 40, 36, 32, 42, 53, 54, 52, 25, 57, 61, 58, 62, 22, 47, 46, 31, 14, 59, 15, 44, 17, 51, 60, 55, 23, 20, 50, 24, 26, 64, 63, 56, 43, 48, 49, 45 ],
[ 3, 10, 14, 6, 16, 24, 1, 31, 30, 18, 8, 2, 32, 43, 17, 44, 48, 50, 5, 22, 15, 47, 4, 45, 26, 49, 11, 21, 7, 37, 46, 51, 41, 13, 9, 42, 59, 34, 19, 12, 57, 63, 20, 55, 52, 23, 56, 61, 64, 28, 29, 54, 25, 36, 53, 62, 60, 27, 39, 58, 33, 35, 40, 38 ],
[ 4, 7, 15, 20, 21, 25, 28, 1, 12, 5, 19, 39, 2, 24, 22, 6, 26, 3, 23, 52, 53, 33, 55, 47, 54, 41, 29, 43, 46, 11, 16, 8, 35, 27, 58, 9, 10, 40, 50, 51, 34, 13, 48, 17, 49, 14, 36, 56, 42, 44, 18, 62, 61, 38, 45, 57, 30, 59, 31, 32, 64, 63, 37, 60 ]
],
[ PermutationGroup<64 |  
\[ 2, 9, 8, 19, 11, 1, 27, 30, 33, 13, 34, 38, 41, 18, 5, 10, 3, 37, 12, 28, 7, 4, 29, 16, 21, 6, 35, 39, 40, 36, 32, 42, 53, 54, 52, 25, 57, 61, 58, 62, 22, 47, 46, 31, 14, 59, 15, 44, 17, 51, 60, 55, 23, 20, 50, 24, 26, 64, 63, 56, 43, 48, 49, 45 ],
\[ 3, 10, 14, 6, 16, 24, 1, 31, 30, 18, 8, 2, 32, 43, 17, 44, 48, 50, 5, 22, 15, 47, 4, 45, 26, 49, 11, 21, 7, 37, 46, 51, 41, 13, 9, 42, 59, 34, 19, 12, 57, 63, 20, 55, 52, 23, 56, 61, 64, 28, 29, 54, 25, 36, 53, 62, 60, 27, 39, 58, 33, 35, 40, 38 ],
\[ 4, 7, 15, 20, 21, 25, 28, 1, 12, 5, 19, 39, 2, 24, 22, 6, 26, 3, 23, 52, 53, 33, 55, 47, 54, 41, 29, 43, 46, 11, 16, 8, 35, 27, 58, 9, 10, 40, 50, 51, 34, 13, 48, 17, 49, 14, 36, 56, 42, 44, 18, 62, 61, 38, 45, 57, 30, 59, 31, 32, 64, 63, 37, 60 ]:
 Order := 64 > |
[ 2, 9, 8, 19, 11, 1, 27, 30, 33, 13, 34, 38, 41, 18, 5, 10, 3, 37, 12, 28, 7, 4, 29, 16, 21, 6, 35, 39, 40, 36, 32, 42, 53, 54, 52, 25, 57, 61, 58, 62, 22, 47, 46, 31, 14, 59, 15, 44, 17, 51, 60, 55, 23, 20, 50, 24, 26, 64, 63, 56, 43, 48, 49, 45 ],
[ 51, 63, 29, 31, 59, 46, 32, 58, 56, 40, 60, 42, 64, 7, 50, 39, 28, 12, 37, 3, 18, 14, 8, 23, 44, 55, 57, 10, 13, 62, 27, 38, 17, 49, 47, 45, 35, 26, 30, 36, 48, 52, 1, 19, 4, 11, 43, 21, 53, 2, 34, 6, 16, 24, 5, 20, 61, 41, 9, 33, 15, 22, 54, 25 ],
[ 52, 43, 33, 62, 61, 38, 48, 20, 50, 53, 55, 44, 28, 36, 35, 54, 34, 22, 45, 63, 64, 58, 49, 9, 40, 27, 14, 56, 24, 23, 25, 4, 59, 46, 31, 39, 21, 18, 17, 3, 29, 7, 57, 41, 13, 47, 12, 30, 2, 26, 15, 37, 60, 51, 42, 11, 19, 16, 6, 1, 32, 10, 5, 8 ]
]
];

/*
Return for eval
*/

return s;
