s := SolvablePassportDBInitialize();

/*
Magma printing
*/

s`Filename := "64S50-32,16,32-g29.m";
s`GaloisOrbits := [ Strings() | "64S50-32,16,32-g29-path3-notcomputed.m", "64S50-32,16,32-g29-path1-notcomputed.m" ];
s`Name := "64S50-32,16,32-g29";
s`Passport := [ PowerSequence(PermutationGroup<64 |  
\[ 12, 27, 8, 7, 2, 5, 26, 25, 21, 14, 13, 9, 41, 20, 19, 1, 10, 17, 22, 11, 23, 16, 43, 31, 4, 28, 24, 39, 30, 6, 32, 57, 37, 3, 29, 35, 38, 34, 40, 59, 42, 47, 44, 55, 46, 18, 48, 64, 53, 15, 45, 51, 54, 50, 56, 61, 58, 49, 60, 52, 62, 36, 33, 63 ],
\[ 3, 10, 15, 16, 17, 18, 1, 19, 25, 29, 5, 8, 2, 30, 33, 34, 35, 36, 37, 6, 4, 38, 7, 20, 22, 12, 14, 9, 45, 46, 11, 13, 49, 50, 51, 52, 53, 54, 21, 23, 27, 24, 26, 28, 61, 62, 31, 32, 47, 63, 56, 55, 48, 64, 39, 40, 41, 42, 43, 44, 59, 60, 58, 57 ],
\[ 4, 11, 16, 9, 20, 14, 21, 1, 26, 5, 24, 7, 31, 2, 34, 25, 6, 30, 3, 27, 28, 8, 39, 41, 12, 23, 13, 43, 17, 10, 42, 47, 50, 22, 18, 46, 15, 19, 44, 55, 32, 57, 40, 59, 35, 29, 58, 49, 63, 38, 36, 62, 33, 37, 60, 52, 48, 64, 56, 61, 51, 45, 54, 53 ]:
 Order := 64 >) |
[ PermutationGroup<64 |  
\[ 12, 27, 8, 7, 2, 5, 26, 25, 21, 14, 13, 9, 41, 20, 19, 1, 10, 17, 22, 11, 23, 16, 43, 31, 4, 28, 24, 39, 30, 6, 32, 57, 37, 3, 29, 35, 38, 34, 40, 59, 42, 47, 44, 55, 46, 18, 48, 64, 53, 15, 45, 51, 54, 50, 56, 61, 58, 49, 60, 52, 62, 36, 33, 63 ],
\[ 3, 10, 15, 16, 17, 18, 1, 19, 25, 29, 5, 8, 2, 30, 33, 34, 35, 36, 37, 6, 4, 38, 7, 20, 22, 12, 14, 9, 45, 46, 11, 13, 49, 50, 51, 52, 53, 54, 21, 23, 27, 24, 26, 28, 61, 62, 31, 32, 47, 63, 56, 55, 48, 64, 39, 40, 41, 42, 43, 44, 59, 60, 58, 57 ],
\[ 4, 11, 16, 9, 20, 14, 21, 1, 26, 5, 24, 7, 31, 2, 34, 25, 6, 30, 3, 27, 28, 8, 39, 41, 12, 23, 13, 43, 17, 10, 42, 47, 50, 22, 18, 46, 15, 19, 44, 55, 32, 57, 40, 59, 35, 29, 58, 49, 63, 38, 36, 62, 33, 37, 60, 52, 48, 64, 56, 61, 51, 45, 54, 53 ]:
 Order := 64 > |
[ 16, 5, 34, 25, 6, 30, 4, 3, 12, 17, 20, 1, 11, 10, 50, 22, 18, 46, 15, 14, 9, 19, 21, 27, 8, 7, 2, 26, 35, 29, 24, 31, 63, 38, 36, 62, 33, 37, 28, 39, 13, 41, 23, 43, 51, 45, 42, 47, 58, 54, 52, 60, 49, 53, 44, 55, 32, 57, 40, 59, 56, 61, 64, 48 ],
[ 40, 48, 23, 55, 47, 42, 56, 43, 60, 32, 49, 59, 53, 57, 7, 39, 31, 24, 26, 58, 52, 28, 51, 63, 44, 61, 64, 62, 13, 41, 33, 37, 1, 21, 11, 20, 12, 9, 36, 35, 54, 50, 45, 46, 2, 27, 15, 19, 3, 4, 5, 6, 8, 25, 18, 17, 38, 34, 29, 30, 10, 14, 16, 22 ],
[ 37, 46, 53, 15, 45, 51, 19, 54, 34, 62, 29, 38, 30, 36, 48, 33, 61, 56, 64, 35, 3, 63, 8, 17, 50, 22, 18, 16, 60, 52, 10, 14, 32, 49, 59, 40, 57, 58, 1, 12, 6, 5, 25, 4, 44, 55, 2, 27, 13, 47, 43, 23, 41, 42, 7, 26, 20, 11, 9, 21, 28, 39, 31, 24 ]
],
[ PermutationGroup<64 |  
\[ 12, 27, 8, 7, 2, 5, 26, 25, 21, 14, 13, 9, 41, 20, 19, 1, 10, 17, 22, 11, 23, 16, 43, 31, 4, 28, 24, 39, 30, 6, 32, 57, 37, 3, 29, 35, 38, 34, 40, 59, 42, 47, 44, 55, 46, 18, 48, 64, 53, 15, 45, 51, 54, 50, 56, 61, 58, 49, 60, 52, 62, 36, 33, 63 ],
\[ 3, 10, 15, 16, 17, 18, 1, 19, 25, 29, 5, 8, 2, 30, 33, 34, 35, 36, 37, 6, 4, 38, 7, 20, 22, 12, 14, 9, 45, 46, 11, 13, 49, 50, 51, 52, 53, 54, 21, 23, 27, 24, 26, 28, 61, 62, 31, 32, 47, 63, 56, 55, 48, 64, 39, 40, 41, 42, 43, 44, 59, 60, 58, 57 ],
\[ 4, 11, 16, 9, 20, 14, 21, 1, 26, 5, 24, 7, 31, 2, 34, 25, 6, 30, 3, 27, 28, 8, 39, 41, 12, 23, 13, 43, 17, 10, 42, 47, 50, 22, 18, 46, 15, 19, 44, 55, 32, 57, 40, 59, 35, 29, 58, 49, 63, 38, 36, 62, 33, 37, 60, 52, 48, 64, 56, 61, 51, 45, 54, 53 ]:
 Order := 64 > |
[ 16, 5, 34, 25, 6, 30, 4, 3, 12, 17, 20, 1, 11, 10, 50, 22, 18, 46, 15, 14, 9, 19, 21, 27, 8, 7, 2, 26, 35, 29, 24, 31, 63, 38, 36, 62, 33, 37, 28, 39, 13, 41, 23, 43, 51, 45, 42, 47, 58, 54, 52, 60, 49, 53, 44, 55, 32, 57, 40, 59, 56, 61, 64, 48 ],
[ 11, 26, 5, 24, 7, 4, 31, 2, 41, 12, 23, 13, 43, 9, 17, 20, 1, 16, 10, 21, 42, 14, 47, 39, 27, 32, 28, 57, 8, 25, 40, 59, 35, 6, 3, 34, 29, 30, 58, 49, 44, 55, 48, 64, 19, 22, 56, 61, 51, 18, 15, 50, 45, 46, 63, 33, 60, 52, 53, 54, 37, 38, 36, 62 ],
[ 10, 25, 29, 5, 8, 3, 2, 30, 20, 22, 12, 14, 9, 16, 45, 17, 19, 15, 46, 1, 11, 18, 13, 7, 6, 27, 4, 24, 38, 34, 26, 28, 61, 35, 37, 33, 62, 36, 31, 32, 21, 23, 41, 42, 54, 50, 43, 44, 59, 51, 53, 49, 60, 52, 47, 48, 39, 40, 57, 58, 64, 63, 56, 55 ]
],
[ PermutationGroup<64 |  
\[ 12, 27, 8, 7, 2, 5, 26, 25, 21, 14, 13, 9, 41, 20, 19, 1, 10, 17, 22, 11, 23, 16, 43, 31, 4, 28, 24, 39, 30, 6, 32, 57, 37, 3, 29, 35, 38, 34, 40, 59, 42, 47, 44, 55, 46, 18, 48, 64, 53, 15, 45, 51, 54, 50, 56, 61, 58, 49, 60, 52, 62, 36, 33, 63 ],
\[ 3, 10, 15, 16, 17, 18, 1, 19, 25, 29, 5, 8, 2, 30, 33, 34, 35, 36, 37, 6, 4, 38, 7, 20, 22, 12, 14, 9, 45, 46, 11, 13, 49, 50, 51, 52, 53, 54, 21, 23, 27, 24, 26, 28, 61, 62, 31, 32, 47, 63, 56, 55, 48, 64, 39, 40, 41, 42, 43, 44, 59, 60, 58, 57 ],
\[ 4, 11, 16, 9, 20, 14, 21, 1, 26, 5, 24, 7, 31, 2, 34, 25, 6, 30, 3, 27, 28, 8, 39, 41, 12, 23, 13, 43, 17, 10, 42, 47, 50, 22, 18, 46, 15, 19, 44, 55, 32, 57, 40, 59, 35, 29, 58, 49, 63, 38, 36, 62, 33, 37, 60, 52, 48, 64, 56, 61, 51, 45, 54, 53 ]:
 Order := 64 > |
[ 16, 5, 34, 25, 6, 30, 4, 3, 12, 17, 20, 1, 11, 10, 50, 22, 18, 46, 15, 14, 9, 19, 21, 27, 8, 7, 2, 26, 35, 29, 24, 31, 63, 38, 36, 62, 33, 37, 28, 39, 13, 41, 23, 43, 51, 45, 42, 47, 58, 54, 52, 60, 49, 53, 44, 55, 32, 57, 40, 59, 56, 61, 64, 48 ],
[ 3, 10, 15, 16, 17, 18, 1, 19, 25, 29, 5, 8, 2, 30, 33, 34, 35, 36, 37, 6, 4, 38, 7, 20, 22, 12, 14, 9, 45, 46, 11, 13, 49, 50, 51, 52, 53, 54, 21, 23, 27, 24, 26, 28, 61, 62, 31, 32, 47, 63, 56, 55, 48, 64, 39, 40, 41, 42, 43, 44, 59, 60, 58, 57 ],
[ 26, 41, 12, 23, 13, 11, 43, 9, 39, 27, 32, 28, 57, 24, 8, 7, 2, 5, 25, 31, 40, 4, 59, 47, 21, 44, 42, 55, 14, 20, 48, 64, 19, 1, 10, 17, 22, 16, 56, 61, 58, 49, 60, 52, 30, 6, 53, 54, 37, 3, 29, 35, 38, 34, 51, 45, 63, 33, 62, 36, 46, 18, 15, 50 ]
],
[ PermutationGroup<64 |  
\[ 12, 27, 8, 7, 2, 5, 26, 25, 21, 14, 13, 9, 41, 20, 19, 1, 10, 17, 22, 11, 23, 16, 43, 31, 4, 28, 24, 39, 30, 6, 32, 57, 37, 3, 29, 35, 38, 34, 40, 59, 42, 47, 44, 55, 46, 18, 48, 64, 53, 15, 45, 51, 54, 50, 56, 61, 58, 49, 60, 52, 62, 36, 33, 63 ],
\[ 3, 10, 15, 16, 17, 18, 1, 19, 25, 29, 5, 8, 2, 30, 33, 34, 35, 36, 37, 6, 4, 38, 7, 20, 22, 12, 14, 9, 45, 46, 11, 13, 49, 50, 51, 52, 53, 54, 21, 23, 27, 24, 26, 28, 61, 62, 31, 32, 47, 63, 56, 55, 48, 64, 39, 40, 41, 42, 43, 44, 59, 60, 58, 57 ],
\[ 4, 11, 16, 9, 20, 14, 21, 1, 26, 5, 24, 7, 31, 2, 34, 25, 6, 30, 3, 27, 28, 8, 39, 41, 12, 23, 13, 43, 17, 10, 42, 47, 50, 22, 18, 46, 15, 19, 44, 55, 32, 57, 40, 59, 35, 29, 58, 49, 63, 38, 36, 62, 33, 37, 60, 52, 48, 64, 56, 61, 51, 45, 54, 53 ]:
 Order := 64 > |
[ 16, 5, 34, 25, 6, 30, 4, 3, 12, 17, 20, 1, 11, 10, 50, 22, 18, 46, 15, 14, 9, 19, 21, 27, 8, 7, 2, 26, 35, 29, 24, 31, 63, 38, 36, 62, 33, 37, 28, 39, 13, 41, 23, 43, 51, 45, 42, 47, 58, 54, 52, 60, 49, 53, 44, 55, 32, 57, 40, 59, 56, 61, 64, 48 ],
[ 51, 37, 56, 36, 33, 63, 35, 61, 46, 53, 15, 45, 19, 54, 40, 52, 49, 58, 59, 50, 18, 60, 17, 34, 62, 29, 38, 30, 48, 64, 3, 8, 23, 55, 47, 42, 43, 44, 6, 5, 22, 16, 10, 14, 32, 57, 1, 12, 7, 39, 31, 24, 26, 28, 20, 11, 25, 4, 2, 27, 13, 41, 21, 9 ],
[ 48, 60, 32, 49, 59, 40, 53, 57, 63, 44, 61, 64, 62, 55, 13, 47, 43, 23, 41, 56, 33, 42, 37, 51, 58, 54, 52, 50, 28, 39, 45, 46, 2, 31, 26, 7, 27, 24, 15, 19, 36, 35, 38, 34, 9, 21, 29, 30, 10, 11, 12, 1, 14, 20, 3, 8, 18, 17, 22, 16, 25, 4, 5, 6 ]
]
];

/*
Return for eval
*/

return s;
