s := SolvablePassportDBInitialize();

/*
Magma printing
*/

s`Filename := "64S51-8,32,32-g27.m";
s`GaloisOrbits := [ Strings() | "64S51-8,32,32-g27-path1-notcomputed.m" ];
s`Name := "64S51-8,32,32-g27";
s`Passport := [ PowerSequence(PermutationGroup<64 |  
\[ 2, 9, 8, 19, 11, 1, 27, 30, 15, 13, 26, 25, 17, 18, 5, 10, 3, 33, 12, 28, 7, 4, 29, 16, 21, 6, 22, 34, 35, 24, 32, 36, 40, 46, 20, 14, 39, 31, 51, 38, 42, 52, 47, 23, 48, 44, 49, 54, 50, 62, 53, 37, 55, 43, 41, 57, 60, 59, 61, 63, 56, 45, 64, 58 ],
\[ 3, 10, 14, 6, 16, 24, 1, 31, 30, 18, 8, 2, 32, 37, 17, 38, 40, 41, 5, 22, 15, 9, 4, 36, 26, 13, 11, 21, 7, 33, 39, 42, 51, 19, 12, 53, 56, 55, 58, 52, 57, 59, 35, 25, 20, 27, 44, 23, 28, 29, 60, 63, 61, 34, 64, 45, 49, 48, 50, 54, 43, 46, 62, 47 ],
\[ 4, 7, 15, 20, 21, 25, 28, 1, 12, 5, 19, 34, 2, 24, 22, 6, 26, 3, 23, 43, 44, 46, 47, 9, 35, 27, 29, 45, 48, 11, 16, 8, 10, 49, 50, 13, 40, 17, 14, 30, 38, 18, 60, 62, 63, 54, 61, 56, 64, 57, 31, 32, 33, 58, 36, 53, 37, 55, 39, 41, 42, 59, 51, 52 ]:
 Order := 64 >) |
[ PermutationGroup<64 |  
\[ 2, 9, 8, 19, 11, 1, 27, 30, 15, 13, 26, 25, 17, 18, 5, 10, 3, 33, 12, 28, 7, 4, 29, 16, 21, 6, 22, 34, 35, 24, 32, 36, 40, 46, 20, 14, 39, 31, 51, 38, 42, 52, 47, 23, 48, 44, 49, 54, 50, 62, 53, 37, 55, 43, 41, 57, 60, 59, 61, 63, 56, 45, 64, 58 ],
\[ 3, 10, 14, 6, 16, 24, 1, 31, 30, 18, 8, 2, 32, 37, 17, 38, 40, 41, 5, 22, 15, 9, 4, 36, 26, 13, 11, 21, 7, 33, 39, 42, 51, 19, 12, 53, 56, 55, 58, 52, 57, 59, 35, 25, 20, 27, 44, 23, 28, 29, 60, 63, 61, 34, 64, 45, 49, 48, 50, 54, 43, 46, 62, 47 ],
\[ 4, 7, 15, 20, 21, 25, 28, 1, 12, 5, 19, 34, 2, 24, 22, 6, 26, 3, 23, 43, 44, 46, 47, 9, 35, 27, 29, 45, 48, 11, 16, 8, 10, 49, 50, 13, 40, 17, 14, 30, 38, 18, 60, 62, 63, 54, 61, 56, 64, 57, 31, 32, 33, 58, 36, 53, 37, 55, 39, 41, 42, 59, 51, 52 ]:
 Order := 64 > |
[ 11, 26, 10, 7, 2, 5, 12, 13, 6, 30, 9, 22, 24, 31, 1, 8, 16, 32, 27, 23, 19, 21, 34, 3, 4, 15, 25, 29, 46, 17, 33, 40, 36, 35, 44, 38, 41, 18, 42, 14, 51, 53, 45, 28, 49, 20, 48, 50, 54, 43, 52, 55, 37, 62, 39, 58, 59, 60, 63, 61, 64, 47, 56, 57 ],
[ 3, 10, 14, 6, 16, 24, 1, 31, 30, 18, 8, 2, 32, 37, 17, 38, 40, 41, 5, 22, 15, 9, 4, 36, 26, 13, 11, 21, 7, 33, 39, 42, 51, 19, 12, 53, 56, 55, 58, 52, 57, 59, 35, 25, 20, 27, 44, 23, 28, 29, 60, 63, 61, 34, 64, 45, 49, 48, 50, 54, 43, 46, 62, 47 ],
[ 21, 19, 6, 44, 4, 22, 23, 5, 27, 1, 7, 29, 11, 17, 25, 15, 9, 16, 28, 62, 20, 35, 45, 26, 46, 12, 34, 47, 49, 2, 3, 10, 8, 48, 54, 30, 36, 24, 38, 13, 14, 31, 59, 43, 61, 50, 63, 64, 56, 58, 18, 33, 32, 57, 40, 52, 55, 37, 41, 39, 51, 60, 42, 53 ]
],
[ PermutationGroup<64 |  
\[ 2, 9, 8, 19, 11, 1, 27, 30, 15, 13, 26, 25, 17, 18, 5, 10, 3, 33, 12, 28, 7, 4, 29, 16, 21, 6, 22, 34, 35, 24, 32, 36, 40, 46, 20, 14, 39, 31, 51, 38, 42, 52, 47, 23, 48, 44, 49, 54, 50, 62, 53, 37, 55, 43, 41, 57, 60, 59, 61, 63, 56, 45, 64, 58 ],
\[ 3, 10, 14, 6, 16, 24, 1, 31, 30, 18, 8, 2, 32, 37, 17, 38, 40, 41, 5, 22, 15, 9, 4, 36, 26, 13, 11, 21, 7, 33, 39, 42, 51, 19, 12, 53, 56, 55, 58, 52, 57, 59, 35, 25, 20, 27, 44, 23, 28, 29, 60, 63, 61, 34, 64, 45, 49, 48, 50, 54, 43, 46, 62, 47 ],
\[ 4, 7, 15, 20, 21, 25, 28, 1, 12, 5, 19, 34, 2, 24, 22, 6, 26, 3, 23, 43, 44, 46, 47, 9, 35, 27, 29, 45, 48, 11, 16, 8, 10, 49, 50, 13, 40, 17, 14, 30, 38, 18, 60, 62, 63, 54, 61, 56, 64, 57, 31, 32, 33, 58, 36, 53, 37, 55, 39, 41, 42, 59, 51, 52 ]:
 Order := 64 > |
[ 6, 1, 17, 22, 15, 26, 21, 3, 2, 16, 5, 19, 10, 36, 9, 24, 13, 14, 4, 35, 25, 27, 44, 30, 12, 11, 7, 20, 23, 8, 38, 31, 18, 28, 29, 32, 52, 40, 37, 33, 55, 41, 54, 46, 62, 34, 43, 45, 47, 49, 39, 42, 51, 48, 53, 61, 56, 64, 58, 57, 59, 50, 60, 63 ],
[ 3, 10, 14, 6, 16, 24, 1, 31, 30, 18, 8, 2, 32, 37, 17, 38, 40, 41, 5, 22, 15, 9, 4, 36, 26, 13, 11, 21, 7, 33, 39, 42, 51, 19, 12, 53, 56, 55, 58, 52, 57, 59, 35, 25, 20, 27, 44, 23, 28, 29, 60, 63, 61, 34, 64, 45, 49, 48, 50, 54, 43, 46, 62, 47 ],
[ 12, 22, 11, 34, 27, 7, 46, 9, 21, 26, 25, 44, 15, 10, 19, 2, 1, 30, 35, 49, 29, 23, 50, 5, 28, 4, 20, 54, 43, 6, 13, 24, 17, 62, 45, 3, 31, 8, 33, 16, 32, 40, 64, 48, 58, 47, 57, 60, 59, 63, 36, 14, 38, 61, 18, 41, 51, 42, 53, 52, 37, 56, 55, 39 ]
]
];

/*
Return for eval
*/

return s;
