s := SolvablePassportDBInitialize();

/*
Magma printing
*/

s`Filename := "64S50-32,8,32-g27.m";
s`GaloisOrbits := [ Strings() | "64S50-32,8,32-g27-path2-notcomputed.m", "64S50-32,8,32-g27-path5-notcomputed.m", "64S50-32,8,32-g27-path6-notcomputed.m", "64S50-32,8,32-g27-path3-notcomputed.m" ];
s`Name := "64S50-32,8,32-g27";
s`Passport := [ PowerSequence(PermutationGroup<64 |  
\[ 2, 9, 8, 7, 10, 1, 11, 12, 15, 27, 24, 28, 16, 23, 3, 26, 20, 22, 4, 25, 5, 29, 30, 6, 31, 32, 36, 13, 46, 51, 19, 33, 35, 37, 38, 14, 48, 50, 42, 44, 17, 45, 18, 47, 49, 21, 52, 53, 41, 54, 34, 43, 55, 39, 56, 57, 63, 60, 40, 61, 62, 59, 64, 58 ],
\[ 14, 23, 34, 21, 3, 36, 5, 37, 30, 8, 10, 48, 55, 13, 51, 56, 43, 6, 46, 18, 15, 1, 16, 27, 22, 57, 12, 53, 2, 26, 29, 63, 64, 33, 58, 28, 35, 60, 59, 19, 52, 40, 24, 4, 44, 9, 7, 38, 47, 61, 32, 11, 50, 62, 54, 39, 42, 41, 31, 17, 20, 25, 45, 49 ],
\[ 18, 22, 21, 40, 4, 43, 44, 5, 29, 7, 47, 10, 36, 6, 46, 14, 58, 17, 59, 60, 19, 20, 1, 52, 61, 23, 11, 27, 25, 2, 62, 30, 51, 15, 34, 24, 3, 37, 55, 39, 64, 56, 41, 42, 57, 31, 45, 8, 63, 48, 9, 49, 12, 53, 28, 13, 16, 33, 54, 35, 38, 50, 26, 32 ]:
 Order := 64 >) |
[ PermutationGroup<64 |  
\[ 2, 9, 8, 7, 10, 1, 11, 12, 15, 27, 24, 28, 16, 23, 3, 26, 20, 22, 4, 25, 5, 29, 30, 6, 31, 32, 36, 13, 46, 51, 19, 33, 35, 37, 38, 14, 48, 50, 42, 44, 17, 45, 18, 47, 49, 21, 52, 53, 41, 54, 34, 43, 55, 39, 56, 57, 63, 60, 40, 61, 62, 59, 64, 58 ],
\[ 14, 23, 34, 21, 3, 36, 5, 37, 30, 8, 10, 48, 55, 13, 51, 56, 43, 6, 46, 18, 15, 1, 16, 27, 22, 57, 12, 53, 2, 26, 29, 63, 64, 33, 58, 28, 35, 60, 59, 19, 52, 40, 24, 4, 44, 9, 7, 38, 47, 61, 32, 11, 50, 62, 54, 39, 42, 41, 31, 17, 20, 25, 45, 49 ],
\[ 18, 22, 21, 40, 4, 43, 44, 5, 29, 7, 47, 10, 36, 6, 46, 14, 58, 17, 59, 60, 19, 20, 1, 52, 61, 23, 11, 27, 25, 2, 62, 30, 51, 15, 34, 24, 3, 37, 55, 39, 64, 56, 41, 42, 57, 31, 45, 8, 63, 48, 9, 49, 12, 53, 28, 13, 16, 33, 54, 35, 38, 50, 26, 32 ]:
 Order := 64 > |
[ 6, 1, 15, 19, 21, 24, 4, 3, 2, 5, 7, 8, 28, 36, 9, 13, 41, 43, 31, 17, 46, 18, 14, 11, 20, 16, 10, 12, 22, 23, 25, 26, 32, 51, 33, 27, 34, 35, 54, 59, 49, 39, 52, 40, 42, 29, 44, 37, 45, 38, 30, 47, 48, 50, 53, 55, 56, 64, 62, 58, 60, 61, 57, 63 ],
[ 14, 23, 34, 21, 3, 36, 5, 37, 30, 8, 10, 48, 55, 13, 51, 56, 43, 6, 46, 18, 15, 1, 16, 27, 22, 57, 12, 53, 2, 26, 29, 63, 64, 33, 58, 28, 35, 60, 59, 19, 52, 40, 24, 4, 44, 9, 7, 38, 47, 61, 32, 11, 50, 62, 54, 39, 42, 41, 31, 17, 20, 25, 45, 49 ],
[ 29, 46, 10, 47, 11, 22, 52, 27, 21, 24, 43, 36, 23, 2, 5, 30, 61, 25, 44, 62, 7, 31, 9, 18, 59, 51, 6, 14, 19, 15, 40, 34, 37, 8, 48, 1, 12, 53, 57, 45, 60, 63, 20, 49, 64, 4, 41, 28, 58, 55, 3, 17, 13, 56, 16, 26, 32, 38, 42, 50, 54, 39, 33, 35 ]
],
[ PermutationGroup<64 |  
\[ 2, 9, 8, 7, 10, 1, 11, 12, 15, 27, 24, 28, 16, 23, 3, 26, 20, 22, 4, 25, 5, 29, 30, 6, 31, 32, 36, 13, 46, 51, 19, 33, 35, 37, 38, 14, 48, 50, 42, 44, 17, 45, 18, 47, 49, 21, 52, 53, 41, 54, 34, 43, 55, 39, 56, 57, 63, 60, 40, 61, 62, 59, 64, 58 ],
\[ 14, 23, 34, 21, 3, 36, 5, 37, 30, 8, 10, 48, 55, 13, 51, 56, 43, 6, 46, 18, 15, 1, 16, 27, 22, 57, 12, 53, 2, 26, 29, 63, 64, 33, 58, 28, 35, 60, 59, 19, 52, 40, 24, 4, 44, 9, 7, 38, 47, 61, 32, 11, 50, 62, 54, 39, 42, 41, 31, 17, 20, 25, 45, 49 ],
\[ 18, 22, 21, 40, 4, 43, 44, 5, 29, 7, 47, 10, 36, 6, 46, 14, 58, 17, 59, 60, 19, 20, 1, 52, 61, 23, 11, 27, 25, 2, 62, 30, 51, 15, 34, 24, 3, 37, 55, 39, 64, 56, 41, 42, 57, 31, 45, 8, 63, 48, 9, 49, 12, 53, 28, 13, 16, 33, 54, 35, 38, 50, 26, 32 ]:
 Order := 64 > |
[ 6, 1, 15, 19, 21, 24, 4, 3, 2, 5, 7, 8, 28, 36, 9, 13, 41, 43, 31, 17, 46, 18, 14, 11, 20, 16, 10, 12, 22, 23, 25, 26, 32, 51, 33, 27, 34, 35, 54, 59, 49, 39, 52, 40, 42, 29, 44, 37, 45, 38, 30, 47, 48, 50, 53, 55, 56, 64, 62, 58, 60, 61, 57, 63 ],
[ 55, 56, 64, 51, 33, 53, 34, 58, 57, 35, 37, 60, 62, 54, 63, 59, 27, 28, 30, 36, 32, 13, 39, 48, 14, 40, 38, 61, 16, 42, 23, 44, 47, 49, 52, 50, 41, 43, 29, 9, 10, 46, 12, 15, 21, 26, 3, 17, 5, 18, 45, 8, 20, 22, 25, 31, 19, 11, 2, 24, 6, 1, 4, 7 ],
[ 59, 40, 52, 64, 41, 62, 58, 43, 44, 17, 60, 18, 29, 31, 47, 46, 53, 54, 63, 55, 49, 39, 19, 61, 56, 21, 20, 22, 42, 4, 57, 5, 10, 11, 27, 25, 24, 36, 30, 32, 48, 51, 50, 33, 34, 45, 35, 6, 37, 14, 7, 38, 1, 23, 2, 9, 15, 12, 26, 28, 13, 16, 3, 8 ]
]
];

/*
Return for eval
*/

return s;
