s := SolvablePassportDBInitialize();

/*
Magma printing
*/

s`Filename := "64S50-32,8,32-g27.m";
s`GaloisOrbits := [ Strings() | "64S50-32,8,32-g27-path2.m", "64S50-32,8,32-g27-path5.m", "64S50-32,8,32-g27-path4.m", "64S50-32,8,32-g27-path6.m" ];
s`Name := "64S50-32,8,32-g27";
s`Passport := [ PowerSequence(PermutationGroup<64 |  
\[ 2, 9, 8, 7, 10, 1, 11, 12, 15, 27, 24, 28, 16, 23, 3, 26, 20, 22, 4, 25, 5, 29, 30, 6, 31, 32, 36, 13, 46, 51, 19, 33, 35, 37, 38, 14, 48, 50, 42, 44, 17, 45, 18, 47, 49, 21, 52, 53, 41, 54, 34, 43, 55, 39, 56, 57, 63, 60, 40, 61, 62, 59, 64, 58 ],
\[ 14, 23, 34, 21, 3, 36, 5, 37, 30, 8, 10, 48, 55, 13, 51, 56, 43, 6, 46, 18, 15, 1, 16, 27, 22, 57, 12, 53, 2, 26, 29, 63, 64, 33, 58, 28, 35, 60, 59, 19, 52, 40, 24, 4, 44, 9, 7, 38, 47, 61, 32, 11, 50, 62, 54, 39, 42, 41, 31, 17, 20, 25, 45, 49 ],
\[ 18, 22, 21, 40, 4, 43, 44, 5, 29, 7, 47, 10, 36, 6, 46, 14, 58, 17, 59, 60, 19, 20, 1, 52, 61, 23, 11, 27, 25, 2, 62, 30, 51, 15, 34, 24, 3, 37, 55, 39, 64, 56, 41, 42, 57, 31, 45, 8, 63, 48, 9, 49, 12, 53, 28, 13, 16, 33, 54, 35, 38, 50, 26, 32 ]:
 Order := 64 >) |
[ PermutationGroup<64 |  
\[ 2, 9, 8, 7, 10, 1, 11, 12, 15, 27, 24, 28, 16, 23, 3, 26, 20, 22, 4, 25, 5, 29, 30, 6, 31, 32, 36, 13, 46, 51, 19, 33, 35, 37, 38, 14, 48, 50, 42, 44, 17, 45, 18, 47, 49, 21, 52, 53, 41, 54, 34, 43, 55, 39, 56, 57, 63, 60, 40, 61, 62, 59, 64, 58 ],
\[ 14, 23, 34, 21, 3, 36, 5, 37, 30, 8, 10, 48, 55, 13, 51, 56, 43, 6, 46, 18, 15, 1, 16, 27, 22, 57, 12, 53, 2, 26, 29, 63, 64, 33, 58, 28, 35, 60, 59, 19, 52, 40, 24, 4, 44, 9, 7, 38, 47, 61, 32, 11, 50, 62, 54, 39, 42, 41, 31, 17, 20, 25, 45, 49 ],
\[ 18, 22, 21, 40, 4, 43, 44, 5, 29, 7, 47, 10, 36, 6, 46, 14, 58, 17, 59, 60, 19, 20, 1, 52, 61, 23, 11, 27, 25, 2, 62, 30, 51, 15, 34, 24, 3, 37, 55, 39, 64, 56, 41, 42, 57, 31, 45, 8, 63, 48, 9, 49, 12, 53, 28, 13, 16, 33, 54, 35, 38, 50, 26, 32 ]:
 Order := 64 > |
[ 6, 1, 15, 19, 21, 24, 4, 3, 2, 5, 7, 8, 28, 36, 9, 13, 41, 43, 31, 17, 46, 18, 14, 11, 20, 16, 10, 12, 22, 23, 25, 26, 32, 51, 33, 27, 34, 35, 54, 59, 49, 39, 52, 40, 42, 29, 44, 37, 45, 38, 30, 47, 48, 50, 53, 55, 56, 64, 62, 58, 60, 61, 57, 63 ],
[ 22, 29, 5, 44, 7, 18, 47, 10, 46, 11, 52, 27, 14, 1, 21, 23, 60, 20, 40, 61, 4, 25, 2, 43, 62, 30, 24, 36, 31, 9, 59, 51, 34, 3, 37, 6, 8, 48, 56, 42, 58, 57, 17, 45, 63, 19, 49, 12, 64, 53, 15, 41, 28, 55, 13, 16, 26, 35, 39, 38, 50, 54, 32, 33 ],
[ 23, 30, 37, 5, 8, 14, 10, 48, 51, 12, 27, 53, 56, 16, 34, 57, 18, 1, 21, 22, 3, 2, 26, 36, 29, 63, 28, 55, 9, 32, 46, 64, 58, 35, 60, 13, 38, 61, 40, 4, 43, 44, 6, 7, 47, 15, 11, 50, 52, 62, 33, 24, 54, 59, 39, 42, 45, 17, 19, 20, 25, 31, 49, 41 ]
],
[ PermutationGroup<64 |  
\[ 2, 9, 8, 7, 10, 1, 11, 12, 15, 27, 24, 28, 16, 23, 3, 26, 20, 22, 4, 25, 5, 29, 30, 6, 31, 32, 36, 13, 46, 51, 19, 33, 35, 37, 38, 14, 48, 50, 42, 44, 17, 45, 18, 47, 49, 21, 52, 53, 41, 54, 34, 43, 55, 39, 56, 57, 63, 60, 40, 61, 62, 59, 64, 58 ],
\[ 14, 23, 34, 21, 3, 36, 5, 37, 30, 8, 10, 48, 55, 13, 51, 56, 43, 6, 46, 18, 15, 1, 16, 27, 22, 57, 12, 53, 2, 26, 29, 63, 64, 33, 58, 28, 35, 60, 59, 19, 52, 40, 24, 4, 44, 9, 7, 38, 47, 61, 32, 11, 50, 62, 54, 39, 42, 41, 31, 17, 20, 25, 45, 49 ],
\[ 18, 22, 21, 40, 4, 43, 44, 5, 29, 7, 47, 10, 36, 6, 46, 14, 58, 17, 59, 60, 19, 20, 1, 52, 61, 23, 11, 27, 25, 2, 62, 30, 51, 15, 34, 24, 3, 37, 55, 39, 64, 56, 41, 42, 57, 31, 45, 8, 63, 48, 9, 49, 12, 53, 28, 13, 16, 33, 54, 35, 38, 50, 26, 32 ]:
 Order := 64 > |
[ 6, 1, 15, 19, 21, 24, 4, 3, 2, 5, 7, 8, 28, 36, 9, 13, 41, 43, 31, 17, 46, 18, 14, 11, 20, 16, 10, 12, 22, 23, 25, 26, 32, 51, 33, 27, 34, 35, 54, 59, 49, 39, 52, 40, 42, 29, 44, 37, 45, 38, 30, 47, 48, 50, 53, 55, 56, 64, 62, 58, 60, 61, 57, 63 ],
[ 62, 59, 47, 63, 49, 61, 64, 52, 40, 41, 58, 43, 22, 25, 44, 29, 48, 50, 57, 53, 45, 54, 31, 60, 55, 46, 17, 18, 39, 19, 56, 21, 5, 7, 10, 20, 11, 27, 23, 26, 37, 30, 38, 32, 51, 42, 33, 24, 34, 36, 4, 35, 6, 14, 1, 2, 9, 8, 16, 12, 28, 13, 15, 3 ],
[ 56, 57, 58, 34, 35, 55, 37, 60, 63, 38, 48, 61, 59, 39, 64, 40, 36, 13, 51, 14, 33, 16, 42, 53, 23, 44, 50, 62, 26, 45, 30, 47, 52, 41, 43, 54, 17, 18, 46, 15, 27, 21, 28, 3, 5, 32, 8, 20, 10, 22, 49, 12, 25, 29, 31, 19, 4, 24, 9, 6, 1, 2, 7, 11 ]
]
];

/*
Return for eval
*/

return s;
