s := SolvablePassportDBInitialize();

/*
Magma printing
*/

s`Filename := "64S53-4,32,2-g8.m";
s`GaloisOrbits := [ Strings() | "64S53-4,32,2-g8-path1-notcomputed.m" ];
s`Name := "64S53-4,32,2-g8";
s`Passport := [ PowerSequence(PermutationGroup<64 |  
\[ 6, 1, 4, 13, 2, 5, 8, 9, 15, 3, 12, 21, 10, 11, 7, 23, 16, 17, 20, 29, 14, 19, 18, 25, 26, 31, 28, 37, 22, 27, 24, 39, 32, 33, 36, 45, 30, 35, 34, 41, 42, 47, 44, 53, 38, 43, 40, 55, 48, 49, 52, 61, 46, 51, 50, 57, 58, 63, 60, 64, 54, 59, 56, 62 ],
\[ 3, 8, 11, 2, 13, 15, 1, 17, 5, 6, 19, 10, 21, 4, 23, 7, 25, 9, 27, 14, 29, 12, 31, 16, 33, 18, 35, 22, 37, 20, 39, 24, 41, 26, 43, 30, 45, 28, 47, 32, 49, 34, 51, 38, 53, 36, 55, 40, 57, 42, 59, 46, 61, 44, 63, 48, 60, 50, 58, 54, 64, 52, 62, 56 ],
\[ 4, 9, 12, 1, 10, 7, 6, 16, 2, 5, 20, 3, 14, 13, 18, 8, 26, 15, 28, 11, 22, 21, 24, 23, 32, 17, 36, 19, 30, 29, 34, 25, 42, 31, 44, 27, 38, 37, 40, 39, 48, 33, 52, 35, 46, 45, 50, 41, 58, 47, 60, 43, 54, 53, 56, 55, 64, 49, 63, 51, 62, 61, 59, 57 ]:
 Order := 64 >) |
[ PermutationGroup<64 |  
\[ 6, 1, 4, 13, 2, 5, 8, 9, 15, 3, 12, 21, 10, 11, 7, 23, 16, 17, 20, 29, 14, 19, 18, 25, 26, 31, 28, 37, 22, 27, 24, 39, 32, 33, 36, 45, 30, 35, 34, 41, 42, 47, 44, 53, 38, 43, 40, 55, 48, 49, 52, 61, 46, 51, 50, 57, 58, 63, 60, 64, 54, 59, 56, 62 ],
\[ 3, 8, 11, 2, 13, 15, 1, 17, 5, 6, 19, 10, 21, 4, 23, 7, 25, 9, 27, 14, 29, 12, 31, 16, 33, 18, 35, 22, 37, 20, 39, 24, 41, 26, 43, 30, 45, 28, 47, 32, 49, 34, 51, 38, 53, 36, 55, 40, 57, 42, 59, 46, 61, 44, 63, 48, 60, 50, 58, 54, 64, 52, 62, 56 ],
\[ 4, 9, 12, 1, 10, 7, 6, 16, 2, 5, 20, 3, 14, 13, 18, 8, 26, 15, 28, 11, 22, 21, 24, 23, 32, 17, 36, 19, 30, 29, 34, 25, 42, 31, 44, 27, 38, 37, 40, 39, 48, 33, 52, 35, 46, 45, 50, 41, 58, 47, 60, 43, 54, 53, 56, 55, 64, 49, 63, 51, 62, 61, 59, 57 ]:
 Order := 64 > |
[ 2, 5, 10, 3, 6, 1, 15, 7, 8, 13, 14, 11, 4, 21, 9, 17, 18, 23, 22, 19, 12, 29, 16, 31, 24, 25, 30, 27, 20, 37, 26, 33, 34, 39, 38, 35, 28, 45, 32, 47, 40, 41, 46, 43, 36, 53, 42, 49, 50, 55, 54, 51, 44, 61, 48, 63, 56, 57, 62, 59, 52, 64, 58, 60 ],
[ 7, 4, 1, 14, 9, 10, 16, 2, 18, 12, 3, 22, 5, 20, 6, 24, 8, 26, 11, 30, 13, 28, 15, 32, 17, 34, 19, 38, 21, 36, 23, 40, 25, 42, 27, 46, 29, 44, 31, 48, 33, 50, 35, 54, 37, 52, 39, 56, 41, 58, 43, 62, 45, 60, 47, 64, 49, 59, 51, 57, 53, 63, 55, 61 ],
[ 15, 3, 2, 21, 8, 13, 17, 5, 23, 11, 10, 29, 6, 19, 1, 31, 7, 25, 14, 37, 4, 27, 9, 33, 18, 39, 22, 45, 12, 35, 16, 47, 24, 41, 30, 53, 20, 43, 26, 49, 34, 55, 38, 61, 28, 51, 32, 63, 40, 57, 46, 64, 36, 59, 42, 60, 50, 62, 54, 56, 44, 58, 48, 52 ]
]
];

/*
Return for eval
*/

return s;
