s := SolvablePassportDBInitialize();

/*
Magma printing
*/

s`Filename := "64S5-8,4,8-g17.m";
s`GaloisOrbits := [ Strings() | "64S5-8,4,8-g17-path3-notcomputed.m", "64S5-8,4,8-g17-path6-notcomputed.m", "64S5-8,4,8-g17-path10-notcomputed.m", "64S5-8,4,8-g17-path9-notcomputed.m", "64S5-8,4,8-g17-path7-notcomputed.m", "64S5-8,4,8-g17-path8-notcomputed.m" ];
s`Name := "64S5-8,4,8-g17";
s`Passport := [ PowerSequence(PermutationGroup<64 |  
\[ 11, 32, 8, 24, 2, 5, 14, 33, 54, 13, 9, 35, 55, 27, 36, 7, 10, 1, 15, 17, 20, 16, 18, 12, 37, 3, 34, 30, 39, 40, 64, 31, 51, 63, 38, 28, 29, 56, 52, 58, 25, 26, 6, 4, 42, 41, 43, 44, 19, 21, 57, 60, 62, 53, 59, 48, 45, 49, 50, 46, 22, 23, 61, 47 ],
\[ 3, 10, 5, 18, 7, 4, 1, 28, 27, 11, 12, 2, 30, 29, 26, 15, 37, 20, 44, 6, 19, 43, 22, 36, 16, 25, 32, 14, 8, 35, 38, 33, 9, 40, 39, 17, 24, 54, 13, 51, 21, 23, 42, 41, 49, 45, 50, 47, 61, 62, 52, 34, 57, 55, 31, 58, 64, 59, 60, 56, 46, 48, 53, 63 ],
\[ 4, 3, 15, 19, 20, 22, 25, 1, 10, 36, 7, 37, 2, 5, 21, 23, 18, 42, 45, 41, 47, 49, 50, 6, 44, 43, 28, 24, 17, 8, 27, 12, 29, 9, 11, 16, 26, 30, 14, 13, 61, 46, 48, 62, 53, 59, 57, 60, 56, 58, 32, 35, 38, 33, 39, 31, 40, 34, 54, 51, 64, 63, 52, 55 ]:
 Order := 64 >) |
[ PermutationGroup<64 |  
\[ 11, 32, 8, 24, 2, 5, 14, 33, 54, 13, 9, 35, 55, 27, 36, 7, 10, 1, 15, 17, 20, 16, 18, 12, 37, 3, 34, 30, 39, 40, 64, 31, 51, 63, 38, 28, 29, 56, 52, 58, 25, 26, 6, 4, 42, 41, 43, 44, 19, 21, 57, 60, 62, 53, 59, 48, 45, 49, 50, 46, 22, 23, 61, 47 ],
\[ 3, 10, 5, 18, 7, 4, 1, 28, 27, 11, 12, 2, 30, 29, 26, 15, 37, 20, 44, 6, 19, 43, 22, 36, 16, 25, 32, 14, 8, 35, 38, 33, 9, 40, 39, 17, 24, 54, 13, 51, 21, 23, 42, 41, 49, 45, 50, 47, 61, 62, 52, 34, 57, 55, 31, 58, 64, 59, 60, 56, 46, 48, 53, 63 ],
\[ 4, 3, 15, 19, 20, 22, 25, 1, 10, 36, 7, 37, 2, 5, 21, 23, 18, 42, 45, 41, 47, 49, 50, 6, 44, 43, 28, 24, 17, 8, 27, 12, 29, 9, 11, 16, 26, 30, 14, 13, 61, 46, 48, 62, 53, 59, 57, 60, 56, 58, 32, 35, 38, 33, 39, 31, 40, 34, 54, 51, 64, 63, 52, 55 ]:
 Order := 64 > |
[ 18, 5, 26, 44, 6, 43, 16, 3, 11, 17, 1, 24, 10, 7, 19, 22, 20, 23, 49, 21, 50, 61, 62, 4, 41, 42, 14, 36, 37, 28, 32, 2, 8, 27, 12, 15, 25, 35, 29, 30, 46, 45, 47, 48, 57, 60, 64, 56, 58, 59, 33, 39, 54, 9, 13, 38, 51, 40, 55, 52, 63, 53, 34, 31 ],
[ 59, 61, 60, 52, 56, 51, 58, 47, 44, 46, 45, 49, 23, 62, 38, 31, 64, 34, 27, 40, 9, 39, 35, 53, 55, 54, 41, 50, 48, 22, 26, 21, 19, 6, 43, 57, 63, 25, 42, 4, 33, 30, 13, 32, 2, 12, 14, 28, 10, 29, 18, 20, 17, 16, 15, 1, 37, 3, 5, 7, 11, 8, 36, 24 ],
[ 61, 44, 62, 64, 45, 59, 47, 41, 26, 43, 21, 23, 25, 19, 63, 60, 49, 56, 55, 53, 52, 54, 51, 46, 57, 58, 18, 42, 22, 20, 17, 16, 6, 37, 15, 48, 50, 5, 4, 7, 38, 31, 34, 40, 39, 27, 35, 9, 33, 32, 36, 3, 14, 24, 1, 29, 11, 12, 28, 10, 30, 13, 2, 8 ]
],
[ PermutationGroup<64 |  
\[ 11, 32, 8, 24, 2, 5, 14, 33, 54, 13, 9, 35, 55, 27, 36, 7, 10, 1, 15, 17, 20, 16, 18, 12, 37, 3, 34, 30, 39, 40, 64, 31, 51, 63, 38, 28, 29, 56, 52, 58, 25, 26, 6, 4, 42, 41, 43, 44, 19, 21, 57, 60, 62, 53, 59, 48, 45, 49, 50, 46, 22, 23, 61, 47 ],
\[ 3, 10, 5, 18, 7, 4, 1, 28, 27, 11, 12, 2, 30, 29, 26, 15, 37, 20, 44, 6, 19, 43, 22, 36, 16, 25, 32, 14, 8, 35, 38, 33, 9, 40, 39, 17, 24, 54, 13, 51, 21, 23, 42, 41, 49, 45, 50, 47, 61, 62, 52, 34, 57, 55, 31, 58, 64, 59, 60, 56, 46, 48, 53, 63 ],
\[ 4, 3, 15, 19, 20, 22, 25, 1, 10, 36, 7, 37, 2, 5, 21, 23, 18, 42, 45, 41, 47, 49, 50, 6, 44, 43, 28, 24, 17, 8, 27, 12, 29, 9, 11, 16, 26, 30, 14, 13, 61, 46, 48, 62, 53, 59, 57, 60, 56, 58, 32, 35, 38, 33, 39, 31, 40, 34, 54, 51, 64, 63, 52, 55 ]:
 Order := 64 > |
[ 18, 5, 26, 44, 6, 43, 16, 3, 11, 17, 1, 24, 10, 7, 19, 22, 20, 23, 49, 21, 50, 61, 62, 4, 41, 42, 14, 36, 37, 28, 32, 2, 8, 27, 12, 15, 25, 35, 29, 30, 46, 45, 47, 48, 57, 60, 64, 56, 58, 59, 33, 39, 54, 9, 13, 38, 51, 40, 55, 52, 63, 53, 34, 31 ],
[ 35, 51, 30, 28, 13, 14, 39, 54, 59, 40, 34, 52, 64, 31, 10, 11, 9, 8, 3, 29, 5, 36, 17, 32, 12, 2, 58, 38, 55, 57, 61, 56, 60, 62, 53, 27, 33, 49, 63, 50, 7, 37, 24, 1, 18, 20, 26, 25, 4, 15, 47, 48, 44, 45, 46, 43, 19, 22, 23, 42, 6, 16, 41, 21 ],
[ 16, 24, 18, 43, 26, 21, 6, 37, 8, 5, 17, 1, 29, 36, 22, 41, 15, 44, 50, 23, 46, 62, 45, 25, 42, 19, 11, 3, 7, 10, 13, 14, 2, 39, 28, 4, 20, 32, 12, 27, 48, 47, 61, 49, 60, 63, 56, 53, 57, 64, 30, 33, 34, 35, 9, 52, 54, 38, 40, 55, 58, 59, 31, 51 ]
]
];

/*
Return for eval
*/

return s;
