s := SolvablePassportDBInitialize();

/*
Magma printing
*/

s`Filename := "64S5-8,8,4-g17.m";
s`GaloisOrbits := [ Strings() | "64S5-8,8,4-g17-path44.m", "64S5-8,8,4-g17-path35.m", "64S5-8,8,4-g17-path69.m", "64S5-8,8,4-g17-path6.m", "64S5-8,8,4-g17-path5.m", "64S5-8,8,4-g17-path25.m", "64S5-8,8,4-g17-path45.m", "64S5-8,8,4-g17-path18.m", "64S5-8,8,4-g17-path43.m", "64S5-8,8,4-g17-path70.m", "64S5-8,8,4-g17-path29.m", "64S5-8,8,4-g17-path24.m", "64S5-8,8,4-g17-path47.m", "64S5-8,8,4-g17-path7.m", "64S5-8,8,4-g17-path46.m", "64S5-8,8,4-g17-path42.m", "64S5-8,8,4-g17-path67.m", "64S5-8,8,4-g17-path71.m", "64S5-8,8,4-g17-path66.m", "64S5-8,8,4-g17-path48.m", "64S5-8,8,4-g17-path14.m", "64S5-8,8,4-g17-path72.m", "64S5-8,8,4-g17-path73.m", "64S5-8,8,4-g17-path3.m", "64S5-8,8,4-g17-path32.m", "64S5-8,8,4-g17-path41.m", "64S5-8,8,4-g17-path49.m", "64S5-8,8,4-g17-path2.m", "64S5-8,8,4-g17-path74.m", "64S5-8,8,4-g17-path75.m", "64S5-8,8,4-g17-path8.m", "64S5-8,8,4-g17-path50.m", "64S5-8,8,4-g17-path17.m", "64S5-8,8,4-g17-path76.m", "64S5-8,8,4-g17-path19.m", "64S5-8,8,4-g17-path77.m", "64S5-8,8,4-g17-path51.m", "64S5-8,8,4-g17-path40.m", "64S5-8,8,4-g17-path78.m", "64S5-8,8,4-g17-path1.m", "64S5-8,8,4-g17-path79.m", "64S5-8,8,4-g17-path21.m", "64S5-8,8,4-g17-path39.m", "64S5-8,8,4-g17-path52.m", "64S5-8,8,4-g17-path9.m", "64S5-8,8,4-g17-path80.m", "64S5-8,8,4-g17-path53.m", "64S5-8,8,4-g17-path63.m", "64S5-8,8,4-g17-path81.m", "64S5-8,8,4-g17-path38.m", "64S5-8,8,4-g17-path62.m", "64S5-8,8,4-g17-path31.m", "64S5-8,8,4-g17-path54.m", "64S5-8,8,4-g17-path13.m", "64S5-8,8,4-g17-path10.m", "64S5-8,8,4-g17-path16.m", "64S5-8,8,4-g17-path61.m", "64S5-8,8,4-g17-path37.m", "64S5-8,8,4-g17-path28.m", "64S5-8,8,4-g17-path82.m", "64S5-8,8,4-g17-path55.m", "64S5-8,8,4-g17-path34.m", "64S5-8,8,4-g17-path83.m", "64S5-8,8,4-g17-path56.m", "64S5-8,8,4-g17-path64.m", "64S5-8,8,4-g17-path84.m", "64S5-8,8,4-g17-path85.m", "64S5-8,8,4-g17-path11.m", "64S5-8,8,4-g17-path86.m", "64S5-8,8,4-g17-path57.m", "64S5-8,8,4-g17-path65.m", "64S5-8,8,4-g17-path26.m", "64S5-8,8,4-g17-path15.m", "64S5-8,8,4-g17-path33.m", "64S5-8,8,4-g17-path12.m", "64S5-8,8,4-g17-path30.m", "64S5-8,8,4-g17-path87.m", "64S5-8,8,4-g17-path59.m", "64S5-8,8,4-g17-path88.m", "64S5-8,8,4-g17-path22.m", "64S5-8,8,4-g17-path89.m", "64S5-8,8,4-g17-path60.m", "64S5-8,8,4-g17-path27.m", "64S5-8,8,4-g17-path20.m", "64S5-8,8,4-g17-path58.m", "64S5-8,8,4-g17-path68.m", "64S5-8,8,4-g17-path36.m", "64S5-8,8,4-g17-path90.m", "64S5-8,8,4-g17-path23.m", "64S5-8,8,4-g17-path4.m" ];
s`Name := "64S5-8,8,4-g17";
s`Passport := [ PowerSequence(PermutationGroup<64 |  
\[ 12, 39, 8, 59, 2, 5, 27, 53, 36, 14, 31, 9, 3, 64, 35, 20, 43, 15, 18, 45, 19, 1, 32, 21, 24, 48, 30, 47, 22, 44, 40, 29, 11, 17, 41, 23, 52, 51, 38, 10, 25, 50, 54, 42, 62, 49, 7, 58, 6, 28, 46, 55, 61, 16, 60, 37, 4, 56, 13, 26, 57, 34, 33, 63 ],
\[ 3, 10, 16, 22, 18, 27, 1, 36, 35, 20, 5, 44, 2, 51, 38, 42, 13, 52, 12, 61, 43, 31, 57, 6, 48, 4, 54, 49, 21, 39, 37, 47, 17, 7, 45, 64, 8, 50, 53, 9, 32, 23, 40, 55, 63, 33, 58, 11, 59, 62, 25, 14, 60, 15, 41, 30, 34, 19, 56, 28, 46, 24, 29, 26 ],
\[ 4, 11, 17, 23, 24, 28, 32, 1, 19, 43, 46, 7, 49, 2, 5, 27, 57, 58, 29, 3, 62, 63, 8, 51, 55, 53, 34, 38, 41, 6, 48, 42, 45, 50, 54, 40, 59, 30, 13, 22, 9, 12, 33, 56, 10, 14, 60, 64, 61, 16, 15, 31, 37, 21, 18, 47, 20, 25, 26, 44, 39, 35, 36, 52 ]:
 Order := 64 >) |
[ PermutationGroup<64 |  
\[ 12, 39, 8, 59, 2, 5, 27, 53, 36, 14, 31, 9, 3, 64, 35, 20, 43, 15, 18, 45, 19, 1, 32, 21, 24, 48, 30, 47, 22, 44, 40, 29, 11, 17, 41, 23, 52, 51, 38, 10, 25, 50, 54, 42, 62, 49, 7, 58, 6, 28, 46, 55, 61, 16, 60, 37, 4, 56, 13, 26, 57, 34, 33, 63 ],
\[ 3, 10, 16, 22, 18, 27, 1, 36, 35, 20, 5, 44, 2, 51, 38, 42, 13, 52, 12, 61, 43, 31, 57, 6, 48, 4, 54, 49, 21, 39, 37, 47, 17, 7, 45, 64, 8, 50, 53, 9, 32, 23, 40, 55, 63, 33, 58, 11, 59, 62, 25, 14, 60, 15, 41, 30, 34, 19, 56, 28, 46, 24, 29, 26 ],
\[ 4, 11, 17, 23, 24, 28, 32, 1, 19, 43, 46, 7, 49, 2, 5, 27, 57, 58, 29, 3, 62, 63, 8, 51, 55, 53, 34, 38, 41, 6, 48, 42, 45, 50, 54, 40, 59, 30, 13, 22, 9, 12, 33, 56, 10, 14, 60, 64, 61, 16, 15, 31, 37, 21, 18, 47, 20, 25, 26, 44, 39, 35, 36, 52 ]:
 Order := 64 > |
[ 12, 39, 8, 59, 2, 5, 27, 53, 36, 14, 31, 9, 3, 64, 35, 20, 43, 15, 18, 45, 19, 1, 32, 21, 24, 48, 30, 47, 22, 44, 40, 29, 11, 17, 41, 23, 52, 51, 38, 10, 25, 50, 54, 42, 62, 49, 7, 58, 6, 28, 46, 55, 61, 16, 60, 37, 4, 56, 13, 26, 57, 34, 33, 63 ],
[ 18, 44, 52, 6, 3, 31, 5, 38, 53, 55, 1, 10, 12, 23, 36, 14, 19, 16, 2, 41, 56, 27, 25, 22, 34, 24, 37, 29, 59, 9, 54, 33, 58, 11, 60, 50, 15, 64, 35, 39, 46, 51, 30, 20, 28, 47, 17, 7, 21, 26, 57, 42, 45, 8, 61, 40, 48, 13, 43, 63, 32, 4, 49, 62 ],
[ 24, 7, 58, 51, 4, 63, 46, 5, 13, 56, 32, 11, 29, 12, 1, 31, 25, 17, 49, 18, 26, 28, 15, 23, 20, 35, 48, 36, 61, 22, 34, 14, 60, 64, 37, 30, 21, 40, 19, 6, 39, 2, 47, 43, 44, 42, 45, 50, 41, 52, 8, 27, 54, 59, 3, 33, 55, 57, 62, 10, 9, 53, 38, 16 ]
],
[ PermutationGroup<64 |  
\[ 12, 39, 8, 59, 2, 5, 27, 53, 36, 14, 31, 9, 3, 64, 35, 20, 43, 15, 18, 45, 19, 1, 32, 21, 24, 48, 30, 47, 22, 44, 40, 29, 11, 17, 41, 23, 52, 51, 38, 10, 25, 50, 54, 42, 62, 49, 7, 58, 6, 28, 46, 55, 61, 16, 60, 37, 4, 56, 13, 26, 57, 34, 33, 63 ],
\[ 3, 10, 16, 22, 18, 27, 1, 36, 35, 20, 5, 44, 2, 51, 38, 42, 13, 52, 12, 61, 43, 31, 57, 6, 48, 4, 54, 49, 21, 39, 37, 47, 17, 7, 45, 64, 8, 50, 53, 9, 32, 23, 40, 55, 63, 33, 58, 11, 59, 62, 25, 14, 60, 15, 41, 30, 34, 19, 56, 28, 46, 24, 29, 26 ],
\[ 4, 11, 17, 23, 24, 28, 32, 1, 19, 43, 46, 7, 49, 2, 5, 27, 57, 58, 29, 3, 62, 63, 8, 51, 55, 53, 34, 38, 41, 6, 48, 42, 45, 50, 54, 40, 59, 30, 13, 22, 9, 12, 33, 56, 10, 14, 60, 64, 61, 16, 15, 31, 37, 21, 18, 47, 20, 25, 26, 44, 39, 35, 36, 52 ]:
 Order := 64 > |
[ 12, 39, 8, 59, 2, 5, 27, 53, 36, 14, 31, 9, 3, 64, 35, 20, 43, 15, 18, 45, 19, 1, 32, 21, 24, 48, 30, 47, 22, 44, 40, 29, 11, 17, 41, 23, 52, 51, 38, 10, 25, 50, 54, 42, 62, 49, 7, 58, 6, 28, 46, 55, 61, 16, 60, 37, 4, 56, 13, 26, 57, 34, 33, 63 ],
[ 35, 50, 60, 2, 53, 10, 39, 46, 57, 26, 9, 64, 36, 29, 32, 63, 15, 45, 38, 24, 52, 44, 21, 12, 43, 19, 55, 1, 3, 23, 20, 31, 37, 40, 48, 47, 41, 33, 25, 51, 6, 49, 42, 62, 7, 27, 54, 30, 18, 58, 59, 28, 34, 61, 4, 14, 56, 8, 16, 11, 22, 13, 5, 17 ],
[ 61, 63, 62, 9, 41, 42, 36, 29, 24, 34, 38, 28, 51, 6, 49, 47, 53, 26, 23, 59, 20, 14, 13, 39, 37, 3, 45, 2, 15, 46, 60, 30, 16, 44, 17, 11, 57, 7, 4, 32, 1, 22, 64, 48, 31, 40, 52, 10, 8, 43, 19, 33, 58, 25, 21, 50, 54, 35, 55, 27, 5, 18, 12, 56 ]
]
];

/*
Return for eval
*/

return s;
