s := SolvablePassportDBInitialize();

/*
Magma printing
*/

s`Filename := "64S51-32,32,16-g29.m";
s`GaloisOrbits := [ Strings() | "64S51-32,32,16-g29-path7.m", "64S51-32,32,16-g29-path4.m", "64S51-32,32,16-g29-path3.m", "64S51-32,32,16-g29-path8.m" ];
s`Name := "64S51-32,32,16-g29";
s`Passport := [ PowerSequence(PermutationGroup<64 |  
\[ 2, 9, 8, 18, 11, 1, 23, 28, 29, 13, 14, 3, 33, 17, 5, 10, 32, 12, 26, 7, 4, 27, 16, 20, 6, 25, 15, 31, 30, 34, 35, 44, 45, 47, 46, 42, 22, 19, 43, 37, 21, 41, 24, 49, 48, 60, 61, 50, 51, 64, 52, 58, 39, 36, 59, 53, 38, 57, 40, 63, 62, 55, 56, 54 ],
\[ 3, 10, 14, 6, 16, 23, 1, 29, 28, 17, 8, 2, 30, 13, 12, 9, 31, 5, 21, 15, 27, 4, 11, 25, 18, 20, 7, 32, 33, 35, 34, 45, 44, 48, 49, 38, 24, 43, 19, 41, 26, 37, 22, 46, 47, 61, 60, 51, 50, 62, 63, 54, 40, 59, 36, 57, 42, 53, 39, 52, 64, 56, 55, 58 ],
\[ 4, 7, 15, 19, 20, 24, 26, 1, 12, 5, 18, 25, 2, 23, 21, 6, 3, 22, 36, 37, 40, 42, 27, 38, 41, 39, 43, 11, 16, 8, 9, 10, 14, 13, 17, 52, 53, 56, 58, 54, 57, 55, 59, 28, 29, 30, 31, 32, 33, 34, 35, 48, 62, 61, 50, 51, 64, 60, 63, 44, 45, 46, 47, 49 ]:
 Order := 64 >) |
[ PermutationGroup<64 |  
\[ 2, 9, 8, 18, 11, 1, 23, 28, 29, 13, 14, 3, 33, 17, 5, 10, 32, 12, 26, 7, 4, 27, 16, 20, 6, 25, 15, 31, 30, 34, 35, 44, 45, 47, 46, 42, 22, 19, 43, 37, 21, 41, 24, 49, 48, 60, 61, 50, 51, 64, 52, 58, 39, 36, 59, 53, 38, 57, 40, 63, 62, 55, 56, 54 ],
\[ 3, 10, 14, 6, 16, 23, 1, 29, 28, 17, 8, 2, 30, 13, 12, 9, 31, 5, 21, 15, 27, 4, 11, 25, 18, 20, 7, 32, 33, 35, 34, 45, 44, 48, 49, 38, 24, 43, 19, 41, 26, 37, 22, 46, 47, 61, 60, 51, 50, 62, 63, 54, 40, 59, 36, 57, 42, 53, 39, 52, 64, 56, 55, 58 ],
\[ 4, 7, 15, 19, 20, 24, 26, 1, 12, 5, 18, 25, 2, 23, 21, 6, 3, 22, 36, 37, 40, 42, 27, 38, 41, 39, 43, 11, 16, 8, 9, 10, 14, 13, 17, 52, 53, 56, 58, 54, 57, 55, 59, 28, 29, 30, 31, 32, 33, 34, 35, 48, 62, 61, 50, 51, 64, 60, 63, 44, 45, 46, 47, 49 ]:
 Order := 64 > |
[ 2, 9, 8, 18, 11, 1, 23, 28, 29, 13, 14, 3, 33, 17, 5, 10, 32, 12, 26, 7, 4, 27, 16, 20, 6, 25, 15, 31, 30, 34, 35, 44, 45, 47, 46, 42, 22, 19, 43, 37, 21, 41, 24, 49, 48, 60, 61, 50, 51, 64, 52, 58, 39, 36, 59, 53, 38, 57, 40, 63, 62, 55, 56, 54 ],
[ 3, 10, 14, 6, 16, 23, 1, 29, 28, 17, 8, 2, 30, 13, 12, 9, 31, 5, 21, 15, 27, 4, 11, 25, 18, 20, 7, 32, 33, 35, 34, 45, 44, 48, 49, 38, 24, 43, 19, 41, 26, 37, 22, 46, 47, 61, 60, 51, 50, 62, 63, 54, 40, 59, 36, 57, 42, 53, 39, 52, 64, 56, 55, 58 ],
[ 4, 7, 15, 19, 20, 24, 26, 1, 12, 5, 18, 25, 2, 23, 21, 6, 3, 22, 36, 37, 40, 42, 27, 38, 41, 39, 43, 11, 16, 8, 9, 10, 14, 13, 17, 52, 53, 56, 58, 54, 57, 55, 59, 28, 29, 30, 31, 32, 33, 34, 35, 48, 62, 61, 50, 51, 64, 60, 63, 44, 45, 46, 47, 49 ]
],
[ PermutationGroup<64 |  
\[ 2, 9, 8, 18, 11, 1, 23, 28, 29, 13, 14, 3, 33, 17, 5, 10, 32, 12, 26, 7, 4, 27, 16, 20, 6, 25, 15, 31, 30, 34, 35, 44, 45, 47, 46, 42, 22, 19, 43, 37, 21, 41, 24, 49, 48, 60, 61, 50, 51, 64, 52, 58, 39, 36, 59, 53, 38, 57, 40, 63, 62, 55, 56, 54 ],
\[ 3, 10, 14, 6, 16, 23, 1, 29, 28, 17, 8, 2, 30, 13, 12, 9, 31, 5, 21, 15, 27, 4, 11, 25, 18, 20, 7, 32, 33, 35, 34, 45, 44, 48, 49, 38, 24, 43, 19, 41, 26, 37, 22, 46, 47, 61, 60, 51, 50, 62, 63, 54, 40, 59, 36, 57, 42, 53, 39, 52, 64, 56, 55, 58 ],
\[ 4, 7, 15, 19, 20, 24, 26, 1, 12, 5, 18, 25, 2, 23, 21, 6, 3, 22, 36, 37, 40, 42, 27, 38, 41, 39, 43, 11, 16, 8, 9, 10, 14, 13, 17, 52, 53, 56, 58, 54, 57, 55, 59, 28, 29, 30, 31, 32, 33, 34, 35, 48, 62, 61, 50, 51, 64, 60, 63, 44, 45, 46, 47, 49 ]:
 Order := 64 > |
[ 2, 9, 8, 18, 11, 1, 23, 28, 29, 13, 14, 3, 33, 17, 5, 10, 32, 12, 26, 7, 4, 27, 16, 20, 6, 25, 15, 31, 30, 34, 35, 44, 45, 47, 46, 42, 22, 19, 43, 37, 21, 41, 24, 49, 48, 60, 61, 50, 51, 64, 52, 58, 39, 36, 59, 53, 38, 57, 40, 63, 62, 55, 56, 54 ],
[ 24, 4, 25, 40, 21, 41, 37, 15, 7, 6, 20, 22, 5, 18, 43, 27, 23, 19, 56, 38, 57, 53, 26, 59, 39, 36, 42, 1, 12, 16, 11, 3, 2, 8, 9, 61, 54, 64, 62, 63, 55, 52, 58, 10, 14, 17, 13, 29, 28, 32, 33, 35, 51, 49, 46, 47, 60, 48, 50, 30, 31, 45, 44, 34 ],
[ 10, 28, 29, 5, 8, 3, 11, 32, 33, 30, 13, 14, 44, 31, 16, 17, 45, 2, 20, 1, 6, 7, 9, 15, 23, 18, 12, 34, 35, 48, 49, 46, 47, 60, 61, 37, 4, 21, 22, 24, 27, 26, 25, 50, 51, 52, 64, 62, 63, 58, 54, 53, 19, 38, 39, 40, 43, 42, 41, 55, 56, 36, 57, 59 ]
],
[ PermutationGroup<64 |  
\[ 2, 9, 8, 18, 11, 1, 23, 28, 29, 13, 14, 3, 33, 17, 5, 10, 32, 12, 26, 7, 4, 27, 16, 20, 6, 25, 15, 31, 30, 34, 35, 44, 45, 47, 46, 42, 22, 19, 43, 37, 21, 41, 24, 49, 48, 60, 61, 50, 51, 64, 52, 58, 39, 36, 59, 53, 38, 57, 40, 63, 62, 55, 56, 54 ],
\[ 3, 10, 14, 6, 16, 23, 1, 29, 28, 17, 8, 2, 30, 13, 12, 9, 31, 5, 21, 15, 27, 4, 11, 25, 18, 20, 7, 32, 33, 35, 34, 45, 44, 48, 49, 38, 24, 43, 19, 41, 26, 37, 22, 46, 47, 61, 60, 51, 50, 62, 63, 54, 40, 59, 36, 57, 42, 53, 39, 52, 64, 56, 55, 58 ],
\[ 4, 7, 15, 19, 20, 24, 26, 1, 12, 5, 18, 25, 2, 23, 21, 6, 3, 22, 36, 37, 40, 42, 27, 38, 41, 39, 43, 11, 16, 8, 9, 10, 14, 13, 17, 52, 53, 56, 58, 54, 57, 55, 59, 28, 29, 30, 31, 32, 33, 34, 35, 48, 62, 61, 50, 51, 64, 60, 63, 44, 45, 46, 47, 49 ]:
 Order := 64 > |
[ 2, 9, 8, 18, 11, 1, 23, 28, 29, 13, 14, 3, 33, 17, 5, 10, 32, 12, 26, 7, 4, 27, 16, 20, 6, 25, 15, 31, 30, 34, 35, 44, 45, 47, 46, 42, 22, 19, 43, 37, 21, 41, 24, 49, 48, 60, 61, 50, 51, 64, 52, 58, 39, 36, 59, 53, 38, 57, 40, 63, 62, 55, 56, 54 ],
[ 54, 53, 59, 51, 56, 63, 52, 38, 42, 40, 36, 58, 19, 39, 64, 57, 41, 62, 45, 61, 47, 48, 55, 49, 50, 46, 60, 37, 43, 21, 26, 24, 22, 20, 27, 17, 35, 31, 32, 33, 44, 30, 34, 4, 25, 6, 18, 15, 7, 1, 12, 16, 29, 9, 10, 14, 13, 8, 28, 5, 23, 3, 2, 11 ],
[ 46, 50, 51, 30, 48, 45, 34, 62, 63, 52, 60, 47, 55, 64, 35, 61, 56, 44, 8, 32, 17, 28, 49, 29, 31, 13, 33, 58, 54, 53, 59, 36, 57, 42, 38, 1, 10, 16, 2, 3, 9, 11, 14, 39, 40, 37, 43, 19, 41, 22, 24, 4, 5, 15, 18, 6, 12, 7, 23, 26, 21, 20, 27, 25 ]
],
[ PermutationGroup<64 |  
\[ 2, 9, 8, 18, 11, 1, 23, 28, 29, 13, 14, 3, 33, 17, 5, 10, 32, 12, 26, 7, 4, 27, 16, 20, 6, 25, 15, 31, 30, 34, 35, 44, 45, 47, 46, 42, 22, 19, 43, 37, 21, 41, 24, 49, 48, 60, 61, 50, 51, 64, 52, 58, 39, 36, 59, 53, 38, 57, 40, 63, 62, 55, 56, 54 ],
\[ 3, 10, 14, 6, 16, 23, 1, 29, 28, 17, 8, 2, 30, 13, 12, 9, 31, 5, 21, 15, 27, 4, 11, 25, 18, 20, 7, 32, 33, 35, 34, 45, 44, 48, 49, 38, 24, 43, 19, 41, 26, 37, 22, 46, 47, 61, 60, 51, 50, 62, 63, 54, 40, 59, 36, 57, 42, 53, 39, 52, 64, 56, 55, 58 ],
\[ 4, 7, 15, 19, 20, 24, 26, 1, 12, 5, 18, 25, 2, 23, 21, 6, 3, 22, 36, 37, 40, 42, 27, 38, 41, 39, 43, 11, 16, 8, 9, 10, 14, 13, 17, 52, 53, 56, 58, 54, 57, 55, 59, 28, 29, 30, 31, 32, 33, 34, 35, 48, 62, 61, 50, 51, 64, 60, 63, 44, 45, 46, 47, 49 ]:
 Order := 64 > |
[ 2, 9, 8, 18, 11, 1, 23, 28, 29, 13, 14, 3, 33, 17, 5, 10, 32, 12, 26, 7, 4, 27, 16, 20, 6, 25, 15, 31, 30, 34, 35, 44, 45, 47, 46, 42, 22, 19, 43, 37, 21, 41, 24, 49, 48, 60, 61, 50, 51, 64, 52, 58, 39, 36, 59, 53, 38, 57, 40, 63, 62, 55, 56, 54 ],
[ 35, 48, 49, 29, 45, 33, 30, 61, 60, 51, 46, 34, 62, 50, 31, 47, 63, 32, 3, 17, 14, 8, 44, 9, 28, 10, 13, 52, 64, 56, 55, 54, 58, 36, 57, 6, 16, 23, 1, 12, 2, 5, 11, 53, 59, 40, 39, 38, 42, 37, 43, 21, 15, 27, 4, 25, 18, 20, 7, 19, 41, 24, 22, 26 ],
[ 36, 39, 40, 52, 53, 56, 58, 19, 41, 37, 42, 57, 26, 43, 54, 38, 21, 55, 48, 62, 61, 50, 59, 51, 64, 60, 63, 22, 24, 4, 25, 20, 27, 7, 15, 32, 46, 35, 44, 45, 49, 34, 47, 18, 6, 1, 12, 5, 23, 2, 3, 10, 30, 29, 13, 17, 33, 28, 31, 11, 16, 8, 9, 14 ]
]
];

/*
Return for eval
*/

return s;
