s := SolvablePassportDBInitialize();

/*
Magma printing
*/

s`Filename := "64S6-8,8,2-g9.m";
s`GaloisOrbits := [ Strings() | "64S6-8,8,2-g9-path51.m", "64S6-8,8,2-g9-path93.m", "64S6-8,8,2-g9-path68.m", "64S6-8,8,2-g9-path77.m", "64S6-8,8,2-g9-path71.m", "64S6-8,8,2-g9-path50.m", "64S6-8,8,2-g9-path49.m", "64S6-8,8,2-g9-path33.m", "64S6-8,8,2-g9-path92.m", "64S6-8,8,2-g9-path72.m", "64S6-8,8,2-g9-path48.m", "64S6-8,8,2-g9-path47.m", "64S6-8,8,2-g9-path91.m", "64S6-8,8,2-g9-path19.m", "64S6-8,8,2-g9-path102.m", "64S6-8,8,2-g9-path4.m", "64S6-8,8,2-g9-path2.m", "64S6-8,8,2-g9-path46.m", "64S6-8,8,2-g9-path45.m", "64S6-8,8,2-g9-path32.m", "64S6-8,8,2-g9-path11.m", "64S6-8,8,2-g9-path81.m", "64S6-8,8,2-g9-path70.m", "64S6-8,8,2-g9-path84.m", "64S6-8,8,2-g9-path90.m", "64S6-8,8,2-g9-path31.m", "64S6-8,8,2-g9-path20.m", "64S6-8,8,2-g9-path44.m", "64S6-8,8,2-g9-path7.m", "64S6-8,8,2-g9-path43.m", "64S6-8,8,2-g9-path14.m", "64S6-8,8,2-g9-path75.m", "64S6-8,8,2-g9-path85.m", "64S6-8,8,2-g9-path23.m", "64S6-8,8,2-g9-path89.m", "64S6-8,8,2-g9-path69.m", "64S6-8,8,2-g9-path63.m", "64S6-8,8,2-g9-path42.m", "64S6-8,8,2-g9-path41.m", "64S6-8,8,2-g9-path3.m", "64S6-8,8,2-g9-path83.m", "64S6-8,8,2-g9-path18.m", "64S6-8,8,2-g9-path24.m", "64S6-8,8,2-g9-path66.m", "64S6-8,8,2-g9-path10.m", "64S6-8,8,2-g9-path6.m", "64S6-8,8,2-g9-path88.m", "64S6-8,8,2-g9-path28.m", "64S6-8,8,2-g9-path15.m", "64S6-8,8,2-g9-path40.m", "64S6-8,8,2-g9-path79.m", "64S6-8,8,2-g9-path39.m", "64S6-8,8,2-g9-path30.m", "64S6-8,8,2-g9-path29.m", "64S6-8,8,2-g9-path52.m", "64S6-8,8,2-g9-path34.m", "64S6-8,8,2-g9-path12.m", "64S6-8,8,2-g9-path64.m", "64S6-8,8,2-g9-path94.m", "64S6-8,8,2-g9-path17.m", "64S6-8,8,2-g9-path101.m", "64S6-8,8,2-g9-path53.m", "64S6-8,8,2-g9-path95.m", "64S6-8,8,2-g9-path54.m", "64S6-8,8,2-g9-path78.m", "64S6-8,8,2-g9-path26.m", "64S6-8,8,2-g9-path62.m", "64S6-8,8,2-g9-path13.m", "64S6-8,8,2-g9-path65.m", "64S6-8,8,2-g9-path67.m", "64S6-8,8,2-g9-path96.m", "64S6-8,8,2-g9-path9.m", "64S6-8,8,2-g9-path55.m", "64S6-8,8,2-g9-path25.m", "64S6-8,8,2-g9-path27.m", "64S6-8,8,2-g9-path61.m", "64S6-8,8,2-g9-path86.m", "64S6-8,8,2-g9-path56.m", "64S6-8,8,2-g9-path73.m", "64S6-8,8,2-g9-path97.m", "64S6-8,8,2-g9-path35.m", "64S6-8,8,2-g9-path22.m", "64S6-8,8,2-g9-path36.m", "64S6-8,8,2-g9-path57.m", "64S6-8,8,2-g9-path58.m", "64S6-8,8,2-g9-path21.m", "64S6-8,8,2-g9-path16.m", "64S6-8,8,2-g9-path1.m", "64S6-8,8,2-g9-path5.m", "64S6-8,8,2-g9-path82.m", "64S6-8,8,2-g9-path98.m", "64S6-8,8,2-g9-path8.m", "64S6-8,8,2-g9-path37.m", "64S6-8,8,2-g9-path76.m", "64S6-8,8,2-g9-path59.m", "64S6-8,8,2-g9-path60.m", "64S6-8,8,2-g9-path87.m", "64S6-8,8,2-g9-path38.m", "64S6-8,8,2-g9-path99.m", "64S6-8,8,2-g9-path80.m", "64S6-8,8,2-g9-path74.m", "64S6-8,8,2-g9-path100.m" ];
s`Name := "64S6-8,8,2-g9";
s`Passport := [ PowerSequence(PermutationGroup<64 |  
\[ 11, 28, 4, 37, 2, 5, 33, 52, 10, 24, 8, 55, 18, 15, 46, 13, 16, 27, 1, 25, 22, 32, 19, 29, 56, 60, 35, 26, 64, 31, 20, 7, 51, 36, 54, 63, 12, 34, 40, 47, 30, 41, 3, 23, 43, 38, 9, 6, 17, 48, 57, 53, 44, 49, 59, 58, 61, 42, 45, 50, 21, 14, 62, 39 ],
\[ 3, 9, 14, 19, 16, 21, 1, 18, 30, 5, 32, 2, 6, 39, 43, 41, 44, 46, 40, 4, 42, 48, 49, 38, 7, 33, 11, 37, 8, 17, 47, 15, 20, 10, 25, 12, 31, 13, 60, 62, 61, 59, 50, 57, 58, 22, 23, 45, 63, 64, 28, 24, 55, 26, 34, 27, 36, 29, 52, 35, 53, 54, 51, 56 ],
\[ 4, 10, 15, 1, 13, 22, 11, 27, 31, 2, 7, 28, 5, 40, 3, 30, 23, 38, 47, 37, 41, 6, 17, 34, 33, 51, 8, 12, 52, 16, 9, 46, 25, 24, 56, 55, 20, 18, 50, 14, 21, 45, 48, 61, 42, 32, 19, 43, 62, 39, 26, 29, 59, 60, 36, 35, 63, 64, 53, 54, 44, 49, 57, 58 ]:
 Order := 64 >) |
[ PermutationGroup<64 |  
\[ 11, 28, 4, 37, 2, 5, 33, 52, 10, 24, 8, 55, 18, 15, 46, 13, 16, 27, 1, 25, 22, 32, 19, 29, 56, 60, 35, 26, 64, 31, 20, 7, 51, 36, 54, 63, 12, 34, 40, 47, 30, 41, 3, 23, 43, 38, 9, 6, 17, 48, 57, 53, 44, 49, 59, 58, 61, 42, 45, 50, 21, 14, 62, 39 ],
\[ 3, 9, 14, 19, 16, 21, 1, 18, 30, 5, 32, 2, 6, 39, 43, 41, 44, 46, 40, 4, 42, 48, 49, 38, 7, 33, 11, 37, 8, 17, 47, 15, 20, 10, 25, 12, 31, 13, 60, 62, 61, 59, 50, 57, 58, 22, 23, 45, 63, 64, 28, 24, 55, 26, 34, 27, 36, 29, 52, 35, 53, 54, 51, 56 ],
\[ 4, 10, 15, 1, 13, 22, 11, 27, 31, 2, 7, 28, 5, 40, 3, 30, 23, 38, 47, 37, 41, 6, 17, 34, 33, 51, 8, 12, 52, 16, 9, 46, 25, 24, 56, 55, 20, 18, 50, 14, 21, 45, 48, 61, 42, 32, 19, 43, 62, 39, 26, 29, 59, 60, 36, 35, 63, 64, 53, 54, 44, 49, 57, 58 ]:
 Order := 64 > |
[ 11, 28, 4, 37, 2, 5, 33, 52, 10, 24, 8, 55, 18, 15, 46, 13, 16, 27, 1, 25, 22, 32, 19, 29, 56, 60, 35, 26, 64, 31, 20, 7, 51, 36, 54, 63, 12, 34, 40, 47, 30, 41, 3, 23, 43, 38, 9, 6, 17, 48, 57, 53, 44, 49, 59, 58, 61, 42, 45, 50, 21, 14, 62, 39 ],
[ 3, 9, 14, 19, 16, 21, 1, 18, 30, 5, 32, 2, 6, 39, 43, 41, 44, 46, 40, 4, 42, 48, 49, 38, 7, 33, 11, 37, 8, 17, 47, 15, 20, 10, 25, 12, 31, 13, 60, 62, 61, 59, 50, 57, 58, 22, 23, 45, 63, 64, 28, 24, 55, 26, 34, 27, 36, 29, 52, 35, 53, 54, 51, 56 ],
[ 4, 10, 15, 1, 13, 22, 11, 27, 31, 2, 7, 28, 5, 40, 3, 30, 23, 38, 47, 37, 41, 6, 17, 34, 33, 51, 8, 12, 52, 16, 9, 46, 25, 24, 56, 55, 20, 18, 50, 14, 21, 45, 48, 61, 42, 32, 19, 43, 62, 39, 26, 29, 59, 60, 36, 35, 63, 64, 53, 54, 44, 49, 57, 58 ]
],
[ PermutationGroup<64 |  
\[ 11, 28, 4, 37, 2, 5, 33, 52, 10, 24, 8, 55, 18, 15, 46, 13, 16, 27, 1, 25, 22, 32, 19, 29, 56, 60, 35, 26, 64, 31, 20, 7, 51, 36, 54, 63, 12, 34, 40, 47, 30, 41, 3, 23, 43, 38, 9, 6, 17, 48, 57, 53, 44, 49, 59, 58, 61, 42, 45, 50, 21, 14, 62, 39 ],
\[ 3, 9, 14, 19, 16, 21, 1, 18, 30, 5, 32, 2, 6, 39, 43, 41, 44, 46, 40, 4, 42, 48, 49, 38, 7, 33, 11, 37, 8, 17, 47, 15, 20, 10, 25, 12, 31, 13, 60, 62, 61, 59, 50, 57, 58, 22, 23, 45, 63, 64, 28, 24, 55, 26, 34, 27, 36, 29, 52, 35, 53, 54, 51, 56 ],
\[ 4, 10, 15, 1, 13, 22, 11, 27, 31, 2, 7, 28, 5, 40, 3, 30, 23, 38, 47, 37, 41, 6, 17, 34, 33, 51, 8, 12, 52, 16, 9, 46, 25, 24, 56, 55, 20, 18, 50, 14, 21, 45, 48, 61, 42, 32, 19, 43, 62, 39, 26, 29, 59, 60, 36, 35, 63, 64, 53, 54, 44, 49, 57, 58 ]:
 Order := 64 > |
[ 3, 9, 14, 19, 16, 21, 1, 18, 30, 5, 32, 2, 6, 39, 43, 41, 44, 46, 40, 4, 42, 48, 49, 38, 7, 33, 11, 37, 8, 17, 47, 15, 20, 10, 25, 12, 31, 13, 60, 62, 61, 59, 50, 57, 58, 22, 23, 45, 63, 64, 28, 24, 55, 26, 34, 27, 36, 29, 52, 35, 53, 54, 51, 56 ],
[ 11, 28, 4, 37, 2, 5, 33, 52, 10, 24, 8, 55, 18, 15, 46, 13, 16, 27, 1, 25, 22, 32, 19, 29, 56, 60, 35, 26, 64, 31, 20, 7, 51, 36, 54, 63, 12, 34, 40, 47, 30, 41, 3, 23, 43, 38, 9, 6, 17, 48, 57, 53, 44, 49, 59, 58, 61, 42, 45, 50, 21, 14, 62, 39 ],
[ 32, 37, 19, 31, 9, 16, 20, 24, 5, 38, 18, 34, 46, 43, 22, 6, 41, 11, 3, 7, 48, 15, 40, 8, 27, 35, 25, 33, 56, 47, 4, 1, 28, 12, 26, 51, 2, 10, 62, 23, 17, 61, 14, 49, 50, 13, 30, 21, 44, 45, 36, 55, 57, 63, 52, 29, 53, 59, 58, 64, 42, 39, 54, 60 ]
]
];

/*
Return for eval
*/

return s;
