s := SolvablePassportDBInitialize();

/*
Magma printing
*/

s`Filename := "64S6-8,4,8-g17.m";
s`GaloisOrbits := [ Strings() | "64S6-8,4,8-g17-path88.m", "64S6-8,4,8-g17-path70.m", "64S6-8,4,8-g17-path98.m", "64S6-8,4,8-g17-path75.m", "64S6-8,4,8-g17-path52.m", "64S6-8,4,8-g17-path91.m", "64S6-8,4,8-g17-path41.m", "64S6-8,4,8-g17-path18.m", "64S6-8,4,8-g17-path79.m", "64S6-8,4,8-g17-path89.m", "64S6-8,4,8-g17-path49.m", "64S6-8,4,8-g17-path83.m", "64S6-8,4,8-g17-path97.m", "64S6-8,4,8-g17-path14.m", "64S6-8,4,8-g17-path59.m", "64S6-8,4,8-g17-path17.m", "64S6-8,4,8-g17-path38.m", "64S6-8,4,8-g17-path102.m", "64S6-8,4,8-g17-path57.m", "64S6-8,4,8-g17-path26.m", "64S6-8,4,8-g17-path90.m", "64S6-8,4,8-g17-path71.m", "64S6-8,4,8-g17-path2.m", "64S6-8,4,8-g17-path44.m", "64S6-8,4,8-g17-path10.m", "64S6-8,4,8-g17-path24.m", "64S6-8,4,8-g17-path45.m", "64S6-8,4,8-g17-path80.m", "64S6-8,4,8-g17-path53.m", "64S6-8,4,8-g17-path13.m", "64S6-8,4,8-g17-path35.m", "64S6-8,4,8-g17-path12.m", "64S6-8,4,8-g17-path85.m", "64S6-8,4,8-g17-path1.m", "64S6-8,4,8-g17-path99.m", "64S6-8,4,8-g17-path78.m", "64S6-8,4,8-g17-path39.m", "64S6-8,4,8-g17-path72.m", "64S6-8,4,8-g17-path30.m", "64S6-8,4,8-g17-path23.m", "64S6-8,4,8-g17-path16.m", "64S6-8,4,8-g17-path58.m", "64S6-8,4,8-g17-path68.m", "64S6-8,4,8-g17-path67.m", "64S6-8,4,8-g17-path87.m", "64S6-8,4,8-g17-path15.m", "64S6-8,4,8-g17-path73.m", "64S6-8,4,8-g17-path81.m", "64S6-8,4,8-g17-path37.m", "64S6-8,4,8-g17-path9.m", "64S6-8,4,8-g17-path54.m", "64S6-8,4,8-g17-path20.m", "64S6-8,4,8-g17-path48.m", "64S6-8,4,8-g17-path21.m", "64S6-8,4,8-g17-path3.m", "64S6-8,4,8-g17-path61.m", "64S6-8,4,8-g17-path36.m", "64S6-8,4,8-g17-path42.m", "64S6-8,4,8-g17-path5.m", "64S6-8,4,8-g17-path62.m", "64S6-8,4,8-g17-path65.m", "64S6-8,4,8-g17-path50.m", "64S6-8,4,8-g17-path8.m", "64S6-8,4,8-g17-path40.m", "64S6-8,4,8-g17-path77.m", "64S6-8,4,8-g17-path69.m", "64S6-8,4,8-g17-path32.m", "64S6-8,4,8-g17-path27.m", "64S6-8,4,8-g17-path47.m", "64S6-8,4,8-g17-path94.m", "64S6-8,4,8-g17-path22.m", "64S6-8,4,8-g17-path46.m", "64S6-8,4,8-g17-path7.m", "64S6-8,4,8-g17-path74.m", "64S6-8,4,8-g17-path34.m", "64S6-8,4,8-g17-path82.m", "64S6-8,4,8-g17-path33.m", "64S6-8,4,8-g17-path101.m", "64S6-8,4,8-g17-path55.m", "64S6-8,4,8-g17-path19.m", "64S6-8,4,8-g17-path28.m", "64S6-8,4,8-g17-path43.m", "64S6-8,4,8-g17-path31.m", "64S6-8,4,8-g17-path56.m", "64S6-8,4,8-g17-path86.m", "64S6-8,4,8-g17-path76.m", "64S6-8,4,8-g17-path84.m", "64S6-8,4,8-g17-path95.m", "64S6-8,4,8-g17-path51.m", "64S6-8,4,8-g17-path100.m", "64S6-8,4,8-g17-path63.m", "64S6-8,4,8-g17-path4.m", "64S6-8,4,8-g17-path92.m", "64S6-8,4,8-g17-path11.m", "64S6-8,4,8-g17-path64.m", "64S6-8,4,8-g17-path96.m", "64S6-8,4,8-g17-path60.m", "64S6-8,4,8-g17-path29.m", "64S6-8,4,8-g17-path6.m", "64S6-8,4,8-g17-path25.m", "64S6-8,4,8-g17-path93.m", "64S6-8,4,8-g17-path66.m" ];
s`Name := "64S6-8,4,8-g17";
s`Passport := [ PowerSequence(PermutationGroup<64 |  
\[ 11, 31, 8, 23, 2, 5, 14, 38, 49, 13, 9, 33, 20, 21, 36, 7, 44, 1, 24, 17, 46, 18, 39, 34, 3, 28, 19, 15, 62, 16, 29, 25, 4, 53, 12, 51, 10, 43, 60, 26, 27, 6, 61, 55, 42, 59, 56, 35, 47, 37, 64, 32, 63, 30, 50, 22, 41, 40, 54, 48, 52, 45, 57, 58 ],
\[ 3, 10, 5, 18, 7, 4, 1, 26, 30, 11, 12, 2, 19, 27, 25, 15, 40, 20, 33, 6, 42, 21, 41, 16, 24, 14, 8, 13, 48, 31, 32, 9, 28, 37, 34, 35, 36, 22, 45, 23, 17, 38, 57, 56, 44, 58, 61, 49, 50, 29, 54, 51, 52, 53, 63, 39, 46, 43, 47, 64, 62, 59, 60, 55 ],
\[ 4, 3, 15, 19, 20, 21, 24, 1, 10, 34, 7, 36, 2, 5, 33, 9, 18, 38, 14, 28, 26, 44, 6, 13, 31, 17, 23, 8, 30, 51, 12, 53, 11, 25, 29, 16, 49, 27, 40, 46, 43, 39, 42, 41, 61, 22, 48, 63, 32, 64, 37, 47, 35, 62, 45, 59, 55, 60, 57, 56, 58, 50, 54, 52 ]:
 Order := 64 >) |
[ PermutationGroup<64 |  
\[ 11, 31, 8, 23, 2, 5, 14, 38, 49, 13, 9, 33, 20, 21, 36, 7, 44, 1, 24, 17, 46, 18, 39, 34, 3, 28, 19, 15, 62, 16, 29, 25, 4, 53, 12, 51, 10, 43, 60, 26, 27, 6, 61, 55, 42, 59, 56, 35, 47, 37, 64, 32, 63, 30, 50, 22, 41, 40, 54, 48, 52, 45, 57, 58 ],
\[ 3, 10, 5, 18, 7, 4, 1, 26, 30, 11, 12, 2, 19, 27, 25, 15, 40, 20, 33, 6, 42, 21, 41, 16, 24, 14, 8, 13, 48, 31, 32, 9, 28, 37, 34, 35, 36, 22, 45, 23, 17, 38, 57, 56, 44, 58, 61, 49, 50, 29, 54, 51, 52, 53, 63, 39, 46, 43, 47, 64, 62, 59, 60, 55 ],
\[ 4, 3, 15, 19, 20, 21, 24, 1, 10, 34, 7, 36, 2, 5, 33, 9, 18, 38, 14, 28, 26, 44, 6, 13, 31, 17, 23, 8, 30, 51, 12, 53, 11, 25, 29, 16, 49, 27, 40, 46, 43, 39, 42, 41, 61, 22, 48, 63, 32, 64, 37, 47, 35, 62, 45, 59, 55, 60, 57, 56, 58, 50, 54, 52 ]:
 Order := 64 > |
[ 18, 5, 25, 33, 6, 42, 16, 3, 11, 37, 1, 35, 10, 7, 28, 30, 20, 22, 27, 13, 14, 56, 4, 19, 32, 40, 41, 26, 31, 54, 2, 52, 12, 24, 48, 15, 50, 8, 23, 58, 57, 45, 38, 17, 62, 21, 49, 60, 9, 55, 36, 61, 34, 59, 44, 47, 63, 64, 46, 39, 43, 29, 53, 51 ],
[ 23, 8, 36, 24, 17, 46, 34, 11, 13, 53, 14, 51, 31, 2, 4, 49, 1, 43, 21, 15, 28, 55, 5, 20, 29, 44, 39, 38, 16, 64, 33, 63, 9, 3, 62, 7, 47, 19, 26, 59, 61, 60, 6, 27, 52, 18, 35, 57, 25, 58, 10, 56, 12, 45, 42, 54, 50, 48, 41, 22, 40, 37, 30, 32 ],
[ 8, 13, 2, 1, 14, 23, 11, 28, 16, 9, 33, 31, 24, 19, 3, 36, 26, 17, 4, 5, 6, 46, 27, 7, 34, 21, 38, 20, 35, 29, 25, 49, 15, 10, 53, 12, 51, 18, 42, 39, 44, 43, 41, 22, 55, 40, 52, 47, 37, 62, 30, 64, 32, 63, 57, 60, 59, 61, 56, 58, 45, 54, 48, 50 ]
],
[ PermutationGroup<64 |  
\[ 11, 31, 8, 23, 2, 5, 14, 38, 49, 13, 9, 33, 20, 21, 36, 7, 44, 1, 24, 17, 46, 18, 39, 34, 3, 28, 19, 15, 62, 16, 29, 25, 4, 53, 12, 51, 10, 43, 60, 26, 27, 6, 61, 55, 42, 59, 56, 35, 47, 37, 64, 32, 63, 30, 50, 22, 41, 40, 54, 48, 52, 45, 57, 58 ],
\[ 3, 10, 5, 18, 7, 4, 1, 26, 30, 11, 12, 2, 19, 27, 25, 15, 40, 20, 33, 6, 42, 21, 41, 16, 24, 14, 8, 13, 48, 31, 32, 9, 28, 37, 34, 35, 36, 22, 45, 23, 17, 38, 57, 56, 44, 58, 61, 49, 50, 29, 54, 51, 52, 53, 63, 39, 46, 43, 47, 64, 62, 59, 60, 55 ],
\[ 4, 3, 15, 19, 20, 21, 24, 1, 10, 34, 7, 36, 2, 5, 33, 9, 18, 38, 14, 28, 26, 44, 6, 13, 31, 17, 23, 8, 30, 51, 12, 53, 11, 25, 29, 16, 49, 27, 40, 46, 43, 39, 42, 41, 61, 22, 48, 63, 32, 64, 37, 47, 35, 62, 45, 59, 55, 60, 57, 56, 58, 50, 54, 52 ]:
 Order := 64 > |
[ 8, 13, 2, 1, 14, 23, 11, 28, 16, 9, 33, 31, 24, 19, 3, 36, 26, 17, 4, 5, 6, 46, 27, 7, 34, 21, 38, 20, 35, 29, 25, 49, 15, 10, 53, 12, 51, 18, 42, 39, 44, 43, 41, 22, 55, 40, 52, 47, 37, 62, 30, 64, 32, 63, 57, 60, 59, 61, 56, 58, 45, 54, 48, 50 ],
[ 7, 12, 1, 6, 3, 20, 5, 27, 32, 2, 10, 11, 28, 26, 16, 24, 41, 4, 13, 18, 22, 38, 40, 25, 15, 8, 14, 33, 50, 9, 30, 31, 19, 35, 36, 37, 34, 42, 56, 17, 23, 21, 58, 45, 39, 57, 59, 29, 48, 49, 52, 53, 54, 51, 64, 44, 43, 46, 62, 63, 47, 61, 55, 60 ],
[ 18, 5, 25, 33, 6, 42, 16, 3, 11, 37, 1, 35, 10, 7, 28, 30, 20, 22, 27, 13, 14, 56, 4, 19, 32, 40, 41, 26, 31, 54, 2, 52, 12, 24, 48, 15, 50, 8, 23, 58, 57, 45, 38, 17, 62, 21, 49, 60, 9, 55, 36, 61, 34, 59, 44, 47, 63, 64, 46, 39, 43, 29, 53, 51 ]
]
];

/*
Return for eval
*/

return s;
