s := SolvablePassportDBInitialize();

/*
Magma printing
*/

s`Filename := "64S6-4,8,8-g17.m";
s`GaloisOrbits := [ Strings() | "64S6-4,8,8-g17-path10-notcomputed.m", "64S6-4,8,8-g17-path13-notcomputed.m", "64S6-4,8,8-g17-path4-notcomputed.m", "64S6-4,8,8-g17-path5-notcomputed.m", "64S6-4,8,8-g17-path1-notcomputed.m", "64S6-4,8,8-g17-path2-notcomputed.m" ];
s`Name := "64S6-4,8,8-g17";
s`Passport := [ PowerSequence(PermutationGroup<64 |  
\[ 6, 1, 8, 20, 2, 5, 25, 15, 11, 23, 21, 3, 16, 37, 12, 26, 4, 33, 17, 19, 22, 9, 7, 28, 10, 29, 35, 31, 13, 38, 34, 42, 41, 24, 14, 51, 27, 32, 18, 55, 39, 30, 54, 46, 52, 36, 56, 50, 57, 47, 44, 43, 63, 45, 49, 48, 40, 59, 64, 62, 58, 53, 60, 61 ],
\[ 3, 9, 13, 2, 15, 21, 1, 24, 29, 5, 18, 31, 10, 12, 26, 4, 30, 17, 6, 32, 16, 41, 14, 23, 27, 7, 8, 44, 19, 22, 25, 11, 48, 36, 45, 35, 43, 40, 47, 39, 20, 49, 34, 37, 28, 61, 42, 38, 33, 64, 59, 53, 46, 60, 63, 58, 62, 57, 52, 51, 54, 50, 56, 55 ],
\[ 4, 10, 14, 18, 19, 7, 24, 1, 30, 31, 2, 5, 9, 36, 27, 3, 29, 40, 41, 16, 32, 6, 13, 43, 26, 21, 44, 8, 15, 47, 45, 48, 11, 12, 25, 53, 23, 17, 22, 58, 49, 20, 59, 60, 61, 28, 62, 63, 64, 33, 34, 35, 57, 37, 38, 39, 42, 46, 56, 55, 50, 54, 52, 51 ]:
 Order := 64 >) |
[ PermutationGroup<64 |  
\[ 6, 1, 8, 20, 2, 5, 25, 15, 11, 23, 21, 3, 16, 37, 12, 26, 4, 33, 17, 19, 22, 9, 7, 28, 10, 29, 35, 31, 13, 38, 34, 42, 41, 24, 14, 51, 27, 32, 18, 55, 39, 30, 54, 46, 52, 36, 56, 50, 57, 47, 44, 43, 63, 45, 49, 48, 40, 59, 64, 62, 58, 53, 60, 61 ],
\[ 3, 9, 13, 2, 15, 21, 1, 24, 29, 5, 18, 31, 10, 12, 26, 4, 30, 17, 6, 32, 16, 41, 14, 23, 27, 7, 8, 44, 19, 22, 25, 11, 48, 36, 45, 35, 43, 40, 47, 39, 20, 49, 34, 37, 28, 61, 42, 38, 33, 64, 59, 53, 46, 60, 63, 58, 62, 57, 52, 51, 54, 50, 56, 55 ],
\[ 4, 10, 14, 18, 19, 7, 24, 1, 30, 31, 2, 5, 9, 36, 27, 3, 29, 40, 41, 16, 32, 6, 13, 43, 26, 21, 44, 8, 15, 47, 45, 48, 11, 12, 25, 53, 23, 17, 22, 58, 49, 20, 59, 60, 61, 28, 62, 63, 64, 33, 34, 35, 57, 37, 38, 39, 42, 46, 56, 55, 50, 54, 52, 51 ]:
 Order := 64 > |
[ 27, 32, 21, 7, 14, 30, 19, 45, 3, 4, 49, 43, 24, 1, 9, 41, 48, 16, 10, 47, 15, 40, 44, 26, 36, 31, 5, 53, 18, 2, 13, 6, 62, 60, 59, 23, 61, 64, 63, 11, 29, 58, 8, 25, 12, 56, 17, 20, 22, 46, 50, 55, 34, 57, 54, 51, 52, 38, 37, 28, 35, 39, 33, 42 ],
[ 4, 10, 14, 18, 19, 7, 24, 1, 30, 31, 2, 5, 9, 36, 27, 3, 29, 40, 41, 16, 32, 6, 13, 43, 26, 21, 44, 8, 15, 47, 45, 48, 11, 12, 25, 53, 23, 17, 22, 58, 49, 20, 59, 60, 61, 28, 62, 63, 64, 33, 34, 35, 57, 37, 38, 39, 42, 46, 56, 55, 50, 54, 52, 51 ],
[ 3, 9, 13, 2, 15, 21, 1, 24, 29, 5, 18, 31, 10, 12, 26, 4, 30, 17, 6, 32, 16, 41, 14, 23, 27, 7, 8, 44, 19, 22, 25, 11, 48, 36, 45, 35, 43, 40, 47, 39, 20, 49, 34, 37, 28, 61, 42, 38, 33, 64, 59, 53, 46, 60, 63, 58, 62, 57, 52, 51, 54, 50, 56, 55 ]
],
[ PermutationGroup<64 |  
\[ 6, 1, 8, 20, 2, 5, 25, 15, 11, 23, 21, 3, 16, 37, 12, 26, 4, 33, 17, 19, 22, 9, 7, 28, 10, 29, 35, 31, 13, 38, 34, 42, 41, 24, 14, 51, 27, 32, 18, 55, 39, 30, 54, 46, 52, 36, 56, 50, 57, 47, 44, 43, 63, 45, 49, 48, 40, 59, 64, 62, 58, 53, 60, 61 ],
\[ 3, 9, 13, 2, 15, 21, 1, 24, 29, 5, 18, 31, 10, 12, 26, 4, 30, 17, 6, 32, 16, 41, 14, 23, 27, 7, 8, 44, 19, 22, 25, 11, 48, 36, 45, 35, 43, 40, 47, 39, 20, 49, 34, 37, 28, 61, 42, 38, 33, 64, 59, 53, 46, 60, 63, 58, 62, 57, 52, 51, 54, 50, 56, 55 ],
\[ 4, 10, 14, 18, 19, 7, 24, 1, 30, 31, 2, 5, 9, 36, 27, 3, 29, 40, 41, 16, 32, 6, 13, 43, 26, 21, 44, 8, 15, 47, 45, 48, 11, 12, 25, 53, 23, 17, 22, 58, 49, 20, 59, 60, 61, 28, 62, 63, 64, 33, 34, 35, 57, 37, 38, 39, 42, 46, 56, 55, 50, 54, 52, 51 ]:
 Order := 64 > |
[ 6, 1, 8, 20, 2, 5, 25, 15, 11, 23, 21, 3, 16, 37, 12, 26, 4, 33, 17, 19, 22, 9, 7, 28, 10, 29, 35, 31, 13, 38, 34, 42, 41, 24, 14, 51, 27, 32, 18, 55, 39, 30, 54, 46, 52, 36, 56, 50, 57, 47, 44, 43, 63, 45, 49, 48, 40, 59, 64, 62, 58, 53, 60, 61 ],
[ 3, 9, 13, 2, 15, 21, 1, 24, 29, 5, 18, 31, 10, 12, 26, 4, 30, 17, 6, 32, 16, 41, 14, 23, 27, 7, 8, 44, 19, 22, 25, 11, 48, 36, 45, 35, 43, 40, 47, 39, 20, 49, 34, 37, 28, 61, 42, 38, 33, 64, 59, 53, 46, 60, 63, 58, 62, 57, 52, 51, 54, 50, 56, 55 ],
[ 4, 10, 14, 18, 19, 7, 24, 1, 30, 31, 2, 5, 9, 36, 27, 3, 29, 40, 41, 16, 32, 6, 13, 43, 26, 21, 44, 8, 15, 47, 45, 48, 11, 12, 25, 53, 23, 17, 22, 58, 49, 20, 59, 60, 61, 28, 62, 63, 64, 33, 34, 35, 57, 37, 38, 39, 42, 46, 56, 55, 50, 54, 52, 51 ]
]
];

/*
Return for eval
*/

return s;
