s := SolvablePassportDBInitialize();

/*
Magma printing
*/

s`Filename := "64S6-8,8,4-g17.m";
s`GaloisOrbits := [ Strings() | "64S6-8,8,4-g17-path8-notcomputed.m", "64S6-8,8,4-g17-path9-notcomputed.m", "64S6-8,8,4-g17-path2-notcomputed.m", "64S6-8,8,4-g17-path12-notcomputed.m", "64S6-8,8,4-g17-path1-notcomputed.m" ];
s`Name := "64S6-8,8,4-g17";
s`Passport := [ PowerSequence(PermutationGroup<64 |  
\[ 12, 39, 8, 51, 2, 5, 46, 37, 34, 14, 26, 9, 18, 58, 33, 19, 43, 15, 45, 13, 1, 30, 20, 23, 49, 29, 31, 21, 10, 28, 11, 52, 64, 22, 16, 54, 41, 3, 36, 44, 60, 53, 35, 42, 25, 40, 50, 7, 17, 6, 38, 59, 63, 47, 57, 61, 56, 27, 55, 4, 62, 32, 48, 24 ],
\[ 3, 10, 16, 21, 18, 26, 1, 34, 37, 19, 5, 44, 2, 54, 36, 14, 38, 57, 41, 59, 46, 60, 6, 32, 4, 35, 50, 51, 39, 48, 17, 7, 61, 53, 8, 58, 45, 12, 33, 9, 30, 22, 29, 56, 27, 55, 31, 52, 11, 20, 43, 13, 62, 24, 15, 64, 42, 25, 40, 49, 63, 23, 28, 47 ],
\[ 4, 11, 17, 22, 23, 27, 30, 1, 38, 43, 47, 7, 50, 2, 5, 26, 60, 52, 3, 62, 63, 8, 54, 56, 37, 49, 36, 41, 6, 42, 45, 53, 55, 40, 51, 29, 35, 28, 13, 21, 9, 12, 31, 59, 10, 32, 14, 61, 58, 64, 25, 24, 57, 15, 20, 18, 46, 16, 48, 19, 44, 33, 34, 39 ]:
 Order := 64 >) |
[ PermutationGroup<64 |  
\[ 12, 39, 8, 51, 2, 5, 46, 37, 34, 14, 26, 9, 18, 58, 33, 19, 43, 15, 45, 13, 1, 30, 20, 23, 49, 29, 31, 21, 10, 28, 11, 52, 64, 22, 16, 54, 41, 3, 36, 44, 60, 53, 35, 42, 25, 40, 50, 7, 17, 6, 38, 59, 63, 47, 57, 61, 56, 27, 55, 4, 62, 32, 48, 24 ],
\[ 3, 10, 16, 21, 18, 26, 1, 34, 37, 19, 5, 44, 2, 54, 36, 14, 38, 57, 41, 59, 46, 60, 6, 32, 4, 35, 50, 51, 39, 48, 17, 7, 61, 53, 8, 58, 45, 12, 33, 9, 30, 22, 29, 56, 27, 55, 31, 52, 11, 20, 43, 13, 62, 24, 15, 64, 42, 25, 40, 49, 63, 23, 28, 47 ],
\[ 4, 11, 17, 22, 23, 27, 30, 1, 38, 43, 47, 7, 50, 2, 5, 26, 60, 52, 3, 62, 63, 8, 54, 56, 37, 49, 36, 41, 6, 42, 45, 53, 55, 40, 51, 29, 35, 28, 13, 21, 9, 12, 31, 59, 10, 32, 14, 61, 58, 64, 25, 24, 57, 15, 20, 18, 46, 16, 48, 19, 44, 33, 34, 39 ]:
 Order := 64 > |
[ 3, 10, 16, 21, 18, 26, 1, 34, 37, 19, 5, 44, 2, 54, 36, 14, 38, 57, 41, 59, 46, 60, 6, 32, 4, 35, 50, 51, 39, 48, 17, 7, 61, 53, 8, 58, 45, 12, 33, 9, 30, 22, 29, 56, 27, 55, 31, 52, 11, 20, 43, 13, 62, 24, 15, 64, 42, 25, 40, 49, 63, 23, 28, 47 ],
[ 12, 39, 8, 51, 2, 5, 46, 37, 34, 14, 26, 9, 18, 58, 33, 19, 43, 15, 45, 13, 1, 30, 20, 23, 49, 29, 31, 21, 10, 28, 11, 52, 64, 22, 16, 54, 41, 3, 36, 44, 60, 53, 35, 42, 25, 40, 50, 7, 17, 6, 38, 59, 63, 47, 57, 61, 56, 27, 55, 4, 62, 32, 48, 24 ],
[ 48, 20, 21, 45, 31, 24, 62, 43, 46, 5, 25, 51, 32, 35, 59, 38, 27, 6, 29, 47, 60, 44, 61, 36, 14, 50, 19, 53, 17, 37, 54, 64, 2, 3, 11, 18, 12, 49, 26, 52, 16, 55, 4, 1, 8, 28, 33, 22, 41, 58, 30, 63, 9, 10, 7, 40, 13, 39, 23, 34, 15, 42, 56, 57 ]
],
[ PermutationGroup<64 |  
\[ 12, 39, 8, 51, 2, 5, 46, 37, 34, 14, 26, 9, 18, 58, 33, 19, 43, 15, 45, 13, 1, 30, 20, 23, 49, 29, 31, 21, 10, 28, 11, 52, 64, 22, 16, 54, 41, 3, 36, 44, 60, 53, 35, 42, 25, 40, 50, 7, 17, 6, 38, 59, 63, 47, 57, 61, 56, 27, 55, 4, 62, 32, 48, 24 ],
\[ 3, 10, 16, 21, 18, 26, 1, 34, 37, 19, 5, 44, 2, 54, 36, 14, 38, 57, 41, 59, 46, 60, 6, 32, 4, 35, 50, 51, 39, 48, 17, 7, 61, 53, 8, 58, 45, 12, 33, 9, 30, 22, 29, 56, 27, 55, 31, 52, 11, 20, 43, 13, 62, 24, 15, 64, 42, 25, 40, 49, 63, 23, 28, 47 ],
\[ 4, 11, 17, 22, 23, 27, 30, 1, 38, 43, 47, 7, 50, 2, 5, 26, 60, 52, 3, 62, 63, 8, 54, 56, 37, 49, 36, 41, 6, 42, 45, 53, 55, 40, 51, 29, 35, 28, 13, 21, 9, 12, 31, 59, 10, 32, 14, 61, 58, 64, 25, 24, 57, 15, 20, 18, 46, 16, 48, 19, 44, 33, 34, 39 ]:
 Order := 64 > |
[ 12, 39, 8, 51, 2, 5, 46, 37, 34, 14, 26, 9, 18, 58, 33, 19, 43, 15, 45, 13, 1, 30, 20, 23, 49, 29, 31, 21, 10, 28, 11, 52, 64, 22, 16, 54, 41, 3, 36, 44, 60, 53, 35, 42, 25, 40, 50, 7, 17, 6, 38, 59, 63, 47, 57, 61, 56, 27, 55, 4, 62, 32, 48, 24 ],
[ 3, 10, 16, 21, 18, 26, 1, 34, 37, 19, 5, 44, 2, 54, 36, 14, 38, 57, 41, 59, 46, 60, 6, 32, 4, 35, 50, 51, 39, 48, 17, 7, 61, 53, 8, 58, 45, 12, 33, 9, 30, 22, 29, 56, 27, 55, 31, 52, 11, 20, 43, 13, 62, 24, 15, 64, 42, 25, 40, 49, 63, 23, 28, 47 ],
[ 4, 11, 17, 22, 23, 27, 30, 1, 38, 43, 47, 7, 50, 2, 5, 26, 60, 52, 3, 62, 63, 8, 54, 56, 37, 49, 36, 41, 6, 42, 45, 53, 55, 40, 51, 29, 35, 28, 13, 21, 9, 12, 31, 59, 10, 32, 14, 61, 58, 64, 25, 24, 57, 15, 20, 18, 46, 16, 48, 19, 44, 33, 34, 39 ]
]
];

/*
Return for eval
*/

return s;
