s := SolvablePassportDBInitialize();

/*
Magma printing
*/

s`Filename := "64S6-8,8,4-g17.m";
s`GaloisOrbits := [ Strings() | "64S6-8,8,4-g17-path13-notcomputed.m", "64S6-8,8,4-g17-path6-notcomputed.m", "64S6-8,8,4-g17-path9-notcomputed.m", "64S6-8,8,4-g17-path5-notcomputed.m", "64S6-8,8,4-g17-path1-notcomputed.m", "64S6-8,8,4-g17-path2-notcomputed.m" ];
s`Name := "64S6-8,8,4-g17";
s`Passport := [ PowerSequence(PermutationGroup<64 |  
\[ 12, 32, 8, 27, 2, 5, 36, 18, 49, 7, 21, 9, 16, 17, 35, 4, 34, 43, 1, 26, 24, 45, 19, 42, 11, 15, 38, 14, 62, 13, 3, 29, 25, 52, 51, 22, 31, 60, 20, 6, 28, 61, 55, 40, 59, 10, 57, 33, 47, 37, 64, 63, 46, 30, 50, 41, 23, 39, 53, 54, 48, 44, 56, 58 ],
\[ 3, 10, 14, 19, 16, 21, 1, 6, 30, 15, 5, 25, 2, 11, 31, 26, 13, 39, 36, 4, 20, 40, 27, 23, 17, 7, 41, 8, 48, 34, 12, 37, 9, 46, 33, 28, 35, 44, 24, 18, 22, 56, 57, 45, 58, 32, 55, 51, 53, 29, 54, 50, 52, 49, 63, 38, 42, 43, 47, 64, 62, 60, 61, 59 ],
\[ 4, 11, 15, 5, 8, 22, 2, 1, 31, 34, 12, 7, 9, 36, 16, 17, 3, 28, 24, 18, 14, 19, 43, 6, 35, 21, 20, 27, 46, 51, 32, 13, 29, 25, 10, 26, 52, 23, 45, 38, 42, 39, 40, 61, 41, 49, 54, 63, 33, 47, 37, 30, 64, 62, 58, 55, 59, 60, 44, 56, 57, 50, 53, 48 ]:
 Order := 64 >) |
[ PermutationGroup<64 |  
\[ 12, 32, 8, 27, 2, 5, 36, 18, 49, 7, 21, 9, 16, 17, 35, 4, 34, 43, 1, 26, 24, 45, 19, 42, 11, 15, 38, 14, 62, 13, 3, 29, 25, 52, 51, 22, 31, 60, 20, 6, 28, 61, 55, 40, 59, 10, 57, 33, 47, 37, 64, 63, 46, 30, 50, 41, 23, 39, 53, 54, 48, 44, 56, 58 ],
\[ 3, 10, 14, 19, 16, 21, 1, 6, 30, 15, 5, 25, 2, 11, 31, 26, 13, 39, 36, 4, 20, 40, 27, 23, 17, 7, 41, 8, 48, 34, 12, 37, 9, 46, 33, 28, 35, 44, 24, 18, 22, 56, 57, 45, 58, 32, 55, 51, 53, 29, 54, 50, 52, 49, 63, 38, 42, 43, 47, 64, 62, 60, 61, 59 ],
\[ 4, 11, 15, 5, 8, 22, 2, 1, 31, 34, 12, 7, 9, 36, 16, 17, 3, 28, 24, 18, 14, 19, 43, 6, 35, 21, 20, 27, 46, 51, 32, 13, 29, 25, 10, 26, 52, 23, 45, 38, 42, 39, 40, 61, 41, 49, 54, 63, 33, 47, 37, 30, 64, 62, 58, 55, 59, 60, 44, 56, 57, 50, 53, 48 ]:
 Order := 64 > |
[ 12, 32, 8, 27, 2, 5, 36, 18, 49, 7, 21, 9, 16, 17, 35, 4, 34, 43, 1, 26, 24, 45, 19, 42, 11, 15, 38, 14, 62, 13, 3, 29, 25, 52, 51, 22, 31, 60, 20, 6, 28, 61, 55, 40, 59, 10, 57, 33, 47, 37, 64, 63, 46, 30, 50, 41, 23, 39, 53, 54, 48, 44, 56, 58 ],
[ 3, 10, 14, 19, 16, 21, 1, 6, 30, 15, 5, 25, 2, 11, 31, 26, 13, 39, 36, 4, 20, 40, 27, 23, 17, 7, 41, 8, 48, 34, 12, 37, 9, 46, 33, 28, 35, 44, 24, 18, 22, 56, 57, 45, 58, 32, 55, 51, 53, 29, 54, 50, 52, 49, 63, 38, 42, 43, 47, 64, 62, 60, 61, 59 ],
[ 4, 11, 15, 5, 8, 22, 2, 1, 31, 34, 12, 7, 9, 36, 16, 17, 3, 28, 24, 18, 14, 19, 43, 6, 35, 21, 20, 27, 46, 51, 32, 13, 29, 25, 10, 26, 52, 23, 45, 38, 42, 39, 40, 61, 41, 49, 54, 63, 33, 47, 37, 30, 64, 62, 58, 55, 59, 60, 44, 56, 57, 50, 53, 48 ]
],
[ PermutationGroup<64 |  
\[ 12, 32, 8, 27, 2, 5, 36, 18, 49, 7, 21, 9, 16, 17, 35, 4, 34, 43, 1, 26, 24, 45, 19, 42, 11, 15, 38, 14, 62, 13, 3, 29, 25, 52, 51, 22, 31, 60, 20, 6, 28, 61, 55, 40, 59, 10, 57, 33, 47, 37, 64, 63, 46, 30, 50, 41, 23, 39, 53, 54, 48, 44, 56, 58 ],
\[ 3, 10, 14, 19, 16, 21, 1, 6, 30, 15, 5, 25, 2, 11, 31, 26, 13, 39, 36, 4, 20, 40, 27, 23, 17, 7, 41, 8, 48, 34, 12, 37, 9, 46, 33, 28, 35, 44, 24, 18, 22, 56, 57, 45, 58, 32, 55, 51, 53, 29, 54, 50, 52, 49, 63, 38, 42, 43, 47, 64, 62, 60, 61, 59 ],
\[ 4, 11, 15, 5, 8, 22, 2, 1, 31, 34, 12, 7, 9, 36, 16, 17, 3, 28, 24, 18, 14, 19, 43, 6, 35, 21, 20, 27, 46, 51, 32, 13, 29, 25, 10, 26, 52, 23, 45, 38, 42, 39, 40, 61, 41, 49, 54, 63, 33, 47, 37, 30, 64, 62, 58, 55, 59, 60, 44, 56, 57, 50, 53, 48 ]:
 Order := 64 > |
[ 3, 10, 14, 19, 16, 21, 1, 6, 30, 15, 5, 25, 2, 11, 31, 26, 13, 39, 36, 4, 20, 40, 27, 23, 17, 7, 41, 8, 48, 34, 12, 37, 9, 46, 33, 28, 35, 44, 24, 18, 22, 56, 57, 45, 58, 32, 55, 51, 53, 29, 54, 50, 52, 49, 63, 38, 42, 43, 47, 64, 62, 60, 61, 59 ],
[ 12, 32, 8, 27, 2, 5, 36, 18, 49, 7, 21, 9, 16, 17, 35, 4, 34, 43, 1, 26, 24, 45, 19, 42, 11, 15, 38, 14, 62, 13, 3, 29, 25, 52, 51, 22, 31, 60, 20, 6, 28, 61, 55, 40, 59, 10, 57, 33, 47, 37, 64, 63, 46, 30, 50, 41, 23, 39, 53, 54, 48, 44, 56, 58 ],
[ 10, 30, 19, 39, 25, 3, 20, 41, 48, 5, 28, 37, 14, 31, 46, 6, 33, 44, 16, 11, 40, 56, 21, 58, 1, 13, 57, 7, 55, 12, 26, 53, 15, 54, 50, 23, 2, 63, 8, 36, 4, 47, 64, 27, 62, 17, 45, 32, 60, 34, 61, 59, 9, 35, 49, 24, 18, 22, 51, 29, 52, 42, 43, 38 ]
]
];

/*
Return for eval
*/

return s;
