s := SolvablePassportDBInitialize();

/*
Magma printing
*/

s`Filename := "64S7-8,4,8-g17.m";
s`GaloisOrbits := [ Strings() | "64S7-8,4,8-g17-path93.m", "64S7-8,4,8-g17-path102.m", "64S7-8,4,8-g17-path92.m", "64S7-8,4,8-g17-path113.m", "64S7-8,4,8-g17-path114.m", "64S7-8,4,8-g17-path91.m", "64S7-8,4,8-g17-path115.m", "64S7-8,4,8-g17-path116.m", "64S7-8,4,8-g17-path117.m", "64S7-8,4,8-g17-path118.m", "64S7-8,4,8-g17-path119.m", "64S7-8,4,8-g17-path120.m", "64S7-8,4,8-g17-path94.m", "64S7-8,4,8-g17-path121.m", "64S7-8,4,8-g17-path122.m", "64S7-8,4,8-g17-path35.m", "64S7-8,4,8-g17-path36.m", "64S7-8,4,8-g17-path123.m", "64S7-8,4,8-g17-path124.m", "64S7-8,4,8-g17-path37.m", "64S7-8,4,8-g17-path38.m", "64S7-8,4,8-g17-path125.m", "64S7-8,4,8-g17-path126.m", "64S7-8,4,8-g17-path39.m", "64S7-8,4,8-g17-path40.m", "64S7-8,4,8-g17-path103.m", "64S7-8,4,8-g17-path41.m", "64S7-8,4,8-g17-path127.m", "64S7-8,4,8-g17-path128.m", "64S7-8,4,8-g17-path42.m", "64S7-8,4,8-g17-path129.m", "64S7-8,4,8-g17-path130.m", "64S7-8,4,8-g17-path43.m", "64S7-8,4,8-g17-path44.m", "64S7-8,4,8-g17-path45.m", "64S7-8,4,8-g17-path46.m", "64S7-8,4,8-g17-path131.m", "64S7-8,4,8-g17-path132.m", "64S7-8,4,8-g17-path47.m", "64S7-8,4,8-g17-path133.m", "64S7-8,4,8-g17-path134.m", "64S7-8,4,8-g17-path48.m", "64S7-8,4,8-g17-path49.m", "64S7-8,4,8-g17-path50.m", "64S7-8,4,8-g17-path135.m", "64S7-8,4,8-g17-path136.m", "64S7-8,4,8-g17-path51.m", "64S7-8,4,8-g17-path52.m", "64S7-8,4,8-g17-path53.m", "64S7-8,4,8-g17-path54.m", "64S7-8,4,8-g17-path55.m", "64S7-8,4,8-g17-path56.m", "64S7-8,4,8-g17-path95.m", "64S7-8,4,8-g17-path57.m", "64S7-8,4,8-g17-path58.m", "64S7-8,4,8-g17-path59.m", "64S7-8,4,8-g17-path60.m", "64S7-8,4,8-g17-path61.m", "64S7-8,4,8-g17-path62.m", "64S7-8,4,8-g17-path63.m", "64S7-8,4,8-g17-path64.m", "64S7-8,4,8-g17-path65.m", "64S7-8,4,8-g17-path67.m", "64S7-8,4,8-g17-path68.m", "64S7-8,4,8-g17-path96.m", "64S7-8,4,8-g17-path137.m", "64S7-8,4,8-g17-path138.m", "64S7-8,4,8-g17-path139.m", "64S7-8,4,8-g17-path140.m", "64S7-8,4,8-g17-path141.m", "64S7-8,4,8-g17-path69.m", "64S7-8,4,8-g17-path142.m", "64S7-8,4,8-g17-path70.m", "64S7-8,4,8-g17-path71.m", "64S7-8,4,8-g17-path72.m", "64S7-8,4,8-g17-path73.m", "64S7-8,4,8-g17-path74.m", "64S7-8,4,8-g17-path143.m", "64S7-8,4,8-g17-path144.m", "64S7-8,4,8-g17-path75.m", "64S7-8,4,8-g17-path76.m", "64S7-8,4,8-g17-path77.m", "64S7-8,4,8-g17-path78.m", "64S7-8,4,8-g17-path79.m", "64S7-8,4,8-g17-path80.m", "64S7-8,4,8-g17-path81.m", "64S7-8,4,8-g17-path145.m", "64S7-8,4,8-g17-path146.m", "64S7-8,4,8-g17-path82.m", "64S7-8,4,8-g17-path83.m", "64S7-8,4,8-g17-path84.m", "64S7-8,4,8-g17-path147.m", "64S7-8,4,8-g17-path148.m", "64S7-8,4,8-g17-path85.m", "64S7-8,4,8-g17-path97.m", "64S7-8,4,8-g17-path86.m", "64S7-8,4,8-g17-path87.m", "64S7-8,4,8-g17-path149.m", "64S7-8,4,8-g17-path150.m", "64S7-8,4,8-g17-path88.m", "64S7-8,4,8-g17-path151.m", "64S7-8,4,8-g17-path34.m", "64S7-8,4,8-g17-path152.m", "64S7-8,4,8-g17-path153.m", "64S7-8,4,8-g17-path154.m", "64S7-8,4,8-g17-path33.m", "64S7-8,4,8-g17-path104.m", "64S7-8,4,8-g17-path155.m", "64S7-8,4,8-g17-path156.m", "64S7-8,4,8-g17-path89.m", "64S7-8,4,8-g17-path157.m", "64S7-8,4,8-g17-path158.m", "64S7-8,4,8-g17-path105.m", "64S7-8,4,8-g17-path159.m", "64S7-8,4,8-g17-path160.m", "64S7-8,4,8-g17-path90.m", "64S7-8,4,8-g17-path161.m", "64S7-8,4,8-g17-path162.m", "64S7-8,4,8-g17-path32.m", "64S7-8,4,8-g17-path106.m", "64S7-8,4,8-g17-path163.m", "64S7-8,4,8-g17-path164.m", "64S7-8,4,8-g17-path31.m", "64S7-8,4,8-g17-path165.m", "64S7-8,4,8-g17-path166.m", "64S7-8,4,8-g17-path167.m", "64S7-8,4,8-g17-path168.m", "64S7-8,4,8-g17-path169.m", "64S7-8,4,8-g17-path170.m", "64S7-8,4,8-g17-path107.m", "64S7-8,4,8-g17-path30.m", "64S7-8,4,8-g17-path29.m", "64S7-8,4,8-g17-path171.m", "64S7-8,4,8-g17-path172.m", "64S7-8,4,8-g17-path173.m", "64S7-8,4,8-g17-path174.m", "64S7-8,4,8-g17-path108.m", "64S7-8,4,8-g17-path175.m", "64S7-8,4,8-g17-path98.m", "64S7-8,4,8-g17-path176.m", "64S7-8,4,8-g17-path177.m", "64S7-8,4,8-g17-path178.m", "64S7-8,4,8-g17-path179.m", "64S7-8,4,8-g17-path180.m", "64S7-8,4,8-g17-path28.m", "64S7-8,4,8-g17-path27.m", "64S7-8,4,8-g17-path181.m", "64S7-8,4,8-g17-path182.m", "64S7-8,4,8-g17-path183.m", "64S7-8,4,8-g17-path184.m", "64S7-8,4,8-g17-path109.m", "64S7-8,4,8-g17-path185.m", "64S7-8,4,8-g17-path186.m", "64S7-8,4,8-g17-path187.m", "64S7-8,4,8-g17-path188.m", "64S7-8,4,8-g17-path189.m", "64S7-8,4,8-g17-path190.m", "64S7-8,4,8-g17-path191.m", "64S7-8,4,8-g17-path192.m", "64S7-8,4,8-g17-path110.m", "64S7-8,4,8-g17-path26.m", "64S7-8,4,8-g17-path193.m", "64S7-8,4,8-g17-path194.m", "64S7-8,4,8-g17-path25.m", "64S7-8,4,8-g17-path195.m", "64S7-8,4,8-g17-path196.m", "64S7-8,4,8-g17-path99.m", "64S7-8,4,8-g17-path111.m", "64S7-8,4,8-g17-path24.m", "64S7-8,4,8-g17-path197.m", "64S7-8,4,8-g17-path23.m", "64S7-8,4,8-g17-path198.m", "64S7-8,4,8-g17-path199.m", "64S7-8,4,8-g17-path200.m", "64S7-8,4,8-g17-path201.m", "64S7-8,4,8-g17-path202.m", "64S7-8,4,8-g17-path22.m", "64S7-8,4,8-g17-path112.m", "64S7-8,4,8-g17-path203.m", "64S7-8,4,8-g17-path21.m", "64S7-8,4,8-g17-path204.m", "64S7-8,4,8-g17-path100.m", "64S7-8,4,8-g17-path20.m", "64S7-8,4,8-g17-path19.m", "64S7-8,4,8-g17-path18.m", "64S7-8,4,8-g17-path17.m", "64S7-8,4,8-g17-path16.m", "64S7-8,4,8-g17-path15.m", "64S7-8,4,8-g17-path14.m", "64S7-8,4,8-g17-path13.m", "64S7-8,4,8-g17-path12.m", "64S7-8,4,8-g17-path11.m", "64S7-8,4,8-g17-path101.m", "64S7-8,4,8-g17-path10.m", "64S7-8,4,8-g17-path9.m", "64S7-8,4,8-g17-path8.m", "64S7-8,4,8-g17-path7.m", "64S7-8,4,8-g17-path6.m", "64S7-8,4,8-g17-path5.m", "64S7-8,4,8-g17-path4.m", "64S7-8,4,8-g17-path3.m", "64S7-8,4,8-g17-path2.m", "64S7-8,4,8-g17-path1.m", "64S7-8,4,8-g17-path66.m" ];
s`Name := "64S7-8,4,8-g17";
s`Passport := [ PowerSequence(PermutationGroup<64 |  
\[ 11, 33, 8, 24, 2, 5, 14, 32, 54, 13, 9, 35, 58, 27, 43, 7, 12, 1, 50, 17, 20, 26, 18, 10, 41, 3, 59, 30, 19, 46, 61, 34, 31, 64, 38, 44, 53, 56, 25, 15, 28, 6, 29, 40, 16, 37, 4, 23, 47, 36, 45, 42, 39, 57, 49, 63, 48, 55, 60, 51, 52, 22, 21, 62 ],
\[ 3, 10, 5, 18, 7, 4, 1, 28, 32, 11, 12, 2, 39, 29, 26, 15, 36, 20, 47, 6, 19, 42, 22, 37, 16, 25, 9, 14, 8, 21, 58, 33, 27, 46, 40, 24, 17, 31, 35, 13, 56, 45, 55, 62, 23, 59, 30, 63, 48, 34, 44, 49, 51, 38, 41, 43, 64, 54, 50, 57, 60, 53, 52, 61 ],
\[ 4, 3, 15, 19, 20, 22, 25, 1, 10, 36, 7, 37, 2, 5, 35, 42, 18, 45, 14, 30, 48, 44, 49, 6, 13, 23, 28, 55, 56, 8, 32, 29, 12, 9, 11, 59, 34, 39, 62, 51, 26, 63, 16, 17, 53, 47, 52, 60, 43, 21, 61, 64, 24, 27, 31, 54, 58, 40, 33, 46, 38, 57, 41, 50 ]:
 Order := 64 >) |
[ PermutationGroup<64 |  
\[ 11, 33, 8, 24, 2, 5, 14, 32, 54, 13, 9, 35, 58, 27, 43, 7, 12, 1, 50, 17, 20, 26, 18, 10, 41, 3, 59, 30, 19, 46, 61, 34, 31, 64, 38, 44, 53, 56, 25, 15, 28, 6, 29, 40, 16, 37, 4, 23, 47, 36, 45, 42, 39, 57, 49, 63, 48, 55, 60, 51, 52, 22, 21, 62 ],
\[ 3, 10, 5, 18, 7, 4, 1, 28, 32, 11, 12, 2, 39, 29, 26, 15, 36, 20, 47, 6, 19, 42, 22, 37, 16, 25, 9, 14, 8, 21, 58, 33, 27, 46, 40, 24, 17, 31, 35, 13, 56, 45, 55, 62, 23, 59, 30, 63, 48, 34, 44, 49, 51, 38, 41, 43, 64, 54, 50, 57, 60, 53, 52, 61 ],
\[ 4, 3, 15, 19, 20, 22, 25, 1, 10, 36, 7, 37, 2, 5, 35, 42, 18, 45, 14, 30, 48, 44, 49, 6, 13, 23, 28, 55, 56, 8, 32, 29, 12, 9, 11, 59, 34, 39, 62, 51, 26, 63, 16, 17, 53, 47, 52, 60, 43, 21, 61, 64, 24, 27, 31, 54, 58, 40, 33, 46, 38, 57, 41, 50 ]:
 Order := 64 > |
[ 8, 13, 2, 1, 14, 24, 11, 30, 34, 9, 35, 33, 25, 19, 3, 43, 44, 17, 4, 5, 50, 6, 26, 53, 7, 41, 54, 27, 32, 20, 55, 31, 59, 37, 15, 10, 12, 61, 38, 58, 63, 16, 49, 22, 18, 60, 46, 21, 23, 64, 40, 47, 45, 56, 28, 29, 62, 57, 36, 48, 51, 39, 42, 52 ],
[ 7, 12, 1, 6, 3, 20, 5, 29, 27, 2, 10, 11, 40, 28, 16, 25, 37, 4, 21, 18, 30, 23, 45, 36, 26, 15, 33, 8, 14, 47, 38, 9, 32, 50, 39, 17, 24, 54, 13, 35, 55, 22, 56, 51, 42, 34, 19, 49, 52, 59, 53, 63, 62, 58, 43, 41, 60, 31, 46, 61, 64, 44, 48, 57 ],
[ 18, 5, 26, 47, 6, 42, 16, 3, 11, 24, 1, 17, 10, 7, 40, 45, 20, 23, 29, 21, 63, 62, 48, 4, 39, 22, 14, 41, 43, 28, 33, 8, 2, 32, 12, 50, 46, 35, 53, 44, 25, 52, 15, 36, 51, 30, 49, 57, 55, 19, 60, 61, 37, 9, 58, 38, 54, 13, 27, 59, 31, 64, 56, 34 ]
],
[ PermutationGroup<64 |  
\[ 11, 33, 8, 24, 2, 5, 14, 32, 54, 13, 9, 35, 58, 27, 43, 7, 12, 1, 50, 17, 20, 26, 18, 10, 41, 3, 59, 30, 19, 46, 61, 34, 31, 64, 38, 44, 53, 56, 25, 15, 28, 6, 29, 40, 16, 37, 4, 23, 47, 36, 45, 42, 39, 57, 49, 63, 48, 55, 60, 51, 52, 22, 21, 62 ],
\[ 3, 10, 5, 18, 7, 4, 1, 28, 32, 11, 12, 2, 39, 29, 26, 15, 36, 20, 47, 6, 19, 42, 22, 37, 16, 25, 9, 14, 8, 21, 58, 33, 27, 46, 40, 24, 17, 31, 35, 13, 56, 45, 55, 62, 23, 59, 30, 63, 48, 34, 44, 49, 51, 38, 41, 43, 64, 54, 50, 57, 60, 53, 52, 61 ],
\[ 4, 3, 15, 19, 20, 22, 25, 1, 10, 36, 7, 37, 2, 5, 35, 42, 18, 45, 14, 30, 48, 44, 49, 6, 13, 23, 28, 55, 56, 8, 32, 29, 12, 9, 11, 59, 34, 39, 62, 51, 26, 63, 16, 17, 53, 47, 52, 60, 43, 21, 61, 64, 24, 27, 31, 54, 58, 40, 33, 46, 38, 57, 41, 50 ]:
 Order := 64 > |
[ 8, 13, 2, 1, 14, 24, 11, 30, 34, 9, 35, 33, 25, 19, 3, 43, 44, 17, 4, 5, 50, 6, 26, 53, 7, 41, 54, 27, 32, 20, 55, 31, 59, 37, 15, 10, 12, 61, 38, 58, 63, 16, 49, 22, 18, 60, 46, 21, 23, 64, 40, 47, 45, 56, 28, 29, 62, 57, 36, 48, 51, 39, 42, 52 ],
[ 27, 38, 9, 2, 32, 12, 33, 50, 60, 31, 58, 54, 43, 46, 14, 28, 39, 10, 17, 11, 37, 1, 7, 40, 8, 29, 61, 34, 59, 24, 63, 57, 64, 44, 41, 35, 13, 48, 55, 56, 47, 3, 21, 16, 5, 62, 36, 4, 6, 51, 25, 20, 26, 49, 19, 30, 45, 52, 53, 42, 22, 15, 18, 23 ],
[ 48, 42, 62, 55, 52, 61, 51, 22, 18, 47, 23, 21, 4, 45, 36, 60, 63, 57, 15, 56, 38, 34, 54, 49, 37, 64, 16, 39, 40, 25, 5, 26, 6, 3, 20, 29, 28, 17, 46, 50, 53, 31, 44, 19, 59, 41, 58, 9, 13, 43, 27, 33, 30, 1, 10, 12, 11, 24, 7, 14, 2, 32, 35, 8 ]
],
[ PermutationGroup<64 |  
\[ 11, 33, 8, 24, 2, 5, 14, 32, 54, 13, 9, 35, 58, 27, 43, 7, 12, 1, 50, 17, 20, 26, 18, 10, 41, 3, 59, 30, 19, 46, 61, 34, 31, 64, 38, 44, 53, 56, 25, 15, 28, 6, 29, 40, 16, 37, 4, 23, 47, 36, 45, 42, 39, 57, 49, 63, 48, 55, 60, 51, 52, 22, 21, 62 ],
\[ 3, 10, 5, 18, 7, 4, 1, 28, 32, 11, 12, 2, 39, 29, 26, 15, 36, 20, 47, 6, 19, 42, 22, 37, 16, 25, 9, 14, 8, 21, 58, 33, 27, 46, 40, 24, 17, 31, 35, 13, 56, 45, 55, 62, 23, 59, 30, 63, 48, 34, 44, 49, 51, 38, 41, 43, 64, 54, 50, 57, 60, 53, 52, 61 ],
\[ 4, 3, 15, 19, 20, 22, 25, 1, 10, 36, 7, 37, 2, 5, 35, 42, 18, 45, 14, 30, 48, 44, 49, 6, 13, 23, 28, 55, 56, 8, 32, 29, 12, 9, 11, 59, 34, 39, 62, 51, 26, 63, 16, 17, 53, 47, 52, 60, 43, 21, 61, 64, 24, 27, 31, 54, 58, 40, 33, 46, 38, 57, 41, 50 ]:
 Order := 64 > |
[ 18, 5, 26, 47, 6, 42, 16, 3, 11, 24, 1, 17, 10, 7, 40, 45, 20, 23, 29, 21, 63, 62, 48, 4, 39, 22, 14, 41, 43, 28, 33, 8, 2, 32, 12, 50, 46, 35, 53, 44, 25, 52, 15, 36, 51, 30, 49, 57, 55, 19, 60, 61, 37, 9, 58, 38, 54, 13, 27, 59, 31, 64, 56, 34 ],
[ 24, 8, 43, 50, 17, 26, 41, 11, 13, 44, 14, 53, 33, 2, 38, 6, 1, 16, 27, 46, 23, 40, 47, 5, 58, 18, 30, 49, 63, 32, 34, 19, 35, 54, 9, 60, 64, 25, 22, 45, 3, 21, 7, 12, 39, 4, 42, 51, 29, 20, 52, 62, 10, 59, 61, 57, 55, 15, 31, 37, 56, 48, 28, 36 ],
[ 8, 13, 2, 1, 14, 24, 11, 30, 34, 9, 35, 33, 25, 19, 3, 43, 44, 17, 4, 5, 50, 6, 26, 53, 7, 41, 54, 27, 32, 20, 55, 31, 59, 37, 15, 10, 12, 61, 38, 58, 63, 16, 49, 22, 18, 60, 46, 21, 23, 64, 40, 47, 45, 56, 28, 29, 62, 57, 36, 48, 51, 39, 42, 52 ]
],
[ PermutationGroup<64 |  
\[ 11, 33, 8, 24, 2, 5, 14, 32, 54, 13, 9, 35, 58, 27, 43, 7, 12, 1, 50, 17, 20, 26, 18, 10, 41, 3, 59, 30, 19, 46, 61, 34, 31, 64, 38, 44, 53, 56, 25, 15, 28, 6, 29, 40, 16, 37, 4, 23, 47, 36, 45, 42, 39, 57, 49, 63, 48, 55, 60, 51, 52, 22, 21, 62 ],
\[ 3, 10, 5, 18, 7, 4, 1, 28, 32, 11, 12, 2, 39, 29, 26, 15, 36, 20, 47, 6, 19, 42, 22, 37, 16, 25, 9, 14, 8, 21, 58, 33, 27, 46, 40, 24, 17, 31, 35, 13, 56, 45, 55, 62, 23, 59, 30, 63, 48, 34, 44, 49, 51, 38, 41, 43, 64, 54, 50, 57, 60, 53, 52, 61 ],
\[ 4, 3, 15, 19, 20, 22, 25, 1, 10, 36, 7, 37, 2, 5, 35, 42, 18, 45, 14, 30, 48, 44, 49, 6, 13, 23, 28, 55, 56, 8, 32, 29, 12, 9, 11, 59, 34, 39, 62, 51, 26, 63, 16, 17, 53, 47, 52, 60, 43, 21, 61, 64, 24, 27, 31, 54, 58, 40, 33, 46, 38, 57, 41, 50 ]:
 Order := 64 > |
[ 18, 5, 26, 47, 6, 42, 16, 3, 11, 24, 1, 17, 10, 7, 40, 45, 20, 23, 29, 21, 63, 62, 48, 4, 39, 22, 14, 41, 43, 28, 33, 8, 2, 32, 12, 50, 46, 35, 53, 44, 25, 52, 15, 36, 51, 30, 49, 57, 55, 19, 60, 61, 37, 9, 58, 38, 54, 13, 27, 59, 31, 64, 56, 34 ],
[ 47, 26, 40, 29, 21, 62, 39, 18, 24, 50, 16, 46, 5, 6, 12, 52, 23, 51, 7, 28, 57, 36, 55, 42, 10, 48, 41, 58, 38, 3, 8, 43, 17, 11, 1, 27, 32, 53, 64, 60, 22, 56, 45, 20, 37, 49, 61, 59, 15, 63, 31, 34, 4, 14, 33, 9, 13, 44, 2, 30, 35, 54, 25, 19 ],
[ 34, 55, 31, 9, 59, 13, 54, 37, 62, 57, 56, 61, 28, 36, 32, 19, 15, 35, 10, 33, 44, 2, 8, 25, 27, 30, 48, 60, 64, 12, 47, 52, 51, 39, 29, 58, 38, 42, 63, 49, 20, 14, 4, 3, 11, 45, 53, 17, 1, 22, 43, 24, 7, 21, 46, 50, 26, 23, 40, 18, 16, 41, 5, 6 ]
]
];

/*
Return for eval
*/

return s;
