s := SolvablePassportDBInitialize();

/*
Magma printing
*/

s`Filename := "64S7-8,8,4-g17.m";
s`GaloisOrbits := [ Strings() | "64S7-8,8,4-g17-path21.m", "64S7-8,8,4-g17-path6.m", "64S7-8,8,4-g17-path22.m", "64S7-8,8,4-g17-path23.m", "64S7-8,8,4-g17-path1.m", "64S7-8,8,4-g17-path15.m", "64S7-8,8,4-g17-path12.m", "64S7-8,8,4-g17-path7.m", "64S7-8,8,4-g17-path24.m", "64S7-8,8,4-g17-path13.m", "64S7-8,8,4-g17-path14.m", "64S7-8,8,4-g17-path16.m" ];
s`Name := "64S7-8,8,4-g17";
s`Passport := [ PowerSequence(PermutationGroup<64 |  
\[ 12, 33, 8, 29, 2, 5, 37, 19, 54, 7, 26, 9, 52, 18, 36, 4, 16, 35, 32, 1, 28, 25, 10, 20, 27, 34, 11, 56, 13, 38, 61, 39, 31, 60, 30, 21, 51, 40, 55, 64, 22, 23, 15, 43, 3, 48, 45, 6, 42, 17, 57, 59, 62, 53, 47, 58, 49, 44, 50, 41, 46, 24, 14, 63 ],
\[ 3, 10, 14, 20, 16, 22, 1, 6, 29, 15, 5, 27, 2, 41, 45, 43, 46, 17, 36, 42, 4, 44, 48, 50, 24, 21, 18, 7, 35, 8, 26, 12, 19, 9, 23, 25, 30, 11, 38, 13, 61, 63, 49, 59, 62, 57, 58, 47, 53, 64, 33, 28, 39, 37, 31, 32, 56, 34, 54, 40, 52, 60, 55, 51 ],
\[ 4, 11, 15, 5, 8, 23, 2, 1, 32, 35, 12, 7, 9, 42, 16, 18, 24, 3, 30, 25, 19, 14, 20, 45, 6, 38, 36, 26, 21, 29, 51, 33, 13, 31, 27, 10, 28, 37, 56, 39, 62, 43, 22, 47, 48, 41, 63, 17, 46, 44, 54, 40, 59, 34, 53, 52, 64, 57, 61, 58, 55, 49, 50, 60 ]:
 Order := 64 >) |
[ PermutationGroup<64 |  
\[ 12, 33, 8, 29, 2, 5, 37, 19, 54, 7, 26, 9, 52, 18, 36, 4, 16, 35, 32, 1, 28, 25, 10, 20, 27, 34, 11, 56, 13, 38, 61, 39, 31, 60, 30, 21, 51, 40, 55, 64, 22, 23, 15, 43, 3, 48, 45, 6, 42, 17, 57, 59, 62, 53, 47, 58, 49, 44, 50, 41, 46, 24, 14, 63 ],
\[ 3, 10, 14, 20, 16, 22, 1, 6, 29, 15, 5, 27, 2, 41, 45, 43, 46, 17, 36, 42, 4, 44, 48, 50, 24, 21, 18, 7, 35, 8, 26, 12, 19, 9, 23, 25, 30, 11, 38, 13, 61, 63, 49, 59, 62, 57, 58, 47, 53, 64, 33, 28, 39, 37, 31, 32, 56, 34, 54, 40, 52, 60, 55, 51 ],
\[ 4, 11, 15, 5, 8, 23, 2, 1, 32, 35, 12, 7, 9, 42, 16, 18, 24, 3, 30, 25, 19, 14, 20, 45, 6, 38, 36, 26, 21, 29, 51, 33, 13, 31, 27, 10, 28, 37, 56, 39, 62, 43, 22, 47, 48, 41, 63, 17, 46, 44, 54, 40, 59, 34, 53, 52, 64, 57, 61, 58, 55, 49, 50, 60 ]:
 Order := 64 > |
[ 12, 33, 8, 29, 2, 5, 37, 19, 54, 7, 26, 9, 52, 18, 36, 4, 16, 35, 32, 1, 28, 25, 10, 20, 27, 34, 11, 56, 13, 38, 61, 39, 31, 60, 30, 21, 51, 40, 55, 64, 22, 23, 15, 43, 3, 48, 45, 6, 42, 17, 57, 59, 62, 53, 47, 58, 49, 44, 50, 41, 46, 24, 14, 63 ],
[ 3, 10, 14, 20, 16, 22, 1, 6, 29, 15, 5, 27, 2, 41, 45, 43, 46, 17, 36, 42, 4, 44, 48, 50, 24, 21, 18, 7, 35, 8, 26, 12, 19, 9, 23, 25, 30, 11, 38, 13, 61, 63, 49, 59, 62, 57, 58, 47, 53, 64, 33, 28, 39, 37, 31, 32, 56, 34, 54, 40, 52, 60, 55, 51 ],
[ 4, 11, 15, 5, 8, 23, 2, 1, 32, 35, 12, 7, 9, 42, 16, 18, 24, 3, 30, 25, 19, 14, 20, 45, 6, 38, 36, 26, 21, 29, 51, 33, 13, 31, 27, 10, 28, 37, 56, 39, 62, 43, 22, 47, 48, 41, 63, 17, 46, 44, 54, 40, 59, 34, 53, 52, 64, 57, 61, 58, 55, 49, 50, 60 ]
],
[ PermutationGroup<64 |  
\[ 12, 33, 8, 29, 2, 5, 37, 19, 54, 7, 26, 9, 52, 18, 36, 4, 16, 35, 32, 1, 28, 25, 10, 20, 27, 34, 11, 56, 13, 38, 61, 39, 31, 60, 30, 21, 51, 40, 55, 64, 22, 23, 15, 43, 3, 48, 45, 6, 42, 17, 57, 59, 62, 53, 47, 58, 49, 44, 50, 41, 46, 24, 14, 63 ],
\[ 3, 10, 14, 20, 16, 22, 1, 6, 29, 15, 5, 27, 2, 41, 45, 43, 46, 17, 36, 42, 4, 44, 48, 50, 24, 21, 18, 7, 35, 8, 26, 12, 19, 9, 23, 25, 30, 11, 38, 13, 61, 63, 49, 59, 62, 57, 58, 47, 53, 64, 33, 28, 39, 37, 31, 32, 56, 34, 54, 40, 52, 60, 55, 51 ],
\[ 4, 11, 15, 5, 8, 23, 2, 1, 32, 35, 12, 7, 9, 42, 16, 18, 24, 3, 30, 25, 19, 14, 20, 45, 6, 38, 36, 26, 21, 29, 51, 33, 13, 31, 27, 10, 28, 37, 56, 39, 62, 43, 22, 47, 48, 41, 63, 17, 46, 44, 54, 40, 59, 34, 53, 52, 64, 57, 61, 58, 55, 49, 50, 60 ]:
 Order := 64 > |
[ 12, 33, 8, 29, 2, 5, 37, 19, 54, 7, 26, 9, 52, 18, 36, 4, 16, 35, 32, 1, 28, 25, 10, 20, 27, 34, 11, 56, 13, 38, 61, 39, 31, 60, 30, 21, 51, 40, 55, 64, 22, 23, 15, 43, 3, 48, 45, 6, 42, 17, 57, 59, 62, 53, 47, 58, 49, 44, 50, 41, 46, 24, 14, 63 ],
[ 19, 37, 35, 12, 29, 27, 9, 2, 52, 21, 33, 26, 31, 25, 8, 36, 6, 4, 28, 10, 13, 15, 5, 16, 1, 56, 30, 51, 38, 32, 60, 54, 39, 53, 7, 11, 40, 34, 64, 59, 48, 18, 23, 17, 20, 42, 43, 3, 24, 14, 61, 58, 47, 57, 46, 55, 44, 41, 62, 63, 50, 22, 45, 49 ],
[ 45, 23, 63, 24, 17, 41, 20, 48, 4, 43, 6, 25, 5, 60, 47, 44, 61, 50, 15, 49, 16, 58, 46, 59, 62, 36, 14, 10, 18, 3, 11, 1, 8, 12, 42, 22, 35, 27, 30, 29, 31, 64, 57, 52, 53, 51, 56, 55, 54, 40, 2, 21, 32, 7, 33, 19, 28, 26, 9, 38, 13, 34, 39, 37 ]
],
[ PermutationGroup<64 |  
\[ 12, 33, 8, 29, 2, 5, 37, 19, 54, 7, 26, 9, 52, 18, 36, 4, 16, 35, 32, 1, 28, 25, 10, 20, 27, 34, 11, 56, 13, 38, 61, 39, 31, 60, 30, 21, 51, 40, 55, 64, 22, 23, 15, 43, 3, 48, 45, 6, 42, 17, 57, 59, 62, 53, 47, 58, 49, 44, 50, 41, 46, 24, 14, 63 ],
\[ 3, 10, 14, 20, 16, 22, 1, 6, 29, 15, 5, 27, 2, 41, 45, 43, 46, 17, 36, 42, 4, 44, 48, 50, 24, 21, 18, 7, 35, 8, 26, 12, 19, 9, 23, 25, 30, 11, 38, 13, 61, 63, 49, 59, 62, 57, 58, 47, 53, 64, 33, 28, 39, 37, 31, 32, 56, 34, 54, 40, 52, 60, 55, 51 ],
\[ 4, 11, 15, 5, 8, 23, 2, 1, 32, 35, 12, 7, 9, 42, 16, 18, 24, 3, 30, 25, 19, 14, 20, 45, 6, 38, 36, 26, 21, 29, 51, 33, 13, 31, 27, 10, 28, 37, 56, 39, 62, 43, 22, 47, 48, 41, 63, 17, 46, 44, 54, 40, 59, 34, 53, 52, 64, 57, 61, 58, 55, 49, 50, 60 ]:
 Order := 64 > |
[ 3, 10, 14, 20, 16, 22, 1, 6, 29, 15, 5, 27, 2, 41, 45, 43, 46, 17, 36, 42, 4, 44, 48, 50, 24, 21, 18, 7, 35, 8, 26, 12, 19, 9, 23, 25, 30, 11, 38, 13, 61, 63, 49, 59, 62, 57, 58, 47, 53, 64, 33, 28, 39, 37, 31, 32, 56, 34, 54, 40, 52, 60, 55, 51 ],
[ 12, 33, 8, 29, 2, 5, 37, 19, 54, 7, 26, 9, 52, 18, 36, 4, 16, 35, 32, 1, 28, 25, 10, 20, 27, 34, 11, 56, 13, 38, 61, 39, 31, 60, 30, 21, 51, 40, 55, 64, 22, 23, 15, 43, 3, 48, 45, 6, 42, 17, 57, 59, 62, 53, 47, 58, 49, 44, 50, 41, 46, 24, 14, 63 ],
[ 10, 29, 20, 36, 27, 3, 21, 35, 26, 5, 30, 19, 38, 45, 23, 6, 14, 25, 2, 16, 11, 48, 18, 22, 15, 33, 1, 13, 12, 7, 39, 28, 37, 56, 4, 8, 9, 32, 54, 34, 63, 24, 17, 41, 43, 50, 46, 42, 44, 62, 40, 31, 57, 52, 64, 51, 61, 55, 58, 53, 60, 47, 49, 59 ]
],
[ PermutationGroup<64 |  
\[ 12, 33, 8, 29, 2, 5, 37, 19, 54, 7, 26, 9, 52, 18, 36, 4, 16, 35, 32, 1, 28, 25, 10, 20, 27, 34, 11, 56, 13, 38, 61, 39, 31, 60, 30, 21, 51, 40, 55, 64, 22, 23, 15, 43, 3, 48, 45, 6, 42, 17, 57, 59, 62, 53, 47, 58, 49, 44, 50, 41, 46, 24, 14, 63 ],
\[ 3, 10, 14, 20, 16, 22, 1, 6, 29, 15, 5, 27, 2, 41, 45, 43, 46, 17, 36, 42, 4, 44, 48, 50, 24, 21, 18, 7, 35, 8, 26, 12, 19, 9, 23, 25, 30, 11, 38, 13, 61, 63, 49, 59, 62, 57, 58, 47, 53, 64, 33, 28, 39, 37, 31, 32, 56, 34, 54, 40, 52, 60, 55, 51 ],
\[ 4, 11, 15, 5, 8, 23, 2, 1, 32, 35, 12, 7, 9, 42, 16, 18, 24, 3, 30, 25, 19, 14, 20, 45, 6, 38, 36, 26, 21, 29, 51, 33, 13, 31, 27, 10, 28, 37, 56, 39, 62, 43, 22, 47, 48, 41, 63, 17, 46, 44, 54, 40, 59, 34, 53, 52, 64, 57, 61, 58, 55, 49, 50, 60 ]:
 Order := 64 > |
[ 3, 10, 14, 20, 16, 22, 1, 6, 29, 15, 5, 27, 2, 41, 45, 43, 46, 17, 36, 42, 4, 44, 48, 50, 24, 21, 18, 7, 35, 8, 26, 12, 19, 9, 23, 25, 30, 11, 38, 13, 61, 63, 49, 59, 62, 57, 58, 47, 53, 64, 33, 28, 39, 37, 31, 32, 56, 34, 54, 40, 52, 60, 55, 51 ],
[ 54, 61, 32, 52, 31, 33, 57, 39, 62, 51, 60, 53, 50, 30, 28, 13, 29, 38, 55, 9, 58, 11, 37, 12, 26, 41, 34, 44, 59, 64, 48, 47, 46, 22, 40, 56, 49, 63, 45, 14, 27, 7, 21, 36, 19, 5, 8, 2, 10, 4, 42, 17, 20, 24, 3, 43, 23, 15, 16, 25, 6, 1, 35, 18 ],
[ 42, 16, 62, 43, 22, 47, 15, 14, 27, 48, 18, 3, 35, 55, 49, 46, 64, 41, 6, 50, 25, 61, 63, 60, 44, 5, 24, 4, 20, 23, 19, 36, 10, 21, 17, 45, 1, 8, 12, 11, 40, 53, 59, 34, 58, 52, 31, 57, 56, 54, 30, 2, 37, 29, 38, 7, 33, 32, 28, 9, 26, 39, 51, 13 ]
]
];

/*
Return for eval
*/

return s;
