s := SolvablePassportDBInitialize();

/*
Magma printing
*/

s`Filename := "64S7-4,8,8-g17.m";
s`GaloisOrbits := [ Strings() | "64S7-4,8,8-g17-path67.m", "64S7-4,8,8-g17-path68.m", "64S7-4,8,8-g17-path184.m", "64S7-4,8,8-g17-path193.m", "64S7-4,8,8-g17-path51.m", "64S7-4,8,8-g17-path52.m", "64S7-4,8,8-g17-path50.m", "64S7-4,8,8-g17-path192.m", "64S7-4,8,8-g17-path194.m", "64S7-4,8,8-g17-path183.m", "64S7-4,8,8-g17-path53.m", "64S7-4,8,8-g17-path54.m", "64S7-4,8,8-g17-path44.m", "64S7-4,8,8-g17-path43.m", "64S7-4,8,8-g17-path104.m", "64S7-4,8,8-g17-path195.m", "64S7-4,8,8-g17-path191.m", "64S7-4,8,8-g17-path196.m", "64S7-4,8,8-g17-path49.m", "64S7-4,8,8-g17-path55.m", "64S7-4,8,8-g17-path197.m", "64S7-4,8,8-g17-path56.m", "64S7-4,8,8-g17-path190.m", "64S7-4,8,8-g17-path198.m", "64S7-4,8,8-g17-path199.m", "64S7-4,8,8-g17-path48.m", "64S7-4,8,8-g17-path182.m", "64S7-4,8,8-g17-path47.m", "64S7-4,8,8-g17-path200.m", "64S7-4,8,8-g17-path122.m", "64S7-4,8,8-g17-path181.m", "64S7-4,8,8-g17-path57.m", "64S7-4,8,8-g17-path58.m", "64S7-4,8,8-g17-path189.m", "64S7-4,8,8-g17-path201.m", "64S7-4,8,8-g17-path121.m", "64S7-4,8,8-g17-path46.m", "64S7-4,8,8-g17-path202.m", "64S7-4,8,8-g17-path45.m", "64S7-4,8,8-g17-path188.m", "64S7-4,8,8-g17-path203.m", "64S7-4,8,8-g17-path180.m", "64S7-4,8,8-g17-path204.m", "64S7-4,8,8-g17-path187.m", "64S7-4,8,8-g17-path59.m", "64S7-4,8,8-g17-path60.m", "64S7-4,8,8-g17-path179.m", "64S7-4,8,8-g17-path61.m", "64S7-4,8,8-g17-path62.m", "64S7-4,8,8-g17-path186.m", "64S7-4,8,8-g17-path63.m", "64S7-4,8,8-g17-path178.m", "64S7-4,8,8-g17-path64.m", "64S7-4,8,8-g17-path185.m", "64S7-4,8,8-g17-path42.m", "64S7-4,8,8-g17-path41.m", "64S7-4,8,8-g17-path65.m", "64S7-4,8,8-g17-path66.m", "64S7-4,8,8-g17-path177.m", "64S7-4,8,8-g17-path116.m", "64S7-4,8,8-g17-path115.m", "64S7-4,8,8-g17-path106.m", "64S7-4,8,8-g17-path103.m", "64S7-4,8,8-g17-path176.m", "64S7-4,8,8-g17-path175.m", "64S7-4,8,8-g17-path123.m", "64S7-4,8,8-g17-path124.m", "64S7-4,8,8-g17-path114.m", "64S7-4,8,8-g17-path174.m", "64S7-4,8,8-g17-path113.m", "64S7-4,8,8-g17-path173.m", "64S7-4,8,8-g17-path3.m", "64S7-4,8,8-g17-path125.m", "64S7-4,8,8-g17-path126.m", "64S7-4,8,8-g17-path4.m", "64S7-4,8,8-g17-path102.m", "64S7-4,8,8-g17-path172.m", "64S7-4,8,8-g17-path40.m", "64S7-4,8,8-g17-path107.m", "64S7-4,8,8-g17-path171.m", "64S7-4,8,8-g17-path127.m", "64S7-4,8,8-g17-path128.m", "64S7-4,8,8-g17-path39.m", "64S7-4,8,8-g17-path170.m", "64S7-4,8,8-g17-path129.m", "64S7-4,8,8-g17-path130.m", "64S7-4,8,8-g17-path69.m", "64S7-4,8,8-g17-path70.m", "64S7-4,8,8-g17-path169.m", "64S7-4,8,8-g17-path5.m", "64S7-4,8,8-g17-path71.m", "64S7-4,8,8-g17-path6.m", "64S7-4,8,8-g17-path72.m", "64S7-4,8,8-g17-path108.m", "64S7-4,8,8-g17-path73.m", "64S7-4,8,8-g17-path74.m", "64S7-4,8,8-g17-path75.m", "64S7-4,8,8-g17-path76.m", "64S7-4,8,8-g17-path131.m", "64S7-4,8,8-g17-path168.m", "64S7-4,8,8-g17-path77.m", "64S7-4,8,8-g17-path132.m", "64S7-4,8,8-g17-path78.m", "64S7-4,8,8-g17-path79.m", "64S7-4,8,8-g17-path80.m", "64S7-4,8,8-g17-path81.m", "64S7-4,8,8-g17-path167.m", "64S7-4,8,8-g17-path82.m", "64S7-4,8,8-g17-path83.m", "64S7-4,8,8-g17-path134.m", "64S7-4,8,8-g17-path7.m", "64S7-4,8,8-g17-path84.m", "64S7-4,8,8-g17-path8.m", "64S7-4,8,8-g17-path85.m", "64S7-4,8,8-g17-path86.m", "64S7-4,8,8-g17-path166.m", "64S7-4,8,8-g17-path87.m", "64S7-4,8,8-g17-path88.m", "64S7-4,8,8-g17-path135.m", "64S7-4,8,8-g17-path136.m", "64S7-4,8,8-g17-path89.m", "64S7-4,8,8-g17-path165.m", "64S7-4,8,8-g17-path90.m", "64S7-4,8,8-g17-path9.m", "64S7-4,8,8-g17-path10.m", "64S7-4,8,8-g17-path109.m", "64S7-4,8,8-g17-path137.m", "64S7-4,8,8-g17-path138.m", "64S7-4,8,8-g17-path11.m", "64S7-4,8,8-g17-path164.m", "64S7-4,8,8-g17-path12.m", "64S7-4,8,8-g17-path38.m", "64S7-4,8,8-g17-path37.m", "64S7-4,8,8-g17-path13.m", "64S7-4,8,8-g17-path163.m", "64S7-4,8,8-g17-path14.m", "64S7-4,8,8-g17-path139.m", "64S7-4,8,8-g17-path140.m", "64S7-4,8,8-g17-path91.m", "64S7-4,8,8-g17-path162.m", "64S7-4,8,8-g17-path92.m", "64S7-4,8,8-g17-path118.m", "64S7-4,8,8-g17-path93.m", "64S7-4,8,8-g17-path161.m", "64S7-4,8,8-g17-path94.m", "64S7-4,8,8-g17-path141.m", "64S7-4,8,8-g17-path36.m", "64S7-4,8,8-g17-path142.m", "64S7-4,8,8-g17-path95.m", "64S7-4,8,8-g17-path15.m", "64S7-4,8,8-g17-path96.m", "64S7-4,8,8-g17-path35.m", "64S7-4,8,8-g17-path16.m", "64S7-4,8,8-g17-path97.m", "64S7-4,8,8-g17-path160.m", "64S7-4,8,8-g17-path117.m", "64S7-4,8,8-g17-path98.m", "64S7-4,8,8-g17-path34.m", "64S7-4,8,8-g17-path33.m", "64S7-4,8,8-g17-path99.m", "64S7-4,8,8-g17-path159.m", "64S7-4,8,8-g17-path143.m", "64S7-4,8,8-g17-path100.m", "64S7-4,8,8-g17-path110.m", "64S7-4,8,8-g17-path144.m", "64S7-4,8,8-g17-path145.m", "64S7-4,8,8-g17-path17.m", "64S7-4,8,8-g17-path18.m", "64S7-4,8,8-g17-path146.m", "64S7-4,8,8-g17-path1.m", "64S7-4,8,8-g17-path112.m", "64S7-4,8,8-g17-path19.m", "64S7-4,8,8-g17-path2.m", "64S7-4,8,8-g17-path20.m", "64S7-4,8,8-g17-path32.m", "64S7-4,8,8-g17-path31.m", "64S7-4,8,8-g17-path21.m", "64S7-4,8,8-g17-path147.m", "64S7-4,8,8-g17-path148.m", "64S7-4,8,8-g17-path158.m", "64S7-4,8,8-g17-path157.m", "64S7-4,8,8-g17-path22.m", "64S7-4,8,8-g17-path30.m", "64S7-4,8,8-g17-path29.m", "64S7-4,8,8-g17-path149.m", "64S7-4,8,8-g17-path150.m", "64S7-4,8,8-g17-path23.m", "64S7-4,8,8-g17-path24.m", "64S7-4,8,8-g17-path119.m", "64S7-4,8,8-g17-path156.m", "64S7-4,8,8-g17-path155.m", "64S7-4,8,8-g17-path25.m", "64S7-4,8,8-g17-path105.m", "64S7-4,8,8-g17-path151.m", "64S7-4,8,8-g17-path152.m", "64S7-4,8,8-g17-path26.m", "64S7-4,8,8-g17-path28.m", "64S7-4,8,8-g17-path101.m", "64S7-4,8,8-g17-path120.m", "64S7-4,8,8-g17-path27.m", "64S7-4,8,8-g17-path111.m", "64S7-4,8,8-g17-path154.m", "64S7-4,8,8-g17-path153.m", "64S7-4,8,8-g17-path133.m" ];
s`Name := "64S7-4,8,8-g17";
s`Passport := [ PowerSequence(PermutationGroup<64 |  
\[ 2, 9, 8, 19, 11, 1, 30, 34, 6, 13, 38, 22, 27, 18, 49, 26, 3, 33, 12, 31, 57, 4, 41, 5, 52, 59, 29, 32, 10, 28, 44, 7, 48, 17, 37, 51, 47, 24, 50, 43, 45, 56, 55, 58, 60, 64, 54, 14, 36, 46, 15, 61, 16, 35, 62, 21, 42, 20, 53, 23, 63, 40, 25, 39 ],
\[ 3, 10, 14, 6, 16, 27, 1, 35, 34, 23, 40, 2, 37, 28, 17, 41, 47, 42, 49, 22, 24, 51, 4, 55, 5, 58, 45, 9, 54, 50, 32, 64, 7, 33, 52, 8, 56, 59, 29, 48, 61, 11, 20, 19, 12, 13, 63, 21, 43, 53, 62, 15, 31, 57, 18, 39, 46, 30, 60, 25, 38, 44, 36, 26 ],
\[ 4, 7, 15, 20, 21, 28, 31, 1, 12, 39, 25, 44, 2, 40, 22, 50, 9, 3, 23, 26, 37, 45, 59, 61, 47, 5, 46, 58, 6, 33, 43, 14, 55, 36, 29, 19, 8, 42, 32, 51, 10, 54, 11, 53, 16, 30, 13, 34, 52, 56, 63, 60, 38, 17, 49, 18, 48, 62, 64, 27, 35, 24, 41, 57 ]:
 Order := 64 >) |
[ PermutationGroup<64 |  
\[ 2, 9, 8, 19, 11, 1, 30, 34, 6, 13, 38, 22, 27, 18, 49, 26, 3, 33, 12, 31, 57, 4, 41, 5, 52, 59, 29, 32, 10, 28, 44, 7, 48, 17, 37, 51, 47, 24, 50, 43, 45, 56, 55, 58, 60, 64, 54, 14, 36, 46, 15, 61, 16, 35, 62, 21, 42, 20, 53, 23, 63, 40, 25, 39 ],
\[ 3, 10, 14, 6, 16, 27, 1, 35, 34, 23, 40, 2, 37, 28, 17, 41, 47, 42, 49, 22, 24, 51, 4, 55, 5, 58, 45, 9, 54, 50, 32, 64, 7, 33, 52, 8, 56, 59, 29, 48, 61, 11, 20, 19, 12, 13, 63, 21, 43, 53, 62, 15, 31, 57, 18, 39, 46, 30, 60, 25, 38, 44, 36, 26 ],
\[ 4, 7, 15, 20, 21, 28, 31, 1, 12, 39, 25, 44, 2, 40, 22, 50, 9, 3, 23, 26, 37, 45, 59, 61, 47, 5, 46, 58, 6, 33, 43, 14, 55, 36, 29, 19, 8, 42, 32, 51, 10, 54, 11, 53, 16, 30, 13, 34, 52, 56, 63, 60, 38, 17, 49, 18, 48, 62, 64, 27, 35, 24, 41, 57 ]:
 Order := 64 > |
[ 2, 9, 8, 19, 11, 1, 30, 34, 6, 13, 38, 22, 27, 18, 49, 26, 3, 33, 12, 31, 57, 4, 41, 5, 52, 59, 29, 32, 10, 28, 44, 7, 48, 17, 37, 51, 47, 24, 50, 43, 45, 56, 55, 58, 60, 64, 54, 14, 36, 46, 15, 61, 16, 35, 62, 21, 42, 20, 53, 23, 63, 40, 25, 39 ],
[ 3, 10, 14, 6, 16, 27, 1, 35, 34, 23, 40, 2, 37, 28, 17, 41, 47, 42, 49, 22, 24, 51, 4, 55, 5, 58, 45, 9, 54, 50, 32, 64, 7, 33, 52, 8, 56, 59, 29, 48, 61, 11, 20, 19, 12, 13, 63, 21, 43, 53, 62, 15, 31, 57, 18, 39, 46, 30, 60, 25, 38, 44, 36, 26 ],
[ 4, 7, 15, 20, 21, 28, 31, 1, 12, 39, 25, 44, 2, 40, 22, 50, 9, 3, 23, 26, 37, 45, 59, 61, 47, 5, 46, 58, 6, 33, 43, 14, 55, 36, 29, 19, 8, 42, 32, 51, 10, 54, 11, 53, 16, 30, 13, 34, 52, 56, 63, 60, 38, 17, 49, 18, 48, 62, 64, 27, 35, 24, 41, 57 ]
],
[ PermutationGroup<64 |  
\[ 2, 9, 8, 19, 11, 1, 30, 34, 6, 13, 38, 22, 27, 18, 49, 26, 3, 33, 12, 31, 57, 4, 41, 5, 52, 59, 29, 32, 10, 28, 44, 7, 48, 17, 37, 51, 47, 24, 50, 43, 45, 56, 55, 58, 60, 64, 54, 14, 36, 46, 15, 61, 16, 35, 62, 21, 42, 20, 53, 23, 63, 40, 25, 39 ],
\[ 3, 10, 14, 6, 16, 27, 1, 35, 34, 23, 40, 2, 37, 28, 17, 41, 47, 42, 49, 22, 24, 51, 4, 55, 5, 58, 45, 9, 54, 50, 32, 64, 7, 33, 52, 8, 56, 59, 29, 48, 61, 11, 20, 19, 12, 13, 63, 21, 43, 53, 62, 15, 31, 57, 18, 39, 46, 30, 60, 25, 38, 44, 36, 26 ],
\[ 4, 7, 15, 20, 21, 28, 31, 1, 12, 39, 25, 44, 2, 40, 22, 50, 9, 3, 23, 26, 37, 45, 59, 61, 47, 5, 46, 58, 6, 33, 43, 14, 55, 36, 29, 19, 8, 42, 32, 51, 10, 54, 11, 53, 16, 30, 13, 34, 52, 56, 63, 60, 38, 17, 49, 18, 48, 62, 64, 27, 35, 24, 41, 57 ]:
 Order := 64 > |
[ 18, 41, 32, 29, 45, 60, 8, 61, 48, 19, 14, 13, 21, 6, 54, 63, 25, 38, 55, 15, 62, 40, 1, 33, 26, 28, 22, 17, 42, 16, 39, 59, 2, 30, 49, 37, 50, 23, 35, 57, 24, 43, 4, 36, 9, 47, 51, 5, 31, 44, 58, 3, 7, 64, 56, 10, 27, 46, 52, 11, 53, 12, 34, 20 ],
[ 3, 10, 14, 6, 16, 27, 1, 35, 34, 23, 40, 2, 37, 28, 17, 41, 47, 42, 49, 22, 24, 51, 4, 55, 5, 58, 45, 9, 54, 50, 32, 64, 7, 33, 52, 8, 56, 59, 29, 48, 61, 11, 20, 19, 12, 13, 63, 21, 43, 53, 62, 15, 31, 57, 18, 39, 46, 30, 60, 25, 38, 44, 36, 26 ],
[ 10, 34, 35, 49, 40, 3, 50, 33, 27, 37, 59, 51, 45, 42, 43, 58, 14, 7, 2, 32, 46, 6, 61, 16, 15, 60, 54, 64, 23, 9, 19, 1, 21, 47, 56, 62, 63, 55, 53, 20, 12, 39, 18, 30, 25, 26, 57, 28, 8, 13, 17, 38, 41, 52, 44, 24, 11, 22, 31, 4, 36, 48, 5, 29 ]
],
[ PermutationGroup<64 |  
\[ 2, 9, 8, 19, 11, 1, 30, 34, 6, 13, 38, 22, 27, 18, 49, 26, 3, 33, 12, 31, 57, 4, 41, 5, 52, 59, 29, 32, 10, 28, 44, 7, 48, 17, 37, 51, 47, 24, 50, 43, 45, 56, 55, 58, 60, 64, 54, 14, 36, 46, 15, 61, 16, 35, 62, 21, 42, 20, 53, 23, 63, 40, 25, 39 ],
\[ 3, 10, 14, 6, 16, 27, 1, 35, 34, 23, 40, 2, 37, 28, 17, 41, 47, 42, 49, 22, 24, 51, 4, 55, 5, 58, 45, 9, 54, 50, 32, 64, 7, 33, 52, 8, 56, 59, 29, 48, 61, 11, 20, 19, 12, 13, 63, 21, 43, 53, 62, 15, 31, 57, 18, 39, 46, 30, 60, 25, 38, 44, 36, 26 ],
\[ 4, 7, 15, 20, 21, 28, 31, 1, 12, 39, 25, 44, 2, 40, 22, 50, 9, 3, 23, 26, 37, 45, 59, 61, 47, 5, 46, 58, 6, 33, 43, 14, 55, 36, 29, 19, 8, 42, 32, 51, 10, 54, 11, 53, 16, 30, 13, 34, 52, 56, 63, 60, 38, 17, 49, 18, 48, 62, 64, 27, 35, 24, 41, 57 ]:
 Order := 64 > |
[ 36, 46, 55, 7, 64, 39, 12, 13, 15, 16, 49, 28, 17, 31, 1, 27, 29, 37, 63, 23, 25, 52, 44, 51, 42, 43, 59, 4, 8, 57, 33, 56, 58, 40, 41, 9, 48, 50, 2, 3, 47, 61, 53, 45, 20, 6, 60, 54, 24, 5, 11, 19, 62, 18, 34, 30, 32, 14, 10, 35, 21, 26, 22, 38 ],
[ 4, 7, 15, 20, 21, 28, 31, 1, 12, 39, 25, 44, 2, 40, 22, 50, 9, 3, 23, 26, 37, 45, 59, 61, 47, 5, 46, 58, 6, 33, 43, 14, 55, 36, 29, 19, 8, 42, 32, 51, 10, 54, 11, 53, 16, 30, 13, 34, 52, 56, 63, 60, 38, 17, 49, 18, 48, 62, 64, 27, 35, 24, 41, 57 ],
[ 3, 10, 14, 6, 16, 27, 1, 35, 34, 23, 40, 2, 37, 28, 17, 41, 47, 42, 49, 22, 24, 51, 4, 55, 5, 58, 45, 9, 54, 50, 32, 64, 7, 33, 52, 8, 56, 59, 29, 48, 61, 11, 20, 19, 12, 13, 63, 21, 43, 53, 62, 15, 31, 57, 18, 39, 46, 30, 60, 25, 38, 44, 36, 26 ]
],
[ PermutationGroup<64 |  
\[ 2, 9, 8, 19, 11, 1, 30, 34, 6, 13, 38, 22, 27, 18, 49, 26, 3, 33, 12, 31, 57, 4, 41, 5, 52, 59, 29, 32, 10, 28, 44, 7, 48, 17, 37, 51, 47, 24, 50, 43, 45, 56, 55, 58, 60, 64, 54, 14, 36, 46, 15, 61, 16, 35, 62, 21, 42, 20, 53, 23, 63, 40, 25, 39 ],
\[ 3, 10, 14, 6, 16, 27, 1, 35, 34, 23, 40, 2, 37, 28, 17, 41, 47, 42, 49, 22, 24, 51, 4, 55, 5, 58, 45, 9, 54, 50, 32, 64, 7, 33, 52, 8, 56, 59, 29, 48, 61, 11, 20, 19, 12, 13, 63, 21, 43, 53, 62, 15, 31, 57, 18, 39, 46, 30, 60, 25, 38, 44, 36, 26 ],
\[ 4, 7, 15, 20, 21, 28, 31, 1, 12, 39, 25, 44, 2, 40, 22, 50, 9, 3, 23, 26, 37, 45, 59, 61, 47, 5, 46, 58, 6, 33, 43, 14, 55, 36, 29, 19, 8, 42, 32, 51, 10, 54, 11, 53, 16, 30, 13, 34, 52, 56, 63, 60, 38, 17, 49, 18, 48, 62, 64, 27, 35, 24, 41, 57 ]:
 Order := 64 > |
[ 47, 54, 21, 34, 31, 37, 27, 57, 35, 25, 44, 3, 52, 50, 33, 4, 56, 46, 17, 2, 59, 8, 51, 20, 55, 19, 61, 10, 63, 29, 9, 13, 64, 42, 5, 14, 11, 58, 45, 7, 15, 16, 30, 6, 49, 23, 38, 39, 48, 60, 18, 62, 22, 24, 28, 26, 53, 1, 12, 36, 40, 32, 43, 41 ],
[ 4, 7, 15, 20, 21, 28, 31, 1, 12, 39, 25, 44, 2, 40, 22, 50, 9, 3, 23, 26, 37, 45, 59, 61, 47, 5, 46, 58, 6, 33, 43, 14, 55, 36, 29, 19, 8, 42, 32, 51, 10, 54, 11, 53, 16, 30, 13, 34, 52, 56, 63, 60, 38, 17, 49, 18, 48, 62, 64, 27, 35, 24, 41, 57 ],
[ 28, 4, 9, 45, 61, 12, 14, 15, 7, 6, 21, 23, 39, 34, 63, 38, 36, 40, 20, 62, 18, 44, 27, 42, 41, 50, 2, 33, 46, 31, 26, 58, 3, 1, 17, 52, 29, 25, 57, 24, 59, 48, 51, 43, 10, 56, 8, 55, 22, 32, 19, 47, 64, 13, 11, 54, 37, 53, 5, 16, 60, 49, 35, 30 ]
]
];

/*
Return for eval
*/

return s;
