s := SolvablePassportDBInitialize();

/*
Magma printing
*/

s`Filename := "64S7-8,4,8-g17.m";
s`GaloisOrbits := [ Strings() | "64S7-8,4,8-g17-path7-notcomputed.m", "64S7-8,4,8-g17-path6-notcomputed.m", "64S7-8,4,8-g17-path13-notcomputed.m", "64S7-8,4,8-g17-path3-notcomputed.m", "64S7-8,4,8-g17-path14-notcomputed.m", "64S7-8,4,8-g17-path26-notcomputed.m", "64S7-8,4,8-g17-path25-notcomputed.m", "64S7-8,4,8-g17-path15-notcomputed.m", "64S7-8,4,8-g17-path16-notcomputed.m", "64S7-8,4,8-g17-path12-notcomputed.m", "64S7-8,4,8-g17-path17-notcomputed.m", "64S7-8,4,8-g17-path18-notcomputed.m" ];
s`Name := "64S7-8,4,8-g17";
s`Passport := [ PowerSequence(PermutationGroup<64 |  
\[ 2, 9, 8, 19, 11, 1, 31, 34, 23, 13, 38, 46, 49, 18, 41, 26, 3, 29, 42, 32, 43, 4, 14, 5, 62, 39, 30, 40, 6, 44, 56, 47, 7, 33, 37, 50, 51, 60, 63, 16, 59, 45, 10, 22, 27, 21, 64, 12, 48, 53, 57, 55, 58, 15, 61, 17, 36, 35, 20, 52, 24, 28, 25, 54 ],
\[ 3, 10, 14, 6, 16, 27, 1, 35, 28, 18, 42, 2, 37, 7, 17, 52, 32, 12, 57, 22, 24, 54, 4, 49, 5, 59, 23, 29, 39, 58, 36, 33, 15, 38, 31, 8, 46, 56, 9, 51, 43, 55, 47, 11, 20, 50, 48, 41, 60, 13, 63, 25, 40, 45, 44, 61, 30, 19, 62, 21, 34, 64, 53, 26 ],
\[ 4, 7, 15, 20, 21, 28, 32, 1, 12, 41, 25, 47, 2, 27, 22, 53, 38, 3, 23, 26, 37, 55, 39, 56, 51, 5, 54, 59, 10, 6, 14, 45, 61, 36, 30, 19, 8, 44, 64, 9, 33, 58, 60, 57, 11, 18, 17, 24, 50, 31, 13, 49, 46, 62, 16, 35, 40, 63, 48, 34, 42, 52, 29, 43 ]:
 Order := 64 >) |
[ PermutationGroup<64 |  
\[ 2, 9, 8, 19, 11, 1, 31, 34, 23, 13, 38, 46, 49, 18, 41, 26, 3, 29, 42, 32, 43, 4, 14, 5, 62, 39, 30, 40, 6, 44, 56, 47, 7, 33, 37, 50, 51, 60, 63, 16, 59, 45, 10, 22, 27, 21, 64, 12, 48, 53, 57, 55, 58, 15, 61, 17, 36, 35, 20, 52, 24, 28, 25, 54 ],
\[ 3, 10, 14, 6, 16, 27, 1, 35, 28, 18, 42, 2, 37, 7, 17, 52, 32, 12, 57, 22, 24, 54, 4, 49, 5, 59, 23, 29, 39, 58, 36, 33, 15, 38, 31, 8, 46, 56, 9, 51, 43, 55, 47, 11, 20, 50, 48, 41, 60, 13, 63, 25, 40, 45, 44, 61, 30, 19, 62, 21, 34, 64, 53, 26 ],
\[ 4, 7, 15, 20, 21, 28, 32, 1, 12, 41, 25, 47, 2, 27, 22, 53, 38, 3, 23, 26, 37, 55, 39, 56, 51, 5, 54, 59, 10, 6, 14, 45, 61, 36, 30, 19, 8, 44, 64, 9, 33, 58, 60, 57, 11, 18, 17, 24, 50, 31, 13, 49, 46, 62, 16, 35, 40, 63, 48, 34, 42, 52, 29, 43 ]:
 Order := 64 > |
[ 6, 1, 17, 22, 24, 29, 33, 3, 2, 43, 5, 48, 10, 23, 54, 40, 56, 14, 4, 59, 46, 44, 9, 61, 63, 16, 45, 62, 18, 27, 7, 20, 34, 8, 58, 57, 35, 11, 26, 28, 15, 19, 21, 30, 42, 12, 32, 49, 13, 36, 37, 60, 50, 64, 52, 31, 51, 53, 41, 38, 55, 25, 39, 47 ],
[ 19, 31, 41, 32, 43, 40, 47, 2, 46, 59, 62, 64, 9, 30, 4, 58, 60, 8, 14, 39, 51, 61, 63, 17, 57, 11, 15, 20, 13, 1, 18, 27, 24, 50, 44, 42, 34, 22, 54, 23, 7, 35, 52, 36, 38, 29, 3, 5, 53, 56, 49, 48, 21, 28, 26, 37, 16, 25, 12, 33, 45, 55, 6, 10 ],
[ 8, 13, 18, 1, 26, 30, 2, 37, 40, 29, 45, 9, 51, 31, 3, 55, 47, 46, 36, 4, 5, 15, 19, 48, 11, 20, 14, 6, 63, 35, 50, 7, 41, 60, 56, 34, 21, 17, 23, 57, 10, 61, 64, 38, 32, 53, 12, 59, 52, 49, 25, 62, 16, 27, 22, 24, 44, 42, 28, 43, 33, 54, 58, 39 ]
],
[ PermutationGroup<64 |  
\[ 2, 9, 8, 19, 11, 1, 31, 34, 23, 13, 38, 46, 49, 18, 41, 26, 3, 29, 42, 32, 43, 4, 14, 5, 62, 39, 30, 40, 6, 44, 56, 47, 7, 33, 37, 50, 51, 60, 63, 16, 59, 45, 10, 22, 27, 21, 64, 12, 48, 53, 57, 55, 58, 15, 61, 17, 36, 35, 20, 52, 24, 28, 25, 54 ],
\[ 3, 10, 14, 6, 16, 27, 1, 35, 28, 18, 42, 2, 37, 7, 17, 52, 32, 12, 57, 22, 24, 54, 4, 49, 5, 59, 23, 29, 39, 58, 36, 33, 15, 38, 31, 8, 46, 56, 9, 51, 43, 55, 47, 11, 20, 50, 48, 41, 60, 13, 63, 25, 40, 45, 44, 61, 30, 19, 62, 21, 34, 64, 53, 26 ],
\[ 4, 7, 15, 20, 21, 28, 32, 1, 12, 41, 25, 47, 2, 27, 22, 53, 38, 3, 23, 26, 37, 55, 39, 56, 51, 5, 54, 59, 10, 6, 14, 45, 61, 36, 30, 19, 8, 44, 64, 9, 33, 58, 60, 57, 11, 18, 17, 24, 50, 31, 13, 49, 46, 62, 16, 35, 40, 63, 48, 34, 42, 52, 29, 43 ]:
 Order := 64 > |
[ 6, 1, 17, 22, 24, 29, 33, 3, 2, 43, 5, 48, 10, 23, 54, 40, 56, 14, 4, 59, 46, 44, 9, 61, 63, 16, 45, 62, 18, 27, 7, 20, 34, 8, 58, 57, 35, 11, 26, 28, 15, 19, 21, 30, 42, 12, 32, 49, 13, 36, 37, 60, 50, 64, 52, 31, 51, 53, 41, 38, 55, 25, 39, 47 ],
[ 13, 40, 37, 36, 45, 8, 50, 60, 19, 51, 17, 53, 52, 46, 10, 20, 18, 63, 61, 7, 64, 1, 31, 26, 54, 23, 35, 57, 30, 38, 24, 12, 2, 41, 21, 49, 25, 43, 58, 55, 28, 32, 29, 15, 14, 5, 39, 9, 59, 16, 44, 22, 42, 3, 33, 47, 34, 56, 4, 62, 48, 6, 11, 27 ],
[ 33, 48, 6, 9, 63, 22, 23, 57, 26, 1, 30, 14, 36, 17, 34, 24, 54, 43, 53, 42, 38, 59, 45, 46, 60, 47, 29, 2, 62, 51, 58, 56, 20, 55, 3, 7, 10, 8, 18, 50, 49, 5, 15, 52, 64, 35, 21, 32, 61, 12, 28, 40, 39, 44, 19, 11, 4, 27, 16, 13, 31, 41, 37, 25 ]
],
[ PermutationGroup<64 |  
\[ 2, 9, 8, 19, 11, 1, 31, 34, 23, 13, 38, 46, 49, 18, 41, 26, 3, 29, 42, 32, 43, 4, 14, 5, 62, 39, 30, 40, 6, 44, 56, 47, 7, 33, 37, 50, 51, 60, 63, 16, 59, 45, 10, 22, 27, 21, 64, 12, 48, 53, 57, 55, 58, 15, 61, 17, 36, 35, 20, 52, 24, 28, 25, 54 ],
\[ 3, 10, 14, 6, 16, 27, 1, 35, 28, 18, 42, 2, 37, 7, 17, 52, 32, 12, 57, 22, 24, 54, 4, 49, 5, 59, 23, 29, 39, 58, 36, 33, 15, 38, 31, 8, 46, 56, 9, 51, 43, 55, 47, 11, 20, 50, 48, 41, 60, 13, 63, 25, 40, 45, 44, 61, 30, 19, 62, 21, 34, 64, 53, 26 ],
\[ 4, 7, 15, 20, 21, 28, 32, 1, 12, 41, 25, 47, 2, 27, 22, 53, 38, 3, 23, 26, 37, 55, 39, 56, 51, 5, 54, 59, 10, 6, 14, 45, 61, 36, 30, 19, 8, 44, 64, 9, 33, 58, 60, 57, 11, 18, 17, 24, 50, 31, 13, 49, 46, 62, 16, 35, 40, 63, 48, 34, 42, 52, 29, 43 ]:
 Order := 64 > |
[ 8, 13, 18, 1, 26, 30, 2, 37, 40, 29, 45, 9, 51, 31, 3, 55, 47, 46, 36, 4, 5, 15, 19, 48, 11, 20, 14, 6, 63, 35, 50, 7, 41, 60, 56, 34, 21, 17, 23, 57, 10, 61, 64, 38, 32, 53, 12, 59, 52, 49, 25, 62, 16, 27, 22, 24, 44, 42, 28, 43, 33, 54, 58, 39 ],
[ 7, 12, 1, 23, 25, 4, 14, 36, 39, 2, 44, 18, 50, 3, 33, 5, 15, 10, 58, 45, 60, 20, 27, 21, 52, 64, 6, 9, 28, 57, 35, 17, 32, 61, 8, 31, 13, 34, 29, 53, 48, 11, 41, 55, 54, 37, 43, 47, 24, 46, 40, 16, 63, 22, 42, 38, 19, 30, 26, 49, 56, 59, 51, 62 ],
[ 6, 1, 17, 22, 24, 29, 33, 3, 2, 43, 5, 48, 10, 23, 54, 40, 56, 14, 4, 59, 46, 44, 9, 61, 63, 16, 45, 62, 18, 27, 7, 20, 34, 8, 58, 57, 35, 11, 26, 28, 15, 19, 21, 30, 42, 12, 32, 49, 13, 36, 37, 60, 50, 64, 52, 31, 51, 53, 41, 38, 55, 25, 39, 47 ]
],
[ PermutationGroup<64 |  
\[ 2, 9, 8, 19, 11, 1, 31, 34, 23, 13, 38, 46, 49, 18, 41, 26, 3, 29, 42, 32, 43, 4, 14, 5, 62, 39, 30, 40, 6, 44, 56, 47, 7, 33, 37, 50, 51, 60, 63, 16, 59, 45, 10, 22, 27, 21, 64, 12, 48, 53, 57, 55, 58, 15, 61, 17, 36, 35, 20, 52, 24, 28, 25, 54 ],
\[ 3, 10, 14, 6, 16, 27, 1, 35, 28, 18, 42, 2, 37, 7, 17, 52, 32, 12, 57, 22, 24, 54, 4, 49, 5, 59, 23, 29, 39, 58, 36, 33, 15, 38, 31, 8, 46, 56, 9, 51, 43, 55, 47, 11, 20, 50, 48, 41, 60, 13, 63, 25, 40, 45, 44, 61, 30, 19, 62, 21, 34, 64, 53, 26 ],
\[ 4, 7, 15, 20, 21, 28, 32, 1, 12, 41, 25, 47, 2, 27, 22, 53, 38, 3, 23, 26, 37, 55, 39, 56, 51, 5, 54, 59, 10, 6, 14, 45, 61, 36, 30, 19, 8, 44, 64, 9, 33, 58, 60, 57, 11, 18, 17, 24, 50, 31, 13, 49, 46, 62, 16, 35, 40, 63, 48, 34, 42, 52, 29, 43 ]:
 Order := 64 > |
[ 8, 13, 18, 1, 26, 30, 2, 37, 40, 29, 45, 9, 51, 31, 3, 55, 47, 46, 36, 4, 5, 15, 19, 48, 11, 20, 14, 6, 63, 35, 50, 7, 41, 60, 56, 34, 21, 17, 23, 57, 10, 61, 64, 38, 32, 53, 12, 59, 52, 49, 25, 62, 16, 27, 22, 24, 44, 42, 28, 43, 33, 54, 58, 39 ],
[ 39, 27, 61, 11, 34, 12, 38, 32, 3, 24, 49, 60, 47, 28, 26, 29, 36, 4, 54, 43, 2, 58, 10, 44, 9, 51, 55, 5, 7, 20, 15, 62, 35, 14, 40, 63, 19, 16, 52, 64, 45, 6, 50, 23, 57, 41, 22, 37, 18, 30, 31, 56, 8, 48, 21, 1, 46, 13, 17, 42, 25, 53, 59, 33 ],
[ 18, 29, 31, 30, 55, 14, 8, 56, 6, 46, 61, 13, 21, 2, 47, 62, 7, 9, 44, 15, 48, 27, 1, 52, 26, 28, 19, 63, 23, 42, 34, 41, 3, 17, 50, 37, 53, 24, 40, 25, 64, 22, 12, 45, 4, 49, 59, 10, 43, 51, 58, 11, 57, 32, 38, 33, 35, 36, 54, 5, 60, 39, 16, 20 ]
]
];

/*
Return for eval
*/

return s;
