s := SolvablePassportDBInitialize();

/*
Magma printing
*/

s`Filename := "64S7-4,8,8-g17.m";
s`GaloisOrbits := [ Strings() | "64S7-4,8,8-g17-path2.m", "64S7-4,8,8-g17-path3.m", "64S7-4,8,8-g17-path13.m", "64S7-4,8,8-g17-path19.m", "64S7-4,8,8-g17-path20.m", "64S7-4,8,8-g17-path7.m", "64S7-4,8,8-g17-path8.m", "64S7-4,8,8-g17-path14.m", "64S7-4,8,8-g17-path23.m", "64S7-4,8,8-g17-path15.m", "64S7-4,8,8-g17-path24.m", "64S7-4,8,8-g17-path16.m" ];
s`Name := "64S7-4,8,8-g17";
s`Passport := [ PowerSequence(PermutationGroup<64 |  
\[ 12, 40, 8, 53, 2, 5, 49, 38, 22, 14, 30, 9, 25, 27, 34, 20, 63, 15, 18, 62, 13, 1, 56, 21, 24, 33, 29, 32, 10, 28, 23, 11, 44, 19, 37, 64, 50, 42, 52, 6, 51, 3, 54, 48, 59, 43, 46, 26, 41, 61, 7, 4, 39, 47, 57, 58, 45, 31, 55, 16, 35, 60, 36, 17 ],
\[ 3, 10, 16, 22, 18, 27, 1, 35, 38, 44, 5, 46, 2, 23, 56, 11, 42, 33, 31, 13, 45, 54, 52, 6, 55, 4, 26, 40, 58, 57, 51, 59, 7, 48, 30, 8, 21, 62, 12, 34, 9, 50, 61, 39, 29, 20, 37, 41, 36, 32, 17, 63, 64, 60, 14, 49, 15, 53, 19, 24, 25, 28, 43, 47 ],
\[ 4, 11, 17, 23, 24, 28, 31, 1, 39, 45, 50, 7, 37, 2, 5, 54, 53, 59, 40, 3, 60, 41, 19, 61, 20, 34, 55, 35, 6, 16, 29, 62, 27, 57, 43, 52, 8, 36, 58, 13, 56, 9, 12, 18, 30, 64, 22, 10, 33, 47, 48, 44, 26, 63, 32, 14, 25, 15, 21, 38, 42, 46, 51, 49 ]:
 Order := 64 >) |
[ PermutationGroup<64 |  
\[ 12, 40, 8, 53, 2, 5, 49, 38, 22, 14, 30, 9, 25, 27, 34, 20, 63, 15, 18, 62, 13, 1, 56, 21, 24, 33, 29, 32, 10, 28, 23, 11, 44, 19, 37, 64, 50, 42, 52, 6, 51, 3, 54, 48, 59, 43, 46, 26, 41, 61, 7, 4, 39, 47, 57, 58, 45, 31, 55, 16, 35, 60, 36, 17 ],
\[ 3, 10, 16, 22, 18, 27, 1, 35, 38, 44, 5, 46, 2, 23, 56, 11, 42, 33, 31, 13, 45, 54, 52, 6, 55, 4, 26, 40, 58, 57, 51, 59, 7, 48, 30, 8, 21, 62, 12, 34, 9, 50, 61, 39, 29, 20, 37, 41, 36, 32, 17, 63, 64, 60, 14, 49, 15, 53, 19, 24, 25, 28, 43, 47 ],
\[ 4, 11, 17, 23, 24, 28, 31, 1, 39, 45, 50, 7, 37, 2, 5, 54, 53, 59, 40, 3, 60, 41, 19, 61, 20, 34, 55, 35, 6, 16, 29, 62, 27, 57, 43, 52, 8, 36, 58, 13, 56, 9, 12, 18, 30, 64, 22, 10, 33, 47, 48, 44, 26, 63, 32, 14, 25, 15, 21, 38, 42, 46, 51, 49 ]:
 Order := 64 > |
[ 36, 55, 46, 7, 57, 45, 39, 47, 17, 34, 13, 63, 28, 15, 29, 35, 1, 10, 14, 61, 32, 64, 26, 11, 30, 58, 18, 24, 19, 21, 33, 25, 56, 27, 62, 9, 20, 54, 41, 59, 4, 43, 8, 23, 2, 38, 42, 31, 53, 16, 52, 49, 51, 3, 6, 48, 40, 44, 5, 37, 60, 50, 22, 12 ],
[ 4, 11, 17, 23, 24, 28, 31, 1, 39, 45, 50, 7, 37, 2, 5, 54, 53, 59, 40, 3, 60, 41, 19, 61, 20, 34, 55, 35, 6, 16, 29, 62, 27, 57, 43, 52, 8, 36, 58, 13, 56, 9, 12, 18, 30, 64, 22, 10, 33, 47, 48, 44, 26, 63, 32, 14, 25, 15, 21, 38, 42, 46, 51, 49 ],
[ 3, 10, 16, 22, 18, 27, 1, 35, 38, 44, 5, 46, 2, 23, 56, 11, 42, 33, 31, 13, 45, 54, 52, 6, 55, 4, 26, 40, 58, 57, 51, 59, 7, 48, 30, 8, 21, 62, 12, 34, 9, 50, 61, 39, 29, 20, 37, 41, 36, 32, 17, 63, 64, 60, 14, 49, 15, 53, 19, 24, 25, 28, 43, 47 ]
],
[ PermutationGroup<64 |  
\[ 12, 40, 8, 53, 2, 5, 49, 38, 22, 14, 30, 9, 25, 27, 34, 20, 63, 15, 18, 62, 13, 1, 56, 21, 24, 33, 29, 32, 10, 28, 23, 11, 44, 19, 37, 64, 50, 42, 52, 6, 51, 3, 54, 48, 59, 43, 46, 26, 41, 61, 7, 4, 39, 47, 57, 58, 45, 31, 55, 16, 35, 60, 36, 17 ],
\[ 3, 10, 16, 22, 18, 27, 1, 35, 38, 44, 5, 46, 2, 23, 56, 11, 42, 33, 31, 13, 45, 54, 52, 6, 55, 4, 26, 40, 58, 57, 51, 59, 7, 48, 30, 8, 21, 62, 12, 34, 9, 50, 61, 39, 29, 20, 37, 41, 36, 32, 17, 63, 64, 60, 14, 49, 15, 53, 19, 24, 25, 28, 43, 47 ],
\[ 4, 11, 17, 23, 24, 28, 31, 1, 39, 45, 50, 7, 37, 2, 5, 54, 53, 59, 40, 3, 60, 41, 19, 61, 20, 34, 55, 35, 6, 16, 29, 62, 27, 57, 43, 52, 8, 36, 58, 13, 56, 9, 12, 18, 30, 64, 22, 10, 33, 47, 48, 44, 26, 63, 32, 14, 25, 15, 21, 38, 42, 46, 51, 49 ]:
 Order := 64 > |
[ 56, 61, 39, 18, 35, 37, 10, 53, 31, 28, 46, 23, 38, 30, 21, 36, 33, 13, 25, 63, 42, 58, 6, 3, 8, 45, 11, 54, 32, 47, 5, 43, 57, 24, 9, 48, 12, 4, 34, 50, 27, 52, 49, 55, 20, 41, 51, 59, 29, 1, 14, 15, 19, 7, 60, 40, 62, 2, 16, 64, 22, 17, 26, 44 ],
[ 4, 11, 17, 23, 24, 28, 31, 1, 39, 45, 50, 7, 37, 2, 5, 54, 53, 59, 40, 3, 60, 41, 19, 61, 20, 34, 55, 35, 6, 16, 29, 62, 27, 57, 43, 52, 8, 36, 58, 13, 56, 9, 12, 18, 30, 64, 22, 10, 33, 47, 48, 44, 26, 63, 32, 14, 25, 15, 21, 38, 42, 46, 51, 49 ],
[ 11, 39, 5, 60, 7, 4, 16, 57, 28, 12, 33, 13, 44, 63, 36, 18, 32, 1, 17, 10, 58, 24, 43, 26, 23, 54, 22, 48, 64, 56, 42, 31, 3, 9, 15, 30, 29, 40, 20, 41, 62, 59, 55, 46, 53, 2, 45, 38, 35, 19, 50, 61, 37, 6, 52, 8, 49, 47, 51, 27, 14, 34, 25, 21 ]
],
[ PermutationGroup<64 |  
\[ 12, 40, 8, 53, 2, 5, 49, 38, 22, 14, 30, 9, 25, 27, 34, 20, 63, 15, 18, 62, 13, 1, 56, 21, 24, 33, 29, 32, 10, 28, 23, 11, 44, 19, 37, 64, 50, 42, 52, 6, 51, 3, 54, 48, 59, 43, 46, 26, 41, 61, 7, 4, 39, 47, 57, 58, 45, 31, 55, 16, 35, 60, 36, 17 ],
\[ 3, 10, 16, 22, 18, 27, 1, 35, 38, 44, 5, 46, 2, 23, 56, 11, 42, 33, 31, 13, 45, 54, 52, 6, 55, 4, 26, 40, 58, 57, 51, 59, 7, 48, 30, 8, 21, 62, 12, 34, 9, 50, 61, 39, 29, 20, 37, 41, 36, 32, 17, 63, 64, 60, 14, 49, 15, 53, 19, 24, 25, 28, 43, 47 ],
\[ 4, 11, 17, 23, 24, 28, 31, 1, 39, 45, 50, 7, 37, 2, 5, 54, 53, 59, 40, 3, 60, 41, 19, 61, 20, 34, 55, 35, 6, 16, 29, 62, 27, 57, 43, 52, 8, 36, 58, 13, 56, 9, 12, 18, 30, 64, 22, 10, 33, 47, 48, 44, 26, 63, 32, 14, 25, 15, 21, 38, 42, 46, 51, 49 ]:
 Order := 64 > |
[ 12, 40, 8, 53, 2, 5, 49, 38, 22, 14, 30, 9, 25, 27, 34, 20, 63, 15, 18, 62, 13, 1, 56, 21, 24, 33, 29, 32, 10, 28, 23, 11, 44, 19, 37, 64, 50, 42, 52, 6, 51, 3, 54, 48, 59, 43, 46, 26, 41, 61, 7, 4, 39, 47, 57, 58, 45, 31, 55, 16, 35, 60, 36, 17 ],
[ 3, 10, 16, 22, 18, 27, 1, 35, 38, 44, 5, 46, 2, 23, 56, 11, 42, 33, 31, 13, 45, 54, 52, 6, 55, 4, 26, 40, 58, 57, 51, 59, 7, 48, 30, 8, 21, 62, 12, 34, 9, 50, 61, 39, 29, 20, 37, 41, 36, 32, 17, 63, 64, 60, 14, 49, 15, 53, 19, 24, 25, 28, 43, 47 ],
[ 4, 11, 17, 23, 24, 28, 31, 1, 39, 45, 50, 7, 37, 2, 5, 54, 53, 59, 40, 3, 60, 41, 19, 61, 20, 34, 55, 35, 6, 16, 29, 62, 27, 57, 43, 52, 8, 36, 58, 13, 56, 9, 12, 18, 30, 64, 22, 10, 33, 47, 48, 44, 26, 63, 32, 14, 25, 15, 21, 38, 42, 46, 51, 49 ]
],
[ PermutationGroup<64 |  
\[ 12, 40, 8, 53, 2, 5, 49, 38, 22, 14, 30, 9, 25, 27, 34, 20, 63, 15, 18, 62, 13, 1, 56, 21, 24, 33, 29, 32, 10, 28, 23, 11, 44, 19, 37, 64, 50, 42, 52, 6, 51, 3, 54, 48, 59, 43, 46, 26, 41, 61, 7, 4, 39, 47, 57, 58, 45, 31, 55, 16, 35, 60, 36, 17 ],
\[ 3, 10, 16, 22, 18, 27, 1, 35, 38, 44, 5, 46, 2, 23, 56, 11, 42, 33, 31, 13, 45, 54, 52, 6, 55, 4, 26, 40, 58, 57, 51, 59, 7, 48, 30, 8, 21, 62, 12, 34, 9, 50, 61, 39, 29, 20, 37, 41, 36, 32, 17, 63, 64, 60, 14, 49, 15, 53, 19, 24, 25, 28, 43, 47 ],
\[ 4, 11, 17, 23, 24, 28, 31, 1, 39, 45, 50, 7, 37, 2, 5, 54, 53, 59, 40, 3, 60, 41, 19, 61, 20, 34, 55, 35, 6, 16, 29, 62, 27, 57, 43, 52, 8, 36, 58, 13, 56, 9, 12, 18, 30, 64, 22, 10, 33, 47, 48, 44, 26, 63, 32, 14, 25, 15, 21, 38, 42, 46, 51, 49 ]:
 Order := 64 > |
[ 20, 48, 30, 47, 44, 33, 8, 28, 60, 52, 15, 62, 14, 4, 41, 2, 61, 49, 7, 40, 10, 16, 36, 29, 27, 1, 53, 19, 39, 34, 63, 18, 12, 51, 45, 37, 59, 32, 43, 26, 42, 11, 24, 9, 31, 25, 13, 22, 38, 55, 3, 54, 46, 21, 56, 64, 58, 17, 23, 5, 57, 6, 35, 50 ],
[ 3, 10, 16, 22, 18, 27, 1, 35, 38, 44, 5, 46, 2, 23, 56, 11, 42, 33, 31, 13, 45, 54, 52, 6, 55, 4, 26, 40, 58, 57, 51, 59, 7, 48, 30, 8, 21, 62, 12, 34, 9, 50, 61, 39, 29, 20, 37, 41, 36, 32, 17, 63, 64, 60, 14, 49, 15, 53, 19, 24, 25, 28, 43, 47 ],
[ 27, 3, 31, 55, 54, 38, 59, 33, 10, 37, 17, 18, 64, 20, 16, 4, 29, 50, 62, 7, 22, 34, 32, 63, 12, 28, 61, 36, 60, 1, 21, 9, 24, 35, 52, 14, 49, 56, 45, 46, 57, 48, 44, 11, 8, 58, 26, 13, 5, 53, 40, 2, 6, 23, 42, 25, 43, 30, 47, 41, 51, 39, 19, 15 ]
]
];

/*
Return for eval
*/

return s;
