s := SolvablePassportDBInitialize();

/*
Magma printing
*/

s`Filename := "64S8-4,8,4-g13.m";
s`GaloisOrbits := [ Strings() | "64S8-4,8,4-g13-path2-notcomputed.m", "64S8-4,8,4-g13-path3-notcomputed.m", "64S8-4,8,4-g13-path7-notcomputed.m", "64S8-4,8,4-g13-path8-notcomputed.m" ];
s`Name := "64S8-4,8,4-g13";
s`Passport := [ PowerSequence(PermutationGroup<64 |  
\[ 12, 37, 8, 35, 2, 5, 44, 49, 21, 14, 26, 9, 18, 57, 32, 19, 41, 15, 43, 63, 1, 29, 20, 23, 47, 28, 10, 30, 64, 11, 50, 13, 22, 16, 39, 3, 6, 42, 59, 51, 25, 40, 34, 62, 48, 7, 17, 53, 36, 58, 38, 45, 52, 56, 60, 55, 27, 61, 4, 54, 31, 46, 24, 33 ],
\[ 3, 10, 16, 21, 18, 26, 1, 33, 35, 19, 5, 42, 2, 52, 53, 14, 36, 56, 39, 60, 44, 59, 6, 31, 4, 34, 37, 48, 46, 17, 7, 58, 51, 8, 43, 12, 20, 9, 29, 22, 27, 55, 28, 54, 30, 50, 11, 32, 41, 13, 61, 24, 57, 15, 63, 40, 25, 38, 47, 62, 23, 64, 45, 49 ],
\[ 4, 11, 17, 22, 23, 27, 29, 1, 36, 41, 45, 7, 48, 2, 5, 26, 59, 50, 3, 61, 38, 8, 52, 55, 49, 47, 53, 6, 40, 43, 51, 54, 62, 35, 25, 64, 13, 33, 9, 12, 30, 58, 10, 31, 14, 60, 57, 63, 34, 24, 56, 15, 28, 20, 18, 44, 16, 46, 19, 42, 32, 21, 37, 39 ]:
 Order := 64 >) |
[ PermutationGroup<64 |  
\[ 12, 37, 8, 35, 2, 5, 44, 49, 21, 14, 26, 9, 18, 57, 32, 19, 41, 15, 43, 63, 1, 29, 20, 23, 47, 28, 10, 30, 64, 11, 50, 13, 22, 16, 39, 3, 6, 42, 59, 51, 25, 40, 34, 62, 48, 7, 17, 53, 36, 58, 38, 45, 52, 56, 60, 55, 27, 61, 4, 54, 31, 46, 24, 33 ],
\[ 3, 10, 16, 21, 18, 26, 1, 33, 35, 19, 5, 42, 2, 52, 53, 14, 36, 56, 39, 60, 44, 59, 6, 31, 4, 34, 37, 48, 46, 17, 7, 58, 51, 8, 43, 12, 20, 9, 29, 22, 27, 55, 28, 54, 30, 50, 11, 32, 41, 13, 61, 24, 57, 15, 63, 40, 25, 38, 47, 62, 23, 64, 45, 49 ],
\[ 4, 11, 17, 22, 23, 27, 29, 1, 36, 41, 45, 7, 48, 2, 5, 26, 59, 50, 3, 61, 38, 8, 52, 55, 49, 47, 53, 6, 40, 43, 51, 54, 62, 35, 25, 64, 13, 33, 9, 12, 30, 58, 10, 31, 14, 60, 57, 63, 34, 24, 56, 15, 28, 20, 18, 44, 16, 46, 19, 42, 32, 21, 37, 39 ]:
 Order := 64 > |
[ 21, 5, 36, 59, 6, 37, 46, 3, 12, 27, 30, 1, 32, 10, 18, 34, 47, 13, 16, 23, 9, 33, 24, 63, 41, 11, 57, 26, 22, 28, 61, 15, 64, 43, 4, 49, 2, 51, 35, 42, 17, 38, 19, 7, 52, 62, 25, 45, 8, 31, 40, 53, 48, 60, 56, 54, 14, 50, 39, 55, 58, 44, 20, 29 ],
[ 7, 13, 1, 25, 11, 23, 31, 34, 38, 2, 47, 36, 50, 16, 54, 3, 30, 5, 10, 37, 4, 40, 61, 52, 57, 6, 41, 43, 39, 45, 24, 48, 8, 26, 9, 17, 27, 58, 19, 56, 49, 12, 35, 21, 63, 29, 59, 28, 64, 46, 33, 14, 15, 44, 42, 18, 53, 32, 22, 20, 51, 60, 55, 62 ],
[ 42, 20, 33, 43, 10, 18, 54, 41, 44, 52, 34, 35, 56, 25, 58, 39, 27, 53, 28, 45, 3, 46, 60, 6, 11, 48, 19, 17, 49, 5, 13, 2, 59, 14, 29, 16, 26, 55, 47, 61, 4, 22, 8, 64, 32, 1, 36, 57, 12, 38, 9, 30, 24, 40, 62, 63, 37, 23, 21, 15, 7, 50, 31, 51 ]
],
[ PermutationGroup<64 |  
\[ 12, 37, 8, 35, 2, 5, 44, 49, 21, 14, 26, 9, 18, 57, 32, 19, 41, 15, 43, 63, 1, 29, 20, 23, 47, 28, 10, 30, 64, 11, 50, 13, 22, 16, 39, 3, 6, 42, 59, 51, 25, 40, 34, 62, 48, 7, 17, 53, 36, 58, 38, 45, 52, 56, 60, 55, 27, 61, 4, 54, 31, 46, 24, 33 ],
\[ 3, 10, 16, 21, 18, 26, 1, 33, 35, 19, 5, 42, 2, 52, 53, 14, 36, 56, 39, 60, 44, 59, 6, 31, 4, 34, 37, 48, 46, 17, 7, 58, 51, 8, 43, 12, 20, 9, 29, 22, 27, 55, 28, 54, 30, 50, 11, 32, 41, 13, 61, 24, 57, 15, 63, 40, 25, 38, 47, 62, 23, 64, 45, 49 ],
\[ 4, 11, 17, 22, 23, 27, 29, 1, 36, 41, 45, 7, 48, 2, 5, 26, 59, 50, 3, 61, 38, 8, 52, 55, 49, 47, 53, 6, 40, 43, 51, 54, 62, 35, 25, 64, 13, 33, 9, 12, 30, 58, 10, 31, 14, 60, 57, 63, 34, 24, 56, 15, 28, 20, 18, 44, 16, 46, 19, 42, 32, 21, 37, 39 ]:
 Order := 64 > |
[ 8, 14, 19, 1, 15, 28, 12, 22, 39, 43, 2, 40, 37, 45, 52, 57, 3, 55, 59, 54, 62, 4, 5, 50, 35, 16, 6, 53, 7, 41, 44, 61, 38, 49, 34, 9, 63, 21, 64, 29, 10, 60, 30, 56, 11, 58, 26, 13, 25, 18, 31, 23, 27, 32, 24, 51, 47, 42, 17, 46, 20, 33, 48, 36 ],
[ 7, 13, 1, 25, 11, 23, 31, 34, 38, 2, 47, 36, 50, 16, 54, 3, 30, 5, 10, 37, 4, 40, 61, 52, 57, 6, 41, 43, 39, 45, 24, 48, 8, 26, 9, 17, 27, 58, 19, 56, 49, 12, 35, 21, 63, 29, 59, 28, 64, 46, 33, 14, 15, 44, 42, 18, 53, 32, 22, 20, 51, 60, 55, 62 ],
[ 21, 5, 36, 59, 6, 37, 46, 3, 12, 27, 30, 1, 32, 10, 18, 34, 47, 13, 16, 23, 9, 33, 24, 63, 41, 11, 57, 26, 22, 28, 61, 15, 64, 43, 4, 49, 2, 51, 35, 42, 17, 38, 19, 7, 52, 62, 25, 45, 8, 31, 40, 53, 48, 60, 56, 54, 14, 50, 39, 55, 58, 44, 20, 29 ]
]
];

/*
Return for eval
*/

return s;
