s := SolvablePassportDBInitialize();

/*
Magma printing
*/

s`Filename := "64S8-8,4,4-g13.m";
s`GaloisOrbits := [ Strings() | "64S8-8,4,4-g13-path7.m", "64S8-8,4,4-g13-path3.m", "64S8-8,4,4-g13-path4.m", "64S8-8,4,4-g13-path9.m", "64S8-8,4,4-g13-path1.m", "64S8-8,4,4-g13-path2.m" ];
s`Name := "64S8-8,4,4-g13";
s`Passport := [ PowerSequence(PermutationGroup<64 |  
\[ 11, 30, 8, 23, 2, 5, 14, 38, 49, 13, 9, 32, 20, 21, 33, 7, 44, 1, 15, 17, 46, 18, 39, 35, 3, 19, 37, 62, 16, 28, 25, 4, 51, 12, 53, 10, 24, 43, 60, 27, 26, 6, 61, 55, 42, 59, 56, 34, 47, 36, 63, 31, 64, 29, 50, 22, 41, 40, 54, 48, 52, 45, 57, 58 ],
\[ 3, 10, 5, 18, 7, 4, 1, 26, 29, 11, 12, 2, 19, 27, 25, 15, 40, 20, 32, 6, 42, 21, 41, 16, 24, 14, 8, 48, 30, 31, 9, 37, 36, 33, 34, 35, 13, 22, 45, 23, 17, 38, 58, 56, 44, 57, 61, 49, 50, 28, 54, 51, 52, 53, 63, 39, 43, 46, 47, 64, 62, 59, 60, 55 ],
\[ 4, 3, 15, 19, 20, 21, 24, 1, 10, 33, 7, 35, 2, 5, 13, 9, 18, 38, 8, 37, 26, 44, 6, 32, 30, 23, 17, 29, 51, 12, 53, 11, 16, 28, 25, 49, 14, 27, 40, 43, 46, 39, 42, 41, 61, 22, 48, 63, 31, 64, 34, 47, 36, 62, 45, 59, 55, 60, 58, 56, 57, 50, 52, 54 ]:
 Order := 64 >) |
[ PermutationGroup<64 |  
\[ 11, 30, 8, 23, 2, 5, 14, 38, 49, 13, 9, 32, 20, 21, 33, 7, 44, 1, 15, 17, 46, 18, 39, 35, 3, 19, 37, 62, 16, 28, 25, 4, 51, 12, 53, 10, 24, 43, 60, 27, 26, 6, 61, 55, 42, 59, 56, 34, 47, 36, 63, 31, 64, 29, 50, 22, 41, 40, 54, 48, 52, 45, 57, 58 ],
\[ 3, 10, 5, 18, 7, 4, 1, 26, 29, 11, 12, 2, 19, 27, 25, 15, 40, 20, 32, 6, 42, 21, 41, 16, 24, 14, 8, 48, 30, 31, 9, 37, 36, 33, 34, 35, 13, 22, 45, 23, 17, 38, 58, 56, 44, 57, 61, 49, 50, 28, 54, 51, 52, 53, 63, 39, 43, 46, 47, 64, 62, 59, 60, 55 ],
\[ 4, 3, 15, 19, 20, 21, 24, 1, 10, 33, 7, 35, 2, 5, 13, 9, 18, 38, 8, 37, 26, 44, 6, 32, 30, 23, 17, 29, 51, 12, 53, 11, 16, 28, 25, 49, 14, 27, 40, 43, 46, 39, 42, 41, 61, 22, 48, 63, 31, 64, 34, 47, 36, 62, 45, 59, 55, 60, 58, 56, 57, 50, 52, 54 ]:
 Order := 64 > |
[ 11, 30, 8, 23, 2, 5, 14, 38, 49, 13, 9, 32, 20, 21, 33, 7, 44, 1, 15, 17, 46, 18, 39, 35, 3, 19, 37, 62, 16, 28, 25, 4, 51, 12, 53, 10, 24, 43, 60, 27, 26, 6, 61, 55, 42, 59, 56, 34, 47, 36, 63, 31, 64, 29, 50, 22, 41, 40, 54, 48, 52, 45, 57, 58 ],
[ 4, 3, 15, 19, 20, 21, 24, 1, 10, 33, 7, 35, 2, 5, 13, 9, 18, 38, 8, 37, 26, 44, 6, 32, 30, 23, 17, 29, 51, 12, 53, 11, 16, 28, 25, 49, 14, 27, 40, 43, 46, 39, 42, 41, 61, 22, 48, 63, 31, 64, 34, 47, 36, 62, 45, 59, 55, 60, 58, 56, 57, 50, 52, 54 ],
[ 17, 14, 35, 24, 23, 43, 33, 2, 32, 53, 8, 51, 9, 11, 4, 28, 5, 46, 21, 15, 37, 60, 1, 20, 49, 44, 39, 25, 64, 13, 63, 30, 3, 47, 7, 62, 38, 19, 26, 59, 61, 55, 18, 27, 54, 6, 36, 58, 16, 57, 10, 45, 12, 56, 22, 52, 48, 50, 41, 42, 40, 34, 29, 31 ]
],
[ PermutationGroup<64 |  
\[ 11, 30, 8, 23, 2, 5, 14, 38, 49, 13, 9, 32, 20, 21, 33, 7, 44, 1, 15, 17, 46, 18, 39, 35, 3, 19, 37, 62, 16, 28, 25, 4, 51, 12, 53, 10, 24, 43, 60, 27, 26, 6, 61, 55, 42, 59, 56, 34, 47, 36, 63, 31, 64, 29, 50, 22, 41, 40, 54, 48, 52, 45, 57, 58 ],
\[ 3, 10, 5, 18, 7, 4, 1, 26, 29, 11, 12, 2, 19, 27, 25, 15, 40, 20, 32, 6, 42, 21, 41, 16, 24, 14, 8, 48, 30, 31, 9, 37, 36, 33, 34, 35, 13, 22, 45, 23, 17, 38, 58, 56, 44, 57, 61, 49, 50, 28, 54, 51, 52, 53, 63, 39, 43, 46, 47, 64, 62, 59, 60, 55 ],
\[ 4, 3, 15, 19, 20, 21, 24, 1, 10, 33, 7, 35, 2, 5, 13, 9, 18, 38, 8, 37, 26, 44, 6, 32, 30, 23, 17, 29, 51, 12, 53, 11, 16, 28, 25, 49, 14, 27, 40, 43, 46, 39, 42, 41, 61, 22, 48, 63, 31, 64, 34, 47, 36, 62, 45, 59, 55, 60, 58, 56, 57, 50, 52, 54 ]:
 Order := 64 > |
[ 11, 30, 8, 23, 2, 5, 14, 38, 49, 13, 9, 32, 20, 21, 33, 7, 44, 1, 15, 17, 46, 18, 39, 35, 3, 19, 37, 62, 16, 28, 25, 4, 51, 12, 53, 10, 24, 43, 60, 27, 26, 6, 61, 55, 42, 59, 56, 34, 47, 36, 63, 31, 64, 29, 50, 22, 41, 40, 54, 48, 52, 45, 57, 58 ],
[ 3, 10, 5, 18, 7, 4, 1, 26, 29, 11, 12, 2, 19, 27, 25, 15, 40, 20, 32, 6, 42, 21, 41, 16, 24, 14, 8, 48, 30, 31, 9, 37, 36, 33, 34, 35, 13, 22, 45, 23, 17, 38, 58, 56, 44, 57, 61, 49, 50, 28, 54, 51, 52, 53, 63, 39, 43, 46, 47, 64, 62, 59, 60, 55 ],
[ 4, 3, 15, 19, 20, 21, 24, 1, 10, 33, 7, 35, 2, 5, 13, 9, 18, 38, 8, 37, 26, 44, 6, 32, 30, 23, 17, 29, 51, 12, 53, 11, 16, 28, 25, 49, 14, 27, 40, 43, 46, 39, 42, 41, 61, 22, 48, 63, 31, 64, 34, 47, 36, 62, 45, 59, 55, 60, 58, 56, 57, 50, 52, 54 ]
]
];

/*
Return for eval
*/

return s;
