s := SolvablePassportDBInitialize();

/*
Magma printing
*/

s`Filename := "64S8-4,8,2-g5.m";
s`GaloisOrbits := [ Strings() | "64S8-4,8,2-g5-path1-notcomputed.m", "64S8-4,8,2-g5-path4-notcomputed.m", "64S8-4,8,2-g5-path2-notcomputed.m" ];
s`Name := "64S8-4,8,2-g5";
s`Passport := [ PowerSequence(PermutationGroup<64 |  
\[ 11, 27, 4, 36, 2, 5, 32, 19, 10, 23, 8, 54, 18, 15, 29, 13, 16, 17, 1, 33, 22, 57, 58, 35, 26, 34, 6, 50, 48, 7, 30, 31, 53, 64, 46, 43, 24, 42, 21, 38, 40, 41, 3, 45, 52, 37, 28, 14, 47, 49, 20, 62, 51, 56, 12, 55, 39, 9, 60, 61, 63, 44, 59, 25 ],
\[ 3, 9, 14, 19, 16, 21, 1, 25, 15, 5, 30, 2, 6, 39, 43, 40, 44, 46, 47, 4, 48, 27, 20, 7, 29, 11, 55, 8, 58, 38, 59, 37, 10, 33, 12, 51, 13, 17, 62, 49, 56, 31, 63, 57, 18, 28, 41, 64, 61, 35, 22, 23, 26, 24, 42, 52, 53, 45, 36, 32, 34, 54, 50, 60 ],
\[ 4, 10, 15, 1, 13, 22, 11, 26, 29, 2, 7, 27, 5, 21, 3, 38, 45, 37, 28, 36, 14, 6, 33, 32, 48, 8, 12, 19, 9, 42, 60, 24, 23, 53, 54, 20, 18, 16, 44, 47, 55, 30, 59, 39, 17, 50, 40, 25, 63, 46, 57, 58, 34, 35, 41, 62, 51, 52, 43, 31, 64, 56, 49, 61 ]:
 Order := 64 >) |
[ PermutationGroup<64 |  
\[ 11, 27, 4, 36, 2, 5, 32, 19, 10, 23, 8, 54, 18, 15, 29, 13, 16, 17, 1, 33, 22, 57, 58, 35, 26, 34, 6, 50, 48, 7, 30, 31, 53, 64, 46, 43, 24, 42, 21, 38, 40, 41, 3, 45, 52, 37, 28, 14, 47, 49, 20, 62, 51, 56, 12, 55, 39, 9, 60, 61, 63, 44, 59, 25 ],
\[ 3, 9, 14, 19, 16, 21, 1, 25, 15, 5, 30, 2, 6, 39, 43, 40, 44, 46, 47, 4, 48, 27, 20, 7, 29, 11, 55, 8, 58, 38, 59, 37, 10, 33, 12, 51, 13, 17, 62, 49, 56, 31, 63, 57, 18, 28, 41, 64, 61, 35, 22, 23, 26, 24, 42, 52, 53, 45, 36, 32, 34, 54, 50, 60 ],
\[ 4, 10, 15, 1, 13, 22, 11, 26, 29, 2, 7, 27, 5, 21, 3, 38, 45, 37, 28, 36, 14, 6, 33, 32, 48, 8, 12, 19, 9, 42, 60, 24, 23, 53, 54, 20, 18, 16, 44, 47, 55, 30, 59, 39, 17, 50, 40, 25, 63, 46, 57, 58, 34, 35, 41, 62, 51, 52, 43, 31, 64, 56, 49, 61 ]:
 Order := 64 > |
[ 19, 5, 43, 3, 6, 27, 30, 11, 58, 9, 1, 55, 16, 48, 14, 17, 18, 13, 8, 51, 39, 21, 10, 37, 64, 25, 2, 47, 15, 31, 32, 7, 20, 26, 24, 4, 46, 40, 57, 41, 42, 38, 36, 62, 44, 35, 49, 29, 50, 28, 53, 45, 33, 12, 56, 54, 22, 23, 63, 59, 60, 52, 61, 34 ],
[ 7, 12, 1, 20, 10, 13, 24, 28, 2, 33, 26, 35, 37, 3, 9, 5, 38, 45, 4, 23, 6, 51, 52, 54, 8, 53, 22, 46, 25, 11, 42, 60, 34, 61, 50, 59, 32, 30, 14, 16, 47, 55, 15, 17, 58, 18, 19, 21, 40, 63, 36, 56, 57, 62, 27, 41, 44, 29, 31, 64, 49, 39, 43, 48 ],
[ 30, 55, 19, 51, 9, 16, 37, 47, 5, 20, 25, 24, 46, 43, 58, 6, 40, 44, 3, 10, 27, 53, 45, 12, 11, 33, 21, 35, 64, 1, 38, 59, 26, 60, 28, 63, 7, 31, 48, 17, 49, 56, 14, 18, 23, 13, 8, 39, 41, 61, 4, 54, 22, 52, 2, 42, 62, 15, 32, 34, 50, 57, 36, 29 ]
]
];

/*
Return for eval
*/

return s;
