s := SolvablePassportDBInitialize();

/*
Magma printing
*/

s`Filename := "64S8-2,4,8-g5.m";
s`GaloisOrbits := [ Strings() | "64S8-2,4,8-g5-path10.m", "64S8-2,4,8-g5-path21.m", "64S8-2,4,8-g5-path32.m", "64S8-2,4,8-g5-path12.m", "64S8-2,4,8-g5-path13.m", "64S8-2,4,8-g5-path3.m", "64S8-2,4,8-g5-path9.m", "64S8-2,4,8-g5-path31.m", "64S8-2,4,8-g5-path14.m", "64S8-2,4,8-g5-path25.m", "64S8-2,4,8-g5-path4.m", "64S8-2,4,8-g5-path30.m", "64S8-2,4,8-g5-path33.m", "64S8-2,4,8-g5-path24.m", "64S8-2,4,8-g5-path5.m", "64S8-2,4,8-g5-path15.m", "64S8-2,4,8-g5-path34.m", "64S8-2,4,8-g5-path29.m", "64S8-2,4,8-g5-path35.m", "64S8-2,4,8-g5-path19.m", "64S8-2,4,8-g5-path16.m", "64S8-2,4,8-g5-path6.m", "64S8-2,4,8-g5-path36.m", "64S8-2,4,8-g5-path28.m", "64S8-2,4,8-g5-path23.m", "64S8-2,4,8-g5-path20.m", "64S8-2,4,8-g5-path17.m", "64S8-2,4,8-g5-path37.m", "64S8-2,4,8-g5-path7.m", "64S8-2,4,8-g5-path38.m", "64S8-2,4,8-g5-path27.m", "64S8-2,4,8-g5-path22.m", "64S8-2,4,8-g5-path1.m", "64S8-2,4,8-g5-path2.m", "64S8-2,4,8-g5-path26.m", "64S8-2,4,8-g5-path39.m", "64S8-2,4,8-g5-path18.m", "64S8-2,4,8-g5-path11.m", "64S8-2,4,8-g5-path8.m" ];
s`Name := "64S8-2,4,8-g5";
s`Passport := [ PowerSequence(PermutationGroup<64 |  
\[ 10, 5, 7, 33, 2, 30, 3, 12, 21, 1, 18, 8, 16, 17, 44, 13, 14, 11, 31, 55, 9, 34, 24, 23, 28, 29, 59, 25, 26, 6, 19, 38, 4, 22, 37, 40, 35, 32, 46, 36, 52, 43, 42, 15, 56, 39, 51, 49, 48, 60, 47, 41, 54, 53, 20, 45, 58, 57, 27, 50, 62, 61, 64, 63 ],
\[ 3, 8, 14, 10, 16, 1, 23, 26, 5, 28, 2, 24, 35, 6, 7, 32, 42, 44, 33, 4, 48, 30, 41, 53, 37, 11, 12, 20, 57, 59, 21, 9, 40, 18, 58, 13, 43, 54, 17, 46, 15, 61, 49, 50, 31, 19, 55, 45, 25, 34, 22, 62, 27, 64, 52, 29, 63, 36, 51, 38, 39, 47, 56, 60 ],
\[ 4, 9, 15, 19, 11, 22, 1, 27, 31, 6, 34, 2, 5, 39, 18, 36, 3, 26, 45, 47, 32, 50, 12, 7, 10, 56, 30, 49, 8, 14, 46, 60, 20, 51, 25, 33, 13, 16, 40, 58, 55, 37, 17, 41, 63, 61, 59, 43, 21, 64, 62, 23, 38, 24, 28, 48, 35, 29, 53, 44, 52, 42, 54, 57 ]:
 Order := 64 >) |
[ PermutationGroup<64 |  
\[ 10, 5, 7, 33, 2, 30, 3, 12, 21, 1, 18, 8, 16, 17, 44, 13, 14, 11, 31, 55, 9, 34, 24, 23, 28, 29, 59, 25, 26, 6, 19, 38, 4, 22, 37, 40, 35, 32, 46, 36, 52, 43, 42, 15, 56, 39, 51, 49, 48, 60, 47, 41, 54, 53, 20, 45, 58, 57, 27, 50, 62, 61, 64, 63 ],
\[ 3, 8, 14, 10, 16, 1, 23, 26, 5, 28, 2, 24, 35, 6, 7, 32, 42, 44, 33, 4, 48, 30, 41, 53, 37, 11, 12, 20, 57, 59, 21, 9, 40, 18, 58, 13, 43, 54, 17, 46, 15, 61, 49, 50, 31, 19, 55, 45, 25, 34, 22, 62, 27, 64, 52, 29, 63, 36, 51, 38, 39, 47, 56, 60 ],
\[ 4, 9, 15, 19, 11, 22, 1, 27, 31, 6, 34, 2, 5, 39, 18, 36, 3, 26, 45, 47, 32, 50, 12, 7, 10, 56, 30, 49, 8, 14, 46, 60, 20, 51, 25, 33, 13, 16, 40, 58, 55, 37, 17, 41, 63, 61, 59, 43, 21, 64, 62, 23, 38, 24, 28, 48, 35, 29, 53, 44, 52, 42, 54, 57 ]:
 Order := 64 > |
[ 15, 27, 39, 6, 36, 4, 12, 56, 11, 49, 9, 7, 25, 22, 1, 60, 37, 41, 20, 19, 43, 14, 55, 38, 13, 34, 2, 47, 35, 53, 32, 31, 58, 26, 29, 5, 17, 24, 3, 61, 18, 52, 21, 64, 46, 45, 28, 63, 10, 51, 50, 42, 30, 57, 23, 8, 54, 33, 62, 16, 40, 59, 48, 44 ],
[ 6, 11, 1, 20, 9, 14, 15, 2, 32, 4, 26, 27, 36, 3, 41, 5, 39, 34, 46, 28, 31, 51, 7, 12, 49, 8, 53, 10, 56, 22, 45, 16, 19, 50, 13, 58, 25, 60, 61, 33, 23, 17, 37, 18, 48, 40, 62, 21, 43, 44, 59, 55, 24, 38, 47, 63, 29, 35, 30, 64, 42, 52, 57, 54 ],
[ 7, 12, 17, 1, 13, 10, 24, 29, 2, 25, 5, 23, 37, 30, 3, 38, 43, 15, 4, 33, 49, 6, 52, 54, 35, 18, 8, 55, 58, 27, 9, 21, 36, 11, 57, 16, 42, 53, 14, 39, 44, 62, 48, 60, 19, 31, 20, 56, 28, 22, 34, 61, 59, 63, 41, 26, 64, 40, 47, 32, 46, 51, 45, 50 ]
]
];

/*
Return for eval
*/

return s;
