s := SolvablePassportDBInitialize();

/*
Magma printing
*/

s`Filename := "64S9-4,4,8-g13.m";
s`GaloisOrbits := [ Strings() | "64S9-4,4,8-g13-path13-notcomputed.m", "64S9-4,4,8-g13-path18-notcomputed.m", "64S9-4,4,8-g13-path6-notcomputed.m", "64S9-4,4,8-g13-path15-notcomputed.m", "64S9-4,4,8-g13-path11-notcomputed.m", "64S9-4,4,8-g13-path12-notcomputed.m", "64S9-4,4,8-g13-path16-notcomputed.m" ];
s`Name := "64S9-4,4,8-g13";
s`Passport := [ PowerSequence(PermutationGroup<64 |  
\[ 2, 9, 8, 19, 11, 1, 30, 33, 6, 13, 37, 22, 27, 18, 45, 26, 3, 53, 12, 34, 55, 4, 61, 5, 50, 64, 29, 32, 10, 28, 44, 7, 17, 36, 39, 52, 24, 41, 15, 43, 23, 48, 54, 46, 35, 58, 14, 21, 56, 62, 16, 20, 47, 59, 42, 57, 60, 31, 40, 49, 38, 63, 25, 51 ],
\[ 3, 10, 14, 6, 16, 27, 1, 34, 33, 38, 40, 2, 44, 7, 17, 41, 52, 21, 56, 22, 24, 60, 4, 54, 5, 31, 23, 9, 58, 49, 32, 57, 53, 63, 8, 19, 64, 12, 29, 47, 25, 11, 36, 55, 13, 30, 42, 39, 51, 15, 46, 50, 28, 18, 45, 43, 26, 48, 20, 59, 62, 37, 35, 61 ],
\[ 4, 7, 15, 20, 21, 28, 31, 1, 12, 39, 25, 36, 2, 40, 48, 49, 9, 3, 23, 17, 58, 38, 16, 62, 34, 5, 45, 46, 6, 14, 29, 53, 35, 59, 55, 8, 42, 64, 63, 60, 10, 44, 11, 26, 50, 13, 33, 47, 22, 41, 37, 43, 54, 56, 18, 30, 19, 51, 24, 32, 27, 52, 61, 57 ]:
 Order := 64 >) |
[ PermutationGroup<64 |  
\[ 2, 9, 8, 19, 11, 1, 30, 33, 6, 13, 37, 22, 27, 18, 45, 26, 3, 53, 12, 34, 55, 4, 61, 5, 50, 64, 29, 32, 10, 28, 44, 7, 17, 36, 39, 52, 24, 41, 15, 43, 23, 48, 54, 46, 35, 58, 14, 21, 56, 62, 16, 20, 47, 59, 42, 57, 60, 31, 40, 49, 38, 63, 25, 51 ],
\[ 3, 10, 14, 6, 16, 27, 1, 34, 33, 38, 40, 2, 44, 7, 17, 41, 52, 21, 56, 22, 24, 60, 4, 54, 5, 31, 23, 9, 58, 49, 32, 57, 53, 63, 8, 19, 64, 12, 29, 47, 25, 11, 36, 55, 13, 30, 42, 39, 51, 15, 46, 50, 28, 18, 45, 43, 26, 48, 20, 59, 62, 37, 35, 61 ],
\[ 4, 7, 15, 20, 21, 28, 31, 1, 12, 39, 25, 36, 2, 40, 48, 49, 9, 3, 23, 17, 58, 38, 16, 62, 34, 5, 45, 46, 6, 14, 29, 53, 35, 59, 55, 8, 42, 64, 63, 60, 10, 44, 11, 26, 50, 13, 33, 47, 22, 41, 37, 43, 54, 56, 18, 30, 19, 51, 24, 32, 27, 52, 61, 57 ]:
 Order := 64 > |
[ 3, 10, 14, 6, 16, 27, 1, 34, 33, 38, 40, 2, 44, 7, 17, 41, 52, 21, 56, 22, 24, 60, 4, 54, 5, 31, 23, 9, 58, 49, 32, 57, 53, 63, 8, 19, 64, 12, 29, 47, 25, 11, 36, 55, 13, 30, 42, 39, 51, 15, 46, 50, 28, 18, 45, 43, 26, 48, 20, 59, 62, 37, 35, 61 ],
[ 35, 45, 54, 7, 57, 39, 12, 43, 15, 16, 56, 28, 51, 46, 1, 27, 59, 44, 32, 23, 25, 30, 36, 60, 42, 13, 64, 4, 26, 19, 14, 22, 40, 41, 9, 38, 49, 20, 2, 3, 52, 62, 17, 47, 6, 53, 58, 50, 5, 55, 29, 61, 31, 33, 63, 24, 37, 18, 8, 11, 34, 21, 48, 10 ],
[ 4, 7, 15, 20, 21, 28, 31, 1, 12, 39, 25, 36, 2, 40, 48, 49, 9, 3, 23, 17, 58, 38, 16, 62, 34, 5, 45, 46, 6, 14, 29, 53, 35, 59, 55, 8, 42, 64, 63, 60, 10, 44, 11, 26, 50, 13, 33, 47, 22, 41, 37, 43, 54, 56, 18, 30, 19, 51, 24, 32, 27, 52, 61, 57 ]
],
[ PermutationGroup<64 |  
\[ 2, 9, 8, 19, 11, 1, 30, 33, 6, 13, 37, 22, 27, 18, 45, 26, 3, 53, 12, 34, 55, 4, 61, 5, 50, 64, 29, 32, 10, 28, 44, 7, 17, 36, 39, 52, 24, 41, 15, 43, 23, 48, 54, 46, 35, 58, 14, 21, 56, 62, 16, 20, 47, 59, 42, 57, 60, 31, 40, 49, 38, 63, 25, 51 ],
\[ 3, 10, 14, 6, 16, 27, 1, 34, 33, 38, 40, 2, 44, 7, 17, 41, 52, 21, 56, 22, 24, 60, 4, 54, 5, 31, 23, 9, 58, 49, 32, 57, 53, 63, 8, 19, 64, 12, 29, 47, 25, 11, 36, 55, 13, 30, 42, 39, 51, 15, 46, 50, 28, 18, 45, 43, 26, 48, 20, 59, 62, 37, 35, 61 ],
\[ 4, 7, 15, 20, 21, 28, 31, 1, 12, 39, 25, 36, 2, 40, 48, 49, 9, 3, 23, 17, 58, 38, 16, 62, 34, 5, 45, 46, 6, 14, 29, 53, 35, 59, 55, 8, 42, 64, 63, 60, 10, 44, 11, 26, 50, 13, 33, 47, 22, 41, 37, 43, 54, 56, 18, 30, 19, 51, 24, 32, 27, 52, 61, 57 ]:
 Order := 64 > |
[ 7, 12, 1, 23, 25, 4, 14, 35, 28, 2, 42, 38, 45, 3, 50, 5, 15, 54, 36, 59, 18, 20, 27, 21, 41, 57, 6, 53, 39, 46, 26, 31, 9, 8, 63, 43, 62, 10, 48, 11, 16, 47, 56, 13, 55, 51, 40, 58, 30, 52, 49, 17, 33, 24, 44, 19, 32, 29, 60, 22, 64, 61, 34, 37 ],
[ 34, 44, 21, 3, 31, 58, 10, 19, 52, 25, 36, 33, 30, 49, 14, 4, 22, 45, 26, 6, 16, 51, 56, 20, 40, 55, 62, 27, 32, 43, 1, 59, 42, 5, 53, 2, 46, 60, 38, 7, 15, 64, 50, 11, 23, 9, 39, 17, 41, 13, 48, 37, 57, 28, 8, 18, 61, 24, 63, 47, 35, 54, 29, 12 ],
[ 4, 7, 15, 20, 21, 28, 31, 1, 12, 39, 25, 36, 2, 40, 48, 49, 9, 3, 23, 17, 58, 38, 16, 62, 34, 5, 45, 46, 6, 14, 29, 53, 35, 59, 55, 8, 42, 64, 63, 60, 10, 44, 11, 26, 50, 13, 33, 47, 22, 41, 37, 43, 54, 56, 18, 30, 19, 51, 24, 32, 27, 52, 61, 57 ]
],
[ PermutationGroup<64 |  
\[ 2, 9, 8, 19, 11, 1, 30, 33, 6, 13, 37, 22, 27, 18, 45, 26, 3, 53, 12, 34, 55, 4, 61, 5, 50, 64, 29, 32, 10, 28, 44, 7, 17, 36, 39, 52, 24, 41, 15, 43, 23, 48, 54, 46, 35, 58, 14, 21, 56, 62, 16, 20, 47, 59, 42, 57, 60, 31, 40, 49, 38, 63, 25, 51 ],
\[ 3, 10, 14, 6, 16, 27, 1, 34, 33, 38, 40, 2, 44, 7, 17, 41, 52, 21, 56, 22, 24, 60, 4, 54, 5, 31, 23, 9, 58, 49, 32, 57, 53, 63, 8, 19, 64, 12, 29, 47, 25, 11, 36, 55, 13, 30, 42, 39, 51, 15, 46, 50, 28, 18, 45, 43, 26, 48, 20, 59, 62, 37, 35, 61 ],
\[ 4, 7, 15, 20, 21, 28, 31, 1, 12, 39, 25, 36, 2, 40, 48, 49, 9, 3, 23, 17, 58, 38, 16, 62, 34, 5, 45, 46, 6, 14, 29, 53, 35, 59, 55, 8, 42, 64, 63, 60, 10, 44, 11, 26, 50, 13, 33, 47, 22, 41, 37, 43, 54, 56, 18, 30, 19, 51, 24, 32, 27, 52, 61, 57 ]:
 Order := 64 > |
[ 2, 9, 8, 19, 11, 1, 30, 33, 6, 13, 37, 22, 27, 18, 45, 26, 3, 53, 12, 34, 55, 4, 61, 5, 50, 64, 29, 32, 10, 28, 44, 7, 17, 36, 39, 52, 24, 41, 15, 43, 23, 48, 54, 46, 35, 58, 14, 21, 56, 62, 16, 20, 47, 59, 42, 57, 60, 31, 40, 49, 38, 63, 25, 51 ],
[ 3, 10, 14, 6, 16, 27, 1, 34, 33, 38, 40, 2, 44, 7, 17, 41, 52, 21, 56, 22, 24, 60, 4, 54, 5, 31, 23, 9, 58, 49, 32, 57, 53, 63, 8, 19, 64, 12, 29, 47, 25, 11, 36, 55, 13, 30, 42, 39, 51, 15, 46, 50, 28, 18, 45, 43, 26, 48, 20, 59, 62, 37, 35, 61 ],
[ 4, 7, 15, 20, 21, 28, 31, 1, 12, 39, 25, 36, 2, 40, 48, 49, 9, 3, 23, 17, 58, 38, 16, 62, 34, 5, 45, 46, 6, 14, 29, 53, 35, 59, 55, 8, 42, 64, 63, 60, 10, 44, 11, 26, 50, 13, 33, 47, 22, 41, 37, 43, 54, 56, 18, 30, 19, 51, 24, 32, 27, 52, 61, 57 ]
],
[ PermutationGroup<64 |  
\[ 2, 9, 8, 19, 11, 1, 30, 33, 6, 13, 37, 22, 27, 18, 45, 26, 3, 53, 12, 34, 55, 4, 61, 5, 50, 64, 29, 32, 10, 28, 44, 7, 17, 36, 39, 52, 24, 41, 15, 43, 23, 48, 54, 46, 35, 58, 14, 21, 56, 62, 16, 20, 47, 59, 42, 57, 60, 31, 40, 49, 38, 63, 25, 51 ],
\[ 3, 10, 14, 6, 16, 27, 1, 34, 33, 38, 40, 2, 44, 7, 17, 41, 52, 21, 56, 22, 24, 60, 4, 54, 5, 31, 23, 9, 58, 49, 32, 57, 53, 63, 8, 19, 64, 12, 29, 47, 25, 11, 36, 55, 13, 30, 42, 39, 51, 15, 46, 50, 28, 18, 45, 43, 26, 48, 20, 59, 62, 37, 35, 61 ],
\[ 4, 7, 15, 20, 21, 28, 31, 1, 12, 39, 25, 36, 2, 40, 48, 49, 9, 3, 23, 17, 58, 38, 16, 62, 34, 5, 45, 46, 6, 14, 29, 53, 35, 59, 55, 8, 42, 64, 63, 60, 10, 44, 11, 26, 50, 13, 33, 47, 22, 41, 37, 43, 54, 56, 18, 30, 19, 51, 24, 32, 27, 52, 61, 57 ]:
 Order := 64 > |
[ 18, 41, 30, 29, 23, 61, 8, 25, 47, 22, 14, 13, 42, 2, 20, 50, 62, 5, 54, 49, 59, 40, 1, 53, 26, 7, 19, 17, 21, 16, 60, 64, 32, 39, 36, 57, 38, 9, 31, 48, 11, 43, 12, 35, 46, 56, 37, 10, 58, 3, 28, 45, 6, 55, 27, 52, 44, 15, 4, 34, 24, 51, 33, 63 ],
[ 7, 12, 1, 23, 25, 4, 14, 35, 28, 2, 42, 38, 45, 3, 50, 5, 15, 54, 36, 59, 18, 20, 27, 21, 41, 57, 6, 53, 39, 46, 26, 31, 9, 8, 63, 43, 62, 10, 48, 11, 16, 47, 56, 13, 55, 51, 40, 58, 30, 52, 49, 17, 33, 24, 44, 19, 32, 29, 60, 22, 64, 61, 34, 37 ],
[ 4, 7, 15, 20, 21, 28, 31, 1, 12, 39, 25, 36, 2, 40, 48, 49, 9, 3, 23, 17, 58, 38, 16, 62, 34, 5, 45, 46, 6, 14, 29, 53, 35, 59, 55, 8, 42, 64, 63, 60, 10, 44, 11, 26, 50, 13, 33, 47, 22, 41, 37, 43, 54, 56, 18, 30, 19, 51, 24, 32, 27, 52, 61, 57 ]
]
];

/*
Return for eval
*/

return s;
