s := SolvablePassportDBInitialize();

/*
Magma printing
*/

s`Filename := "64S9-4,4,8-g13.m";
s`GaloisOrbits := [ Strings() | "64S9-4,4,8-g13-path11.m", "64S9-4,4,8-g13-path119.m", "64S9-4,4,8-g13-path74.m", "64S9-4,4,8-g13-path75.m", "64S9-4,4,8-g13-path107.m", "64S9-4,4,8-g13-path15.m", "64S9-4,4,8-g13-path46.m", "64S9-4,4,8-g13-path141.m", "64S9-4,4,8-g13-path45.m", "64S9-4,4,8-g13-path16.m", "64S9-4,4,8-g13-path47.m", "64S9-4,4,8-g13-path120.m", "64S9-4,4,8-g13-path140.m", "64S9-4,4,8-g13-path48.m", "64S9-4,4,8-g13-path91.m", "64S9-4,4,8-g13-path87.m", "64S9-4,4,8-g13-path73.m", "64S9-4,4,8-g13-path68.m", "64S9-4,4,8-g13-path76.m", "64S9-4,4,8-g13-path101.m", "64S9-4,4,8-g13-path72.m", "64S9-4,4,8-g13-path121.m", "64S9-4,4,8-g13-path139.m", "64S9-4,4,8-g13-path44.m", "64S9-4,4,8-g13-path17.m", "64S9-4,4,8-g13-path71.m", "64S9-4,4,8-g13-path70.m", "64S9-4,4,8-g13-path88.m", "64S9-4,4,8-g13-path69.m", "64S9-4,4,8-g13-path86.m", "64S9-4,4,8-g13-path18.m", "64S9-4,4,8-g13-path108.m", "64S9-4,4,8-g13-path105.m", "64S9-4,4,8-g13-path142.m", "64S9-4,4,8-g13-path43.m", "64S9-4,4,8-g13-path122.m", "64S9-4,4,8-g13-path1.m", "64S9-4,4,8-g13-path49.m", "64S9-4,4,8-g13-path77.m", "64S9-4,4,8-g13-path138.m", "64S9-4,4,8-g13-path123.m", "64S9-4,4,8-g13-path156.m", "64S9-4,4,8-g13-path67.m", "64S9-4,4,8-g13-path57.m", "64S9-4,4,8-g13-path58.m", "64S9-4,4,8-g13-path19.m", "64S9-4,4,8-g13-path149.m", "64S9-4,4,8-g13-path143.m", "64S9-4,4,8-g13-path78.m", "64S9-4,4,8-g13-path42.m", "64S9-4,4,8-g13-path79.m", "64S9-4,4,8-g13-path41.m", "64S9-4,4,8-g13-path50.m", "64S9-4,4,8-g13-path89.m", "64S9-4,4,8-g13-path66.m", "64S9-4,4,8-g13-path124.m", "64S9-4,4,8-g13-path137.m", "64S9-4,4,8-g13-path104.m", "64S9-4,4,8-g13-path2.m", "64S9-4,4,8-g13-path111.m", "64S9-4,4,8-g13-path20.m", "64S9-4,4,8-g13-path136.m", "64S9-4,4,8-g13-path125.m", "64S9-4,4,8-g13-path146.m", "64S9-4,4,8-g13-path144.m", "64S9-4,4,8-g13-path102.m", "64S9-4,4,8-g13-path40.m", "64S9-4,4,8-g13-path3.m", "64S9-4,4,8-g13-path39.m", "64S9-4,4,8-g13-path65.m", "64S9-4,4,8-g13-path135.m", "64S9-4,4,8-g13-path51.m", "64S9-4,4,8-g13-path109.m", "64S9-4,4,8-g13-path52.m", "64S9-4,4,8-g13-path126.m", "64S9-4,4,8-g13-path4.m", "64S9-4,4,8-g13-path95.m", "64S9-4,4,8-g13-path21.m", "64S9-4,4,8-g13-path22.m", "64S9-4,4,8-g13-path127.m", "64S9-4,4,8-g13-path145.m", "64S9-4,4,8-g13-path100.m", "64S9-4,4,8-g13-path59.m", "64S9-4,4,8-g13-path38.m", "64S9-4,4,8-g13-path23.m", "64S9-4,4,8-g13-path85.m", "64S9-4,4,8-g13-path90.m", "64S9-4,4,8-g13-path128.m", "64S9-4,4,8-g13-path24.m", "64S9-4,4,8-g13-path5.m", "64S9-4,4,8-g13-path6.m", "64S9-4,4,8-g13-path129.m", "64S9-4,4,8-g13-path60.m", "64S9-4,4,8-g13-path53.m", "64S9-4,4,8-g13-path37.m", "64S9-4,4,8-g13-path54.m", "64S9-4,4,8-g13-path150.m", "64S9-4,4,8-g13-path155.m", "64S9-4,4,8-g13-path7.m", "64S9-4,4,8-g13-path25.m", "64S9-4,4,8-g13-path80.m", "64S9-4,4,8-g13-path130.m", "64S9-4,4,8-g13-path103.m", "64S9-4,4,8-g13-path131.m", "64S9-4,4,8-g13-path26.m", "64S9-4,4,8-g13-path92.m", "64S9-4,4,8-g13-path118.m", "64S9-4,4,8-g13-path8.m", "64S9-4,4,8-g13-path14.m", "64S9-4,4,8-g13-path36.m", "64S9-4,4,8-g13-path151.m", "64S9-4,4,8-g13-path35.m", "64S9-4,4,8-g13-path132.m", "64S9-4,4,8-g13-path64.m", "64S9-4,4,8-g13-path81.m", "64S9-4,4,8-g13-path63.m", "64S9-4,4,8-g13-path96.m", "64S9-4,4,8-g13-path97.m", "64S9-4,4,8-g13-path117.m", "64S9-4,4,8-g13-path27.m", "64S9-4,4,8-g13-path84.m", "64S9-4,4,8-g13-path154.m", "64S9-4,4,8-g13-path93.m", "64S9-4,4,8-g13-path28.m", "64S9-4,4,8-g13-path133.m", "64S9-4,4,8-g13-path83.m", "64S9-4,4,8-g13-path34.m", "64S9-4,4,8-g13-path148.m", "64S9-4,4,8-g13-path33.m", "64S9-4,4,8-g13-path56.m", "64S9-4,4,8-g13-path13.m", "64S9-4,4,8-g13-path9.m", "64S9-4,4,8-g13-path10.m", "64S9-4,4,8-g13-path116.m", "64S9-4,4,8-g13-path61.m", "64S9-4,4,8-g13-path99.m", "64S9-4,4,8-g13-path152.m", "64S9-4,4,8-g13-path134.m", "64S9-4,4,8-g13-path110.m", "64S9-4,4,8-g13-path29.m", "64S9-4,4,8-g13-path30.m", "64S9-4,4,8-g13-path55.m", "64S9-4,4,8-g13-path98.m", "64S9-4,4,8-g13-path32.m", "64S9-4,4,8-g13-path113.m", "64S9-4,4,8-g13-path94.m", "64S9-4,4,8-g13-path115.m", "64S9-4,4,8-g13-path147.m", "64S9-4,4,8-g13-path112.m", "64S9-4,4,8-g13-path153.m", "64S9-4,4,8-g13-path12.m", "64S9-4,4,8-g13-path62.m", "64S9-4,4,8-g13-path114.m", "64S9-4,4,8-g13-path82.m", "64S9-4,4,8-g13-path31.m", "64S9-4,4,8-g13-path106.m" ];
s`Name := "64S9-4,4,8-g13";
s`Passport := [ PowerSequence(PermutationGroup<64 |  
\[ 2, 9, 8, 19, 11, 1, 30, 33, 6, 13, 37, 22, 27, 18, 45, 26, 3, 55, 12, 34, 50, 4, 48, 5, 63, 60, 29, 32, 10, 28, 44, 7, 17, 36, 39, 54, 24, 41, 15, 43, 23, 56, 47, 46, 35, 64, 62, 38, 14, 42, 58, 25, 16, 20, 49, 21, 51, 59, 57, 53, 52, 40, 61, 31 ],
\[ 3, 10, 14, 6, 16, 27, 1, 34, 33, 38, 40, 2, 44, 7, 17, 48, 54, 42, 57, 22, 24, 58, 4, 47, 5, 46, 23, 9, 64, 59, 32, 51, 55, 63, 8, 19, 60, 12, 29, 18, 61, 11, 20, 56, 13, 30, 49, 25, 21, 39, 53, 15, 31, 52, 28, 45, 62, 43, 26, 41, 37, 36, 35, 50 ],
\[ 4, 7, 15, 20, 21, 28, 31, 1, 12, 39, 25, 36, 2, 47, 50, 51, 9, 3, 23, 17, 44, 38, 60, 61, 54, 5, 45, 46, 6, 14, 29, 55, 35, 43, 56, 8, 42, 16, 63, 57, 10, 64, 11, 53, 52, 13, 58, 27, 33, 49, 19, 41, 37, 62, 40, 18, 30, 32, 22, 59, 34, 24, 48, 26 ]:
 Order := 64 >) |
[ PermutationGroup<64 |  
\[ 2, 9, 8, 19, 11, 1, 30, 33, 6, 13, 37, 22, 27, 18, 45, 26, 3, 55, 12, 34, 50, 4, 48, 5, 63, 60, 29, 32, 10, 28, 44, 7, 17, 36, 39, 54, 24, 41, 15, 43, 23, 56, 47, 46, 35, 64, 62, 38, 14, 42, 58, 25, 16, 20, 49, 21, 51, 59, 57, 53, 52, 40, 61, 31 ],
\[ 3, 10, 14, 6, 16, 27, 1, 34, 33, 38, 40, 2, 44, 7, 17, 48, 54, 42, 57, 22, 24, 58, 4, 47, 5, 46, 23, 9, 64, 59, 32, 51, 55, 63, 8, 19, 60, 12, 29, 18, 61, 11, 20, 56, 13, 30, 49, 25, 21, 39, 53, 15, 31, 52, 28, 45, 62, 43, 26, 41, 37, 36, 35, 50 ],
\[ 4, 7, 15, 20, 21, 28, 31, 1, 12, 39, 25, 36, 2, 47, 50, 51, 9, 3, 23, 17, 44, 38, 60, 61, 54, 5, 45, 46, 6, 14, 29, 55, 35, 43, 56, 8, 42, 16, 63, 57, 10, 64, 11, 53, 52, 13, 58, 27, 33, 49, 19, 41, 37, 62, 40, 18, 30, 32, 22, 59, 34, 24, 48, 26 ]:
 Order := 64 > |
[ 3, 10, 14, 6, 16, 27, 1, 34, 33, 38, 40, 2, 44, 7, 17, 48, 54, 42, 57, 22, 24, 58, 4, 47, 5, 46, 23, 9, 64, 59, 32, 51, 55, 63, 8, 19, 60, 12, 29, 18, 61, 11, 20, 56, 13, 30, 49, 25, 21, 39, 53, 15, 31, 52, 28, 45, 62, 43, 26, 41, 37, 36, 35, 50 ],
[ 35, 45, 40, 7, 59, 39, 12, 62, 15, 60, 58, 28, 26, 46, 1, 10, 43, 44, 32, 23, 25, 30, 36, 57, 42, 29, 16, 4, 53, 19, 14, 22, 47, 41, 9, 38, 51, 20, 2, 33, 54, 61, 8, 49, 6, 55, 3, 34, 64, 52, 5, 56, 13, 48, 31, 63, 11, 24, 37, 27, 21, 17, 50, 18 ],
[ 4, 7, 15, 20, 21, 28, 31, 1, 12, 39, 25, 36, 2, 47, 50, 51, 9, 3, 23, 17, 44, 38, 60, 61, 54, 5, 45, 46, 6, 14, 29, 55, 35, 43, 56, 8, 42, 16, 63, 57, 10, 64, 11, 53, 52, 13, 58, 27, 33, 49, 19, 41, 37, 62, 40, 18, 30, 32, 22, 59, 34, 24, 48, 26 ]
],
[ PermutationGroup<64 |  
\[ 2, 9, 8, 19, 11, 1, 30, 33, 6, 13, 37, 22, 27, 18, 45, 26, 3, 55, 12, 34, 50, 4, 48, 5, 63, 60, 29, 32, 10, 28, 44, 7, 17, 36, 39, 54, 24, 41, 15, 43, 23, 56, 47, 46, 35, 64, 62, 38, 14, 42, 58, 25, 16, 20, 49, 21, 51, 59, 57, 53, 52, 40, 61, 31 ],
\[ 3, 10, 14, 6, 16, 27, 1, 34, 33, 38, 40, 2, 44, 7, 17, 48, 54, 42, 57, 22, 24, 58, 4, 47, 5, 46, 23, 9, 64, 59, 32, 51, 55, 63, 8, 19, 60, 12, 29, 18, 61, 11, 20, 56, 13, 30, 49, 25, 21, 39, 53, 15, 31, 52, 28, 45, 62, 43, 26, 41, 37, 36, 35, 50 ],
\[ 4, 7, 15, 20, 21, 28, 31, 1, 12, 39, 25, 36, 2, 47, 50, 51, 9, 3, 23, 17, 44, 38, 60, 61, 54, 5, 45, 46, 6, 14, 29, 55, 35, 43, 56, 8, 42, 16, 63, 57, 10, 64, 11, 53, 52, 13, 58, 27, 33, 49, 19, 41, 37, 62, 40, 18, 30, 32, 22, 59, 34, 24, 48, 26 ]:
 Order := 64 > |
[ 7, 12, 1, 23, 25, 4, 14, 35, 28, 2, 42, 38, 45, 3, 52, 5, 15, 40, 36, 43, 49, 20, 27, 21, 48, 59, 6, 55, 39, 46, 53, 31, 9, 8, 63, 62, 61, 10, 50, 11, 60, 18, 58, 13, 56, 26, 24, 16, 47, 64, 32, 54, 51, 17, 33, 44, 19, 22, 30, 37, 41, 57, 34, 29 ],
[ 34, 44, 42, 3, 46, 64, 10, 19, 54, 61, 20, 33, 30, 59, 14, 12, 22, 45, 53, 6, 16, 26, 57, 36, 40, 50, 25, 27, 32, 62, 1, 43, 21, 37, 55, 2, 31, 58, 38, 28, 15, 60, 63, 24, 23, 9, 7, 35, 39, 17, 48, 13, 56, 5, 51, 8, 18, 49, 41, 4, 47, 52, 29, 11 ],
[ 4, 7, 15, 20, 21, 28, 31, 1, 12, 39, 25, 36, 2, 47, 50, 51, 9, 3, 23, 17, 44, 38, 60, 61, 54, 5, 45, 46, 6, 14, 29, 55, 35, 43, 56, 8, 42, 16, 63, 57, 10, 64, 11, 53, 52, 13, 58, 27, 33, 49, 19, 41, 37, 62, 40, 18, 30, 32, 22, 59, 34, 24, 48, 26 ]
],
[ PermutationGroup<64 |  
\[ 2, 9, 8, 19, 11, 1, 30, 33, 6, 13, 37, 22, 27, 18, 45, 26, 3, 55, 12, 34, 50, 4, 48, 5, 63, 60, 29, 32, 10, 28, 44, 7, 17, 36, 39, 54, 24, 41, 15, 43, 23, 56, 47, 46, 35, 64, 62, 38, 14, 42, 58, 25, 16, 20, 49, 21, 51, 59, 57, 53, 52, 40, 61, 31 ],
\[ 3, 10, 14, 6, 16, 27, 1, 34, 33, 38, 40, 2, 44, 7, 17, 48, 54, 42, 57, 22, 24, 58, 4, 47, 5, 46, 23, 9, 64, 59, 32, 51, 55, 63, 8, 19, 60, 12, 29, 18, 61, 11, 20, 56, 13, 30, 49, 25, 21, 39, 53, 15, 31, 52, 28, 45, 62, 43, 26, 41, 37, 36, 35, 50 ],
\[ 4, 7, 15, 20, 21, 28, 31, 1, 12, 39, 25, 36, 2, 47, 50, 51, 9, 3, 23, 17, 44, 38, 60, 61, 54, 5, 45, 46, 6, 14, 29, 55, 35, 43, 56, 8, 42, 16, 63, 57, 10, 64, 11, 53, 52, 13, 58, 27, 33, 49, 19, 41, 37, 62, 40, 18, 30, 32, 22, 59, 34, 24, 48, 26 ]:
 Order := 64 > |
[ 2, 9, 8, 19, 11, 1, 30, 33, 6, 13, 37, 22, 27, 18, 45, 26, 3, 55, 12, 34, 50, 4, 48, 5, 63, 60, 29, 32, 10, 28, 44, 7, 17, 36, 39, 54, 24, 41, 15, 43, 23, 56, 47, 46, 35, 64, 62, 38, 14, 42, 58, 25, 16, 20, 49, 21, 51, 59, 57, 53, 52, 40, 61, 31 ],
[ 3, 10, 14, 6, 16, 27, 1, 34, 33, 38, 40, 2, 44, 7, 17, 48, 54, 42, 57, 22, 24, 58, 4, 47, 5, 46, 23, 9, 64, 59, 32, 51, 55, 63, 8, 19, 60, 12, 29, 18, 61, 11, 20, 56, 13, 30, 49, 25, 21, 39, 53, 15, 31, 52, 28, 45, 62, 43, 26, 41, 37, 36, 35, 50 ],
[ 4, 7, 15, 20, 21, 28, 31, 1, 12, 39, 25, 36, 2, 47, 50, 51, 9, 3, 23, 17, 44, 38, 60, 61, 54, 5, 45, 46, 6, 14, 29, 55, 35, 43, 56, 8, 42, 16, 63, 57, 10, 64, 11, 53, 52, 13, 58, 27, 33, 49, 19, 41, 37, 62, 40, 18, 30, 32, 22, 59, 34, 24, 48, 26 ]
],
[ PermutationGroup<64 |  
\[ 2, 9, 8, 19, 11, 1, 30, 33, 6, 13, 37, 22, 27, 18, 45, 26, 3, 55, 12, 34, 50, 4, 48, 5, 63, 60, 29, 32, 10, 28, 44, 7, 17, 36, 39, 54, 24, 41, 15, 43, 23, 56, 47, 46, 35, 64, 62, 38, 14, 42, 58, 25, 16, 20, 49, 21, 51, 59, 57, 53, 52, 40, 61, 31 ],
\[ 3, 10, 14, 6, 16, 27, 1, 34, 33, 38, 40, 2, 44, 7, 17, 48, 54, 42, 57, 22, 24, 58, 4, 47, 5, 46, 23, 9, 64, 59, 32, 51, 55, 63, 8, 19, 60, 12, 29, 18, 61, 11, 20, 56, 13, 30, 49, 25, 21, 39, 53, 15, 31, 52, 28, 45, 62, 43, 26, 41, 37, 36, 35, 50 ],
\[ 4, 7, 15, 20, 21, 28, 31, 1, 12, 39, 25, 36, 2, 47, 50, 51, 9, 3, 23, 17, 44, 38, 60, 61, 54, 5, 45, 46, 6, 14, 29, 55, 35, 43, 56, 8, 42, 16, 63, 57, 10, 64, 11, 53, 52, 13, 58, 27, 33, 49, 19, 41, 37, 62, 40, 18, 30, 32, 22, 59, 34, 24, 48, 26 ]:
 Order := 64 > |
[ 18, 41, 30, 29, 38, 48, 8, 61, 49, 22, 55, 13, 21, 2, 20, 63, 25, 37, 40, 59, 62, 47, 1, 14, 26, 28, 19, 17, 42, 60, 58, 16, 32, 39, 36, 51, 23, 9, 31, 56, 24, 43, 4, 35, 46, 57, 50, 11, 5, 10, 44, 3, 7, 45, 6, 27, 54, 34, 64, 52, 53, 12, 33, 15 ],
[ 7, 12, 1, 23, 25, 4, 14, 35, 28, 2, 42, 38, 45, 3, 52, 5, 15, 40, 36, 43, 49, 20, 27, 21, 48, 59, 6, 55, 39, 46, 53, 31, 9, 8, 63, 62, 61, 10, 50, 11, 60, 18, 58, 13, 56, 26, 24, 16, 47, 64, 32, 54, 51, 17, 33, 44, 19, 22, 30, 37, 41, 57, 34, 29 ],
[ 4, 7, 15, 20, 21, 28, 31, 1, 12, 39, 25, 36, 2, 47, 50, 51, 9, 3, 23, 17, 44, 38, 60, 61, 54, 5, 45, 46, 6, 14, 29, 55, 35, 43, 56, 8, 42, 16, 63, 57, 10, 64, 11, 53, 52, 13, 58, 27, 33, 49, 19, 41, 37, 62, 40, 18, 30, 32, 22, 59, 34, 24, 48, 26 ]
]
];

/*
Return for eval
*/

return s;
