s := SolvablePassportDBInitialize();

/*
Magma printing
*/

s`Filename := "64S9-4,8,4-g13.m";
s`GaloisOrbits := [ Strings() | "64S9-4,8,4-g13-path13-notcomputed.m", "64S9-4,8,4-g13-path2-notcomputed.m", "64S9-4,8,4-g13-path14-notcomputed.m", "64S9-4,8,4-g13-path15-notcomputed.m", "64S9-4,8,4-g13-path3-notcomputed.m", "64S9-4,8,4-g13-path4-notcomputed.m", "64S9-4,8,4-g13-path16-notcomputed.m", "64S9-4,8,4-g13-path7-notcomputed.m", "64S9-4,8,4-g13-path20-notcomputed.m", "64S9-4,8,4-g13-path19-notcomputed.m", "64S9-4,8,4-g13-path18-notcomputed.m", "64S9-4,8,4-g13-path17-notcomputed.m" ];
s`Name := "64S9-4,8,4-g13";
s`Passport := [ PowerSequence(PermutationGroup<64 |  
\[ 2, 5, 8, 17, 6, 1, 24, 14, 11, 19, 22, 16, 39, 15, 3, 37, 10, 42, 4, 47, 26, 23, 9, 21, 51, 7, 20, 18, 41, 12, 46, 28, 27, 25, 44, 38, 30, 61, 29, 57, 13, 32, 40, 31, 53, 35, 33, 52, 45, 34, 50, 58, 55, 36, 49, 43, 56, 59, 48, 62, 54, 64, 60, 63 ],
\[ 3, 9, 12, 6, 14, 22, 1, 28, 30, 2, 34, 36, 15, 37, 42, 43, 35, 19, 31, 4, 5, 16, 51, 13, 26, 29, 7, 54, 8, 57, 23, 17, 10, 40, 11, 60, 61, 44, 45, 41, 55, 38, 63, 59, 18, 52, 21, 27, 20, 24, 56, 25, 33, 46, 32, 39, 62, 47, 50, 48, 64, 53, 49, 58 ],
\[ 4, 7, 13, 18, 10, 21, 25, 1, 31, 32, 2, 9, 40, 29, 5, 3, 20, 8, 33, 48, 50, 35, 6, 27, 11, 47, 53, 55, 56, 14, 38, 15, 58, 59, 54, 28, 22, 12, 24, 16, 26, 45, 51, 17, 63, 19, 49, 44, 41, 23, 52, 60, 39, 37, 62, 30, 34, 46, 64, 43, 42, 36, 61, 57 ]:
 Order := 64 >) |
[ PermutationGroup<64 |  
\[ 2, 5, 8, 17, 6, 1, 24, 14, 11, 19, 22, 16, 39, 15, 3, 37, 10, 42, 4, 47, 26, 23, 9, 21, 51, 7, 20, 18, 41, 12, 46, 28, 27, 25, 44, 38, 30, 61, 29, 57, 13, 32, 40, 31, 53, 35, 33, 52, 45, 34, 50, 58, 55, 36, 49, 43, 56, 59, 48, 62, 54, 64, 60, 63 ],
\[ 3, 9, 12, 6, 14, 22, 1, 28, 30, 2, 34, 36, 15, 37, 42, 43, 35, 19, 31, 4, 5, 16, 51, 13, 26, 29, 7, 54, 8, 57, 23, 17, 10, 40, 11, 60, 61, 44, 45, 41, 55, 38, 63, 59, 18, 52, 21, 27, 20, 24, 56, 25, 33, 46, 32, 39, 62, 47, 50, 48, 64, 53, 49, 58 ],
\[ 4, 7, 13, 18, 10, 21, 25, 1, 31, 32, 2, 9, 40, 29, 5, 3, 20, 8, 33, 48, 50, 35, 6, 27, 11, 47, 53, 55, 56, 14, 38, 15, 58, 59, 54, 28, 22, 12, 24, 16, 26, 45, 51, 17, 63, 19, 49, 44, 41, 23, 52, 60, 39, 37, 62, 30, 34, 46, 64, 43, 42, 36, 61, 57 ]:
 Order := 64 > |
[ 8, 11, 16, 1, 15, 23, 2, 18, 12, 5, 25, 38, 3, 30, 32, 40, 44, 4, 46, 17, 6, 37, 50, 39, 7, 41, 24, 36, 14, 56, 9, 10, 19, 57, 22, 62, 54, 31, 53, 13, 49, 61, 60, 48, 42, 58, 26, 20, 47, 21, 43, 51, 27, 35, 28, 29, 64, 33, 34, 52, 63, 55, 45, 59 ],
[ 7, 10, 1, 20, 21, 4, 27, 29, 2, 33, 35, 3, 24, 5, 13, 22, 32, 45, 18, 49, 47, 6, 31, 50, 52, 25, 48, 8, 26, 9, 19, 55, 53, 11, 17, 12, 14, 42, 56, 34, 40, 15, 16, 38, 39, 54, 58, 60, 63, 59, 23, 46, 62, 28, 41, 51, 30, 64, 44, 36, 37, 57, 43, 61 ],
[ 6, 1, 15, 19, 2, 5, 26, 3, 23, 17, 9, 30, 41, 8, 14, 12, 4, 28, 10, 27, 24, 11, 22, 7, 34, 21, 33, 32, 39, 37, 44, 42, 47, 50, 46, 54, 16, 36, 13, 43, 29, 18, 56, 35, 49, 31, 20, 59, 55, 51, 25, 48, 45, 61, 53, 57, 40, 52, 58, 63, 38, 60, 64, 62 ]
],
[ PermutationGroup<64 |  
\[ 2, 5, 8, 17, 6, 1, 24, 14, 11, 19, 22, 16, 39, 15, 3, 37, 10, 42, 4, 47, 26, 23, 9, 21, 51, 7, 20, 18, 41, 12, 46, 28, 27, 25, 44, 38, 30, 61, 29, 57, 13, 32, 40, 31, 53, 35, 33, 52, 45, 34, 50, 58, 55, 36, 49, 43, 56, 59, 48, 62, 54, 64, 60, 63 ],
\[ 3, 9, 12, 6, 14, 22, 1, 28, 30, 2, 34, 36, 15, 37, 42, 43, 35, 19, 31, 4, 5, 16, 51, 13, 26, 29, 7, 54, 8, 57, 23, 17, 10, 40, 11, 60, 61, 44, 45, 41, 55, 38, 63, 59, 18, 52, 21, 27, 20, 24, 56, 25, 33, 46, 32, 39, 62, 47, 50, 48, 64, 53, 49, 58 ],
\[ 4, 7, 13, 18, 10, 21, 25, 1, 31, 32, 2, 9, 40, 29, 5, 3, 20, 8, 33, 48, 50, 35, 6, 27, 11, 47, 53, 55, 56, 14, 38, 15, 58, 59, 54, 28, 22, 12, 24, 16, 26, 45, 51, 17, 63, 19, 49, 44, 41, 23, 52, 60, 39, 37, 62, 30, 34, 46, 64, 43, 42, 36, 61, 57 ]:
 Order := 64 > |
[ 24, 19, 2, 47, 26, 17, 20, 41, 5, 27, 44, 8, 21, 6, 39, 23, 28, 53, 42, 45, 33, 1, 46, 34, 58, 51, 52, 14, 7, 11, 4, 49, 55, 22, 10, 16, 15, 32, 43, 25, 57, 3, 37, 61, 29, 36, 59, 62, 60, 48, 9, 35, 64, 18, 13, 50, 12, 63, 31, 38, 30, 56, 40, 54 ],
[ 7, 10, 1, 20, 21, 4, 27, 29, 2, 33, 35, 3, 24, 5, 13, 22, 32, 45, 18, 49, 47, 6, 31, 50, 52, 25, 48, 8, 26, 9, 19, 55, 53, 11, 17, 12, 14, 42, 56, 34, 40, 15, 16, 38, 39, 54, 58, 60, 63, 59, 23, 46, 62, 28, 41, 51, 30, 64, 44, 36, 37, 57, 43, 61 ],
[ 16, 12, 38, 23, 30, 37, 8, 36, 56, 11, 57, 62, 32, 54, 61, 60, 22, 46, 9, 1, 15, 40, 43, 3, 41, 14, 2, 35, 18, 64, 50, 44, 5, 13, 25, 52, 63, 48, 42, 49, 28, 31, 45, 34, 4, 51, 6, 24, 17, 39, 29, 7, 19, 58, 10, 53, 55, 26, 21, 20, 59, 27, 47, 33 ]
],
[ PermutationGroup<64 |  
\[ 2, 5, 8, 17, 6, 1, 24, 14, 11, 19, 22, 16, 39, 15, 3, 37, 10, 42, 4, 47, 26, 23, 9, 21, 51, 7, 20, 18, 41, 12, 46, 28, 27, 25, 44, 38, 30, 61, 29, 57, 13, 32, 40, 31, 53, 35, 33, 52, 45, 34, 50, 58, 55, 36, 49, 43, 56, 59, 48, 62, 54, 64, 60, 63 ],
\[ 3, 9, 12, 6, 14, 22, 1, 28, 30, 2, 34, 36, 15, 37, 42, 43, 35, 19, 31, 4, 5, 16, 51, 13, 26, 29, 7, 54, 8, 57, 23, 17, 10, 40, 11, 60, 61, 44, 45, 41, 55, 38, 63, 59, 18, 52, 21, 27, 20, 24, 56, 25, 33, 46, 32, 39, 62, 47, 50, 48, 64, 53, 49, 58 ],
\[ 4, 7, 13, 18, 10, 21, 25, 1, 31, 32, 2, 9, 40, 29, 5, 3, 20, 8, 33, 48, 50, 35, 6, 27, 11, 47, 53, 55, 56, 14, 38, 15, 58, 59, 54, 28, 22, 12, 24, 16, 26, 45, 51, 17, 63, 19, 49, 44, 41, 23, 52, 60, 39, 37, 62, 30, 34, 46, 64, 43, 42, 36, 61, 57 ]:
 Order := 64 > |
[ 6, 1, 15, 19, 2, 5, 26, 3, 23, 17, 9, 30, 41, 8, 14, 12, 4, 28, 10, 27, 24, 11, 22, 7, 34, 21, 33, 32, 39, 37, 44, 42, 47, 50, 46, 54, 16, 36, 13, 43, 29, 18, 56, 35, 49, 31, 20, 59, 55, 51, 25, 48, 45, 61, 53, 57, 40, 52, 58, 63, 38, 60, 64, 62 ],
[ 7, 10, 1, 20, 21, 4, 27, 29, 2, 33, 35, 3, 24, 5, 13, 22, 32, 45, 18, 49, 47, 6, 31, 50, 52, 25, 48, 8, 26, 9, 19, 55, 53, 11, 17, 12, 14, 42, 56, 34, 40, 15, 16, 38, 39, 54, 58, 60, 63, 59, 23, 46, 62, 28, 41, 51, 30, 64, 44, 36, 37, 57, 43, 61 ],
[ 9, 14, 28, 35, 22, 3, 13, 37, 34, 31, 16, 43, 45, 42, 12, 61, 2, 38, 6, 21, 29, 51, 30, 5, 56, 1, 4, 19, 55, 36, 52, 54, 7, 26, 59, 44, 57, 64, 8, 62, 15, 17, 41, 23, 33, 11, 10, 25, 18, 40, 24, 47, 32, 60, 20, 63, 39, 50, 27, 53, 46, 58, 48, 49 ]
],
[ PermutationGroup<64 |  
\[ 2, 5, 8, 17, 6, 1, 24, 14, 11, 19, 22, 16, 39, 15, 3, 37, 10, 42, 4, 47, 26, 23, 9, 21, 51, 7, 20, 18, 41, 12, 46, 28, 27, 25, 44, 38, 30, 61, 29, 57, 13, 32, 40, 31, 53, 35, 33, 52, 45, 34, 50, 58, 55, 36, 49, 43, 56, 59, 48, 62, 54, 64, 60, 63 ],
\[ 3, 9, 12, 6, 14, 22, 1, 28, 30, 2, 34, 36, 15, 37, 42, 43, 35, 19, 31, 4, 5, 16, 51, 13, 26, 29, 7, 54, 8, 57, 23, 17, 10, 40, 11, 60, 61, 44, 45, 41, 55, 38, 63, 59, 18, 52, 21, 27, 20, 24, 56, 25, 33, 46, 32, 39, 62, 47, 50, 48, 64, 53, 49, 58 ],
\[ 4, 7, 13, 18, 10, 21, 25, 1, 31, 32, 2, 9, 40, 29, 5, 3, 20, 8, 33, 48, 50, 35, 6, 27, 11, 47, 53, 55, 56, 14, 38, 15, 58, 59, 54, 28, 22, 12, 24, 16, 26, 45, 51, 17, 63, 19, 49, 44, 41, 23, 52, 60, 39, 37, 62, 30, 34, 46, 64, 43, 42, 36, 61, 57 ]:
 Order := 64 > |
[ 20, 27, 24, 45, 33, 47, 52, 7, 19, 55, 10, 2, 34, 26, 21, 1, 49, 29, 53, 60, 59, 17, 4, 48, 35, 58, 62, 41, 51, 5, 42, 13, 64, 44, 28, 8, 6, 3, 50, 22, 25, 39, 23, 32, 43, 18, 63, 38, 40, 31, 46, 36, 56, 14, 57, 9, 11, 54, 61, 16, 15, 12, 37, 30 ],
[ 7, 10, 1, 20, 21, 4, 27, 29, 2, 33, 35, 3, 24, 5, 13, 22, 32, 45, 18, 49, 47, 6, 31, 50, 52, 25, 48, 8, 26, 9, 19, 55, 53, 11, 17, 12, 14, 42, 56, 34, 40, 15, 16, 38, 39, 54, 58, 60, 63, 59, 23, 46, 62, 28, 41, 51, 30, 64, 44, 36, 37, 57, 43, 61 ],
[ 43, 36, 44, 51, 57, 61, 28, 60, 39, 34, 62, 53, 17, 46, 64, 48, 16, 52, 30, 3, 42, 41, 63, 12, 55, 37, 9, 11, 19, 58, 24, 59, 14, 15, 26, 25, 49, 27, 38, 20, 54, 23, 18, 40, 6, 56, 22, 13, 35, 45, 8, 1, 31, 47, 2, 33, 32, 29, 5, 4, 50, 7, 21, 10 ]
]
];

/*
Return for eval
*/

return s;
