s := SolvablePassportDBInitialize();

/*
Magma printing
*/

s`Filename := "64S9-8,4,4-g13.m";
s`GaloisOrbits := [ Strings() | "64S9-8,4,4-g13-path91.m", "64S9-8,4,4-g13-path80.m", "64S9-8,4,4-g13-path70.m", "64S9-8,4,4-g13-path71.m", "64S9-8,4,4-g13-path92.m", "64S9-8,4,4-g13-path69.m", "64S9-8,4,4-g13-path93.m", "64S9-8,4,4-g13-path90.m", "64S9-8,4,4-g13-path94.m", "64S9-8,4,4-g13-path79.m", "64S9-8,4,4-g13-path1.m", "64S9-8,4,4-g13-path2.m", "64S9-8,4,4-g13-path3.m", "64S9-8,4,4-g13-path4.m", "64S9-8,4,4-g13-path5.m", "64S9-8,4,4-g13-path72.m", "64S9-8,4,4-g13-path6.m", "64S9-8,4,4-g13-path95.m", "64S9-8,4,4-g13-path7.m", "64S9-8,4,4-g13-path8.m", "64S9-8,4,4-g13-path81.m", "64S9-8,4,4-g13-path9.m", "64S9-8,4,4-g13-path10.m", "64S9-8,4,4-g13-path11.m", "64S9-8,4,4-g13-path12.m", "64S9-8,4,4-g13-path13.m", "64S9-8,4,4-g13-path14.m", "64S9-8,4,4-g13-path96.m", "64S9-8,4,4-g13-path15.m", "64S9-8,4,4-g13-path89.m", "64S9-8,4,4-g13-path16.m", "64S9-8,4,4-g13-path17.m", "64S9-8,4,4-g13-path18.m", "64S9-8,4,4-g13-path19.m", "64S9-8,4,4-g13-path20.m", "64S9-8,4,4-g13-path113.m", "64S9-8,4,4-g13-path21.m", "64S9-8,4,4-g13-path22.m", "64S9-8,4,4-g13-path114.m", "64S9-8,4,4-g13-path23.m", "64S9-8,4,4-g13-path24.m", "64S9-8,4,4-g13-path115.m", "64S9-8,4,4-g13-path25.m", "64S9-8,4,4-g13-path26.m", "64S9-8,4,4-g13-path116.m", "64S9-8,4,4-g13-path27.m", "64S9-8,4,4-g13-path28.m", "64S9-8,4,4-g13-path29.m", "64S9-8,4,4-g13-path30.m", "64S9-8,4,4-g13-path31.m", "64S9-8,4,4-g13-path117.m", "64S9-8,4,4-g13-path118.m", "64S9-8,4,4-g13-path78.m", "64S9-8,4,4-g13-path32.m", "64S9-8,4,4-g13-path33.m", "64S9-8,4,4-g13-path34.m", "64S9-8,4,4-g13-path35.m", "64S9-8,4,4-g13-path119.m", "64S9-8,4,4-g13-path36.m", "64S9-8,4,4-g13-path82.m", "64S9-8,4,4-g13-path120.m", "64S9-8,4,4-g13-path37.m", "64S9-8,4,4-g13-path121.m", "64S9-8,4,4-g13-path38.m", "64S9-8,4,4-g13-path39.m", "64S9-8,4,4-g13-path122.m", "64S9-8,4,4-g13-path40.m", "64S9-8,4,4-g13-path73.m", "64S9-8,4,4-g13-path41.m", "64S9-8,4,4-g13-path123.m", "64S9-8,4,4-g13-path42.m", "64S9-8,4,4-g13-path43.m", "64S9-8,4,4-g13-path124.m", "64S9-8,4,4-g13-path44.m", "64S9-8,4,4-g13-path45.m", "64S9-8,4,4-g13-path46.m", "64S9-8,4,4-g13-path125.m", "64S9-8,4,4-g13-path47.m", "64S9-8,4,4-g13-path48.m", "64S9-8,4,4-g13-path88.m", "64S9-8,4,4-g13-path126.m", "64S9-8,4,4-g13-path49.m", "64S9-8,4,4-g13-path50.m", "64S9-8,4,4-g13-path51.m", "64S9-8,4,4-g13-path127.m", "64S9-8,4,4-g13-path52.m", "64S9-8,4,4-g13-path128.m", "64S9-8,4,4-g13-path53.m", "64S9-8,4,4-g13-path54.m", "64S9-8,4,4-g13-path55.m", "64S9-8,4,4-g13-path56.m", "64S9-8,4,4-g13-path129.m", "64S9-8,4,4-g13-path57.m", "64S9-8,4,4-g13-path112.m", "64S9-8,4,4-g13-path130.m", "64S9-8,4,4-g13-path58.m", "64S9-8,4,4-g13-path59.m", "64S9-8,4,4-g13-path77.m", "64S9-8,4,4-g13-path131.m", "64S9-8,4,4-g13-path60.m", "64S9-8,4,4-g13-path111.m", "64S9-8,4,4-g13-path132.m", "64S9-8,4,4-g13-path61.m", "64S9-8,4,4-g13-path133.m", "64S9-8,4,4-g13-path62.m", "64S9-8,4,4-g13-path134.m", "64S9-8,4,4-g13-path110.m", "64S9-8,4,4-g13-path63.m", "64S9-8,4,4-g13-path135.m", "64S9-8,4,4-g13-path64.m", "64S9-8,4,4-g13-path65.m", "64S9-8,4,4-g13-path136.m", "64S9-8,4,4-g13-path137.m", "64S9-8,4,4-g13-path66.m", "64S9-8,4,4-g13-path109.m", "64S9-8,4,4-g13-path138.m", "64S9-8,4,4-g13-path67.m", "64S9-8,4,4-g13-path139.m", "64S9-8,4,4-g13-path68.m", "64S9-8,4,4-g13-path140.m", "64S9-8,4,4-g13-path108.m", "64S9-8,4,4-g13-path84.m", "64S9-8,4,4-g13-path141.m", "64S9-8,4,4-g13-path107.m", "64S9-8,4,4-g13-path142.m", "64S9-8,4,4-g13-path76.m", "64S9-8,4,4-g13-path143.m", "64S9-8,4,4-g13-path106.m", "64S9-8,4,4-g13-path144.m", "64S9-8,4,4-g13-path145.m", "64S9-8,4,4-g13-path105.m", "64S9-8,4,4-g13-path104.m", "64S9-8,4,4-g13-path146.m", "64S9-8,4,4-g13-path147.m", "64S9-8,4,4-g13-path103.m", "64S9-8,4,4-g13-path74.m", "64S9-8,4,4-g13-path148.m", "64S9-8,4,4-g13-path149.m", "64S9-8,4,4-g13-path85.m", "64S9-8,4,4-g13-path102.m", "64S9-8,4,4-g13-path150.m", "64S9-8,4,4-g13-path101.m", "64S9-8,4,4-g13-path151.m", "64S9-8,4,4-g13-path87.m", "64S9-8,4,4-g13-path152.m", "64S9-8,4,4-g13-path153.m", "64S9-8,4,4-g13-path97.m", "64S9-8,4,4-g13-path100.m", "64S9-8,4,4-g13-path75.m", "64S9-8,4,4-g13-path154.m", "64S9-8,4,4-g13-path99.m", "64S9-8,4,4-g13-path155.m", "64S9-8,4,4-g13-path156.m", "64S9-8,4,4-g13-path86.m", "64S9-8,4,4-g13-path98.m", "64S9-8,4,4-g13-path83.m" ];
s`Name := "64S9-8,4,4-g13";
s`Passport := [ PowerSequence(PermutationGroup<64 |  
\[ 2, 9, 8, 19, 11, 1, 31, 34, 23, 13, 37, 44, 21, 18, 50, 26, 3, 29, 43, 51, 46, 4, 14, 5, 63, 28, 30, 39, 6, 41, 55, 56, 7, 33, 20, 60, 59, 52, 25, 35, 22, 10, 58, 62, 36, 12, 32, 15, 53, 64, 45, 16, 54, 24, 17, 57, 48, 27, 49, 61, 40, 42, 38, 47 ],
\[ 3, 10, 14, 6, 16, 27, 1, 35, 28, 18, 41, 2, 47, 7, 17, 49, 32, 12, 56, 22, 24, 60, 4, 62, 5, 57, 23, 29, 38, 50, 36, 33, 15, 54, 31, 8, 34, 9, 51, 42, 53, 45, 11, 48, 46, 40, 44, 13, 25, 19, 52, 61, 43, 55, 37, 30, 63, 20, 21, 58, 39, 59, 64, 26 ],
\[ 4, 7, 15, 20, 21, 28, 32, 1, 12, 40, 25, 45, 2, 27, 44, 51, 54, 3, 23, 8, 48, 11, 38, 34, 61, 5, 60, 64, 10, 6, 14, 13, 37, 36, 46, 42, 43, 57, 9, 52, 56, 24, 50, 18, 39, 59, 63, 26, 62, 33, 58, 29, 16, 41, 35, 17, 19, 53, 55, 31, 22, 47, 49, 30 ]:
 Order := 64 >) |
[ PermutationGroup<64 |  
\[ 2, 9, 8, 19, 11, 1, 31, 34, 23, 13, 37, 44, 21, 18, 50, 26, 3, 29, 43, 51, 46, 4, 14, 5, 63, 28, 30, 39, 6, 41, 55, 56, 7, 33, 20, 60, 59, 52, 25, 35, 22, 10, 58, 62, 36, 12, 32, 15, 53, 64, 45, 16, 54, 24, 17, 57, 48, 27, 49, 61, 40, 42, 38, 47 ],
\[ 3, 10, 14, 6, 16, 27, 1, 35, 28, 18, 41, 2, 47, 7, 17, 49, 32, 12, 56, 22, 24, 60, 4, 62, 5, 57, 23, 29, 38, 50, 36, 33, 15, 54, 31, 8, 34, 9, 51, 42, 53, 45, 11, 48, 46, 40, 44, 13, 25, 19, 52, 61, 43, 55, 37, 30, 63, 20, 21, 58, 39, 59, 64, 26 ],
\[ 4, 7, 15, 20, 21, 28, 32, 1, 12, 40, 25, 45, 2, 27, 44, 51, 54, 3, 23, 8, 48, 11, 38, 34, 61, 5, 60, 64, 10, 6, 14, 13, 37, 36, 46, 42, 43, 57, 9, 52, 56, 24, 50, 18, 39, 59, 63, 26, 62, 33, 58, 29, 16, 41, 35, 17, 19, 53, 55, 31, 22, 47, 49, 30 ]:
 Order := 64 > |
[ 2, 9, 8, 19, 11, 1, 31, 34, 23, 13, 37, 44, 21, 18, 50, 26, 3, 29, 43, 51, 46, 4, 14, 5, 63, 28, 30, 39, 6, 41, 55, 56, 7, 33, 20, 60, 59, 52, 25, 35, 22, 10, 58, 62, 36, 12, 32, 15, 53, 64, 45, 16, 54, 24, 17, 57, 48, 27, 49, 61, 40, 42, 38, 47 ],
[ 4, 7, 15, 20, 21, 28, 32, 1, 12, 40, 25, 45, 2, 27, 44, 51, 54, 3, 23, 8, 48, 11, 38, 34, 61, 5, 60, 64, 10, 6, 14, 13, 37, 36, 46, 42, 43, 57, 9, 52, 56, 24, 50, 18, 39, 59, 63, 26, 62, 33, 58, 29, 16, 41, 35, 17, 19, 53, 55, 31, 22, 47, 49, 30 ],
[ 30, 8, 56, 61, 42, 52, 50, 18, 13, 36, 26, 35, 29, 19, 21, 40, 59, 31, 1, 55, 32, 54, 39, 17, 45, 53, 51, 48, 44, 14, 2, 62, 24, 20, 10, 12, 22, 47, 6, 25, 64, 49, 57, 9, 16, 5, 28, 38, 46, 3, 4, 23, 63, 58, 60, 7, 41, 37, 33, 34, 27, 15, 11, 43 ]
],
[ PermutationGroup<64 |  
\[ 2, 9, 8, 19, 11, 1, 31, 34, 23, 13, 37, 44, 21, 18, 50, 26, 3, 29, 43, 51, 46, 4, 14, 5, 63, 28, 30, 39, 6, 41, 55, 56, 7, 33, 20, 60, 59, 52, 25, 35, 22, 10, 58, 62, 36, 12, 32, 15, 53, 64, 45, 16, 54, 24, 17, 57, 48, 27, 49, 61, 40, 42, 38, 47 ],
\[ 3, 10, 14, 6, 16, 27, 1, 35, 28, 18, 41, 2, 47, 7, 17, 49, 32, 12, 56, 22, 24, 60, 4, 62, 5, 57, 23, 29, 38, 50, 36, 33, 15, 54, 31, 8, 34, 9, 51, 42, 53, 45, 11, 48, 46, 40, 44, 13, 25, 19, 52, 61, 43, 55, 37, 30, 63, 20, 21, 58, 39, 59, 64, 26 ],
\[ 4, 7, 15, 20, 21, 28, 32, 1, 12, 40, 25, 45, 2, 27, 44, 51, 54, 3, 23, 8, 48, 11, 38, 34, 61, 5, 60, 64, 10, 6, 14, 13, 37, 36, 46, 42, 43, 57, 9, 52, 56, 24, 50, 18, 39, 59, 63, 26, 62, 33, 58, 29, 16, 41, 35, 17, 19, 53, 55, 31, 22, 47, 49, 30 ]:
 Order := 64 > |
[ 2, 9, 8, 19, 11, 1, 31, 34, 23, 13, 37, 44, 21, 18, 50, 26, 3, 29, 43, 51, 46, 4, 14, 5, 63, 28, 30, 39, 6, 41, 55, 56, 7, 33, 20, 60, 59, 52, 25, 35, 22, 10, 58, 62, 36, 12, 32, 15, 53, 64, 45, 16, 54, 24, 17, 57, 48, 27, 49, 61, 40, 42, 38, 47 ],
[ 10, 28, 35, 56, 41, 3, 36, 54, 4, 47, 34, 48, 24, 12, 19, 57, 14, 38, 11, 52, 40, 6, 7, 16, 64, 29, 50, 51, 27, 53, 37, 30, 1, 15, 22, 58, 21, 61, 5, 31, 60, 18, 20, 59, 8, 2, 33, 17, 43, 26, 46, 49, 55, 62, 32, 63, 13, 23, 25, 39, 42, 45, 9, 44 ],
[ 22, 33, 48, 35, 13, 26, 47, 6, 46, 61, 39, 51, 1, 58, 12, 20, 53, 17, 9, 3, 57, 5, 63, 8, 60, 24, 36, 50, 42, 29, 23, 10, 11, 45, 21, 62, 19, 56, 2, 38, 32, 54, 15, 14, 28, 37, 25, 16, 44, 34, 43, 18, 52, 30, 40, 55, 4, 49, 31, 7, 41, 64, 59, 27 ]
],
[ PermutationGroup<64 |  
\[ 2, 9, 8, 19, 11, 1, 31, 34, 23, 13, 37, 44, 21, 18, 50, 26, 3, 29, 43, 51, 46, 4, 14, 5, 63, 28, 30, 39, 6, 41, 55, 56, 7, 33, 20, 60, 59, 52, 25, 35, 22, 10, 58, 62, 36, 12, 32, 15, 53, 64, 45, 16, 54, 24, 17, 57, 48, 27, 49, 61, 40, 42, 38, 47 ],
\[ 3, 10, 14, 6, 16, 27, 1, 35, 28, 18, 41, 2, 47, 7, 17, 49, 32, 12, 56, 22, 24, 60, 4, 62, 5, 57, 23, 29, 38, 50, 36, 33, 15, 54, 31, 8, 34, 9, 51, 42, 53, 45, 11, 48, 46, 40, 44, 13, 25, 19, 52, 61, 43, 55, 37, 30, 63, 20, 21, 58, 39, 59, 64, 26 ],
\[ 4, 7, 15, 20, 21, 28, 32, 1, 12, 40, 25, 45, 2, 27, 44, 51, 54, 3, 23, 8, 48, 11, 38, 34, 61, 5, 60, 64, 10, 6, 14, 13, 37, 36, 46, 42, 43, 57, 9, 52, 56, 24, 50, 18, 39, 59, 63, 26, 62, 33, 58, 29, 16, 41, 35, 17, 19, 53, 55, 31, 22, 47, 49, 30 ]:
 Order := 64 > |
[ 2, 9, 8, 19, 11, 1, 31, 34, 23, 13, 37, 44, 21, 18, 50, 26, 3, 29, 43, 51, 46, 4, 14, 5, 63, 28, 30, 39, 6, 41, 55, 56, 7, 33, 20, 60, 59, 52, 25, 35, 22, 10, 58, 62, 36, 12, 32, 15, 53, 64, 45, 16, 54, 24, 17, 57, 48, 27, 49, 61, 40, 42, 38, 47 ],
[ 3, 10, 14, 6, 16, 27, 1, 35, 28, 18, 41, 2, 47, 7, 17, 49, 32, 12, 56, 22, 24, 60, 4, 62, 5, 57, 23, 29, 38, 50, 36, 33, 15, 54, 31, 8, 34, 9, 51, 42, 53, 45, 11, 48, 46, 40, 44, 13, 25, 19, 52, 61, 43, 55, 37, 30, 63, 20, 21, 58, 39, 59, 64, 26 ],
[ 4, 7, 15, 20, 21, 28, 32, 1, 12, 40, 25, 45, 2, 27, 44, 51, 54, 3, 23, 8, 48, 11, 38, 34, 61, 5, 60, 64, 10, 6, 14, 13, 37, 36, 46, 42, 43, 57, 9, 52, 56, 24, 50, 18, 39, 59, 63, 26, 62, 33, 58, 29, 16, 41, 35, 17, 19, 53, 55, 31, 22, 47, 49, 30 ]
],
[ PermutationGroup<64 |  
\[ 2, 9, 8, 19, 11, 1, 31, 34, 23, 13, 37, 44, 21, 18, 50, 26, 3, 29, 43, 51, 46, 4, 14, 5, 63, 28, 30, 39, 6, 41, 55, 56, 7, 33, 20, 60, 59, 52, 25, 35, 22, 10, 58, 62, 36, 12, 32, 15, 53, 64, 45, 16, 54, 24, 17, 57, 48, 27, 49, 61, 40, 42, 38, 47 ],
\[ 3, 10, 14, 6, 16, 27, 1, 35, 28, 18, 41, 2, 47, 7, 17, 49, 32, 12, 56, 22, 24, 60, 4, 62, 5, 57, 23, 29, 38, 50, 36, 33, 15, 54, 31, 8, 34, 9, 51, 42, 53, 45, 11, 48, 46, 40, 44, 13, 25, 19, 52, 61, 43, 55, 37, 30, 63, 20, 21, 58, 39, 59, 64, 26 ],
\[ 4, 7, 15, 20, 21, 28, 32, 1, 12, 40, 25, 45, 2, 27, 44, 51, 54, 3, 23, 8, 48, 11, 38, 34, 61, 5, 60, 64, 10, 6, 14, 13, 37, 36, 46, 42, 43, 57, 9, 52, 56, 24, 50, 18, 39, 59, 63, 26, 62, 33, 58, 29, 16, 41, 35, 17, 19, 53, 55, 31, 22, 47, 49, 30 ]:
 Order := 64 > |
[ 2, 9, 8, 19, 11, 1, 31, 34, 23, 13, 37, 44, 21, 18, 50, 26, 3, 29, 43, 51, 46, 4, 14, 5, 63, 28, 30, 39, 6, 41, 55, 56, 7, 33, 20, 60, 59, 52, 25, 35, 22, 10, 58, 62, 36, 12, 32, 15, 53, 64, 45, 16, 54, 24, 17, 57, 48, 27, 49, 61, 40, 42, 38, 47 ],
[ 13, 39, 20, 57, 22, 8, 60, 24, 19, 32, 33, 15, 5, 44, 43, 48, 18, 52, 37, 16, 35, 1, 31, 26, 47, 6, 64, 45, 30, 54, 59, 41, 2, 50, 4, 27, 46, 40, 11, 55, 61, 29, 51, 49, 34, 9, 7, 3, 58, 28, 12, 53, 17, 42, 56, 38, 21, 14, 63, 25, 10, 36, 23, 62 ],
[ 26, 22, 53, 5, 8, 42, 11, 48, 33, 54, 13, 37, 61, 63, 16, 18, 40, 58, 35, 21, 1, 32, 46, 30, 2, 20, 49, 24, 17, 36, 47, 25, 45, 6, 38, 28, 39, 59, 50, 41, 29, 64, 9, 51, 43, 57, 27, 4, 31, 12, 3, 56, 44, 52, 23, 10, 55, 15, 19, 62, 7, 14, 60, 34 ]
]
];

/*
Return for eval
*/

return s;
