s := SolvablePassportDBInitialize();

/*
Magma printing
*/

s`Filename := "64S9-8,4,4-g13.m";
s`GaloisOrbits := [ Strings() | "64S9-8,4,4-g13-path10.m", "64S9-8,4,4-g13-path15.m", "64S9-8,4,4-g13-path14.m", "64S9-8,4,4-g13-path18.m", "64S9-8,4,4-g13-path19.m", "64S9-8,4,4-g13-path20.m", "64S9-8,4,4-g13-path12.m", "64S9-8,4,4-g13-path11.m", "64S9-8,4,4-g13-path13.m", "64S9-8,4,4-g13-path1.m", "64S9-8,4,4-g13-path16.m", "64S9-8,4,4-g13-path17.m" ];
s`Name := "64S9-8,4,4-g13";
s`Passport := [ PowerSequence(PermutationGroup<64 |  
\[ 12, 38, 8, 44, 2, 5, 45, 39, 56, 14, 31, 9, 63, 55, 34, 20, 42, 15, 18, 62, 10, 1, 46, 21, 24, 16, 30, 19, 22, 13, 60, 49, 11, 47, 23, 51, 25, 26, 33, 27, 29, 35, 40, 43, 28, 61, 7, 41, 36, 37, 59, 54, 64, 32, 50, 48, 52, 3, 57, 58, 53, 6, 4, 17 ],
\[ 3, 10, 16, 22, 18, 27, 1, 35, 28, 41, 5, 43, 2, 23, 52, 7, 58, 48, 46, 37, 49, 55, 63, 6, 64, 4, 56, 62, 34, 42, 53, 47, 59, 38, 45, 8, 12, 60, 9, 54, 13, 21, 20, 61, 36, 33, 17, 11, 30, 57, 14, 31, 15, 25, 26, 24, 44, 32, 19, 29, 50, 39, 51, 40 ],
\[ 4, 11, 17, 23, 24, 28, 32, 1, 37, 42, 46, 7, 49, 2, 5, 55, 25, 59, 9, 3, 56, 60, 8, 54, 20, 34, 64, 35, 10, 6, 48, 40, 62, 53, 30, 21, 61, 13, 36, 12, 18, 47, 57, 26, 16, 14, 29, 27, 58, 22, 45, 50, 44, 15, 51, 39, 33, 38, 63, 52, 19, 43, 41, 31 ]:
 Order := 64 >) |
[ PermutationGroup<64 |  
\[ 12, 38, 8, 44, 2, 5, 45, 39, 56, 14, 31, 9, 63, 55, 34, 20, 42, 15, 18, 62, 10, 1, 46, 21, 24, 16, 30, 19, 22, 13, 60, 49, 11, 47, 23, 51, 25, 26, 33, 27, 29, 35, 40, 43, 28, 61, 7, 41, 36, 37, 59, 54, 64, 32, 50, 48, 52, 3, 57, 58, 53, 6, 4, 17 ],
\[ 3, 10, 16, 22, 18, 27, 1, 35, 28, 41, 5, 43, 2, 23, 52, 7, 58, 48, 46, 37, 49, 55, 63, 6, 64, 4, 56, 62, 34, 42, 53, 47, 59, 38, 45, 8, 12, 60, 9, 54, 13, 21, 20, 61, 36, 33, 17, 11, 30, 57, 14, 31, 15, 25, 26, 24, 44, 32, 19, 29, 50, 39, 51, 40 ],
\[ 4, 11, 17, 23, 24, 28, 32, 1, 37, 42, 46, 7, 49, 2, 5, 55, 25, 59, 9, 3, 56, 60, 8, 54, 20, 34, 64, 35, 10, 6, 48, 40, 62, 53, 30, 21, 61, 13, 36, 12, 18, 47, 57, 26, 16, 14, 29, 27, 58, 22, 45, 50, 44, 15, 51, 39, 33, 38, 63, 52, 19, 43, 41, 31 ]:
 Order := 64 > |
[ 12, 38, 8, 44, 2, 5, 45, 39, 56, 14, 31, 9, 63, 55, 34, 20, 42, 15, 18, 62, 10, 1, 46, 21, 24, 16, 30, 19, 22, 13, 60, 49, 11, 47, 23, 51, 25, 26, 33, 27, 29, 35, 40, 43, 28, 61, 7, 41, 36, 37, 59, 54, 64, 32, 50, 48, 52, 3, 57, 58, 53, 6, 4, 17 ],
[ 4, 11, 17, 23, 24, 28, 32, 1, 37, 42, 46, 7, 49, 2, 5, 55, 25, 59, 9, 3, 56, 60, 8, 54, 20, 34, 64, 35, 10, 6, 48, 40, 62, 53, 30, 21, 61, 13, 36, 12, 18, 47, 57, 26, 16, 14, 29, 27, 58, 22, 45, 50, 44, 15, 51, 39, 33, 38, 63, 52, 19, 43, 41, 31 ],
[ 50, 15, 49, 59, 30, 33, 42, 20, 40, 36, 57, 8, 35, 29, 41, 44, 27, 61, 6, 45, 5, 47, 28, 17, 9, 58, 32, 51, 63, 48, 2, 24, 56, 54, 10, 13, 52, 14, 23, 62, 31, 3, 53, 1, 12, 4, 26, 21, 7, 16, 39, 43, 37, 60, 46, 19, 18, 22, 55, 64, 11, 25, 38, 34 ]
],
[ PermutationGroup<64 |  
\[ 12, 38, 8, 44, 2, 5, 45, 39, 56, 14, 31, 9, 63, 55, 34, 20, 42, 15, 18, 62, 10, 1, 46, 21, 24, 16, 30, 19, 22, 13, 60, 49, 11, 47, 23, 51, 25, 26, 33, 27, 29, 35, 40, 43, 28, 61, 7, 41, 36, 37, 59, 54, 64, 32, 50, 48, 52, 3, 57, 58, 53, 6, 4, 17 ],
\[ 3, 10, 16, 22, 18, 27, 1, 35, 28, 41, 5, 43, 2, 23, 52, 7, 58, 48, 46, 37, 49, 55, 63, 6, 64, 4, 56, 62, 34, 42, 53, 47, 59, 38, 45, 8, 12, 60, 9, 54, 13, 21, 20, 61, 36, 33, 17, 11, 30, 57, 14, 31, 15, 25, 26, 24, 44, 32, 19, 29, 50, 39, 51, 40 ],
\[ 4, 11, 17, 23, 24, 28, 32, 1, 37, 42, 46, 7, 49, 2, 5, 55, 25, 59, 9, 3, 56, 60, 8, 54, 20, 34, 64, 35, 10, 6, 48, 40, 62, 53, 30, 21, 61, 13, 36, 12, 18, 47, 57, 26, 16, 14, 29, 27, 58, 22, 45, 50, 44, 15, 51, 39, 33, 38, 63, 52, 19, 43, 41, 31 ]:
 Order := 64 > |
[ 12, 38, 8, 44, 2, 5, 45, 39, 56, 14, 31, 9, 63, 55, 34, 20, 42, 15, 18, 62, 10, 1, 46, 21, 24, 16, 30, 19, 22, 13, 60, 49, 11, 47, 23, 51, 25, 26, 33, 27, 29, 35, 40, 43, 28, 61, 7, 41, 36, 37, 59, 54, 64, 32, 50, 48, 52, 3, 57, 58, 53, 6, 4, 17 ],
[ 10, 28, 52, 49, 43, 3, 53, 38, 4, 54, 36, 60, 64, 56, 9, 13, 44, 35, 16, 34, 20, 18, 47, 61, 22, 11, 57, 32, 27, 12, 62, 50, 1, 59, 25, 40, 51, 24, 17, 26, 39, 31, 23, 41, 29, 30, 5, 37, 15, 2, 58, 63, 14, 33, 42, 7, 45, 48, 21, 46, 8, 55, 6, 19 ],
[ 25, 47, 51, 52, 63, 31, 23, 6, 30, 59, 54, 33, 46, 1, 22, 40, 13, 64, 2, 19, 38, 45, 18, 35, 48, 8, 36, 57, 44, 29, 26, 10, 41, 49, 55, 4, 32, 50, 61, 5, 58, 39, 17, 9, 56, 43, 20, 14, 28, 62, 11, 27, 24, 3, 53, 15, 34, 12, 37, 42, 60, 21, 16, 7 ]
],
[ PermutationGroup<64 |  
\[ 12, 38, 8, 44, 2, 5, 45, 39, 56, 14, 31, 9, 63, 55, 34, 20, 42, 15, 18, 62, 10, 1, 46, 21, 24, 16, 30, 19, 22, 13, 60, 49, 11, 47, 23, 51, 25, 26, 33, 27, 29, 35, 40, 43, 28, 61, 7, 41, 36, 37, 59, 54, 64, 32, 50, 48, 52, 3, 57, 58, 53, 6, 4, 17 ],
\[ 3, 10, 16, 22, 18, 27, 1, 35, 28, 41, 5, 43, 2, 23, 52, 7, 58, 48, 46, 37, 49, 55, 63, 6, 64, 4, 56, 62, 34, 42, 53, 47, 59, 38, 45, 8, 12, 60, 9, 54, 13, 21, 20, 61, 36, 33, 17, 11, 30, 57, 14, 31, 15, 25, 26, 24, 44, 32, 19, 29, 50, 39, 51, 40 ],
\[ 4, 11, 17, 23, 24, 28, 32, 1, 37, 42, 46, 7, 49, 2, 5, 55, 25, 59, 9, 3, 56, 60, 8, 54, 20, 34, 64, 35, 10, 6, 48, 40, 62, 53, 30, 21, 61, 13, 36, 12, 18, 47, 57, 26, 16, 14, 29, 27, 58, 22, 45, 50, 44, 15, 51, 39, 33, 38, 63, 52, 19, 43, 41, 31 ]:
 Order := 64 > |
[ 12, 38, 8, 44, 2, 5, 45, 39, 56, 14, 31, 9, 63, 55, 34, 20, 42, 15, 18, 62, 10, 1, 46, 21, 24, 16, 30, 19, 22, 13, 60, 49, 11, 47, 23, 51, 25, 26, 33, 27, 29, 35, 40, 43, 28, 61, 7, 41, 36, 37, 59, 54, 64, 32, 50, 48, 52, 3, 57, 58, 53, 6, 4, 17 ],
[ 3, 10, 16, 22, 18, 27, 1, 35, 28, 41, 5, 43, 2, 23, 52, 7, 58, 48, 46, 37, 49, 55, 63, 6, 64, 4, 56, 62, 34, 42, 53, 47, 59, 38, 45, 8, 12, 60, 9, 54, 13, 21, 20, 61, 36, 33, 17, 11, 30, 57, 14, 31, 15, 25, 26, 24, 44, 32, 19, 29, 50, 39, 51, 40 ],
[ 4, 11, 17, 23, 24, 28, 32, 1, 37, 42, 46, 7, 49, 2, 5, 55, 25, 59, 9, 3, 56, 60, 8, 54, 20, 34, 64, 35, 10, 6, 48, 40, 62, 53, 30, 21, 61, 13, 36, 12, 18, 47, 57, 26, 16, 14, 29, 27, 58, 22, 45, 50, 44, 15, 51, 39, 33, 38, 63, 52, 19, 43, 41, 31 ]
],
[ PermutationGroup<64 |  
\[ 12, 38, 8, 44, 2, 5, 45, 39, 56, 14, 31, 9, 63, 55, 34, 20, 42, 15, 18, 62, 10, 1, 46, 21, 24, 16, 30, 19, 22, 13, 60, 49, 11, 47, 23, 51, 25, 26, 33, 27, 29, 35, 40, 43, 28, 61, 7, 41, 36, 37, 59, 54, 64, 32, 50, 48, 52, 3, 57, 58, 53, 6, 4, 17 ],
\[ 3, 10, 16, 22, 18, 27, 1, 35, 28, 41, 5, 43, 2, 23, 52, 7, 58, 48, 46, 37, 49, 55, 63, 6, 64, 4, 56, 62, 34, 42, 53, 47, 59, 38, 45, 8, 12, 60, 9, 54, 13, 21, 20, 61, 36, 33, 17, 11, 30, 57, 14, 31, 15, 25, 26, 24, 44, 32, 19, 29, 50, 39, 51, 40 ],
\[ 4, 11, 17, 23, 24, 28, 32, 1, 37, 42, 46, 7, 49, 2, 5, 55, 25, 59, 9, 3, 56, 60, 8, 54, 20, 34, 64, 35, 10, 6, 48, 40, 62, 53, 30, 21, 61, 13, 36, 12, 18, 47, 57, 26, 16, 14, 29, 27, 58, 22, 45, 50, 44, 15, 51, 39, 33, 38, 63, 52, 19, 43, 41, 31 ]:
 Order := 64 > |
[ 12, 38, 8, 44, 2, 5, 45, 39, 56, 14, 31, 9, 63, 55, 34, 20, 42, 15, 18, 62, 10, 1, 46, 21, 24, 16, 30, 19, 22, 13, 60, 49, 11, 47, 23, 51, 25, 26, 33, 27, 29, 35, 40, 43, 28, 61, 7, 41, 36, 37, 59, 54, 64, 32, 50, 48, 52, 3, 57, 58, 53, 6, 4, 17 ],
[ 40, 58, 23, 53, 14, 15, 51, 56, 21, 46, 64, 19, 59, 16, 26, 25, 10, 54, 41, 33, 29, 8, 11, 36, 5, 45, 35, 61, 50, 38, 22, 13, 2, 42, 4, 55, 17, 44, 57, 48, 47, 28, 32, 62, 6, 37, 12, 63, 39, 9, 18, 24, 27, 7, 52, 31, 60, 20, 43, 49, 34, 30, 1, 3 ],
[ 31, 25, 2, 48, 45, 44, 41, 64, 47, 9, 20, 63, 62, 17, 51, 15, 11, 12, 42, 14, 52, 21, 27, 16, 46, 30, 1, 26, 19, 53, 23, 18, 49, 6, 34, 60, 29, 33, 22, 59, 40, 37, 38, 35, 54, 3, 61, 8, 43, 36, 24, 39, 28, 55, 5, 50, 13, 57, 7, 56, 10, 58, 32, 4 ]
]
];

/*
Return for eval
*/

return s;
