s := SolvableDBInitialize();

/*
Custom printing for Belyi curve and map
*/

/* Belyi curve */
K<nu> := NumberField(Polynomial([RationalField() | 1, 0, 0, 0, 1]));
P<[x]> := PolynomialRing(K, 4);
I<[x]> := ideal< P | [
x[1] - x[3]^2,
x[2]^2*x[3]^4 + nu^2*x[2]^2 - x[3]^4 + nu^2,
x[2]^2*x[4]^2 + 1/2910*(-13597*nu^3 - 10455*nu^2 - 4351*nu + 6185)*x[2]*x[3]^4 + 1/1455*(4623*nu^3 + 8320*nu^2 + 8974*nu + 2135)*x[2]*x[3]^2 + 1/2*(-nu^3 - nu)*x[2]*x[4]^2 + 1/2910*(4351*nu^3 - 6185*nu^2 - 13597*nu - 10455)*x[2] + 1/17410312*(1276575*nu^3 - 1246273*nu^2 + 160300*nu + 856234)*x[3]^10*x[4]^4 + 1/4*(nu^2 - 1)*x[3]^10*x[4]^2 + 1/11640*(-10455*nu^3 - 4351*nu^2 + 6185*nu + 13597)*x[3]^10 + 1/17410312*(-160300*nu^3 - 856234*nu^2 + 1276575*nu - 1246273)*x[3]^8*x[4]^4 + 1/4*(-nu^2 - 1)*x[3]^8*x[4]^2 + 1/3880*(6185*nu^3 + 13597*nu^2 + 10455*nu + 4351)*x[3]^8 + 1/17410312*(-1436875*nu^3 + 390039*nu^2 + 1116275*nu - 2102507)*x[3]^6*x[4]^4 - 1/2*nu^2*x[3]^6*x[4]^2 + 1/5820*(45870*nu^3 + 35624*nu^2 - 5965*nu - 41063)*x[3]^6 + 1/17410312*(-1116275*nu^3 + 2102507*nu^2 - 1436875*nu + 390039)*x[3]^4*x[4]^4 + 1/2*(nu^2 - 1)*x[3]^4*x[4]^2 + 1/5820*(-18335*nu^3 - 68257*nu^2 - 66780*nu - 44326)*x[3]^4 + 1/17410312*(160300*nu^3 + 856234*nu^2 - 1276575*nu + 1246273)*x[3]^2*x[4]^4 + 1/4*(nu^2 - 3)*x[3]^2*x[4]^2 + 1/11640*(-98365*nu^3 - 29913*nu^2 + 72305*nu + 140321)*x[3]^2 + 1/17410312*(1276575*nu^3 - 1246273*nu^2 + 160300*nu + 856234)*x[4]^4 + 1/4*(nu^2 + 1)*x[4]^2 + 1/11640*(35195*nu^3 + 58739*nu^2 + 35635*nu + 3807),
x[2]*x[3]^6 + nu^2*x[2]*x[3]^4 + nu^2*x[2]*x[3]^2 + 1/4352578*(1116275*nu^3 - 2102507*nu^2 + 1436875*nu - 390039)*x[2]*x[4]^2 - x[2] + 1/37889870492168*(-3738150272389*nu^3 + 3456430530350*nu^2 - 1229329672773*nu - 1786538713300)*x[3]^10*x[4]^4 + 1/8705156*(2102507*nu^3 - 1436875*nu^2 + 390039*nu + 1116275)*x[3]^10*x[4]^2 - 1/4*nu^3*x[3]^10 + 1/37889870492168*(1229329672773*nu^3 + 1786538713300*nu^2 - 3738150272389*nu + 3456430530350)*x[3]^8*x[4]^4 + 1/8705156*(-2102507*nu^3 + 1436875*nu^2 - 390039*nu - 1116275)*x[3]^8*x[4]^2 + 1/4*(2*nu^3 + nu)*x[3]^8 + 1/18944935246084*(2483739972581*nu^3 - 834945908525*nu^2 - 1254410299808*nu + 2621484621825)*x[3]^6*x[4]^4 + 1/4352578*(-856234*nu^3 + 1276575*nu^2 - 1246273*nu + 160300)*x[3]^6*x[4]^2 + 1/4*(3*nu^3 - nu)*x[3]^6 + 1/18944935246084*(1254410299808*nu^3 - 2621484621825*nu^2 + 2483739972581*nu - 834945908525)*x[3]^4*x[4]^4 + 1/4352578*(390039*nu^3 + 1116275*nu^2 - 2102507*nu + 1436875)*x[3]^4*x[4]^2 + 1/4*(3*nu^3 - 7*nu)*x[3]^4 + 1/37889870492168*(-1229329672773*nu^3 - 1786538713300*nu^2 + 3738150272389*nu - 3456430530350)*x[3]^2*x[4]^4 + 1/8705156*(4595053*nu^3 - 1757475*nu^2 - 1322429*nu + 3669425)*x[3]^2*x[4]^2 + 1/4*(-6*nu^3 - 3*nu)*x[3]^2 + 1/37889870492168*(-3738150272389*nu^3 + 3456430530350*nu^2 - 1229329672773*nu - 1786538713300)*x[4]^4 + 1/8705156*(2102507*nu^3 - 1436875*nu^2 + 390039*nu + 1116275)*x[4]^2 + 1/4*(-nu^3 + 2*nu),
x[2]*x[3]^2*x[4]^2 + 1/17410312*(2102507*nu^3 - 1436875*nu^2 + 390039*nu + 1116275)*x[3]^10*x[4]^4 - 1/2*nu^3*x[3]^10*x[4]^2 + 1/5820*(8974*nu^3 + 2135*nu^2 - 4623*nu - 8320)*x[3]^10 + 1/17410312*(-390039*nu^3 - 1116275*nu^2 + 2102507*nu - 1436875)*x[3]^8*x[4]^4 + 1/2*nu*x[3]^8*x[4]^2 + 1/1940*(-4623*nu^3 - 8320*nu^2 - 8974*nu - 2135)*x[3]^8 + 1/8705156*(-1246273*nu^3 + 160300*nu^2 + 856234*nu - 1276575)*x[3]^6*x[4]^4 + 1/5820*(-49493*nu^3 - 18995*nu^2 + 14141*nu + 39465)*x[3]^6 + 1/8705156*(-856234*nu^3 + 1276575*nu^2 - 1246273*nu + 160300)*x[3]^4*x[4]^4 + 1/2*(-nu^3 + nu)*x[3]^4*x[4]^2 + 1/5820*(14141*nu^3 + 39465*nu^2 + 49493*nu + 18995)*x[3]^4 + 1/17410312*(390039*nu^3 + 1116275*nu^2 - 2102507*nu + 1436875)*x[3]^2*x[4]^4 - 1/2*nu^3*x[3]^2*x[4]^2 + 1/5820*(40519*nu^3 + 16860*nu^2 - 9518*nu - 31145)*x[3]^2 + 1/17410312*(2102507*nu^3 - 1436875*nu^2 + 390039*nu + 1116275)*x[4]^4 - 1/2*nu^3*x[4]^2 + 1/5820*(-272*nu^3 - 14505*nu^2 - 22571*nu - 12590),
x[2]*x[4]^4 + 1/1455*(-8320*nu^3 - 8974*nu^2 - 2135*nu + 4623)*x[2]*x[4]^2 + 1/17410312*(-390039*nu^3 - 1116275*nu^2 + 2102507*nu - 1436875)*x[3]^10*x[4]^6 + 1/4*(nu^3 - 4*nu)*x[3]^10*x[4]^4 + 1/5820*(5167*nu^3 + 37330*nu^2 + 54116*nu + 27315)*x[3]^10*x[4]^2 + 1/8468100*(-200588611*nu^3 - 376742880*nu^2 - 337011673*nu - 91852090)*x[3]^10 + 1/17410312*(-2102507*nu^3 + 1436875*nu^2 - 390039*nu - 1116275)*x[3]^8*x[4]^6 + 1/4*(2*nu^3 + 3*nu)*x[3]^8*x[4]^4 + 1/5820*(17676*nu^3 - 10235*nu^2 - 31817*nu - 29230)*x[3]^8*x[4]^2 + 1/8468100*(-526385567*nu^3 - 14636610*nu^2 + 495864169*nu + 714878020)*x[3]^8 + 1/8705156*(-856234*nu^3 + 1276575*nu^2 - 1246273*nu + 160300)*x[3]^6*x[4]^6 + 1/4*(-nu^3 + 5*nu)*x[3]^6*x[4]^4 + 1/1164*(-6309*nu^3 - 2945*nu^2 + 979*nu + 4565)*x[3]^6*x[4]^2 + 1/846810*(34822639*nu^3 + 54581045*nu^2 + 43169862*nu + 5324435)*x[3]^6 + 1/8705156*(1246273*nu^3 - 160300*nu^2 - 856234*nu + 1276575)*x[3]^4*x[4]^6 + 1/4*(-7*nu^3 + nu)*x[3]^4*x[4]^4 + 1/5820*(-76687*nu^3 - 39905*nu^2 + 5439*nu + 51835)*x[3]^4*x[4]^2 + 1/846810*(43169862*nu^3 + 5324435*nu^2 - 34822639*nu - 54581045)*x[3]^4 + 1/17410312*(2102507*nu^3 - 1436875*nu^2 + 390039*nu + 1116275)*x[3]^2*x[4]^6 + 1/4*(-4*nu^3 - 5*nu)*x[3]^2*x[4]^4 + 1/5820*(-25834*nu^3 + 51615*nu^2 + 104153*nu + 75320)*x[3]^2*x[4]^2 + 1/8468100*(-147637779*nu^3 - 169067570*nu^2 - 94686947*nu + 38607740)*x[3]^2 + 1/17410312*(-390039*nu^3 - 1116275*nu^2 + 2102507*nu - 1436875)*x[4]^6 + 1/4*(nu^3 - 4*nu)*x[4]^4 + 1/5820*(40519*nu^3 + 16860*nu^2 - 9518*nu - 31145)*x[4]^2 + 1/8468100*(94686947*nu^3 - 38607740*nu^2 - 147637779*nu - 169067570),
x[3]^12*x[4]^4 + 1/1455*(4270*nu^3 - 9246*nu^2 - 16640*nu - 17948)*x[3]^12*x[4]^2 + 1/2117025*(38607740*nu^3 + 147637779*nu^2 + 169067570*nu + 94686947)*x[3]^12 - 2*nu^2*x[3]^10*x[4]^4 + 1/2117025*(338135140*nu^3 + 189373894*nu^2 - 77215480*nu - 295275558)*x[3]^10 + (-nu^2 - 2)*x[3]^8*x[4]^4 + 1/1455*(4270*nu^3 - 9246*nu^2 - 16640*nu - 17948)*x[3]^8*x[4]^2 + 1/2117025*(91852090*nu^3 - 200588611*nu^2 - 376742880*nu - 337011673)*x[3]^8 + (2*nu^2 - 2)*x[3]^6*x[4]^4 + 1/2117025*(-415350620*nu^3 - 484649452*nu^2 - 260919660*nu + 105901664)*x[3]^6 + (2*nu^2 + 1)*x[3]^4*x[4]^4 + 1/1455*(4270*nu^3 - 9246*nu^2 - 16640*nu - 17948)*x[3]^4*x[4]^2 + 1/423405*(-59905480*nu^3 - 8347223*nu^2 + 49256610*nu + 77992501)*x[3]^4 + 2*x[3]^2*x[4]^4 + 1/2117025*(77215480*nu^3 + 295275558*nu^2 + 338135140*nu + 189373894)*x[3]^2 - nu^2*x[4]^4 + 1/1455*(4270*nu^3 - 9246*nu^2 - 16640*nu - 17948)*x[4]^2 + 1/2117025*(169067570*nu^3 + 94686947*nu^2 - 38607740*nu - 147637779)
] >;
X<[x]> := Curve(AffineSpace(P), I);

/* Belyi map */
K<nu> := NumberField(Polynomial([RationalField() | 1, 0, 0, 0, 1]));
P<[x]> := PolynomialRing(K, 4);
I<[x]> := ideal< P | [
x[1] - x[3]^2,
x[2]^2*x[3]^4 + nu^2*x[2]^2 - x[3]^4 + nu^2,
x[2]^2*x[4]^2 + 1/2910*(-13597*nu^3 - 10455*nu^2 - 4351*nu + 6185)*x[2]*x[3]^4 + 1/1455*(4623*nu^3 + 8320*nu^2 + 8974*nu + 2135)*x[2]*x[3]^2 + 1/2*(-nu^3 - nu)*x[2]*x[4]^2 + 1/2910*(4351*nu^3 - 6185*nu^2 - 13597*nu - 10455)*x[2] + 1/17410312*(1276575*nu^3 - 1246273*nu^2 + 160300*nu + 856234)*x[3]^10*x[4]^4 + 1/4*(nu^2 - 1)*x[3]^10*x[4]^2 + 1/11640*(-10455*nu^3 - 4351*nu^2 + 6185*nu + 13597)*x[3]^10 + 1/17410312*(-160300*nu^3 - 856234*nu^2 + 1276575*nu - 1246273)*x[3]^8*x[4]^4 + 1/4*(-nu^2 - 1)*x[3]^8*x[4]^2 + 1/3880*(6185*nu^3 + 13597*nu^2 + 10455*nu + 4351)*x[3]^8 + 1/17410312*(-1436875*nu^3 + 390039*nu^2 + 1116275*nu - 2102507)*x[3]^6*x[4]^4 - 1/2*nu^2*x[3]^6*x[4]^2 + 1/5820*(45870*nu^3 + 35624*nu^2 - 5965*nu - 41063)*x[3]^6 + 1/17410312*(-1116275*nu^3 + 2102507*nu^2 - 1436875*nu + 390039)*x[3]^4*x[4]^4 + 1/2*(nu^2 - 1)*x[3]^4*x[4]^2 + 1/5820*(-18335*nu^3 - 68257*nu^2 - 66780*nu - 44326)*x[3]^4 + 1/17410312*(160300*nu^3 + 856234*nu^2 - 1276575*nu + 1246273)*x[3]^2*x[4]^4 + 1/4*(nu^2 - 3)*x[3]^2*x[4]^2 + 1/11640*(-98365*nu^3 - 29913*nu^2 + 72305*nu + 140321)*x[3]^2 + 1/17410312*(1276575*nu^3 - 1246273*nu^2 + 160300*nu + 856234)*x[4]^4 + 1/4*(nu^2 + 1)*x[4]^2 + 1/11640*(35195*nu^3 + 58739*nu^2 + 35635*nu + 3807),
x[2]*x[3]^6 + nu^2*x[2]*x[3]^4 + nu^2*x[2]*x[3]^2 + 1/4352578*(1116275*nu^3 - 2102507*nu^2 + 1436875*nu - 390039)*x[2]*x[4]^2 - x[2] + 1/37889870492168*(-3738150272389*nu^3 + 3456430530350*nu^2 - 1229329672773*nu - 1786538713300)*x[3]^10*x[4]^4 + 1/8705156*(2102507*nu^3 - 1436875*nu^2 + 390039*nu + 1116275)*x[3]^10*x[4]^2 - 1/4*nu^3*x[3]^10 + 1/37889870492168*(1229329672773*nu^3 + 1786538713300*nu^2 - 3738150272389*nu + 3456430530350)*x[3]^8*x[4]^4 + 1/8705156*(-2102507*nu^3 + 1436875*nu^2 - 390039*nu - 1116275)*x[3]^8*x[4]^2 + 1/4*(2*nu^3 + nu)*x[3]^8 + 1/18944935246084*(2483739972581*nu^3 - 834945908525*nu^2 - 1254410299808*nu + 2621484621825)*x[3]^6*x[4]^4 + 1/4352578*(-856234*nu^3 + 1276575*nu^2 - 1246273*nu + 160300)*x[3]^6*x[4]^2 + 1/4*(3*nu^3 - nu)*x[3]^6 + 1/18944935246084*(1254410299808*nu^3 - 2621484621825*nu^2 + 2483739972581*nu - 834945908525)*x[3]^4*x[4]^4 + 1/4352578*(390039*nu^3 + 1116275*nu^2 - 2102507*nu + 1436875)*x[3]^4*x[4]^2 + 1/4*(3*nu^3 - 7*nu)*x[3]^4 + 1/37889870492168*(-1229329672773*nu^3 - 1786538713300*nu^2 + 3738150272389*nu - 3456430530350)*x[3]^2*x[4]^4 + 1/8705156*(4595053*nu^3 - 1757475*nu^2 - 1322429*nu + 3669425)*x[3]^2*x[4]^2 + 1/4*(-6*nu^3 - 3*nu)*x[3]^2 + 1/37889870492168*(-3738150272389*nu^3 + 3456430530350*nu^2 - 1229329672773*nu - 1786538713300)*x[4]^4 + 1/8705156*(2102507*nu^3 - 1436875*nu^2 + 390039*nu + 1116275)*x[4]^2 + 1/4*(-nu^3 + 2*nu),
x[2]*x[3]^2*x[4]^2 + 1/17410312*(2102507*nu^3 - 1436875*nu^2 + 390039*nu + 1116275)*x[3]^10*x[4]^4 - 1/2*nu^3*x[3]^10*x[4]^2 + 1/5820*(8974*nu^3 + 2135*nu^2 - 4623*nu - 8320)*x[3]^10 + 1/17410312*(-390039*nu^3 - 1116275*nu^2 + 2102507*nu - 1436875)*x[3]^8*x[4]^4 + 1/2*nu*x[3]^8*x[4]^2 + 1/1940*(-4623*nu^3 - 8320*nu^2 - 8974*nu - 2135)*x[3]^8 + 1/8705156*(-1246273*nu^3 + 160300*nu^2 + 856234*nu - 1276575)*x[3]^6*x[4]^4 + 1/5820*(-49493*nu^3 - 18995*nu^2 + 14141*nu + 39465)*x[3]^6 + 1/8705156*(-856234*nu^3 + 1276575*nu^2 - 1246273*nu + 160300)*x[3]^4*x[4]^4 + 1/2*(-nu^3 + nu)*x[3]^4*x[4]^2 + 1/5820*(14141*nu^3 + 39465*nu^2 + 49493*nu + 18995)*x[3]^4 + 1/17410312*(390039*nu^3 + 1116275*nu^2 - 2102507*nu + 1436875)*x[3]^2*x[4]^4 - 1/2*nu^3*x[3]^2*x[4]^2 + 1/5820*(40519*nu^3 + 16860*nu^2 - 9518*nu - 31145)*x[3]^2 + 1/17410312*(2102507*nu^3 - 1436875*nu^2 + 390039*nu + 1116275)*x[4]^4 - 1/2*nu^3*x[4]^2 + 1/5820*(-272*nu^3 - 14505*nu^2 - 22571*nu - 12590),
x[2]*x[4]^4 + 1/1455*(-8320*nu^3 - 8974*nu^2 - 2135*nu + 4623)*x[2]*x[4]^2 + 1/17410312*(-390039*nu^3 - 1116275*nu^2 + 2102507*nu - 1436875)*x[3]^10*x[4]^6 + 1/4*(nu^3 - 4*nu)*x[3]^10*x[4]^4 + 1/5820*(5167*nu^3 + 37330*nu^2 + 54116*nu + 27315)*x[3]^10*x[4]^2 + 1/8468100*(-200588611*nu^3 - 376742880*nu^2 - 337011673*nu - 91852090)*x[3]^10 + 1/17410312*(-2102507*nu^3 + 1436875*nu^2 - 390039*nu - 1116275)*x[3]^8*x[4]^6 + 1/4*(2*nu^3 + 3*nu)*x[3]^8*x[4]^4 + 1/5820*(17676*nu^3 - 10235*nu^2 - 31817*nu - 29230)*x[3]^8*x[4]^2 + 1/8468100*(-526385567*nu^3 - 14636610*nu^2 + 495864169*nu + 714878020)*x[3]^8 + 1/8705156*(-856234*nu^3 + 1276575*nu^2 - 1246273*nu + 160300)*x[3]^6*x[4]^6 + 1/4*(-nu^3 + 5*nu)*x[3]^6*x[4]^4 + 1/1164*(-6309*nu^3 - 2945*nu^2 + 979*nu + 4565)*x[3]^6*x[4]^2 + 1/846810*(34822639*nu^3 + 54581045*nu^2 + 43169862*nu + 5324435)*x[3]^6 + 1/8705156*(1246273*nu^3 - 160300*nu^2 - 856234*nu + 1276575)*x[3]^4*x[4]^6 + 1/4*(-7*nu^3 + nu)*x[3]^4*x[4]^4 + 1/5820*(-76687*nu^3 - 39905*nu^2 + 5439*nu + 51835)*x[3]^4*x[4]^2 + 1/846810*(43169862*nu^3 + 5324435*nu^2 - 34822639*nu - 54581045)*x[3]^4 + 1/17410312*(2102507*nu^3 - 1436875*nu^2 + 390039*nu + 1116275)*x[3]^2*x[4]^6 + 1/4*(-4*nu^3 - 5*nu)*x[3]^2*x[4]^4 + 1/5820*(-25834*nu^3 + 51615*nu^2 + 104153*nu + 75320)*x[3]^2*x[4]^2 + 1/8468100*(-147637779*nu^3 - 169067570*nu^2 - 94686947*nu + 38607740)*x[3]^2 + 1/17410312*(-390039*nu^3 - 1116275*nu^2 + 2102507*nu - 1436875)*x[4]^6 + 1/4*(nu^3 - 4*nu)*x[4]^4 + 1/5820*(40519*nu^3 + 16860*nu^2 - 9518*nu - 31145)*x[4]^2 + 1/8468100*(94686947*nu^3 - 38607740*nu^2 - 147637779*nu - 169067570),
x[3]^12*x[4]^4 + 1/1455*(4270*nu^3 - 9246*nu^2 - 16640*nu - 17948)*x[3]^12*x[4]^2 + 1/2117025*(38607740*nu^3 + 147637779*nu^2 + 169067570*nu + 94686947)*x[3]^12 - 2*nu^2*x[3]^10*x[4]^4 + 1/2117025*(338135140*nu^3 + 189373894*nu^2 - 77215480*nu - 295275558)*x[3]^10 + (-nu^2 - 2)*x[3]^8*x[4]^4 + 1/1455*(4270*nu^3 - 9246*nu^2 - 16640*nu - 17948)*x[3]^8*x[4]^2 + 1/2117025*(91852090*nu^3 - 200588611*nu^2 - 376742880*nu - 337011673)*x[3]^8 + (2*nu^2 - 2)*x[3]^6*x[4]^4 + 1/2117025*(-415350620*nu^3 - 484649452*nu^2 - 260919660*nu + 105901664)*x[3]^6 + (2*nu^2 + 1)*x[3]^4*x[4]^4 + 1/1455*(4270*nu^3 - 9246*nu^2 - 16640*nu - 17948)*x[3]^4*x[4]^2 + 1/423405*(-59905480*nu^3 - 8347223*nu^2 + 49256610*nu + 77992501)*x[3]^4 + 2*x[3]^2*x[4]^4 + 1/2117025*(77215480*nu^3 + 295275558*nu^2 + 338135140*nu + 189373894)*x[3]^2 - nu^2*x[4]^4 + 1/1455*(4270*nu^3 - 9246*nu^2 - 16640*nu - 17948)*x[4]^2 + 1/2117025*(169067570*nu^3 + 94686947*nu^2 - 38607740*nu - 147637779)
] >;
X<[x]> := Curve(AffineSpace(P), I);
KX<[x]> := FunctionField(X);
phi := KX!(-4*x[3]^8/(x[3]^16 - 2*x[3]^8 + 1));
/* assign to object */
s`SolvableDBBelyiCurve := X;
s`SolvableDBBelyiMap := phi;

/*
Magma printing
*/

s`SolvableDBName := "64S13-8,8,4-g17-path12";
s`SolvableDBFilename := "64S13-8,8,4-g17-path12.m";
s`SolvableDBPassportName := "64S13-8,8,4-g17";
s`SolvableDBPathNumber := 12;
s`SolvableDBDegree := 64;
s`SolvableDBOrders := \[ 8, 8, 4 ];
s`SolvableDBType := "Hyperbolic";
s`SolvableDBGenus := 17;
s`SolvableDBGaloisOrbitSize := 1;
s`SolvableDBPassportSize := 2;
s`SolvableDBPointedPassportSize := 2;
s`SolvableDBLevel := 6;
s`SolvableDBBlocks := {@ PowerSet(IntegerRing()) |
{ IntegerRing() | 1, 5 },
{ IntegerRing() | 2, 12 },
{ IntegerRing() | 3, 16 },
{ IntegerRing() | 4, 8 },
{ IntegerRing() | 6, 20 },
{ IntegerRing() | 7, 11 },
{ IntegerRing() | 9, 33 },
{ IntegerRing() | 10, 27 },
{ IntegerRing() | 13, 17 },
{ IntegerRing() | 14, 28 },
{ IntegerRing() | 15, 18 },
{ IntegerRing() | 19, 29 },
{ IntegerRing() | 21, 30 },
{ IntegerRing() | 22, 26 },
{ IntegerRing() | 23, 25 },
{ IntegerRing() | 24, 41 },
{ IntegerRing() | 31, 49 },
{ IntegerRing() | 32, 38 },
{ IntegerRing() | 34, 36 },
{ IntegerRing() | 35, 37 },
{ IntegerRing() | 39, 45 },
{ IntegerRing() | 40, 42 },
{ IntegerRing() | 43, 46 },
{ IntegerRing() | 44, 56 },
{ IntegerRing() | 47, 62 },
{ IntegerRing() | 48, 54 },
{ IntegerRing() | 50, 52 },
{ IntegerRing() | 51, 53 },
{ IntegerRing() | 55, 61 },
{ IntegerRing() | 57, 58 },
{ IntegerRing() | 59, 60 },
{ IntegerRing() | 63, 64 }
@};
s`SolvableDBBelyiMapTiming := 15.4900000000000p15;
s`SolvableDBLocalSanityCheckTiming := 9.23000000000000p15;
s`SolvableDBLocalSanityCheckPrime := 101;
s`SolvableDBIsLowGenusOrHyperelliptic := false;
s`SolvableDBIsRamifiedAtEveryLevel := true;
s`SolvableDBGaloisOrbit := [ PowerSequence(PermutationGroup<64 |  
\[ 2, 3, 4, 5, 6, 7, 8, 9, 10, 11, 12, 13, 14, 15, 16, 17, 18, 19, 20, 21, 22, 23, 24, 25, 26, 27, 28, 29, 30, 31, 32, 33, 34, 35, 36, 37, 38, 39, 40, 41, 42, 43, 44, 45, 46, 47, 48, 49, 50, 51, 52, 53, 54, 55, 56, 57, 58, 59, 60, 61, 62, 63, 64, 1 ],
\[ 2, 1, 3, 4, 5, 6, 7, 8, 9, 10, 11, 12, 13, 14, 15, 16, 17, 18, 19, 20, 21, 22, 23, 24, 25, 26, 27, 28, 29, 30, 31, 32, 33, 34, 35, 36, 37, 38, 39, 40, 41, 42, 43, 44, 45, 46, 47, 48, 49, 50, 51, 52, 53, 54, 55, 56, 57, 58, 59, 60, 61, 62, 63, 64 ]:
 Order := 126886932185884164103433389335161480802865516174545192198801894375214704230400000000000000 >) |
[ PermutationGroup<64 |  
\[ 2, 3, 4, 5, 6, 7, 8, 9, 10, 11, 12, 13, 14, 15, 16, 17, 18, 19, 20, 21, 22, 23, 24, 25, 26, 27, 28, 29, 30, 31, 32, 33, 34, 35, 36, 37, 38, 39, 40, 41, 42, 43, 44, 45, 46, 47, 48, 49, 50, 51, 52, 53, 54, 55, 56, 57, 58, 59, 60, 61, 62, 63, 64, 1 ],
\[ 2, 1, 3, 4, 5, 6, 7, 8, 9, 10, 11, 12, 13, 14, 15, 16, 17, 18, 19, 20, 21, 22, 23, 24, 25, 26, 27, 28, 29, 30, 31, 32, 33, 34, 35, 36, 37, 38, 39, 40, 41, 42, 43, 44, 45, 46, 47, 48, 49, 50, 51, 52, 53, 54, 55, 56, 57, 58, 59, 60, 61, 62, 63, 64 ]:
 Order := 126886932185884164103433389335161480802865516174545192198801894375214704230400000000000000 > |
[ 12, 33, 8, 29, 2, 5, 22, 19, 49, 7, 26, 9, 3, 18, 35, 4, 16, 37, 45, 1, 14, 25, 46, 20, 43, 23, 11, 15, 39, 28, 62, 13, 31, 10, 51, 27, 53, 17, 61, 21, 6, 30, 60, 41, 55, 59, 56, 34, 47, 32, 63, 38, 64, 36, 50, 24, 40, 42, 54, 48, 52, 44, 58, 57 ],
[ 3, 10, 14, 20, 16, 22, 1, 6, 32, 18, 5, 27, 2, 11, 13, 28, 12, 17, 40, 26, 4, 21, 41, 19, 24, 30, 15, 7, 42, 8, 48, 37, 38, 9, 34, 33, 36, 35, 56, 23, 29, 25, 57, 43, 44, 58, 55, 53, 54, 31, 50, 49, 52, 51, 64, 46, 39, 45, 62, 47, 63, 61, 60, 59 ],
[ 4, 11, 15, 5, 8, 23, 2, 1, 17, 35, 12, 7, 9, 22, 16, 18, 33, 3, 30, 25, 19, 28, 20, 39, 6, 14, 37, 26, 21, 29, 36, 51, 13, 31, 27, 49, 10, 53, 41, 43, 45, 46, 42, 59, 24, 40, 52, 63, 34, 47, 38, 62, 32, 64, 58, 60, 55, 61, 56, 44, 57, 50, 54, 48 ]
]
];
s`SolvableDBPassport := [ PowerSequence(PermutationGroup<64 |  
\[ 12, 33, 8, 29, 2, 5, 22, 19, 49, 7, 26, 9, 3, 18, 35, 4, 16, 37, 45, 1, 14, 25, 46, 20, 43, 23, 11, 15, 39, 28, 62, 13, 31, 10, 51, 27, 53, 17, 61, 21, 6, 30, 60, 41, 55, 59, 56, 34, 47, 32, 63, 38, 64, 36, 50, 24, 40, 42, 54, 48, 52, 44, 58, 57 ],
\[ 3, 10, 14, 20, 16, 22, 1, 6, 32, 18, 5, 27, 2, 11, 13, 28, 12, 17, 40, 26, 4, 21, 41, 19, 24, 30, 15, 7, 42, 8, 48, 37, 38, 9, 34, 33, 36, 35, 56, 23, 29, 25, 57, 43, 44, 58, 55, 53, 54, 31, 50, 49, 52, 51, 64, 46, 39, 45, 62, 47, 63, 61, 60, 59 ],
\[ 4, 11, 15, 5, 8, 23, 2, 1, 17, 35, 12, 7, 9, 22, 16, 18, 33, 3, 30, 25, 19, 28, 20, 39, 6, 14, 37, 26, 21, 29, 36, 51, 13, 31, 27, 49, 10, 53, 41, 43, 45, 46, 42, 59, 24, 40, 52, 63, 34, 47, 38, 62, 32, 64, 58, 60, 55, 61, 56, 44, 57, 50, 54, 48 ]:
 Order := 64 >) |
[ PermutationGroup<64 |  
\[ 12, 33, 8, 29, 2, 5, 22, 19, 49, 7, 26, 9, 3, 18, 35, 4, 16, 37, 45, 1, 14, 25, 46, 20, 43, 23, 11, 15, 39, 28, 62, 13, 31, 10, 51, 27, 53, 17, 61, 21, 6, 30, 60, 41, 55, 59, 56, 34, 47, 32, 63, 38, 64, 36, 50, 24, 40, 42, 54, 48, 52, 44, 58, 57 ],
\[ 3, 10, 14, 20, 16, 22, 1, 6, 32, 18, 5, 27, 2, 11, 13, 28, 12, 17, 40, 26, 4, 21, 41, 19, 24, 30, 15, 7, 42, 8, 48, 37, 38, 9, 34, 33, 36, 35, 56, 23, 29, 25, 57, 43, 44, 58, 55, 53, 54, 31, 50, 49, 52, 51, 64, 46, 39, 45, 62, 47, 63, 61, 60, 59 ],
\[ 4, 11, 15, 5, 8, 23, 2, 1, 17, 35, 12, 7, 9, 22, 16, 18, 33, 3, 30, 25, 19, 28, 20, 39, 6, 14, 37, 26, 21, 29, 36, 51, 13, 31, 27, 49, 10, 53, 41, 43, 45, 46, 42, 59, 24, 40, 52, 63, 34, 47, 38, 62, 32, 64, 58, 60, 55, 61, 56, 44, 57, 50, 54, 48 ]:
 Order := 64 > |
[ 12, 33, 8, 29, 2, 5, 22, 19, 49, 7, 26, 9, 3, 18, 35, 4, 16, 37, 45, 1, 14, 25, 46, 20, 43, 23, 11, 15, 39, 28, 62, 13, 31, 10, 51, 27, 53, 17, 61, 21, 6, 30, 60, 41, 55, 59, 56, 34, 47, 32, 63, 38, 64, 36, 50, 24, 40, 42, 54, 48, 52, 44, 58, 57 ],
[ 3, 10, 14, 20, 16, 22, 1, 6, 32, 18, 5, 27, 2, 11, 13, 28, 12, 17, 40, 26, 4, 21, 41, 19, 24, 30, 15, 7, 42, 8, 48, 37, 38, 9, 34, 33, 36, 35, 56, 23, 29, 25, 57, 43, 44, 58, 55, 53, 54, 31, 50, 49, 52, 51, 64, 46, 39, 45, 62, 47, 63, 61, 60, 59 ],
[ 4, 11, 15, 5, 8, 23, 2, 1, 17, 35, 12, 7, 9, 22, 16, 18, 33, 3, 30, 25, 19, 28, 20, 39, 6, 14, 37, 26, 21, 29, 36, 51, 13, 31, 27, 49, 10, 53, 41, 43, 45, 46, 42, 59, 24, 40, 52, 63, 34, 47, 38, 62, 32, 64, 58, 60, 55, 61, 56, 44, 57, 50, 54, 48 ]
],
[ PermutationGroup<64 |  
\[ 12, 33, 8, 29, 2, 5, 22, 19, 49, 7, 26, 9, 3, 18, 35, 4, 16, 37, 45, 1, 14, 25, 46, 20, 43, 23, 11, 15, 39, 28, 62, 13, 31, 10, 51, 27, 53, 17, 61, 21, 6, 30, 60, 41, 55, 59, 56, 34, 47, 32, 63, 38, 64, 36, 50, 24, 40, 42, 54, 48, 52, 44, 58, 57 ],
\[ 3, 10, 14, 20, 16, 22, 1, 6, 32, 18, 5, 27, 2, 11, 13, 28, 12, 17, 40, 26, 4, 21, 41, 19, 24, 30, 15, 7, 42, 8, 48, 37, 38, 9, 34, 33, 36, 35, 56, 23, 29, 25, 57, 43, 44, 58, 55, 53, 54, 31, 50, 49, 52, 51, 64, 46, 39, 45, 62, 47, 63, 61, 60, 59 ],
\[ 4, 11, 15, 5, 8, 23, 2, 1, 17, 35, 12, 7, 9, 22, 16, 18, 33, 3, 30, 25, 19, 28, 20, 39, 6, 14, 37, 26, 21, 29, 36, 51, 13, 31, 27, 49, 10, 53, 41, 43, 45, 46, 42, 59, 24, 40, 52, 63, 34, 47, 38, 62, 32, 64, 58, 60, 55, 61, 56, 44, 57, 50, 54, 48 ]:
 Order := 64 > |
[ 3, 10, 14, 20, 16, 22, 1, 6, 32, 18, 5, 27, 2, 11, 13, 28, 12, 17, 40, 26, 4, 21, 41, 19, 24, 30, 15, 7, 42, 8, 48, 37, 38, 9, 34, 33, 36, 35, 56, 23, 29, 25, 57, 43, 44, 58, 55, 53, 54, 31, 50, 49, 52, 51, 64, 46, 39, 45, 62, 47, 63, 61, 60, 59 ],
[ 12, 33, 8, 29, 2, 5, 22, 19, 49, 7, 26, 9, 3, 18, 35, 4, 16, 37, 45, 1, 14, 25, 46, 20, 43, 23, 11, 15, 39, 28, 62, 13, 31, 10, 51, 27, 53, 17, 61, 21, 6, 30, 60, 41, 55, 59, 56, 34, 47, 32, 63, 38, 64, 36, 50, 24, 40, 42, 54, 48, 52, 44, 58, 57 ],
[ 10, 32, 20, 40, 27, 3, 30, 42, 48, 5, 21, 38, 28, 13, 36, 6, 14, 34, 56, 16, 7, 41, 57, 22, 58, 24, 1, 17, 44, 11, 55, 12, 54, 15, 52, 18, 50, 2, 64, 8, 26, 4, 62, 19, 63, 47, 43, 33, 61, 35, 59, 37, 60, 9, 49, 29, 25, 23, 53, 51, 31, 46, 39, 45 ]
]
];
s`SolvableDBPointedPassport := [ PowerSequence(PermutationGroup<64 |  
\[ 2, 3, 4, 5, 6, 7, 8, 9, 10, 11, 12, 13, 14, 15, 16, 17, 18, 19, 20, 21, 22, 23, 24, 25, 26, 27, 28, 29, 30, 31, 32, 33, 34, 35, 36, 37, 38, 39, 40, 41, 42, 43, 44, 45, 46, 47, 48, 49, 50, 51, 52, 53, 54, 55, 56, 57, 58, 59, 60, 61, 62, 63, 64, 1 ],
\[ 2, 1, 3, 4, 5, 6, 7, 8, 9, 10, 11, 12, 13, 14, 15, 16, 17, 18, 19, 20, 21, 22, 23, 24, 25, 26, 27, 28, 29, 30, 31, 32, 33, 34, 35, 36, 37, 38, 39, 40, 41, 42, 43, 44, 45, 46, 47, 48, 49, 50, 51, 52, 53, 54, 55, 56, 57, 58, 59, 60, 61, 62, 63, 64 ]:
 Order := 126886932185884164103433389335161480802865516174545192198801894375214704230400000000000000 >) |
[ PermutationGroup<64 |  
\[ 2, 3, 4, 5, 6, 7, 8, 9, 10, 11, 12, 13, 14, 15, 16, 17, 18, 19, 20, 21, 22, 23, 24, 25, 26, 27, 28, 29, 30, 31, 32, 33, 34, 35, 36, 37, 38, 39, 40, 41, 42, 43, 44, 45, 46, 47, 48, 49, 50, 51, 52, 53, 54, 55, 56, 57, 58, 59, 60, 61, 62, 63, 64, 1 ],
\[ 2, 1, 3, 4, 5, 6, 7, 8, 9, 10, 11, 12, 13, 14, 15, 16, 17, 18, 19, 20, 21, 22, 23, 24, 25, 26, 27, 28, 29, 30, 31, 32, 33, 34, 35, 36, 37, 38, 39, 40, 41, 42, 43, 44, 45, 46, 47, 48, 49, 50, 51, 52, 53, 54, 55, 56, 57, 58, 59, 60, 61, 62, 63, 64 ]:
 Order := 126886932185884164103433389335161480802865516174545192198801894375214704230400000000000000 > |
[ 21, 14, 27, 11, 30, 40, 13, 7, 18, 38, 17, 28, 34, 6, 5, 10, 36, 1, 26, 42, 24, 16, 4, 57, 8, 3, 32, 20, 22, 41, 37, 54, 15, 50, 12, 52, 2, 48, 23, 44, 58, 56, 29, 64, 25, 19, 53, 61, 35, 60, 33, 59, 9, 55, 46, 63, 47, 62, 39, 45, 43, 51, 49, 31 ],
[ 23, 4, 33, 15, 25, 39, 37, 18, 11, 49, 35, 8, 53, 29, 22, 9, 51, 26, 5, 45, 46, 12, 28, 59, 14, 2, 31, 19, 1, 43, 17, 62, 7, 64, 3, 63, 16, 47, 30, 61, 60, 55, 20, 52, 21, 6, 36, 56, 13, 57, 10, 58, 27, 44, 41, 50, 54, 48, 42, 40, 24, 34, 32, 38 ],
[ 8, 7, 18, 1, 4, 25, 12, 5, 13, 37, 2, 11, 33, 26, 3, 15, 9, 16, 21, 23, 29, 14, 6, 45, 20, 28, 35, 22, 30, 19, 34, 53, 17, 49, 10, 31, 27, 51, 24, 46, 39, 43, 40, 60, 41, 42, 50, 64, 36, 62, 32, 47, 38, 63, 57, 59, 61, 55, 44, 56, 58, 52, 48, 54 ]
],
[ PermutationGroup<64 |  
\[ 2, 3, 4, 5, 6, 7, 8, 9, 10, 11, 12, 13, 14, 15, 16, 17, 18, 19, 20, 21, 22, 23, 24, 25, 26, 27, 28, 29, 30, 31, 32, 33, 34, 35, 36, 37, 38, 39, 40, 41, 42, 43, 44, 45, 46, 47, 48, 49, 50, 51, 52, 53, 54, 55, 56, 57, 58, 59, 60, 61, 62, 63, 64, 1 ],
\[ 2, 1, 3, 4, 5, 6, 7, 8, 9, 10, 11, 12, 13, 14, 15, 16, 17, 18, 19, 20, 21, 22, 23, 24, 25, 26, 27, 28, 29, 30, 31, 32, 33, 34, 35, 36, 37, 38, 39, 40, 41, 42, 43, 44, 45, 46, 47, 48, 49, 50, 51, 52, 53, 54, 55, 56, 57, 58, 59, 60, 61, 62, 63, 64 ]:
 Order := 126886932185884164103433389335161480802865516174545192198801894375214704230400000000000000 > |
[ 3, 10, 14, 20, 16, 22, 1, 6, 32, 18, 5, 27, 2, 11, 13, 28, 12, 17, 40, 26, 4, 21, 41, 19, 24, 30, 15, 7, 42, 8, 48, 37, 38, 9, 34, 33, 36, 35, 56, 23, 29, 25, 57, 43, 44, 58, 55, 53, 54, 31, 50, 49, 52, 51, 64, 46, 39, 45, 62, 47, 63, 61, 60, 59 ],
[ 30, 28, 10, 7, 21, 42, 17, 11, 15, 32, 13, 14, 36, 20, 1, 27, 34, 5, 22, 40, 41, 3, 8, 58, 4, 16, 38, 6, 26, 24, 35, 48, 18, 52, 2, 50, 12, 54, 25, 56, 57, 44, 19, 63, 23, 29, 51, 55, 37, 59, 9, 60, 33, 61, 43, 64, 62, 47, 45, 39, 46, 53, 31, 49 ],
[ 4, 11, 15, 5, 8, 23, 2, 1, 17, 35, 12, 7, 9, 22, 16, 18, 33, 3, 30, 25, 19, 28, 20, 39, 6, 14, 37, 26, 21, 29, 36, 51, 13, 31, 27, 49, 10, 53, 41, 43, 45, 46, 42, 59, 24, 40, 52, 63, 34, 47, 38, 62, 32, 64, 58, 60, 55, 61, 56, 44, 57, 50, 54, 48 ]
]
];
s`SolvableDBMonodromyGroup := PermutationGroup<64 |  
\[ 12, 33, 8, 29, 2, 5, 22, 19, 49, 7, 26, 9, 3, 18, 35, 4, 16, 37, 45, 1, 14, 25, 46, 20, 43, 23, 11, 15, 39, 28, 62, 13, 31, 10, 51, 27, 53, 17, 61, 21, 6, 30, 60, 41, 55, 59, 56, 34, 47, 32, 63, 38, 64, 36, 50, 24, 40, 42, 54, 48, 52, 44, 58, 57 ],
\[ 3, 10, 14, 20, 16, 22, 1, 6, 32, 18, 5, 27, 2, 11, 13, 28, 12, 17, 40, 26, 4, 21, 41, 19, 24, 30, 15, 7, 42, 8, 48, 37, 38, 9, 34, 33, 36, 35, 56, 23, 29, 25, 57, 43, 44, 58, 55, 53, 54, 31, 50, 49, 52, 51, 64, 46, 39, 45, 62, 47, 63, 61, 60, 59 ],
\[ 4, 11, 15, 5, 8, 23, 2, 1, 17, 35, 12, 7, 9, 22, 16, 18, 33, 3, 30, 25, 19, 28, 20, 39, 6, 14, 37, 26, 21, 29, 36, 51, 13, 31, 27, 49, 10, 53, 41, 43, 45, 46, 42, 59, 24, 40, 52, 63, 34, 47, 38, 62, 32, 64, 58, 60, 55, 61, 56, 44, 57, 50, 54, 48 ] >;
s`SolvableDBAutomorphismGroup := PermutationGroup<64 |  
\[ 56, 41, 46, 60, 44, 62, 39, 59, 20, 29, 45, 24, 23, 58, 40, 43, 25, 42, 54, 47, 63, 61, 50, 49, 52, 55, 19, 57, 48, 64, 5, 26, 6, 4, 21, 8, 30, 22, 34, 51, 31, 53, 38, 33, 36, 32, 12, 16, 1, 11, 14, 7, 28, 3, 27, 9, 35, 37, 13, 17, 10, 2, 18, 15 ],
\[ 64, 58, 59, 48, 63, 51, 55, 54, 40, 45, 61, 57, 46, 62, 56, 60, 43, 44, 36, 53, 31, 50, 38, 37, 32, 52, 39, 47, 34, 49, 30, 23, 42, 19, 24, 29, 41, 25, 10, 33, 35, 9, 13, 15, 27, 17, 14, 8, 21, 26, 20, 22, 6, 4, 11, 18, 2, 12, 16, 3, 7, 28, 1, 5 ],
\[ 61, 50, 63, 57, 55, 45, 62, 58, 38, 31, 47, 52, 51, 60, 54, 64, 53, 48, 42, 39, 43, 44, 24, 29, 41, 56, 49, 59, 40, 46, 13, 35, 32, 33, 36, 9, 34, 37, 21, 25, 19, 23, 6, 8, 30, 20, 16, 2, 17, 15, 27, 18, 10, 12, 28, 4, 22, 26, 1, 5, 14, 3, 11, 7 ]:
 Order := 64 >;
s`SolvableDBPointedAutomorphismGroup := PermutationGroup<64 |  
\[ 49, 62, 54, 34, 31, 33, 52, 36, 56, 61, 50, 47, 59, 51, 64, 48, 60, 63, 27, 9, 35, 38, 13, 12, 17, 32, 55, 53, 10, 37, 41, 46, 44, 39, 57, 45, 58, 43, 7, 15, 2, 18, 16, 5, 11, 3, 20, 29, 24, 23, 40, 25, 42, 19, 26, 1, 28, 14, 8, 4, 22, 6, 21, 30 ]:
 Order := 8 >;
s`SolvableDBPathToPP1 := [ Strings() | "PP1", "2T1-1,2,2-g0-path1", "4T2-2,2,2-g0-path1", "8T4-4,2,2-g0-path1", "16T10-4,4,2-g1-path5", "32S9-8,4,2-g3-path3", "64S13-8,8,4-g17-path12" ];
s`SolvableDBParents := [ Strings() | "128S96-16,8,4-g37-path2", "128S95-16,8,4-g37-path3", "128S97-16,8,4-g37-path2", "128S95-16,8,4-g37-path4", "128S3-8,8,4-g33-path17", "128S28-8,8,4-g33-path6", "128S3-8,8,4-g33-path18" ];
s`SolvableDBChild := "32S9-8,4,2-g3-path3";

/*
Return for eval
*/

return s;
