s := SolvableDBInitialize();

/*
Magma printing
*/

s`SolvableDBName := "64S1-64,64,32-g31-path5-notcomputed";
s`SolvableDBFilename := "64S1-64,64,32-g31-path5-notcomputed.m";
s`SolvableDBPassportName := "64S1-64,64,32-g31";
s`SolvableDBPathNumber := 5;
s`SolvableDBDegree := 64;
s`SolvableDBOrders := \[ 64, 64, 32 ];
s`SolvableDBType := "Hyperbolic";
s`SolvableDBGenus := 31;
s`SolvableDBGaloisOrbitSize := 2;
s`SolvableDBPassportSize := 16;
s`SolvableDBPointedPassportSize := 16;
s`SolvableDBLevel := 6;
s`SolvableDBBlocks := {@ PowerSet(IntegerRing()) |
{ IntegerRing() | 1, 5 },
{ IntegerRing() | 2, 10 },
{ IntegerRing() | 3, 14 },
{ IntegerRing() | 4, 18 },
{ IntegerRing() | 6, 21 },
{ IntegerRing() | 7, 22 },
{ IntegerRing() | 8, 23 },
{ IntegerRing() | 9, 13 },
{ IntegerRing() | 11, 15 },
{ IntegerRing() | 12, 29 },
{ IntegerRing() | 16, 27 },
{ IntegerRing() | 17, 34 },
{ IntegerRing() | 19, 37 },
{ IntegerRing() | 20, 38 },
{ IntegerRing() | 24, 25 },
{ IntegerRing() | 26, 41 },
{ IntegerRing() | 28, 31 },
{ IntegerRing() | 30, 45 },
{ IntegerRing() | 32, 43 },
{ IntegerRing() | 33, 50 },
{ IntegerRing() | 35, 53 },
{ IntegerRing() | 36, 54 },
{ IntegerRing() | 39, 40 },
{ IntegerRing() | 42, 57 },
{ IntegerRing() | 44, 47 },
{ IntegerRing() | 46, 60 },
{ IntegerRing() | 48, 59 },
{ IntegerRing() | 49, 61 },
{ IntegerRing() | 51, 63 },
{ IntegerRing() | 52, 62 },
{ IntegerRing() | 55, 56 },
{ IntegerRing() | 58, 64 }
@};
s`SolvableDBIsRamifiedAtEveryLevel := true;
s`SolvableDBGaloisOrbit := [ PowerSequence(PermutationGroup<64 |  
\[ 2, 3, 4, 5, 6, 7, 8, 9, 10, 11, 12, 13, 14, 15, 16, 17, 18, 19, 20, 21, 22, 23, 24, 25, 26, 27, 28, 29, 30, 31, 32, 33, 34, 35, 36, 37, 38, 39, 40, 41, 42, 43, 44, 45, 46, 47, 48, 49, 50, 51, 52, 53, 54, 55, 56, 57, 58, 59, 60, 61, 62, 63, 64, 1 ],
\[ 2, 1, 3, 4, 5, 6, 7, 8, 9, 10, 11, 12, 13, 14, 15, 16, 17, 18, 19, 20, 21, 22, 23, 24, 25, 26, 27, 28, 29, 30, 31, 32, 33, 34, 35, 36, 37, 38, 39, 40, 41, 42, 43, 44, 45, 46, 47, 48, 49, 50, 51, 52, 53, 54, 55, 56, 57, 58, 59, 60, 61, 62, 63, 64 ]:
 Order := 126886932185884164103433389335161480802865516174545192198801894375214704230400000000000000 >) |
[ PermutationGroup<64 |  
\[ 2, 3, 4, 5, 6, 7, 8, 9, 10, 11, 12, 13, 14, 15, 16, 17, 18, 19, 20, 21, 22, 23, 24, 25, 26, 27, 28, 29, 30, 31, 32, 33, 34, 35, 36, 37, 38, 39, 40, 41, 42, 43, 44, 45, 46, 47, 48, 49, 50, 51, 52, 53, 54, 55, 56, 57, 58, 59, 60, 61, 62, 63, 64, 1 ],
\[ 2, 1, 3, 4, 5, 6, 7, 8, 9, 10, 11, 12, 13, 14, 15, 16, 17, 18, 19, 20, 21, 22, 23, 24, 25, 26, 27, 28, 29, 30, 31, 32, 33, 34, 35, 36, 37, 38, 39, 40, 41, 42, 43, 44, 45, 46, 47, 48, 49, 50, 51, 52, 53, 54, 55, 56, 57, 58, 59, 60, 61, 62, 63, 64 ]:
 Order := 126886932185884164103433389335161480802865516174545192198801894375214704230400000000000000 > |
[ 2, 9, 8, 7, 10, 1, 11, 12, 27, 13, 14, 28, 16, 23, 3, 26, 20, 22, 4, 25, 5, 15, 29, 6, 21, 30, 41, 43, 31, 44, 32, 42, 36, 38, 17, 40, 18, 24, 19, 37, 45, 46, 57, 59, 47, 49, 48, 58, 52, 54, 33, 56, 34, 39, 35, 53, 60, 51, 64, 61, 62, 55, 50, 63 ],
[ 3, 8, 13, 6, 14, 15, 1, 16, 12, 23, 2, 26, 29, 9, 10, 31, 19, 21, 24, 4, 11, 5, 27, 22, 7, 32, 28, 30, 41, 42, 45, 47, 35, 37, 39, 17, 25, 18, 38, 20, 43, 48, 44, 46, 57, 58, 60, 61, 51, 53, 55, 33, 40, 34, 54, 36, 59, 62, 49, 64, 63, 50, 56, 52 ],
[ 4, 7, 6, 17, 18, 19, 20, 1, 11, 22, 25, 2, 15, 21, 24, 3, 33, 34, 35, 36, 37, 38, 5, 39, 40, 8, 14, 9, 10, 12, 13, 16, 49, 50, 51, 52, 53, 54, 55, 56, 23, 26, 27, 28, 29, 30, 31, 32, 44, 61, 46, 59, 63, 62, 58, 64, 41, 42, 43, 45, 47, 48, 60, 57 ]
],
[ PermutationGroup<64 |  
\[ 2, 3, 4, 5, 6, 7, 8, 9, 10, 11, 12, 13, 14, 15, 16, 17, 18, 19, 20, 21, 22, 23, 24, 25, 26, 27, 28, 29, 30, 31, 32, 33, 34, 35, 36, 37, 38, 39, 40, 41, 42, 43, 44, 45, 46, 47, 48, 49, 50, 51, 52, 53, 54, 55, 56, 57, 58, 59, 60, 61, 62, 63, 64, 1 ],
\[ 2, 1, 3, 4, 5, 6, 7, 8, 9, 10, 11, 12, 13, 14, 15, 16, 17, 18, 19, 20, 21, 22, 23, 24, 25, 26, 27, 28, 29, 30, 31, 32, 33, 34, 35, 36, 37, 38, 39, 40, 41, 42, 43, 44, 45, 46, 47, 48, 49, 50, 51, 52, 53, 54, 55, 56, 57, 58, 59, 60, 61, 62, 63, 64 ]:
 Order := 126886932185884164103433389335161480802865516174545192198801894375214704230400000000000000 > |
[ 2, 9, 8, 7, 10, 1, 11, 12, 27, 13, 14, 28, 16, 23, 3, 26, 20, 22, 4, 25, 5, 15, 29, 6, 21, 30, 41, 43, 31, 44, 32, 42, 36, 38, 17, 40, 18, 24, 19, 37, 45, 46, 57, 59, 47, 49, 48, 58, 52, 54, 33, 56, 34, 39, 35, 53, 60, 51, 64, 61, 62, 55, 50, 63 ],
[ 14, 23, 9, 21, 3, 11, 5, 27, 29, 8, 10, 41, 12, 13, 2, 28, 37, 6, 25, 18, 15, 1, 16, 7, 22, 43, 31, 45, 26, 57, 30, 44, 53, 19, 40, 34, 24, 4, 20, 38, 32, 59, 47, 60, 42, 64, 46, 49, 63, 35, 56, 50, 39, 17, 36, 54, 48, 52, 61, 58, 51, 33, 55, 62 ],
[ 18, 22, 21, 34, 4, 37, 38, 5, 15, 7, 24, 10, 11, 6, 25, 14, 50, 17, 53, 54, 19, 20, 1, 40, 39, 23, 3, 13, 2, 29, 9, 27, 61, 33, 63, 62, 35, 36, 56, 55, 8, 41, 16, 31, 12, 45, 28, 43, 47, 49, 60, 48, 51, 52, 64, 58, 26, 57, 32, 30, 44, 59, 46, 42 ]
]
];
s`SolvableDBPassport := [ PowerSequence(PermutationGroup<64 |  
\[ 2, 9, 8, 7, 10, 1, 11, 12, 27, 13, 14, 28, 16, 23, 3, 26, 20, 22, 4, 25, 5, 15, 29, 6, 21, 30, 41, 43, 31, 44, 32, 42, 36, 38, 17, 40, 18, 24, 19, 37, 45, 46, 57, 59, 47, 49, 48, 58, 52, 54, 33, 56, 34, 39, 35, 53, 60, 51, 64, 61, 62, 55, 50, 63 ],
\[ 14, 23, 9, 21, 3, 11, 5, 27, 29, 8, 10, 41, 12, 13, 2, 28, 37, 6, 25, 18, 15, 1, 16, 7, 22, 43, 31, 45, 26, 57, 30, 44, 53, 19, 40, 34, 24, 4, 20, 38, 32, 59, 47, 60, 42, 64, 46, 49, 63, 35, 56, 50, 39, 17, 36, 54, 48, 52, 61, 58, 51, 33, 55, 62 ],
\[ 18, 22, 21, 34, 4, 37, 38, 5, 15, 7, 24, 10, 11, 6, 25, 14, 50, 17, 53, 54, 19, 20, 1, 40, 39, 23, 3, 13, 2, 29, 9, 27, 61, 33, 63, 62, 35, 36, 56, 55, 8, 41, 16, 31, 12, 45, 28, 43, 47, 49, 60, 48, 51, 52, 64, 58, 26, 57, 32, 30, 44, 59, 46, 42 ]:
 Order := 64 >) |
[ PermutationGroup<64 |  
\[ 2, 9, 8, 7, 10, 1, 11, 12, 27, 13, 14, 28, 16, 23, 3, 26, 20, 22, 4, 25, 5, 15, 29, 6, 21, 30, 41, 43, 31, 44, 32, 42, 36, 38, 17, 40, 18, 24, 19, 37, 45, 46, 57, 59, 47, 49, 48, 58, 52, 54, 33, 56, 34, 39, 35, 53, 60, 51, 64, 61, 62, 55, 50, 63 ],
\[ 14, 23, 9, 21, 3, 11, 5, 27, 29, 8, 10, 41, 12, 13, 2, 28, 37, 6, 25, 18, 15, 1, 16, 7, 22, 43, 31, 45, 26, 57, 30, 44, 53, 19, 40, 34, 24, 4, 20, 38, 32, 59, 47, 60, 42, 64, 46, 49, 63, 35, 56, 50, 39, 17, 36, 54, 48, 52, 61, 58, 51, 33, 55, 62 ],
\[ 18, 22, 21, 34, 4, 37, 38, 5, 15, 7, 24, 10, 11, 6, 25, 14, 50, 17, 53, 54, 19, 20, 1, 40, 39, 23, 3, 13, 2, 29, 9, 27, 61, 33, 63, 62, 35, 36, 56, 55, 8, 41, 16, 31, 12, 45, 28, 43, 47, 49, 60, 48, 51, 52, 64, 58, 26, 57, 32, 30, 44, 59, 46, 42 ]:
 Order := 64 > |
[ 2, 9, 8, 7, 10, 1, 11, 12, 27, 13, 14, 28, 16, 23, 3, 26, 20, 22, 4, 25, 5, 15, 29, 6, 21, 30, 41, 43, 31, 44, 32, 42, 36, 38, 17, 40, 18, 24, 19, 37, 45, 46, 57, 59, 47, 49, 48, 58, 52, 54, 33, 56, 34, 39, 35, 53, 60, 51, 64, 61, 62, 55, 50, 63 ],
[ 2, 9, 8, 7, 10, 1, 11, 12, 27, 13, 14, 28, 16, 23, 3, 26, 20, 22, 4, 25, 5, 15, 29, 6, 21, 30, 41, 43, 31, 44, 32, 42, 36, 38, 17, 40, 18, 24, 19, 37, 45, 46, 57, 59, 47, 49, 48, 58, 52, 54, 33, 56, 34, 39, 35, 53, 60, 51, 64, 61, 62, 55, 50, 63 ],
[ 24, 6, 22, 39, 25, 38, 19, 15, 1, 21, 4, 3, 5, 7, 18, 10, 55, 40, 54, 35, 20, 37, 11, 34, 17, 13, 2, 8, 14, 16, 23, 29, 58, 56, 62, 51, 36, 53, 50, 33, 9, 31, 12, 26, 27, 32, 41, 45, 42, 64, 48, 46, 52, 63, 61, 49, 28, 47, 30, 43, 57, 60, 59, 44 ]
],
[ PermutationGroup<64 |  
\[ 2, 9, 8, 7, 10, 1, 11, 12, 27, 13, 14, 28, 16, 23, 3, 26, 20, 22, 4, 25, 5, 15, 29, 6, 21, 30, 41, 43, 31, 44, 32, 42, 36, 38, 17, 40, 18, 24, 19, 37, 45, 46, 57, 59, 47, 49, 48, 58, 52, 54, 33, 56, 34, 39, 35, 53, 60, 51, 64, 61, 62, 55, 50, 63 ],
\[ 14, 23, 9, 21, 3, 11, 5, 27, 29, 8, 10, 41, 12, 13, 2, 28, 37, 6, 25, 18, 15, 1, 16, 7, 22, 43, 31, 45, 26, 57, 30, 44, 53, 19, 40, 34, 24, 4, 20, 38, 32, 59, 47, 60, 42, 64, 46, 49, 63, 35, 56, 50, 39, 17, 36, 54, 48, 52, 61, 58, 51, 33, 55, 62 ],
\[ 18, 22, 21, 34, 4, 37, 38, 5, 15, 7, 24, 10, 11, 6, 25, 14, 50, 17, 53, 54, 19, 20, 1, 40, 39, 23, 3, 13, 2, 29, 9, 27, 61, 33, 63, 62, 35, 36, 56, 55, 8, 41, 16, 31, 12, 45, 28, 43, 47, 49, 60, 48, 51, 52, 64, 58, 26, 57, 32, 30, 44, 59, 46, 42 ]:
 Order := 64 > |
[ 2, 9, 8, 7, 10, 1, 11, 12, 27, 13, 14, 28, 16, 23, 3, 26, 20, 22, 4, 25, 5, 15, 29, 6, 21, 30, 41, 43, 31, 44, 32, 42, 36, 38, 17, 40, 18, 24, 19, 37, 45, 46, 57, 59, 47, 49, 48, 58, 52, 54, 33, 56, 34, 39, 35, 53, 60, 51, 64, 61, 62, 55, 50, 63 ],
[ 37, 18, 25, 53, 19, 40, 34, 21, 22, 4, 38, 5, 7, 24, 20, 11, 63, 35, 56, 50, 39, 17, 6, 36, 54, 14, 15, 10, 1, 23, 2, 9, 60, 51, 64, 61, 55, 33, 52, 62, 3, 27, 13, 29, 8, 41, 12, 28, 45, 46, 57, 47, 58, 49, 59, 48, 16, 43, 31, 26, 30, 44, 42, 32 ],
[ 23, 29, 27, 5, 8, 14, 10, 41, 31, 12, 13, 45, 28, 16, 9, 43, 18, 1, 21, 22, 3, 2, 26, 11, 15, 57, 32, 47, 30, 60, 44, 59, 34, 4, 37, 38, 6, 7, 25, 24, 42, 64, 48, 61, 46, 63, 49, 52, 50, 17, 53, 54, 19, 20, 40, 39, 58, 56, 62, 51, 33, 36, 35, 55 ]
],
[ PermutationGroup<64 |  
\[ 2, 9, 8, 7, 10, 1, 11, 12, 27, 13, 14, 28, 16, 23, 3, 26, 20, 22, 4, 25, 5, 15, 29, 6, 21, 30, 41, 43, 31, 44, 32, 42, 36, 38, 17, 40, 18, 24, 19, 37, 45, 46, 57, 59, 47, 49, 48, 58, 52, 54, 33, 56, 34, 39, 35, 53, 60, 51, 64, 61, 62, 55, 50, 63 ],
\[ 14, 23, 9, 21, 3, 11, 5, 27, 29, 8, 10, 41, 12, 13, 2, 28, 37, 6, 25, 18, 15, 1, 16, 7, 22, 43, 31, 45, 26, 57, 30, 44, 53, 19, 40, 34, 24, 4, 20, 38, 32, 59, 47, 60, 42, 64, 46, 49, 63, 35, 56, 50, 39, 17, 36, 54, 48, 52, 61, 58, 51, 33, 55, 62 ],
\[ 18, 22, 21, 34, 4, 37, 38, 5, 15, 7, 24, 10, 11, 6, 25, 14, 50, 17, 53, 54, 19, 20, 1, 40, 39, 23, 3, 13, 2, 29, 9, 27, 61, 33, 63, 62, 35, 36, 56, 55, 8, 41, 16, 31, 12, 45, 28, 43, 47, 49, 60, 48, 51, 52, 64, 58, 26, 57, 32, 30, 44, 59, 46, 42 ]:
 Order := 64 > |
[ 2, 9, 8, 7, 10, 1, 11, 12, 27, 13, 14, 28, 16, 23, 3, 26, 20, 22, 4, 25, 5, 15, 29, 6, 21, 30, 41, 43, 31, 44, 32, 42, 36, 38, 17, 40, 18, 24, 19, 37, 45, 46, 57, 59, 47, 49, 48, 58, 52, 54, 33, 56, 34, 39, 35, 53, 60, 51, 64, 61, 62, 55, 50, 63 ],
[ 52, 56, 33, 59, 62, 49, 64, 36, 53, 55, 63, 40, 35, 50, 51, 17, 43, 48, 44, 57, 61, 58, 54, 46, 60, 20, 34, 37, 39, 25, 19, 4, 27, 32, 28, 41, 47, 42, 30, 45, 38, 7, 18, 21, 24, 11, 6, 1, 14, 16, 9, 23, 31, 26, 12, 29, 22, 2, 5, 15, 3, 8, 13, 10 ],
[ 47, 48, 60, 31, 44, 45, 32, 61, 58, 59, 42, 62, 64, 46, 57, 63, 13, 28, 29, 16, 30, 43, 49, 41, 26, 50, 51, 55, 52, 54, 56, 53, 15, 9, 10, 3, 12, 27, 23, 8, 33, 34, 35, 39, 36, 38, 40, 37, 24, 11, 22, 6, 2, 14, 5, 1, 17, 18, 19, 20, 25, 21, 7, 4 ]
],
[ PermutationGroup<64 |  
\[ 2, 9, 8, 7, 10, 1, 11, 12, 27, 13, 14, 28, 16, 23, 3, 26, 20, 22, 4, 25, 5, 15, 29, 6, 21, 30, 41, 43, 31, 44, 32, 42, 36, 38, 17, 40, 18, 24, 19, 37, 45, 46, 57, 59, 47, 49, 48, 58, 52, 54, 33, 56, 34, 39, 35, 53, 60, 51, 64, 61, 62, 55, 50, 63 ],
\[ 14, 23, 9, 21, 3, 11, 5, 27, 29, 8, 10, 41, 12, 13, 2, 28, 37, 6, 25, 18, 15, 1, 16, 7, 22, 43, 31, 45, 26, 57, 30, 44, 53, 19, 40, 34, 24, 4, 20, 38, 32, 59, 47, 60, 42, 64, 46, 49, 63, 35, 56, 50, 39, 17, 36, 54, 48, 52, 61, 58, 51, 33, 55, 62 ],
\[ 18, 22, 21, 34, 4, 37, 38, 5, 15, 7, 24, 10, 11, 6, 25, 14, 50, 17, 53, 54, 19, 20, 1, 40, 39, 23, 3, 13, 2, 29, 9, 27, 61, 33, 63, 62, 35, 36, 56, 55, 8, 41, 16, 31, 12, 45, 28, 43, 47, 49, 60, 48, 51, 52, 64, 58, 26, 57, 32, 30, 44, 59, 46, 42 ]:
 Order := 64 > |
[ 2, 9, 8, 7, 10, 1, 11, 12, 27, 13, 14, 28, 16, 23, 3, 26, 20, 22, 4, 25, 5, 15, 29, 6, 21, 30, 41, 43, 31, 44, 32, 42, 36, 38, 17, 40, 18, 24, 19, 37, 45, 46, 57, 59, 47, 49, 48, 58, 52, 54, 33, 56, 34, 39, 35, 53, 60, 51, 64, 61, 62, 55, 50, 63 ],
[ 63, 50, 56, 60, 51, 64, 61, 53, 54, 33, 62, 34, 36, 55, 52, 40, 45, 46, 57, 47, 58, 49, 35, 59, 48, 37, 39, 38, 17, 18, 20, 25, 29, 30, 41, 31, 42, 44, 43, 32, 19, 21, 24, 22, 4, 5, 7, 11, 10, 12, 23, 13, 26, 28, 27, 16, 6, 14, 15, 1, 2, 9, 8, 3 ],
[ 57, 60, 59, 41, 42, 43, 45, 64, 61, 46, 47, 63, 49, 48, 44, 52, 23, 26, 27, 29, 32, 30, 58, 28, 31, 56, 62, 50, 51, 53, 33, 36, 5, 8, 14, 10, 16, 12, 9, 13, 55, 40, 54, 34, 35, 37, 17, 20, 18, 1, 21, 22, 3, 2, 11, 15, 39, 25, 38, 19, 4, 7, 6, 24 ]
],
[ PermutationGroup<64 |  
\[ 2, 9, 8, 7, 10, 1, 11, 12, 27, 13, 14, 28, 16, 23, 3, 26, 20, 22, 4, 25, 5, 15, 29, 6, 21, 30, 41, 43, 31, 44, 32, 42, 36, 38, 17, 40, 18, 24, 19, 37, 45, 46, 57, 59, 47, 49, 48, 58, 52, 54, 33, 56, 34, 39, 35, 53, 60, 51, 64, 61, 62, 55, 50, 63 ],
\[ 14, 23, 9, 21, 3, 11, 5, 27, 29, 8, 10, 41, 12, 13, 2, 28, 37, 6, 25, 18, 15, 1, 16, 7, 22, 43, 31, 45, 26, 57, 30, 44, 53, 19, 40, 34, 24, 4, 20, 38, 32, 59, 47, 60, 42, 64, 46, 49, 63, 35, 56, 50, 39, 17, 36, 54, 48, 52, 61, 58, 51, 33, 55, 62 ],
\[ 18, 22, 21, 34, 4, 37, 38, 5, 15, 7, 24, 10, 11, 6, 25, 14, 50, 17, 53, 54, 19, 20, 1, 40, 39, 23, 3, 13, 2, 29, 9, 27, 61, 33, 63, 62, 35, 36, 56, 55, 8, 41, 16, 31, 12, 45, 28, 43, 47, 49, 60, 48, 51, 52, 64, 58, 26, 57, 32, 30, 44, 59, 46, 42 ]:
 Order := 64 > |
[ 2, 9, 8, 7, 10, 1, 11, 12, 27, 13, 14, 28, 16, 23, 3, 26, 20, 22, 4, 25, 5, 15, 29, 6, 21, 30, 41, 43, 31, 44, 32, 42, 36, 38, 17, 40, 18, 24, 19, 37, 45, 46, 57, 59, 47, 49, 48, 58, 52, 54, 33, 56, 34, 39, 35, 53, 60, 51, 64, 61, 62, 55, 50, 63 ],
[ 30, 44, 42, 12, 45, 26, 28, 46, 59, 47, 43, 49, 48, 57, 32, 58, 2, 29, 8, 9, 41, 31, 60, 16, 27, 51, 64, 52, 61, 33, 62, 55, 7, 10, 1, 11, 23, 13, 3, 14, 63, 35, 56, 36, 50, 17, 54, 39, 20, 22, 4, 25, 5, 15, 6, 21, 53, 19, 40, 34, 38, 24, 18, 37 ],
[ 55, 35, 54, 58, 56, 62, 51, 39, 17, 53, 33, 19, 34, 36, 50, 38, 42, 64, 48, 46, 52, 63, 40, 61, 49, 24, 20, 4, 37, 6, 18, 22, 26, 57, 32, 30, 59, 60, 47, 44, 25, 15, 7, 1, 21, 3, 5, 10, 8, 41, 16, 12, 43, 45, 31, 28, 11, 13, 2, 14, 23, 29, 27, 9 ]
],
[ PermutationGroup<64 |  
\[ 2, 9, 8, 7, 10, 1, 11, 12, 27, 13, 14, 28, 16, 23, 3, 26, 20, 22, 4, 25, 5, 15, 29, 6, 21, 30, 41, 43, 31, 44, 32, 42, 36, 38, 17, 40, 18, 24, 19, 37, 45, 46, 57, 59, 47, 49, 48, 58, 52, 54, 33, 56, 34, 39, 35, 53, 60, 51, 64, 61, 62, 55, 50, 63 ],
\[ 14, 23, 9, 21, 3, 11, 5, 27, 29, 8, 10, 41, 12, 13, 2, 28, 37, 6, 25, 18, 15, 1, 16, 7, 22, 43, 31, 45, 26, 57, 30, 44, 53, 19, 40, 34, 24, 4, 20, 38, 32, 59, 47, 60, 42, 64, 46, 49, 63, 35, 56, 50, 39, 17, 36, 54, 48, 52, 61, 58, 51, 33, 55, 62 ],
\[ 18, 22, 21, 34, 4, 37, 38, 5, 15, 7, 24, 10, 11, 6, 25, 14, 50, 17, 53, 54, 19, 20, 1, 40, 39, 23, 3, 13, 2, 29, 9, 27, 61, 33, 63, 62, 35, 36, 56, 55, 8, 41, 16, 31, 12, 45, 28, 43, 47, 49, 60, 48, 51, 52, 64, 58, 26, 57, 32, 30, 44, 59, 46, 42 ]:
 Order := 64 > |
[ 2, 9, 8, 7, 10, 1, 11, 12, 27, 13, 14, 28, 16, 23, 3, 26, 20, 22, 4, 25, 5, 15, 29, 6, 21, 30, 41, 43, 31, 44, 32, 42, 36, 38, 17, 40, 18, 24, 19, 37, 45, 46, 57, 59, 47, 49, 48, 58, 52, 54, 33, 56, 34, 39, 35, 53, 60, 51, 64, 61, 62, 55, 50, 63 ],
[ 43, 57, 44, 27, 32, 28, 41, 59, 60, 42, 45, 64, 46, 47, 30, 49, 14, 16, 9, 23, 31, 26, 48, 12, 29, 52, 61, 63, 58, 56, 51, 33, 21, 3, 11, 5, 13, 8, 2, 10, 62, 36, 50, 53, 55, 40, 35, 17, 37, 6, 25, 18, 15, 1, 7, 22, 54, 20, 34, 39, 19, 4, 24, 38 ],
[ 50, 54, 53, 61, 33, 63, 62, 34, 39, 36, 55, 38, 40, 35, 56, 37, 47, 49, 60, 48, 51, 52, 17, 64, 58, 18, 19, 24, 20, 22, 25, 21, 31, 44, 45, 32, 46, 59, 57, 42, 4, 5, 6, 15, 7, 10, 11, 14, 13, 28, 29, 16, 30, 43, 41, 26, 1, 23, 3, 2, 9, 27, 12, 8 ]
],
[ PermutationGroup<64 |  
\[ 2, 9, 8, 7, 10, 1, 11, 12, 27, 13, 14, 28, 16, 23, 3, 26, 20, 22, 4, 25, 5, 15, 29, 6, 21, 30, 41, 43, 31, 44, 32, 42, 36, 38, 17, 40, 18, 24, 19, 37, 45, 46, 57, 59, 47, 49, 48, 58, 52, 54, 33, 56, 34, 39, 35, 53, 60, 51, 64, 61, 62, 55, 50, 63 ],
\[ 14, 23, 9, 21, 3, 11, 5, 27, 29, 8, 10, 41, 12, 13, 2, 28, 37, 6, 25, 18, 15, 1, 16, 7, 22, 43, 31, 45, 26, 57, 30, 44, 53, 19, 40, 34, 24, 4, 20, 38, 32, 59, 47, 60, 42, 64, 46, 49, 63, 35, 56, 50, 39, 17, 36, 54, 48, 52, 61, 58, 51, 33, 55, 62 ],
\[ 18, 22, 21, 34, 4, 37, 38, 5, 15, 7, 24, 10, 11, 6, 25, 14, 50, 17, 53, 54, 19, 20, 1, 40, 39, 23, 3, 13, 2, 29, 9, 27, 61, 33, 63, 62, 35, 36, 56, 55, 8, 41, 16, 31, 12, 45, 28, 43, 47, 49, 60, 48, 51, 52, 64, 58, 26, 57, 32, 30, 44, 59, 46, 42 ]:
 Order := 64 > |
[ 2, 9, 8, 7, 10, 1, 11, 12, 27, 13, 14, 28, 16, 23, 3, 26, 20, 22, 4, 25, 5, 15, 29, 6, 21, 30, 41, 43, 31, 44, 32, 42, 36, 38, 17, 40, 18, 24, 19, 37, 45, 46, 57, 59, 47, 49, 48, 58, 52, 54, 33, 56, 34, 39, 35, 53, 60, 51, 64, 61, 62, 55, 50, 63 ],
[ 14, 23, 9, 21, 3, 11, 5, 27, 29, 8, 10, 41, 12, 13, 2, 28, 37, 6, 25, 18, 15, 1, 16, 7, 22, 43, 31, 45, 26, 57, 30, 44, 53, 19, 40, 34, 24, 4, 20, 38, 32, 59, 47, 60, 42, 64, 46, 49, 63, 35, 56, 50, 39, 17, 36, 54, 48, 52, 61, 58, 51, 33, 55, 62 ],
[ 18, 22, 21, 34, 4, 37, 38, 5, 15, 7, 24, 10, 11, 6, 25, 14, 50, 17, 53, 54, 19, 20, 1, 40, 39, 23, 3, 13, 2, 29, 9, 27, 61, 33, 63, 62, 35, 36, 56, 55, 8, 41, 16, 31, 12, 45, 28, 43, 47, 49, 60, 48, 51, 52, 64, 58, 26, 57, 32, 30, 44, 59, 46, 42 ]
],
[ PermutationGroup<64 |  
\[ 2, 9, 8, 7, 10, 1, 11, 12, 27, 13, 14, 28, 16, 23, 3, 26, 20, 22, 4, 25, 5, 15, 29, 6, 21, 30, 41, 43, 31, 44, 32, 42, 36, 38, 17, 40, 18, 24, 19, 37, 45, 46, 57, 59, 47, 49, 48, 58, 52, 54, 33, 56, 34, 39, 35, 53, 60, 51, 64, 61, 62, 55, 50, 63 ],
\[ 14, 23, 9, 21, 3, 11, 5, 27, 29, 8, 10, 41, 12, 13, 2, 28, 37, 6, 25, 18, 15, 1, 16, 7, 22, 43, 31, 45, 26, 57, 30, 44, 53, 19, 40, 34, 24, 4, 20, 38, 32, 59, 47, 60, 42, 64, 46, 49, 63, 35, 56, 50, 39, 17, 36, 54, 48, 52, 61, 58, 51, 33, 55, 62 ],
\[ 18, 22, 21, 34, 4, 37, 38, 5, 15, 7, 24, 10, 11, 6, 25, 14, 50, 17, 53, 54, 19, 20, 1, 40, 39, 23, 3, 13, 2, 29, 9, 27, 61, 33, 63, 62, 35, 36, 56, 55, 8, 41, 16, 31, 12, 45, 28, 43, 47, 49, 60, 48, 51, 52, 64, 58, 26, 57, 32, 30, 44, 59, 46, 42 ]:
 Order := 64 > |
[ 2, 9, 8, 7, 10, 1, 11, 12, 27, 13, 14, 28, 16, 23, 3, 26, 20, 22, 4, 25, 5, 15, 29, 6, 21, 30, 41, 43, 31, 44, 32, 42, 36, 38, 17, 40, 18, 24, 19, 37, 45, 46, 57, 59, 47, 49, 48, 58, 52, 54, 33, 56, 34, 39, 35, 53, 60, 51, 64, 61, 62, 55, 50, 63 ],
[ 10, 13, 23, 22, 2, 5, 15, 29, 16, 9, 3, 31, 27, 8, 14, 41, 38, 7, 18, 24, 1, 11, 12, 21, 6, 45, 26, 32, 28, 47, 43, 57, 54, 20, 34, 39, 4, 25, 37, 19, 30, 60, 42, 48, 44, 61, 59, 64, 62, 36, 50, 55, 17, 40, 53, 35, 46, 63, 58, 49, 52, 56, 33, 51 ],
[ 25, 21, 7, 40, 24, 20, 37, 11, 5, 6, 18, 14, 1, 22, 4, 2, 56, 39, 36, 53, 38, 19, 15, 17, 34, 9, 10, 23, 3, 27, 8, 12, 64, 55, 52, 63, 54, 35, 33, 50, 13, 28, 29, 41, 16, 43, 26, 30, 57, 58, 59, 60, 62, 51, 49, 61, 31, 44, 45, 32, 42, 46, 48, 47 ]
],
[ PermutationGroup<64 |  
\[ 2, 9, 8, 7, 10, 1, 11, 12, 27, 13, 14, 28, 16, 23, 3, 26, 20, 22, 4, 25, 5, 15, 29, 6, 21, 30, 41, 43, 31, 44, 32, 42, 36, 38, 17, 40, 18, 24, 19, 37, 45, 46, 57, 59, 47, 49, 48, 58, 52, 54, 33, 56, 34, 39, 35, 53, 60, 51, 64, 61, 62, 55, 50, 63 ],
\[ 14, 23, 9, 21, 3, 11, 5, 27, 29, 8, 10, 41, 12, 13, 2, 28, 37, 6, 25, 18, 15, 1, 16, 7, 22, 43, 31, 45, 26, 57, 30, 44, 53, 19, 40, 34, 24, 4, 20, 38, 32, 59, 47, 60, 42, 64, 46, 49, 63, 35, 56, 50, 39, 17, 36, 54, 48, 52, 61, 58, 51, 33, 55, 62 ],
\[ 18, 22, 21, 34, 4, 37, 38, 5, 15, 7, 24, 10, 11, 6, 25, 14, 50, 17, 53, 54, 19, 20, 1, 40, 39, 23, 3, 13, 2, 29, 9, 27, 61, 33, 63, 62, 35, 36, 56, 55, 8, 41, 16, 31, 12, 45, 28, 43, 47, 49, 60, 48, 51, 52, 64, 58, 26, 57, 32, 30, 44, 59, 46, 42 ]:
 Order := 64 > |
[ 2, 9, 8, 7, 10, 1, 11, 12, 27, 13, 14, 28, 16, 23, 3, 26, 20, 22, 4, 25, 5, 15, 29, 6, 21, 30, 41, 43, 31, 44, 32, 42, 36, 38, 17, 40, 18, 24, 19, 37, 45, 46, 57, 59, 47, 49, 48, 58, 52, 54, 33, 56, 34, 39, 35, 53, 60, 51, 64, 61, 62, 55, 50, 63 ],
[ 3, 8, 13, 6, 14, 15, 1, 16, 12, 23, 2, 26, 29, 9, 10, 31, 19, 21, 24, 4, 11, 5, 27, 22, 7, 32, 28, 30, 41, 42, 45, 47, 35, 37, 39, 17, 25, 18, 38, 20, 43, 48, 44, 46, 57, 58, 60, 61, 51, 53, 55, 33, 40, 34, 54, 36, 59, 62, 49, 64, 63, 50, 56, 52 ],
[ 4, 7, 6, 17, 18, 19, 20, 1, 11, 22, 25, 2, 15, 21, 24, 3, 33, 34, 35, 36, 37, 38, 5, 39, 40, 8, 14, 9, 10, 12, 13, 16, 49, 50, 51, 52, 53, 54, 55, 56, 23, 26, 27, 28, 29, 30, 31, 32, 44, 61, 46, 59, 63, 62, 58, 64, 41, 42, 43, 45, 47, 48, 60, 57 ]
],
[ PermutationGroup<64 |  
\[ 2, 9, 8, 7, 10, 1, 11, 12, 27, 13, 14, 28, 16, 23, 3, 26, 20, 22, 4, 25, 5, 15, 29, 6, 21, 30, 41, 43, 31, 44, 32, 42, 36, 38, 17, 40, 18, 24, 19, 37, 45, 46, 57, 59, 47, 49, 48, 58, 52, 54, 33, 56, 34, 39, 35, 53, 60, 51, 64, 61, 62, 55, 50, 63 ],
\[ 14, 23, 9, 21, 3, 11, 5, 27, 29, 8, 10, 41, 12, 13, 2, 28, 37, 6, 25, 18, 15, 1, 16, 7, 22, 43, 31, 45, 26, 57, 30, 44, 53, 19, 40, 34, 24, 4, 20, 38, 32, 59, 47, 60, 42, 64, 46, 49, 63, 35, 56, 50, 39, 17, 36, 54, 48, 52, 61, 58, 51, 33, 55, 62 ],
\[ 18, 22, 21, 34, 4, 37, 38, 5, 15, 7, 24, 10, 11, 6, 25, 14, 50, 17, 53, 54, 19, 20, 1, 40, 39, 23, 3, 13, 2, 29, 9, 27, 61, 33, 63, 62, 35, 36, 56, 55, 8, 41, 16, 31, 12, 45, 28, 43, 47, 49, 60, 48, 51, 52, 64, 58, 26, 57, 32, 30, 44, 59, 46, 42 ]:
 Order := 64 > |
[ 2, 9, 8, 7, 10, 1, 11, 12, 27, 13, 14, 28, 16, 23, 3, 26, 20, 22, 4, 25, 5, 15, 29, 6, 21, 30, 41, 43, 31, 44, 32, 42, 36, 38, 17, 40, 18, 24, 19, 37, 45, 46, 57, 59, 47, 49, 48, 58, 52, 54, 33, 56, 34, 39, 35, 53, 60, 51, 64, 61, 62, 55, 50, 63 ],
[ 38, 24, 18, 54, 20, 34, 39, 22, 6, 25, 19, 15, 21, 4, 37, 5, 62, 36, 50, 55, 17, 40, 7, 53, 35, 10, 1, 3, 11, 13, 14, 23, 48, 52, 61, 58, 33, 56, 63, 51, 2, 29, 8, 16, 9, 31, 27, 41, 32, 59, 47, 42, 49, 64, 60, 46, 12, 45, 26, 28, 43, 57, 44, 30 ],
[ 9, 27, 12, 11, 13, 2, 14, 28, 41, 16, 23, 43, 26, 29, 8, 30, 25, 15, 7, 21, 10, 3, 31, 1, 5, 44, 45, 57, 32, 59, 42, 46, 40, 24, 20, 37, 22, 6, 4, 18, 47, 49, 60, 64, 48, 52, 58, 51, 56, 39, 36, 53, 38, 19, 17, 34, 61, 33, 63, 62, 55, 35, 54, 50 ]
],
[ PermutationGroup<64 |  
\[ 2, 9, 8, 7, 10, 1, 11, 12, 27, 13, 14, 28, 16, 23, 3, 26, 20, 22, 4, 25, 5, 15, 29, 6, 21, 30, 41, 43, 31, 44, 32, 42, 36, 38, 17, 40, 18, 24, 19, 37, 45, 46, 57, 59, 47, 49, 48, 58, 52, 54, 33, 56, 34, 39, 35, 53, 60, 51, 64, 61, 62, 55, 50, 63 ],
\[ 14, 23, 9, 21, 3, 11, 5, 27, 29, 8, 10, 41, 12, 13, 2, 28, 37, 6, 25, 18, 15, 1, 16, 7, 22, 43, 31, 45, 26, 57, 30, 44, 53, 19, 40, 34, 24, 4, 20, 38, 32, 59, 47, 60, 42, 64, 46, 49, 63, 35, 56, 50, 39, 17, 36, 54, 48, 52, 61, 58, 51, 33, 55, 62 ],
\[ 18, 22, 21, 34, 4, 37, 38, 5, 15, 7, 24, 10, 11, 6, 25, 14, 50, 17, 53, 54, 19, 20, 1, 40, 39, 23, 3, 13, 2, 29, 9, 27, 61, 33, 63, 62, 35, 36, 56, 55, 8, 41, 16, 31, 12, 45, 28, 43, 47, 49, 60, 48, 51, 52, 64, 58, 26, 57, 32, 30, 44, 59, 46, 42 ]:
 Order := 64 > |
[ 2, 9, 8, 7, 10, 1, 11, 12, 27, 13, 14, 28, 16, 23, 3, 26, 20, 22, 4, 25, 5, 15, 29, 6, 21, 30, 41, 43, 31, 44, 32, 42, 36, 38, 17, 40, 18, 24, 19, 37, 45, 46, 57, 59, 47, 49, 48, 58, 52, 54, 33, 56, 34, 39, 35, 53, 60, 51, 64, 61, 62, 55, 50, 63 ],
[ 19, 4, 24, 35, 37, 39, 17, 6, 7, 18, 20, 1, 22, 25, 38, 15, 51, 53, 55, 33, 40, 34, 21, 54, 36, 3, 11, 2, 5, 8, 10, 13, 46, 63, 58, 49, 56, 50, 62, 52, 14, 16, 9, 12, 23, 26, 29, 31, 30, 60, 42, 44, 64, 61, 48, 59, 27, 32, 28, 41, 45, 47, 57, 43 ],
[ 8, 12, 16, 1, 23, 3, 2, 26, 28, 29, 9, 30, 31, 27, 13, 32, 4, 5, 6, 7, 14, 10, 41, 15, 11, 42, 43, 44, 45, 46, 47, 48, 17, 18, 19, 20, 21, 22, 24, 25, 57, 58, 59, 49, 60, 51, 61, 62, 33, 34, 35, 36, 37, 38, 39, 40, 64, 55, 52, 63, 50, 54, 53, 56 ]
],
[ PermutationGroup<64 |  
\[ 2, 9, 8, 7, 10, 1, 11, 12, 27, 13, 14, 28, 16, 23, 3, 26, 20, 22, 4, 25, 5, 15, 29, 6, 21, 30, 41, 43, 31, 44, 32, 42, 36, 38, 17, 40, 18, 24, 19, 37, 45, 46, 57, 59, 47, 49, 48, 58, 52, 54, 33, 56, 34, 39, 35, 53, 60, 51, 64, 61, 62, 55, 50, 63 ],
\[ 14, 23, 9, 21, 3, 11, 5, 27, 29, 8, 10, 41, 12, 13, 2, 28, 37, 6, 25, 18, 15, 1, 16, 7, 22, 43, 31, 45, 26, 57, 30, 44, 53, 19, 40, 34, 24, 4, 20, 38, 32, 59, 47, 60, 42, 64, 46, 49, 63, 35, 56, 50, 39, 17, 36, 54, 48, 52, 61, 58, 51, 33, 55, 62 ],
\[ 18, 22, 21, 34, 4, 37, 38, 5, 15, 7, 24, 10, 11, 6, 25, 14, 50, 17, 53, 54, 19, 20, 1, 40, 39, 23, 3, 13, 2, 29, 9, 27, 61, 33, 63, 62, 35, 36, 56, 55, 8, 41, 16, 31, 12, 45, 28, 43, 47, 49, 60, 48, 51, 52, 64, 58, 26, 57, 32, 30, 44, 59, 46, 42 ]:
 Order := 64 > |
[ 2, 9, 8, 7, 10, 1, 11, 12, 27, 13, 14, 28, 16, 23, 3, 26, 20, 22, 4, 25, 5, 15, 29, 6, 21, 30, 41, 43, 31, 44, 32, 42, 36, 38, 17, 40, 18, 24, 19, 37, 45, 46, 57, 59, 47, 49, 48, 58, 52, 54, 33, 56, 34, 39, 35, 53, 60, 51, 64, 61, 62, 55, 50, 63 ],
[ 20, 25, 4, 36, 38, 17, 40, 7, 21, 24, 37, 11, 6, 18, 19, 1, 52, 54, 33, 56, 34, 39, 22, 35, 53, 2, 5, 14, 15, 9, 3, 8, 59, 62, 49, 64, 50, 55, 51, 63, 10, 12, 23, 27, 13, 28, 16, 26, 43, 48, 44, 57, 61, 58, 46, 60, 29, 30, 41, 31, 32, 42, 47, 45 ],
[ 13, 16, 29, 15, 9, 10, 3, 31, 26, 27, 8, 32, 41, 12, 23, 45, 24, 11, 22, 6, 2, 14, 28, 5, 1, 47, 30, 42, 43, 48, 57, 60, 39, 25, 38, 19, 7, 21, 18, 4, 44, 61, 46, 58, 59, 62, 64, 63, 55, 40, 54, 35, 20, 37, 34, 17, 49, 50, 51, 52, 56, 53, 36, 33 ]
],
[ PermutationGroup<64 |  
\[ 2, 9, 8, 7, 10, 1, 11, 12, 27, 13, 14, 28, 16, 23, 3, 26, 20, 22, 4, 25, 5, 15, 29, 6, 21, 30, 41, 43, 31, 44, 32, 42, 36, 38, 17, 40, 18, 24, 19, 37, 45, 46, 57, 59, 47, 49, 48, 58, 52, 54, 33, 56, 34, 39, 35, 53, 60, 51, 64, 61, 62, 55, 50, 63 ],
\[ 14, 23, 9, 21, 3, 11, 5, 27, 29, 8, 10, 41, 12, 13, 2, 28, 37, 6, 25, 18, 15, 1, 16, 7, 22, 43, 31, 45, 26, 57, 30, 44, 53, 19, 40, 34, 24, 4, 20, 38, 32, 59, 47, 60, 42, 64, 46, 49, 63, 35, 56, 50, 39, 17, 36, 54, 48, 52, 61, 58, 51, 33, 55, 62 ],
\[ 18, 22, 21, 34, 4, 37, 38, 5, 15, 7, 24, 10, 11, 6, 25, 14, 50, 17, 53, 54, 19, 20, 1, 40, 39, 23, 3, 13, 2, 29, 9, 27, 61, 33, 63, 62, 35, 36, 56, 55, 8, 41, 16, 31, 12, 45, 28, 43, 47, 49, 60, 48, 51, 52, 64, 58, 26, 57, 32, 30, 44, 59, 46, 42 ]:
 Order := 64 > |
[ 2, 9, 8, 7, 10, 1, 11, 12, 27, 13, 14, 28, 16, 23, 3, 26, 20, 22, 4, 25, 5, 15, 29, 6, 21, 30, 41, 43, 31, 44, 32, 42, 36, 38, 17, 40, 18, 24, 19, 37, 45, 46, 57, 59, 47, 49, 48, 58, 52, 54, 33, 56, 34, 39, 35, 53, 60, 51, 64, 61, 62, 55, 50, 63 ],
[ 62, 55, 50, 48, 52, 61, 58, 54, 35, 56, 51, 39, 53, 33, 63, 34, 32, 59, 47, 42, 49, 64, 36, 60, 46, 38, 17, 19, 40, 24, 37, 18, 16, 43, 31, 26, 44, 57, 45, 30, 20, 22, 4, 6, 25, 15, 21, 5, 3, 27, 13, 8, 28, 41, 29, 12, 7, 10, 1, 11, 14, 23, 9, 2 ],
[ 44, 59, 46, 28, 47, 30, 43, 49, 64, 48, 57, 52, 58, 60, 42, 51, 9, 31, 12, 27, 45, 32, 61, 26, 41, 33, 63, 56, 62, 36, 55, 35, 11, 13, 2, 14, 29, 16, 8, 23, 50, 17, 53, 40, 54, 20, 39, 19, 25, 15, 7, 21, 10, 3, 1, 5, 34, 4, 37, 38, 24, 6, 22, 18 ]
],
[ PermutationGroup<64 |  
\[ 2, 9, 8, 7, 10, 1, 11, 12, 27, 13, 14, 28, 16, 23, 3, 26, 20, 22, 4, 25, 5, 15, 29, 6, 21, 30, 41, 43, 31, 44, 32, 42, 36, 38, 17, 40, 18, 24, 19, 37, 45, 46, 57, 59, 47, 49, 48, 58, 52, 54, 33, 56, 34, 39, 35, 53, 60, 51, 64, 61, 62, 55, 50, 63 ],
\[ 14, 23, 9, 21, 3, 11, 5, 27, 29, 8, 10, 41, 12, 13, 2, 28, 37, 6, 25, 18, 15, 1, 16, 7, 22, 43, 31, 45, 26, 57, 30, 44, 53, 19, 40, 34, 24, 4, 20, 38, 32, 59, 47, 60, 42, 64, 46, 49, 63, 35, 56, 50, 39, 17, 36, 54, 48, 52, 61, 58, 51, 33, 55, 62 ],
\[ 18, 22, 21, 34, 4, 37, 38, 5, 15, 7, 24, 10, 11, 6, 25, 14, 50, 17, 53, 54, 19, 20, 1, 40, 39, 23, 3, 13, 2, 29, 9, 27, 61, 33, 63, 62, 35, 36, 56, 55, 8, 41, 16, 31, 12, 45, 28, 43, 47, 49, 60, 48, 51, 52, 64, 58, 26, 57, 32, 30, 44, 59, 46, 42 ]:
 Order := 64 > |
[ 2, 9, 8, 7, 10, 1, 11, 12, 27, 13, 14, 28, 16, 23, 3, 26, 20, 22, 4, 25, 5, 15, 29, 6, 21, 30, 41, 43, 31, 44, 32, 42, 36, 38, 17, 40, 18, 24, 19, 37, 45, 46, 57, 59, 47, 49, 48, 58, 52, 54, 33, 56, 34, 39, 35, 53, 60, 51, 64, 61, 62, 55, 50, 63 ],
[ 51, 33, 55, 46, 63, 58, 49, 35, 36, 50, 52, 17, 54, 56, 62, 39, 30, 60, 42, 44, 64, 61, 53, 48, 59, 19, 40, 20, 34, 4, 38, 24, 12, 45, 26, 28, 57, 47, 32, 43, 37, 6, 25, 7, 18, 1, 22, 15, 2, 29, 8, 9, 41, 31, 16, 27, 21, 3, 11, 5, 10, 13, 23, 14 ],
[ 42, 46, 48, 26, 57, 32, 30, 58, 49, 60, 44, 51, 61, 59, 47, 62, 8, 41, 16, 12, 43, 45, 64, 31, 28, 55, 52, 33, 63, 35, 50, 54, 1, 23, 3, 2, 27, 29, 13, 9, 56, 39, 36, 17, 53, 19, 34, 38, 4, 5, 6, 7, 14, 10, 15, 11, 40, 24, 20, 37, 18, 22, 21, 25 ]
],
[ PermutationGroup<64 |  
\[ 2, 9, 8, 7, 10, 1, 11, 12, 27, 13, 14, 28, 16, 23, 3, 26, 20, 22, 4, 25, 5, 15, 29, 6, 21, 30, 41, 43, 31, 44, 32, 42, 36, 38, 17, 40, 18, 24, 19, 37, 45, 46, 57, 59, 47, 49, 48, 58, 52, 54, 33, 56, 34, 39, 35, 53, 60, 51, 64, 61, 62, 55, 50, 63 ],
\[ 14, 23, 9, 21, 3, 11, 5, 27, 29, 8, 10, 41, 12, 13, 2, 28, 37, 6, 25, 18, 15, 1, 16, 7, 22, 43, 31, 45, 26, 57, 30, 44, 53, 19, 40, 34, 24, 4, 20, 38, 32, 59, 47, 60, 42, 64, 46, 49, 63, 35, 56, 50, 39, 17, 36, 54, 48, 52, 61, 58, 51, 33, 55, 62 ],
\[ 18, 22, 21, 34, 4, 37, 38, 5, 15, 7, 24, 10, 11, 6, 25, 14, 50, 17, 53, 54, 19, 20, 1, 40, 39, 23, 3, 13, 2, 29, 9, 27, 61, 33, 63, 62, 35, 36, 56, 55, 8, 41, 16, 31, 12, 45, 28, 43, 47, 49, 60, 48, 51, 52, 64, 58, 26, 57, 32, 30, 44, 59, 46, 42 ]:
 Order := 64 > |
[ 2, 9, 8, 7, 10, 1, 11, 12, 27, 13, 14, 28, 16, 23, 3, 26, 20, 22, 4, 25, 5, 15, 29, 6, 21, 30, 41, 43, 31, 44, 32, 42, 36, 38, 17, 40, 18, 24, 19, 37, 45, 46, 57, 59, 47, 49, 48, 58, 52, 54, 33, 56, 34, 39, 35, 53, 60, 51, 64, 61, 62, 55, 50, 63 ],
[ 45, 47, 57, 29, 30, 41, 31, 60, 48, 44, 32, 61, 59, 42, 43, 64, 10, 12, 23, 13, 26, 28, 46, 27, 16, 63, 58, 62, 49, 50, 52, 56, 22, 2, 5, 15, 8, 9, 14, 3, 51, 53, 55, 54, 33, 34, 36, 40, 38, 7, 18, 24, 1, 11, 21, 6, 35, 37, 39, 17, 20, 25, 4, 19 ],
[ 56, 53, 36, 64, 55, 52, 63, 40, 34, 35, 50, 37, 17, 54, 33, 20, 57, 58, 59, 60, 62, 51, 39, 49, 61, 25, 38, 18, 19, 21, 4, 7, 41, 42, 43, 45, 48, 46, 44, 47, 24, 11, 22, 5, 6, 14, 1, 2, 23, 26, 27, 29, 32, 30, 28, 31, 15, 9, 10, 3, 8, 12, 16, 13 ]
],
[ PermutationGroup<64 |  
\[ 2, 9, 8, 7, 10, 1, 11, 12, 27, 13, 14, 28, 16, 23, 3, 26, 20, 22, 4, 25, 5, 15, 29, 6, 21, 30, 41, 43, 31, 44, 32, 42, 36, 38, 17, 40, 18, 24, 19, 37, 45, 46, 57, 59, 47, 49, 48, 58, 52, 54, 33, 56, 34, 39, 35, 53, 60, 51, 64, 61, 62, 55, 50, 63 ],
\[ 14, 23, 9, 21, 3, 11, 5, 27, 29, 8, 10, 41, 12, 13, 2, 28, 37, 6, 25, 18, 15, 1, 16, 7, 22, 43, 31, 45, 26, 57, 30, 44, 53, 19, 40, 34, 24, 4, 20, 38, 32, 59, 47, 60, 42, 64, 46, 49, 63, 35, 56, 50, 39, 17, 36, 54, 48, 52, 61, 58, 51, 33, 55, 62 ],
\[ 18, 22, 21, 34, 4, 37, 38, 5, 15, 7, 24, 10, 11, 6, 25, 14, 50, 17, 53, 54, 19, 20, 1, 40, 39, 23, 3, 13, 2, 29, 9, 27, 61, 33, 63, 62, 35, 36, 56, 55, 8, 41, 16, 31, 12, 45, 28, 43, 47, 49, 60, 48, 51, 52, 64, 58, 26, 57, 32, 30, 44, 59, 46, 42 ]:
 Order := 64 > |
[ 2, 9, 8, 7, 10, 1, 11, 12, 27, 13, 14, 28, 16, 23, 3, 26, 20, 22, 4, 25, 5, 15, 29, 6, 21, 30, 41, 43, 31, 44, 32, 42, 36, 38, 17, 40, 18, 24, 19, 37, 45, 46, 57, 59, 47, 49, 48, 58, 52, 54, 33, 56, 34, 39, 35, 53, 60, 51, 64, 61, 62, 55, 50, 63 ],
[ 32, 42, 47, 16, 43, 31, 26, 48, 46, 57, 30, 58, 60, 44, 45, 61, 3, 27, 13, 8, 28, 41, 59, 29, 12, 62, 49, 51, 64, 55, 63, 50, 6, 14, 15, 1, 9, 23, 10, 2, 52, 54, 33, 35, 56, 39, 53, 34, 19, 21, 24, 4, 11, 5, 22, 7, 36, 38, 17, 40, 37, 18, 25, 20 ],
[ 33, 36, 35, 49, 50, 51, 52, 17, 40, 54, 56, 20, 39, 53, 55, 19, 44, 61, 46, 59, 63, 62, 34, 58, 64, 4, 37, 25, 38, 7, 24, 6, 28, 47, 30, 43, 60, 48, 42, 57, 18, 1, 21, 11, 22, 2, 15, 3, 9, 31, 12, 27, 45, 32, 26, 41, 5, 8, 14, 10, 13, 16, 29, 23 ]
]
];
s`SolvableDBPointedPassport := [ PowerSequence(PermutationGroup<64 |  
\[ 2, 3, 4, 5, 6, 7, 8, 9, 10, 11, 12, 13, 14, 15, 16, 17, 18, 19, 20, 21, 22, 23, 24, 25, 26, 27, 28, 29, 30, 31, 32, 33, 34, 35, 36, 37, 38, 39, 40, 41, 42, 43, 44, 45, 46, 47, 48, 49, 50, 51, 52, 53, 54, 55, 56, 57, 58, 59, 60, 61, 62, 63, 64, 1 ],
\[ 2, 1, 3, 4, 5, 6, 7, 8, 9, 10, 11, 12, 13, 14, 15, 16, 17, 18, 19, 20, 21, 22, 23, 24, 25, 26, 27, 28, 29, 30, 31, 32, 33, 34, 35, 36, 37, 38, 39, 40, 41, 42, 43, 44, 45, 46, 47, 48, 49, 50, 51, 52, 53, 54, 55, 56, 57, 58, 59, 60, 61, 62, 63, 64 ]:
 Order := 126886932185884164103433389335161480802865516174545192198801894375214704230400000000000000 >) |
[ PermutationGroup<64 |  
\[ 2, 3, 4, 5, 6, 7, 8, 9, 10, 11, 12, 13, 14, 15, 16, 17, 18, 19, 20, 21, 22, 23, 24, 25, 26, 27, 28, 29, 30, 31, 32, 33, 34, 35, 36, 37, 38, 39, 40, 41, 42, 43, 44, 45, 46, 47, 48, 49, 50, 51, 52, 53, 54, 55, 56, 57, 58, 59, 60, 61, 62, 63, 64, 1 ],
\[ 2, 1, 3, 4, 5, 6, 7, 8, 9, 10, 11, 12, 13, 14, 15, 16, 17, 18, 19, 20, 21, 22, 23, 24, 25, 26, 27, 28, 29, 30, 31, 32, 33, 34, 35, 36, 37, 38, 39, 40, 41, 42, 43, 44, 45, 46, 47, 48, 49, 50, 51, 52, 53, 54, 55, 56, 57, 58, 59, 60, 61, 62, 63, 64 ]:
 Order := 126886932185884164103433389335161480802865516174545192198801894375214704230400000000000000 > |
[ 2, 9, 8, 7, 10, 1, 11, 12, 27, 13, 14, 28, 16, 23, 3, 26, 20, 22, 4, 25, 5, 15, 29, 6, 21, 30, 41, 43, 31, 44, 32, 42, 36, 38, 17, 40, 18, 24, 19, 37, 45, 46, 57, 59, 47, 49, 48, 58, 52, 54, 33, 56, 34, 39, 35, 53, 60, 51, 64, 61, 62, 55, 50, 63 ],
[ 2, 9, 8, 7, 10, 1, 11, 12, 27, 13, 14, 28, 16, 23, 3, 26, 20, 22, 4, 25, 5, 15, 29, 6, 21, 30, 41, 43, 31, 44, 32, 42, 36, 38, 17, 40, 18, 24, 19, 37, 45, 46, 57, 59, 47, 49, 48, 58, 52, 54, 33, 56, 34, 39, 35, 53, 60, 51, 64, 61, 62, 55, 50, 63 ],
[ 24, 6, 22, 39, 25, 38, 19, 15, 1, 21, 4, 3, 5, 7, 18, 10, 55, 40, 54, 35, 20, 37, 11, 34, 17, 13, 2, 8, 14, 16, 23, 29, 58, 56, 62, 51, 36, 53, 50, 33, 9, 31, 12, 26, 27, 32, 41, 45, 42, 64, 48, 46, 52, 63, 61, 49, 28, 47, 30, 43, 57, 60, 59, 44 ]
],
[ PermutationGroup<64 |  
\[ 2, 3, 4, 5, 6, 7, 8, 9, 10, 11, 12, 13, 14, 15, 16, 17, 18, 19, 20, 21, 22, 23, 24, 25, 26, 27, 28, 29, 30, 31, 32, 33, 34, 35, 36, 37, 38, 39, 40, 41, 42, 43, 44, 45, 46, 47, 48, 49, 50, 51, 52, 53, 54, 55, 56, 57, 58, 59, 60, 61, 62, 63, 64, 1 ],
\[ 2, 1, 3, 4, 5, 6, 7, 8, 9, 10, 11, 12, 13, 14, 15, 16, 17, 18, 19, 20, 21, 22, 23, 24, 25, 26, 27, 28, 29, 30, 31, 32, 33, 34, 35, 36, 37, 38, 39, 40, 41, 42, 43, 44, 45, 46, 47, 48, 49, 50, 51, 52, 53, 54, 55, 56, 57, 58, 59, 60, 61, 62, 63, 64 ]:
 Order := 126886932185884164103433389335161480802865516174545192198801894375214704230400000000000000 > |
[ 2, 9, 8, 7, 10, 1, 11, 12, 27, 13, 14, 28, 16, 23, 3, 26, 20, 22, 4, 25, 5, 15, 29, 6, 21, 30, 41, 43, 31, 44, 32, 42, 36, 38, 17, 40, 18, 24, 19, 37, 45, 46, 57, 59, 47, 49, 48, 58, 52, 54, 33, 56, 34, 39, 35, 53, 60, 51, 64, 61, 62, 55, 50, 63 ],
[ 37, 18, 25, 53, 19, 40, 34, 21, 22, 4, 38, 5, 7, 24, 20, 11, 63, 35, 56, 50, 39, 17, 6, 36, 54, 14, 15, 10, 1, 23, 2, 9, 60, 51, 64, 61, 55, 33, 52, 62, 3, 27, 13, 29, 8, 41, 12, 28, 45, 46, 57, 47, 58, 49, 59, 48, 16, 43, 31, 26, 30, 44, 42, 32 ],
[ 23, 29, 27, 5, 8, 14, 10, 41, 31, 12, 13, 45, 28, 16, 9, 43, 18, 1, 21, 22, 3, 2, 26, 11, 15, 57, 32, 47, 30, 60, 44, 59, 34, 4, 37, 38, 6, 7, 25, 24, 42, 64, 48, 61, 46, 63, 49, 52, 50, 17, 53, 54, 19, 20, 40, 39, 58, 56, 62, 51, 33, 36, 35, 55 ]
],
[ PermutationGroup<64 |  
\[ 2, 3, 4, 5, 6, 7, 8, 9, 10, 11, 12, 13, 14, 15, 16, 17, 18, 19, 20, 21, 22, 23, 24, 25, 26, 27, 28, 29, 30, 31, 32, 33, 34, 35, 36, 37, 38, 39, 40, 41, 42, 43, 44, 45, 46, 47, 48, 49, 50, 51, 52, 53, 54, 55, 56, 57, 58, 59, 60, 61, 62, 63, 64, 1 ],
\[ 2, 1, 3, 4, 5, 6, 7, 8, 9, 10, 11, 12, 13, 14, 15, 16, 17, 18, 19, 20, 21, 22, 23, 24, 25, 26, 27, 28, 29, 30, 31, 32, 33, 34, 35, 36, 37, 38, 39, 40, 41, 42, 43, 44, 45, 46, 47, 48, 49, 50, 51, 52, 53, 54, 55, 56, 57, 58, 59, 60, 61, 62, 63, 64 ]:
 Order := 126886932185884164103433389335161480802865516174545192198801894375214704230400000000000000 > |
[ 2, 9, 8, 7, 10, 1, 11, 12, 27, 13, 14, 28, 16, 23, 3, 26, 20, 22, 4, 25, 5, 15, 29, 6, 21, 30, 41, 43, 31, 44, 32, 42, 36, 38, 17, 40, 18, 24, 19, 37, 45, 46, 57, 59, 47, 49, 48, 58, 52, 54, 33, 56, 34, 39, 35, 53, 60, 51, 64, 61, 62, 55, 50, 63 ],
[ 52, 56, 33, 59, 62, 49, 64, 36, 53, 55, 63, 40, 35, 50, 51, 17, 43, 48, 44, 57, 61, 58, 54, 46, 60, 20, 34, 37, 39, 25, 19, 4, 27, 32, 28, 41, 47, 42, 30, 45, 38, 7, 18, 21, 24, 11, 6, 1, 14, 16, 9, 23, 31, 26, 12, 29, 22, 2, 5, 15, 3, 8, 13, 10 ],
[ 47, 48, 60, 31, 44, 45, 32, 61, 58, 59, 42, 62, 64, 46, 57, 63, 13, 28, 29, 16, 30, 43, 49, 41, 26, 50, 51, 55, 52, 54, 56, 53, 15, 9, 10, 3, 12, 27, 23, 8, 33, 34, 35, 39, 36, 38, 40, 37, 24, 11, 22, 6, 2, 14, 5, 1, 17, 18, 19, 20, 25, 21, 7, 4 ]
],
[ PermutationGroup<64 |  
\[ 2, 3, 4, 5, 6, 7, 8, 9, 10, 11, 12, 13, 14, 15, 16, 17, 18, 19, 20, 21, 22, 23, 24, 25, 26, 27, 28, 29, 30, 31, 32, 33, 34, 35, 36, 37, 38, 39, 40, 41, 42, 43, 44, 45, 46, 47, 48, 49, 50, 51, 52, 53, 54, 55, 56, 57, 58, 59, 60, 61, 62, 63, 64, 1 ],
\[ 2, 1, 3, 4, 5, 6, 7, 8, 9, 10, 11, 12, 13, 14, 15, 16, 17, 18, 19, 20, 21, 22, 23, 24, 25, 26, 27, 28, 29, 30, 31, 32, 33, 34, 35, 36, 37, 38, 39, 40, 41, 42, 43, 44, 45, 46, 47, 48, 49, 50, 51, 52, 53, 54, 55, 56, 57, 58, 59, 60, 61, 62, 63, 64 ]:
 Order := 126886932185884164103433389335161480802865516174545192198801894375214704230400000000000000 > |
[ 2, 9, 8, 7, 10, 1, 11, 12, 27, 13, 14, 28, 16, 23, 3, 26, 20, 22, 4, 25, 5, 15, 29, 6, 21, 30, 41, 43, 31, 44, 32, 42, 36, 38, 17, 40, 18, 24, 19, 37, 45, 46, 57, 59, 47, 49, 48, 58, 52, 54, 33, 56, 34, 39, 35, 53, 60, 51, 64, 61, 62, 55, 50, 63 ],
[ 63, 50, 56, 60, 51, 64, 61, 53, 54, 33, 62, 34, 36, 55, 52, 40, 45, 46, 57, 47, 58, 49, 35, 59, 48, 37, 39, 38, 17, 18, 20, 25, 29, 30, 41, 31, 42, 44, 43, 32, 19, 21, 24, 22, 4, 5, 7, 11, 10, 12, 23, 13, 26, 28, 27, 16, 6, 14, 15, 1, 2, 9, 8, 3 ],
[ 57, 60, 59, 41, 42, 43, 45, 64, 61, 46, 47, 63, 49, 48, 44, 52, 23, 26, 27, 29, 32, 30, 58, 28, 31, 56, 62, 50, 51, 53, 33, 36, 5, 8, 14, 10, 16, 12, 9, 13, 55, 40, 54, 34, 35, 37, 17, 20, 18, 1, 21, 22, 3, 2, 11, 15, 39, 25, 38, 19, 4, 7, 6, 24 ]
],
[ PermutationGroup<64 |  
\[ 2, 3, 4, 5, 6, 7, 8, 9, 10, 11, 12, 13, 14, 15, 16, 17, 18, 19, 20, 21, 22, 23, 24, 25, 26, 27, 28, 29, 30, 31, 32, 33, 34, 35, 36, 37, 38, 39, 40, 41, 42, 43, 44, 45, 46, 47, 48, 49, 50, 51, 52, 53, 54, 55, 56, 57, 58, 59, 60, 61, 62, 63, 64, 1 ],
\[ 2, 1, 3, 4, 5, 6, 7, 8, 9, 10, 11, 12, 13, 14, 15, 16, 17, 18, 19, 20, 21, 22, 23, 24, 25, 26, 27, 28, 29, 30, 31, 32, 33, 34, 35, 36, 37, 38, 39, 40, 41, 42, 43, 44, 45, 46, 47, 48, 49, 50, 51, 52, 53, 54, 55, 56, 57, 58, 59, 60, 61, 62, 63, 64 ]:
 Order := 126886932185884164103433389335161480802865516174545192198801894375214704230400000000000000 > |
[ 2, 9, 8, 7, 10, 1, 11, 12, 27, 13, 14, 28, 16, 23, 3, 26, 20, 22, 4, 25, 5, 15, 29, 6, 21, 30, 41, 43, 31, 44, 32, 42, 36, 38, 17, 40, 18, 24, 19, 37, 45, 46, 57, 59, 47, 49, 48, 58, 52, 54, 33, 56, 34, 39, 35, 53, 60, 51, 64, 61, 62, 55, 50, 63 ],
[ 30, 44, 42, 12, 45, 26, 28, 46, 59, 47, 43, 49, 48, 57, 32, 58, 2, 29, 8, 9, 41, 31, 60, 16, 27, 51, 64, 52, 61, 33, 62, 55, 7, 10, 1, 11, 23, 13, 3, 14, 63, 35, 56, 36, 50, 17, 54, 39, 20, 22, 4, 25, 5, 15, 6, 21, 53, 19, 40, 34, 38, 24, 18, 37 ],
[ 55, 35, 54, 58, 56, 62, 51, 39, 17, 53, 33, 19, 34, 36, 50, 38, 42, 64, 48, 46, 52, 63, 40, 61, 49, 24, 20, 4, 37, 6, 18, 22, 26, 57, 32, 30, 59, 60, 47, 44, 25, 15, 7, 1, 21, 3, 5, 10, 8, 41, 16, 12, 43, 45, 31, 28, 11, 13, 2, 14, 23, 29, 27, 9 ]
],
[ PermutationGroup<64 |  
\[ 2, 3, 4, 5, 6, 7, 8, 9, 10, 11, 12, 13, 14, 15, 16, 17, 18, 19, 20, 21, 22, 23, 24, 25, 26, 27, 28, 29, 30, 31, 32, 33, 34, 35, 36, 37, 38, 39, 40, 41, 42, 43, 44, 45, 46, 47, 48, 49, 50, 51, 52, 53, 54, 55, 56, 57, 58, 59, 60, 61, 62, 63, 64, 1 ],
\[ 2, 1, 3, 4, 5, 6, 7, 8, 9, 10, 11, 12, 13, 14, 15, 16, 17, 18, 19, 20, 21, 22, 23, 24, 25, 26, 27, 28, 29, 30, 31, 32, 33, 34, 35, 36, 37, 38, 39, 40, 41, 42, 43, 44, 45, 46, 47, 48, 49, 50, 51, 52, 53, 54, 55, 56, 57, 58, 59, 60, 61, 62, 63, 64 ]:
 Order := 126886932185884164103433389335161480802865516174545192198801894375214704230400000000000000 > |
[ 2, 9, 8, 7, 10, 1, 11, 12, 27, 13, 14, 28, 16, 23, 3, 26, 20, 22, 4, 25, 5, 15, 29, 6, 21, 30, 41, 43, 31, 44, 32, 42, 36, 38, 17, 40, 18, 24, 19, 37, 45, 46, 57, 59, 47, 49, 48, 58, 52, 54, 33, 56, 34, 39, 35, 53, 60, 51, 64, 61, 62, 55, 50, 63 ],
[ 43, 57, 44, 27, 32, 28, 41, 59, 60, 42, 45, 64, 46, 47, 30, 49, 14, 16, 9, 23, 31, 26, 48, 12, 29, 52, 61, 63, 58, 56, 51, 33, 21, 3, 11, 5, 13, 8, 2, 10, 62, 36, 50, 53, 55, 40, 35, 17, 37, 6, 25, 18, 15, 1, 7, 22, 54, 20, 34, 39, 19, 4, 24, 38 ],
[ 50, 54, 53, 61, 33, 63, 62, 34, 39, 36, 55, 38, 40, 35, 56, 37, 47, 49, 60, 48, 51, 52, 17, 64, 58, 18, 19, 24, 20, 22, 25, 21, 31, 44, 45, 32, 46, 59, 57, 42, 4, 5, 6, 15, 7, 10, 11, 14, 13, 28, 29, 16, 30, 43, 41, 26, 1, 23, 3, 2, 9, 27, 12, 8 ]
],
[ PermutationGroup<64 |  
\[ 2, 3, 4, 5, 6, 7, 8, 9, 10, 11, 12, 13, 14, 15, 16, 17, 18, 19, 20, 21, 22, 23, 24, 25, 26, 27, 28, 29, 30, 31, 32, 33, 34, 35, 36, 37, 38, 39, 40, 41, 42, 43, 44, 45, 46, 47, 48, 49, 50, 51, 52, 53, 54, 55, 56, 57, 58, 59, 60, 61, 62, 63, 64, 1 ],
