s := SolvableDBInitialize();

/*
Magma printing
*/

s`SolvableDBName := "64S1-64,64,32-g31-path4";
s`SolvableDBFilename := "64S1-64,64,32-g31-path4.m";
s`SolvableDBPassportName := "64S1-64,64,32-g31";
s`SolvableDBPathNumber := 4;
s`SolvableDBDegree := 64;
s`SolvableDBOrders := \[ 64, 64, 32 ];
s`SolvableDBType := "Hyperbolic";
s`SolvableDBGenus := 31;
s`SolvableDBGaloisOrbitSize := 2;
s`SolvableDBPassportSize := 16;
s`SolvableDBPointedPassportSize := 16;
s`SolvableDBLevel := 6;
s`SolvableDBBlocks := {@ PowerSet(IntegerRing()) |
{ IntegerRing() | 1, 5 },
{ IntegerRing() | 2, 12 },
{ IntegerRing() | 3, 17 },
{ IntegerRing() | 4, 21 },
{ IntegerRing() | 6, 16 },
{ IntegerRing() | 7, 11 },
{ IntegerRing() | 8, 10 },
{ IntegerRing() | 9, 30 },
{ IntegerRing() | 13, 29 },
{ IntegerRing() | 14, 28 },
{ IntegerRing() | 15, 41 },
{ IntegerRing() | 18, 40 },
{ IntegerRing() | 19, 33 },
{ IntegerRing() | 20, 43 },
{ IntegerRing() | 22, 44 },
{ IntegerRing() | 23, 35 },
{ IntegerRing() | 24, 45 },
{ IntegerRing() | 25, 36 },
{ IntegerRing() | 26, 34 },
{ IntegerRing() | 27, 51 },
{ IntegerRing() | 31, 50 },
{ IntegerRing() | 32, 49 },
{ IntegerRing() | 37, 54 },
{ IntegerRing() | 38, 53 },
{ IntegerRing() | 39, 59 },
{ IntegerRing() | 42, 58 },
{ IntegerRing() | 46, 61 },
{ IntegerRing() | 47, 57 },
{ IntegerRing() | 48, 63 },
{ IntegerRing() | 52, 60 },
{ IntegerRing() | 55, 62 },
{ IntegerRing() | 56, 64 }
@};
s`SolvableDBIsRamifiedAtEveryLevel := true;
s`SolvableDBGaloisOrbit := [ PowerSequence(PermutationGroup<64 |  
\[ 2, 3, 4, 5, 6, 7, 8, 9, 10, 11, 12, 13, 14, 15, 16, 17, 18, 19, 20, 21, 22, 23, 24, 25, 26, 27, 28, 29, 30, 31, 32, 33, 34, 35, 36, 37, 38, 39, 40, 41, 42, 43, 44, 45, 46, 47, 48, 49, 50, 51, 52, 53, 54, 55, 56, 57, 58, 59, 60, 61, 62, 63, 64, 1 ],
\[ 2, 1, 3, 4, 5, 6, 7, 8, 9, 10, 11, 12, 13, 14, 15, 16, 17, 18, 19, 20, 21, 22, 23, 24, 25, 26, 27, 28, 29, 30, 31, 32, 33, 34, 35, 36, 37, 38, 39, 40, 41, 42, 43, 44, 45, 46, 47, 48, 49, 50, 51, 52, 53, 54, 55, 56, 57, 58, 59, 60, 61, 62, 63, 64 ]:
 Order := 126886932185884164103433389335161480802865516174545192198801894375214704230400000000000000 >) |
[ PermutationGroup<64 |  
\[ 2, 3, 4, 5, 6, 7, 8, 9, 10, 11, 12, 13, 14, 15, 16, 17, 18, 19, 20, 21, 22, 23, 24, 25, 26, 27, 28, 29, 30, 31, 32, 33, 34, 35, 36, 37, 38, 39, 40, 41, 42, 43, 44, 45, 46, 47, 48, 49, 50, 51, 52, 53, 54, 55, 56, 57, 58, 59, 60, 61, 62, 63, 64, 1 ],
\[ 2, 1, 3, 4, 5, 6, 7, 8, 9, 10, 11, 12, 13, 14, 15, 16, 17, 18, 19, 20, 21, 22, 23, 24, 25, 26, 27, 28, 29, 30, 31, 32, 33, 34, 35, 36, 37, 38, 39, 40, 41, 42, 43, 44, 45, 46, 47, 48, 49, 50, 51, 52, 53, 54, 55, 56, 57, 58, 59, 60, 61, 62, 63, 64 ]:
 Order := 126886932185884164103433389335161480802865516174545192198801894375214704230400000000000000 > |
[ 12, 30, 8, 7, 2, 5, 29, 28, 51, 14, 13, 9, 50, 49, 19, 1, 10, 17, 26, 23, 11, 21, 25, 16, 54, 53, 57, 32, 31, 27, 60, 63, 34, 38, 36, 37, 62, 64, 43, 3, 33, 41, 35, 4, 6, 40, 44, 45, 48, 52, 47, 39, 56, 55, 42, 46, 22, 15, 20, 59, 18, 58, 24, 61 ],
[ 3, 10, 15, 16, 17, 18, 1, 19, 28, 33, 5, 8, 2, 34, 39, 40, 41, 42, 43, 44, 6, 45, 4, 46, 7, 35, 49, 26, 12, 14, 9, 53, 20, 23, 21, 11, 13, 25, 57, 58, 59, 60, 22, 24, 61, 62, 63, 64, 38, 30, 32, 27, 36, 29, 31, 37, 48, 52, 47, 51, 55, 50, 56, 54 ],
[ 4, 11, 16, 20, 21, 22, 23, 1, 29, 5, 35, 7, 36, 2, 40, 44, 6, 45, 3, 41, 43, 39, 33, 47, 34, 8, 50, 12, 25, 13, 54, 9, 17, 10, 19, 26, 53, 14, 58, 24, 18, 61, 15, 59, 57, 63, 60, 27, 30, 37, 31, 62, 28, 38, 64, 32, 52, 46, 42, 55, 48, 56, 51, 49 ]
],
[ PermutationGroup<64 |  
\[ 2, 3, 4, 5, 6, 7, 8, 9, 10, 11, 12, 13, 14, 15, 16, 17, 18, 19, 20, 21, 22, 23, 24, 25, 26, 27, 28, 29, 30, 31, 32, 33, 34, 35, 36, 37, 38, 39, 40, 41, 42, 43, 44, 45, 46, 47, 48, 49, 50, 51, 52, 53, 54, 55, 56, 57, 58, 59, 60, 61, 62, 63, 64, 1 ],
\[ 2, 1, 3, 4, 5, 6, 7, 8, 9, 10, 11, 12, 13, 14, 15, 16, 17, 18, 19, 20, 21, 22, 23, 24, 25, 26, 27, 28, 29, 30, 31, 32, 33, 34, 35, 36, 37, 38, 39, 40, 41, 42, 43, 44, 45, 46, 47, 48, 49, 50, 51, 52, 53, 54, 55, 56, 57, 58, 59, 60, 61, 62, 63, 64 ]:
 Order := 126886932185884164103433389335161480802865516174545192198801894375214704230400000000000000 > |
[ 2, 9, 10, 11, 12, 1, 13, 14, 27, 28, 29, 30, 31, 32, 33, 5, 8, 3, 34, 35, 7, 4, 36, 6, 37, 38, 47, 49, 50, 51, 52, 48, 26, 53, 25, 54, 55, 56, 20, 17, 19, 15, 23, 21, 16, 18, 22, 24, 63, 60, 57, 59, 64, 62, 58, 61, 44, 41, 43, 39, 40, 42, 45, 46 ],
[ 3, 10, 15, 16, 17, 18, 1, 19, 28, 33, 5, 8, 2, 34, 39, 40, 41, 42, 43, 44, 6, 45, 4, 46, 7, 35, 49, 26, 12, 14, 9, 53, 20, 23, 21, 11, 13, 25, 57, 58, 59, 60, 22, 24, 61, 62, 63, 64, 38, 30, 32, 27, 36, 29, 31, 37, 48, 52, 47, 51, 55, 50, 56, 54 ],
[ 21, 7, 6, 43, 4, 44, 35, 5, 13, 1, 23, 11, 25, 12, 18, 22, 16, 24, 17, 15, 20, 59, 19, 57, 26, 10, 31, 2, 36, 29, 37, 30, 3, 8, 33, 34, 38, 28, 42, 45, 40, 46, 41, 39, 47, 48, 52, 51, 9, 54, 50, 55, 14, 53, 56, 49, 60, 61, 58, 62, 63, 64, 27, 32 ]
]
];
s`SolvableDBPassport := [ PowerSequence(PermutationGroup<64 |  
\[ 2, 9, 10, 11, 12, 1, 13, 14, 27, 28, 29, 30, 31, 32, 33, 5, 8, 3, 34, 35, 7, 4, 36, 6, 37, 38, 47, 49, 50, 51, 52, 48, 26, 53, 25, 54, 55, 56, 20, 17, 19, 15, 23, 21, 16, 18, 22, 24, 63, 60, 57, 59, 64, 62, 58, 61, 44, 41, 43, 39, 40, 42, 45, 46 ],
\[ 3, 10, 15, 16, 17, 18, 1, 19, 28, 33, 5, 8, 2, 34, 39, 40, 41, 42, 43, 44, 6, 45, 4, 46, 7, 35, 49, 26, 12, 14, 9, 53, 20, 23, 21, 11, 13, 25, 57, 58, 59, 60, 22, 24, 61, 62, 63, 64, 38, 30, 32, 27, 36, 29, 31, 37, 48, 52, 47, 51, 55, 50, 56, 54 ],
\[ 21, 7, 6, 43, 4, 44, 35, 5, 13, 1, 23, 11, 25, 12, 18, 22, 16, 24, 17, 15, 20, 59, 19, 57, 26, 10, 31, 2, 36, 29, 37, 30, 3, 8, 33, 34, 38, 28, 42, 45, 40, 46, 41, 39, 47, 48, 52, 51, 9, 54, 50, 55, 14, 53, 56, 49, 60, 61, 58, 62, 63, 64, 27, 32 ]:
 Order := 64 >) |
[ PermutationGroup<64 |  
\[ 2, 9, 10, 11, 12, 1, 13, 14, 27, 28, 29, 30, 31, 32, 33, 5, 8, 3, 34, 35, 7, 4, 36, 6, 37, 38, 47, 49, 50, 51, 52, 48, 26, 53, 25, 54, 55, 56, 20, 17, 19, 15, 23, 21, 16, 18, 22, 24, 63, 60, 57, 59, 64, 62, 58, 61, 44, 41, 43, 39, 40, 42, 45, 46 ],
\[ 3, 10, 15, 16, 17, 18, 1, 19, 28, 33, 5, 8, 2, 34, 39, 40, 41, 42, 43, 44, 6, 45, 4, 46, 7, 35, 49, 26, 12, 14, 9, 53, 20, 23, 21, 11, 13, 25, 57, 58, 59, 60, 22, 24, 61, 62, 63, 64, 38, 30, 32, 27, 36, 29, 31, 37, 48, 52, 47, 51, 55, 50, 56, 54 ],
\[ 21, 7, 6, 43, 4, 44, 35, 5, 13, 1, 23, 11, 25, 12, 18, 22, 16, 24, 17, 15, 20, 59, 19, 57, 26, 10, 31, 2, 36, 29, 37, 30, 3, 8, 33, 34, 38, 28, 42, 45, 40, 46, 41, 39, 47, 48, 52, 51, 9, 54, 50, 55, 14, 53, 56, 49, 60, 61, 58, 62, 63, 64, 27, 32 ]:
 Order := 64 > |
[ 2, 9, 10, 11, 12, 1, 13, 14, 27, 28, 29, 30, 31, 32, 33, 5, 8, 3, 34, 35, 7, 4, 36, 6, 37, 38, 47, 49, 50, 51, 52, 48, 26, 53, 25, 54, 55, 56, 20, 17, 19, 15, 23, 21, 16, 18, 22, 24, 63, 60, 57, 59, 64, 62, 58, 61, 44, 41, 43, 39, 40, 42, 45, 46 ],
[ 2, 9, 10, 11, 12, 1, 13, 14, 27, 28, 29, 30, 31, 32, 33, 5, 8, 3, 34, 35, 7, 4, 36, 6, 37, 38, 47, 49, 50, 51, 52, 48, 26, 53, 25, 54, 55, 56, 20, 17, 19, 15, 23, 21, 16, 18, 22, 24, 63, 60, 57, 59, 64, 62, 58, 61, 44, 41, 43, 39, 40, 42, 45, 46 ],
[ 24, 6, 46, 47, 45, 48, 44, 40, 1, 18, 22, 16, 21, 17, 62, 63, 61, 64, 58, 60, 57, 27, 59, 32, 20, 15, 2, 3, 4, 5, 7, 8, 42, 41, 39, 43, 35, 33, 50, 56, 55, 54, 52, 51, 49, 53, 9, 14, 10, 11, 12, 13, 19, 23, 25, 26, 30, 37, 31, 29, 38, 36, 28, 34 ]
],
[ PermutationGroup<64 |  
\[ 2, 9, 10, 11, 12, 1, 13, 14, 27, 28, 29, 30, 31, 32, 33, 5, 8, 3, 34, 35, 7, 4, 36, 6, 37, 38, 47, 49, 50, 51, 52, 48, 26, 53, 25, 54, 55, 56, 20, 17, 19, 15, 23, 21, 16, 18, 22, 24, 63, 60, 57, 59, 64, 62, 58, 61, 44, 41, 43, 39, 40, 42, 45, 46 ],
\[ 3, 10, 15, 16, 17, 18, 1, 19, 28, 33, 5, 8, 2, 34, 39, 40, 41, 42, 43, 44, 6, 45, 4, 46, 7, 35, 49, 26, 12, 14, 9, 53, 20, 23, 21, 11, 13, 25, 57, 58, 59, 60, 22, 24, 61, 62, 63, 64, 38, 30, 32, 27, 36, 29, 31, 37, 48, 52, 47, 51, 55, 50, 56, 54 ],
\[ 21, 7, 6, 43, 4, 44, 35, 5, 13, 1, 23, 11, 25, 12, 18, 22, 16, 24, 17, 15, 20, 59, 19, 57, 26, 10, 31, 2, 36, 29, 37, 30, 3, 8, 33, 34, 38, 28, 42, 45, 40, 46, 41, 39, 47, 48, 52, 51, 9, 54, 50, 55, 14, 53, 56, 49, 60, 61, 58, 62, 63, 64, 27, 32 ]:
 Order := 64 > |
[ 2, 9, 10, 11, 12, 1, 13, 14, 27, 28, 29, 30, 31, 32, 33, 5, 8, 3, 34, 35, 7, 4, 36, 6, 37, 38, 47, 49, 50, 51, 52, 48, 26, 53, 25, 54, 55, 56, 20, 17, 19, 15, 23, 21, 16, 18, 22, 24, 63, 60, 57, 59, 64, 62, 58, 61, 44, 41, 43, 39, 40, 42, 45, 46 ],
[ 35, 25, 21, 19, 23, 20, 26, 11, 37, 7, 34, 36, 38, 29, 6, 43, 4, 44, 5, 3, 33, 41, 8, 39, 28, 2, 55, 13, 53, 54, 56, 50, 1, 12, 10, 14, 49, 9, 18, 22, 16, 24, 17, 15, 59, 57, 58, 60, 31, 64, 62, 61, 30, 32, 63, 27, 42, 45, 40, 46, 47, 48, 52, 51 ],
[ 15, 33, 39, 40, 41, 42, 3, 43, 26, 20, 17, 19, 10, 23, 57, 58, 59, 60, 22, 24, 18, 61, 16, 62, 1, 21, 38, 35, 8, 34, 28, 36, 44, 4, 6, 5, 2, 7, 48, 52, 47, 51, 45, 46, 55, 50, 56, 54, 25, 14, 53, 49, 11, 12, 9, 13, 64, 27, 63, 32, 31, 30, 37, 29 ]
],
[ PermutationGroup<64 |  
\[ 2, 9, 10, 11, 12, 1, 13, 14, 27, 28, 29, 30, 31, 32, 33, 5, 8, 3, 34, 35, 7, 4, 36, 6, 37, 38, 47, 49, 50, 51, 52, 48, 26, 53, 25, 54, 55, 56, 20, 17, 19, 15, 23, 21, 16, 18, 22, 24, 63, 60, 57, 59, 64, 62, 58, 61, 44, 41, 43, 39, 40, 42, 45, 46 ],
\[ 3, 10, 15, 16, 17, 18, 1, 19, 28, 33, 5, 8, 2, 34, 39, 40, 41, 42, 43, 44, 6, 45, 4, 46, 7, 35, 49, 26, 12, 14, 9, 53, 20, 23, 21, 11, 13, 25, 57, 58, 59, 60, 22, 24, 61, 62, 63, 64, 38, 30, 32, 27, 36, 29, 31, 37, 48, 52, 47, 51, 55, 50, 56, 54 ],
\[ 21, 7, 6, 43, 4, 44, 35, 5, 13, 1, 23, 11, 25, 12, 18, 22, 16, 24, 17, 15, 20, 59, 19, 57, 26, 10, 31, 2, 36, 29, 37, 30, 3, 8, 33, 34, 38, 28, 42, 45, 40, 46, 41, 39, 47, 48, 52, 51, 9, 54, 50, 55, 14, 53, 56, 49, 60, 61, 58, 62, 63, 64, 27, 32 ]:
 Order := 64 > |
[ 2, 9, 10, 11, 12, 1, 13, 14, 27, 28, 29, 30, 31, 32, 33, 5, 8, 3, 34, 35, 7, 4, 36, 6, 37, 38, 47, 49, 50, 51, 52, 48, 26, 53, 25, 54, 55, 56, 20, 17, 19, 15, 23, 21, 16, 18, 22, 24, 63, 60, 57, 59, 64, 62, 58, 61, 44, 41, 43, 39, 40, 42, 45, 46 ],
[ 17, 8, 41, 6, 3, 40, 5, 33, 14, 19, 1, 10, 12, 26, 59, 18, 15, 58, 20, 22, 16, 24, 21, 61, 11, 23, 32, 34, 2, 28, 30, 38, 43, 35, 4, 7, 29, 36, 47, 42, 39, 52, 44, 45, 46, 55, 48, 56, 53, 9, 49, 51, 25, 13, 50, 54, 63, 60, 57, 27, 62, 31, 64, 37 ],
[ 4, 11, 16, 20, 21, 22, 23, 1, 29, 5, 35, 7, 36, 2, 40, 44, 6, 45, 3, 41, 43, 39, 33, 47, 34, 8, 50, 12, 25, 13, 54, 9, 17, 10, 19, 26, 53, 14, 58, 24, 18, 61, 15, 59, 57, 63, 60, 27, 30, 37, 31, 62, 28, 38, 64, 32, 52, 46, 42, 55, 48, 56, 51, 49 ]
],
[ PermutationGroup<64 |  
\[ 2, 9, 10, 11, 12, 1, 13, 14, 27, 28, 29, 30, 31, 32, 33, 5, 8, 3, 34, 35, 7, 4, 36, 6, 37, 38, 47, 49, 50, 51, 52, 48, 26, 53, 25, 54, 55, 56, 20, 17, 19, 15, 23, 21, 16, 18, 22, 24, 63, 60, 57, 59, 64, 62, 58, 61, 44, 41, 43, 39, 40, 42, 45, 46 ],
\[ 3, 10, 15, 16, 17, 18, 1, 19, 28, 33, 5, 8, 2, 34, 39, 40, 41, 42, 43, 44, 6, 45, 4, 46, 7, 35, 49, 26, 12, 14, 9, 53, 20, 23, 21, 11, 13, 25, 57, 58, 59, 60, 22, 24, 61, 62, 63, 64, 38, 30, 32, 27, 36, 29, 31, 37, 48, 52, 47, 51, 55, 50, 56, 54 ],
\[ 21, 7, 6, 43, 4, 44, 35, 5, 13, 1, 23, 11, 25, 12, 18, 22, 16, 24, 17, 15, 20, 59, 19, 57, 26, 10, 31, 2, 36, 29, 37, 30, 3, 8, 33, 34, 38, 28, 42, 45, 40, 46, 41, 39, 47, 48, 52, 51, 9, 54, 50, 55, 14, 53, 56, 49, 60, 61, 58, 62, 63, 64, 27, 32 ]:
 Order := 64 > |
[ 2, 9, 10, 11, 12, 1, 13, 14, 27, 28, 29, 30, 31, 32, 33, 5, 8, 3, 34, 35, 7, 4, 36, 6, 37, 38, 47, 49, 50, 51, 52, 48, 26, 53, 25, 54, 55, 56, 20, 17, 19, 15, 23, 21, 16, 18, 22, 24, 63, 60, 57, 59, 64, 62, 58, 61, 44, 41, 43, 39, 40, 42, 45, 46 ],
[ 31, 52, 9, 54, 50, 13, 55, 51, 59, 27, 62, 60, 58, 57, 28, 29, 30, 2, 32, 38, 37, 36, 64, 7, 61, 63, 43, 47, 42, 39, 41, 44, 49, 48, 56, 46, 40, 45, 26, 12, 14, 10, 53, 25, 11, 1, 23, 21, 22, 15, 20, 19, 24, 18, 17, 16, 35, 8, 34, 33, 5, 3, 4, 6 ],
[ 64, 46, 54, 49, 56, 53, 48, 55, 18, 62, 63, 61, 24, 58, 29, 38, 37, 36, 31, 30, 32, 28, 27, 34, 57, 60, 3, 42, 45, 40, 6, 41, 50, 52, 51, 47, 44, 39, 12, 25, 13, 11, 9, 14, 26, 23, 10, 19, 15, 16, 17, 1, 59, 22, 21, 20, 8, 7, 2, 5, 35, 4, 33, 43 ]
],
[ PermutationGroup<64 |  
\[ 2, 9, 10, 11, 12, 1, 13, 14, 27, 28, 29, 30, 31, 32, 33, 5, 8, 3, 34, 35, 7, 4, 36, 6, 37, 38, 47, 49, 50, 51, 52, 48, 26, 53, 25, 54, 55, 56, 20, 17, 19, 15, 23, 21, 16, 18, 22, 24, 63, 60, 57, 59, 64, 62, 58, 61, 44, 41, 43, 39, 40, 42, 45, 46 ],
\[ 3, 10, 15, 16, 17, 18, 1, 19, 28, 33, 5, 8, 2, 34, 39, 40, 41, 42, 43, 44, 6, 45, 4, 46, 7, 35, 49, 26, 12, 14, 9, 53, 20, 23, 21, 11, 13, 25, 57, 58, 59, 60, 22, 24, 61, 62, 63, 64, 38, 30, 32, 27, 36, 29, 31, 37, 48, 52, 47, 51, 55, 50, 56, 54 ],
\[ 21, 7, 6, 43, 4, 44, 35, 5, 13, 1, 23, 11, 25, 12, 18, 22, 16, 24, 17, 15, 20, 59, 19, 57, 26, 10, 31, 2, 36, 29, 37, 30, 3, 8, 33, 34, 38, 28, 42, 45, 40, 46, 41, 39, 47, 48, 52, 51, 9, 54, 50, 55, 14, 53, 56, 49, 60, 61, 58, 62, 63, 64, 27, 32 ]:
 Order := 64 > |
[ 2, 9, 10, 11, 12, 1, 13, 14, 27, 28, 29, 30, 31, 32, 33, 5, 8, 3, 34, 35, 7, 4, 36, 6, 37, 38, 47, 49, 50, 51, 52, 48, 26, 53, 25, 54, 55, 56, 20, 17, 19, 15, 23, 21, 16, 18, 22, 24, 63, 60, 57, 59, 64, 62, 58, 61, 44, 41, 43, 39, 40, 42, 45, 46 ],
[ 44, 21, 24, 59, 22, 57, 20, 16, 7, 6, 43, 4, 35, 5, 46, 47, 45, 48, 40, 42, 39, 52, 41, 51, 33, 3, 13, 1, 23, 11, 25, 12, 18, 17, 15, 19, 26, 10, 62, 63, 61, 64, 58, 60, 27, 32, 31, 30, 2, 36, 29, 37, 8, 34, 38, 28, 50, 56, 55, 54, 49, 53, 9, 14 ],
[ 10, 28, 33, 5, 8, 3, 2, 34, 49, 26, 12, 14, 9, 53, 20, 17, 19, 15, 23, 21, 1, 16, 11, 18, 13, 25, 63, 38, 30, 32, 27, 64, 35, 36, 7, 29, 31, 37, 44, 41, 43, 39, 4, 6, 40, 42, 45, 46, 56, 51, 48, 47, 54, 50, 52, 55, 24, 59, 22, 57, 58, 60, 61, 62 ]
],
[ PermutationGroup<64 |  
\[ 2, 9, 10, 11, 12, 1, 13, 14, 27, 28, 29, 30, 31, 32, 33, 5, 8, 3, 34, 35, 7, 4, 36, 6, 37, 38, 47, 49, 50, 51, 52, 48, 26, 53, 25, 54, 55, 56, 20, 17, 19, 15, 23, 21, 16, 18, 22, 24, 63, 60, 57, 59, 64, 62, 58, 61, 44, 41, 43, 39, 40, 42, 45, 46 ],
\[ 3, 10, 15, 16, 17, 18, 1, 19, 28, 33, 5, 8, 2, 34, 39, 40, 41, 42, 43, 44, 6, 45, 4, 46, 7, 35, 49, 26, 12, 14, 9, 53, 20, 23, 21, 11, 13, 25, 57, 58, 59, 60, 22, 24, 61, 62, 63, 64, 38, 30, 32, 27, 36, 29, 31, 37, 48, 52, 47, 51, 55, 50, 56, 54 ],
\[ 21, 7, 6, 43, 4, 44, 35, 5, 13, 1, 23, 11, 25, 12, 18, 22, 16, 24, 17, 15, 20, 59, 19, 57, 26, 10, 31, 2, 36, 29, 37, 30, 3, 8, 33, 34, 38, 28, 42, 45, 40, 46, 41, 39, 47, 48, 52, 51, 9, 54, 50, 55, 14, 53, 56, 49, 60, 61, 58, 62, 63, 64, 27, 32 ]:
 Order := 64 > |
[ 2, 9, 10, 11, 12, 1, 13, 14, 27, 28, 29, 30, 31, 32, 33, 5, 8, 3, 34, 35, 7, 4, 36, 6, 37, 38, 47, 49, 50, 51, 52, 48, 26, 53, 25, 54, 55, 56, 20, 17, 19, 15, 23, 21, 16, 18, 22, 24, 63, 60, 57, 59, 64, 62, 58, 61, 44, 41, 43, 39, 40, 42, 45, 46 ],
[ 53, 64, 36, 28, 38, 34, 32, 37, 46, 54, 49, 56, 48, 55, 11, 26, 25, 23, 13, 12, 14, 10, 9, 19, 51, 50, 18, 62, 63, 61, 24, 58, 29, 31, 30, 27, 57, 60, 5, 35, 7, 4, 2, 8, 33, 43, 3, 41, 42, 45, 40, 6, 52, 47, 44, 39, 17, 21, 1, 16, 20, 22, 15, 59 ],
[ 52, 59, 27, 62, 60, 31, 58, 57, 43, 47, 42, 39, 41, 44, 49, 50, 51, 9, 48, 56, 55, 54, 46, 13, 40, 45, 23, 22, 15, 20, 19, 21, 63, 24, 61, 18, 17, 16, 38, 30, 32, 28, 64, 37, 29, 2, 36, 7, 4, 33, 35, 34, 6, 3, 8, 5, 25, 14, 53, 26, 12, 10, 11, 1 ]
],
[ PermutationGroup<64 |  
\[ 2, 9, 10, 11, 12, 1, 13, 14, 27, 28, 29, 30, 31, 32, 33, 5, 8, 3, 34, 35, 7, 4, 36, 6, 37, 38, 47, 49, 50, 51, 52, 48, 26, 53, 25, 54, 55, 56, 20, 17, 19, 15, 23, 21, 16, 18, 22, 24, 63, 60, 57, 59, 64, 62, 58, 61, 44, 41, 43, 39, 40, 42, 45, 46 ],
\[ 3, 10, 15, 16, 17, 18, 1, 19, 28, 33, 5, 8, 2, 34, 39, 40, 41, 42, 43, 44, 6, 45, 4, 46, 7, 35, 49, 26, 12, 14, 9, 53, 20, 23, 21, 11, 13, 25, 57, 58, 59, 60, 22, 24, 61, 62, 63, 64, 38, 30, 32, 27, 36, 29, 31, 37, 48, 52, 47, 51, 55, 50, 56, 54 ],
\[ 21, 7, 6, 43, 4, 44, 35, 5, 13, 1, 23, 11, 25, 12, 18, 22, 16, 24, 17, 15, 20, 59, 19, 57, 26, 10, 31, 2, 36, 29, 37, 30, 3, 8, 33, 34, 38, 28, 42, 45, 40, 46, 41, 39, 47, 48, 52, 51, 9, 54, 50, 55, 14, 53, 56, 49, 60, 61, 58, 62, 63, 64, 27, 32 ]:
 Order := 64 > |
[ 2, 9, 10, 11, 12, 1, 13, 14, 27, 28, 29, 30, 31, 32, 33, 5, 8, 3, 34, 35, 7, 4, 36, 6, 37, 38, 47, 49, 50, 51, 52, 48, 26, 53, 25, 54, 55, 56, 20, 17, 19, 15, 23, 21, 16, 18, 22, 24, 63, 60, 57, 59, 64, 62, 58, 61, 44, 41, 43, 39, 40, 42, 45, 46 ],
[ 42, 15, 60, 61, 58, 62, 18, 59, 33, 39, 40, 41, 3, 43, 51, 55, 52, 50, 47, 48, 46, 56, 45, 54, 6, 44, 26, 20, 17, 19, 10, 23, 57, 22, 24, 16, 1, 21, 32, 31, 27, 30, 63, 64, 37, 29, 38, 36, 35, 8, 34, 28, 4, 5, 2, 7, 53, 9, 49, 14, 13, 12, 25, 11 ],
[ 25, 37, 7, 34, 36, 35, 38, 29, 55, 13, 53, 54, 56, 50, 1, 23, 11, 21, 12, 10, 26, 19, 14, 20, 49, 9, 58, 31, 64, 62, 61, 60, 2, 30, 28, 32, 63, 27, 3, 4, 5, 6, 8, 33, 43, 44, 41, 39, 52, 46, 42, 40, 51, 48, 45, 47, 15, 16, 17, 18, 22, 24, 59, 57 ]
],
[ PermutationGroup<64 |  
\[ 2, 9, 10, 11, 12, 1, 13, 14, 27, 28, 29, 30, 31, 32, 33, 5, 8, 3, 34, 35, 7, 4, 36, 6, 37, 38, 47, 49, 50, 51, 52, 48, 26, 53, 25, 54, 55, 56, 20, 17, 19, 15, 23, 21, 16, 18, 22, 24, 63, 60, 57, 59, 64, 62, 58, 61, 44, 41, 43, 39, 40, 42, 45, 46 ],
\[ 3, 10, 15, 16, 17, 18, 1, 19, 28, 33, 5, 8, 2, 34, 39, 40, 41, 42, 43, 44, 6, 45, 4, 46, 7, 35, 49, 26, 12, 14, 9, 53, 20, 23, 21, 11, 13, 25, 57, 58, 59, 60, 22, 24, 61, 62, 63, 64, 38, 30, 32, 27, 36, 29, 31, 37, 48, 52, 47, 51, 55, 50, 56, 54 ],
\[ 21, 7, 6, 43, 4, 44, 35, 5, 13, 1, 23, 11, 25, 12, 18, 22, 16, 24, 17, 15, 20, 59, 19, 57, 26, 10, 31, 2, 36, 29, 37, 30, 3, 8, 33, 34, 38, 28, 42, 45, 40, 46, 41, 39, 47, 48, 52, 51, 9, 54, 50, 55, 14, 53, 56, 49, 60, 61, 58, 62, 63, 64, 27, 32 ]:
 Order := 64 > |
[ 2, 9, 10, 11, 12, 1, 13, 14, 27, 28, 29, 30, 31, 32, 33, 5, 8, 3, 34, 35, 7, 4, 36, 6, 37, 38, 47, 49, 50, 51, 52, 48, 26, 53, 25, 54, 55, 56, 20, 17, 19, 15, 23, 21, 16, 18, 22, 24, 63, 60, 57, 59, 64, 62, 58, 61, 44, 41, 43, 39, 40, 42, 45, 46 ],
[ 12, 30, 8, 7, 2, 5, 29, 28, 51, 14, 13, 9, 50, 49, 19, 1, 10, 17, 26, 23, 11, 21, 25, 16, 54, 53, 57, 32, 31, 27, 60, 63, 34, 38, 36, 37, 62, 64, 43, 3, 33, 41, 35, 4, 6, 40, 44, 45, 48, 52, 47, 39, 56, 55, 42, 46, 22, 15, 20, 59, 18, 58, 24, 61 ],
[ 45, 16, 61, 57, 24, 63, 22, 18, 5, 40, 44, 6, 4, 3, 55, 48, 46, 56, 42, 52, 47, 51, 39, 49, 43, 41, 12, 17, 21, 1, 11, 10, 58, 15, 59, 20, 23, 19, 31, 64, 62, 37, 60, 27, 32, 38, 30, 28, 8, 7, 2, 29, 33, 35, 36, 34, 9, 54, 50, 13, 53, 25, 14, 26 ]
],
[ PermutationGroup<64 |  
\[ 2, 9, 10, 11, 12, 1, 13, 14, 27, 28, 29, 30, 31, 32, 33, 5, 8, 3, 34, 35, 7, 4, 36, 6, 37, 38, 47, 49, 50, 51, 52, 48, 26, 53, 25, 54, 55, 56, 20, 17, 19, 15, 23, 21, 16, 18, 22, 24, 63, 60, 57, 59, 64, 62, 58, 61, 44, 41, 43, 39, 40, 42, 45, 46 ],
\[ 3, 10, 15, 16, 17, 18, 1, 19, 28, 33, 5, 8, 2, 34, 39, 40, 41, 42, 43, 44, 6, 45, 4, 46, 7, 35, 49, 26, 12, 14, 9, 53, 20, 23, 21, 11, 13, 25, 57, 58, 59, 60, 22, 24, 61, 62, 63, 64, 38, 30, 32, 27, 36, 29, 31, 37, 48, 52, 47, 51, 55, 50, 56, 54 ],
\[ 21, 7, 6, 43, 4, 44, 35, 5, 13, 1, 23, 11, 25, 12, 18, 22, 16, 24, 17, 15, 20, 59, 19, 57, 26, 10, 31, 2, 36, 29, 37, 30, 3, 8, 33, 34, 38, 28, 42, 45, 40, 46, 41, 39, 47, 48, 52, 51, 9, 54, 50, 55, 14, 53, 56, 49, 60, 61, 58, 62, 63, 64, 27, 32 ]:
 Order := 64 > |
[ 2, 9, 10, 11, 12, 1, 13, 14, 27, 28, 29, 30, 31, 32, 33, 5, 8, 3, 34, 35, 7, 4, 36, 6, 37, 38, 47, 49, 50, 51, 52, 48, 26, 53, 25, 54, 55, 56, 20, 17, 19, 15, 23, 21, 16, 18, 22, 24, 63, 60, 57, 59, 64, 62, 58, 61, 44, 41, 43, 39, 40, 42, 45, 46 ],
[ 58, 41, 52, 46, 42, 55, 40, 39, 19, 59, 18, 15, 17, 20, 27, 62, 60, 31, 57, 63, 61, 64, 24, 37, 16, 22, 34, 43, 3, 33, 8, 35, 47, 44, 45, 6, 5, 4, 49, 50, 51, 9, 48, 56, 54, 13, 53, 25, 23, 10, 26, 14, 21, 1, 12, 11, 38, 30, 32, 28, 29, 2, 36, 7 ],
[ 36, 54, 11, 26, 25, 23, 53, 13, 62, 29, 38, 37, 64, 31, 5, 35, 7, 4, 2, 8, 34, 33, 28, 43, 32, 30, 42, 50, 56, 55, 46, 52, 12, 9, 14, 49, 48, 51, 17, 21, 1, 16, 10, 19, 20, 22, 15, 59, 60, 61, 58, 18, 27, 63, 24, 57, 41, 6, 3, 40, 44, 45, 39, 47 ]
],
[ PermutationGroup<64 |  
\[ 2, 9, 10, 11, 12, 1, 13, 14, 27, 28, 29, 30, 31, 32, 33, 5, 8, 3, 34, 35, 7, 4, 36, 6, 37, 38, 47, 49, 50, 51, 52, 48, 26, 53, 25, 54, 55, 56, 20, 17, 19, 15, 23, 21, 16, 18, 22, 24, 63, 60, 57, 59, 64, 62, 58, 61, 44, 41, 43, 39, 40, 42, 45, 46 ],
\[ 3, 10, 15, 16, 17, 18, 1, 19, 28, 33, 5, 8, 2, 34, 39, 40, 41, 42, 43, 44, 6, 45, 4, 46, 7, 35, 49, 26, 12, 14, 9, 53, 20, 23, 21, 11, 13, 25, 57, 58, 59, 60, 22, 24, 61, 62, 63, 64, 38, 30, 32, 27, 36, 29, 31, 37, 48, 52, 47, 51, 55, 50, 56, 54 ],
\[ 21, 7, 6, 43, 4, 44, 35, 5, 13, 1, 23, 11, 25, 12, 18, 22, 16, 24, 17, 15, 20, 59, 19, 57, 26, 10, 31, 2, 36, 29, 37, 30, 3, 8, 33, 34, 38, 28, 42, 45, 40, 46, 41, 39, 47, 48, 52, 51, 9, 54, 50, 55, 14, 53, 56, 49, 60, 61, 58, 62, 63, 64, 27, 32 ]:
 Order := 64 > |
[ 2, 9, 10, 11, 12, 1, 13, 14, 27, 28, 29, 30, 31, 32, 33, 5, 8, 3, 34, 35, 7, 4, 36, 6, 37, 38, 47, 49, 50, 51, 52, 48, 26, 53, 25, 54, 55, 56, 20, 17, 19, 15, 23, 21, 16, 18, 22, 24, 63, 60, 57, 59, 64, 62, 58, 61, 44, 41, 43, 39, 40, 42, 45, 46 ],
[ 48, 24, 64, 27, 63, 32, 57, 61, 6, 46, 47, 45, 44, 40, 54, 49, 56, 53, 55, 50, 51, 9, 52, 14, 39, 42, 1, 18, 22, 16, 21, 17, 62, 58, 60, 59, 20, 15, 29, 38, 37, 36, 31, 30, 28, 34, 2, 8, 3, 4, 5, 7, 41, 43, 35, 33, 12, 25, 13, 11, 26, 23, 10, 19 ],
[ 9, 27, 28, 29, 30, 2, 31, 32, 47, 49, 50, 51, 52, 48, 26, 12, 14, 10, 53, 25, 13, 11, 54, 1, 55, 56, 22, 63, 60, 57, 59, 24, 38, 64, 37, 62, 58, 61, 35, 8, 34, 33, 36, 7, 5, 3, 4, 6, 45, 39, 44, 43, 46, 42, 41, 40, 21, 19, 23, 20, 17, 15, 16, 18 ]
],
[ PermutationGroup<64 |  
\[ 2, 9, 10, 11, 12, 1, 13, 14, 27, 28, 29, 30, 31, 32, 33, 5, 8, 3, 34, 35, 7, 4, 36, 6, 37, 38, 47, 49, 50, 51, 52, 48, 26, 53, 25, 54, 55, 56, 20, 17, 19, 15, 23, 21, 16, 18, 22, 24, 63, 60, 57, 59, 64, 62, 58, 61, 44, 41, 43, 39, 40, 42, 45, 46 ],
\[ 3, 10, 15, 16, 17, 18, 1, 19, 28, 33, 5, 8, 2, 34, 39, 40, 41, 42, 43, 44, 6, 45, 4, 46, 7, 35, 49, 26, 12, 14, 9, 53, 20, 23, 21, 11, 13, 25, 57, 58, 59, 60, 22, 24, 61, 62, 63, 64, 38, 30, 32, 27, 36, 29, 31, 37, 48, 52, 47, 51, 55, 50, 56, 54 ],
\[ 21, 7, 6, 43, 4, 44, 35, 5, 13, 1, 23, 11, 25, 12, 18, 22, 16, 24, 17, 15, 20, 59, 19, 57, 26, 10, 31, 2, 36, 29, 37, 30, 3, 8, 33, 34, 38, 28, 42, 45, 40, 46, 41, 39, 47, 48, 52, 51, 9, 54, 50, 55, 14, 53, 56, 49, 60, 61, 58, 62, 63, 64, 27, 32 ]:
 Order := 64 > |
[ 2, 9, 10, 11, 12, 1, 13, 14, 27, 28, 29, 30, 31, 32, 33, 5, 8, 3, 34, 35, 7, 4, 36, 6, 37, 38, 47, 49, 50, 51, 52, 48, 26, 53, 25, 54, 55, 56, 20, 17, 19, 15, 23, 21, 16, 18, 22, 24, 63, 60, 57, 59, 64, 62, 58, 61, 44, 41, 43, 39, 40, 42, 45, 46 ],
[ 23, 36, 4, 33, 35, 43, 34, 7, 54, 11, 26, 25, 53, 13, 16, 20, 21, 22, 1, 17, 19, 15, 10, 59, 14, 12, 62, 29, 38, 37, 64, 31, 5, 2, 8, 28, 32, 30, 40, 44, 6, 45, 3, 41, 39, 47, 42, 52, 50, 56, 55, 46, 9, 49, 48, 51, 58, 24, 18, 61, 57, 63, 60, 27 ],
[ 41, 19, 59, 18, 15, 58, 17, 20, 34, 43, 3, 33, 8, 35, 47, 42, 39, 52, 44, 45, 40, 46, 6, 55, 5, 4, 53, 23, 10, 26, 14, 25, 22, 21, 16, 1, 12, 11, 63, 60, 57, 27, 24, 61, 62, 31, 64, 37, 36, 28, 38, 32, 7, 2, 30, 29, 56, 51, 48, 49, 50, 9, 54, 13 ]
],
[ PermutationGroup<64 |  
\[ 2, 9, 10, 11, 12, 1, 13, 14, 27, 28, 29, 30, 31, 32, 33, 5, 8, 3, 34, 35, 7, 4, 36, 6, 37, 38, 47, 49, 50, 51, 52, 48, 26, 53, 25, 54, 55, 56, 20, 17, 19, 15, 23, 21, 16, 18, 22, 24, 63, 60, 57, 59, 64, 62, 58, 61, 44, 41, 43, 39, 40, 42, 45, 46 ],
\[ 3, 10, 15, 16, 17, 18, 1, 19, 28, 33, 5, 8, 2, 34, 39, 40, 41, 42, 43, 44, 6, 45, 4, 46, 7, 35, 49, 26, 12, 14, 9, 53, 20, 23, 21, 11, 13, 25, 57, 58, 59, 60, 22, 24, 61, 62, 63, 64, 38, 30, 32, 27, 36, 29, 31, 37, 48, 52, 47, 51, 55, 50, 56, 54 ],
\[ 21, 7, 6, 43, 4, 44, 35, 5, 13, 1, 23, 11, 25, 12, 18, 22, 16, 24, 17, 15, 20, 59, 19, 57, 26, 10, 31, 2, 36, 29, 37, 30, 3, 8, 33, 34, 38, 28, 42, 45, 40, 46, 41, 39, 47, 48, 52, 51, 9, 54, 50, 55, 14, 53, 56, 49, 60, 61, 58, 62, 63, 64, 27, 32 ]:
 Order := 64 > |
[ 2, 9, 10, 11, 12, 1, 13, 14, 27, 28, 29, 30, 31, 32, 33, 5, 8, 3, 34, 35, 7, 4, 36, 6, 37, 38, 47, 49, 50, 51, 52, 48, 26, 53, 25, 54, 55, 56, 20, 17, 19, 15, 23, 21, 16, 18, 22, 24, 63, 60, 57, 59, 64, 62, 58, 61, 44, 41, 43, 39, 40, 42, 45, 46 ],
[ 63, 45, 56, 51, 48, 49, 47, 46, 16, 61, 57, 24, 22, 18, 37, 32, 64, 38, 62, 31, 27, 30, 60, 28, 59, 58, 5, 40, 44, 6, 4, 3, 55, 42, 52, 39, 43, 41, 13, 53, 54, 25, 50, 9, 14, 26, 12, 10, 17, 21, 1, 11, 15, 20, 23, 19, 2, 36, 29, 7, 34, 35, 8, 33 ],
[ 30, 51, 14, 13, 9, 12, 50, 49, 57, 32, 31, 27, 60, 63, 34, 2, 28, 8, 38, 36, 29, 7, 37, 5, 62, 64, 44, 48, 52, 47, 39, 45, 53, 56, 54, 55, 42, 46, 23, 10, 26, 19, 25, 11, 1, 17, 21, 16, 24, 59, 22, 20, 61, 58, 15, 18, 4, 33, 35, 43, 3, 41, 6, 40 ]
],
[ PermutationGroup<64 |  
\[ 2, 9, 10, 11, 12, 1, 13, 14, 27, 28, 29, 30, 31, 32, 33, 5, 8, 3, 34, 35, 7, 4, 36, 6, 37, 38, 47, 49, 50, 51, 52, 48, 26, 53, 25, 54, 55, 56, 20, 17, 19, 15, 23, 21, 16, 18, 22, 24, 63, 60, 57, 59, 64, 62, 58, 61, 44, 41, 43, 39, 40, 42, 45, 46 ],
\[ 3, 10, 15, 16, 17, 18, 1, 19, 28, 33, 5, 8, 2, 34, 39, 40, 41, 42, 43, 44, 6, 45, 4, 46, 7, 35, 49, 26, 12, 14, 9, 53, 20, 23, 21, 11, 13, 25, 57, 58, 59, 60, 22, 24, 61, 62, 63, 64, 38, 30, 32, 27, 36, 29, 31, 37, 48, 52, 47, 51, 55, 50, 56, 54 ],
\[ 21, 7, 6, 43, 4, 44, 35, 5, 13, 1, 23, 11, 25, 12, 18, 22, 16, 24, 17, 15, 20, 59, 19, 57, 26, 10, 31, 2, 36, 29, 37, 30, 3, 8, 33, 34, 38, 28, 42, 45, 40, 46, 41, 39, 47, 48, 52, 51, 9, 54, 50, 55, 14, 53, 56, 49, 60, 61, 58, 62, 63, 64, 27, 32 ]:
 Order := 64 > |
[ 2, 9, 10, 11, 12, 1, 13, 14, 27, 28, 29, 30, 31, 32, 33, 5, 8, 3, 34, 35, 7, 4, 36, 6, 37, 38, 47, 49, 50, 51, 52, 48, 26, 53, 25, 54, 55, 56, 20, 17, 19, 15, 23, 21, 16, 18, 22, 24, 63, 60, 57, 59, 64, 62, 58, 61, 44, 41, 43, 39, 40, 42, 45, 46 ],
[ 3, 10, 15, 16, 17, 18, 1, 19, 28, 33, 5, 8, 2, 34, 39, 40, 41, 42, 43, 44, 6, 45, 4, 46, 7, 35, 49, 26, 12, 14, 9, 53, 20, 23, 21, 11, 13, 25, 57, 58, 59, 60, 22, 24, 61, 62, 63, 64, 38, 30, 32, 27, 36, 29, 31, 37, 48, 52, 47, 51, 55, 50, 56, 54 ],
[ 21, 7, 6, 43, 4, 44, 35, 5, 13, 1, 23, 11, 25, 12, 18, 22, 16, 24, 17, 15, 20, 59, 19, 57, 26, 10, 31, 2, 36, 29, 37, 30, 3, 8, 33, 34, 38, 28, 42, 45, 40, 46, 41, 39, 47, 48, 52, 51, 9, 54, 50, 55, 14, 53, 56, 49, 60, 61, 58, 62, 63, 64, 27, 32 ]
],
[ PermutationGroup<64 |  
\[ 2, 9, 10, 11, 12, 1, 13, 14, 27, 28, 29, 30, 31, 32, 33, 5, 8, 3, 34, 35, 7, 4, 36, 6, 37, 38, 47, 49, 50, 51, 52, 48, 26, 53, 25, 54, 55, 56, 20, 17, 19, 15, 23, 21, 16, 18, 22, 24, 63, 60, 57, 59, 64, 62, 58, 61, 44, 41, 43, 39, 40, 42, 45, 46 ],
\[ 3, 10, 15, 16, 17, 18, 1, 19, 28, 33, 5, 8, 2, 34, 39, 40, 41, 42, 43, 44, 6, 45, 4, 46, 7, 35, 49, 26, 12, 14, 9, 53, 20, 23, 21, 11, 13, 25, 57, 58, 59, 60, 22, 24, 61, 62, 63, 64, 38, 30, 32, 27, 36, 29, 31, 37, 48, 52, 47, 51, 55, 50, 56, 54 ],
\[ 21, 7, 6, 43, 4, 44, 35, 5, 13, 1, 23, 11, 25, 12, 18, 22, 16, 24, 17, 15, 20, 59, 19, 57, 26, 10, 31, 2, 36, 29, 37, 30, 3, 8, 33, 34, 38, 28, 42, 45, 40, 46, 41, 39, 47, 48, 52, 51, 9, 54, 50, 55, 14, 53, 56, 49, 60, 61, 58, 62, 63, 64, 27, 32 ]:
 Order := 64 > |
[ 2, 9, 10, 11, 12, 1, 13, 14, 27, 28, 29, 30, 31, 32, 33, 5, 8, 3, 34, 35, 7, 4, 36, 6, 37, 38, 47, 49, 50, 51, 52, 48, 26, 53, 25, 54, 55, 56, 20, 17, 19, 15, 23, 21, 16, 18, 22, 24, 63, 60, 57, 59, 64, 62, 58, 61, 44, 41, 43, 39, 40, 42, 45, 46 ],
[ 50, 60, 30, 37, 31, 29, 62, 27, 39, 51, 55, 52, 42, 47, 14, 13, 9, 12, 49, 53, 54, 25, 56, 11, 46, 48, 20, 57, 58, 59, 15, 22, 32, 63, 64, 61, 18, 24, 34, 2, 28, 8, 38, 36, 7, 5, 35, 4, 44, 41, 43, 33, 45, 40, 3, 6, 23, 10, 26, 19, 1, 17, 21, 16 ],
[ 56, 61, 37, 32, 64, 38, 63, 62, 40, 55, 48, 46, 45, 42, 13, 53, 54, 25, 50, 9, 49, 14, 51, 26, 47, 52, 17, 58, 24, 18, 16, 15, 31, 60, 27, 57, 22, 59, 2, 36, 29, 7, 30, 28, 34, 35, 8, 33, 41, 6, 3, 5, 39, 44, 4, 43, 10, 11, 12, 1, 23, 21, 19, 20 ]
],
[ PermutationGroup<64 |  
\[ 2, 9, 10, 11, 12, 1, 13, 14, 27, 28, 29, 30, 31, 32, 33, 5, 8, 3, 34, 35, 7, 4, 36, 6, 37, 38, 47, 49, 50, 51, 52, 48, 26, 53, 25, 54, 55, 56, 20, 17, 19, 15, 23, 21, 16, 18, 22, 24, 63, 60, 57, 59, 64, 62, 58, 61, 44, 41, 43, 39, 40, 42, 45, 46 ],
\[ 3, 10, 15, 16, 17, 18, 1, 19, 28, 33, 5, 8, 2, 34, 39, 40, 41, 42, 43, 44, 6, 45, 4, 46, 7, 35, 49, 26, 12, 14, 9, 53, 20, 23, 21, 11, 13, 25, 57, 58, 59, 60, 22, 24, 61, 62, 63, 64, 38, 30, 32, 27, 36, 29, 31, 37, 48, 52, 47, 51, 55, 50, 56, 54 ],
\[ 21, 7, 6, 43, 4, 44, 35, 5, 13, 1, 23, 11, 25, 12, 18, 22, 16, 24, 17, 15, 20, 59, 19, 57, 26, 10, 31, 2, 36, 29, 37, 30, 3, 8, 33, 34, 38, 28, 42, 45, 40, 46, 41, 39, 47, 48, 52, 51, 9, 54, 50, 55, 14, 53, 56, 49, 60, 61, 58, 62, 63, 64, 27, 32 ]:
 Order := 64 > |
[ 2, 9, 10, 11, 12, 1, 13, 14, 27, 28, 29, 30, 31, 32, 33, 5, 8, 3, 34, 35, 7, 4, 36, 6, 37, 38, 47, 49, 50, 51, 52, 48, 26, 53, 25, 54, 55, 56, 20, 17, 19, 15, 23, 21, 16, 18, 22, 24, 63, 60, 57, 59, 64, 62, 58, 61, 44, 41, 43, 39, 40, 42, 45, 46 ],
[ 22, 4, 45, 39, 44, 47, 43, 6, 11, 16, 20, 21, 23, 1, 61, 57, 24, 63, 18, 58, 59, 60, 15, 27, 19, 17, 29, 5, 35, 7, 36, 2, 40, 3, 41, 33, 34, 8, 55, 48, 46, 56, 42, 52, 51, 49, 50, 9, 12, 25, 13, 54, 10, 26, 53, 14, 31, 64, 62, 37, 32, 38, 30, 28 ],
[ 8, 14, 19, 1, 10, 17, 12, 26, 32, 34, 2, 28, 30, 38, 43, 3, 33, 41, 35, 4, 5, 6, 7, 40, 29, 36, 48, 53, 9, 49, 51, 56, 23, 25, 11, 13, 50, 54, 22, 15, 20, 59, 21, 16, 18, 58, 24, 61, 64, 27, 63, 57, 37, 31, 60, 62, 45, 39, 44, 47, 42, 52, 46, 55 ]
],
[ PermutationGroup<64 |  
\[ 2, 9, 10, 11, 12, 1, 13, 14, 27, 28, 29, 30, 31, 32, 33, 5, 8, 3, 34, 35, 7, 4, 36, 6, 37, 38, 47, 49, 50, 51, 52, 48, 26, 53, 25, 54, 55, 56, 20, 17, 19, 15, 23, 21, 16, 18, 22, 24, 63, 60, 57, 59, 64, 62, 58, 61, 44, 41, 43, 39, 40, 42, 45, 46 ],
\[ 3, 10, 15, 16, 17, 18, 1, 19, 28, 33, 5, 8, 2, 34, 39, 40, 41, 42, 43, 44, 6, 45, 4, 46, 7, 35, 49, 26, 12, 14, 9, 53, 20, 23, 21, 11, 13, 25, 57, 58, 59, 60, 22, 24, 61, 62, 63, 64, 38, 30, 32, 27, 36, 29, 31, 37, 48, 52, 47, 51, 55, 50, 56, 54 ],
\[ 21, 7, 6, 43, 4, 44, 35, 5, 13, 1, 23, 11, 25, 12, 18, 22, 16, 24, 17, 15, 20, 59, 19, 57, 26, 10, 31, 2, 36, 29, 37, 30, 3, 8, 33, 34, 38, 28, 42, 45, 40, 46, 41, 39, 47, 48, 52, 51, 9, 54, 50, 55, 14, 53, 56, 49, 60, 61, 58, 62, 63, 64, 27, 32 ]:
 Order := 64 > |
[ 2, 9, 10, 11, 12, 1, 13, 14, 27, 28, 29, 30, 31, 32, 33, 5, 8, 3, 34, 35, 7, 4, 36, 6, 37, 38, 47, 49, 50, 51, 52, 48, 26, 53, 25, 54, 55, 56, 20, 17, 19, 15, 23, 21, 16, 18, 22, 24, 63, 60, 57, 59, 64, 62, 58, 61, 44, 41, 43, 39, 40, 42, 45, 46 ],
[ 38, 56, 25, 14, 53, 26, 49, 54, 61, 37, 32, 64, 63, 62, 7, 34, 36, 35, 29, 2, 28, 8, 30, 33, 27, 31, 40, 55, 48, 46, 45, 42, 13, 50, 9, 51, 47, 52, 1, 23, 11, 21, 12, 10, 19, 20, 17, 15, 58, 24, 18, 16, 60, 57, 22, 59, 3, 4, 5, 6, 43, 44, 41, 39 ],
[ 60, 39, 51, 55, 52, 50, 42, 47, 20, 57, 58, 59, 15, 22, 32, 31, 27, 30, 63, 64, 62, 37, 61, 29, 18, 24, 35, 44, 41, 43, 33, 4, 48, 45, 46, 40, 3, 6, 53, 9, 49, 14, 56, 54, 13, 12, 25, 11, 21, 19, 23, 26, 16, 17, 10, 1, 36, 28, 38, 34, 2, 8, 7, 5 ]
]
];
s`SolvableDBPointedPassport := [ PowerSequence(PermutationGroup<64 |  
\[ 2, 3, 4, 5, 6, 7, 8, 9, 10, 11, 12, 13, 14, 15, 16, 17, 18, 19, 20, 21, 22, 23, 24, 25, 26, 27, 28, 29, 30, 31, 32, 33, 34, 35, 36, 37, 38, 39, 40, 41, 42, 43, 44, 45, 46, 47, 48, 49, 50, 51, 52, 53, 54, 55, 56, 57, 58, 59, 60, 61, 62, 63, 64, 1 ],
\[ 2, 1, 3, 4, 5, 6, 7, 8, 9, 10, 11, 12, 13, 14, 15, 16, 17, 18, 19, 20, 21, 22, 23, 24, 25, 26, 27, 28, 29, 30, 31, 32, 33, 34, 35, 36, 37, 38, 39, 40, 41, 42, 43, 44, 45, 46, 47, 48, 49, 50, 51, 52, 53, 54, 55, 56, 57, 58, 59, 60, 61, 62, 63, 64 ]:
 Order := 126886932185884164103433389335161480802865516174545192198801894375214704230400000000000000 >) |
[ PermutationGroup<64 |  
\[ 2, 3, 4, 5, 6, 7, 8, 9, 10, 11, 12, 13, 14, 15, 16, 17, 18, 19, 20, 21, 22, 23, 24, 25, 26, 27, 28, 29, 30, 31, 32, 33, 34, 35, 36, 37, 38, 39, 40, 41, 42, 43, 44, 45, 46, 47, 48, 49, 50, 51, 52, 53, 54, 55, 56, 57, 58, 59, 60, 61, 62, 63, 64, 1 ],
\[ 2, 1, 3, 4, 5, 6, 7, 8, 9, 10, 11, 12, 13, 14, 15, 16, 17, 18, 19, 20, 21, 22, 23, 24, 25, 26, 27, 28, 29, 30, 31, 32, 33, 34, 35, 36, 37, 38, 39, 40, 41, 42, 43, 44, 45, 46, 47, 48, 49, 50, 51, 52, 53, 54, 55, 56, 57, 58, 59, 60, 61, 62, 63, 64 ]:
 Order := 126886932185884164103433389335161480802865516174545192198801894375214704230400000000000000 > |
[ 2, 9, 10, 11, 12, 1, 13, 14, 27, 28, 29, 30, 31, 32, 33, 5, 8, 3, 34, 35, 7, 4, 36, 6, 37, 38, 47, 49, 50, 51, 52, 48, 26, 53, 25, 54, 55, 56, 20, 17, 19, 15, 23, 21, 16, 18, 22, 24, 63, 60, 57, 59, 64, 62, 58, 61, 44, 41, 43, 39, 40, 42, 45, 46 ],
[ 2, 9, 10, 11, 12, 1, 13, 14, 27, 28, 29, 30, 31, 32, 33, 5, 8, 3, 34, 35, 7, 4, 36, 6, 37, 38, 47, 49, 50, 51, 52, 48, 26, 53, 25, 54, 55, 56, 20, 17, 19, 15, 23, 21, 16, 18, 22, 24, 63, 60, 57, 59, 64, 62, 58, 61, 44, 41, 43, 39, 40, 42, 45, 46 ],
[ 24, 6, 46, 47, 45, 48, 44, 40, 1, 18, 22, 16, 21, 17, 62, 63, 61, 64, 58, 60, 57, 27, 59, 32, 20, 15, 2, 3, 4, 5, 7, 8, 42, 41, 39, 43, 35, 33, 50, 56, 55, 54, 52, 51, 49, 53, 9, 14, 10, 11, 12, 13, 19, 23, 25, 26, 30, 37, 31, 29, 38, 36, 28, 34 ]
],
[ PermutationGroup<64 |  
\[ 2, 3, 4, 5, 6, 7, 8, 9, 10, 11, 12, 13, 14, 15, 16, 17, 18, 19, 20, 21, 22, 23, 24, 25, 26, 27, 28, 29, 30, 31, 32, 33, 34, 35, 36, 37, 38, 39, 40, 41, 42, 43, 44, 45, 46, 47, 48, 49, 50, 51, 52, 53, 54, 55, 56, 57, 58, 59, 60, 61, 62, 63, 64, 1 ],
\[ 2, 1, 3, 4, 5, 6, 7, 8, 9, 10, 11, 12, 13, 14, 15, 16, 17, 18, 19, 20, 21, 22, 23, 24, 25, 26, 27, 28, 29, 30, 31, 32, 33, 34, 35, 36, 37, 38, 39, 40, 41, 42, 43, 44, 45, 46, 47, 48, 49, 50, 51, 52, 53, 54, 55, 56, 57, 58, 59, 60, 61, 62, 63, 64 ]:
 Order := 126886932185884164103433389335161480802865516174545192198801894375214704230400000000000000 > |
[ 2, 9, 10, 11, 12, 1, 13, 14, 27, 28, 29, 30, 31, 32, 33, 5, 8, 3, 34, 35, 7, 4, 36, 6, 37, 38, 47, 49, 50, 51, 52, 48, 26, 53, 25, 54, 55, 56, 20, 17, 19, 15, 23, 21, 16, 18, 22, 24, 63, 60, 57, 59, 64, 62, 58, 61, 44, 41, 43, 39, 40, 42, 45, 46 ],
[ 35, 25, 21, 19, 23, 20, 26, 11, 37, 7, 34, 36, 38, 29, 6, 43, 4, 44, 5, 3, 33, 41, 8, 39, 28, 2, 55, 13, 53, 54, 56, 50, 1, 12, 10, 14, 49, 9, 18, 22, 16, 24, 17, 15, 59, 57, 58, 60, 31, 64, 62, 61, 30, 32, 63, 27, 42, 45, 40, 46, 47, 48, 52, 51 ],
[ 15, 33, 39, 40, 41, 42, 3, 43, 26, 20, 17, 19, 10, 23, 57, 58, 59, 60, 22, 24, 18, 61, 16, 62, 1, 21, 38, 35, 8, 34, 28, 36, 44, 4, 6, 5, 2, 7, 48, 52, 47, 51, 45, 46, 55, 50, 56, 54, 25, 14, 53, 49, 11, 12, 9, 13, 64, 27, 63, 32, 31, 30, 37, 29 ]
],
[ PermutationGroup<64 |  
\[ 2, 3, 4, 5, 6, 7, 8, 9, 10, 11, 12, 13, 14, 15, 16, 17, 18, 19, 20, 21, 22, 23, 24, 25, 26, 27, 28, 29, 30, 31, 32, 33, 34, 35, 36, 37, 38, 39, 40, 41, 42, 43, 44, 45, 46, 47, 48, 49, 50, 51, 52, 53, 54, 55, 56, 57, 58, 59, 60, 61, 62, 63, 64, 1 ],
\[ 2, 1, 3, 4, 5, 6, 7, 8, 9, 10, 11, 12, 13, 14, 15, 16, 17, 18, 19, 20, 21, 22, 23, 24, 25, 26, 27, 28, 29, 30, 31, 32, 33, 34, 35, 36, 37, 38, 39, 40, 41, 42, 43, 44, 45, 46, 47, 48, 49, 50, 51, 52, 53, 54, 55, 56, 57, 58, 59, 60, 61, 62, 63, 64 ]:
 Order := 126886932185884164103433389335161480802865516174545192198801894375214704230400000000000000 > |
[ 2, 9, 10, 11, 12, 1, 13, 14, 27, 28, 29, 30, 31, 32, 33, 5, 8, 3, 34, 35, 7, 4, 36, 6, 37, 38, 47, 49, 50, 51, 52, 48, 26, 53, 25, 54, 55, 56, 20, 17, 19, 15, 23, 21, 16, 18, 22, 24, 63, 60, 57, 59, 64, 62, 58, 61, 44, 41, 43, 39, 40, 42, 45, 46 ],
[ 17, 8, 41, 6, 3, 40, 5, 33, 14, 19, 1, 10, 12, 26, 59, 18, 15, 58, 20, 22, 16, 24, 21, 61, 11, 23, 32, 34, 2, 28, 30, 38, 43, 35, 4, 7, 29, 36, 47, 42, 39, 52, 44, 45, 46, 55, 48, 56, 53, 9, 49, 51, 25, 13, 50, 54, 63, 60, 57, 27, 62, 31, 64, 37 ],
[ 4, 11, 16, 20, 21, 22, 23, 1, 29, 5, 35, 7, 36, 2, 40, 44, 6, 45, 3, 41, 43, 39, 33, 47, 34, 8, 50, 12, 25, 13, 54, 9, 17, 10, 19, 26, 53, 14, 58, 24, 18, 61, 15, 59, 57, 63, 60, 27, 30, 37, 31, 62, 28, 38, 64, 32, 52, 46, 42, 55, 48, 56, 51, 49 ]
],
[ PermutationGroup<64 |  
\[ 2, 3, 4, 5, 6, 7, 8, 9, 10, 11, 12, 13, 14, 15, 16, 17, 18, 19, 20, 21, 22, 23, 24, 25, 26, 27, 28, 29, 30, 31, 32, 33, 34, 35, 36, 37, 38, 39, 40, 41, 42, 43, 44, 45, 46, 47, 48, 49, 50, 51, 52, 53, 54, 55, 56, 57, 58, 59, 60, 61, 62, 63, 64, 1 ],
\[ 2, 1, 3, 4, 5, 6, 7, 8, 9, 10, 11, 12, 13, 14, 15, 16, 17, 18, 19, 20, 21, 22, 23, 24, 25, 26, 27, 28, 29, 30, 31, 32, 33, 34, 35, 36, 37, 38, 39, 40, 41, 42, 43, 44, 45, 46, 47, 48, 49, 50, 51, 52, 53, 54, 55, 56, 57, 58, 59, 60, 61, 62, 63, 64 ]:
 Order := 126886932185884164103433389335161480802865516174545192198801894375214704230400000000000000 > |
[ 2, 9, 10, 11, 12, 1, 13, 14, 27, 28, 29, 30, 31, 32, 33, 5, 8, 3, 34, 35, 7, 4, 36, 6, 37, 38, 47, 49, 50, 51, 52, 48, 26, 53, 25, 54, 55, 56, 20, 17, 19, 15, 23, 21, 16, 18, 22, 24, 63, 60, 57, 59, 64, 62, 58, 61, 44, 41, 43, 39, 40, 42, 45, 46 ],
[ 31, 52, 9, 54, 50, 13, 55, 51, 59, 27, 62, 60, 58, 57, 28, 29, 30, 2, 32, 38, 37, 36, 64, 7, 61, 63, 43, 47, 42, 39, 41, 44, 49, 48, 56, 46, 40, 45, 26, 12, 14, 10, 53, 25, 11, 1, 23, 21, 22, 15, 20, 19, 24, 18, 17, 16, 35, 8, 34, 33, 5, 3, 4, 6 ],
[ 64, 46, 54, 49, 56, 53, 48, 55, 18, 62, 63, 61, 24, 58, 29, 38, 37, 36, 31, 30, 32, 28, 27, 34, 57, 60, 3, 42, 45, 40, 6, 41, 50, 52, 51, 47, 44, 39, 12, 25, 13, 11, 9, 14, 26, 23, 10, 19, 15, 16, 17, 1, 59, 22, 21, 20, 8, 7, 2, 5, 35, 4, 33, 43 ]
],
[ PermutationGroup<64 |  
\[ 2, 3, 4, 5, 6, 7, 8, 9, 10, 11, 12, 13, 14, 15, 16, 17, 18, 19, 20, 21, 22, 23, 24, 25, 26, 27, 28, 29, 30, 31, 32, 33, 34, 35, 36, 37, 38, 39, 40, 41, 42, 43, 44, 45, 46, 47, 48, 49, 50, 51, 52, 53, 54, 55, 56, 57, 58, 59, 60, 61, 62, 63, 64, 1 ],
\[ 2, 1, 3, 4, 5, 6, 7, 8, 9, 10, 11, 12, 13, 14, 15, 16, 17, 18, 19, 20, 21, 22, 23, 24, 25, 26, 27, 28, 29, 30, 31, 32, 33, 34, 35, 36, 37, 38, 39, 40, 41, 42, 43, 44, 45, 46, 47, 48, 49, 50, 51, 52, 53, 54, 55, 56, 57, 58, 59, 60, 61, 62, 63, 64 ]:
 Order := 126886932185884164103433389335161480802865516174545192198801894375214704230400000000000000 > |
[ 2, 9, 10, 11, 12, 1, 13, 14, 27, 28, 29, 30, 31, 32, 33, 5, 8, 3, 34, 35, 7, 4, 36, 6, 37, 38, 47, 49, 50, 51, 52, 48, 26, 53, 25, 54, 55, 56, 20, 17, 19, 15, 23, 21, 16, 18, 22, 24, 63, 60, 57, 59, 64, 62, 58, 61, 44, 41, 43, 39, 40, 42, 45, 46 ],
[ 44, 21, 24, 59, 22, 57, 20, 16, 7, 6, 43, 4, 35, 5, 46, 47, 45, 48, 40, 42, 39, 52, 41, 51, 33, 3, 13, 1, 23, 11, 25, 12, 18, 17, 15, 19, 26, 10, 62, 63, 61, 64, 58, 60, 27, 32, 31, 30, 2, 36, 29, 37, 8, 34, 38, 28, 50, 56, 55, 54, 49, 53, 9, 14 ],
[ 10, 28, 33, 5, 8, 3, 2, 34, 49, 26, 12, 14, 9, 53, 20, 17, 19, 15, 23, 21, 1, 16, 11, 18, 13, 25, 63, 38, 30, 32, 27, 64, 35, 36, 7, 29, 31, 37, 44, 41, 43, 39, 4, 6, 40, 42, 45, 46, 56, 51, 48, 47, 54, 50, 52, 55, 24, 59, 22, 57, 58, 60, 61, 62 ]
],
[ PermutationGroup<64 |  
\[ 2, 3, 4, 5, 6, 7, 8, 9, 10, 11, 12, 13, 14, 15, 16, 17, 18, 19, 20, 21, 22, 23, 24, 25, 26, 27, 28, 29, 30, 31, 32, 33, 34, 35, 36, 37, 38, 39, 40, 41, 42, 43, 44, 45, 46, 47, 48, 49, 50, 51, 52, 53, 54, 55, 56, 57, 58, 59, 60, 61, 62, 63, 64, 1 ],
\[ 2, 1, 3, 4, 5, 6, 7, 8, 9, 10, 11, 12, 13, 14, 15, 16, 17, 18, 19, 20, 21, 22, 23, 24, 25, 26, 27, 28, 29, 30, 31, 32, 33, 34, 35, 36, 37, 38, 39, 40, 41, 42, 43, 44, 45, 46, 47, 48, 49, 50, 51, 52, 53, 54, 55, 56, 57, 58, 59, 60, 61, 62, 63, 64 ]:
 Order := 126886932185884164103433389335161480802865516174545192198801894375214704230400000000000000 > |
[ 2, 9, 10, 11, 12, 1, 13, 14, 27, 28, 29, 30, 31, 32, 33, 5, 8, 3, 34, 35, 7, 4, 36, 6, 37, 38, 47, 49, 50, 51, 52, 48, 26, 53, 25, 54, 55, 56, 20, 17, 19, 15, 23, 21, 16, 18, 22, 24, 63, 60, 57, 59, 64, 62, 58, 61, 44, 41, 43, 39, 40, 42, 45, 46 ],
[ 53, 64, 36, 28, 38, 34, 32, 37, 46, 54, 49, 56, 48, 55, 11, 26, 25, 23, 13, 12, 14, 10, 9, 19, 51, 50, 18, 62, 63, 61, 24, 58, 29, 31, 30, 27, 57, 60, 5, 35, 7, 4, 2, 8, 33, 43, 3, 41, 42, 45, 40, 6, 52, 47, 44, 39, 17, 21, 1, 16, 20, 22, 15, 59 ],
[ 52, 59, 27, 62, 60, 31, 58, 57, 43, 47, 42, 39, 41, 44, 49, 50, 51, 9, 48, 56, 55, 54, 46, 13, 40, 45, 23, 22, 15, 20, 19, 21, 63, 24, 61, 18, 17, 16, 38, 30, 32, 28, 64, 37, 29, 2, 36, 7, 4, 33, 35, 34, 6, 3, 8, 5, 25, 14, 53, 26, 12, 10, 11, 1 ]
],
[ PermutationGroup<64 |  
\[ 2, 3, 4, 5, 6, 7, 8, 9, 10, 11, 12, 13, 14, 15, 16, 17, 18, 19, 20, 21, 22, 23, 24, 25, 26, 27, 28, 29, 30, 31, 32, 33, 34, 35, 36, 37, 38, 39, 40, 41, 42, 43, 44, 45, 46, 47, 48, 49, 50, 51, 52, 53, 54, 55, 56, 57, 58, 59, 60, 61, 62, 63, 64, 1 ],
