s := SolvableDBInitialize();

/*
Magma printing
*/

s`SolvableDBName := "64S1-64,64,32-g31-path8";
s`SolvableDBFilename := "64S1-64,64,32-g31-path8.m";
s`SolvableDBPassportName := "64S1-64,64,32-g31";
s`SolvableDBPathNumber := 8;
s`SolvableDBDegree := 64;
s`SolvableDBOrders := \[ 64, 64, 32 ];
s`SolvableDBType := "Hyperbolic";
s`SolvableDBGenus := 31;
s`SolvableDBGaloisOrbitSize := 2;
s`SolvableDBPassportSize := 16;
s`SolvableDBPointedPassportSize := 16;
s`SolvableDBLevel := 6;
s`SolvableDBBlocks := {@ PowerSet(IntegerRing()) |
{ IntegerRing() | 1, 5 },
{ IntegerRing() | 2, 9 },
{ IntegerRing() | 3, 12 },
{ IntegerRing() | 4, 15 },
{ IntegerRing() | 6, 17 },
{ IntegerRing() | 7, 18 },
{ IntegerRing() | 8, 19 },
{ IntegerRing() | 10, 21 },
{ IntegerRing() | 11, 24 },
{ IntegerRing() | 13, 27 },
{ IntegerRing() | 14, 28 },
{ IntegerRing() | 16, 29 },
{ IntegerRing() | 20, 31 },
{ IntegerRing() | 22, 33 },
{ IntegerRing() | 23, 36 },
{ IntegerRing() | 25, 39 },
{ IntegerRing() | 26, 40 },
{ IntegerRing() | 30, 41 },
{ IntegerRing() | 32, 43 },
{ IntegerRing() | 34, 45 },
{ IntegerRing() | 35, 48 },
{ IntegerRing() | 37, 51 },
{ IntegerRing() | 38, 52 },
{ IntegerRing() | 42, 53 },
{ IntegerRing() | 44, 55 },
{ IntegerRing() | 46, 57 },
{ IntegerRing() | 47, 60 },
{ IntegerRing() | 49, 63 },
{ IntegerRing() | 50, 64 },
{ IntegerRing() | 54, 59 },
{ IntegerRing() | 56, 62 },
{ IntegerRing() | 58, 61 }
@};
s`SolvableDBIsRamifiedAtEveryLevel := true;
s`SolvableDBGaloisOrbit := [ PowerSequence(PermutationGroup<64 |  
\[ 2, 3, 4, 5, 6, 7, 8, 9, 10, 11, 12, 13, 14, 15, 16, 17, 18, 19, 20, 21, 22, 23, 24, 25, 26, 27, 28, 29, 30, 31, 32, 33, 34, 35, 36, 37, 38, 39, 40, 41, 42, 43, 44, 45, 46, 47, 48, 49, 50, 51, 52, 53, 54, 55, 56, 57, 58, 59, 60, 61, 62, 63, 64, 1 ],
\[ 2, 1, 3, 4, 5, 6, 7, 8, 9, 10, 11, 12, 13, 14, 15, 16, 17, 18, 19, 20, 21, 22, 23, 24, 25, 26, 27, 28, 29, 30, 31, 32, 33, 34, 35, 36, 37, 38, 39, 40, 41, 42, 43, 44, 45, 46, 47, 48, 49, 50, 51, 52, 53, 54, 55, 56, 57, 58, 59, 60, 61, 62, 63, 64 ]:
 Order := 126886932185884164103433389335161480802865516174545192198801894375214704230400000000000000 >) |
[ PermutationGroup<64 |  
\[ 2, 3, 4, 5, 6, 7, 8, 9, 10, 11, 12, 13, 14, 15, 16, 17, 18, 19, 20, 21, 22, 23, 24, 25, 26, 27, 28, 29, 30, 31, 32, 33, 34, 35, 36, 37, 38, 39, 40, 41, 42, 43, 44, 45, 46, 47, 48, 49, 50, 51, 52, 53, 54, 55, 56, 57, 58, 59, 60, 61, 62, 63, 64, 1 ],
\[ 2, 1, 3, 4, 5, 6, 7, 8, 9, 10, 11, 12, 13, 14, 15, 16, 17, 18, 19, 20, 21, 22, 23, 24, 25, 26, 27, 28, 29, 30, 31, 32, 33, 34, 35, 36, 37, 38, 39, 40, 41, 42, 43, 44, 45, 46, 47, 48, 49, 50, 51, 52, 53, 54, 55, 56, 57, 58, 59, 60, 61, 62, 63, 64 ]:
 Order := 126886932185884164103433389335161480802865516174545192198801894375214704230400000000000000 > |
[ 2, 4, 8, 7, 9, 1, 10, 6, 15, 16, 14, 19, 3, 13, 18, 20, 5, 21, 17, 22, 29, 30, 26, 28, 11, 25, 12, 27, 31, 32, 33, 34, 41, 42, 38, 40, 23, 37, 24, 39, 43, 44, 45, 46, 53, 54, 50, 52, 35, 49, 36, 51, 55, 56, 57, 58, 59, 60, 62, 64, 47, 61, 48, 63 ],
[ 3, 8, 11, 6, 12, 13, 1, 14, 19, 2, 23, 24, 25, 26, 17, 4, 27, 5, 28, 7, 9, 10, 35, 36, 37, 38, 39, 40, 15, 16, 18, 20, 21, 22, 47, 48, 49, 50, 51, 52, 29, 30, 31, 32, 33, 34, 59, 60, 61, 62, 63, 64, 41, 42, 43, 44, 45, 46, 53, 54, 57, 55, 58, 56 ],
[ 4, 7, 6, 10, 15, 2, 16, 1, 18, 20, 13, 17, 8, 3, 21, 22, 9, 29, 5, 30, 31, 32, 25, 27, 14, 11, 19, 12, 33, 34, 41, 42, 43, 44, 37, 39, 26, 23, 28, 24, 45, 46, 53, 54, 55, 56, 49, 51, 38, 35, 40, 36, 57, 58, 59, 60, 62, 64, 61, 63, 50, 47, 52, 48 ]
],
[ PermutationGroup<64 |  
\[ 2, 3, 4, 5, 6, 7, 8, 9, 10, 11, 12, 13, 14, 15, 16, 17, 18, 19, 20, 21, 22, 23, 24, 25, 26, 27, 28, 29, 30, 31, 32, 33, 34, 35, 36, 37, 38, 39, 40, 41, 42, 43, 44, 45, 46, 47, 48, 49, 50, 51, 52, 53, 54, 55, 56, 57, 58, 59, 60, 61, 62, 63, 64, 1 ],
\[ 2, 1, 3, 4, 5, 6, 7, 8, 9, 10, 11, 12, 13, 14, 15, 16, 17, 18, 19, 20, 21, 22, 23, 24, 25, 26, 27, 28, 29, 30, 31, 32, 33, 34, 35, 36, 37, 38, 39, 40, 41, 42, 43, 44, 45, 46, 47, 48, 49, 50, 51, 52, 53, 54, 55, 56, 57, 58, 59, 60, 61, 62, 63, 64 ]:
 Order := 126886932185884164103433389335161480802865516174545192198801894375214704230400000000000000 > |
[ 2, 4, 8, 7, 9, 1, 10, 6, 15, 16, 14, 19, 3, 13, 18, 20, 5, 21, 17, 22, 29, 30, 26, 28, 11, 25, 12, 27, 31, 32, 33, 34, 41, 42, 38, 40, 23, 37, 24, 39, 43, 44, 45, 46, 53, 54, 50, 52, 35, 49, 36, 51, 55, 56, 57, 58, 59, 60, 62, 64, 47, 61, 48, 63 ],
[ 12, 19, 24, 17, 3, 27, 5, 28, 8, 9, 36, 11, 39, 40, 6, 15, 13, 1, 14, 18, 2, 21, 48, 23, 51, 52, 25, 26, 4, 29, 7, 31, 10, 33, 60, 35, 63, 64, 37, 38, 16, 41, 20, 43, 22, 45, 54, 47, 58, 56, 49, 50, 30, 53, 32, 55, 34, 57, 42, 59, 46, 44, 61, 62 ],
[ 15, 18, 17, 21, 4, 9, 29, 5, 7, 31, 27, 6, 19, 12, 10, 33, 2, 16, 1, 41, 20, 43, 39, 13, 28, 24, 8, 3, 22, 45, 30, 53, 32, 55, 51, 25, 40, 36, 14, 11, 34, 57, 42, 59, 44, 62, 63, 37, 52, 48, 26, 23, 46, 61, 54, 47, 56, 50, 58, 49, 64, 60, 38, 35 ]
]
];
s`SolvableDBPassport := [ PowerSequence(PermutationGroup<64 |  
\[ 2, 4, 8, 7, 9, 1, 10, 6, 15, 16, 14, 19, 3, 13, 18, 20, 5, 21, 17, 22, 29, 30, 26, 28, 11, 25, 12, 27, 31, 32, 33, 34, 41, 42, 38, 40, 23, 37, 24, 39, 43, 44, 45, 46, 53, 54, 50, 52, 35, 49, 36, 51, 55, 56, 57, 58, 59, 60, 62, 64, 47, 61, 48, 63 ],
\[ 12, 19, 24, 17, 3, 27, 5, 28, 8, 9, 36, 11, 39, 40, 6, 15, 13, 1, 14, 18, 2, 21, 48, 23, 51, 52, 25, 26, 4, 29, 7, 31, 10, 33, 60, 35, 63, 64, 37, 38, 16, 41, 20, 43, 22, 45, 54, 47, 58, 56, 49, 50, 30, 53, 32, 55, 34, 57, 42, 59, 46, 44, 61, 62 ],
\[ 15, 18, 17, 21, 4, 9, 29, 5, 7, 31, 27, 6, 19, 12, 10, 33, 2, 16, 1, 41, 20, 43, 39, 13, 28, 24, 8, 3, 22, 45, 30, 53, 32, 55, 51, 25, 40, 36, 14, 11, 34, 57, 42, 59, 44, 62, 63, 37, 52, 48, 26, 23, 46, 61, 54, 47, 56, 50, 58, 49, 64, 60, 38, 35 ]:
 Order := 64 >) |
[ PermutationGroup<64 |  
\[ 2, 4, 8, 7, 9, 1, 10, 6, 15, 16, 14, 19, 3, 13, 18, 20, 5, 21, 17, 22, 29, 30, 26, 28, 11, 25, 12, 27, 31, 32, 33, 34, 41, 42, 38, 40, 23, 37, 24, 39, 43, 44, 45, 46, 53, 54, 50, 52, 35, 49, 36, 51, 55, 56, 57, 58, 59, 60, 62, 64, 47, 61, 48, 63 ],
\[ 12, 19, 24, 17, 3, 27, 5, 28, 8, 9, 36, 11, 39, 40, 6, 15, 13, 1, 14, 18, 2, 21, 48, 23, 51, 52, 25, 26, 4, 29, 7, 31, 10, 33, 60, 35, 63, 64, 37, 38, 16, 41, 20, 43, 22, 45, 54, 47, 58, 56, 49, 50, 30, 53, 32, 55, 34, 57, 42, 59, 46, 44, 61, 62 ],
\[ 15, 18, 17, 21, 4, 9, 29, 5, 7, 31, 27, 6, 19, 12, 10, 33, 2, 16, 1, 41, 20, 43, 39, 13, 28, 24, 8, 3, 22, 45, 30, 53, 32, 55, 51, 25, 40, 36, 14, 11, 34, 57, 42, 59, 44, 62, 63, 37, 52, 48, 26, 23, 46, 61, 54, 47, 56, 50, 58, 49, 64, 60, 38, 35 ]:
 Order := 64 > |
[ 2, 4, 8, 7, 9, 1, 10, 6, 15, 16, 14, 19, 3, 13, 18, 20, 5, 21, 17, 22, 29, 30, 26, 28, 11, 25, 12, 27, 31, 32, 33, 34, 41, 42, 38, 40, 23, 37, 24, 39, 43, 44, 45, 46, 53, 54, 50, 52, 35, 49, 36, 51, 55, 56, 57, 58, 59, 60, 62, 64, 47, 61, 48, 63 ],
[ 2, 4, 8, 7, 9, 1, 10, 6, 15, 16, 14, 19, 3, 13, 18, 20, 5, 21, 17, 22, 29, 30, 26, 28, 11, 25, 12, 27, 31, 32, 33, 34, 41, 42, 38, 40, 23, 37, 24, 39, 43, 44, 45, 46, 53, 54, 50, 52, 35, 49, 36, 51, 55, 56, 57, 58, 59, 60, 62, 64, 47, 61, 48, 63 ],
[ 8, 6, 14, 1, 19, 3, 2, 13, 17, 4, 26, 28, 11, 25, 5, 7, 12, 9, 27, 10, 15, 16, 38, 40, 23, 37, 24, 39, 18, 20, 21, 22, 29, 30, 50, 52, 35, 49, 36, 51, 31, 32, 33, 34, 41, 42, 62, 64, 47, 61, 48, 63, 43, 44, 45, 46, 53, 54, 55, 56, 59, 57, 60, 58 ]
],
[ PermutationGroup<64 |  
\[ 2, 4, 8, 7, 9, 1, 10, 6, 15, 16, 14, 19, 3, 13, 18, 20, 5, 21, 17, 22, 29, 30, 26, 28, 11, 25, 12, 27, 31, 32, 33, 34, 41, 42, 38, 40, 23, 37, 24, 39, 43, 44, 45, 46, 53, 54, 50, 52, 35, 49, 36, 51, 55, 56, 57, 58, 59, 60, 62, 64, 47, 61, 48, 63 ],
\[ 12, 19, 24, 17, 3, 27, 5, 28, 8, 9, 36, 11, 39, 40, 6, 15, 13, 1, 14, 18, 2, 21, 48, 23, 51, 52, 25, 26, 4, 29, 7, 31, 10, 33, 60, 35, 63, 64, 37, 38, 16, 41, 20, 43, 22, 45, 54, 47, 58, 56, 49, 50, 30, 53, 32, 55, 34, 57, 42, 59, 46, 44, 61, 62 ],
\[ 15, 18, 17, 21, 4, 9, 29, 5, 7, 31, 27, 6, 19, 12, 10, 33, 2, 16, 1, 41, 20, 43, 39, 13, 28, 24, 8, 3, 22, 45, 30, 53, 32, 55, 51, 25, 40, 36, 14, 11, 34, 57, 42, 59, 44, 62, 63, 37, 52, 48, 26, 23, 46, 61, 54, 47, 56, 50, 58, 49, 64, 60, 38, 35 ]:
 Order := 64 > |
[ 2, 4, 8, 7, 9, 1, 10, 6, 15, 16, 14, 19, 3, 13, 18, 20, 5, 21, 17, 22, 29, 30, 26, 28, 11, 25, 12, 27, 31, 32, 33, 34, 41, 42, 38, 40, 23, 37, 24, 39, 43, 44, 45, 46, 53, 54, 50, 52, 35, 49, 36, 51, 55, 56, 57, 58, 59, 60, 62, 64, 47, 61, 48, 63 ],
[ 46, 54, 34, 56, 57, 44, 58, 42, 59, 60, 22, 45, 32, 30, 62, 64, 55, 61, 53, 63, 47, 48, 10, 33, 20, 16, 43, 41, 50, 52, 49, 51, 35, 36, 2, 21, 7, 4, 31, 29, 38, 40, 37, 39, 23, 24, 8, 9, 1, 6, 18, 15, 26, 28, 25, 27, 11, 12, 14, 19, 3, 13, 5, 17 ],
[ 50, 49, 62, 35, 64, 47, 38, 61, 63, 37, 55, 56, 59, 57, 48, 23, 60, 52, 58, 26, 51, 25, 43, 44, 53, 45, 54, 46, 36, 11, 40, 14, 39, 13, 31, 32, 41, 33, 42, 34, 24, 3, 28, 8, 27, 6, 18, 20, 29, 21, 30, 22, 12, 1, 19, 2, 17, 4, 5, 7, 15, 9, 16, 10 ]
],
[ PermutationGroup<64 |  
\[ 2, 4, 8, 7, 9, 1, 10, 6, 15, 16, 14, 19, 3, 13, 18, 20, 5, 21, 17, 22, 29, 30, 26, 28, 11, 25, 12, 27, 31, 32, 33, 34, 41, 42, 38, 40, 23, 37, 24, 39, 43, 44, 45, 46, 53, 54, 50, 52, 35, 49, 36, 51, 55, 56, 57, 58, 59, 60, 62, 64, 47, 61, 48, 63 ],
\[ 12, 19, 24, 17, 3, 27, 5, 28, 8, 9, 36, 11, 39, 40, 6, 15, 13, 1, 14, 18, 2, 21, 48, 23, 51, 52, 25, 26, 4, 29, 7, 31, 10, 33, 60, 35, 63, 64, 37, 38, 16, 41, 20, 43, 22, 45, 54, 47, 58, 56, 49, 50, 30, 53, 32, 55, 34, 57, 42, 59, 46, 44, 61, 62 ],
\[ 15, 18, 17, 21, 4, 9, 29, 5, 7, 31, 27, 6, 19, 12, 10, 33, 2, 16, 1, 41, 20, 43, 39, 13, 28, 24, 8, 3, 22, 45, 30, 53, 32, 55, 51, 25, 40, 36, 14, 11, 34, 57, 42, 59, 44, 62, 63, 37, 52, 48, 26, 23, 46, 61, 54, 47, 56, 50, 58, 49, 64, 60, 38, 35 ]:
 Order := 64 > |
[ 2, 4, 8, 7, 9, 1, 10, 6, 15, 16, 14, 19, 3, 13, 18, 20, 5, 21, 17, 22, 29, 30, 26, 28, 11, 25, 12, 27, 31, 32, 33, 34, 41, 42, 38, 40, 23, 37, 24, 39, 43, 44, 45, 46, 53, 54, 50, 52, 35, 49, 36, 51, 55, 56, 57, 58, 59, 60, 62, 64, 47, 61, 48, 63 ],
[ 25, 11, 37, 14, 39, 26, 13, 23, 24, 3, 49, 51, 38, 35, 28, 8, 40, 27, 36, 6, 12, 1, 61, 63, 50, 47, 52, 48, 19, 2, 17, 4, 5, 7, 57, 58, 62, 59, 64, 60, 9, 10, 15, 16, 18, 20, 45, 46, 55, 53, 56, 54, 21, 22, 29, 30, 31, 32, 33, 34, 43, 41, 44, 42 ],
[ 20, 22, 7, 30, 31, 16, 32, 10, 33, 34, 1, 18, 4, 2, 41, 42, 29, 43, 21, 44, 45, 46, 3, 5, 6, 8, 15, 9, 53, 54, 55, 56, 57, 58, 11, 12, 13, 14, 17, 19, 59, 60, 62, 64, 61, 63, 23, 24, 25, 26, 27, 28, 47, 48, 50, 52, 49, 51, 35, 36, 37, 38, 39, 40 ]
],
[ PermutationGroup<64 |  
\[ 2, 4, 8, 7, 9, 1, 10, 6, 15, 16, 14, 19, 3, 13, 18, 20, 5, 21, 17, 22, 29, 30, 26, 28, 11, 25, 12, 27, 31, 32, 33, 34, 41, 42, 38, 40, 23, 37, 24, 39, 43, 44, 45, 46, 53, 54, 50, 52, 35, 49, 36, 51, 55, 56, 57, 58, 59, 60, 62, 64, 47, 61, 48, 63 ],
\[ 12, 19, 24, 17, 3, 27, 5, 28, 8, 9, 36, 11, 39, 40, 6, 15, 13, 1, 14, 18, 2, 21, 48, 23, 51, 52, 25, 26, 4, 29, 7, 31, 10, 33, 60, 35, 63, 64, 37, 38, 16, 41, 20, 43, 22, 45, 54, 47, 58, 56, 49, 50, 30, 53, 32, 55, 34, 57, 42, 59, 46, 44, 61, 62 ],
\[ 15, 18, 17, 21, 4, 9, 29, 5, 7, 31, 27, 6, 19, 12, 10, 33, 2, 16, 1, 41, 20, 43, 39, 13, 28, 24, 8, 3, 22, 45, 30, 53, 32, 55, 51, 25, 40, 36, 14, 11, 34, 57, 42, 59, 44, 62, 63, 37, 52, 48, 26, 23, 46, 61, 54, 47, 56, 50, 58, 49, 64, 60, 38, 35 ]:
 Order := 64 > |
[ 2, 4, 8, 7, 9, 1, 10, 6, 15, 16, 14, 19, 3, 13, 18, 20, 5, 21, 17, 22, 29, 30, 26, 28, 11, 25, 12, 27, 31, 32, 33, 34, 41, 42, 38, 40, 23, 37, 24, 39, 43, 44, 45, 46, 53, 54, 50, 52, 35, 49, 36, 51, 55, 56, 57, 58, 59, 60, 62, 64, 47, 61, 48, 63 ],
[ 43, 45, 31, 53, 32, 41, 55, 33, 34, 57, 18, 20, 29, 21, 42, 59, 30, 44, 22, 62, 46, 61, 5, 7, 15, 9, 16, 10, 54, 47, 56, 50, 58, 49, 12, 1, 17, 19, 4, 2, 60, 35, 64, 38, 63, 37, 24, 3, 27, 28, 6, 8, 48, 23, 52, 26, 51, 25, 36, 11, 39, 40, 13, 14 ],
[ 51, 36, 63, 40, 37, 52, 39, 48, 23, 24, 58, 49, 64, 60, 26, 28, 38, 25, 35, 27, 11, 12, 46, 61, 56, 54, 50, 47, 14, 19, 13, 17, 3, 5, 34, 57, 44, 42, 62, 59, 8, 9, 6, 15, 1, 18, 22, 45, 32, 30, 55, 53, 2, 21, 4, 29, 7, 31, 10, 33, 20, 16, 43, 41 ]
],
[ PermutationGroup<64 |  
\[ 2, 4, 8, 7, 9, 1, 10, 6, 15, 16, 14, 19, 3, 13, 18, 20, 5, 21, 17, 22, 29, 30, 26, 28, 11, 25, 12, 27, 31, 32, 33, 34, 41, 42, 38, 40, 23, 37, 24, 39, 43, 44, 45, 46, 53, 54, 50, 52, 35, 49, 36, 51, 55, 56, 57, 58, 59, 60, 62, 64, 47, 61, 48, 63 ],
\[ 12, 19, 24, 17, 3, 27, 5, 28, 8, 9, 36, 11, 39, 40, 6, 15, 13, 1, 14, 18, 2, 21, 48, 23, 51, 52, 25, 26, 4, 29, 7, 31, 10, 33, 60, 35, 63, 64, 37, 38, 16, 41, 20, 43, 22, 45, 54, 47, 58, 56, 49, 50, 30, 53, 32, 55, 34, 57, 42, 59, 46, 44, 61, 62 ],
\[ 15, 18, 17, 21, 4, 9, 29, 5, 7, 31, 27, 6, 19, 12, 10, 33, 2, 16, 1, 41, 20, 43, 39, 13, 28, 24, 8, 3, 22, 45, 30, 53, 32, 55, 51, 25, 40, 36, 14, 11, 34, 57, 42, 59, 44, 62, 63, 37, 52, 48, 26, 23, 46, 61, 54, 47, 56, 50, 58, 49, 64, 60, 38, 35 ]:
 Order := 64 > |
[ 2, 4, 8, 7, 9, 1, 10, 6, 15, 16, 14, 19, 3, 13, 18, 20, 5, 21, 17, 22, 29, 30, 26, 28, 11, 25, 12, 27, 31, 32, 33, 34, 41, 42, 38, 40, 23, 37, 24, 39, 43, 44, 45, 46, 53, 54, 50, 52, 35, 49, 36, 51, 55, 56, 57, 58, 59, 60, 62, 64, 47, 61, 48, 63 ],
[ 29, 31, 15, 33, 16, 21, 41, 18, 20, 43, 17, 4, 9, 5, 22, 45, 10, 30, 7, 53, 32, 55, 27, 6, 19, 12, 2, 1, 34, 57, 42, 59, 44, 62, 39, 13, 28, 24, 8, 3, 46, 61, 54, 47, 56, 50, 51, 25, 40, 36, 14, 11, 58, 49, 60, 35, 64, 38, 63, 37, 52, 48, 26, 23 ],
[ 24, 28, 36, 27, 11, 39, 12, 40, 14, 19, 48, 23, 51, 52, 13, 17, 25, 3, 26, 5, 8, 9, 60, 35, 63, 64, 37, 38, 6, 15, 1, 18, 2, 21, 54, 47, 58, 56, 49, 50, 4, 29, 7, 31, 10, 33, 42, 59, 46, 44, 61, 62, 16, 41, 20, 43, 22, 45, 30, 53, 34, 32, 57, 55 ]
],
[ PermutationGroup<64 |  
\[ 2, 4, 8, 7, 9, 1, 10, 6, 15, 16, 14, 19, 3, 13, 18, 20, 5, 21, 17, 22, 29, 30, 26, 28, 11, 25, 12, 27, 31, 32, 33, 34, 41, 42, 38, 40, 23, 37, 24, 39, 43, 44, 45, 46, 53, 54, 50, 52, 35, 49, 36, 51, 55, 56, 57, 58, 59, 60, 62, 64, 47, 61, 48, 63 ],
\[ 12, 19, 24, 17, 3, 27, 5, 28, 8, 9, 36, 11, 39, 40, 6, 15, 13, 1, 14, 18, 2, 21, 48, 23, 51, 52, 25, 26, 4, 29, 7, 31, 10, 33, 60, 35, 63, 64, 37, 38, 16, 41, 20, 43, 22, 45, 54, 47, 58, 56, 49, 50, 30, 53, 32, 55, 34, 57, 42, 59, 46, 44, 61, 62 ],
\[ 15, 18, 17, 21, 4, 9, 29, 5, 7, 31, 27, 6, 19, 12, 10, 33, 2, 16, 1, 41, 20, 43, 39, 13, 28, 24, 8, 3, 22, 45, 30, 53, 32, 55, 51, 25, 40, 36, 14, 11, 34, 57, 42, 59, 44, 62, 63, 37, 52, 48, 26, 23, 46, 61, 54, 47, 56, 50, 58, 49, 64, 60, 38, 35 ]:
 Order := 64 > |
[ 2, 4, 8, 7, 9, 1, 10, 6, 15, 16, 14, 19, 3, 13, 18, 20, 5, 21, 17, 22, 29, 30, 26, 28, 11, 25, 12, 27, 31, 32, 33, 34, 41, 42, 38, 40, 23, 37, 24, 39, 43, 44, 45, 46, 53, 54, 50, 52, 35, 49, 36, 51, 55, 56, 57, 58, 59, 60, 62, 64, 47, 61, 48, 63 ],
[ 52, 51, 64, 36, 38, 48, 40, 63, 37, 39, 56, 50, 60, 58, 23, 24, 35, 26, 49, 28, 25, 27, 44, 62, 54, 46, 47, 61, 11, 12, 14, 19, 13, 17, 32, 55, 42, 34, 59, 57, 3, 5, 8, 9, 6, 15, 20, 43, 30, 22, 53, 45, 1, 18, 2, 21, 4, 29, 7, 31, 16, 10, 41, 33 ],
[ 45, 53, 33, 55, 34, 43, 57, 41, 42, 59, 21, 22, 31, 29, 44, 62, 32, 46, 30, 61, 54, 47, 9, 10, 18, 15, 20, 16, 56, 50, 58, 49, 60, 35, 19, 2, 5, 17, 7, 4, 64, 38, 63, 37, 48, 23, 28, 8, 12, 27, 1, 6, 52, 26, 51, 25, 36, 11, 40, 14, 24, 39, 3, 13 ]
],
[ PermutationGroup<64 |  
\[ 2, 4, 8, 7, 9, 1, 10, 6, 15, 16, 14, 19, 3, 13, 18, 20, 5, 21, 17, 22, 29, 30, 26, 28, 11, 25, 12, 27, 31, 32, 33, 34, 41, 42, 38, 40, 23, 37, 24, 39, 43, 44, 45, 46, 53, 54, 50, 52, 35, 49, 36, 51, 55, 56, 57, 58, 59, 60, 62, 64, 47, 61, 48, 63 ],
\[ 12, 19, 24, 17, 3, 27, 5, 28, 8, 9, 36, 11, 39, 40, 6, 15, 13, 1, 14, 18, 2, 21, 48, 23, 51, 52, 25, 26, 4, 29, 7, 31, 10, 33, 60, 35, 63, 64, 37, 38, 16, 41, 20, 43, 22, 45, 54, 47, 58, 56, 49, 50, 30, 53, 32, 55, 34, 57, 42, 59, 46, 44, 61, 62 ],
\[ 15, 18, 17, 21, 4, 9, 29, 5, 7, 31, 27, 6, 19, 12, 10, 33, 2, 16, 1, 41, 20, 43, 39, 13, 28, 24, 8, 3, 22, 45, 30, 53, 32, 55, 51, 25, 40, 36, 14, 11, 34, 57, 42, 59, 44, 62, 63, 37, 52, 48, 26, 23, 46, 61, 54, 47, 56, 50, 58, 49, 64, 60, 38, 35 ]:
 Order := 64 > |
[ 2, 4, 8, 7, 9, 1, 10, 6, 15, 16, 14, 19, 3, 13, 18, 20, 5, 21, 17, 22, 29, 30, 26, 28, 11, 25, 12, 27, 31, 32, 33, 34, 41, 42, 38, 40, 23, 37, 24, 39, 43, 44, 45, 46, 53, 54, 50, 52, 35, 49, 36, 51, 55, 56, 57, 58, 59, 60, 62, 64, 47, 61, 48, 63 ],
[ 47, 50, 59, 49, 60, 61, 35, 62, 64, 38, 53, 54, 57, 55, 63, 37, 58, 48, 56, 23, 52, 26, 41, 42, 45, 43, 46, 44, 51, 25, 36, 11, 40, 14, 29, 30, 33, 31, 34, 32, 39, 13, 24, 3, 28, 8, 15, 16, 21, 18, 22, 20, 27, 6, 12, 1, 19, 2, 17, 4, 9, 5, 10, 7 ],
[ 54, 56, 42, 58, 59, 46, 60, 44, 62, 64, 30, 53, 34, 32, 61, 63, 57, 47, 55, 48, 50, 52, 16, 41, 22, 20, 45, 43, 49, 51, 35, 36, 38, 40, 4, 29, 10, 7, 33, 31, 37, 39, 23, 24, 26, 28, 6, 15, 2, 1, 21, 18, 25, 27, 11, 12, 14, 19, 13, 17, 8, 3, 9, 5 ]
],
[ PermutationGroup<64 |  
\[ 2, 4, 8, 7, 9, 1, 10, 6, 15, 16, 14, 19, 3, 13, 18, 20, 5, 21, 17, 22, 29, 30, 26, 28, 11, 25, 12, 27, 31, 32, 33, 34, 41, 42, 38, 40, 23, 37, 24, 39, 43, 44, 45, 46, 53, 54, 50, 52, 35, 49, 36, 51, 55, 56, 57, 58, 59, 60, 62, 64, 47, 61, 48, 63 ],
\[ 12, 19, 24, 17, 3, 27, 5, 28, 8, 9, 36, 11, 39, 40, 6, 15, 13, 1, 14, 18, 2, 21, 48, 23, 51, 52, 25, 26, 4, 29, 7, 31, 10, 33, 60, 35, 63, 64, 37, 38, 16, 41, 20, 43, 22, 45, 54, 47, 58, 56, 49, 50, 30, 53, 32, 55, 34, 57, 42, 59, 46, 44, 61, 62 ],
\[ 15, 18, 17, 21, 4, 9, 29, 5, 7, 31, 27, 6, 19, 12, 10, 33, 2, 16, 1, 41, 20, 43, 39, 13, 28, 24, 8, 3, 22, 45, 30, 53, 32, 55, 51, 25, 40, 36, 14, 11, 34, 57, 42, 59, 44, 62, 63, 37, 52, 48, 26, 23, 46, 61, 54, 47, 56, 50, 58, 49, 64, 60, 38, 35 ]:
 Order := 64 > |
[ 2, 4, 8, 7, 9, 1, 10, 6, 15, 16, 14, 19, 3, 13, 18, 20, 5, 21, 17, 22, 29, 30, 26, 28, 11, 25, 12, 27, 31, 32, 33, 34, 41, 42, 38, 40, 23, 37, 24, 39, 43, 44, 45, 46, 53, 54, 50, 52, 35, 49, 36, 51, 55, 56, 57, 58, 59, 60, 62, 64, 47, 61, 48, 63 ],
[ 9, 15, 19, 18, 2, 5, 21, 17, 4, 29, 28, 8, 12, 27, 7, 31, 1, 10, 6, 33, 16, 41, 40, 14, 24, 39, 3, 13, 20, 43, 22, 45, 30, 53, 52, 26, 36, 51, 11, 25, 32, 55, 34, 57, 42, 59, 64, 38, 48, 63, 23, 37, 44, 62, 46, 61, 54, 47, 56, 50, 60, 58, 35, 49 ],
[ 19, 17, 28, 5, 8, 12, 9, 27, 6, 15, 40, 14, 24, 39, 1, 18, 3, 2, 13, 21, 4, 29, 52, 26, 36, 51, 11, 25, 7, 31, 10, 33, 16, 41, 64, 38, 48, 63, 23, 37, 20, 43, 22, 45, 30, 53, 56, 50, 60, 58, 35, 49, 32, 55, 34, 57, 42, 59, 44, 62, 54, 46, 47, 61 ]
],
[ PermutationGroup<64 |  
\[ 2, 4, 8, 7, 9, 1, 10, 6, 15, 16, 14, 19, 3, 13, 18, 20, 5, 21, 17, 22, 29, 30, 26, 28, 11, 25, 12, 27, 31, 32, 33, 34, 41, 42, 38, 40, 23, 37, 24, 39, 43, 44, 45, 46, 53, 54, 50, 52, 35, 49, 36, 51, 55, 56, 57, 58, 59, 60, 62, 64, 47, 61, 48, 63 ],
\[ 12, 19, 24, 17, 3, 27, 5, 28, 8, 9, 36, 11, 39, 40, 6, 15, 13, 1, 14, 18, 2, 21, 48, 23, 51, 52, 25, 26, 4, 29, 7, 31, 10, 33, 60, 35, 63, 64, 37, 38, 16, 41, 20, 43, 22, 45, 54, 47, 58, 56, 49, 50, 30, 53, 32, 55, 34, 57, 42, 59, 46, 44, 61, 62 ],
\[ 15, 18, 17, 21, 4, 9, 29, 5, 7, 31, 27, 6, 19, 12, 10, 33, 2, 16, 1, 41, 20, 43, 39, 13, 28, 24, 8, 3, 22, 45, 30, 53, 32, 55, 51, 25, 40, 36, 14, 11, 34, 57, 42, 59, 44, 62, 63, 37, 52, 48, 26, 23, 46, 61, 54, 47, 56, 50, 58, 49, 64, 60, 38, 35 ]:
 Order := 64 > |
[ 2, 4, 8, 7, 9, 1, 10, 6, 15, 16, 14, 19, 3, 13, 18, 20, 5, 21, 17, 22, 29, 30, 26, 28, 11, 25, 12, 27, 31, 32, 33, 34, 41, 42, 38, 40, 23, 37, 24, 39, 43, 44, 45, 46, 53, 54, 50, 52, 35, 49, 36, 51, 55, 56, 57, 58, 59, 60, 62, 64, 47, 61, 48, 63 ],
[ 60, 64, 54, 63, 47, 58, 48, 56, 50, 52, 42, 59, 46, 44, 49, 51, 61, 35, 62, 36, 38, 40, 30, 53, 34, 32, 57, 55, 37, 39, 23, 24, 26, 28, 16, 41, 22, 20, 45, 43, 25, 27, 11, 12, 14, 19, 4, 29, 10, 7, 33, 31, 13, 17, 3, 5, 8, 9, 6, 15, 2, 1, 21, 18 ],
[ 59, 62, 53, 61, 54, 57, 47, 55, 56, 50, 41, 42, 45, 43, 58, 49, 46, 60, 44, 35, 64, 38, 29, 30, 33, 31, 34, 32, 63, 37, 48, 23, 52, 26, 15, 16, 21, 18, 22, 20, 51, 25, 36, 11, 40, 14, 17, 4, 9, 5, 10, 7, 39, 13, 24, 3, 28, 8, 27, 6, 19, 12, 2, 1 ]
],
[ PermutationGroup<64 |  
\[ 2, 4, 8, 7, 9, 1, 10, 6, 15, 16, 14, 19, 3, 13, 18, 20, 5, 21, 17, 22, 29, 30, 26, 28, 11, 25, 12, 27, 31, 32, 33, 34, 41, 42, 38, 40, 23, 37, 24, 39, 43, 44, 45, 46, 53, 54, 50, 52, 35, 49, 36, 51, 55, 56, 57, 58, 59, 60, 62, 64, 47, 61, 48, 63 ],
\[ 12, 19, 24, 17, 3, 27, 5, 28, 8, 9, 36, 11, 39, 40, 6, 15, 13, 1, 14, 18, 2, 21, 48, 23, 51, 52, 25, 26, 4, 29, 7, 31, 10, 33, 60, 35, 63, 64, 37, 38, 16, 41, 20, 43, 22, 45, 54, 47, 58, 56, 49, 50, 30, 53, 32, 55, 34, 57, 42, 59, 46, 44, 61, 62 ],
\[ 15, 18, 17, 21, 4, 9, 29, 5, 7, 31, 27, 6, 19, 12, 10, 33, 2, 16, 1, 41, 20, 43, 39, 13, 28, 24, 8, 3, 22, 45, 30, 53, 32, 55, 51, 25, 40, 36, 14, 11, 34, 57, 42, 59, 44, 62, 63, 37, 52, 48, 26, 23, 46, 61, 54, 47, 56, 50, 58, 49, 64, 60, 38, 35 ]:
 Order := 64 > |
[ 2, 4, 8, 7, 9, 1, 10, 6, 15, 16, 14, 19, 3, 13, 18, 20, 5, 21, 17, 22, 29, 30, 26, 28, 11, 25, 12, 27, 31, 32, 33, 34, 41, 42, 38, 40, 23, 37, 24, 39, 43, 44, 45, 46, 53, 54, 50, 52, 35, 49, 36, 51, 55, 56, 57, 58, 59, 60, 62, 64, 47, 61, 48, 63 ],
[ 3, 8, 11, 6, 12, 13, 1, 14, 19, 2, 23, 24, 25, 26, 17, 4, 27, 5, 28, 7, 9, 10, 35, 36, 37, 38, 39, 40, 15, 16, 18, 20, 21, 22, 47, 48, 49, 50, 51, 52, 29, 30, 31, 32, 33, 34, 59, 60, 61, 62, 63, 64, 41, 42, 43, 44, 45, 46, 53, 54, 57, 55, 58, 56 ],
[ 4, 7, 6, 10, 15, 2, 16, 1, 18, 20, 13, 17, 8, 3, 21, 22, 9, 29, 5, 30, 31, 32, 25, 27, 14, 11, 19, 12, 33, 34, 41, 42, 43, 44, 37, 39, 26, 23, 28, 24, 45, 46, 53, 54, 55, 56, 49, 51, 38, 35, 40, 36, 57, 58, 59, 60, 62, 64, 61, 63, 50, 47, 52, 48 ]
],
[ PermutationGroup<64 |  
\[ 2, 4, 8, 7, 9, 1, 10, 6, 15, 16, 14, 19, 3, 13, 18, 20, 5, 21, 17, 22, 29, 30, 26, 28, 11, 25, 12, 27, 31, 32, 33, 34, 41, 42, 38, 40, 23, 37, 24, 39, 43, 44, 45, 46, 53, 54, 50, 52, 35, 49, 36, 51, 55, 56, 57, 58, 59, 60, 62, 64, 47, 61, 48, 63 ],
\[ 12, 19, 24, 17, 3, 27, 5, 28, 8, 9, 36, 11, 39, 40, 6, 15, 13, 1, 14, 18, 2, 21, 48, 23, 51, 52, 25, 26, 4, 29, 7, 31, 10, 33, 60, 35, 63, 64, 37, 38, 16, 41, 20, 43, 22, 45, 54, 47, 58, 56, 49, 50, 30, 53, 32, 55, 34, 57, 42, 59, 46, 44, 61, 62 ],
\[ 15, 18, 17, 21, 4, 9, 29, 5, 7, 31, 27, 6, 19, 12, 10, 33, 2, 16, 1, 41, 20, 43, 39, 13, 28, 24, 8, 3, 22, 45, 30, 53, 32, 55, 51, 25, 40, 36, 14, 11, 34, 57, 42, 59, 44, 62, 63, 37, 52, 48, 26, 23, 46, 61, 54, 47, 56, 50, 58, 49, 64, 60, 38, 35 ]:
 Order := 64 > |
[ 2, 4, 8, 7, 9, 1, 10, 6, 15, 16, 14, 19, 3, 13, 18, 20, 5, 21, 17, 22, 29, 30, 26, 28, 11, 25, 12, 27, 31, 32, 33, 34, 41, 42, 38, 40, 23, 37, 24, 39, 43, 44, 45, 46, 53, 54, 50, 52, 35, 49, 36, 51, 55, 56, 57, 58, 59, 60, 62, 64, 47, 61, 48, 63 ],
[ 57, 59, 45, 62, 46, 55, 61, 53, 54, 47, 33, 34, 43, 41, 56, 50, 44, 58, 42, 49, 60, 35, 21, 22, 31, 29, 32, 30, 64, 38, 63, 37, 48, 23, 9, 10, 18, 15, 20, 16, 52, 26, 51, 25, 36, 11, 19, 2, 5, 17, 7, 4, 40, 14, 39, 13, 24, 3, 28, 8, 12, 27, 1, 6 ],
[ 64, 63, 56, 48, 50, 60, 52, 58, 49, 51, 44, 62, 54, 46, 35, 36, 47, 38, 61, 40, 37, 39, 32, 55, 42, 34, 59, 57, 23, 24, 26, 28, 25, 27, 20, 43, 30, 22, 53, 45, 11, 12, 14, 19, 13, 17, 7, 31, 16, 10, 41, 33, 3, 5, 8, 9, 6, 15, 1, 18, 4, 2, 29, 21 ]
],
[ PermutationGroup<64 |  
\[ 2, 4, 8, 7, 9, 1, 10, 6, 15, 16, 14, 19, 3, 13, 18, 20, 5, 21, 17, 22, 29, 30, 26, 28, 11, 25, 12, 27, 31, 32, 33, 34, 41, 42, 38, 40, 23, 37, 24, 39, 43, 44, 45, 46, 53, 54, 50, 52, 35, 49, 36, 51, 55, 56, 57, 58, 59, 60, 62, 64, 47, 61, 48, 63 ],
\[ 12, 19, 24, 17, 3, 27, 5, 28, 8, 9, 36, 11, 39, 40, 6, 15, 13, 1, 14, 18, 2, 21, 48, 23, 51, 52, 25, 26, 4, 29, 7, 31, 10, 33, 60, 35, 63, 64, 37, 38, 16, 41, 20, 43, 22, 45, 54, 47, 58, 56, 49, 50, 30, 53, 32, 55, 34, 57, 42, 59, 46, 44, 61, 62 ],
\[ 15, 18, 17, 21, 4, 9, 29, 5, 7, 31, 27, 6, 19, 12, 10, 33, 2, 16, 1, 41, 20, 43, 39, 13, 28, 24, 8, 3, 22, 45, 30, 53, 32, 55, 51, 25, 40, 36, 14, 11, 34, 57, 42, 59, 44, 62, 63, 37, 52, 48, 26, 23, 46, 61, 54, 47, 56, 50, 58, 49, 64, 60, 38, 35 ]:
 Order := 64 > |
[ 2, 4, 8, 7, 9, 1, 10, 6, 15, 16, 14, 19, 3, 13, 18, 20, 5, 21, 17, 22, 29, 30, 26, 28, 11, 25, 12, 27, 31, 32, 33, 34, 41, 42, 38, 40, 23, 37, 24, 39, 43, 44, 45, 46, 53, 54, 50, 52, 35, 49, 36, 51, 55, 56, 57, 58, 59, 60, 62, 64, 47, 61, 48, 63 ],
[ 12, 19, 24, 17, 3, 27, 5, 28, 8, 9, 36, 11, 39, 40, 6, 15, 13, 1, 14, 18, 2, 21, 48, 23, 51, 52, 25, 26, 4, 29, 7, 31, 10, 33, 60, 35, 63, 64, 37, 38, 16, 41, 20, 43, 22, 45, 54, 47, 58, 56, 49, 50, 30, 53, 32, 55, 34, 57, 42, 59, 46, 44, 61, 62 ],
[ 15, 18, 17, 21, 4, 9, 29, 5, 7, 31, 27, 6, 19, 12, 10, 33, 2, 16, 1, 41, 20, 43, 39, 13, 28, 24, 8, 3, 22, 45, 30, 53, 32, 55, 51, 25, 40, 36, 14, 11, 34, 57, 42, 59, 44, 62, 63, 37, 52, 48, 26, 23, 46, 61, 54, 47, 56, 50, 58, 49, 64, 60, 38, 35 ]
],
[ PermutationGroup<64 |  
\[ 2, 4, 8, 7, 9, 1, 10, 6, 15, 16, 14, 19, 3, 13, 18, 20, 5, 21, 17, 22, 29, 30, 26, 28, 11, 25, 12, 27, 31, 32, 33, 34, 41, 42, 38, 40, 23, 37, 24, 39, 43, 44, 45, 46, 53, 54, 50, 52, 35, 49, 36, 51, 55, 56, 57, 58, 59, 60, 62, 64, 47, 61, 48, 63 ],
\[ 12, 19, 24, 17, 3, 27, 5, 28, 8, 9, 36, 11, 39, 40, 6, 15, 13, 1, 14, 18, 2, 21, 48, 23, 51, 52, 25, 26, 4, 29, 7, 31, 10, 33, 60, 35, 63, 64, 37, 38, 16, 41, 20, 43, 22, 45, 54, 47, 58, 56, 49, 50, 30, 53, 32, 55, 34, 57, 42, 59, 46, 44, 61, 62 ],
\[ 15, 18, 17, 21, 4, 9, 29, 5, 7, 31, 27, 6, 19, 12, 10, 33, 2, 16, 1, 41, 20, 43, 39, 13, 28, 24, 8, 3, 22, 45, 30, 53, 32, 55, 51, 25, 40, 36, 14, 11, 34, 57, 42, 59, 44, 62, 63, 37, 52, 48, 26, 23, 46, 61, 54, 47, 56, 50, 58, 49, 64, 60, 38, 35 ]:
 Order := 64 > |
[ 2, 4, 8, 7, 9, 1, 10, 6, 15, 16, 14, 19, 3, 13, 18, 20, 5, 21, 17, 22, 29, 30, 26, 28, 11, 25, 12, 27, 31, 32, 33, 34, 41, 42, 38, 40, 23, 37, 24, 39, 43, 44, 45, 46, 53, 54, 50, 52, 35, 49, 36, 51, 55, 56, 57, 58, 59, 60, 62, 64, 47, 61, 48, 63 ],
[ 39, 24, 51, 28, 25, 40, 27, 36, 11, 12, 63, 37, 52, 48, 14, 19, 26, 13, 23, 17, 3, 5, 58, 49, 64, 60, 38, 35, 8, 9, 6, 15, 1, 18, 46, 61, 56, 54, 50, 47, 2, 21, 4, 29, 7, 31, 34, 57, 44, 42, 62, 59, 10, 33, 16, 41, 20, 43, 22, 45, 32, 30, 55, 53 ],
[ 31, 33, 18, 41, 20, 29, 43, 21, 22, 45, 5, 7, 15, 9, 30, 53, 16, 32, 10, 55, 34, 57, 12, 1, 17, 19, 4, 2, 42, 59, 44, 62, 46, 61, 24, 3, 27, 28, 6, 8, 54, 47, 56, 50, 58, 49, 36, 11, 39, 40, 13, 14, 60, 35, 64, 38, 63, 37, 48, 23, 51, 52, 25, 26 ]
],
[ PermutationGroup<64 |  
\[ 2, 4, 8, 7, 9, 1, 10, 6, 15, 16, 14, 19, 3, 13, 18, 20, 5, 21, 17, 22, 29, 30, 26, 28, 11, 25, 12, 27, 31, 32, 33, 34, 41, 42, 38, 40, 23, 37, 24, 39, 43, 44, 45, 46, 53, 54, 50, 52, 35, 49, 36, 51, 55, 56, 57, 58, 59, 60, 62, 64, 47, 61, 48, 63 ],
\[ 12, 19, 24, 17, 3, 27, 5, 28, 8, 9, 36, 11, 39, 40, 6, 15, 13, 1, 14, 18, 2, 21, 48, 23, 51, 52, 25, 26, 4, 29, 7, 31, 10, 33, 60, 35, 63, 64, 37, 38, 16, 41, 20, 43, 22, 45, 54, 47, 58, 56, 49, 50, 30, 53, 32, 55, 34, 57, 42, 59, 46, 44, 61, 62 ],
\[ 15, 18, 17, 21, 4, 9, 29, 5, 7, 31, 27, 6, 19, 12, 10, 33, 2, 16, 1, 41, 20, 43, 39, 13, 28, 24, 8, 3, 22, 45, 30, 53, 32, 55, 51, 25, 40, 36, 14, 11, 34, 57, 42, 59, 44, 62, 63, 37, 52, 48, 26, 23, 46, 61, 54, 47, 56, 50, 58, 49, 64, 60, 38, 35 ]:
 Order := 64 > |
[ 2, 4, 8, 7, 9, 1, 10, 6, 15, 16, 14, 19, 3, 13, 18, 20, 5, 21, 17, 22, 29, 30, 26, 28, 11, 25, 12, 27, 31, 32, 33, 34, 41, 42, 38, 40, 23, 37, 24, 39, 43, 44, 45, 46, 53, 54, 50, 52, 35, 49, 36, 51, 55, 56, 57, 58, 59, 60, 62, 64, 47, 61, 48, 63 ],
[ 32, 34, 20, 42, 43, 30, 44, 22, 45, 46, 7, 31, 16, 10, 53, 54, 41, 55, 33, 56, 57, 58, 1, 18, 4, 2, 29, 21, 59, 60, 62, 64, 61, 63, 3, 5, 6, 8, 15, 9, 47, 48, 50, 52, 49, 51, 11, 12, 13, 14, 17, 19, 35, 36, 38, 40, 37, 39, 23, 24, 25, 26, 27, 28 ],
[ 37, 23, 49, 26, 51, 38, 25, 35, 36, 11, 61, 63, 50, 47, 40, 14, 52, 39, 48, 13, 24, 3, 57, 58, 62, 59, 64, 60, 28, 8, 27, 6, 12, 1, 45, 46, 55, 53, 56, 54, 19, 2, 17, 4, 5, 7, 33, 34, 43, 41, 44, 42, 9, 10, 15, 16, 18, 20, 21, 22, 31, 29, 32, 30 ]
],
[ PermutationGroup<64 |  
\[ 2, 4, 8, 7, 9, 1, 10, 6, 15, 16, 14, 19, 3, 13, 18, 20, 5, 21, 17, 22, 29, 30, 26, 28, 11, 25, 12, 27, 31, 32, 33, 34, 41, 42, 38, 40, 23, 37, 24, 39, 43, 44, 45, 46, 53, 54, 50, 52, 35, 49, 36, 51, 55, 56, 57, 58, 59, 60, 62, 64, 47, 61, 48, 63 ],
\[ 12, 19, 24, 17, 3, 27, 5, 28, 8, 9, 36, 11, 39, 40, 6, 15, 13, 1, 14, 18, 2, 21, 48, 23, 51, 52, 25, 26, 4, 29, 7, 31, 10, 33, 60, 35, 63, 64, 37, 38, 16, 41, 20, 43, 22, 45, 54, 47, 58, 56, 49, 50, 30, 53, 32, 55, 34, 57, 42, 59, 46, 44, 61, 62 ],
\[ 15, 18, 17, 21, 4, 9, 29, 5, 7, 31, 27, 6, 19, 12, 10, 33, 2, 16, 1, 41, 20, 43, 39, 13, 28, 24, 8, 3, 22, 45, 30, 53, 32, 55, 51, 25, 40, 36, 14, 11, 34, 57, 42, 59, 44, 62, 63, 37, 52, 48, 26, 23, 46, 61, 54, 47, 56, 50, 58, 49, 64, 60, 38, 35 ]:
 Order := 64 > |
[ 2, 4, 8, 7, 9, 1, 10, 6, 15, 16, 14, 19, 3, 13, 18, 20, 5, 21, 17, 22, 29, 30, 26, 28, 11, 25, 12, 27, 31, 32, 33, 34, 41, 42, 38, 40, 23, 37, 24, 39, 43, 44, 45, 46, 53, 54, 50, 52, 35, 49, 36, 51, 55, 56, 57, 58, 59, 60, 62, 64, 47, 61, 48, 63 ],
[ 16, 20, 4, 22, 29, 10, 30, 7, 31, 32, 6, 15, 2, 1, 33, 34, 21, 41, 18, 42, 43, 44, 13, 17, 8, 3, 9, 5, 45, 46, 53, 54, 55, 56, 25, 27, 14, 11, 19, 12, 57, 58, 59, 60, 62, 64, 37, 39, 26, 23, 28, 24, 61, 63, 47, 48, 50, 52, 49, 51, 38, 35, 40, 36 ],
[ 11, 14, 23, 13, 24, 25, 3, 26, 28, 8, 35, 36, 37, 38, 27, 6, 39, 12, 40, 1, 19, 2, 47, 48, 49, 50, 51, 52, 17, 4, 5, 7, 9, 10, 59, 60, 61, 62, 63, 64, 15, 16, 18, 20, 21, 22, 53, 54, 57, 55, 58, 56, 29, 30, 31, 32, 33, 34, 41, 42, 45, 43, 46, 44 ]
],
[ PermutationGroup<64 |  
\[ 2, 4, 8, 7, 9, 1, 10, 6, 15, 16, 14, 19, 3, 13, 18, 20, 5, 21, 17, 22, 29, 30, 26, 28, 11, 25, 12, 27, 31, 32, 33, 34, 41, 42, 38, 40, 23, 37, 24, 39, 43, 44, 45, 46, 53, 54, 50, 52, 35, 49, 36, 51, 55, 56, 57, 58, 59, 60, 62, 64, 47, 61, 48, 63 ],
\[ 12, 19, 24, 17, 3, 27, 5, 28, 8, 9, 36, 11, 39, 40, 6, 15, 13, 1, 14, 18, 2, 21, 48, 23, 51, 52, 25, 26, 4, 29, 7, 31, 10, 33, 60, 35, 63, 64, 37, 38, 16, 41, 20, 43, 22, 45, 54, 47, 58, 56, 49, 50, 30, 53, 32, 55, 34, 57, 42, 59, 46, 44, 61, 62 ],
\[ 15, 18, 17, 21, 4, 9, 29, 5, 7, 31, 27, 6, 19, 12, 10, 33, 2, 16, 1, 41, 20, 43, 39, 13, 28, 24, 8, 3, 22, 45, 30, 53, 32, 55, 51, 25, 40, 36, 14, 11, 34, 57, 42, 59, 44, 62, 63, 37, 52, 48, 26, 23, 46, 61, 54, 47, 56, 50, 58, 49, 64, 60, 38, 35 ]:
 Order := 64 > |
[ 2, 4, 8, 7, 9, 1, 10, 6, 15, 16, 14, 19, 3, 13, 18, 20, 5, 21, 17, 22, 29, 30, 26, 28, 11, 25, 12, 27, 31, 32, 33, 34, 41, 42, 38, 40, 23, 37, 24, 39, 43, 44, 45, 46, 53, 54, 50, 52, 35, 49, 36, 51, 55, 56, 57, 58, 59, 60, 62, 64, 47, 61, 48, 63 ],
[ 38, 37, 50, 23, 52, 35, 26, 49, 51, 25, 62, 64, 47, 61, 36, 11, 48, 40, 63, 14, 39, 13, 55, 56, 59, 57, 60, 58, 24, 3, 28, 8, 27, 6, 43, 44, 53, 45, 54, 46, 12, 1, 19, 2, 17, 4, 31, 32, 41, 33, 42, 34, 5, 7, 9, 10, 15, 16, 18, 20, 29, 21, 30, 22 ],
[ 34, 42, 22, 44, 45, 32, 46, 30, 53, 54, 10, 33, 20, 16, 55, 56, 43, 57, 41, 58, 59, 60, 2, 21, 7, 4, 31, 29, 62, 64, 61, 63, 47, 48, 8, 9, 1, 6, 18, 15, 50, 52, 49, 51, 35, 36, 14, 19, 3, 13, 5, 17, 38, 40, 37, 39, 23, 24, 26, 28, 11, 25, 12, 27 ]
]
];
s`SolvableDBPointedPassport := [ PowerSequence(PermutationGroup<64 |  
\[ 2, 3, 4, 5, 6, 7, 8, 9, 10, 11, 12, 13, 14, 15, 16, 17, 18, 19, 20, 21, 22, 23, 24, 25, 26, 27, 28, 29, 30, 31, 32, 33, 34, 35, 36, 37, 38, 39, 40, 41, 42, 43, 44, 45, 46, 47, 48, 49, 50, 51, 52, 53, 54, 55, 56, 57, 58, 59, 60, 61, 62, 63, 64, 1 ],
\[ 2, 1, 3, 4, 5, 6, 7, 8, 9, 10, 11, 12, 13, 14, 15, 16, 17, 18, 19, 20, 21, 22, 23, 24, 25, 26, 27, 28, 29, 30, 31, 32, 33, 34, 35, 36, 37, 38, 39, 40, 41, 42, 43, 44, 45, 46, 47, 48, 49, 50, 51, 52, 53, 54, 55, 56, 57, 58, 59, 60, 61, 62, 63, 64 ]:
 Order := 126886932185884164103433389335161480802865516174545192198801894375214704230400000000000000 >) |
[ PermutationGroup<64 |  
\[ 2, 3, 4, 5, 6, 7, 8, 9, 10, 11, 12, 13, 14, 15, 16, 17, 18, 19, 20, 21, 22, 23, 24, 25, 26, 27, 28, 29, 30, 31, 32, 33, 34, 35, 36, 37, 38, 39, 40, 41, 42, 43, 44, 45, 46, 47, 48, 49, 50, 51, 52, 53, 54, 55, 56, 57, 58, 59, 60, 61, 62, 63, 64, 1 ],
\[ 2, 1, 3, 4, 5, 6, 7, 8, 9, 10, 11, 12, 13, 14, 15, 16, 17, 18, 19, 20, 21, 22, 23, 24, 25, 26, 27, 28, 29, 30, 31, 32, 33, 34, 35, 36, 37, 38, 39, 40, 41, 42, 43, 44, 45, 46, 47, 48, 49, 50, 51, 52, 53, 54, 55, 56, 57, 58, 59, 60, 61, 62, 63, 64 ]:
 Order := 126886932185884164103433389335161480802865516174545192198801894375214704230400000000000000 > |
[ 2, 4, 8, 7, 9, 1, 10, 6, 15, 16, 14, 19, 3, 13, 18, 20, 5, 21, 17, 22, 29, 30, 26, 28, 11, 25, 12, 27, 31, 32, 33, 34, 41, 42, 38, 40, 23, 37, 24, 39, 43, 44, 45, 46, 53, 54, 50, 52, 35, 49, 36, 51, 55, 56, 57, 58, 59, 60, 62, 64, 47, 61, 48, 63 ],
[ 2, 4, 8, 7, 9, 1, 10, 6, 15, 16, 14, 19, 3, 13, 18, 20, 5, 21, 17, 22, 29, 30, 26, 28, 11, 25, 12, 27, 31, 32, 33, 34, 41, 42, 38, 40, 23, 37, 24, 39, 43, 44, 45, 46, 53, 54, 50, 52, 35, 49, 36, 51, 55, 56, 57, 58, 59, 60, 62, 64, 47, 61, 48, 63 ],
[ 8, 6, 14, 1, 19, 3, 2, 13, 17, 4, 26, 28, 11, 25, 5, 7, 12, 9, 27, 10, 15, 16, 38, 40, 23, 37, 24, 39, 18, 20, 21, 22, 29, 30, 50, 52, 35, 49, 36, 51, 31, 32, 33, 34, 41, 42, 62, 64, 47, 61, 48, 63, 43, 44, 45, 46, 53, 54, 55, 56, 59, 57, 60, 58 ]
],
[ PermutationGroup<64 |  
\[ 2, 3, 4, 5, 6, 7, 8, 9, 10, 11, 12, 13, 14, 15, 16, 17, 18, 19, 20, 21, 22, 23, 24, 25, 26, 27, 28, 29, 30, 31, 32, 33, 34, 35, 36, 37, 38, 39, 40, 41, 42, 43, 44, 45, 46, 47, 48, 49, 50, 51, 52, 53, 54, 55, 56, 57, 58, 59, 60, 61, 62, 63, 64, 1 ],
\[ 2, 1, 3, 4, 5, 6, 7, 8, 9, 10, 11, 12, 13, 14, 15, 16, 17, 18, 19, 20, 21, 22, 23, 24, 25, 26, 27, 28, 29, 30, 31, 32, 33, 34, 35, 36, 37, 38, 39, 40, 41, 42, 43, 44, 45, 46, 47, 48, 49, 50, 51, 52, 53, 54, 55, 56, 57, 58, 59, 60, 61, 62, 63, 64 ]:
 Order := 126886932185884164103433389335161480802865516174545192198801894375214704230400000000000000 > |
[ 2, 4, 8, 7, 9, 1, 10, 6, 15, 16, 14, 19, 3, 13, 18, 20, 5, 21, 17, 22, 29, 30, 26, 28, 11, 25, 12, 27, 31, 32, 33, 34, 41, 42, 38, 40, 23, 37, 24, 39, 43, 44, 45, 46, 53, 54, 50, 52, 35, 49, 36, 51, 55, 56, 57, 58, 59, 60, 62, 64, 47, 61, 48, 63 ],
[ 46, 54, 34, 56, 57, 44, 58, 42, 59, 60, 22, 45, 32, 30, 62, 64, 55, 61, 53, 63, 47, 48, 10, 33, 20, 16, 43, 41, 50, 52, 49, 51, 35, 36, 2, 21, 7, 4, 31, 29, 38, 40, 37, 39, 23, 24, 8, 9, 1, 6, 18, 15, 26, 28, 25, 27, 11, 12, 14, 19, 3, 13, 5, 17 ],
[ 50, 49, 62, 35, 64, 47, 38, 61, 63, 37, 55, 56, 59, 57, 48, 23, 60, 52, 58, 26, 51, 25, 43, 44, 53, 45, 54, 46, 36, 11, 40, 14, 39, 13, 31, 32, 41, 33, 42, 34, 24, 3, 28, 8, 27, 6, 18, 20, 29, 21, 30, 22, 12, 1, 19, 2, 17, 4, 5, 7, 15, 9, 16, 10 ]
],
[ PermutationGroup<64 |  
\[ 2, 3, 4, 5, 6, 7, 8, 9, 10, 11, 12, 13, 14, 15, 16, 17, 18, 19, 20, 21, 22, 23, 24, 25, 26, 27, 28, 29, 30, 31, 32, 33, 34, 35, 36, 37, 38, 39, 40, 41, 42, 43, 44, 45, 46, 47, 48, 49, 50, 51, 52, 53, 54, 55, 56, 57, 58, 59, 60, 61, 62, 63, 64, 1 ],
\[ 2, 1, 3, 4, 5, 6, 7, 8, 9, 10, 11, 12, 13, 14, 15, 16, 17, 18, 19, 20, 21, 22, 23, 24, 25, 26, 27, 28, 29, 30, 31, 32, 33, 34, 35, 36, 37, 38, 39, 40, 41, 42, 43, 44, 45, 46, 47, 48, 49, 50, 51, 52, 53, 54, 55, 56, 57, 58, 59, 60, 61, 62, 63, 64 ]:
 Order := 126886932185884164103433389335161480802865516174545192198801894375214704230400000000000000 > |
[ 2, 4, 8, 7, 9, 1, 10, 6, 15, 16, 14, 19, 3, 13, 18, 20, 5, 21, 17, 22, 29, 30, 26, 28, 11, 25, 12, 27, 31, 32, 33, 34, 41, 42, 38, 40, 23, 37, 24, 39, 43, 44, 45, 46, 53, 54, 50, 52, 35, 49, 36, 51, 55, 56, 57, 58, 59, 60, 62, 64, 47, 61, 48, 63 ],
[ 25, 11, 37, 14, 39, 26, 13, 23, 24, 3, 49, 51, 38, 35, 28, 8, 40, 27, 36, 6, 12, 1, 61, 63, 50, 47, 52, 48, 19, 2, 17, 4, 5, 7, 57, 58, 62, 59, 64, 60, 9, 10, 15, 16, 18, 20, 45, 46, 55, 53, 56, 54, 21, 22, 29, 30, 31, 32, 33, 34, 43, 41, 44, 42 ],
[ 20, 22, 7, 30, 31, 16, 32, 10, 33, 34, 1, 18, 4, 2, 41, 42, 29, 43, 21, 44, 45, 46, 3, 5, 6, 8, 15, 9, 53, 54, 55, 56, 57, 58, 11, 12, 13, 14, 17, 19, 59, 60, 62, 64, 61, 63, 23, 24, 25, 26, 27, 28, 47, 48, 50, 52, 49, 51, 35, 36, 37, 38, 39, 40 ]
],
[ PermutationGroup<64 |  
\[ 2, 3, 4, 5, 6, 7, 8, 9, 10, 11, 12, 13, 14, 15, 16, 17, 18, 19, 20, 21, 22, 23, 24, 25, 26, 27, 28, 29, 30, 31, 32, 33, 34, 35, 36, 37, 38, 39, 40, 41, 42, 43, 44, 45, 46, 47, 48, 49, 50, 51, 52, 53, 54, 55, 56, 57, 58, 59, 60, 61, 62, 63, 64, 1 ],
\[ 2, 1, 3, 4, 5, 6, 7, 8, 9, 10, 11, 12, 13, 14, 15, 16, 17, 18, 19, 20, 21, 22, 23, 24, 25, 26, 27, 28, 29, 30, 31, 32, 33, 34, 35, 36, 37, 38, 39, 40, 41, 42, 43, 44, 45, 46, 47, 48, 49, 50, 51, 52, 53, 54, 55, 56, 57, 58, 59, 60, 61, 62, 63, 64 ]:
 Order := 126886932185884164103433389335161480802865516174545192198801894375214704230400000000000000 > |
[ 2, 4, 8, 7, 9, 1, 10, 6, 15, 16, 14, 19, 3, 13, 18, 20, 5, 21, 17, 22, 29, 30, 26, 28, 11, 25, 12, 27, 31, 32, 33, 34, 41, 42, 38, 40, 23, 37, 24, 39, 43, 44, 45, 46, 53, 54, 50, 52, 35, 49, 36, 51, 55, 56, 57, 58, 59, 60, 62, 64, 47, 61, 48, 63 ],
[ 43, 45, 31, 53, 32, 41, 55, 33, 34, 57, 18, 20, 29, 21, 42, 59, 30, 44, 22, 62, 46, 61, 5, 7, 15, 9, 16, 10, 54, 47, 56, 50, 58, 49, 12, 1, 17, 19, 4, 2, 60, 35, 64, 38, 63, 37, 24, 3, 27, 28, 6, 8, 48, 23, 52, 26, 51, 25, 36, 11, 39, 40, 13, 14 ],
[ 51, 36, 63, 40, 37, 52, 39, 48, 23, 24, 58, 49, 64, 60, 26, 28, 38, 25, 35, 27, 11, 12, 46, 61, 56, 54, 50, 47, 14, 19, 13, 17, 3, 5, 34, 57, 44, 42, 62, 59, 8, 9, 6, 15, 1, 18, 22, 45, 32, 30, 55, 53, 2, 21, 4, 29, 7, 31, 10, 33, 20, 16, 43, 41 ]
],
[ PermutationGroup<64 |  
\[ 2, 3, 4, 5, 6, 7, 8, 9, 10, 11, 12, 13, 14, 15, 16, 17, 18, 19, 20, 21, 22, 23, 24, 25, 26, 27, 28, 29, 30, 31, 32, 33, 34, 35, 36, 37, 38, 39, 40, 41, 42, 43, 44, 45, 46, 47, 48, 49, 50, 51, 52, 53, 54, 55, 56, 57, 58, 59, 60, 61, 62, 63, 64, 1 ],
\[ 2, 1, 3, 4, 5, 6, 7, 8, 9, 10, 11, 12, 13, 14, 15, 16, 17, 18, 19, 20, 21, 22, 23, 24, 25, 26, 27, 28, 29, 30, 31, 32, 33, 34, 35, 36, 37, 38, 39, 40, 41, 42, 43, 44, 45, 46, 47, 48, 49, 50, 51, 52, 53, 54, 55, 56, 57, 58, 59, 60, 61, 62, 63, 64 ]:
 Order := 126886932185884164103433389335161480802865516174545192198801894375214704230400000000000000 > |
[ 2, 4, 8, 7, 9, 1, 10, 6, 15, 16, 14, 19, 3, 13, 18, 20, 5, 21, 17, 22, 29, 30, 26, 28, 11, 25, 12, 27, 31, 32, 33, 34, 41, 42, 38, 40, 23, 37, 24, 39, 43, 44, 45, 46, 53, 54, 50, 52, 35, 49, 36, 51, 55, 56, 57, 58, 59, 60, 62, 64, 47, 61, 48, 63 ],
[ 29, 31, 15, 33, 16, 21, 41, 18, 20, 43, 17, 4, 9, 5, 22, 45, 10, 30, 7, 53, 32, 55, 27, 6, 19, 12, 2, 1, 34, 57, 42, 59, 44, 62, 39, 13, 28, 24, 8, 3, 46, 61, 54, 47, 56, 50, 51, 25, 40, 36, 14, 11, 58, 49, 60, 35, 64, 38, 63, 37, 52, 48, 26, 23 ],
[ 24, 28, 36, 27, 11, 39, 12, 40, 14, 19, 48, 23, 51, 52, 13, 17, 25, 3, 26, 5, 8, 9, 60, 35, 63, 64, 37, 38, 6, 15, 1, 18, 2, 21, 54, 47, 58, 56, 49, 50, 4, 29, 7, 31, 10, 33, 42, 59, 46, 44, 61, 62, 16, 41, 20, 43, 22, 45, 30, 53, 34, 32, 57, 55 ]
],
[ PermutationGroup<64 |  
\[ 2, 3, 4, 5, 6, 7, 8, 9, 10, 11, 12, 13, 14, 15, 16, 17, 18, 19, 20, 21, 22, 23, 24, 25, 26, 27, 28, 29, 30, 31, 32, 33, 34, 35, 36, 37, 38, 39, 40, 41, 42, 43, 44, 45, 46, 47, 48, 49, 50, 51, 52, 53, 54, 55, 56, 57, 58, 59, 60, 61, 62, 63, 64, 1 ],
\[ 2, 1, 3, 4, 5, 6, 7, 8, 9, 10, 11, 12, 13, 14, 15, 16, 17, 18, 19, 20, 21, 22, 23, 24, 25, 26, 27, 28, 29, 30, 31, 32, 33, 34, 35, 36, 37, 38, 39, 40, 41, 42, 43, 44, 45, 46, 47, 48, 49, 50, 51, 52, 53, 54, 55, 56, 57, 58, 59, 60, 61, 62, 63, 64 ]:
 Order := 126886932185884164103433389335161480802865516174545192198801894375214704230400000000000000 > |
[ 2, 4, 8, 7, 9, 1, 10, 6, 15, 16, 14, 19, 3, 13, 18, 20, 5, 21, 17, 22, 29, 30, 26, 28, 11, 25, 12, 27, 31, 32, 33, 34, 41, 42, 38, 40, 23, 37, 24, 39, 43, 44, 45, 46, 53, 54, 50, 52, 35, 49, 36, 51, 55, 56, 57, 58, 59, 60, 62, 64, 47, 61, 48, 63 ],
[ 52, 51, 64, 36, 38, 48, 40, 63, 37, 39, 56, 50, 60, 58, 23, 24, 35, 26, 49, 28, 25, 27, 44, 62, 54, 46, 47, 61, 11, 12, 14, 19, 13, 17, 32, 55, 42, 34, 59, 57, 3, 5, 8, 9, 6, 15, 20, 43, 30, 22, 53, 45, 1, 18, 2, 21, 4, 29, 7, 31, 16, 10, 41, 33 ],
[ 45, 53, 33, 55, 34, 43, 57, 41, 42, 59, 21, 22, 31, 29, 44, 62, 32, 46, 30, 61, 54, 47, 9, 10, 18, 15, 20, 16, 56, 50, 58, 49, 60, 35, 19, 2, 5, 17, 7, 4, 64, 38, 63, 37, 48, 23, 28, 8, 12, 27, 1, 6, 52, 26, 51, 25, 36, 11, 40, 14, 24, 39, 3, 13 ]
],
[ PermutationGroup<64 |  
\[ 2, 3, 4, 5, 6, 7, 8, 9, 10, 11, 12, 13, 14, 15, 16, 17, 18, 19, 20, 21, 22, 23, 24, 25, 26, 27, 28, 29, 30, 31, 32, 33, 34, 35, 36, 37, 38, 39, 40, 41, 42, 43, 44, 45, 46, 47, 48, 49, 50, 51, 52, 53, 54, 55, 56, 57, 58, 59, 60, 61, 62, 63, 64, 1 ],
