s := SolvableDBObjectInitialize();

/*
Basic Information about the Passport
*/

s`SolvableDBName := "64S17-8,4,8-g17-path23";
s`SolvableDBFilename := "64S17-8,4,8-g17-path23.m";
s`SolvableDBPathNumber := 23;
s`SolvableDBDegree := 64;
s`SolvableDBABC := \[ 8, 4, 8 ];
s`SolvableDBType := "Hyperbolic";
s`SolvableDBGenus := 17;
s`SolvableDBGaloisOrbitSize := 1;
s`SolvableDBPassportSize := 1;
s`SolvableDBPointedPassportSize := 1;
s`SolvableDBLevel := 6;
s`SolvableDBBlocks := {@ PowerSet(IntegerRing()) |
{ IntegerRing() | 1, 5 },
{ IntegerRing() | 2, 11 },
{ IntegerRing() | 3, 16 },
{ IntegerRing() | 4, 17 },
{ IntegerRing() | 6, 22 },
{ IntegerRing() | 7, 23 },
{ IntegerRing() | 8, 12 },
{ IntegerRing() | 9, 31 },
{ IntegerRing() | 10, 27 },
{ IntegerRing() | 13, 33 },
{ IntegerRing() | 14, 35 },
{ IntegerRing() | 15, 21 },
{ IntegerRing() | 18, 30 },
{ IntegerRing() | 19, 26 },
{ IntegerRing() | 20, 42 },
{ IntegerRing() | 24, 28 },
{ IntegerRing() | 25, 45 },
{ IntegerRing() | 29, 37 },
{ IntegerRing() | 32, 40 },
{ IntegerRing() | 34, 52 },
{ IntegerRing() | 36, 39 },
{ IntegerRing() | 38, 55 },
{ IntegerRing() | 41, 48 },
{ IntegerRing() | 43, 47 },
{ IntegerRing() | 44, 50 },
{ IntegerRing() | 46, 61 },
{ IntegerRing() | 49, 62 },
{ IntegerRing() | 51, 57 },
{ IntegerRing() | 53, 58 },
{ IntegerRing() | 54, 60 },
{ IntegerRing() | 56, 63 },
{ IntegerRing() | 59, 64 }
@};

/*
Permutations and Passports
*/

s`SolvableDBGaloisOrbit := [ PowerSequence(PermutationGroup<64 |  
\[ 2, 3, 4, 5, 6, 7, 8, 9, 10, 11, 12, 13, 14, 15, 16, 17, 18, 19, 20, 21, 22, 23, 24, 25, 26, 27, 28, 29, 30, 31, 32, 33, 34, 35, 36, 37, 38, 39, 40, 41, 42, 43, 44, 45, 46, 47, 48, 49, 50, 51, 52, 53, 54, 55, 56, 57, 58, 59, 60, 61, 62, 63, 64, 1 ],
\[ 2, 1, 3, 4, 5, 6, 7, 8, 9, 10, 11, 12, 13, 14, 15, 16, 17, 18, 19, 20, 21, 22, 23, 24, 25, 26, 27, 28, 29, 30, 31, 32, 33, 34, 35, 36, 37, 38, 39, 40, 41, 42, 43, 44, 45, 46, 47, 48, 49, 50, 51, 52, 53, 54, 55, 56, 57, 58, 59, 60, 61, 62, 63, 64 ]:
 Order := 126886932185884164103433389335161480802865516174545192198801894375214704230400000000000000 >) |
[ PermutationGroup<64 |  
\[ 2, 3, 4, 5, 6, 7, 8, 9, 10, 11, 12, 13, 14, 15, 16, 17, 18, 19, 20, 21, 22, 23, 24, 25, 26, 27, 28, 29, 30, 31, 32, 33, 34, 35, 36, 37, 38, 39, 40, 41, 42, 43, 44, 45, 46, 47, 48, 49, 50, 51, 52, 53, 54, 55, 56, 57, 58, 59, 60, 61, 62, 63, 64, 1 ],
\[ 2, 1, 3, 4, 5, 6, 7, 8, 9, 10, 11, 12, 13, 14, 15, 16, 17, 18, 19, 20, 21, 22, 23, 24, 25, 26, 27, 28, 29, 30, 31, 32, 33, 34, 35, 36, 37, 38, 39, 40, 41, 42, 43, 44, 45, 46, 47, 48, 49, 50, 51, 52, 53, 54, 55, 56, 57, 58, 59, 60, 61, 62, 63, 64 ]:
 Order := 126886932185884164103433389335161480802865516174545192198801894375214704230400000000000000 > |
[ 2, 9, 8, 16, 11, 1, 27, 29, 32, 13, 31, 37, 38, 18, 35, 12, 3, 36, 22, 4, 14, 5, 10, 23, 28, 6, 33, 7, 34, 39, 40, 53, 55, 56, 30, 51, 52, 54, 57, 58, 15, 17, 42, 19, 24, 48, 20, 21, 25, 26, 59, 63, 50, 62, 60, 43, 64, 44, 46, 49, 41, 45, 47, 61 ],
[ 3, 10, 14, 6, 16, 24, 1, 11, 29, 18, 27, 2, 31, 7, 17, 35, 22, 12, 20, 41, 4, 28, 5, 21, 26, 42, 30, 15, 36, 8, 37, 38, 9, 40, 23, 33, 39, 51, 13, 55, 45, 48, 44, 49, 19, 47, 50, 25, 61, 62, 52, 32, 56, 58, 57, 59, 34, 63, 60, 53, 43, 46, 64, 54 ],
[ 4, 7, 15, 19, 17, 25, 22, 1, 12, 35, 23, 5, 2, 24, 20, 21, 26, 3, 43, 46, 42, 45, 6, 41, 44, 47, 14, 48, 30, 16, 8, 33, 11, 9, 28, 10, 18, 39, 27, 13, 49, 61, 53, 54, 50, 56, 58, 62, 59, 60, 29, 31, 52, 32, 36, 57, 37, 34, 38, 40, 63, 64, 51, 55 ]
]
];
s`SolvableDBPassport := [ PowerSequence(PermutationGroup<64 |  
\[ 2, 9, 8, 16, 11, 1, 27, 29, 32, 13, 31, 37, 38, 18, 35, 12, 3, 36, 22, 4, 14, 5, 10, 23, 28, 6, 33, 7, 34, 39, 40, 53, 55, 56, 30, 51, 52, 54, 57, 58, 15, 17, 42, 19, 24, 48, 20, 21, 25, 26, 59, 63, 50, 62, 60, 43, 64, 44, 46, 49, 41, 45, 47, 61 ],
\[ 3, 10, 14, 6, 16, 24, 1, 11, 29, 18, 27, 2, 31, 7, 17, 35, 22, 12, 20, 41, 4, 28, 5, 21, 26, 42, 30, 15, 36, 8, 37, 38, 9, 40, 23, 33, 39, 51, 13, 55, 45, 48, 44, 49, 19, 47, 50, 25, 61, 62, 52, 32, 56, 58, 57, 59, 34, 63, 60, 53, 43, 46, 64, 54 ],
\[ 4, 7, 15, 19, 17, 25, 22, 1, 12, 35, 23, 5, 2, 24, 20, 21, 26, 3, 43, 46, 42, 45, 6, 41, 44, 47, 14, 48, 30, 16, 8, 33, 11, 9, 28, 10, 18, 39, 27, 13, 49, 61, 53, 54, 50, 56, 58, 62, 59, 60, 29, 31, 52, 32, 36, 57, 37, 34, 38, 40, 63, 64, 51, 55 ]:
 Order := 64 >) |
[ PermutationGroup<64 |  
\[ 2, 9, 8, 16, 11, 1, 27, 29, 32, 13, 31, 37, 38, 18, 35, 12, 3, 36, 22, 4, 14, 5, 10, 23, 28, 6, 33, 7, 34, 39, 40, 53, 55, 56, 30, 51, 52, 54, 57, 58, 15, 17, 42, 19, 24, 48, 20, 21, 25, 26, 59, 63, 50, 62, 60, 43, 64, 44, 46, 49, 41, 45, 47, 61 ],
\[ 3, 10, 14, 6, 16, 24, 1, 11, 29, 18, 27, 2, 31, 7, 17, 35, 22, 12, 20, 41, 4, 28, 5, 21, 26, 42, 30, 15, 36, 8, 37, 38, 9, 40, 23, 33, 39, 51, 13, 55, 45, 48, 44, 49, 19, 47, 50, 25, 61, 62, 52, 32, 56, 58, 57, 59, 34, 63, 60, 53, 43, 46, 64, 54 ],
\[ 4, 7, 15, 19, 17, 25, 22, 1, 12, 35, 23, 5, 2, 24, 20, 21, 26, 3, 43, 46, 42, 45, 6, 41, 44, 47, 14, 48, 30, 16, 8, 33, 11, 9, 28, 10, 18, 39, 27, 13, 49, 61, 53, 54, 50, 56, 58, 62, 59, 60, 29, 31, 52, 32, 36, 57, 37, 34, 38, 40, 63, 64, 51, 55 ]:
 Order := 64 > |
[ 6, 1, 17, 20, 22, 26, 28, 3, 2, 23, 5, 16, 10, 21, 41, 4, 42, 14, 44, 47, 48, 19, 24, 45, 49, 50, 7, 25, 8, 35, 11, 9, 27, 29, 15, 18, 12, 13, 30, 31, 61, 43, 56, 58, 62, 59, 63, 46, 60, 53, 36, 37, 32, 38, 33, 34, 39, 40, 51, 55, 64, 54, 52, 57 ],
[ 33, 52, 9, 18, 13, 12, 36, 57, 60, 32, 34, 51, 64, 29, 27, 31, 30, 38, 23, 5, 10, 8, 39, 2, 14, 7, 40, 11, 53, 55, 54, 47, 59, 61, 37, 56, 58, 50, 63, 43, 16, 1, 15, 17, 35, 24, 21, 3, 22, 4, 62, 46, 25, 41, 44, 26, 49, 45, 42, 48, 28, 6, 19, 20 ],
[ 24, 3, 22, 41, 28, 42, 15, 14, 10, 5, 16, 35, 18, 4, 45, 6, 48, 7, 49, 50, 25, 20, 21, 19, 61, 62, 1, 26, 11, 23, 27, 29, 30, 36, 17, 12, 2, 31, 8, 37, 43, 44, 59, 63, 46, 60, 64, 47, 53, 56, 33, 39, 38, 51, 9, 40, 13, 55, 52, 57, 54, 58, 32, 34 ]
]
];
s`SolvableDBPointedPassport := [ PowerSequence(PermutationGroup<64 |  
\[ 2, 9, 8, 16, 11, 1, 27, 29, 32, 13, 31, 37, 38, 18, 35, 12, 3, 36, 22, 4, 14, 5, 10, 23, 28, 6, 33, 7, 34, 39, 40, 53, 55, 56, 30, 51, 52, 54, 57, 58, 15, 17, 42, 19, 24, 48, 20, 21, 25, 26, 59, 63, 50, 62, 60, 43, 64, 44, 46, 49, 41, 45, 47, 61 ],
\[ 3, 10, 14, 6, 16, 24, 1, 11, 29, 18, 27, 2, 31, 7, 17, 35, 22, 12, 20, 41, 4, 28, 5, 21, 26, 42, 30, 15, 36, 8, 37, 38, 9, 40, 23, 33, 39, 51, 13, 55, 45, 48, 44, 49, 19, 47, 50, 25, 61, 62, 52, 32, 56, 58, 57, 59, 34, 63, 60, 53, 43, 46, 64, 54 ],
\[ 4, 7, 15, 19, 17, 25, 22, 1, 12, 35, 23, 5, 2, 24, 20, 21, 26, 3, 43, 46, 42, 45, 6, 41, 44, 47, 14, 48, 30, 16, 8, 33, 11, 9, 28, 10, 18, 39, 27, 13, 49, 61, 53, 54, 50, 56, 58, 62, 59, 60, 29, 31, 52, 32, 36, 57, 37, 34, 38, 40, 63, 64, 51, 55 ]:
 Order := 64 >) |
[ PermutationGroup<64 |  
\[ 2, 9, 8, 16, 11, 1, 27, 29, 32, 13, 31, 37, 38, 18, 35, 12, 3, 36, 22, 4, 14, 5, 10, 23, 28, 6, 33, 7, 34, 39, 40, 53, 55, 56, 30, 51, 52, 54, 57, 58, 15, 17, 42, 19, 24, 48, 20, 21, 25, 26, 59, 63, 50, 62, 60, 43, 64, 44, 46, 49, 41, 45, 47, 61 ],
\[ 3, 10, 14, 6, 16, 24, 1, 11, 29, 18, 27, 2, 31, 7, 17, 35, 22, 12, 20, 41, 4, 28, 5, 21, 26, 42, 30, 15, 36, 8, 37, 38, 9, 40, 23, 33, 39, 51, 13, 55, 45, 48, 44, 49, 19, 47, 50, 25, 61, 62, 52, 32, 56, 58, 57, 59, 34, 63, 60, 53, 43, 46, 64, 54 ],
\[ 4, 7, 15, 19, 17, 25, 22, 1, 12, 35, 23, 5, 2, 24, 20, 21, 26, 3, 43, 46, 42, 45, 6, 41, 44, 47, 14, 48, 30, 16, 8, 33, 11, 9, 28, 10, 18, 39, 27, 13, 49, 61, 53, 54, 50, 56, 58, 62, 59, 60, 29, 31, 52, 32, 36, 57, 37, 34, 38, 40, 63, 64, 51, 55 ]:
 Order := 64 > |
[ 6, 1, 17, 20, 22, 26, 28, 3, 2, 23, 5, 16, 10, 21, 41, 4, 42, 14, 44, 47, 48, 19, 24, 45, 49, 50, 7, 25, 8, 35, 11, 9, 27, 29, 15, 18, 12, 13, 30, 31, 61, 43, 56, 58, 62, 59, 63, 46, 60, 53, 36, 37, 32, 38, 33, 34, 39, 40, 51, 55, 64, 54, 52, 57 ],
[ 33, 52, 9, 18, 13, 12, 36, 57, 60, 32, 34, 51, 64, 29, 27, 31, 30, 38, 23, 5, 10, 8, 39, 2, 14, 7, 40, 11, 53, 55, 54, 47, 59, 61, 37, 56, 58, 50, 63, 43, 16, 1, 15, 17, 35, 24, 21, 3, 22, 4, 62, 46, 25, 41, 44, 26, 49, 45, 42, 48, 28, 6, 19, 20 ],
[ 24, 3, 22, 41, 28, 42, 15, 14, 10, 5, 16, 35, 18, 4, 45, 6, 48, 7, 49, 50, 25, 20, 21, 19, 61, 62, 1, 26, 11, 23, 27, 29, 30, 36, 17, 12, 2, 31, 8, 37, 43, 44, 59, 63, 46, 60, 64, 47, 53, 56, 33, 39, 38, 51, 9, 40, 13, 55, 52, 57, 54, 58, 32, 34 ]
]
];
s`SolvableDBMonodromyGroup := PermutationGroup<64 |  
\[ 2, 9, 8, 16, 11, 1, 27, 29, 32, 13, 31, 37, 38, 18, 35, 12, 3, 36, 22, 4, 14, 5, 10, 23, 28, 6, 33, 7, 34, 39, 40, 53, 55, 56, 30, 51, 52, 54, 57, 58, 15, 17, 42, 19, 24, 48, 20, 21, 25, 26, 59, 63, 50, 62, 60, 43, 64, 44, 46, 49, 41, 45, 47, 61 ],
\[ 3, 10, 14, 6, 16, 24, 1, 11, 29, 18, 27, 2, 31, 7, 17, 35, 22, 12, 20, 41, 4, 28, 5, 21, 26, 42, 30, 15, 36, 8, 37, 38, 9, 40, 23, 33, 39, 51, 13, 55, 45, 48, 44, 49, 19, 47, 50, 25, 61, 62, 52, 32, 56, 58, 57, 59, 34, 63, 60, 53, 43, 46, 64, 54 ],
\[ 4, 7, 15, 19, 17, 25, 22, 1, 12, 35, 23, 5, 2, 24, 20, 21, 26, 3, 43, 46, 42, 45, 6, 41, 44, 47, 14, 48, 30, 16, 8, 33, 11, 9, 28, 10, 18, 39, 27, 13, 49, 61, 53, 54, 50, 56, 58, 62, 59, 60, 29, 31, 52, 32, 36, 57, 37, 34, 38, 40, 63, 64, 51, 55 ] >;
s`SolvableDBAutomorphismGroup := PermutationGroup<64 |  
\[ 53, 50, 56, 52, 58, 32, 60, 43, 26, 62, 44, 47, 45, 59, 57, 63, 34, 46, 31, 37, 51, 40, 54, 38, 33, 9, 49, 55, 42, 61, 19, 6, 25, 17, 64, 48, 20, 24, 41, 22, 39, 29, 8, 11, 13, 18, 12, 36, 27, 2, 21, 4, 1, 23, 28, 3, 15, 5, 14, 7, 30, 10, 16, 35 ],
\[ 2, 9, 10, 7, 11, 1, 12, 13, 32, 29, 31, 33, 34, 18, 35, 27, 23, 36, 22, 28, 14, 5, 8, 3, 4, 6, 37, 16, 38, 39, 40, 53, 52, 54, 30, 51, 55, 56, 57, 58, 15, 24, 45, 19, 17, 48, 25, 21, 20, 26, 59, 60, 50, 43, 63, 62, 64, 44, 46, 47, 41, 42, 49, 61 ],
\[ 62, 45, 46, 64, 49, 54, 50, 48, 24, 19, 25, 41, 22, 47, 56, 61, 59, 20, 55, 57, 63, 60, 44, 58, 32, 38, 26, 53, 21, 42, 28, 23, 6, 14, 43, 4, 15, 5, 17, 7, 34, 51, 36, 33, 40, 37, 39, 52, 9, 13, 16, 35, 10, 11, 1, 18, 3, 27, 12, 2, 29, 31, 30, 8 ]:
 Order := 64 >;
s`SolvableDBPointedAutomorphismGroup := PermutationGroup<64 |  
\[ 53, 50, 56, 52, 58, 32, 60, 43, 26, 62, 44, 47, 45, 59, 57, 63, 34, 46, 31, 37, 51, 40, 54, 38, 33, 9, 49, 55, 42, 61, 19, 6, 25, 17, 64, 48, 20, 24, 41, 22, 39, 29, 8, 11, 13, 18, 12, 36, 27, 2, 21, 4, 1, 23, 28, 3, 15, 5, 14, 7, 30, 10, 16, 35 ],
\[ 6, 1, 24, 25, 22, 26, 4, 23, 2, 3, 5, 7, 8, 21, 41, 28, 45, 14, 44, 49, 48, 19, 17, 42, 47, 50, 16, 20, 10, 35, 11, 9, 12, 13, 15, 18, 27, 29, 30, 31, 61, 62, 54, 58, 43, 59, 60, 46, 63, 53, 36, 33, 32, 34, 37, 38, 39, 40, 51, 52, 64, 56, 55, 57 ]:
 Order := 8 >;

/*
Top Level Belyi Curve/Map
*/


/*
Graph Data
*/

s`SolvableDBPathToPP1 := [ Strings() | "PP1", "2T1-2,1,2-g0-path1", "4T1-4,1,4-g0-path1", "8T2-4,2,4-g1-path1", "16T5-8,2,8-g3-path3", "32S12-8,4,8-g9-path3", "64S17-8,4,8-g17-path23" ];
s`SolvableDBChildren := [ Strings() | "32S12-8,4,8-g9-path3" ];

/*
Return for eval
*/

return s;
