s := SolvableDBObjectInitialize();

/*
Basic Information about the Passport
*/

s`SolvableDBName := "64S1-2,64,64-g16-path1";
s`SolvableDBFilename := "64S1-2,64,64-g16-path1.m";
s`SolvableDBPathNumber := 1;
s`SolvableDBDegree := 64;
s`SolvableDBABC := \[ 2, 64, 64 ];
s`SolvableDBType := "Hyperbolic";
s`SolvableDBGenus := 16;
s`SolvableDBGaloisOrbitSize := 1;
s`SolvableDBPassportSize := 1;
s`SolvableDBPointedPassportSize := 1;
s`SolvableDBLevel := 6;
s`SolvableDBBlocks := {@ PowerSet(IntegerRing()) |
{ IntegerRing() | 1, 5 },
{ IntegerRing() | 2, 9 },
{ IntegerRing() | 3, 13 },
{ IntegerRing() | 4, 16 },
{ IntegerRing() | 6, 17 },
{ IntegerRing() | 7, 20 },
{ IntegerRing() | 8, 22 },
{ IntegerRing() | 10, 23 },
{ IntegerRing() | 11, 27 },
{ IntegerRing() | 12, 29 },
{ IntegerRing() | 14, 30 },
{ IntegerRing() | 15, 31 },
{ IntegerRing() | 18, 32 },
{ IntegerRing() | 19, 34 },
{ IntegerRing() | 21, 36 },
{ IntegerRing() | 24, 38 },
{ IntegerRing() | 25, 41 },
{ IntegerRing() | 26, 43 },
{ IntegerRing() | 28, 44 },
{ IntegerRing() | 33, 46 },
{ IntegerRing() | 35, 48 },
{ IntegerRing() | 37, 50 },
{ IntegerRing() | 39, 53 },
{ IntegerRing() | 40, 55 },
{ IntegerRing() | 42, 56 },
{ IntegerRing() | 45, 58 },
{ IntegerRing() | 47, 60 },
{ IntegerRing() | 49, 62 },
{ IntegerRing() | 51, 59 },
{ IntegerRing() | 52, 57 },
{ IntegerRing() | 54, 64 },
{ IntegerRing() | 61, 63 }
@};

/*
Permutations and Passports
*/

s`SolvableDBGaloisOrbit := [ PowerSequence(PermutationGroup<64 |  
\[ 2, 3, 4, 5, 6, 7, 8, 9, 10, 11, 12, 13, 14, 15, 16, 17, 18, 19, 20, 21, 22, 23, 24, 25, 26, 27, 28, 29, 30, 31, 32, 33, 34, 35, 36, 37, 38, 39, 40, 41, 42, 43, 44, 45, 46, 47, 48, 49, 50, 51, 52, 53, 54, 55, 56, 57, 58, 59, 60, 61, 62, 63, 64, 1 ],
\[ 2, 1, 3, 4, 5, 6, 7, 8, 9, 10, 11, 12, 13, 14, 15, 16, 17, 18, 19, 20, 21, 22, 23, 24, 25, 26, 27, 28, 29, 30, 31, 32, 33, 34, 35, 36, 37, 38, 39, 40, 41, 42, 43, 44, 45, 46, 47, 48, 49, 50, 51, 52, 53, 54, 55, 56, 57, 58, 59, 60, 61, 62, 63, 64 ]:
 Order := 126886932185884164103433389335161480802865516174545192198801894375214704230400000000000000 >) |
[ PermutationGroup<64 |  
\[ 2, 3, 4, 5, 6, 7, 8, 9, 10, 11, 12, 13, 14, 15, 16, 17, 18, 19, 20, 21, 22, 23, 24, 25, 26, 27, 28, 29, 30, 31, 32, 33, 34, 35, 36, 37, 38, 39, 40, 41, 42, 43, 44, 45, 46, 47, 48, 49, 50, 51, 52, 53, 54, 55, 56, 57, 58, 59, 60, 61, 62, 63, 64, 1 ],
\[ 2, 1, 3, 4, 5, 6, 7, 8, 9, 10, 11, 12, 13, 14, 15, 16, 17, 18, 19, 20, 21, 22, 23, 24, 25, 26, 27, 28, 29, 30, 31, 32, 33, 34, 35, 36, 37, 38, 39, 40, 41, 42, 43, 44, 45, 46, 47, 48, 49, 50, 51, 52, 53, 54, 55, 56, 57, 58, 59, 60, 61, 62, 63, 64 ]:
 Order := 126886932185884164103433389335161480802865516174545192198801894375214704230400000000000000 > |
[ 5, 9, 13, 16, 1, 17, 20, 22, 2, 23, 27, 29, 3, 30, 31, 4, 6, 32, 34, 7, 36, 8, 10, 38, 41, 43, 11, 44, 12, 14, 15, 18, 46, 19, 48, 21, 50, 24, 53, 55, 25, 56, 26, 28, 58, 33, 60, 35, 62, 37, 59, 57, 39, 64, 40, 42, 52, 45, 51, 47, 63, 49, 61, 54 ],
[ 2, 7, 1, 8, 9, 10, 19, 18, 20, 21, 3, 4, 5, 6, 14, 22, 23, 24, 33, 34, 35, 32, 36, 37, 11, 12, 13, 15, 16, 17, 30, 38, 45, 46, 47, 48, 49, 50, 25, 26, 27, 28, 29, 31, 57, 58, 59, 60, 61, 62, 39, 40, 41, 42, 43, 44, 55, 52, 53, 51, 64, 63, 54, 56 ],
[ 13, 5, 27, 29, 3, 30, 9, 16, 1, 17, 41, 43, 11, 31, 44, 12, 14, 22, 20, 2, 23, 4, 6, 32, 53, 55, 25, 56, 26, 15, 28, 8, 34, 7, 36, 10, 38, 18, 59, 57, 39, 64, 40, 42, 46, 19, 48, 21, 50, 24, 47, 45, 51, 61, 52, 54, 58, 33, 60, 35, 62, 37, 49, 63 ]
]
];
s`SolvableDBPassport := [ PowerSequence(PermutationGroup<64 |  
\[ 5, 9, 13, 16, 1, 17, 20, 22, 2, 23, 27, 29, 3, 30, 31, 4, 6, 32, 34, 7, 36, 8, 10, 38, 41, 43, 11, 44, 12, 14, 15, 18, 46, 19, 48, 21, 50, 24, 53, 55, 25, 56, 26, 28, 58, 33, 60, 35, 62, 37, 59, 57, 39, 64, 40, 42, 52, 45, 51, 47, 63, 49, 61, 54 ],
\[ 2, 7, 1, 8, 9, 10, 19, 18, 20, 21, 3, 4, 5, 6, 14, 22, 23, 24, 33, 34, 35, 32, 36, 37, 11, 12, 13, 15, 16, 17, 30, 38, 45, 46, 47, 48, 49, 50, 25, 26, 27, 28, 29, 31, 57, 58, 59, 60, 61, 62, 39, 40, 41, 42, 43, 44, 55, 52, 53, 51, 64, 63, 54, 56 ],
\[ 13, 5, 27, 29, 3, 30, 9, 16, 1, 17, 41, 43, 11, 31, 44, 12, 14, 22, 20, 2, 23, 4, 6, 32, 53, 55, 25, 56, 26, 15, 28, 8, 34, 7, 36, 10, 38, 18, 59, 57, 39, 64, 40, 42, 46, 19, 48, 21, 50, 24, 47, 45, 51, 61, 52, 54, 58, 33, 60, 35, 62, 37, 49, 63 ]:
 Order := 64 >) |
[ PermutationGroup<64 |  
\[ 5, 9, 13, 16, 1, 17, 20, 22, 2, 23, 27, 29, 3, 30, 31, 4, 6, 32, 34, 7, 36, 8, 10, 38, 41, 43, 11, 44, 12, 14, 15, 18, 46, 19, 48, 21, 50, 24, 53, 55, 25, 56, 26, 28, 58, 33, 60, 35, 62, 37, 59, 57, 39, 64, 40, 42, 52, 45, 51, 47, 63, 49, 61, 54 ],
\[ 2, 7, 1, 8, 9, 10, 19, 18, 20, 21, 3, 4, 5, 6, 14, 22, 23, 24, 33, 34, 35, 32, 36, 37, 11, 12, 13, 15, 16, 17, 30, 38, 45, 46, 47, 48, 49, 50, 25, 26, 27, 28, 29, 31, 57, 58, 59, 60, 61, 62, 39, 40, 41, 42, 43, 44, 55, 52, 53, 51, 64, 63, 54, 56 ],
\[ 13, 5, 27, 29, 3, 30, 9, 16, 1, 17, 41, 43, 11, 31, 44, 12, 14, 22, 20, 2, 23, 4, 6, 32, 53, 55, 25, 56, 26, 15, 28, 8, 34, 7, 36, 10, 38, 18, 59, 57, 39, 64, 40, 42, 46, 19, 48, 21, 50, 24, 47, 45, 51, 61, 52, 54, 58, 33, 60, 35, 62, 37, 49, 63 ]:
 Order := 64 > |
[ 5, 9, 13, 16, 1, 17, 20, 22, 2, 23, 27, 29, 3, 30, 31, 4, 6, 32, 34, 7, 36, 8, 10, 38, 41, 43, 11, 44, 12, 14, 15, 18, 46, 19, 48, 21, 50, 24, 53, 55, 25, 56, 26, 28, 58, 33, 60, 35, 62, 37, 59, 57, 39, 64, 40, 42, 52, 45, 51, 47, 63, 49, 61, 54 ],
[ 2, 7, 1, 8, 9, 10, 19, 18, 20, 21, 3, 4, 5, 6, 14, 22, 23, 24, 33, 34, 35, 32, 36, 37, 11, 12, 13, 15, 16, 17, 30, 38, 45, 46, 47, 48, 49, 50, 25, 26, 27, 28, 29, 31, 57, 58, 59, 60, 61, 62, 39, 40, 41, 42, 43, 44, 55, 52, 53, 51, 64, 63, 54, 56 ],
[ 13, 5, 27, 29, 3, 30, 9, 16, 1, 17, 41, 43, 11, 31, 44, 12, 14, 22, 20, 2, 23, 4, 6, 32, 53, 55, 25, 56, 26, 15, 28, 8, 34, 7, 36, 10, 38, 18, 59, 57, 39, 64, 40, 42, 46, 19, 48, 21, 50, 24, 47, 45, 51, 61, 52, 54, 58, 33, 60, 35, 62, 37, 49, 63 ]
]
];
s`SolvableDBPointedPassport := [ PowerSequence(PermutationGroup<64 |  
\[ 5, 9, 13, 16, 1, 17, 20, 22, 2, 23, 27, 29, 3, 30, 31, 4, 6, 32, 34, 7, 36, 8, 10, 38, 41, 43, 11, 44, 12, 14, 15, 18, 46, 19, 48, 21, 50, 24, 53, 55, 25, 56, 26, 28, 58, 33, 60, 35, 62, 37, 59, 57, 39, 64, 40, 42, 52, 45, 51, 47, 63, 49, 61, 54 ],
\[ 2, 7, 1, 8, 9, 10, 19, 18, 20, 21, 3, 4, 5, 6, 14, 22, 23, 24, 33, 34, 35, 32, 36, 37, 11, 12, 13, 15, 16, 17, 30, 38, 45, 46, 47, 48, 49, 50, 25, 26, 27, 28, 29, 31, 57, 58, 59, 60, 61, 62, 39, 40, 41, 42, 43, 44, 55, 52, 53, 51, 64, 63, 54, 56 ],
\[ 13, 5, 27, 29, 3, 30, 9, 16, 1, 17, 41, 43, 11, 31, 44, 12, 14, 22, 20, 2, 23, 4, 6, 32, 53, 55, 25, 56, 26, 15, 28, 8, 34, 7, 36, 10, 38, 18, 59, 57, 39, 64, 40, 42, 46, 19, 48, 21, 50, 24, 47, 45, 51, 61, 52, 54, 58, 33, 60, 35, 62, 37, 49, 63 ]:
 Order := 64 >) |
[ PermutationGroup<64 |  
\[ 5, 9, 13, 16, 1, 17, 20, 22, 2, 23, 27, 29, 3, 30, 31, 4, 6, 32, 34, 7, 36, 8, 10, 38, 41, 43, 11, 44, 12, 14, 15, 18, 46, 19, 48, 21, 50, 24, 53, 55, 25, 56, 26, 28, 58, 33, 60, 35, 62, 37, 59, 57, 39, 64, 40, 42, 52, 45, 51, 47, 63, 49, 61, 54 ],
\[ 2, 7, 1, 8, 9, 10, 19, 18, 20, 21, 3, 4, 5, 6, 14, 22, 23, 24, 33, 34, 35, 32, 36, 37, 11, 12, 13, 15, 16, 17, 30, 38, 45, 46, 47, 48, 49, 50, 25, 26, 27, 28, 29, 31, 57, 58, 59, 60, 61, 62, 39, 40, 41, 42, 43, 44, 55, 52, 53, 51, 64, 63, 54, 56 ],
\[ 13, 5, 27, 29, 3, 30, 9, 16, 1, 17, 41, 43, 11, 31, 44, 12, 14, 22, 20, 2, 23, 4, 6, 32, 53, 55, 25, 56, 26, 15, 28, 8, 34, 7, 36, 10, 38, 18, 59, 57, 39, 64, 40, 42, 46, 19, 48, 21, 50, 24, 47, 45, 51, 61, 52, 54, 58, 33, 60, 35, 62, 37, 49, 63 ]:
 Order := 64 > |
[ 2, 7, 1, 8, 9, 10, 19, 18, 20, 21, 3, 4, 5, 6, 14, 22, 23, 24, 33, 34, 35, 32, 36, 37, 11, 12, 13, 15, 16, 17, 30, 38, 45, 46, 47, 48, 49, 50, 25, 26, 27, 28, 29, 31, 57, 58, 59, 60, 61, 62, 39, 40, 41, 42, 43, 44, 55, 52, 53, 51, 64, 63, 54, 56 ],
[ 13, 5, 27, 29, 3, 30, 9, 16, 1, 17, 41, 43, 11, 31, 44, 12, 14, 22, 20, 2, 23, 4, 6, 32, 53, 55, 25, 56, 26, 15, 28, 8, 34, 7, 36, 10, 38, 18, 59, 57, 39, 64, 40, 42, 46, 19, 48, 21, 50, 24, 47, 45, 51, 61, 52, 54, 58, 33, 60, 35, 62, 37, 49, 63 ],
[ 5, 9, 13, 16, 1, 17, 20, 22, 2, 23, 27, 29, 3, 30, 31, 4, 6, 32, 34, 7, 36, 8, 10, 38, 41, 43, 11, 44, 12, 14, 15, 18, 46, 19, 48, 21, 50, 24, 53, 55, 25, 56, 26, 28, 58, 33, 60, 35, 62, 37, 59, 57, 39, 64, 40, 42, 52, 45, 51, 47, 63, 49, 61, 54 ]
]
];
s`SolvableDBMonodromyGroup := PermutationGroup<64 |  
\[ 5, 9, 13, 16, 1, 17, 20, 22, 2, 23, 27, 29, 3, 30, 31, 4, 6, 32, 34, 7, 36, 8, 10, 38, 41, 43, 11, 44, 12, 14, 15, 18, 46, 19, 48, 21, 50, 24, 53, 55, 25, 56, 26, 28, 58, 33, 60, 35, 62, 37, 59, 57, 39, 64, 40, 42, 52, 45, 51, 47, 63, 49, 61, 54 ],
\[ 2, 7, 1, 8, 9, 10, 19, 18, 20, 21, 3, 4, 5, 6, 14, 22, 23, 24, 33, 34, 35, 32, 36, 37, 11, 12, 13, 15, 16, 17, 30, 38, 45, 46, 47, 48, 49, 50, 25, 26, 27, 28, 29, 31, 57, 58, 59, 60, 61, 62, 39, 40, 41, 42, 43, 44, 55, 52, 53, 51, 64, 63, 54, 56 ],
\[ 13, 5, 27, 29, 3, 30, 9, 16, 1, 17, 41, 43, 11, 31, 44, 12, 14, 22, 20, 2, 23, 4, 6, 32, 53, 55, 25, 56, 26, 15, 28, 8, 34, 7, 36, 10, 38, 18, 59, 57, 39, 64, 40, 42, 46, 19, 48, 21, 50, 24, 47, 45, 51, 61, 52, 54, 58, 33, 60, 35, 62, 37, 49, 63 ] >;
s`SolvableDBAutomorphismGroup := PermutationGroup<64 |  
\[ 2, 7, 1, 8, 9, 10, 19, 18, 20, 21, 3, 4, 5, 6, 14, 22, 23, 24, 33, 34, 35, 32, 36, 37, 11, 12, 13, 15, 16, 17, 30, 38, 45, 46, 47, 48, 49, 50, 25, 26, 27, 28, 29, 31, 57, 58, 59, 60, 61, 62, 39, 40, 41, 42, 43, 44, 55, 52, 53, 51, 64, 63, 54, 56 ],
\[ 22, 32, 16, 30, 8, 9, 38, 17, 18, 20, 29, 31, 4, 5, 13, 14, 2, 23, 50, 24, 34, 6, 7, 36, 43, 44, 12, 27, 15, 1, 3, 10, 62, 37, 46, 19, 48, 21, 55, 56, 26, 41, 28, 11, 63, 49, 58, 33, 60, 35, 57, 64, 40, 53, 42, 25, 54, 61, 52, 45, 51, 47, 59, 39 ]:
 Order := 64 >;
s`SolvableDBPointedAutomorphismGroup := PermutationGroup<64 |  
\[ 5, 9, 13, 16, 1, 17, 20, 22, 2, 23, 27, 29, 3, 30, 31, 4, 6, 32, 34, 7, 36, 8, 10, 38, 41, 43, 11, 44, 12, 14, 15, 18, 46, 19, 48, 21, 50, 24, 53, 55, 25, 56, 26, 28, 58, 33, 60, 35, 62, 37, 59, 57, 39, 64, 40, 42, 52, 45, 51, 47, 63, 49, 61, 54 ]:
 Order := 2 >;

/*
Top Level Belyi Curve/Map
*/


/*
Graph Data
*/

s`SolvableDBPathToPP1 := [ Strings() | "PP1", "2T1-1,2,2-g0-path1", "4T1-1,4,4-g0-path1", "8T1-1,8,8-g0-path1", "16T1-1,16,16-g0-path1", "32S1-1,32,32-g0-path1", "64S1-2,64,64-g16-path1" ];
s`SolvableDBChildren := [ Strings() | "32S1-1,32,32-g0-path1" ];

/*
Return for eval
*/

return s;
