s := SolvableDBInitialize();

/*
Magma printing
*/

s`SolvableDBName := "64S1-32,64,64-g31-path5-notcomputed";
s`SolvableDBFilename := "64S1-32,64,64-g31-path5-notcomputed.m";
s`SolvableDBPassportName := "64S1-32,64,64-g31";
s`SolvableDBPathNumber := 5;
s`SolvableDBDegree := 64;
s`SolvableDBOrders := \[ 32, 64, 64 ];
s`SolvableDBType := "Hyperbolic";
s`SolvableDBGenus := 31;
s`SolvableDBGaloisOrbitSize := 2;
s`SolvableDBPassportSize := 16;
s`SolvableDBPointedPassportSize := 16;
s`SolvableDBLevel := 6;
s`SolvableDBBlocks := {@ PowerSet(IntegerRing()) |
{ IntegerRing() | 1, 5 },
{ IntegerRing() | 2, 10 },
{ IntegerRing() | 3, 13 },
{ IntegerRing() | 4, 16 },
{ IntegerRing() | 6, 17 },
{ IntegerRing() | 7, 18 },
{ IntegerRing() | 8, 19 },
{ IntegerRing() | 9, 21 },
{ IntegerRing() | 11, 23 },
{ IntegerRing() | 12, 26 },
{ IntegerRing() | 14, 29 },
{ IntegerRing() | 15, 30 },
{ IntegerRing() | 20, 31 },
{ IntegerRing() | 22, 33 },
{ IntegerRing() | 24, 35 },
{ IntegerRing() | 25, 38 },
{ IntegerRing() | 27, 41 },
{ IntegerRing() | 28, 42 },
{ IntegerRing() | 32, 43 },
{ IntegerRing() | 34, 45 },
{ IntegerRing() | 36, 47 },
{ IntegerRing() | 37, 50 },
{ IntegerRing() | 39, 53 },
{ IntegerRing() | 40, 54 },
{ IntegerRing() | 44, 55 },
{ IntegerRing() | 46, 57 },
{ IntegerRing() | 48, 59 },
{ IntegerRing() | 49, 60 },
{ IntegerRing() | 51, 63 },
{ IntegerRing() | 52, 64 },
{ IntegerRing() | 56, 61 },
{ IntegerRing() | 58, 62 }
@};
s`SolvableDBIsRamifiedAtEveryLevel := true;
s`SolvableDBGaloisOrbit := [ PowerSequence(PermutationGroup<64 |  
\[ 2, 3, 4, 5, 6, 7, 8, 9, 10, 11, 12, 13, 14, 15, 16, 17, 18, 19, 20, 21, 22, 23, 24, 25, 26, 27, 28, 29, 30, 31, 32, 33, 34, 35, 36, 37, 38, 39, 40, 41, 42, 43, 44, 45, 46, 47, 48, 49, 50, 51, 52, 53, 54, 55, 56, 57, 58, 59, 60, 61, 62, 63, 64, 1 ],
\[ 2, 1, 3, 4, 5, 6, 7, 8, 9, 10, 11, 12, 13, 14, 15, 16, 17, 18, 19, 20, 21, 22, 23, 24, 25, 26, 27, 28, 29, 30, 31, 32, 33, 34, 35, 36, 37, 38, 39, 40, 41, 42, 43, 44, 45, 46, 47, 48, 49, 50, 51, 52, 53, 54, 55, 56, 57, 58, 59, 60, 61, 62, 63, 64 ]:
 Order := 126886932185884164103433389335161480802865516174545192198801894375214704230400000000000000 >) |
[ PermutationGroup<64 |  
\[ 2, 3, 4, 5, 6, 7, 8, 9, 10, 11, 12, 13, 14, 15, 16, 17, 18, 19, 20, 21, 22, 23, 24, 25, 26, 27, 28, 29, 30, 31, 32, 33, 34, 35, 36, 37, 38, 39, 40, 41, 42, 43, 44, 45, 46, 47, 48, 49, 50, 51, 52, 53, 54, 55, 56, 57, 58, 59, 60, 61, 62, 63, 64, 1 ],
\[ 2, 1, 3, 4, 5, 6, 7, 8, 9, 10, 11, 12, 13, 14, 15, 16, 17, 18, 19, 20, 21, 22, 23, 24, 25, 26, 27, 28, 29, 30, 31, 32, 33, 34, 35, 36, 37, 38, 39, 40, 41, 42, 43, 44, 45, 46, 47, 48, 49, 50, 51, 52, 53, 54, 55, 56, 57, 58, 59, 60, 61, 62, 63, 64 ]:
 Order := 126886932185884164103433389335161480802865516174545192198801894375214704230400000000000000 > |
[ 2, 9, 8, 7, 10, 1, 11, 4, 20, 21, 22, 15, 19, 3, 6, 18, 5, 23, 16, 24, 31, 32, 33, 34, 28, 30, 12, 14, 13, 17, 35, 36, 43, 44, 45, 46, 40, 42, 25, 27, 26, 29, 47, 48, 55, 56, 57, 58, 52, 54, 37, 39, 38, 41, 59, 60, 61, 63, 62, 64, 49, 51, 50, 53 ],
[ 3, 8, 12, 6, 13, 14, 1, 15, 4, 19, 2, 25, 26, 27, 28, 17, 29, 5, 30, 7, 16, 9, 10, 11, 37, 38, 39, 40, 41, 42, 18, 20, 21, 22, 23, 24, 49, 50, 51, 52, 53, 54, 31, 32, 33, 34, 35, 36, 59, 60, 61, 62, 63, 64, 43, 44, 45, 46, 47, 48, 55, 57, 56, 58 ],
[ 4, 7, 6, 2, 16, 8, 9, 1, 11, 18, 20, 14, 17, 15, 3, 10, 19, 21, 5, 22, 23, 24, 31, 32, 27, 29, 28, 12, 30, 13, 33, 34, 35, 36, 43, 44, 39, 41, 40, 25, 42, 26, 45, 46, 47, 48, 55, 56, 51, 53, 52, 37, 54, 38, 57, 58, 59, 60, 61, 63, 62, 49, 64, 50 ]
],
[ PermutationGroup<64 |  
\[ 2, 3, 4, 5, 6, 7, 8, 9, 10, 11, 12, 13, 14, 15, 16, 17, 18, 19, 20, 21, 22, 23, 24, 25, 26, 27, 28, 29, 30, 31, 32, 33, 34, 35, 36, 37, 38, 39, 40, 41, 42, 43, 44, 45, 46, 47, 48, 49, 50, 51, 52, 53, 54, 55, 56, 57, 58, 59, 60, 61, 62, 63, 64, 1 ],
\[ 2, 1, 3, 4, 5, 6, 7, 8, 9, 10, 11, 12, 13, 14, 15, 16, 17, 18, 19, 20, 21, 22, 23, 24, 25, 26, 27, 28, 29, 30, 31, 32, 33, 34, 35, 36, 37, 38, 39, 40, 41, 42, 43, 44, 45, 46, 47, 48, 49, 50, 51, 52, 53, 54, 55, 56, 57, 58, 59, 60, 61, 62, 63, 64 ]:
 Order := 126886932185884164103433389335161480802865516174545192198801894375214704230400000000000000 > |
[ 10, 21, 19, 18, 2, 5, 23, 16, 31, 9, 33, 30, 8, 13, 17, 7, 1, 11, 4, 35, 20, 43, 22, 45, 42, 15, 26, 29, 3, 6, 24, 47, 32, 55, 34, 57, 54, 28, 38, 41, 12, 14, 36, 59, 44, 61, 46, 62, 64, 40, 50, 53, 25, 27, 48, 49, 56, 51, 58, 52, 60, 63, 37, 39 ],
[ 3, 8, 12, 6, 13, 14, 1, 15, 4, 19, 2, 25, 26, 27, 28, 17, 29, 5, 30, 7, 16, 9, 10, 11, 37, 38, 39, 40, 41, 42, 18, 20, 21, 22, 23, 24, 49, 50, 51, 52, 53, 54, 31, 32, 33, 34, 35, 36, 59, 60, 61, 62, 63, 64, 43, 44, 45, 46, 47, 48, 55, 57, 56, 58 ],
[ 16, 18, 17, 10, 4, 19, 21, 5, 23, 7, 31, 29, 6, 30, 13, 2, 8, 9, 1, 33, 11, 35, 20, 43, 41, 14, 42, 26, 15, 3, 22, 45, 24, 47, 32, 55, 53, 27, 54, 38, 28, 12, 34, 57, 36, 59, 44, 61, 63, 39, 64, 50, 40, 25, 46, 62, 48, 49, 56, 51, 58, 60, 52, 37 ]
]
];
s`SolvableDBPassport := [ PowerSequence(PermutationGroup<64 |  
\[ 10, 21, 19, 18, 2, 5, 23, 16, 31, 9, 33, 30, 8, 13, 17, 7, 1, 11, 4, 35, 20, 43, 22, 45, 42, 15, 26, 29, 3, 6, 24, 47, 32, 55, 34, 57, 54, 28, 38, 41, 12, 14, 36, 59, 44, 61, 46, 62, 64, 40, 50, 53, 25, 27, 48, 49, 56, 51, 58, 52, 60, 63, 37, 39 ],
\[ 3, 8, 12, 6, 13, 14, 1, 15, 4, 19, 2, 25, 26, 27, 28, 17, 29, 5, 30, 7, 16, 9, 10, 11, 37, 38, 39, 40, 41, 42, 18, 20, 21, 22, 23, 24, 49, 50, 51, 52, 53, 54, 31, 32, 33, 34, 35, 36, 59, 60, 61, 62, 63, 64, 43, 44, 45, 46, 47, 48, 55, 57, 56, 58 ],
\[ 16, 18, 17, 10, 4, 19, 21, 5, 23, 7, 31, 29, 6, 30, 13, 2, 8, 9, 1, 33, 11, 35, 20, 43, 41, 14, 42, 26, 15, 3, 22, 45, 24, 47, 32, 55, 53, 27, 54, 38, 28, 12, 34, 57, 36, 59, 44, 61, 63, 39, 64, 50, 40, 25, 46, 62, 48, 49, 56, 51, 58, 60, 52, 37 ]:
 Order := 64 >) |
[ PermutationGroup<64 |  
\[ 10, 21, 19, 18, 2, 5, 23, 16, 31, 9, 33, 30, 8, 13, 17, 7, 1, 11, 4, 35, 20, 43, 22, 45, 42, 15, 26, 29, 3, 6, 24, 47, 32, 55, 34, 57, 54, 28, 38, 41, 12, 14, 36, 59, 44, 61, 46, 62, 64, 40, 50, 53, 25, 27, 48, 49, 56, 51, 58, 52, 60, 63, 37, 39 ],
\[ 3, 8, 12, 6, 13, 14, 1, 15, 4, 19, 2, 25, 26, 27, 28, 17, 29, 5, 30, 7, 16, 9, 10, 11, 37, 38, 39, 40, 41, 42, 18, 20, 21, 22, 23, 24, 49, 50, 51, 52, 53, 54, 31, 32, 33, 34, 35, 36, 59, 60, 61, 62, 63, 64, 43, 44, 45, 46, 47, 48, 55, 57, 56, 58 ],
\[ 16, 18, 17, 10, 4, 19, 21, 5, 23, 7, 31, 29, 6, 30, 13, 2, 8, 9, 1, 33, 11, 35, 20, 43, 41, 14, 42, 26, 15, 3, 22, 45, 24, 47, 32, 55, 53, 27, 54, 38, 28, 12, 34, 57, 36, 59, 44, 61, 63, 39, 64, 50, 40, 25, 46, 62, 48, 49, 56, 51, 58, 60, 52, 37 ]:
 Order := 64 > |
[ 20, 24, 7, 22, 31, 9, 32, 11, 34, 35, 36, 1, 18, 4, 2, 33, 21, 43, 23, 44, 45, 46, 47, 48, 3, 5, 6, 8, 16, 10, 55, 56, 57, 58, 59, 60, 12, 13, 14, 15, 17, 19, 61, 63, 62, 64, 49, 50, 25, 26, 27, 28, 29, 30, 51, 53, 52, 54, 37, 38, 39, 40, 41, 42 ],
[ 3, 8, 12, 6, 13, 14, 1, 15, 4, 19, 2, 25, 26, 27, 28, 17, 29, 5, 30, 7, 16, 9, 10, 11, 37, 38, 39, 40, 41, 42, 18, 20, 21, 22, 23, 24, 49, 50, 51, 52, 53, 54, 31, 32, 33, 34, 35, 36, 59, 60, 61, 62, 63, 64, 43, 44, 45, 46, 47, 48, 55, 57, 56, 58 ],
[ 3, 8, 12, 6, 13, 14, 1, 15, 4, 19, 2, 25, 26, 27, 28, 17, 29, 5, 30, 7, 16, 9, 10, 11, 37, 38, 39, 40, 41, 42, 18, 20, 21, 22, 23, 24, 49, 50, 51, 52, 53, 54, 31, 32, 33, 34, 35, 36, 59, 60, 61, 62, 63, 64, 43, 44, 45, 46, 47, 48, 55, 57, 56, 58 ]
],
[ PermutationGroup<64 |  
\[ 10, 21, 19, 18, 2, 5, 23, 16, 31, 9, 33, 30, 8, 13, 17, 7, 1, 11, 4, 35, 20, 43, 22, 45, 42, 15, 26, 29, 3, 6, 24, 47, 32, 55, 34, 57, 54, 28, 38, 41, 12, 14, 36, 59, 44, 61, 46, 62, 64, 40, 50, 53, 25, 27, 48, 49, 56, 51, 58, 52, 60, 63, 37, 39 ],
\[ 3, 8, 12, 6, 13, 14, 1, 15, 4, 19, 2, 25, 26, 27, 28, 17, 29, 5, 30, 7, 16, 9, 10, 11, 37, 38, 39, 40, 41, 42, 18, 20, 21, 22, 23, 24, 49, 50, 51, 52, 53, 54, 31, 32, 33, 34, 35, 36, 59, 60, 61, 62, 63, 64, 43, 44, 45, 46, 47, 48, 55, 57, 56, 58 ],
\[ 16, 18, 17, 10, 4, 19, 21, 5, 23, 7, 31, 29, 6, 30, 13, 2, 8, 9, 1, 33, 11, 35, 20, 43, 41, 14, 42, 26, 15, 3, 22, 45, 24, 47, 32, 55, 53, 27, 54, 38, 28, 12, 34, 57, 36, 59, 44, 61, 63, 39, 64, 50, 40, 25, 46, 62, 48, 49, 56, 51, 58, 60, 52, 37 ]:
 Order := 64 > |
[ 31, 35, 18, 33, 20, 21, 43, 23, 45, 24, 47, 5, 7, 16, 10, 22, 9, 32, 11, 55, 34, 57, 36, 59, 13, 1, 17, 19, 4, 2, 44, 61, 46, 62, 48, 49, 26, 3, 29, 30, 6, 8, 56, 51, 58, 52, 60, 37, 38, 12, 41, 42, 14, 15, 63, 39, 64, 40, 50, 25, 53, 54, 27, 28 ],
[ 3, 8, 12, 6, 13, 14, 1, 15, 4, 19, 2, 25, 26, 27, 28, 17, 29, 5, 30, 7, 16, 9, 10, 11, 37, 38, 39, 40, 41, 42, 18, 20, 21, 22, 23, 24, 49, 50, 51, 52, 53, 54, 31, 32, 33, 34, 35, 36, 59, 60, 61, 62, 63, 64, 43, 44, 45, 46, 47, 48, 55, 57, 56, 58 ],
[ 13, 19, 26, 17, 3, 29, 5, 30, 16, 8, 10, 38, 12, 41, 42, 6, 14, 1, 15, 18, 4, 21, 2, 23, 50, 25, 53, 54, 27, 28, 7, 31, 9, 33, 11, 35, 60, 37, 63, 64, 39, 40, 20, 43, 22, 45, 24, 47, 48, 49, 56, 58, 51, 52, 32, 55, 34, 57, 36, 59, 44, 46, 61, 62 ]
],
[ PermutationGroup<64 |  
\[ 10, 21, 19, 18, 2, 5, 23, 16, 31, 9, 33, 30, 8, 13, 17, 7, 1, 11, 4, 35, 20, 43, 22, 45, 42, 15, 26, 29, 3, 6, 24, 47, 32, 55, 34, 57, 54, 28, 38, 41, 12, 14, 36, 59, 44, 61, 46, 62, 64, 40, 50, 53, 25, 27, 48, 49, 56, 51, 58, 52, 60, 63, 37, 39 ],
\[ 3, 8, 12, 6, 13, 14, 1, 15, 4, 19, 2, 25, 26, 27, 28, 17, 29, 5, 30, 7, 16, 9, 10, 11, 37, 38, 39, 40, 41, 42, 18, 20, 21, 22, 23, 24, 49, 50, 51, 52, 53, 54, 31, 32, 33, 34, 35, 36, 59, 60, 61, 62, 63, 64, 43, 44, 45, 46, 47, 48, 55, 57, 56, 58 ],
\[ 16, 18, 17, 10, 4, 19, 21, 5, 23, 7, 31, 29, 6, 30, 13, 2, 8, 9, 1, 33, 11, 35, 20, 43, 41, 14, 42, 26, 15, 3, 22, 45, 24, 47, 32, 55, 53, 27, 54, 38, 28, 12, 34, 57, 36, 59, 44, 61, 63, 39, 64, 50, 40, 25, 46, 62, 48, 49, 56, 51, 58, 60, 52, 37 ]:
 Order := 64 > |
[ 45, 55, 33, 47, 34, 35, 57, 43, 59, 44, 61, 21, 22, 23, 31, 36, 24, 46, 32, 62, 48, 49, 56, 51, 16, 9, 10, 18, 11, 20, 58, 52, 60, 37, 63, 39, 17, 4, 19, 5, 2, 7, 64, 40, 50, 25, 53, 27, 29, 6, 30, 13, 8, 1, 54, 28, 38, 12, 41, 14, 42, 26, 15, 3 ],
[ 3, 8, 12, 6, 13, 14, 1, 15, 4, 19, 2, 25, 26, 27, 28, 17, 29, 5, 30, 7, 16, 9, 10, 11, 37, 38, 39, 40, 41, 42, 18, 20, 21, 22, 23, 24, 49, 50, 51, 52, 53, 54, 31, 32, 33, 34, 35, 36, 59, 60, 61, 62, 63, 64, 43, 44, 45, 46, 47, 48, 55, 57, 56, 58 ],
[ 42, 29, 54, 26, 28, 38, 30, 41, 13, 14, 17, 64, 40, 50, 53, 12, 25, 15, 27, 19, 3, 5, 6, 16, 58, 52, 60, 63, 37, 39, 8, 10, 1, 18, 4, 21, 46, 62, 48, 56, 49, 51, 2, 23, 7, 31, 9, 33, 34, 57, 36, 44, 59, 61, 11, 35, 20, 43, 22, 45, 24, 32, 47, 55 ]
],
[ PermutationGroup<64 |  
\[ 10, 21, 19, 18, 2, 5, 23, 16, 31, 9, 33, 30, 8, 13, 17, 7, 1, 11, 4, 35, 20, 43, 22, 45, 42, 15, 26, 29, 3, 6, 24, 47, 32, 55, 34, 57, 54, 28, 38, 41, 12, 14, 36, 59, 44, 61, 46, 62, 64, 40, 50, 53, 25, 27, 48, 49, 56, 51, 58, 52, 60, 63, 37, 39 ],
\[ 3, 8, 12, 6, 13, 14, 1, 15, 4, 19, 2, 25, 26, 27, 28, 17, 29, 5, 30, 7, 16, 9, 10, 11, 37, 38, 39, 40, 41, 42, 18, 20, 21, 22, 23, 24, 49, 50, 51, 52, 53, 54, 31, 32, 33, 34, 35, 36, 59, 60, 61, 62, 63, 64, 43, 44, 45, 46, 47, 48, 55, 57, 56, 58 ],
\[ 16, 18, 17, 10, 4, 19, 21, 5, 23, 7, 31, 29, 6, 30, 13, 2, 8, 9, 1, 33, 11, 35, 20, 43, 41, 14, 42, 26, 15, 3, 22, 45, 24, 47, 32, 55, 53, 27, 54, 38, 28, 12, 34, 57, 36, 59, 44, 61, 63, 39, 64, 50, 40, 25, 46, 62, 48, 49, 56, 51, 58, 60, 52, 37 ]:
 Order := 64 > |
[ 34, 44, 22, 36, 45, 24, 46, 32, 48, 55, 56, 9, 33, 11, 20, 47, 35, 57, 43, 58, 59, 60, 61, 63, 4, 21, 2, 7, 23, 31, 62, 64, 49, 50, 51, 53, 6, 16, 8, 1, 10, 18, 52, 54, 37, 38, 39, 41, 14, 17, 15, 3, 19, 5, 40, 42, 25, 26, 27, 29, 28, 12, 30, 13 ],
[ 3, 8, 12, 6, 13, 14, 1, 15, 4, 19, 2, 25, 26, 27, 28, 17, 29, 5, 30, 7, 16, 9, 10, 11, 37, 38, 39, 40, 41, 42, 18, 20, 21, 22, 23, 24, 49, 50, 51, 52, 53, 54, 31, 32, 33, 34, 35, 36, 59, 60, 61, 62, 63, 64, 43, 44, 45, 46, 47, 48, 55, 57, 56, 58 ],
[ 28, 14, 40, 12, 42, 25, 15, 27, 3, 29, 6, 52, 54, 37, 39, 26, 38, 30, 41, 8, 13, 1, 17, 4, 62, 64, 49, 51, 50, 53, 19, 2, 5, 7, 16, 9, 57, 58, 59, 61, 60, 63, 10, 11, 18, 20, 21, 22, 45, 46, 47, 55, 48, 56, 23, 24, 31, 32, 33, 34, 35, 43, 36, 44 ]
],
[ PermutationGroup<64 |  
\[ 10, 21, 19, 18, 2, 5, 23, 16, 31, 9, 33, 30, 8, 13, 17, 7, 1, 11, 4, 35, 20, 43, 22, 45, 42, 15, 26, 29, 3, 6, 24, 47, 32, 55, 34, 57, 54, 28, 38, 41, 12, 14, 36, 59, 44, 61, 46, 62, 64, 40, 50, 53, 25, 27, 48, 49, 56, 51, 58, 52, 60, 63, 37, 39 ],
\[ 3, 8, 12, 6, 13, 14, 1, 15, 4, 19, 2, 25, 26, 27, 28, 17, 29, 5, 30, 7, 16, 9, 10, 11, 37, 38, 39, 40, 41, 42, 18, 20, 21, 22, 23, 24, 49, 50, 51, 52, 53, 54, 31, 32, 33, 34, 35, 36, 59, 60, 61, 62, 63, 64, 43, 44, 45, 46, 47, 48, 55, 57, 56, 58 ],
\[ 16, 18, 17, 10, 4, 19, 21, 5, 23, 7, 31, 29, 6, 30, 13, 2, 8, 9, 1, 33, 11, 35, 20, 43, 41, 14, 42, 26, 15, 3, 22, 45, 24, 47, 32, 55, 53, 27, 54, 38, 28, 12, 34, 57, 36, 59, 44, 61, 63, 39, 64, 50, 40, 25, 46, 62, 48, 49, 56, 51, 58, 60, 52, 37 ]:
 Order := 64 > |
[ 59, 62, 47, 61, 48, 55, 49, 57, 51, 58, 52, 35, 36, 43, 45, 56, 44, 60, 46, 37, 63, 39, 64, 40, 23, 24, 31, 33, 32, 34, 50, 25, 53, 27, 54, 28, 10, 11, 18, 21, 20, 22, 38, 12, 41, 14, 42, 15, 19, 2, 5, 16, 7, 9, 26, 3, 29, 6, 30, 8, 13, 17, 1, 4 ],
[ 3, 8, 12, 6, 13, 14, 1, 15, 4, 19, 2, 25, 26, 27, 28, 17, 29, 5, 30, 7, 16, 9, 10, 11, 37, 38, 39, 40, 41, 42, 18, 20, 21, 22, 23, 24, 49, 50, 51, 52, 53, 54, 31, 32, 33, 34, 35, 36, 59, 60, 61, 62, 63, 64, 43, 44, 45, 46, 47, 48, 55, 57, 56, 58 ],
[ 53, 38, 63, 54, 39, 64, 41, 50, 42, 25, 26, 56, 51, 58, 60, 40, 52, 27, 37, 29, 28, 30, 12, 13, 44, 61, 46, 48, 62, 49, 14, 17, 15, 19, 3, 5, 32, 55, 34, 36, 57, 59, 6, 16, 8, 10, 1, 18, 20, 43, 22, 24, 45, 47, 4, 21, 2, 23, 7, 31, 9, 11, 33, 35 ]
],
[ PermutationGroup<64 |  
\[ 10, 21, 19, 18, 2, 5, 23, 16, 31, 9, 33, 30, 8, 13, 17, 7, 1, 11, 4, 35, 20, 43, 22, 45, 42, 15, 26, 29, 3, 6, 24, 47, 32, 55, 34, 57, 54, 28, 38, 41, 12, 14, 36, 59, 44, 61, 46, 62, 64, 40, 50, 53, 25, 27, 48, 49, 56, 51, 58, 52, 60, 63, 37, 39 ],
\[ 3, 8, 12, 6, 13, 14, 1, 15, 4, 19, 2, 25, 26, 27, 28, 17, 29, 5, 30, 7, 16, 9, 10, 11, 37, 38, 39, 40, 41, 42, 18, 20, 21, 22, 23, 24, 49, 50, 51, 52, 53, 54, 31, 32, 33, 34, 35, 36, 59, 60, 61, 62, 63, 64, 43, 44, 45, 46, 47, 48, 55, 57, 56, 58 ],
\[ 16, 18, 17, 10, 4, 19, 21, 5, 23, 7, 31, 29, 6, 30, 13, 2, 8, 9, 1, 33, 11, 35, 20, 43, 41, 14, 42, 26, 15, 3, 22, 45, 24, 47, 32, 55, 53, 27, 54, 38, 28, 12, 34, 57, 36, 59, 44, 61, 63, 39, 64, 50, 40, 25, 46, 62, 48, 49, 56, 51, 58, 60, 52, 37 ]:
 Order := 64 > |
[ 6, 1, 14, 8, 17, 15, 4, 3, 2, 5, 7, 27, 29, 28, 12, 19, 30, 16, 13, 9, 10, 11, 18, 20, 39, 41, 40, 25, 42, 26, 21, 22, 23, 24, 31, 32, 51, 53, 52, 37, 54, 38, 33, 34, 35, 36, 43, 44, 61, 63, 62, 49, 64, 50, 45, 46, 47, 48, 55, 56, 57, 59, 58, 60 ],
[ 3, 8, 12, 6, 13, 14, 1, 15, 4, 19, 2, 25, 26, 27, 28, 17, 29, 5, 30, 7, 16, 9, 10, 11, 37, 38, 39, 40, 41, 42, 18, 20, 21, 22, 23, 24, 49, 50, 51, 52, 53, 54, 31, 32, 33, 34, 35, 36, 59, 60, 61, 62, 63, 64, 43, 44, 45, 46, 47, 48, 55, 57, 56, 58 ],
[ 11, 22, 2, 20, 23, 7, 24, 9, 32, 33, 34, 8, 10, 1, 4, 31, 18, 35, 21, 36, 43, 44, 45, 46, 15, 19, 3, 6, 5, 16, 47, 48, 55, 56, 57, 58, 28, 30, 12, 14, 13, 17, 59, 60, 61, 63, 62, 64, 40, 42, 25, 27, 26, 29, 49, 50, 51, 53, 52, 54, 37, 39, 38, 41 ]
],
[ PermutationGroup<64 |  
\[ 10, 21, 19, 18, 2, 5, 23, 16, 31, 9, 33, 30, 8, 13, 17, 7, 1, 11, 4, 35, 20, 43, 22, 45, 42, 15, 26, 29, 3, 6, 24, 47, 32, 55, 34, 57, 54, 28, 38, 41, 12, 14, 36, 59, 44, 61, 46, 62, 64, 40, 50, 53, 25, 27, 48, 49, 56, 51, 58, 52, 60, 63, 37, 39 ],
\[ 3, 8, 12, 6, 13, 14, 1, 15, 4, 19, 2, 25, 26, 27, 28, 17, 29, 5, 30, 7, 16, 9, 10, 11, 37, 38, 39, 40, 41, 42, 18, 20, 21, 22, 23, 24, 49, 50, 51, 52, 53, 54, 31, 32, 33, 34, 35, 36, 59, 60, 61, 62, 63, 64, 43, 44, 45, 46, 47, 48, 55, 57, 56, 58 ],
\[ 16, 18, 17, 10, 4, 19, 21, 5, 23, 7, 31, 29, 6, 30, 13, 2, 8, 9, 1, 33, 11, 35, 20, 43, 41, 14, 42, 26, 15, 3, 22, 45, 24, 47, 32, 55, 53, 27, 54, 38, 28, 12, 34, 57, 36, 59, 44, 61, 63, 39, 64, 50, 40, 25, 46, 62, 48, 49, 56, 51, 58, 60, 52, 37 ]:
 Order := 64 > |
[ 48, 58, 36, 56, 59, 44, 60, 46, 63, 62, 64, 24, 47, 32, 34, 61, 55, 49, 57, 50, 51, 53, 52, 54, 11, 35, 20, 22, 43, 45, 37, 38, 39, 41, 40, 42, 2, 23, 7, 9, 31, 33, 25, 26, 27, 29, 28, 30, 8, 10, 1, 4, 18, 21, 12, 13, 14, 17, 15, 19, 3, 6, 5, 16 ],
[ 3, 8, 12, 6, 13, 14, 1, 15, 4, 19, 2, 25, 26, 27, 28, 17, 29, 5, 30, 7, 16, 9, 10, 11, 37, 38, 39, 40, 41, 42, 18, 20, 21, 22, 23, 24, 49, 50, 51, 52, 53, 54, 31, 32, 33, 34, 35, 36, 59, 60, 61, 62, 63, 64, 43, 44, 45, 46, 47, 48, 55, 57, 56, 58 ],
[ 39, 25, 51, 40, 53, 52, 27, 37, 28, 38, 12, 61, 63, 62, 49, 54, 64, 41, 50, 14, 42, 15, 26, 3, 55, 56, 57, 59, 58, 60, 29, 6, 30, 8, 13, 1, 43, 44, 45, 47, 46, 48, 17, 4, 19, 2, 5, 7, 31, 32, 33, 35, 34, 36, 16, 9, 10, 11, 18, 20, 21, 23, 22, 24 ]
],
[ PermutationGroup<64 |  
\[ 10, 21, 19, 18, 2, 5, 23, 16, 31, 9, 33, 30, 8, 13, 17, 7, 1, 11, 4, 35, 20, 43, 22, 45, 42, 15, 26, 29, 3, 6, 24, 47, 32, 55, 34, 57, 54, 28, 38, 41, 12, 14, 36, 59, 44, 61, 46, 62, 64, 40, 50, 53, 25, 27, 48, 49, 56, 51, 58, 52, 60, 63, 37, 39 ],
\[ 3, 8, 12, 6, 13, 14, 1, 15, 4, 19, 2, 25, 26, 27, 28, 17, 29, 5, 30, 7, 16, 9, 10, 11, 37, 38, 39, 40, 41, 42, 18, 20, 21, 22, 23, 24, 49, 50, 51, 52, 53, 54, 31, 32, 33, 34, 35, 36, 59, 60, 61, 62, 63, 64, 43, 44, 45, 46, 47, 48, 55, 57, 56, 58 ],
\[ 16, 18, 17, 10, 4, 19, 21, 5, 23, 7, 31, 29, 6, 30, 13, 2, 8, 9, 1, 33, 11, 35, 20, 43, 41, 14, 42, 26, 15, 3, 22, 45, 24, 47, 32, 55, 53, 27, 54, 38, 28, 12, 34, 57, 36, 59, 44, 61, 63, 39, 64, 50, 40, 25, 46, 62, 48, 49, 56, 51, 58, 60, 52, 37 ]:
 Order := 64 > |
[ 17, 5, 29, 19, 6, 30, 16, 13, 10, 1, 18, 41, 14, 42, 26, 8, 15, 4, 3, 21, 2, 23, 7, 31, 53, 27, 54, 38, 28, 12, 9, 33, 11, 35, 20, 43, 63, 39, 64, 50, 40, 25, 22, 45, 24, 47, 32, 55, 56, 51, 58, 60, 52, 37, 34, 57, 36, 59, 44, 61, 46, 48, 62, 49 ],
[ 3, 8, 12, 6, 13, 14, 1, 15, 4, 19, 2, 25, 26, 27, 28, 17, 29, 5, 30, 7, 16, 9, 10, 11, 37, 38, 39, 40, 41, 42, 18, 20, 21, 22, 23, 24, 49, 50, 51, 52, 53, 54, 31, 32, 33, 34, 35, 36, 59, 60, 61, 62, 63, 64, 43, 44, 45, 46, 47, 48, 55, 57, 56, 58 ],
[ 23, 33, 10, 31, 11, 18, 35, 21, 43, 22, 45, 19, 2, 5, 16, 20, 7, 24, 9, 47, 32, 55, 34, 57, 30, 8, 13, 17, 1, 4, 36, 59, 44, 61, 46, 62, 42, 15, 26, 29, 3, 6, 48, 49, 56, 51, 58, 52, 54, 28, 38, 41, 12, 14, 60, 37, 63, 39, 64, 40, 50, 53, 25, 27 ]
],
[ PermutationGroup<64 |  
\[ 10, 21, 19, 18, 2, 5, 23, 16, 31, 9, 33, 30, 8, 13, 17, 7, 1, 11, 4, 35, 20, 43, 22, 45, 42, 15, 26, 29, 3, 6, 24, 47, 32, 55, 34, 57, 54, 28, 38, 41, 12, 14, 36, 59, 44, 61, 46, 62, 64, 40, 50, 53, 25, 27, 48, 49, 56, 51, 58, 52, 60, 63, 37, 39 ],
\[ 3, 8, 12, 6, 13, 14, 1, 15, 4, 19, 2, 25, 26, 27, 28, 17, 29, 5, 30, 7, 16, 9, 10, 11, 37, 38, 39, 40, 41, 42, 18, 20, 21, 22, 23, 24, 49, 50, 51, 52, 53, 54, 31, 32, 33, 34, 35, 36, 59, 60, 61, 62, 63, 64, 43, 44, 45, 46, 47, 48, 55, 57, 56, 58 ],
\[ 16, 18, 17, 10, 4, 19, 21, 5, 23, 7, 31, 29, 6, 30, 13, 2, 8, 9, 1, 33, 11, 35, 20, 43, 41, 14, 42, 26, 15, 3, 22, 45, 24, 47, 32, 55, 53, 27, 54, 38, 28, 12, 34, 57, 36, 59, 44, 61, 63, 39, 64, 50, 40, 25, 46, 62, 48, 49, 56, 51, 58, 60, 52, 37 ]:
 Order := 64 > |
[ 51, 37, 61, 52, 63, 62, 39, 49, 40, 50, 25, 55, 56, 57, 59, 64, 58, 53, 60, 27, 54, 28, 38, 12, 43, 44, 45, 47, 46, 48, 41, 14, 42, 15, 26, 3, 31, 32, 33, 35, 34, 36, 29, 6, 30, 8, 13, 1, 18, 20, 21, 23, 22, 24, 17, 4, 19, 2, 5, 7, 16, 10, 9, 11 ],
[ 3, 8, 12, 6, 13, 14, 1, 15, 4, 19, 2, 25, 26, 27, 28, 17, 29, 5, 30, 7, 16, 9, 10, 11, 37, 38, 39, 40, 41, 42, 18, 20, 21, 22, 23, 24, 49, 50, 51, 52, 53, 54, 31, 32, 33, 34, 35, 36, 59, 60, 61, 62, 63, 64, 43, 44, 45, 46, 47, 48, 55, 57, 56, 58 ],
[ 60, 64, 48, 63, 49, 56, 50, 58, 53, 52, 54, 36, 59, 44, 46, 51, 61, 37, 62, 38, 39, 41, 40, 42, 24, 47, 32, 34, 55, 57, 25, 26, 27, 29, 28, 30, 11, 35, 20, 22, 43, 45, 12, 13, 14, 17, 15, 19, 2, 23, 7, 9, 31, 33, 3, 5, 6, 16, 8, 10, 1, 4, 18, 21 ]
],
[ PermutationGroup<64 |  
\[ 10, 21, 19, 18, 2, 5, 23, 16, 31, 9, 33, 30, 8, 13, 17, 7, 1, 11, 4, 35, 20, 43, 22, 45, 42, 15, 26, 29, 3, 6, 24, 47, 32, 55, 34, 57, 54, 28, 38, 41, 12, 14, 36, 59, 44, 61, 46, 62, 64, 40, 50, 53, 25, 27, 48, 49, 56, 51, 58, 52, 60, 63, 37, 39 ],
\[ 3, 8, 12, 6, 13, 14, 1, 15, 4, 19, 2, 25, 26, 27, 28, 17, 29, 5, 30, 7, 16, 9, 10, 11, 37, 38, 39, 40, 41, 42, 18, 20, 21, 22, 23, 24, 49, 50, 51, 52, 53, 54, 31, 32, 33, 34, 35, 36, 59, 60, 61, 62, 63, 64, 43, 44, 45, 46, 47, 48, 55, 57, 56, 58 ],
\[ 16, 18, 17, 10, 4, 19, 21, 5, 23, 7, 31, 29, 6, 30, 13, 2, 8, 9, 1, 33, 11, 35, 20, 43, 41, 14, 42, 26, 15, 3, 22, 45, 24, 47, 32, 55, 53, 27, 54, 38, 28, 12, 34, 57, 36, 59, 44, 61, 63, 39, 64, 50, 40, 25, 46, 62, 48, 49, 56, 51, 58, 60, 52, 37 ]:
 Order := 64 > |
[ 2, 9, 8, 7, 10, 1, 11, 4, 20, 21, 22, 15, 19, 3, 6, 18, 5, 23, 16, 24, 31, 32, 33, 34, 28, 30, 12, 14, 13, 17, 35, 36, 43, 44, 45, 46, 40, 42, 25, 27, 26, 29, 47, 48, 55, 56, 57, 58, 52, 54, 37, 39, 38, 41, 59, 60, 61, 63, 62, 64, 49, 51, 50, 53 ],
[ 3, 8, 12, 6, 13, 14, 1, 15, 4, 19, 2, 25, 26, 27, 28, 17, 29, 5, 30, 7, 16, 9, 10, 11, 37, 38, 39, 40, 41, 42, 18, 20, 21, 22, 23, 24, 49, 50, 51, 52, 53, 54, 31, 32, 33, 34, 35, 36, 59, 60, 61, 62, 63, 64, 43, 44, 45, 46, 47, 48, 55, 57, 56, 58 ],
[ 4, 7, 6, 2, 16, 8, 9, 1, 11, 18, 20, 14, 17, 15, 3, 10, 19, 21, 5, 22, 23, 24, 31, 32, 27, 29, 28, 12, 30, 13, 33, 34, 35, 36, 43, 44, 39, 41, 40, 25, 42, 26, 45, 46, 47, 48, 55, 56, 51, 53, 52, 37, 54, 38, 57, 58, 59, 60, 61, 63, 62, 49, 64, 50 ]
],
[ PermutationGroup<64 |  
\[ 10, 21, 19, 18, 2, 5, 23, 16, 31, 9, 33, 30, 8, 13, 17, 7, 1, 11, 4, 35, 20, 43, 22, 45, 42, 15, 26, 29, 3, 6, 24, 47, 32, 55, 34, 57, 54, 28, 38, 41, 12, 14, 36, 59, 44, 61, 46, 62, 64, 40, 50, 53, 25, 27, 48, 49, 56, 51, 58, 52, 60, 63, 37, 39 ],
\[ 3, 8, 12, 6, 13, 14, 1, 15, 4, 19, 2, 25, 26, 27, 28, 17, 29, 5, 30, 7, 16, 9, 10, 11, 37, 38, 39, 40, 41, 42, 18, 20, 21, 22, 23, 24, 49, 50, 51, 52, 53, 54, 31, 32, 33, 34, 35, 36, 59, 60, 61, 62, 63, 64, 43, 44, 45, 46, 47, 48, 55, 57, 56, 58 ],
\[ 16, 18, 17, 10, 4, 19, 21, 5, 23, 7, 31, 29, 6, 30, 13, 2, 8, 9, 1, 33, 11, 35, 20, 43, 41, 14, 42, 26, 15, 3, 22, 45, 24, 47, 32, 55, 53, 27, 54, 38, 28, 12, 34, 57, 36, 59, 44, 61, 63, 39, 64, 50, 40, 25, 46, 62, 48, 49, 56, 51, 58, 60, 52, 37 ]:
 Order := 64 > |
[ 63, 50, 56, 64, 51, 58, 53, 60, 54, 37, 38, 44, 61, 46, 48, 52, 62, 39, 49, 41, 40, 42, 25, 26, 32, 55, 34, 36, 57, 59, 27, 29, 28, 30, 12, 13, 20, 43, 22, 24, 45, 47, 14, 17, 15, 19, 3, 5, 7, 31, 9, 11, 33, 35, 6, 16, 8, 10, 1, 18, 4, 2, 21, 23 ],
[ 3, 8, 12, 6, 13, 14, 1, 15, 4, 19, 2, 25, 26, 27, 28, 17, 29, 5, 30, 7, 16, 9, 10, 11, 37, 38, 39, 40, 41, 42, 18, 20, 21, 22, 23, 24, 49, 50, 51, 52, 53, 54, 31, 32, 33, 34, 35, 36, 59, 60, 61, 62, 63, 64, 43, 44, 45, 46, 47, 48, 55, 57, 56, 58 ],
[ 49, 52, 59, 51, 60, 61, 37, 62, 39, 64, 40, 47, 48, 55, 57, 63, 56, 50, 58, 25, 53, 27, 54, 28, 35, 36, 43, 45, 44, 46, 38, 12, 41, 14, 42, 15, 23, 24, 31, 33, 32, 34, 26, 3, 29, 6, 30, 8, 10, 11, 18, 21, 20, 22, 13, 1, 17, 4, 19, 2, 5, 16, 7, 9 ]
],
[ PermutationGroup<64 |  
\[ 10, 21, 19, 18, 2, 5, 23, 16, 31, 9, 33, 30, 8, 13, 17, 7, 1, 11, 4, 35, 20, 43, 22, 45, 42, 15, 26, 29, 3, 6, 24, 47, 32, 55, 34, 57, 54, 28, 38, 41, 12, 14, 36, 59, 44, 61, 46, 62, 64, 40, 50, 53, 25, 27, 48, 49, 56, 51, 58, 52, 60, 63, 37, 39 ],
\[ 3, 8, 12, 6, 13, 14, 1, 15, 4, 19, 2, 25, 26, 27, 28, 17, 29, 5, 30, 7, 16, 9, 10, 11, 37, 38, 39, 40, 41, 42, 18, 20, 21, 22, 23, 24, 49, 50, 51, 52, 53, 54, 31, 32, 33, 34, 35, 36, 59, 60, 61, 62, 63, 64, 43, 44, 45, 46, 47, 48, 55, 57, 56, 58 ],
\[ 16, 18, 17, 10, 4, 19, 21, 5, 23, 7, 31, 29, 6, 30, 13, 2, 8, 9, 1, 33, 11, 35, 20, 43, 41, 14, 42, 26, 15, 3, 22, 45, 24, 47, 32, 55, 53, 27, 54, 38, 28, 12, 34, 57, 36, 59, 44, 61, 63, 39, 64, 50, 40, 25, 46, 62, 48, 49, 56, 51, 58, 60, 52, 37 ]:
 Order := 64 > |
[ 10, 21, 19, 18, 2, 5, 23, 16, 31, 9, 33, 30, 8, 13, 17, 7, 1, 11, 4, 35, 20, 43, 22, 45, 42, 15, 26, 29, 3, 6, 24, 47, 32, 55, 34, 57, 54, 28, 38, 41, 12, 14, 36, 59, 44, 61, 46, 62, 64, 40, 50, 53, 25, 27, 48, 49, 56, 51, 58, 52, 60, 63, 37, 39 ],
[ 3, 8, 12, 6, 13, 14, 1, 15, 4, 19, 2, 25, 26, 27, 28, 17, 29, 5, 30, 7, 16, 9, 10, 11, 37, 38, 39, 40, 41, 42, 18, 20, 21, 22, 23, 24, 49, 50, 51, 52, 53, 54, 31, 32, 33, 34, 35, 36, 59, 60, 61, 62, 63, 64, 43, 44, 45, 46, 47, 48, 55, 57, 56, 58 ],
[ 16, 18, 17, 10, 4, 19, 21, 5, 23, 7, 31, 29, 6, 30, 13, 2, 8, 9, 1, 33, 11, 35, 20, 43, 41, 14, 42, 26, 15, 3, 22, 45, 24, 47, 32, 55, 53, 27, 54, 38, 28, 12, 34, 57, 36, 59, 44, 61, 63, 39, 64, 50, 40, 25, 46, 62, 48, 49, 56, 51, 58, 60, 52, 37 ]
],
[ PermutationGroup<64 |  
\[ 10, 21, 19, 18, 2, 5, 23, 16, 31, 9, 33, 30, 8, 13, 17, 7, 1, 11, 4, 35, 20, 43, 22, 45, 42, 15, 26, 29, 3, 6, 24, 47, 32, 55, 34, 57, 54, 28, 38, 41, 12, 14, 36, 59, 44, 61, 46, 62, 64, 40, 50, 53, 25, 27, 48, 49, 56, 51, 58, 52, 60, 63, 37, 39 ],
\[ 3, 8, 12, 6, 13, 14, 1, 15, 4, 19, 2, 25, 26, 27, 28, 17, 29, 5, 30, 7, 16, 9, 10, 11, 37, 38, 39, 40, 41, 42, 18, 20, 21, 22, 23, 24, 49, 50, 51, 52, 53, 54, 31, 32, 33, 34, 35, 36, 59, 60, 61, 62, 63, 64, 43, 44, 45, 46, 47, 48, 55, 57, 56, 58 ],
\[ 16, 18, 17, 10, 4, 19, 21, 5, 23, 7, 31, 29, 6, 30, 13, 2, 8, 9, 1, 33, 11, 35, 20, 43, 41, 14, 42, 26, 15, 3, 22, 45, 24, 47, 32, 55, 53, 27, 54, 38, 28, 12, 34, 57, 36, 59, 44, 61, 63, 39, 64, 50, 40, 25, 46, 62, 48, 49, 56, 51, 58, 60, 52, 37 ]:
 Order := 64 > |
[ 54, 41, 64, 38, 40, 50, 42, 53, 26, 27, 29, 58, 52, 60, 63, 25, 37, 28, 39, 30, 12, 13, 14, 17, 46, 62, 48, 56, 49, 51, 15, 19, 3, 5, 6, 16, 34, 57, 36, 44, 59, 61, 8, 10, 1, 18, 4, 21, 22, 45, 24, 32, 47, 55, 2, 23, 7, 31, 9, 33, 11, 20, 35, 43 ],
[ 3, 8, 12, 6, 13, 14, 1, 15, 4, 19, 2, 25, 26, 27, 28, 17, 29, 5, 30, 7, 16, 9, 10, 11, 37, 38, 39, 40, 41, 42, 18, 20, 21, 22, 23, 24, 49, 50, 51, 52, 53, 54, 31, 32, 33, 34, 35, 36, 59, 60, 61, 62, 63, 64, 43, 44, 45, 46, 47, 48, 55, 57, 56, 58 ],
[ 57, 61, 45, 59, 46, 47, 62, 55, 49, 56, 51, 33, 34, 35, 43, 48, 36, 58, 44, 52, 60, 37, 63, 39, 21, 22, 23, 31, 24, 32, 64, 40, 50, 25, 53, 27, 16, 9, 10, 18, 11, 20, 54, 28, 38, 12, 41, 14, 17, 4, 19, 5, 2, 7, 42, 15, 26, 3, 29, 6, 30, 13, 8, 1 ]
],
[ PermutationGroup<64 |  
\[ 10, 21, 19, 18, 2, 5, 23, 16, 31, 9, 33, 30, 8, 13, 17, 7, 1, 11, 4, 35, 20, 43, 22, 45, 42, 15, 26, 29, 3, 6, 24, 47, 32, 55, 34, 57, 54, 28, 38, 41, 12, 14, 36, 59, 44, 61, 46, 62, 64, 40, 50, 53, 25, 27, 48, 49, 56, 51, 58, 52, 60, 63, 37, 39 ],
\[ 3, 8, 12, 6, 13, 14, 1, 15, 4, 19, 2, 25, 26, 27, 28, 17, 29, 5, 30, 7, 16, 9, 10, 11, 37, 38, 39, 40, 41, 42, 18, 20, 21, 22, 23, 24, 49, 50, 51, 52, 53, 54, 31, 32, 33, 34, 35, 36, 59, 60, 61, 62, 63, 64, 43, 44, 45, 46, 47, 48, 55, 57, 56, 58 ],
\[ 16, 18, 17, 10, 4, 19, 21, 5, 23, 7, 31, 29, 6, 30, 13, 2, 8, 9, 1, 33, 11, 35, 20, 43, 41, 14, 42, 26, 15, 3, 22, 45, 24, 47, 32, 55, 53, 27, 54, 38, 28, 12, 34, 57, 36, 59, 44, 61, 63, 39, 64, 50, 40, 25, 46, 62, 48, 49, 56, 51, 58, 60, 52, 37 ]:
 Order := 64 > |
[ 40, 27, 52, 25, 54, 37, 28, 39, 12, 41, 14, 62, 64, 49, 51, 38, 50, 42, 53, 15, 26, 3, 29, 6, 57, 58, 59, 61, 60, 63, 30, 8, 13, 1, 17, 4, 45, 46, 47, 55, 48, 56, 19, 2, 5, 7, 16, 9, 33, 34, 35, 43, 36, 44, 10, 11, 18, 20, 21, 22, 23, 31, 24, 32 ],
[ 3, 8, 12, 6, 13, 14, 1, 15, 4, 19, 2, 25, 26, 27, 28, 17, 29, 5, 30, 7, 16, 9, 10, 11, 37, 38, 39, 40, 41, 42, 18, 20, 21, 22, 23, 24, 49, 50, 51, 52, 53, 54, 31, 32, 33, 34, 35, 36, 59, 60, 61, 62, 63, 64, 43, 44, 45, 46, 47, 48, 55, 57, 56, 58 ],
[ 46, 56, 34, 48, 57, 36, 58, 44, 60, 61, 63, 22, 45, 24, 32, 59, 47, 62, 55, 64, 49, 50, 51, 53, 9, 33, 11, 20, 35, 43, 52, 54, 37, 38, 39, 41, 4, 21, 2, 7, 23, 31, 40, 42, 25, 26, 27, 29, 6, 16, 8, 1, 10, 18, 28, 30, 12, 13, 14, 17, 15, 3, 19, 5 ]
],
[ PermutationGroup<64 |  
\[ 10, 21, 19, 18, 2, 5, 23, 16, 31, 9, 33, 30, 8, 13, 17, 7, 1, 11, 4, 35, 20, 43, 22, 45, 42, 15, 26, 29, 3, 6, 24, 47, 32, 55, 34, 57, 54, 28, 38, 41, 12, 14, 36, 59, 44, 61, 46, 62, 64, 40, 50, 53, 25, 27, 48, 49, 56, 51, 58, 52, 60, 63, 37, 39 ],
\[ 3, 8, 12, 6, 13, 14, 1, 15, 4, 19, 2, 25, 26, 27, 28, 17, 29, 5, 30, 7, 16, 9, 10, 11, 37, 38, 39, 40, 41, 42, 18, 20, 21, 22, 23, 24, 49, 50, 51, 52, 53, 54, 31, 32, 33, 34, 35, 36, 59, 60, 61, 62, 63, 64, 43, 44, 45, 46, 47, 48, 55, 57, 56, 58 ],
\[ 16, 18, 17, 10, 4, 19, 21, 5, 23, 7, 31, 29, 6, 30, 13, 2, 8, 9, 1, 33, 11, 35, 20, 43, 41, 14, 42, 26, 15, 3, 22, 45, 24, 47, 32, 55, 53, 27, 54, 38, 28, 12, 34, 57, 36, 59, 44, 61, 63, 39, 64, 50, 40, 25, 46, 62, 48, 49, 56, 51, 58, 60, 52, 37 ]:
 Order := 64 > |
[ 12, 15, 25, 14, 26, 27, 3, 28, 6, 30, 8, 37, 38, 39, 40, 29, 41, 13, 42, 1, 17, 4, 19, 2, 49, 50, 51, 52, 53, 54, 5, 7, 16, 9, 10, 11, 59, 60, 61, 62, 63, 64, 18, 20, 21, 22, 23, 24, 47, 48, 55, 57, 56, 58, 31, 32, 33, 34, 35, 36, 43, 45, 44, 46 ],
[ 3, 8, 12, 6, 13, 14, 1, 15, 4, 19, 2, 25, 26, 27, 28, 17, 29, 5, 30, 7, 16, 9, 10, 11, 37, 38, 39, 40, 41, 42, 18, 20, 21, 22, 23, 24, 49, 50, 51, 52, 53, 54, 31, 32, 33, 34, 35, 36, 59, 60, 61, 62, 63, 64, 43, 44, 45, 46, 47, 48, 55, 57, 56, 58 ],
[ 32, 36, 20, 34, 43, 22, 44, 24, 46, 47, 48, 7, 31, 9, 11, 45, 33, 55, 35, 56, 57, 58, 59, 60, 1, 18, 4, 2, 21, 23, 61, 63, 62, 64, 49, 50, 3, 5, 6, 8, 16, 10, 51, 53, 52, 54, 37, 38, 12, 13, 14, 15, 17, 19, 39, 41, 40, 42, 25, 26, 27, 28, 29, 30 ]
],
[ PermutationGroup<64 |  
\[ 10, 21, 19, 18, 2, 5, 23, 16, 31, 9, 33, 30, 8, 13, 17, 7, 1, 11, 4, 35, 20, 43, 22, 45, 42, 15, 26, 29, 3, 6, 24, 47, 32, 55, 34, 57, 54, 28, 38, 41, 12, 14, 36, 59, 44, 61, 46, 62, 64, 40, 50, 53, 25, 27, 48, 49, 56, 51, 58, 52, 60, 63, 37, 39 ],
\[ 3, 8, 12, 6, 13, 14, 1, 15, 4, 19, 2, 25, 26, 27, 28, 17, 29, 5, 30, 7, 16, 9, 10, 11, 37, 38, 39, 40, 41, 42, 18, 20, 21, 22, 23, 24, 49, 50, 51, 52, 53, 54, 31, 32, 33, 34, 35, 36, 59, 60, 61, 62, 63, 64, 43, 44, 45, 46, 47, 48, 55, 57, 56, 58 ],
\[ 16, 18, 17, 10, 4, 19, 21, 5, 23, 7, 31, 29, 6, 30, 13, 2, 8, 9, 1, 33, 11, 35, 20, 43, 41, 14, 42, 26, 15, 3, 22, 45, 24, 47, 32, 55, 53, 27, 54, 38, 28, 12, 34, 57, 36, 59, 44, 61, 63, 39, 64, 50, 40, 25, 46, 62, 48, 49, 56, 51, 58, 60, 52, 37 ]:
 Order := 64 > |
[ 26, 30, 38, 29, 12, 41, 13, 42, 17, 15, 19, 50, 25, 53, 54, 14, 27, 3, 28, 5, 6, 16, 8, 10, 60, 37, 63, 64, 39, 40, 1, 18, 4, 21, 2, 23, 48, 49, 56, 58, 51, 52, 7, 31, 9, 33, 11, 35, 36, 59, 44, 46, 61, 62, 20, 43, 22, 45, 24, 47, 32, 34, 55, 57 ],
[ 3, 8, 12, 6, 13, 14, 1, 15, 4, 19, 2, 25, 26, 27, 28, 17, 29, 5, 30, 7, 16, 9, 10, 11, 37, 38, 39, 40, 41, 42, 18, 20, 21, 22, 23, 24, 49, 50, 51, 52, 53, 54, 31, 32, 33, 34, 35, 36, 59, 60, 61, 62, 63, 64, 43, 44, 45, 46, 47, 48, 55, 57, 56, 58 ],
[ 43, 47, 31, 45, 32, 33, 55, 35, 57, 36, 59, 18, 20, 21, 23, 34, 22, 44, 24, 61, 46, 62, 48, 49, 5, 7, 16, 10, 9, 11, 56, 51, 58, 52, 60, 37, 13, 1, 17, 19, 4, 2, 63, 39, 64, 40, 50, 25, 26, 3, 29, 30, 6, 8, 53, 27, 54, 28, 38, 12, 41, 42, 14, 15 ]
]
];
s`SolvableDBPointedPassport := [ PowerSequence(PermutationGroup<64 |  
\[ 2, 3, 4, 5, 6, 7, 8, 9, 10, 11, 12, 13, 14, 15, 16, 17, 18, 19, 20, 21, 22, 23, 24, 25, 26, 27, 28, 29, 30, 31, 32, 33, 34, 35, 36, 37, 38, 39, 40, 41, 42, 43, 44, 45, 46, 47, 48, 49, 50, 51, 52, 53, 54, 55, 56, 57, 58, 59, 60, 61, 62, 63, 64, 1 ],
\[ 2, 1, 3, 4, 5, 6, 7, 8, 9, 10, 11, 12, 13, 14, 15, 16, 17, 18, 19, 20, 21, 22, 23, 24, 25, 26, 27, 28, 29, 30, 31, 32, 33, 34, 35, 36, 37, 38, 39, 40, 41, 42, 43, 44, 45, 46, 47, 48, 49, 50, 51, 52, 53, 54, 55, 56, 57, 58, 59, 60, 61, 62, 63, 64 ]:
 Order := 126886932185884164103433389335161480802865516174545192198801894375214704230400000000000000 >) |
[ PermutationGroup<64 |  
\[ 2, 3, 4, 5, 6, 7, 8, 9, 10, 11, 12, 13, 14, 15, 16, 17, 18, 19, 20, 21, 22, 23, 24, 25, 26, 27, 28, 29, 30, 31, 32, 33, 34, 35, 36, 37, 38, 39, 40, 41, 42, 43, 44, 45, 46, 47, 48, 49, 50, 51, 52, 53, 54, 55, 56, 57, 58, 59, 60, 61, 62, 63, 64, 1 ],
\[ 2, 1, 3, 4, 5, 6, 7, 8, 9, 10, 11, 12, 13, 14, 15, 16, 17, 18, 19, 20, 21, 22, 23, 24, 25, 26, 27, 28, 29, 30, 31, 32, 33, 34, 35, 36, 37, 38, 39, 40, 41, 42, 43, 44, 45, 46, 47, 48, 49, 50, 51, 52, 53, 54, 55, 56, 57, 58, 59, 60, 61, 62, 63, 64 ]:
 Order := 126886932185884164103433389335161480802865516174545192198801894375214704230400000000000000 > |
[ 3, 8, 12, 6, 13, 14, 1, 15, 4, 19, 2, 25, 26, 27, 28, 17, 29, 5, 30, 7, 16, 9, 10, 11, 37, 38, 39, 40, 41, 42, 18, 20, 21, 22, 23, 24, 49, 50, 51, 52, 53, 54, 31, 32, 33, 34, 35, 36, 59, 60, 61, 62, 63, 64, 43, 44, 45, 46, 47, 48, 55, 57, 56, 58 ],
[ 3, 8, 12, 6, 13, 14, 1, 15, 4, 19, 2, 25, 26, 27, 28, 17, 29, 5, 30, 7, 16, 9, 10, 11, 37, 38, 39, 40, 41, 42, 18, 20, 21, 22, 23, 24, 49, 50, 51, 52, 53, 54, 31, 32, 33, 34, 35, 36, 59, 60, 61, 62, 63, 64, 43, 44, 45, 46, 47, 48, 55, 57, 56, 58 ],
[ 20, 24, 7, 22, 31, 9, 32, 11, 34, 35, 36, 1, 18, 4, 2, 33, 21, 43, 23, 44, 45, 46, 47, 48, 3, 5, 6, 8, 16, 10, 55, 56, 57, 58, 59, 60, 12, 13, 14, 15, 17, 19, 61, 63, 62, 64, 49, 50, 25, 26, 27, 28, 29, 30, 51, 53, 52, 54, 37, 38, 39, 40, 41, 42 ]
],
[ PermutationGroup<64 |  
\[ 2, 3, 4, 5, 6, 7, 8, 9, 10, 11, 12, 13, 14, 15, 16, 17, 18, 19, 20, 21, 22, 23, 24, 25, 26, 27, 28, 29, 30, 31, 32, 33, 34, 35, 36, 37, 38, 39, 40, 41, 42, 43, 44, 45, 46, 47, 48, 49, 50, 51, 52, 53, 54, 55, 56, 57, 58, 59, 60, 61, 62, 63, 64, 1 ],
\[ 2, 1, 3, 4, 5, 6, 7, 8, 9, 10, 11, 12, 13, 14, 15, 16, 17, 18, 19, 20, 21, 22, 23, 24, 25, 26, 27, 28, 29, 30, 31, 32, 33, 34, 35, 36, 37, 38, 39, 40, 41, 42, 43, 44, 45, 46, 47, 48, 49, 50, 51, 52, 53, 54, 55, 56, 57, 58, 59, 60, 61, 62, 63, 64 ]:
 Order := 126886932185884164103433389335161480802865516174545192198801894375214704230400000000000000 > |
[ 3, 8, 12, 6, 13, 14, 1, 15, 4, 19, 2, 25, 26, 27, 28, 17, 29, 5, 30, 7, 16, 9, 10, 11, 37, 38, 39, 40, 41, 42, 18, 20, 21, 22, 23, 24, 49, 50, 51, 52, 53, 54, 31, 32, 33, 34, 35, 36, 59, 60, 61, 62, 63, 64, 43, 44, 45, 46, 47, 48, 55, 57, 56, 58 ],
[ 13, 19, 26, 17, 3, 29, 5, 30, 16, 8, 10, 38, 12, 41, 42, 6, 14, 1, 15, 18, 4, 21, 2, 23, 50, 25, 53, 54, 27, 28, 7, 31, 9, 33, 11, 35, 60, 37, 63, 64, 39, 40, 20, 43, 22, 45, 24, 47, 48, 49, 56, 58, 51, 52, 32, 55, 34, 57, 36, 59, 44, 46, 61, 62 ],
[ 31, 35, 18, 33, 20, 21, 43, 23, 45, 24, 47, 5, 7, 16, 10, 22, 9, 32, 11, 55, 34, 57, 36, 59, 13, 1, 17, 19, 4, 2, 44, 61, 46, 62, 48, 49, 26, 3, 29, 30, 6, 8, 56, 51, 58, 52, 60, 37, 38, 12, 41, 42, 14, 15, 63, 39, 64, 40, 50, 25, 53, 54, 27, 28 ]
],
[ PermutationGroup<64 |  
\[ 2, 3, 4, 5, 6, 7, 8, 9, 10, 11, 12, 13, 14, 15, 16, 17, 18, 19, 20, 21, 22, 23, 24, 25, 26, 27, 28, 29, 30, 31, 32, 33, 34, 35, 36, 37, 38, 39, 40, 41, 42, 43, 44, 45, 46, 47, 48, 49, 50, 51, 52, 53, 54, 55, 56, 57, 58, 59, 60, 61, 62, 63, 64, 1 ],
\[ 2, 1, 3, 4, 5, 6, 7, 8, 9, 10, 11, 12, 13, 14, 15, 16, 17, 18, 19, 20, 21, 22, 23, 24, 25, 26, 27, 28, 29, 30, 31, 32, 33, 34, 35, 36, 37, 38, 39, 40, 41, 42, 43, 44, 45, 46, 47, 48, 49, 50, 51, 52, 53, 54, 55, 56, 57, 58, 59, 60, 61, 62, 63, 64 ]:
 Order := 126886932185884164103433389335161480802865516174545192198801894375214704230400000000000000 > |
[ 3, 8, 12, 6, 13, 14, 1, 15, 4, 19, 2, 25, 26, 27, 28, 17, 29, 5, 30, 7, 16, 9, 10, 11, 37, 38, 39, 40, 41, 42, 18, 20, 21, 22, 23, 24, 49, 50, 51, 52, 53, 54, 31, 32, 33, 34, 35, 36, 59, 60, 61, 62, 63, 64, 43, 44, 45, 46, 47, 48, 55, 57, 56, 58 ],
[ 28, 14, 40, 12, 42, 25, 15, 27, 3, 29, 6, 52, 54, 37, 39, 26, 38, 30, 41, 8, 13, 1, 17, 4, 62, 64, 49, 51, 50, 53, 19, 2, 5, 7, 16, 9, 57, 58, 59, 61, 60, 63, 10, 11, 18, 20, 21, 22, 45, 46, 47, 55, 48, 56, 23, 24, 31, 32, 33, 34, 35, 43, 36, 44 ],
[ 34, 44, 22, 36, 45, 24, 46, 32, 48, 55, 56, 9, 33, 11, 20, 47, 35, 57, 43, 58, 59, 60, 61, 63, 4, 21, 2, 7, 23, 31, 62, 64, 49, 50, 51, 53, 6, 16, 8, 1, 10, 18, 52, 54, 37, 38, 39, 41, 14, 17, 15, 3, 19, 5, 40, 42, 25, 26, 27, 29, 28, 12, 30, 13 ]
],
[ PermutationGroup<64 |  
\[ 2, 3, 4, 5, 6, 7, 8, 9, 10, 11, 12, 13, 14, 15, 16, 17, 18, 19, 20, 21, 22, 23, 24, 25, 26, 27, 28, 29, 30, 31, 32, 33, 34, 35, 36, 37, 38, 39, 40, 41, 42, 43, 44, 45, 46, 47, 48, 49, 50, 51, 52, 53, 54, 55, 56, 57, 58, 59, 60, 61, 62, 63, 64, 1 ],
\[ 2, 1, 3, 4, 5, 6, 7, 8, 9, 10, 11, 12, 13, 14, 15, 16, 17, 18, 19, 20, 21, 22, 23, 24, 25, 26, 27, 28, 29, 30, 31, 32, 33, 34, 35, 36, 37, 38, 39, 40, 41, 42, 43, 44, 45, 46, 47, 48, 49, 50, 51, 52, 53, 54, 55, 56, 57, 58, 59, 60, 61, 62, 63, 64 ]:
 Order := 126886932185884164103433389335161480802865516174545192198801894375214704230400000000000000 > |
[ 3, 8, 12, 6, 13, 14, 1, 15, 4, 19, 2, 25, 26, 27, 28, 17, 29, 5, 30, 7, 16, 9, 10, 11, 37, 38, 39, 40, 41, 42, 18, 20, 21, 22, 23, 24, 49, 50, 51, 52, 53, 54, 31, 32, 33, 34, 35, 36, 59, 60, 61, 62, 63, 64, 43, 44, 45, 46, 47, 48, 55, 57, 56, 58 ],
[ 42, 29, 54, 26, 28, 38, 30, 41, 13, 14, 17, 64, 40, 50, 53, 12, 25, 15, 27, 19, 3, 5, 6, 16, 58, 52, 60, 63, 37, 39, 8, 10, 1, 18, 4, 21, 46, 62, 48, 56, 49, 51, 2, 23, 7, 31, 9, 33, 34, 57, 36, 44, 59, 61, 11, 35, 20, 43, 22, 45, 24, 32, 47, 55 ],
[ 45, 55, 33, 47, 34, 35, 57, 43, 59, 44, 61, 21, 22, 23, 31, 36, 24, 46, 32, 62, 48, 49, 56, 51, 16, 9, 10, 18, 11, 20, 58, 52, 60, 37, 63, 39, 17, 4, 19, 5, 2, 7, 64, 40, 50, 25, 53, 27, 29, 6, 30, 13, 8, 1, 54, 28, 38, 12, 41, 14, 42, 26, 15, 3 ]
],
[ PermutationGroup<64 |  
\[ 2, 3, 4, 5, 6, 7, 8, 9, 10, 11, 12, 13, 14, 15, 16, 17, 18, 19, 20, 21, 22, 23, 24, 25, 26, 27, 28, 29, 30, 31, 32, 33, 34, 35, 36, 37, 38, 39, 40, 41, 42, 43, 44, 45, 46, 47, 48, 49, 50, 51, 52, 53, 54, 55, 56, 57, 58, 59, 60, 61, 62, 63, 64, 1 ],
\[ 2, 1, 3, 4, 5, 6, 7, 8, 9, 10, 11, 12, 13, 14, 15, 16, 17, 18, 19, 20, 21, 22, 23, 24, 25, 26, 27, 28, 29, 30, 31, 32, 33, 34, 35, 36, 37, 38, 39, 40, 41, 42, 43, 44, 45, 46, 47, 48, 49, 50, 51, 52, 53, 54, 55, 56, 57, 58, 59, 60, 61, 62, 63, 64 ]:
 Order := 126886932185884164103433389335161480802865516174545192198801894375214704230400000000000000 > |
[ 3, 8, 12, 6, 13, 14, 1, 15, 4, 19, 2, 25, 26, 27, 28, 17, 29, 5, 30, 7, 16, 9, 10, 11, 37, 38, 39, 40, 41, 42, 18, 20, 21, 22, 23, 24, 49, 50, 51, 52, 53, 54, 31, 32, 33, 34, 35, 36, 59, 60, 61, 62, 63, 64, 43, 44, 45, 46, 47, 48, 55, 57, 56, 58 ],
[ 53, 38, 63, 54, 39, 64, 41, 50, 42, 25, 26, 56, 51, 58, 60, 40, 52, 27, 37, 29, 28, 30, 12, 13, 44, 61, 46, 48, 62, 49, 14, 17, 15, 19, 3, 5, 32, 55, 34, 36, 57, 59, 6, 16, 8, 10, 1, 18, 20, 43, 22, 24, 45, 47, 4, 21, 2, 23, 7, 31, 9, 11, 33, 35 ],
[ 59, 62, 47, 61, 48, 55, 49, 57, 51, 58, 52, 35, 36, 43, 45, 56, 44, 60, 46, 37, 63, 39, 64, 40, 23, 24, 31, 33, 32, 34, 50, 25, 53, 27, 54, 28, 10, 11, 18, 21, 20, 22, 38, 12, 41, 14, 42, 15, 19, 2, 5, 16, 7, 9, 26, 3, 29, 6, 30, 8, 13, 17, 1, 4 ]
],
[ PermutationGroup<64 |  
\[ 2, 3, 4, 5, 6, 7, 8, 9, 10, 11, 12, 13, 14, 15, 16, 17, 18, 19, 20, 21, 22, 23, 24, 25, 26, 27, 28, 29, 30, 31, 32, 33, 34, 35, 36, 37, 38, 39, 40, 41, 42, 43, 44, 45, 46, 47, 48, 49, 50, 51, 52, 53, 54, 55, 56, 57, 58, 59, 60, 61, 62, 63, 64, 1 ],
\[ 2, 1, 3, 4, 5, 6, 7, 8, 9, 10, 11, 12, 13, 14, 15, 16, 17, 18, 19, 20, 21, 22, 23, 24, 25, 26, 27, 28, 29, 30, 31, 32, 33, 34, 35, 36, 37, 38, 39, 40, 41, 42, 43, 44, 45, 46, 47, 48, 49, 50, 51, 52, 53, 54, 55, 56, 57, 58, 59, 60, 61, 62, 63, 64 ]:
 Order := 126886932185884164103433389335161480802865516174545192198801894375214704230400000000000000 > |
[ 3, 8, 12, 6, 13, 14, 1, 15, 4, 19, 2, 25, 26, 27, 28, 17, 29, 5, 30, 7, 16, 9, 10, 11, 37, 38, 39, 40, 41, 42, 18, 20, 21, 22, 23, 24, 49, 50, 51, 52, 53, 54, 31, 32, 33, 34, 35, 36, 59, 60, 61, 62, 63, 64, 43, 44, 45, 46, 47, 48, 55, 57, 56, 58 ],
[ 11, 22, 2, 20, 23, 7, 24, 9, 32, 33, 34, 8, 10, 1, 4, 31, 18, 35, 21, 36, 43, 44, 45, 46, 15, 19, 3, 6, 5, 16, 47, 48, 55, 56, 57, 58, 28, 30, 12, 14, 13, 17, 59, 60, 61, 63, 62, 64, 40, 42, 25, 27, 26, 29, 49, 50, 51, 53, 52, 54, 37, 39, 38, 41 ],
[ 6, 1, 14, 8, 17, 15, 4, 3, 2, 5, 7, 27, 29, 28, 12, 19, 30, 16, 13, 9, 10, 11, 18, 20, 39, 41, 40, 25, 42, 26, 21, 22, 23, 24, 31, 32, 51, 53, 52, 37, 54, 38, 33, 34, 35, 36, 43, 44, 61, 63, 62, 49, 64, 50, 45, 46, 47, 48, 55, 56, 57, 59, 58, 60 ]
],
[ PermutationGroup<64 |  
\[ 2, 3, 4, 5, 6, 7, 8, 9, 10, 11, 12, 13, 14, 15, 16, 17, 18, 19, 20, 21, 22, 23, 24, 25, 26, 27, 28, 29, 30, 31, 32, 33, 34, 35, 36, 37, 38, 39, 40, 41, 42, 43, 44, 45, 46, 47, 48, 49, 50, 51, 52, 53, 54, 55, 56, 57, 58, 59, 60, 61, 62, 63, 64, 1 ],
