s := SolvableDBObjectInitialize();

/*
Basic Information about the Passport
*/

s`SolvableDBName := "64S1-64,32,64-g31-path1";
s`SolvableDBFilename := "64S1-64,32,64-g31-path1.m";
s`SolvableDBPathNumber := 1;
s`SolvableDBDegree := 64;
s`SolvableDBABC := \[ 64, 32, 64 ];
s`SolvableDBType := "Hyperbolic";
s`SolvableDBGenus := 31;
s`SolvableDBGaloisOrbitSize := 2;
s`SolvableDBPassportSize := 16;
s`SolvableDBPointedPassportSize := 16;
s`SolvableDBLevel := 6;
s`SolvableDBBlocks := {@ PowerSet(IntegerRing()) |
{ IntegerRing() | 1, 5 },
{ IntegerRing() | 2, 9 },
{ IntegerRing() | 3, 11 },
{ IntegerRing() | 4, 14 },
{ IntegerRing() | 6, 17 },
{ IntegerRing() | 7, 18 },
{ IntegerRing() | 8, 19 },
{ IntegerRing() | 10, 21 },
{ IntegerRing() | 12, 23 },
{ IntegerRing() | 13, 26 },
{ IntegerRing() | 15, 29 },
{ IntegerRing() | 16, 30 },
{ IntegerRing() | 20, 31 },
{ IntegerRing() | 22, 33 },
{ IntegerRing() | 24, 35 },
{ IntegerRing() | 25, 38 },
{ IntegerRing() | 27, 41 },
{ IntegerRing() | 28, 42 },
{ IntegerRing() | 32, 43 },
{ IntegerRing() | 34, 45 },
{ IntegerRing() | 36, 47 },
{ IntegerRing() | 37, 50 },
{ IntegerRing() | 39, 53 },
{ IntegerRing() | 40, 54 },
{ IntegerRing() | 44, 55 },
{ IntegerRing() | 46, 57 },
{ IntegerRing() | 48, 59 },
{ IntegerRing() | 49, 60 },
{ IntegerRing() | 51, 63 },
{ IntegerRing() | 52, 64 },
{ IntegerRing() | 56, 62 },
{ IntegerRing() | 58, 61 }
@};

/*
Permutations and Passports
*/

s`SolvableDBGaloisOrbit := [ PowerSequence(PermutationGroup<64 |  
\[ 2, 3, 4, 5, 6, 7, 8, 9, 10, 11, 12, 13, 14, 15, 16, 17, 18, 19, 20, 21, 22, 23, 24, 25, 26, 27, 28, 29, 30, 31, 32, 33, 34, 35, 36, 37, 38, 39, 40, 41, 42, 43, 44, 45, 46, 47, 48, 49, 50, 51, 52, 53, 54, 55, 56, 57, 58, 59, 60, 61, 62, 63, 64, 1 ],
\[ 2, 1, 3, 4, 5, 6, 7, 8, 9, 10, 11, 12, 13, 14, 15, 16, 17, 18, 19, 20, 21, 22, 23, 24, 25, 26, 27, 28, 29, 30, 31, 32, 33, 34, 35, 36, 37, 38, 39, 40, 41, 42, 43, 44, 45, 46, 47, 48, 49, 50, 51, 52, 53, 54, 55, 56, 57, 58, 59, 60, 61, 62, 63, 64 ]:
 Order := 126886932185884164103433389335161480802865516174545192198801894375214704230400000000000000 >) |
[ PermutationGroup<64 |  
\[ 2, 3, 4, 5, 6, 7, 8, 9, 10, 11, 12, 13, 14, 15, 16, 17, 18, 19, 20, 21, 22, 23, 24, 25, 26, 27, 28, 29, 30, 31, 32, 33, 34, 35, 36, 37, 38, 39, 40, 41, 42, 43, 44, 45, 46, 47, 48, 49, 50, 51, 52, 53, 54, 55, 56, 57, 58, 59, 60, 61, 62, 63, 64, 1 ],
\[ 2, 1, 3, 4, 5, 6, 7, 8, 9, 10, 11, 12, 13, 14, 15, 16, 17, 18, 19, 20, 21, 22, 23, 24, 25, 26, 27, 28, 29, 30, 31, 32, 33, 34, 35, 36, 37, 38, 39, 40, 41, 42, 43, 44, 45, 46, 47, 48, 49, 50, 51, 52, 53, 54, 55, 56, 57, 58, 59, 60, 61, 62, 63, 64 ]:
 Order := 126886932185884164103433389335161480802865516174545192198801894375214704230400000000000000 > |
[ 2, 3, 8, 7, 9, 1, 6, 10, 11, 12, 19, 20, 16, 18, 4, 15, 5, 17, 21, 22, 23, 24, 31, 32, 28, 30, 13, 27, 14, 29, 33, 34, 35, 36, 43, 44, 40, 42, 25, 39, 26, 41, 45, 46, 47, 48, 55, 56, 52, 54, 37, 51, 38, 53, 57, 58, 59, 60, 62, 64, 49, 61, 50, 63 ],
[ 3, 8, 10, 6, 11, 2, 1, 12, 19, 20, 21, 22, 15, 17, 7, 4, 9, 5, 23, 24, 31, 32, 33, 34, 27, 29, 16, 13, 18, 14, 35, 36, 43, 44, 45, 46, 39, 41, 28, 25, 30, 26, 47, 48, 55, 56, 57, 58, 51, 53, 40, 37, 42, 38, 59, 60, 62, 64, 61, 63, 52, 49, 54, 50 ],
[ 4, 7, 6, 13, 14, 15, 16, 1, 18, 2, 17, 3, 25, 26, 27, 28, 29, 30, 5, 8, 9, 10, 11, 12, 37, 38, 39, 40, 41, 42, 19, 20, 21, 22, 23, 24, 49, 50, 51, 52, 53, 54, 31, 32, 33, 34, 35, 36, 59, 60, 61, 62, 63, 64, 43, 44, 45, 46, 47, 48, 57, 55, 58, 56 ]
],
[ PermutationGroup<64 |  
\[ 2, 3, 4, 5, 6, 7, 8, 9, 10, 11, 12, 13, 14, 15, 16, 17, 18, 19, 20, 21, 22, 23, 24, 25, 26, 27, 28, 29, 30, 31, 32, 33, 34, 35, 36, 37, 38, 39, 40, 41, 42, 43, 44, 45, 46, 47, 48, 49, 50, 51, 52, 53, 54, 55, 56, 57, 58, 59, 60, 61, 62, 63, 64, 1 ],
\[ 2, 1, 3, 4, 5, 6, 7, 8, 9, 10, 11, 12, 13, 14, 15, 16, 17, 18, 19, 20, 21, 22, 23, 24, 25, 26, 27, 28, 29, 30, 31, 32, 33, 34, 35, 36, 37, 38, 39, 40, 41, 42, 43, 44, 45, 46, 47, 48, 49, 50, 51, 52, 53, 54, 55, 56, 57, 58, 59, 60, 61, 62, 63, 64 ]:
 Order := 126886932185884164103433389335161480802865516174545192198801894375214704230400000000000000 > |
[ 2, 3, 8, 7, 9, 1, 6, 10, 11, 12, 19, 20, 16, 18, 4, 15, 5, 17, 21, 22, 23, 24, 31, 32, 28, 30, 13, 27, 14, 29, 33, 34, 35, 36, 43, 44, 40, 42, 25, 39, 26, 41, 45, 46, 47, 48, 55, 56, 52, 54, 37, 51, 38, 53, 57, 58, 59, 60, 62, 64, 49, 61, 50, 63 ],
[ 11, 19, 21, 17, 3, 9, 5, 23, 8, 31, 10, 33, 29, 6, 18, 14, 2, 1, 12, 35, 20, 43, 22, 45, 41, 15, 30, 26, 7, 4, 24, 47, 32, 55, 34, 57, 53, 27, 42, 38, 16, 13, 36, 59, 44, 62, 46, 61, 63, 39, 54, 50, 28, 25, 48, 49, 56, 52, 58, 51, 64, 60, 40, 37 ],
[ 14, 18, 17, 26, 4, 29, 30, 5, 7, 9, 6, 11, 38, 13, 41, 42, 15, 16, 1, 19, 2, 21, 3, 23, 50, 25, 53, 54, 27, 28, 8, 31, 10, 33, 12, 35, 60, 37, 63, 64, 39, 40, 20, 43, 22, 45, 24, 47, 48, 49, 58, 56, 51, 52, 32, 55, 34, 57, 36, 59, 46, 44, 61, 62 ]
]
];
s`SolvableDBPassport := [ PowerSequence(PermutationGroup<64 |  
\[ 2, 3, 8, 7, 9, 1, 6, 10, 11, 12, 19, 20, 16, 18, 4, 15, 5, 17, 21, 22, 23, 24, 31, 32, 28, 30, 13, 27, 14, 29, 33, 34, 35, 36, 43, 44, 40, 42, 25, 39, 26, 41, 45, 46, 47, 48, 55, 56, 52, 54, 37, 51, 38, 53, 57, 58, 59, 60, 62, 64, 49, 61, 50, 63 ],
\[ 11, 19, 21, 17, 3, 9, 5, 23, 8, 31, 10, 33, 29, 6, 18, 14, 2, 1, 12, 35, 20, 43, 22, 45, 41, 15, 30, 26, 7, 4, 24, 47, 32, 55, 34, 57, 53, 27, 42, 38, 16, 13, 36, 59, 44, 62, 46, 61, 63, 39, 54, 50, 28, 25, 48, 49, 56, 52, 58, 51, 64, 60, 40, 37 ],
\[ 14, 18, 17, 26, 4, 29, 30, 5, 7, 9, 6, 11, 38, 13, 41, 42, 15, 16, 1, 19, 2, 21, 3, 23, 50, 25, 53, 54, 27, 28, 8, 31, 10, 33, 12, 35, 60, 37, 63, 64, 39, 40, 20, 43, 22, 45, 24, 47, 48, 49, 58, 56, 51, 52, 32, 55, 34, 57, 36, 59, 46, 44, 61, 62 ]:
 Order := 64 >) |
[ PermutationGroup<64 |  
\[ 2, 3, 8, 7, 9, 1, 6, 10, 11, 12, 19, 20, 16, 18, 4, 15, 5, 17, 21, 22, 23, 24, 31, 32, 28, 30, 13, 27, 14, 29, 33, 34, 35, 36, 43, 44, 40, 42, 25, 39, 26, 41, 45, 46, 47, 48, 55, 56, 52, 54, 37, 51, 38, 53, 57, 58, 59, 60, 62, 64, 49, 61, 50, 63 ],
\[ 11, 19, 21, 17, 3, 9, 5, 23, 8, 31, 10, 33, 29, 6, 18, 14, 2, 1, 12, 35, 20, 43, 22, 45, 41, 15, 30, 26, 7, 4, 24, 47, 32, 55, 34, 57, 53, 27, 42, 38, 16, 13, 36, 59, 44, 62, 46, 61, 63, 39, 54, 50, 28, 25, 48, 49, 56, 52, 58, 51, 64, 60, 40, 37 ],
\[ 14, 18, 17, 26, 4, 29, 30, 5, 7, 9, 6, 11, 38, 13, 41, 42, 15, 16, 1, 19, 2, 21, 3, 23, 50, 25, 53, 54, 27, 28, 8, 31, 10, 33, 12, 35, 60, 37, 63, 64, 39, 40, 20, 43, 22, 45, 24, 47, 48, 49, 58, 56, 51, 52, 32, 55, 34, 57, 36, 59, 46, 44, 61, 62 ]:
 Order := 64 > |
[ 6, 1, 2, 15, 17, 7, 4, 3, 5, 8, 9, 10, 27, 29, 16, 13, 18, 14, 11, 12, 19, 20, 21, 22, 39, 41, 28, 25, 30, 26, 23, 24, 31, 32, 33, 34, 51, 53, 40, 37, 42, 38, 35, 36, 43, 44, 45, 46, 61, 63, 52, 49, 54, 50, 47, 48, 55, 56, 57, 58, 62, 59, 64, 60 ],
[ 3, 8, 10, 6, 11, 2, 1, 12, 19, 20, 21, 22, 15, 17, 7, 4, 9, 5, 23, 24, 31, 32, 33, 34, 27, 29, 16, 13, 18, 14, 35, 36, 43, 44, 45, 46, 39, 41, 28, 25, 30, 26, 47, 48, 55, 56, 57, 58, 51, 53, 40, 37, 42, 38, 59, 60, 62, 64, 61, 63, 52, 49, 54, 50 ],
[ 6, 1, 2, 15, 17, 7, 4, 3, 5, 8, 9, 10, 27, 29, 16, 13, 18, 14, 11, 12, 19, 20, 21, 22, 39, 41, 28, 25, 30, 26, 23, 24, 31, 32, 33, 34, 51, 53, 40, 37, 42, 38, 35, 36, 43, 44, 45, 46, 61, 63, 52, 49, 54, 50, 47, 48, 55, 56, 57, 58, 62, 59, 64, 60 ]
],
[ PermutationGroup<64 |  
\[ 2, 3, 8, 7, 9, 1, 6, 10, 11, 12, 19, 20, 16, 18, 4, 15, 5, 17, 21, 22, 23, 24, 31, 32, 28, 30, 13, 27, 14, 29, 33, 34, 35, 36, 43, 44, 40, 42, 25, 39, 26, 41, 45, 46, 47, 48, 55, 56, 52, 54, 37, 51, 38, 53, 57, 58, 59, 60, 62, 64, 49, 61, 50, 63 ],
\[ 11, 19, 21, 17, 3, 9, 5, 23, 8, 31, 10, 33, 29, 6, 18, 14, 2, 1, 12, 35, 20, 43, 22, 45, 41, 15, 30, 26, 7, 4, 24, 47, 32, 55, 34, 57, 53, 27, 42, 38, 16, 13, 36, 59, 44, 62, 46, 61, 63, 39, 54, 50, 28, 25, 48, 49, 56, 52, 58, 51, 64, 60, 40, 37 ],
\[ 14, 18, 17, 26, 4, 29, 30, 5, 7, 9, 6, 11, 38, 13, 41, 42, 15, 16, 1, 19, 2, 21, 3, 23, 50, 25, 53, 54, 27, 28, 8, 31, 10, 33, 12, 35, 60, 37, 63, 64, 39, 40, 20, 43, 22, 45, 24, 47, 48, 49, 58, 56, 51, 52, 32, 55, 34, 57, 36, 59, 46, 44, 61, 62 ]:
 Order := 64 > |
[ 6, 1, 2, 15, 17, 7, 4, 3, 5, 8, 9, 10, 27, 29, 16, 13, 18, 14, 11, 12, 19, 20, 21, 22, 39, 41, 28, 25, 30, 26, 23, 24, 31, 32, 33, 34, 51, 53, 40, 37, 42, 38, 35, 36, 43, 44, 45, 46, 61, 63, 52, 49, 54, 50, 47, 48, 55, 56, 57, 58, 62, 59, 64, 60 ],
[ 48, 56, 58, 36, 59, 46, 44, 60, 62, 64, 61, 63, 24, 47, 34, 32, 57, 55, 49, 50, 52, 54, 51, 53, 12, 35, 22, 20, 45, 43, 37, 38, 40, 42, 39, 41, 3, 23, 10, 8, 33, 31, 25, 26, 28, 30, 27, 29, 6, 11, 2, 1, 21, 19, 13, 14, 16, 18, 15, 17, 7, 4, 9, 5 ],
[ 51, 37, 40, 61, 63, 52, 49, 39, 50, 25, 54, 28, 57, 58, 62, 59, 64, 60, 53, 27, 38, 13, 42, 16, 45, 46, 55, 47, 56, 48, 41, 15, 26, 4, 30, 7, 33, 34, 43, 35, 44, 36, 29, 6, 14, 1, 18, 2, 21, 22, 31, 23, 32, 24, 17, 3, 5, 8, 9, 10, 19, 11, 20, 12 ]
],
[ PermutationGroup<64 |  
\[ 2, 3, 8, 7, 9, 1, 6, 10, 11, 12, 19, 20, 16, 18, 4, 15, 5, 17, 21, 22, 23, 24, 31, 32, 28, 30, 13, 27, 14, 29, 33, 34, 35, 36, 43, 44, 40, 42, 25, 39, 26, 41, 45, 46, 47, 48, 55, 56, 52, 54, 37, 51, 38, 53, 57, 58, 59, 60, 62, 64, 49, 61, 50, 63 ],
\[ 11, 19, 21, 17, 3, 9, 5, 23, 8, 31, 10, 33, 29, 6, 18, 14, 2, 1, 12, 35, 20, 43, 22, 45, 41, 15, 30, 26, 7, 4, 24, 47, 32, 55, 34, 57, 53, 27, 42, 38, 16, 13, 36, 59, 44, 62, 46, 61, 63, 39, 54, 50, 28, 25, 48, 49, 56, 52, 58, 51, 64, 60, 40, 37 ],
\[ 14, 18, 17, 26, 4, 29, 30, 5, 7, 9, 6, 11, 38, 13, 41, 42, 15, 16, 1, 19, 2, 21, 3, 23, 50, 25, 53, 54, 27, 28, 8, 31, 10, 33, 12, 35, 60, 37, 63, 64, 39, 40, 20, 43, 22, 45, 24, 47, 48, 49, 58, 56, 51, 52, 32, 55, 34, 57, 36, 59, 46, 44, 61, 62 ]:
 Order := 64 > |
[ 6, 1, 2, 15, 17, 7, 4, 3, 5, 8, 9, 10, 27, 29, 16, 13, 18, 14, 11, 12, 19, 20, 21, 22, 39, 41, 28, 25, 30, 26, 23, 24, 31, 32, 33, 34, 51, 53, 40, 37, 42, 38, 35, 36, 43, 44, 45, 46, 61, 63, 52, 49, 54, 50, 47, 48, 55, 56, 57, 58, 62, 59, 64, 60 ],
[ 13, 16, 15, 25, 26, 27, 28, 4, 30, 7, 29, 6, 37, 38, 39, 40, 41, 42, 14, 1, 18, 2, 17, 3, 49, 50, 51, 52, 53, 54, 5, 8, 9, 10, 11, 12, 59, 60, 61, 62, 63, 64, 19, 20, 21, 22, 23, 24, 47, 48, 57, 55, 58, 56, 31, 32, 33, 34, 35, 36, 45, 43, 46, 44 ],
[ 22, 24, 32, 10, 33, 20, 12, 34, 35, 36, 43, 44, 2, 21, 8, 3, 31, 23, 45, 46, 47, 48, 55, 56, 7, 9, 1, 6, 19, 11, 57, 58, 59, 60, 62, 64, 16, 18, 4, 15, 5, 17, 61, 63, 49, 50, 52, 54, 28, 30, 13, 27, 14, 29, 51, 53, 37, 38, 40, 42, 25, 39, 26, 41 ]
],
[ PermutationGroup<64 |  
\[ 2, 3, 8, 7, 9, 1, 6, 10, 11, 12, 19, 20, 16, 18, 4, 15, 5, 17, 21, 22, 23, 24, 31, 32, 28, 30, 13, 27, 14, 29, 33, 34, 35, 36, 43, 44, 40, 42, 25, 39, 26, 41, 45, 46, 47, 48, 55, 56, 52, 54, 37, 51, 38, 53, 57, 58, 59, 60, 62, 64, 49, 61, 50, 63 ],
\[ 11, 19, 21, 17, 3, 9, 5, 23, 8, 31, 10, 33, 29, 6, 18, 14, 2, 1, 12, 35, 20, 43, 22, 45, 41, 15, 30, 26, 7, 4, 24, 47, 32, 55, 34, 57, 53, 27, 42, 38, 16, 13, 36, 59, 44, 62, 46, 61, 63, 39, 54, 50, 28, 25, 48, 49, 56, 52, 58, 51, 64, 60, 40, 37 ],
\[ 14, 18, 17, 26, 4, 29, 30, 5, 7, 9, 6, 11, 38, 13, 41, 42, 15, 16, 1, 19, 2, 21, 3, 23, 50, 25, 53, 54, 27, 28, 8, 31, 10, 33, 12, 35, 60, 37, 63, 64, 39, 40, 20, 43, 22, 45, 24, 47, 48, 49, 58, 56, 51, 52, 32, 55, 34, 57, 36, 59, 46, 44, 61, 62 ]:
 Order := 64 > |
[ 6, 1, 2, 15, 17, 7, 4, 3, 5, 8, 9, 10, 27, 29, 16, 13, 18, 14, 11, 12, 19, 20, 21, 22, 39, 41, 28, 25, 30, 26, 23, 24, 31, 32, 33, 34, 51, 53, 40, 37, 42, 38, 35, 36, 43, 44, 45, 46, 61, 63, 52, 49, 54, 50, 47, 48, 55, 56, 57, 58, 62, 59, 64, 60 ],
[ 45, 47, 55, 33, 34, 43, 35, 57, 36, 59, 44, 62, 21, 22, 31, 23, 32, 24, 46, 61, 48, 49, 56, 52, 9, 10, 19, 11, 20, 12, 58, 51, 60, 37, 64, 40, 18, 2, 5, 17, 8, 3, 63, 39, 50, 25, 54, 28, 30, 7, 14, 29, 1, 6, 53, 27, 38, 13, 42, 16, 26, 41, 4, 15 ],
[ 38, 42, 41, 50, 25, 53, 54, 26, 28, 30, 27, 29, 60, 37, 63, 64, 39, 40, 13, 14, 16, 18, 15, 17, 48, 49, 58, 56, 51, 52, 4, 5, 7, 9, 6, 11, 36, 59, 46, 44, 61, 62, 1, 19, 2, 21, 3, 23, 24, 47, 34, 32, 57, 55, 8, 31, 10, 33, 12, 35, 22, 20, 45, 43 ]
],
[ PermutationGroup<64 |  
\[ 2, 3, 8, 7, 9, 1, 6, 10, 11, 12, 19, 20, 16, 18, 4, 15, 5, 17, 21, 22, 23, 24, 31, 32, 28, 30, 13, 27, 14, 29, 33, 34, 35, 36, 43, 44, 40, 42, 25, 39, 26, 41, 45, 46, 47, 48, 55, 56, 52, 54, 37, 51, 38, 53, 57, 58, 59, 60, 62, 64, 49, 61, 50, 63 ],
\[ 11, 19, 21, 17, 3, 9, 5, 23, 8, 31, 10, 33, 29, 6, 18, 14, 2, 1, 12, 35, 20, 43, 22, 45, 41, 15, 30, 26, 7, 4, 24, 47, 32, 55, 34, 57, 53, 27, 42, 38, 16, 13, 36, 59, 44, 62, 46, 61, 63, 39, 54, 50, 28, 25, 48, 49, 56, 52, 58, 51, 64, 60, 40, 37 ],
\[ 14, 18, 17, 26, 4, 29, 30, 5, 7, 9, 6, 11, 38, 13, 41, 42, 15, 16, 1, 19, 2, 21, 3, 23, 50, 25, 53, 54, 27, 28, 8, 31, 10, 33, 12, 35, 60, 37, 63, 64, 39, 40, 20, 43, 22, 45, 24, 47, 48, 49, 58, 56, 51, 52, 32, 55, 34, 57, 36, 59, 46, 44, 61, 62 ]:
 Order := 64 > |
[ 6, 1, 2, 15, 17, 7, 4, 3, 5, 8, 9, 10, 27, 29, 16, 13, 18, 14, 11, 12, 19, 20, 21, 22, 39, 41, 28, 25, 30, 26, 23, 24, 31, 32, 33, 34, 51, 53, 40, 37, 42, 38, 35, 36, 43, 44, 45, 46, 61, 63, 52, 49, 54, 50, 47, 48, 55, 56, 57, 58, 62, 59, 64, 60 ],
[ 31, 33, 35, 19, 20, 23, 21, 43, 22, 45, 24, 47, 5, 8, 11, 9, 12, 10, 32, 55, 34, 57, 36, 59, 14, 1, 17, 18, 3, 2, 44, 62, 46, 61, 48, 49, 26, 4, 29, 30, 6, 7, 56, 52, 58, 51, 60, 37, 38, 13, 41, 42, 15, 16, 64, 40, 63, 39, 50, 25, 53, 54, 27, 28 ],
[ 30, 29, 14, 42, 16, 26, 41, 18, 15, 17, 4, 5, 54, 28, 38, 53, 13, 27, 7, 9, 6, 11, 1, 19, 64, 40, 50, 63, 25, 39, 2, 21, 3, 23, 8, 31, 56, 52, 60, 58, 37, 51, 10, 33, 12, 35, 20, 43, 44, 62, 48, 46, 49, 61, 22, 45, 24, 47, 32, 55, 36, 34, 59, 57 ]
],
[ PermutationGroup<64 |  
\[ 2, 3, 8, 7, 9, 1, 6, 10, 11, 12, 19, 20, 16, 18, 4, 15, 5, 17, 21, 22, 23, 24, 31, 32, 28, 30, 13, 27, 14, 29, 33, 34, 35, 36, 43, 44, 40, 42, 25, 39, 26, 41, 45, 46, 47, 48, 55, 56, 52, 54, 37, 51, 38, 53, 57, 58, 59, 60, 62, 64, 49, 61, 50, 63 ],
\[ 11, 19, 21, 17, 3, 9, 5, 23, 8, 31, 10, 33, 29, 6, 18, 14, 2, 1, 12, 35, 20, 43, 22, 45, 41, 15, 30, 26, 7, 4, 24, 47, 32, 55, 34, 57, 53, 27, 42, 38, 16, 13, 36, 59, 44, 62, 46, 61, 63, 39, 54, 50, 28, 25, 48, 49, 56, 52, 58, 51, 64, 60, 40, 37 ],
\[ 14, 18, 17, 26, 4, 29, 30, 5, 7, 9, 6, 11, 38, 13, 41, 42, 15, 16, 1, 19, 2, 21, 3, 23, 50, 25, 53, 54, 27, 28, 8, 31, 10, 33, 12, 35, 60, 37, 63, 64, 39, 40, 20, 43, 22, 45, 24, 47, 48, 49, 58, 56, 51, 52, 32, 55, 34, 57, 36, 59, 46, 44, 61, 62 ]:
 Order := 64 > |
[ 6, 1, 2, 15, 17, 7, 4, 3, 5, 8, 9, 10, 27, 29, 16, 13, 18, 14, 11, 12, 19, 20, 21, 22, 39, 41, 28, 25, 30, 26, 23, 24, 31, 32, 33, 34, 51, 53, 40, 37, 42, 38, 35, 36, 43, 44, 45, 46, 61, 63, 52, 49, 54, 50, 47, 48, 55, 56, 57, 58, 62, 59, 64, 60 ],
[ 53, 38, 42, 63, 39, 54, 50, 41, 25, 26, 28, 30, 58, 51, 64, 60, 40, 37, 27, 29, 13, 14, 16, 18, 46, 61, 56, 48, 52, 49, 15, 17, 4, 5, 7, 9, 34, 57, 44, 36, 62, 59, 6, 11, 1, 19, 2, 21, 22, 45, 32, 24, 55, 47, 3, 23, 8, 31, 10, 33, 20, 12, 43, 35 ],
[ 47, 55, 57, 35, 36, 45, 43, 59, 44, 62, 46, 61, 23, 24, 33, 31, 34, 32, 48, 49, 56, 52, 58, 51, 11, 12, 21, 19, 22, 20, 60, 37, 64, 40, 63, 39, 17, 3, 9, 5, 10, 8, 50, 25, 54, 28, 53, 27, 29, 6, 18, 14, 2, 1, 38, 13, 42, 16, 41, 15, 30, 26, 7, 4 ]
],
[ PermutationGroup<64 |  
\[ 2, 3, 8, 7, 9, 1, 6, 10, 11, 12, 19, 20, 16, 18, 4, 15, 5, 17, 21, 22, 23, 24, 31, 32, 28, 30, 13, 27, 14, 29, 33, 34, 35, 36, 43, 44, 40, 42, 25, 39, 26, 41, 45, 46, 47, 48, 55, 56, 52, 54, 37, 51, 38, 53, 57, 58, 59, 60, 62, 64, 49, 61, 50, 63 ],
\[ 11, 19, 21, 17, 3, 9, 5, 23, 8, 31, 10, 33, 29, 6, 18, 14, 2, 1, 12, 35, 20, 43, 22, 45, 41, 15, 30, 26, 7, 4, 24, 47, 32, 55, 34, 57, 53, 27, 42, 38, 16, 13, 36, 59, 44, 62, 46, 61, 63, 39, 54, 50, 28, 25, 48, 49, 56, 52, 58, 51, 64, 60, 40, 37 ],
\[ 14, 18, 17, 26, 4, 29, 30, 5, 7, 9, 6, 11, 38, 13, 41, 42, 15, 16, 1, 19, 2, 21, 3, 23, 50, 25, 53, 54, 27, 28, 8, 31, 10, 33, 12, 35, 60, 37, 63, 64, 39, 40, 20, 43, 22, 45, 24, 47, 48, 49, 58, 56, 51, 52, 32, 55, 34, 57, 36, 59, 46, 44, 61, 62 ]:
 Order := 64 > |
[ 6, 1, 2, 15, 17, 7, 4, 3, 5, 8, 9, 10, 27, 29, 16, 13, 18, 14, 11, 12, 19, 20, 21, 22, 39, 41, 28, 25, 30, 26, 23, 24, 31, 32, 33, 34, 51, 53, 40, 37, 42, 38, 35, 36, 43, 44, 45, 46, 61, 63, 52, 49, 54, 50, 47, 48, 55, 56, 57, 58, 62, 59, 64, 60 ],
[ 52, 51, 37, 62, 64, 49, 61, 40, 63, 39, 50, 25, 55, 56, 59, 57, 60, 58, 54, 28, 53, 27, 38, 13, 43, 44, 47, 45, 48, 46, 42, 16, 41, 15, 26, 4, 31, 32, 35, 33, 36, 34, 30, 7, 29, 6, 14, 1, 19, 20, 23, 21, 24, 22, 18, 2, 17, 3, 5, 8, 11, 9, 12, 10 ],
[ 56, 58, 60, 44, 62, 48, 46, 64, 61, 63, 49, 50, 32, 55, 36, 34, 59, 57, 52, 54, 51, 53, 37, 38, 20, 43, 24, 22, 47, 45, 40, 42, 39, 41, 25, 26, 8, 31, 12, 10, 35, 33, 28, 30, 27, 29, 13, 14, 1, 19, 3, 2, 23, 21, 16, 18, 15, 17, 4, 5, 6, 7, 11, 9 ]
],
[ PermutationGroup<64 |  
\[ 2, 3, 8, 7, 9, 1, 6, 10, 11, 12, 19, 20, 16, 18, 4, 15, 5, 17, 21, 22, 23, 24, 31, 32, 28, 30, 13, 27, 14, 29, 33, 34, 35, 36, 43, 44, 40, 42, 25, 39, 26, 41, 45, 46, 47, 48, 55, 56, 52, 54, 37, 51, 38, 53, 57, 58, 59, 60, 62, 64, 49, 61, 50, 63 ],
\[ 11, 19, 21, 17, 3, 9, 5, 23, 8, 31, 10, 33, 29, 6, 18, 14, 2, 1, 12, 35, 20, 43, 22, 45, 41, 15, 30, 26, 7, 4, 24, 47, 32, 55, 34, 57, 53, 27, 42, 38, 16, 13, 36, 59, 44, 62, 46, 61, 63, 39, 54, 50, 28, 25, 48, 49, 56, 52, 58, 51, 64, 60, 40, 37 ],
\[ 14, 18, 17, 26, 4, 29, 30, 5, 7, 9, 6, 11, 38, 13, 41, 42, 15, 16, 1, 19, 2, 21, 3, 23, 50, 25, 53, 54, 27, 28, 8, 31, 10, 33, 12, 35, 60, 37, 63, 64, 39, 40, 20, 43, 22, 45, 24, 47, 48, 49, 58, 56, 51, 52, 32, 55, 34, 57, 36, 59, 46, 44, 61, 62 ]:
 Order := 64 > |
[ 6, 1, 2, 15, 17, 7, 4, 3, 5, 8, 9, 10, 27, 29, 16, 13, 18, 14, 11, 12, 19, 20, 21, 22, 39, 41, 28, 25, 30, 26, 23, 24, 31, 32, 33, 34, 51, 53, 40, 37, 42, 38, 35, 36, 43, 44, 45, 46, 61, 63, 52, 49, 54, 50, 47, 48, 55, 56, 57, 58, 62, 59, 64, 60 ],
[ 11, 19, 21, 17, 3, 9, 5, 23, 8, 31, 10, 33, 29, 6, 18, 14, 2, 1, 12, 35, 20, 43, 22, 45, 41, 15, 30, 26, 7, 4, 24, 47, 32, 55, 34, 57, 53, 27, 42, 38, 16, 13, 36, 59, 44, 62, 46, 61, 63, 39, 54, 50, 28, 25, 48, 49, 56, 52, 58, 51, 64, 60, 40, 37 ],
[ 17, 5, 9, 29, 6, 18, 14, 11, 1, 19, 2, 21, 41, 15, 30, 26, 7, 4, 3, 23, 8, 31, 10, 33, 53, 27, 42, 38, 16, 13, 12, 35, 20, 43, 22, 45, 63, 39, 54, 50, 28, 25, 24, 47, 32, 55, 34, 57, 58, 51, 64, 60, 40, 37, 36, 59, 44, 62, 46, 61, 56, 48, 52, 49 ]
],
[ PermutationGroup<64 |  
\[ 2, 3, 8, 7, 9, 1, 6, 10, 11, 12, 19, 20, 16, 18, 4, 15, 5, 17, 21, 22, 23, 24, 31, 32, 28, 30, 13, 27, 14, 29, 33, 34, 35, 36, 43, 44, 40, 42, 25, 39, 26, 41, 45, 46, 47, 48, 55, 56, 52, 54, 37, 51, 38, 53, 57, 58, 59, 60, 62, 64, 49, 61, 50, 63 ],
\[ 11, 19, 21, 17, 3, 9, 5, 23, 8, 31, 10, 33, 29, 6, 18, 14, 2, 1, 12, 35, 20, 43, 22, 45, 41, 15, 30, 26, 7, 4, 24, 47, 32, 55, 34, 57, 53, 27, 42, 38, 16, 13, 36, 59, 44, 62, 46, 61, 63, 39, 54, 50, 28, 25, 48, 49, 56, 52, 58, 51, 64, 60, 40, 37 ],
\[ 14, 18, 17, 26, 4, 29, 30, 5, 7, 9, 6, 11, 38, 13, 41, 42, 15, 16, 1, 19, 2, 21, 3, 23, 50, 25, 53, 54, 27, 28, 8, 31, 10, 33, 12, 35, 60, 37, 63, 64, 39, 40, 20, 43, 22, 45, 24, 47, 48, 49, 58, 56, 51, 52, 32, 55, 34, 57, 36, 59, 46, 44, 61, 62 ]:
 Order := 64 > |
[ 6, 1, 2, 15, 17, 7, 4, 3, 5, 8, 9, 10, 27, 29, 16, 13, 18, 14, 11, 12, 19, 20, 21, 22, 39, 41, 28, 25, 30, 26, 23, 24, 31, 32, 33, 34, 51, 53, 40, 37, 42, 38, 35, 36, 43, 44, 45, 46, 61, 63, 52, 49, 54, 50, 47, 48, 55, 56, 57, 58, 62, 59, 64, 60 ],
[ 64, 63, 50, 56, 52, 60, 58, 54, 51, 53, 37, 38, 44, 62, 48, 46, 49, 61, 40, 42, 39, 41, 25, 26, 32, 55, 36, 34, 59, 57, 28, 30, 27, 29, 13, 14, 20, 43, 24, 22, 47, 45, 16, 18, 15, 17, 4, 5, 8, 31, 12, 10, 35, 33, 7, 9, 6, 11, 1, 19, 3, 2, 23, 21 ],
[ 62, 61, 49, 55, 56, 59, 57, 52, 58, 51, 60, 37, 43, 44, 47, 45, 48, 46, 64, 40, 63, 39, 50, 25, 31, 32, 35, 33, 36, 34, 54, 28, 53, 27, 38, 13, 19, 20, 23, 21, 24, 22, 42, 16, 41, 15, 26, 4, 5, 8, 11, 9, 12, 10, 30, 7, 29, 6, 14, 1, 17, 18, 3, 2 ]
],
[ PermutationGroup<64 |  
\[ 2, 3, 8, 7, 9, 1, 6, 10, 11, 12, 19, 20, 16, 18, 4, 15, 5, 17, 21, 22, 23, 24, 31, 32, 28, 30, 13, 27, 14, 29, 33, 34, 35, 36, 43, 44, 40, 42, 25, 39, 26, 41, 45, 46, 47, 48, 55, 56, 52, 54, 37, 51, 38, 53, 57, 58, 59, 60, 62, 64, 49, 61, 50, 63 ],
\[ 11, 19, 21, 17, 3, 9, 5, 23, 8, 31, 10, 33, 29, 6, 18, 14, 2, 1, 12, 35, 20, 43, 22, 45, 41, 15, 30, 26, 7, 4, 24, 47, 32, 55, 34, 57, 53, 27, 42, 38, 16, 13, 36, 59, 44, 62, 46, 61, 63, 39, 54, 50, 28, 25, 48, 49, 56, 52, 58, 51, 64, 60, 40, 37 ],
\[ 14, 18, 17, 26, 4, 29, 30, 5, 7, 9, 6, 11, 38, 13, 41, 42, 15, 16, 1, 19, 2, 21, 3, 23, 50, 25, 53, 54, 27, 28, 8, 31, 10, 33, 12, 35, 60, 37, 63, 64, 39, 40, 20, 43, 22, 45, 24, 47, 48, 49, 58, 56, 51, 52, 32, 55, 34, 57, 36, 59, 46, 44, 61, 62 ]:
 Order := 64 > |
[ 6, 1, 2, 15, 17, 7, 4, 3, 5, 8, 9, 10, 27, 29, 16, 13, 18, 14, 11, 12, 19, 20, 21, 22, 39, 41, 28, 25, 30, 26, 23, 24, 31, 32, 33, 34, 51, 53, 40, 37, 42, 38, 35, 36, 43, 44, 45, 46, 61, 63, 52, 49, 54, 50, 47, 48, 55, 56, 57, 58, 62, 59, 64, 60 ],
[ 7, 6, 1, 16, 18, 4, 15, 2, 17, 3, 5, 8, 28, 30, 13, 27, 14, 29, 9, 10, 11, 12, 19, 20, 40, 42, 25, 39, 26, 41, 21, 22, 23, 24, 31, 32, 52, 54, 37, 51, 38, 53, 33, 34, 35, 36, 43, 44, 62, 64, 49, 61, 50, 63, 45, 46, 47, 48, 55, 56, 59, 57, 60, 58 ],
[ 8, 10, 12, 1, 19, 3, 2, 20, 21, 22, 23, 24, 4, 5, 6, 7, 11, 9, 31, 32, 33, 34, 35, 36, 13, 14, 15, 16, 17, 18, 43, 44, 45, 46, 47, 48, 25, 26, 27, 28, 29, 30, 55, 56, 57, 58, 59, 60, 37, 38, 39, 40, 41, 42, 62, 64, 61, 63, 49, 50, 51, 52, 53, 54 ]
],
[ PermutationGroup<64 |  
\[ 2, 3, 8, 7, 9, 1, 6, 10, 11, 12, 19, 20, 16, 18, 4, 15, 5, 17, 21, 22, 23, 24, 31, 32, 28, 30, 13, 27, 14, 29, 33, 34, 35, 36, 43, 44, 40, 42, 25, 39, 26, 41, 45, 46, 47, 48, 55, 56, 52, 54, 37, 51, 38, 53, 57, 58, 59, 60, 62, 64, 49, 61, 50, 63 ],
\[ 11, 19, 21, 17, 3, 9, 5, 23, 8, 31, 10, 33, 29, 6, 18, 14, 2, 1, 12, 35, 20, 43, 22, 45, 41, 15, 30, 26, 7, 4, 24, 47, 32, 55, 34, 57, 53, 27, 42, 38, 16, 13, 36, 59, 44, 62, 46, 61, 63, 39, 54, 50, 28, 25, 48, 49, 56, 52, 58, 51, 64, 60, 40, 37 ],
\[ 14, 18, 17, 26, 4, 29, 30, 5, 7, 9, 6, 11, 38, 13, 41, 42, 15, 16, 1, 19, 2, 21, 3, 23, 50, 25, 53, 54, 27, 28, 8, 31, 10, 33, 12, 35, 60, 37, 63, 64, 39, 40, 20, 43, 22, 45, 24, 47, 48, 49, 58, 56, 51, 52, 32, 55, 34, 57, 36, 59, 46, 44, 61, 62 ]:
 Order := 64 > |
[ 6, 1, 2, 15, 17, 7, 4, 3, 5, 8, 9, 10, 27, 29, 16, 13, 18, 14, 11, 12, 19, 20, 21, 22, 39, 41, 28, 25, 30, 26, 23, 24, 31, 32, 33, 34, 51, 53, 40, 37, 42, 38, 35, 36, 43, 44, 45, 46, 61, 63, 52, 49, 54, 50, 47, 48, 55, 56, 57, 58, 62, 59, 64, 60 ],
[ 59, 62, 61, 47, 48, 57, 55, 49, 56, 52, 58, 51, 35, 36, 45, 43, 46, 44, 60, 37, 64, 40, 63, 39, 23, 24, 33, 31, 34, 32, 50, 25, 54, 28, 53, 27, 11, 12, 21, 19, 22, 20, 38, 13, 42, 16, 41, 15, 17, 3, 9, 5, 10, 8, 26, 4, 30, 7, 29, 6, 18, 14, 2, 1 ],
[ 63, 50, 54, 58, 51, 64, 60, 53, 37, 38, 40, 42, 46, 61, 56, 48, 52, 49, 39, 41, 25, 26, 28, 30, 34, 57, 44, 36, 62, 59, 27, 29, 13, 14, 16, 18, 22, 45, 32, 24, 55, 47, 15, 17, 4, 5, 7, 9, 10, 33, 20, 12, 43, 35, 6, 11, 1, 19, 2, 21, 8, 3, 31, 23 ]
],
[ PermutationGroup<64 |  
\[ 2, 3, 8, 7, 9, 1, 6, 10, 11, 12, 19, 20, 16, 18, 4, 15, 5, 17, 21, 22, 23, 24, 31, 32, 28, 30, 13, 27, 14, 29, 33, 34, 35, 36, 43, 44, 40, 42, 25, 39, 26, 41, 45, 46, 47, 48, 55, 56, 52, 54, 37, 51, 38, 53, 57, 58, 59, 60, 62, 64, 49, 61, 50, 63 ],
\[ 11, 19, 21, 17, 3, 9, 5, 23, 8, 31, 10, 33, 29, 6, 18, 14, 2, 1, 12, 35, 20, 43, 22, 45, 41, 15, 30, 26, 7, 4, 24, 47, 32, 55, 34, 57, 53, 27, 42, 38, 16, 13, 36, 59, 44, 62, 46, 61, 63, 39, 54, 50, 28, 25, 48, 49, 56, 52, 58, 51, 64, 60, 40, 37 ],
\[ 14, 18, 17, 26, 4, 29, 30, 5, 7, 9, 6, 11, 38, 13, 41, 42, 15, 16, 1, 19, 2, 21, 3, 23, 50, 25, 53, 54, 27, 28, 8, 31, 10, 33, 12, 35, 60, 37, 63, 64, 39, 40, 20, 43, 22, 45, 24, 47, 48, 49, 58, 56, 51, 52, 32, 55, 34, 57, 36, 59, 46, 44, 61, 62 ]:
 Order := 64 > |
[ 6, 1, 2, 15, 17, 7, 4, 3, 5, 8, 9, 10, 27, 29, 16, 13, 18, 14, 11, 12, 19, 20, 21, 22, 39, 41, 28, 25, 30, 26, 23, 24, 31, 32, 33, 34, 51, 53, 40, 37, 42, 38, 35, 36, 43, 44, 45, 46, 61, 63, 52, 49, 54, 50, 47, 48, 55, 56, 57, 58, 62, 59, 64, 60 ],
[ 18, 17, 5, 30, 7, 14, 29, 9, 6, 11, 1, 19, 42, 16, 26, 41, 4, 15, 2, 21, 3, 23, 8, 31, 54, 28, 38, 53, 13, 27, 10, 33, 12, 35, 20, 43, 64, 40, 50, 63, 25, 39, 22, 45, 24, 47, 32, 55, 56, 52, 60, 58, 37, 51, 34, 57, 36, 59, 44, 62, 48, 46, 49, 61 ],
[ 19, 21, 23, 5, 8, 11, 9, 31, 10, 33, 12, 35, 14, 1, 17, 18, 3, 2, 20, 43, 22, 45, 24, 47, 26, 4, 29, 30, 6, 7, 32, 55, 34, 57, 36, 59, 38, 13, 41, 42, 15, 16, 44, 62, 46, 61, 48, 49, 50, 25, 53, 54, 27, 28, 56, 52, 58, 51, 60, 37, 63, 64, 39, 40 ]
],
[ PermutationGroup<64 |  
\[ 2, 3, 8, 7, 9, 1, 6, 10, 11, 12, 19, 20, 16, 18, 4, 15, 5, 17, 21, 22, 23, 24, 31, 32, 28, 30, 13, 27, 14, 29, 33, 34, 35, 36, 43, 44, 40, 42, 25, 39, 26, 41, 45, 46, 47, 48, 55, 56, 52, 54, 37, 51, 38, 53, 57, 58, 59, 60, 62, 64, 49, 61, 50, 63 ],
\[ 11, 19, 21, 17, 3, 9, 5, 23, 8, 31, 10, 33, 29, 6, 18, 14, 2, 1, 12, 35, 20, 43, 22, 45, 41, 15, 30, 26, 7, 4, 24, 47, 32, 55, 34, 57, 53, 27, 42, 38, 16, 13, 36, 59, 44, 62, 46, 61, 63, 39, 54, 50, 28, 25, 48, 49, 56, 52, 58, 51, 64, 60, 40, 37 ],
\[ 14, 18, 17, 26, 4, 29, 30, 5, 7, 9, 6, 11, 38, 13, 41, 42, 15, 16, 1, 19, 2, 21, 3, 23, 50, 25, 53, 54, 27, 28, 8, 31, 10, 33, 12, 35, 60, 37, 63, 64, 39, 40, 20, 43, 22, 45, 24, 47, 48, 49, 58, 56, 51, 52, 32, 55, 34, 57, 36, 59, 46, 44, 61, 62 ]:
 Order := 64 > |
[ 6, 1, 2, 15, 17, 7, 4, 3, 5, 8, 9, 10, 27, 29, 16, 13, 18, 14, 11, 12, 19, 20, 21, 22, 39, 41, 28, 25, 30, 26, 23, 24, 31, 32, 33, 34, 51, 53, 40, 37, 42, 38, 35, 36, 43, 44, 45, 46, 61, 63, 52, 49, 54, 50, 47, 48, 55, 56, 57, 58, 62, 59, 64, 60 ],
[ 26, 30, 29, 38, 13, 41, 42, 14, 16, 18, 15, 17, 50, 25, 53, 54, 27, 28, 4, 5, 7, 9, 6, 11, 60, 37, 63, 64, 39, 40, 1, 19, 2, 21, 3, 23, 48, 49, 58, 56, 51, 52, 8, 31, 10, 33, 12, 35, 36, 59, 46, 44, 61, 62, 20, 43, 22, 45, 24, 47, 34, 32, 57, 55 ],
[ 33, 35, 43, 21, 22, 31, 23, 45, 24, 47, 32, 55, 9, 10, 19, 11, 20, 12, 34, 57, 36, 59, 44, 62, 18, 2, 5, 17, 8, 3, 46, 61, 48, 49, 56, 52, 30, 7, 14, 29, 1, 6, 58, 51, 60, 37, 64, 40, 42, 16, 26, 41, 4, 15, 63, 39, 50, 25, 54, 28, 38, 53, 13, 27 ]
],
[ PermutationGroup<64 |  
\[ 2, 3, 8, 7, 9, 1, 6, 10, 11, 12, 19, 20, 16, 18, 4, 15, 5, 17, 21, 22, 23, 24, 31, 32, 28, 30, 13, 27, 14, 29, 33, 34, 35, 36, 43, 44, 40, 42, 25, 39, 26, 41, 45, 46, 47, 48, 55, 56, 52, 54, 37, 51, 38, 53, 57, 58, 59, 60, 62, 64, 49, 61, 50, 63 ],
\[ 11, 19, 21, 17, 3, 9, 5, 23, 8, 31, 10, 33, 29, 6, 18, 14, 2, 1, 12, 35, 20, 43, 22, 45, 41, 15, 30, 26, 7, 4, 24, 47, 32, 55, 34, 57, 53, 27, 42, 38, 16, 13, 36, 59, 44, 62, 46, 61, 63, 39, 54, 50, 28, 25, 48, 49, 56, 52, 58, 51, 64, 60, 40, 37 ],
\[ 14, 18, 17, 26, 4, 29, 30, 5, 7, 9, 6, 11, 38, 13, 41, 42, 15, 16, 1, 19, 2, 21, 3, 23, 50, 25, 53, 54, 27, 28, 8, 31, 10, 33, 12, 35, 60, 37, 63, 64, 39, 40, 20, 43, 22, 45, 24, 47, 48, 49, 58, 56, 51, 52, 32, 55, 34, 57, 36, 59, 46, 44, 61, 62 ]:
 Order := 64 > |
[ 6, 1, 2, 15, 17, 7, 4, 3, 5, 8, 9, 10, 27, 29, 16, 13, 18, 14, 11, 12, 19, 20, 21, 22, 39, 41, 28, 25, 30, 26, 23, 24, 31, 32, 33, 34, 51, 53, 40, 37, 42, 38, 35, 36, 43, 44, 45, 46, 61, 63, 52, 49, 54, 50, 47, 48, 55, 56, 57, 58, 62, 59, 64, 60 ],
[ 34, 36, 44, 22, 45, 32, 24, 46, 47, 48, 55, 56, 10, 33, 20, 12, 43, 35, 57, 58, 59, 60, 62, 64, 2, 21, 8, 3, 31, 23, 61, 63, 49, 50, 52, 54, 7, 9, 1, 6, 19, 11, 51, 53, 37, 38, 40, 42, 16, 18, 4, 15, 5, 17, 39, 41, 25, 26, 28, 30, 13, 27, 14, 29 ],
[ 25, 28, 27, 37, 38, 39, 40, 13, 42, 16, 41, 15, 49, 50, 51, 52, 53, 54, 26, 4, 30, 7, 29, 6, 59, 60, 61, 62, 63, 64, 14, 1, 18, 2, 17, 3, 47, 48, 57, 55, 58, 56, 5, 8, 9, 10, 11, 12, 35, 36, 45, 43, 46, 44, 19, 20, 21, 22, 23, 24, 33, 31, 34, 32 ]
],
[ PermutationGroup<64 |  
\[ 2, 3, 8, 7, 9, 1, 6, 10, 11, 12, 19, 20, 16, 18, 4, 15, 5, 17, 21, 22, 23, 24, 31, 32, 28, 30, 13, 27, 14, 29, 33, 34, 35, 36, 43, 44, 40, 42, 25, 39, 26, 41, 45, 46, 47, 48, 55, 56, 52, 54, 37, 51, 38, 53, 57, 58, 59, 60, 62, 64, 49, 61, 50, 63 ],
\[ 11, 19, 21, 17, 3, 9, 5, 23, 8, 31, 10, 33, 29, 6, 18, 14, 2, 1, 12, 35, 20, 43, 22, 45, 41, 15, 30, 26, 7, 4, 24, 47, 32, 55, 34, 57, 53, 27, 42, 38, 16, 13, 36, 59, 44, 62, 46, 61, 63, 39, 54, 50, 28, 25, 48, 49, 56, 52, 58, 51, 64, 60, 40, 37 ],
\[ 14, 18, 17, 26, 4, 29, 30, 5, 7, 9, 6, 11, 38, 13, 41, 42, 15, 16, 1, 19, 2, 21, 3, 23, 50, 25, 53, 54, 27, 28, 8, 31, 10, 33, 12, 35, 60, 37, 63, 64, 39, 40, 20, 43, 22, 45, 24, 47, 48, 49, 58, 56, 51, 52, 32, 55, 34, 57, 36, 59, 46, 44, 61, 62 ]:
 Order := 64 > |
[ 6, 1, 2, 15, 17, 7, 4, 3, 5, 8, 9, 10, 27, 29, 16, 13, 18, 14, 11, 12, 19, 20, 21, 22, 39, 41, 28, 25, 30, 26, 23, 24, 31, 32, 33, 34, 51, 53, 40, 37, 42, 38, 35, 36, 43, 44, 45, 46, 61, 63, 52, 49, 54, 50, 47, 48, 55, 56, 57, 58, 62, 59, 64, 60 ],
[ 20, 22, 24, 8, 31, 12, 10, 32, 33, 34, 35, 36, 1, 19, 3, 2, 23, 21, 43, 44, 45, 46, 47, 48, 4, 5, 6, 7, 11, 9, 55, 56, 57, 58, 59, 60, 13, 14, 15, 16, 17, 18, 62, 64, 61, 63, 49, 50, 25, 26, 27, 28, 29, 30, 52, 54, 51, 53, 37, 38, 39, 40, 41, 42 ],
[ 16, 15, 4, 28, 30, 13, 27, 7, 29, 6, 14, 1, 40, 42, 25, 39, 26, 41, 18, 2, 17, 3, 5, 8, 52, 54, 37, 51, 38, 53, 9, 10, 11, 12, 19, 20, 62, 64, 49, 61, 50, 63, 21, 22, 23, 24, 31, 32, 55, 56, 59, 57, 60, 58, 33, 34, 35, 36, 43, 44, 47, 45, 48, 46 ]
],
[ PermutationGroup<64 |  
\[ 2, 3, 8, 7, 9, 1, 6, 10, 11, 12, 19, 20, 16, 18, 4, 15, 5, 17, 21, 22, 23, 24, 31, 32, 28, 30, 13, 27, 14, 29, 33, 34, 35, 36, 43, 44, 40, 42, 25, 39, 26, 41, 45, 46, 47, 48, 55, 56, 52, 54, 37, 51, 38, 53, 57, 58, 59, 60, 62, 64, 49, 61, 50, 63 ],
\[ 11, 19, 21, 17, 3, 9, 5, 23, 8, 31, 10, 33, 29, 6, 18, 14, 2, 1, 12, 35, 20, 43, 22, 45, 41, 15, 30, 26, 7, 4, 24, 47, 32, 55, 34, 57, 53, 27, 42, 38, 16, 13, 36, 59, 44, 62, 46, 61, 63, 39, 54, 50, 28, 25, 48, 49, 56, 52, 58, 51, 64, 60, 40, 37 ],
\[ 14, 18, 17, 26, 4, 29, 30, 5, 7, 9, 6, 11, 38, 13, 41, 42, 15, 16, 1, 19, 2, 21, 3, 23, 50, 25, 53, 54, 27, 28, 8, 31, 10, 33, 12, 35, 60, 37, 63, 64, 39, 40, 20, 43, 22, 45, 24, 47, 48, 49, 58, 56, 51, 52, 32, 55, 34, 57, 36, 59, 46, 44, 61, 62 ]:
 Order := 64 > |
[ 6, 1, 2, 15, 17, 7, 4, 3, 5, 8, 9, 10, 27, 29, 16, 13, 18, 14, 11, 12, 19, 20, 21, 22, 39, 41, 28, 25, 30, 26, 23, 24, 31, 32, 33, 34, 51, 53, 40, 37, 42, 38, 35, 36, 43, 44, 45, 46, 61, 63, 52, 49, 54, 50, 47, 48, 55, 56, 57, 58, 62, 59, 64, 60 ],
[ 39, 25, 28, 51, 53, 40, 37, 27, 38, 13, 42, 16, 61, 63, 52, 49, 54, 50, 41, 15, 26, 4, 30, 7, 57, 58, 62, 59, 64, 60, 29, 6, 14, 1, 18, 2, 45, 46, 55, 47, 56, 48, 17, 3, 5, 8, 9, 10, 33, 34, 43, 35, 44, 36, 11, 12, 19, 20, 21, 22, 31, 23, 32, 24 ],
[ 36, 44, 46, 24, 47, 34, 32, 48, 55, 56, 57, 58, 12, 35, 22, 20, 45, 43, 59, 60, 62, 64, 61, 63, 3, 23, 10, 8, 33, 31, 49, 50, 52, 54, 51, 53, 6, 11, 2, 1, 21, 19, 37, 38, 40, 42, 39, 41, 15, 17, 7, 4, 9, 5, 25, 26, 28, 30, 27, 29, 16, 13, 18, 14 ]
]
];
s`SolvableDBPointedPassport := [ PowerSequence(PermutationGroup<64 |  
\[ 2, 3, 8, 7, 9, 1, 6, 10, 11, 12, 19, 20, 16, 18, 4, 15, 5, 17, 21, 22, 23, 24, 31, 32, 28, 30, 13, 27, 14, 29, 33, 34, 35, 36, 43, 44, 40, 42, 25, 39, 26, 41, 45, 46, 47, 48, 55, 56, 52, 54, 37, 51, 38, 53, 57, 58, 59, 60, 62, 64, 49, 61, 50, 63 ],
\[ 11, 19, 21, 17, 3, 9, 5, 23, 8, 31, 10, 33, 29, 6, 18, 14, 2, 1, 12, 35, 20, 43, 22, 45, 41, 15, 30, 26, 7, 4, 24, 47, 32, 55, 34, 57, 53, 27, 42, 38, 16, 13, 36, 59, 44, 62, 46, 61, 63, 39, 54, 50, 28, 25, 48, 49, 56, 52, 58, 51, 64, 60, 40, 37 ],
\[ 14, 18, 17, 26, 4, 29, 30, 5, 7, 9, 6, 11, 38, 13, 41, 42, 15, 16, 1, 19, 2, 21, 3, 23, 50, 25, 53, 54, 27, 28, 8, 31, 10, 33, 12, 35, 60, 37, 63, 64, 39, 40, 20, 43, 22, 45, 24, 47, 48, 49, 58, 56, 51, 52, 32, 55, 34, 57, 36, 59, 46, 44, 61, 62 ]:
 Order := 64 >) |
[ PermutationGroup<64 |  
\[ 2, 3, 8, 7, 9, 1, 6, 10, 11, 12, 19, 20, 16, 18, 4, 15, 5, 17, 21, 22, 23, 24, 31, 32, 28, 30, 13, 27, 14, 29, 33, 34, 35, 36, 43, 44, 40, 42, 25, 39, 26, 41, 45, 46, 47, 48, 55, 56, 52, 54, 37, 51, 38, 53, 57, 58, 59, 60, 62, 64, 49, 61, 50, 63 ],
\[ 11, 19, 21, 17, 3, 9, 5, 23, 8, 31, 10, 33, 29, 6, 18, 14, 2, 1, 12, 35, 20, 43, 22, 45, 41, 15, 30, 26, 7, 4, 24, 47, 32, 55, 34, 57, 53, 27, 42, 38, 16, 13, 36, 59, 44, 62, 46, 61, 63, 39, 54, 50, 28, 25, 48, 49, 56, 52, 58, 51, 64, 60, 40, 37 ],
\[ 14, 18, 17, 26, 4, 29, 30, 5, 7, 9, 6, 11, 38, 13, 41, 42, 15, 16, 1, 19, 2, 21, 3, 23, 50, 25, 53, 54, 27, 28, 8, 31, 10, 33, 12, 35, 60, 37, 63, 64, 39, 40, 20, 43, 22, 45, 24, 47, 48, 49, 58, 56, 51, 52, 32, 55, 34, 57, 36, 59, 46, 44, 61, 62 ]:
 Order := 64 > |
[ 6, 1, 2, 15, 17, 7, 4, 3, 5, 8, 9, 10, 27, 29, 16, 13, 18, 14, 11, 12, 19, 20, 21, 22, 39, 41, 28, 25, 30, 26, 23, 24, 31, 32, 33, 34, 51, 53, 40, 37, 42, 38, 35, 36, 43, 44, 45, 46, 61, 63, 52, 49, 54, 50, 47, 48, 55, 56, 57, 58, 62, 59, 64, 60 ],
[ 3, 8, 10, 6, 11, 2, 1, 12, 19, 20, 21, 22, 15, 17, 7, 4, 9, 5, 23, 24, 31, 32, 33, 34, 27, 29, 16, 13, 18, 14, 35, 36, 43, 44, 45, 46, 39, 41, 28, 25, 30, 26, 47, 48, 55, 56, 57, 58, 51, 53, 40, 37, 42, 38, 59, 60, 62, 64, 61, 63, 52, 49, 54, 50 ],
[ 6, 1, 2, 15, 17, 7, 4, 3, 5, 8, 9, 10, 27, 29, 16, 13, 18, 14, 11, 12, 19, 20, 21, 22, 39, 41, 28, 25, 30, 26, 23, 24, 31, 32, 33, 34, 51, 53, 40, 37, 42, 38, 35, 36, 43, 44, 45, 46, 61, 63, 52, 49, 54, 50, 47, 48, 55, 56, 57, 58, 62, 59, 64, 60 ]
],
[ PermutationGroup<64 |  
\[ 2, 3, 8, 7, 9, 1, 6, 10, 11, 12, 19, 20, 16, 18, 4, 15, 5, 17, 21, 22, 23, 24, 31, 32, 28, 30, 13, 27, 14, 29, 33, 34, 35, 36, 43, 44, 40, 42, 25, 39, 26, 41, 45, 46, 47, 48, 55, 56, 52, 54, 37, 51, 38, 53, 57, 58, 59, 60, 62, 64, 49, 61, 50, 63 ],
\[ 11, 19, 21, 17, 3, 9, 5, 23, 8, 31, 10, 33, 29, 6, 18, 14, 2, 1, 12, 35, 20, 43, 22, 45, 41, 15, 30, 26, 7, 4, 24, 47, 32, 55, 34, 57, 53, 27, 42, 38, 16, 13, 36, 59, 44, 62, 46, 61, 63, 39, 54, 50, 28, 25, 48, 49, 56, 52, 58, 51, 64, 60, 40, 37 ],
\[ 14, 18, 17, 26, 4, 29, 30, 5, 7, 9, 6, 11, 38, 13, 41, 42, 15, 16, 1, 19, 2, 21, 3, 23, 50, 25, 53, 54, 27, 28, 8, 31, 10, 33, 12, 35, 60, 37, 63, 64, 39, 40, 20, 43, 22, 45, 24, 47, 48, 49, 58, 56, 51, 52, 32, 55, 34, 57, 36, 59, 46, 44, 61, 62 ]:
 Order := 64 > |
[ 6, 1, 2, 15, 17, 7, 4, 3, 5, 8, 9, 10, 27, 29, 16, 13, 18, 14, 11, 12, 19, 20, 21, 22, 39, 41, 28, 25, 30, 26, 23, 24, 31, 32, 33, 34, 51, 53, 40, 37, 42, 38, 35, 36, 43, 44, 45, 46, 61, 63, 52, 49, 54, 50, 47, 48, 55, 56, 57, 58, 62, 59, 64, 60 ],
[ 48, 56, 58, 36, 59, 46, 44, 60, 62, 64, 61, 63, 24, 47, 34, 32, 57, 55, 49, 50, 52, 54, 51, 53, 12, 35, 22, 20, 45, 43, 37, 38, 40, 42, 39, 41, 3, 23, 10, 8, 33, 31, 25, 26, 28, 30, 27, 29, 6, 11, 2, 1, 21, 19, 13, 14, 16, 18, 15, 17, 7, 4, 9, 5 ],
[ 51, 37, 40, 61, 63, 52, 49, 39, 50, 25, 54, 28, 57, 58, 62, 59, 64, 60, 53, 27, 38, 13, 42, 16, 45, 46, 55, 47, 56, 48, 41, 15, 26, 4, 30, 7, 33, 34, 43, 35, 44, 36, 29, 6, 14, 1, 18, 2, 21, 22, 31, 23, 32, 24, 17, 3, 5, 8, 9, 10, 19, 11, 20, 12 ]
],
[ PermutationGroup<64 |  
\[ 2, 3, 8, 7, 9, 1, 6, 10, 11, 12, 19, 20, 16, 18, 4, 15, 5, 17, 21, 22, 23, 24, 31, 32, 28, 30, 13, 27, 14, 29, 33, 34, 35, 36, 43, 44, 40, 42, 25, 39, 26, 41, 45, 46, 47, 48, 55, 56, 52, 54, 37, 51, 38, 53, 57, 58, 59, 60, 62, 64, 49, 61, 50, 63 ],
\[ 11, 19, 21, 17, 3, 9, 5, 23, 8, 31, 10, 33, 29, 6, 18, 14, 2, 1, 12, 35, 20, 43, 22, 45, 41, 15, 30, 26, 7, 4, 24, 47, 32, 55, 34, 57, 53, 27, 42, 38, 16, 13, 36, 59, 44, 62, 46, 61, 63, 39, 54, 50, 28, 25, 48, 49, 56, 52, 58, 51, 64, 60, 40, 37 ],
\[ 14, 18, 17, 26, 4, 29, 30, 5, 7, 9, 6, 11, 38, 13, 41, 42, 15, 16, 1, 19, 2, 21, 3, 23, 50, 25, 53, 54, 27, 28, 8, 31, 10, 33, 12, 35, 60, 37, 63, 64, 39, 40, 20, 43, 22, 45, 24, 47, 48, 49, 58, 56, 51, 52, 32, 55, 34, 57, 36, 59, 46, 44, 61, 62 ]:
 Order := 64 > |
[ 6, 1, 2, 15, 17, 7, 4, 3, 5, 8, 9, 10, 27, 29, 16, 13, 18, 14, 11, 12, 19, 20, 21, 22, 39, 41, 28, 25, 30, 26, 23, 24, 31, 32, 33, 34, 51, 53, 40, 37, 42, 38, 35, 36, 43, 44, 45, 46, 61, 63, 52, 49, 54, 50, 47, 48, 55, 56, 57, 58, 62, 59, 64, 60 ],
[ 13, 16, 15, 25, 26, 27, 28, 4, 30, 7, 29, 6, 37, 38, 39, 40, 41, 42, 14, 1, 18, 2, 17, 3, 49, 50, 51, 52, 53, 54, 5, 8, 9, 10, 11, 12, 59, 60, 61, 62, 63, 64, 19, 20, 21, 22, 23, 24, 47, 48, 57, 55, 58, 56, 31, 32, 33, 34, 35, 36, 45, 43, 46, 44 ],
[ 22, 24, 32, 10, 33, 20, 12, 34, 35, 36, 43, 44, 2, 21, 8, 3, 31, 23, 45, 46, 47, 48, 55, 56, 7, 9, 1, 6, 19, 11, 57, 58, 59, 60, 62, 64, 16, 18, 4, 15, 5, 17, 61, 63, 49, 50, 52, 54, 28, 30, 13, 27, 14, 29, 51, 53, 37, 38, 40, 42, 25, 39, 26, 41 ]
],
[ PermutationGroup<64 |  
\[ 2, 3, 8, 7, 9, 1, 6, 10, 11, 12, 19, 20, 16, 18, 4, 15, 5, 17, 21, 22, 23, 24, 31, 32, 28, 30, 13, 27, 14, 29, 33, 34, 35, 36, 43, 44, 40, 42, 25, 39, 26, 41, 45, 46, 47, 48, 55, 56, 52, 54, 37, 51, 38, 53, 57, 58, 59, 60, 62, 64, 49, 61, 50, 63 ],
\[ 11, 19, 21, 17, 3, 9, 5, 23, 8, 31, 10, 33, 29, 6, 18, 14, 2, 1, 12, 35, 20, 43, 22, 45, 41, 15, 30, 26, 7, 4, 24, 47, 32, 55, 34, 57, 53, 27, 42, 38, 16, 13, 36, 59, 44, 62, 46, 61, 63, 39, 54, 50, 28, 25, 48, 49, 56, 52, 58, 51, 64, 60, 40, 37 ],
\[ 14, 18, 17, 26, 4, 29, 30, 5, 7, 9, 6, 11, 38, 13, 41, 42, 15, 16, 1, 19, 2, 21, 3, 23, 50, 25, 53, 54, 27, 28, 8, 31, 10, 33, 12, 35, 60, 37, 63, 64, 39, 40, 20, 43, 22, 45, 24, 47, 48, 49, 58, 56, 51, 52, 32, 55, 34, 57, 36, 59, 46, 44, 61, 62 ]:
 Order := 64 > |
[ 6, 1, 2, 15, 17, 7, 4, 3, 5, 8, 9, 10, 27, 29, 16, 13, 18, 14, 11, 12, 19, 20, 21, 22, 39, 41, 28, 25, 30, 26, 23, 24, 31, 32, 33, 34, 51, 53, 40, 37, 42, 38, 35, 36, 43, 44, 45, 46, 61, 63, 52, 49, 54, 50, 47, 48, 55, 56, 57, 58, 62, 59, 64, 60 ],
[ 45, 47, 55, 33, 34, 43, 35, 57, 36, 59, 44, 62, 21, 22, 31, 23, 32, 24, 46, 61, 48, 49, 56, 52, 9, 10, 19, 11, 20, 12, 58, 51, 60, 37, 64, 40, 18, 2, 5, 17, 8, 3, 63, 39, 50, 25, 54, 28, 30, 7, 14, 29, 1, 6, 53, 27, 38, 13, 42, 16, 26, 41, 4, 15 ],
[ 38, 42, 41, 50, 25, 53, 54, 26, 28, 30, 27, 29, 60, 37, 63, 64, 39, 40, 13, 14, 16, 18, 15, 17, 48, 49, 58, 56, 51, 52, 4, 5, 7, 9, 6, 11, 36, 59, 46, 44, 61, 62, 1, 19, 2, 21, 3, 23, 24, 47, 34, 32, 57, 55, 8, 31, 10, 33, 12, 35, 22, 20, 45, 43 ]
],
[ PermutationGroup<64 |  
\[ 2, 3, 8, 7, 9, 1, 6, 10, 11, 12, 19, 20, 16, 18, 4, 15, 5, 17, 21, 22, 23, 24, 31, 32, 28, 30, 13, 27, 14, 29, 33, 34, 35, 36, 43, 44, 40, 42, 25, 39, 26, 41, 45, 46, 47, 48, 55, 56, 52, 54, 37, 51, 38, 53, 57, 58, 59, 60, 62, 64, 49, 61, 50, 63 ],
\[ 11, 19, 21, 17, 3, 9, 5, 23, 8, 31, 10, 33, 29, 6, 18, 14, 2, 1, 12, 35, 20, 43, 22, 45, 41, 15, 30, 26, 7, 4, 24, 47, 32, 55, 34, 57, 53, 27, 42, 38, 16, 13, 36, 59, 44, 62, 46, 61, 63, 39, 54, 50, 28, 25, 48, 49, 56, 52, 58, 51, 64, 60, 40, 37 ],
\[ 14, 18, 17, 26, 4, 29, 30, 5, 7, 9, 6, 11, 38, 13, 41, 42, 15, 16, 1, 19, 2, 21, 3, 23, 50, 25, 53, 54, 27, 28, 8, 31, 10, 33, 12, 35, 60, 37, 63, 64, 39, 40, 20, 43, 22, 45, 24, 47, 48, 49, 58, 56, 51, 52, 32, 55, 34, 57, 36, 59, 46, 44, 61, 62 ]:
 Order := 64 > |
[ 6, 1, 2, 15, 17, 7, 4, 3, 5, 8, 9, 10, 27, 29, 16, 13, 18, 14, 11, 12, 19, 20, 21, 22, 39, 41, 28, 25, 30, 26, 23, 24, 31, 32, 33, 34, 51, 53, 40, 37, 42, 38, 35, 36, 43, 44, 45, 46, 61, 63, 52, 49, 54, 50, 47, 48, 55, 56, 57, 58, 62, 59, 64, 60 ],
[ 31, 33, 35, 19, 20, 23, 21, 43, 22, 45, 24, 47, 5, 8, 11, 9, 12, 10, 32, 55, 34, 57, 36, 59, 14, 1, 17, 18, 3, 2, 44, 62, 46, 61, 48, 49, 26, 4, 29, 30, 6, 7, 56, 52, 58, 51, 60, 37, 38, 13, 41, 42, 15, 16, 64, 40, 63, 39, 50, 25, 53, 54, 27, 28 ],
[ 30, 29, 14, 42, 16, 26, 41, 18, 15, 17, 4, 5, 54, 28, 38, 53, 13, 27, 7, 9, 6, 11, 1, 19, 64, 40, 50, 63, 25, 39, 2, 21, 3, 23, 8, 31, 56, 52, 60, 58, 37, 51, 10, 33, 12, 35, 20, 43, 44, 62, 48, 46, 49, 61, 22, 45, 24, 47, 32, 55, 36, 34, 59, 57 ]
],
[ PermutationGroup<64 |  
\[ 2, 3, 8, 7, 9, 1, 6, 10, 11, 12, 19, 20, 16, 18, 4, 15, 5, 17, 21, 22, 23, 24, 31, 32, 28, 30, 13, 27, 14, 29, 33, 34, 35, 36, 43, 44, 40, 42, 25, 39, 26, 41, 45, 46, 47, 48, 55, 56, 52, 54, 37, 51, 38, 53, 57, 58, 59, 60, 62, 64, 49, 61, 50, 63 ],
\[ 11, 19, 21, 17, 3, 9, 5, 23, 8, 31, 10, 33, 29, 6, 18, 14, 2, 1, 12, 35, 20, 43, 22, 45, 41, 15, 30, 26, 7, 4, 24, 47, 32, 55, 34, 57, 53, 27, 42, 38, 16, 13, 36, 59, 44, 62, 46, 61, 63, 39, 54, 50, 28, 25, 48, 49, 56, 52, 58, 51, 64, 60, 40, 37 ],
\[ 14, 18, 17, 26, 4, 29, 30, 5, 7, 9, 6, 11, 38, 13, 41, 42, 15, 16, 1, 19, 2, 21, 3, 23, 50, 25, 53, 54, 27, 28, 8, 31, 10, 33, 12, 35, 60, 37, 63, 64, 39, 40, 20, 43, 22, 45, 24, 47, 48, 49, 58, 56, 51, 52, 32, 55, 34, 57, 36, 59, 46, 44, 61, 62 ]:
