s := SolvableDBInitialize();

/*
Magma printing
*/

s`SolvableDBName := "64S1-64,64,16-g30-path2";
s`SolvableDBFilename := "64S1-64,64,16-g30-path2.m";
s`SolvableDBPassportName := "64S1-64,64,16-g30";
s`SolvableDBPathNumber := 2;
s`SolvableDBDegree := 64;
s`SolvableDBOrders := \[ 64, 64, 16 ];
s`SolvableDBType := "Hyperbolic";
s`SolvableDBGenus := 30;
s`SolvableDBGaloisOrbitSize := 2;
s`SolvableDBPassportSize := 8;
s`SolvableDBPointedPassportSize := 8;
s`SolvableDBLevel := 6;
s`SolvableDBBlocks := {@ PowerSet(IntegerRing()) |
{ IntegerRing() | 1, 5 },
{ IntegerRing() | 2, 10 },
{ IntegerRing() | 3, 14 },
{ IntegerRing() | 4, 18 },
{ IntegerRing() | 6, 21 },
{ IntegerRing() | 7, 22 },
{ IntegerRing() | 8, 23 },
{ IntegerRing() | 9, 28 },
{ IntegerRing() | 11, 31 },
{ IntegerRing() | 12, 32 },
{ IntegerRing() | 13, 35 },
{ IntegerRing() | 15, 37 },
{ IntegerRing() | 16, 38 },
{ IntegerRing() | 17, 41 },
{ IntegerRing() | 19, 43 },
{ IntegerRing() | 20, 44 },
{ IntegerRing() | 24, 46 },
{ IntegerRing() | 25, 47 },
{ IntegerRing() | 26, 48 },
{ IntegerRing() | 27, 52 },
{ IntegerRing() | 29, 55 },
{ IntegerRing() | 30, 56 },
{ IntegerRing() | 33, 58 },
{ IntegerRing() | 34, 59 },
{ IntegerRing() | 36, 61 },
{ IntegerRing() | 39, 62 },
{ IntegerRing() | 40, 51 },
{ IntegerRing() | 42, 54 },
{ IntegerRing() | 45, 57 },
{ IntegerRing() | 49, 60 },
{ IntegerRing() | 50, 64 },
{ IntegerRing() | 53, 63 }
@};
s`SolvableDBIsRamifiedAtEveryLevel := true;
s`SolvableDBGaloisOrbit := [ PowerSequence(PermutationGroup<64 |  
\[ 2, 3, 4, 5, 6, 7, 8, 9, 10, 11, 12, 13, 14, 15, 16, 17, 18, 19, 20, 21, 22, 23, 24, 25, 26, 27, 28, 29, 30, 31, 32, 33, 34, 35, 36, 37, 38, 39, 40, 41, 42, 43, 44, 45, 46, 47, 48, 49, 50, 51, 52, 53, 54, 55, 56, 57, 58, 59, 60, 61, 62, 63, 64, 1 ],
\[ 2, 1, 3, 4, 5, 6, 7, 8, 9, 10, 11, 12, 13, 14, 15, 16, 17, 18, 19, 20, 21, 22, 23, 24, 25, 26, 27, 28, 29, 30, 31, 32, 33, 34, 35, 36, 37, 38, 39, 40, 41, 42, 43, 44, 45, 46, 47, 48, 49, 50, 51, 52, 53, 54, 55, 56, 57, 58, 59, 60, 61, 62, 63, 64 ]:
 Order := 126886932185884164103433389335161480802865516174545192198801894375214704230400000000000000 >) |
[ PermutationGroup<64 |  
\[ 2, 3, 4, 5, 6, 7, 8, 9, 10, 11, 12, 13, 14, 15, 16, 17, 18, 19, 20, 21, 22, 23, 24, 25, 26, 27, 28, 29, 30, 31, 32, 33, 34, 35, 36, 37, 38, 39, 40, 41, 42, 43, 44, 45, 46, 47, 48, 49, 50, 51, 52, 53, 54, 55, 56, 57, 58, 59, 60, 61, 62, 63, 64, 1 ],
\[ 2, 1, 3, 4, 5, 6, 7, 8, 9, 10, 11, 12, 13, 14, 15, 16, 17, 18, 19, 20, 21, 22, 23, 24, 25, 26, 27, 28, 29, 30, 31, 32, 33, 34, 35, 36, 37, 38, 39, 40, 41, 42, 43, 44, 45, 46, 47, 48, 49, 50, 51, 52, 53, 54, 55, 56, 57, 58, 59, 60, 61, 62, 63, 64 ]:
 Order := 126886932185884164103433389335161480802865516174545192198801894375214704230400000000000000 > |
[ 2, 9, 8, 7, 10, 1, 11, 12, 27, 28, 29, 30, 16, 23, 3, 26, 20, 22, 4, 25, 5, 31, 32, 6, 33, 34, 51, 52, 53, 54, 55, 56, 50, 57, 38, 13, 14, 48, 15, 36, 44, 17, 18, 47, 19, 21, 58, 59, 24, 60, 61, 40, 62, 41, 63, 42, 43, 64, 45, 46, 35, 37, 39, 49 ],
[ 3, 8, 13, 6, 14, 15, 1, 16, 12, 23, 2, 26, 20, 35, 36, 25, 19, 21, 24, 4, 37, 5, 38, 39, 7, 33, 30, 32, 9, 34, 10, 48, 11, 50, 44, 17, 61, 47, 40, 42, 43, 45, 46, 18, 49, 62, 22, 58, 63, 29, 54, 56, 27, 57, 28, 59, 60, 31, 64, 53, 41, 51, 52, 55 ],
[ 4, 7, 6, 17, 18, 19, 20, 1, 11, 22, 25, 2, 15, 21, 24, 3, 40, 41, 42, 36, 43, 44, 5, 45, 13, 8, 29, 31, 33, 9, 47, 10, 16, 12, 37, 39, 46, 14, 49, 63, 51, 52, 54, 61, 56, 57, 35, 23, 59, 26, 53, 55, 50, 27, 58, 28, 30, 38, 32, 34, 62, 60, 64, 48 ]
],
[ PermutationGroup<64 |  
\[ 2, 3, 4, 5, 6, 7, 8, 9, 10, 11, 12, 13, 14, 15, 16, 17, 18, 19, 20, 21, 22, 23, 24, 25, 26, 27, 28, 29, 30, 31, 32, 33, 34, 35, 36, 37, 38, 39, 40, 41, 42, 43, 44, 45, 46, 47, 48, 49, 50, 51, 52, 53, 54, 55, 56, 57, 58, 59, 60, 61, 62, 63, 64, 1 ],
\[ 2, 1, 3, 4, 5, 6, 7, 8, 9, 10, 11, 12, 13, 14, 15, 16, 17, 18, 19, 20, 21, 22, 23, 24, 25, 26, 27, 28, 29, 30, 31, 32, 33, 34, 35, 36, 37, 38, 39, 40, 41, 42, 43, 44, 45, 46, 47, 48, 49, 50, 51, 52, 53, 54, 55, 56, 57, 58, 59, 60, 61, 62, 63, 64 ]:
 Order := 126886932185884164103433389335161480802865516174545192198801894375214704230400000000000000 > |
[ 2, 9, 8, 7, 10, 1, 11, 12, 27, 28, 29, 30, 16, 23, 3, 26, 20, 22, 4, 25, 5, 31, 32, 6, 33, 34, 51, 52, 53, 54, 55, 56, 50, 57, 38, 13, 14, 48, 15, 36, 44, 17, 18, 47, 19, 21, 58, 59, 24, 60, 61, 40, 62, 41, 63, 42, 43, 64, 45, 46, 35, 37, 39, 49 ],
[ 14, 23, 35, 21, 3, 37, 5, 38, 32, 8, 10, 48, 44, 13, 61, 47, 43, 6, 46, 18, 15, 1, 16, 62, 22, 58, 56, 12, 28, 59, 2, 26, 31, 64, 20, 41, 36, 25, 51, 54, 19, 57, 24, 4, 60, 39, 7, 33, 53, 55, 42, 30, 52, 45, 9, 34, 49, 11, 50, 63, 17, 40, 27, 29 ],
[ 18, 22, 21, 41, 4, 43, 44, 5, 31, 7, 47, 10, 37, 6, 46, 14, 51, 17, 54, 61, 19, 20, 1, 57, 35, 23, 55, 11, 58, 28, 25, 2, 38, 32, 15, 62, 24, 3, 60, 53, 40, 27, 42, 36, 30, 45, 13, 8, 34, 48, 63, 29, 64, 52, 33, 9, 56, 16, 12, 59, 39, 49, 50, 26 ]
]
];
s`SolvableDBPassport := [ PowerSequence(PermutationGroup<64 |  
\[ 2, 9, 8, 7, 10, 1, 11, 12, 27, 28, 29, 30, 16, 23, 3, 26, 20, 22, 4, 25, 5, 31, 32, 6, 33, 34, 51, 52, 53, 54, 55, 56, 50, 57, 38, 13, 14, 48, 15, 36, 44, 17, 18, 47, 19, 21, 58, 59, 24, 60, 61, 40, 62, 41, 63, 42, 43, 64, 45, 46, 35, 37, 39, 49 ],
\[ 14, 23, 35, 21, 3, 37, 5, 38, 32, 8, 10, 48, 44, 13, 61, 47, 43, 6, 46, 18, 15, 1, 16, 62, 22, 58, 56, 12, 28, 59, 2, 26, 31, 64, 20, 41, 36, 25, 51, 54, 19, 57, 24, 4, 60, 39, 7, 33, 53, 55, 42, 30, 52, 45, 9, 34, 49, 11, 50, 63, 17, 40, 27, 29 ],
\[ 18, 22, 21, 41, 4, 43, 44, 5, 31, 7, 47, 10, 37, 6, 46, 14, 51, 17, 54, 61, 19, 20, 1, 57, 35, 23, 55, 11, 58, 28, 25, 2, 38, 32, 15, 62, 24, 3, 60, 53, 40, 27, 42, 36, 30, 45, 13, 8, 34, 48, 63, 29, 64, 52, 33, 9, 56, 16, 12, 59, 39, 49, 50, 26 ]:
 Order := 64 >) |
[ PermutationGroup<64 |  
\[ 2, 9, 8, 7, 10, 1, 11, 12, 27, 28, 29, 30, 16, 23, 3, 26, 20, 22, 4, 25, 5, 31, 32, 6, 33, 34, 51, 52, 53, 54, 55, 56, 50, 57, 38, 13, 14, 48, 15, 36, 44, 17, 18, 47, 19, 21, 58, 59, 24, 60, 61, 40, 62, 41, 63, 42, 43, 64, 45, 46, 35, 37, 39, 49 ],
\[ 14, 23, 35, 21, 3, 37, 5, 38, 32, 8, 10, 48, 44, 13, 61, 47, 43, 6, 46, 18, 15, 1, 16, 62, 22, 58, 56, 12, 28, 59, 2, 26, 31, 64, 20, 41, 36, 25, 51, 54, 19, 57, 24, 4, 60, 39, 7, 33, 53, 55, 42, 30, 52, 45, 9, 34, 49, 11, 50, 63, 17, 40, 27, 29 ],
\[ 18, 22, 21, 41, 4, 43, 44, 5, 31, 7, 47, 10, 37, 6, 46, 14, 51, 17, 54, 61, 19, 20, 1, 57, 35, 23, 55, 11, 58, 28, 25, 2, 38, 32, 15, 62, 24, 3, 60, 53, 40, 27, 42, 36, 30, 45, 13, 8, 34, 48, 63, 29, 64, 52, 33, 9, 56, 16, 12, 59, 39, 49, 50, 26 ]:
 Order := 64 > |
[ 2, 9, 8, 7, 10, 1, 11, 12, 27, 28, 29, 30, 16, 23, 3, 26, 20, 22, 4, 25, 5, 31, 32, 6, 33, 34, 51, 52, 53, 54, 55, 56, 50, 57, 38, 13, 14, 48, 15, 36, 44, 17, 18, 47, 19, 21, 58, 59, 24, 60, 61, 40, 62, 41, 63, 42, 43, 64, 45, 46, 35, 37, 39, 49 ],
[ 43, 18, 46, 54, 19, 57, 41, 21, 22, 4, 44, 5, 62, 24, 60, 37, 27, 42, 30, 51, 45, 17, 6, 34, 61, 14, 31, 7, 47, 10, 20, 1, 35, 23, 39, 53, 49, 15, 50, 29, 52, 9, 56, 40, 12, 59, 36, 3, 26, 38, 55, 11, 58, 28, 25, 2, 32, 13, 8, 48, 63, 64, 33, 16 ],
[ 23, 32, 38, 5, 8, 14, 10, 48, 56, 12, 28, 59, 47, 16, 35, 58, 18, 1, 21, 22, 3, 2, 26, 37, 31, 64, 42, 30, 52, 45, 9, 34, 55, 49, 25, 44, 13, 33, 61, 41, 4, 43, 6, 7, 46, 15, 11, 50, 62, 63, 17, 54, 40, 19, 27, 57, 24, 29, 60, 39, 20, 36, 51, 53 ]
],
[ PermutationGroup<64 |  
\[ 2, 9, 8, 7, 10, 1, 11, 12, 27, 28, 29, 30, 16, 23, 3, 26, 20, 22, 4, 25, 5, 31, 32, 6, 33, 34, 51, 52, 53, 54, 55, 56, 50, 57, 38, 13, 14, 48, 15, 36, 44, 17, 18, 47, 19, 21, 58, 59, 24, 60, 61, 40, 62, 41, 63, 42, 43, 64, 45, 46, 35, 37, 39, 49 ],
\[ 14, 23, 35, 21, 3, 37, 5, 38, 32, 8, 10, 48, 44, 13, 61, 47, 43, 6, 46, 18, 15, 1, 16, 62, 22, 58, 56, 12, 28, 59, 2, 26, 31, 64, 20, 41, 36, 25, 51, 54, 19, 57, 24, 4, 60, 39, 7, 33, 53, 55, 42, 30, 52, 45, 9, 34, 49, 11, 50, 63, 17, 40, 27, 29 ],
\[ 18, 22, 21, 41, 4, 43, 44, 5, 31, 7, 47, 10, 37, 6, 46, 14, 51, 17, 54, 61, 19, 20, 1, 57, 35, 23, 55, 11, 58, 28, 25, 2, 38, 32, 15, 62, 24, 3, 60, 53, 40, 27, 42, 36, 30, 45, 13, 8, 34, 48, 63, 29, 64, 52, 33, 9, 56, 16, 12, 59, 39, 49, 50, 26 ]:
 Order := 64 > |
[ 2, 9, 8, 7, 10, 1, 11, 12, 27, 28, 29, 30, 16, 23, 3, 26, 20, 22, 4, 25, 5, 31, 32, 6, 33, 34, 51, 52, 53, 54, 55, 56, 50, 57, 38, 13, 14, 48, 15, 36, 44, 17, 18, 47, 19, 21, 58, 59, 24, 60, 61, 40, 62, 41, 63, 42, 43, 64, 45, 46, 35, 37, 39, 49 ],
[ 14, 23, 35, 21, 3, 37, 5, 38, 32, 8, 10, 48, 44, 13, 61, 47, 43, 6, 46, 18, 15, 1, 16, 62, 22, 58, 56, 12, 28, 59, 2, 26, 31, 64, 20, 41, 36, 25, 51, 54, 19, 57, 24, 4, 60, 39, 7, 33, 53, 55, 42, 30, 52, 45, 9, 34, 49, 11, 50, 63, 17, 40, 27, 29 ],
[ 18, 22, 21, 41, 4, 43, 44, 5, 31, 7, 47, 10, 37, 6, 46, 14, 51, 17, 54, 61, 19, 20, 1, 57, 35, 23, 55, 11, 58, 28, 25, 2, 38, 32, 15, 62, 24, 3, 60, 53, 40, 27, 42, 36, 30, 45, 13, 8, 34, 48, 63, 29, 64, 52, 33, 9, 56, 16, 12, 59, 39, 49, 50, 26 ]
],
[ PermutationGroup<64 |  
\[ 2, 9, 8, 7, 10, 1, 11, 12, 27, 28, 29, 30, 16, 23, 3, 26, 20, 22, 4, 25, 5, 31, 32, 6, 33, 34, 51, 52, 53, 54, 55, 56, 50, 57, 38, 13, 14, 48, 15, 36, 44, 17, 18, 47, 19, 21, 58, 59, 24, 60, 61, 40, 62, 41, 63, 42, 43, 64, 45, 46, 35, 37, 39, 49 ],
\[ 14, 23, 35, 21, 3, 37, 5, 38, 32, 8, 10, 48, 44, 13, 61, 47, 43, 6, 46, 18, 15, 1, 16, 62, 22, 58, 56, 12, 28, 59, 2, 26, 31, 64, 20, 41, 36, 25, 51, 54, 19, 57, 24, 4, 60, 39, 7, 33, 53, 55, 42, 30, 52, 45, 9, 34, 49, 11, 50, 63, 17, 40, 27, 29 ],
\[ 18, 22, 21, 41, 4, 43, 44, 5, 31, 7, 47, 10, 37, 6, 46, 14, 51, 17, 54, 61, 19, 20, 1, 57, 35, 23, 55, 11, 58, 28, 25, 2, 38, 32, 15, 62, 24, 3, 60, 53, 40, 27, 42, 36, 30, 45, 13, 8, 34, 48, 63, 29, 64, 52, 33, 9, 56, 16, 12, 59, 39, 49, 50, 26 ]:
 Order := 64 > |
[ 2, 9, 8, 7, 10, 1, 11, 12, 27, 28, 29, 30, 16, 23, 3, 26, 20, 22, 4, 25, 5, 31, 32, 6, 33, 34, 51, 52, 53, 54, 55, 56, 50, 57, 38, 13, 14, 48, 15, 36, 44, 17, 18, 47, 19, 21, 58, 59, 24, 60, 61, 40, 62, 41, 63, 42, 43, 64, 45, 46, 35, 37, 39, 49 ],
[ 52, 40, 56, 55, 27, 28, 63, 42, 36, 51, 39, 17, 59, 30, 32, 45, 58, 29, 31, 64, 9, 53, 54, 10, 49, 19, 13, 61, 15, 20, 62, 41, 24, 4, 34, 48, 12, 57, 23, 38, 33, 47, 11, 50, 22, 2, 60, 43, 5, 6, 16, 35, 3, 25, 37, 44, 7, 46, 18, 1, 26, 8, 14, 21 ],
[ 50, 60, 29, 26, 64, 33, 34, 53, 46, 49, 57, 62, 9, 55, 11, 27, 8, 48, 16, 12, 58, 59, 63, 25, 30, 51, 21, 24, 43, 37, 45, 39, 54, 61, 28, 2, 31, 52, 7, 1, 23, 3, 38, 32, 13, 47, 56, 40, 20, 41, 5, 6, 18, 14, 19, 15, 35, 42, 36, 44, 10, 22, 4, 17 ]
],
[ PermutationGroup<64 |  
\[ 2, 9, 8, 7, 10, 1, 11, 12, 27, 28, 29, 30, 16, 23, 3, 26, 20, 22, 4, 25, 5, 31, 32, 6, 33, 34, 51, 52, 53, 54, 55, 56, 50, 57, 38, 13, 14, 48, 15, 36, 44, 17, 18, 47, 19, 21, 58, 59, 24, 60, 61, 40, 62, 41, 63, 42, 43, 64, 45, 46, 35, 37, 39, 49 ],
\[ 14, 23, 35, 21, 3, 37, 5, 38, 32, 8, 10, 48, 44, 13, 61, 47, 43, 6, 46, 18, 15, 1, 16, 62, 22, 58, 56, 12, 28, 59, 2, 26, 31, 64, 20, 41, 36, 25, 51, 54, 19, 57, 24, 4, 60, 39, 7, 33, 53, 55, 42, 30, 52, 45, 9, 34, 49, 11, 50, 63, 17, 40, 27, 29 ],
\[ 18, 22, 21, 41, 4, 43, 44, 5, 31, 7, 47, 10, 37, 6, 46, 14, 51, 17, 54, 61, 19, 20, 1, 57, 35, 23, 55, 11, 58, 28, 25, 2, 38, 32, 15, 62, 24, 3, 60, 53, 40, 27, 42, 36, 30, 45, 13, 8, 34, 48, 63, 29, 64, 52, 33, 9, 56, 16, 12, 59, 39, 49, 50, 26 ]:
 Order := 64 > |
[ 2, 9, 8, 7, 10, 1, 11, 12, 27, 28, 29, 30, 16, 23, 3, 26, 20, 22, 4, 25, 5, 31, 32, 6, 33, 34, 51, 52, 53, 54, 55, 56, 50, 57, 38, 13, 14, 48, 15, 36, 44, 17, 18, 47, 19, 21, 58, 59, 24, 60, 61, 40, 62, 41, 63, 42, 43, 64, 45, 46, 35, 37, 39, 49 ],
[ 58, 64, 31, 38, 33, 47, 48, 55, 49, 50, 59, 63, 10, 11, 22, 28, 14, 16, 35, 23, 25, 26, 29, 44, 32, 52, 24, 60, 45, 39, 34, 53, 56, 40, 2, 5, 7, 9, 18, 21, 3, 37, 13, 8, 61, 20, 12, 27, 41, 42, 6, 46, 19, 15, 57, 62, 36, 30, 51, 17, 1, 4, 43, 54 ],
[ 51, 61, 54, 53, 40, 27, 62, 41, 35, 36, 37, 44, 57, 42, 30, 43, 50, 63, 29, 60, 52, 39, 17, 9, 46, 18, 38, 13, 14, 47, 15, 20, 21, 22, 45, 34, 56, 19, 12, 26, 64, 33, 55, 49, 11, 28, 24, 4, 2, 5, 48, 16, 23, 58, 3, 25, 31, 6, 7, 10, 59, 32, 8, 1 ]
],
[ PermutationGroup<64 |  
\[ 2, 9, 8, 7, 10, 1, 11, 12, 27, 28, 29, 30, 16, 23, 3, 26, 20, 22, 4, 25, 5, 31, 32, 6, 33, 34, 51, 52, 53, 54, 55, 56, 50, 57, 38, 13, 14, 48, 15, 36, 44, 17, 18, 47, 19, 21, 58, 59, 24, 60, 61, 40, 62, 41, 63, 42, 43, 64, 45, 46, 35, 37, 39, 49 ],
\[ 14, 23, 35, 21, 3, 37, 5, 38, 32, 8, 10, 48, 44, 13, 61, 47, 43, 6, 46, 18, 15, 1, 16, 62, 22, 58, 56, 12, 28, 59, 2, 26, 31, 64, 20, 41, 36, 25, 51, 54, 19, 57, 24, 4, 60, 39, 7, 33, 53, 55, 42, 30, 52, 45, 9, 34, 49, 11, 50, 63, 17, 40, 27, 29 ],
\[ 18, 22, 21, 41, 4, 43, 44, 5, 31, 7, 47, 10, 37, 6, 46, 14, 51, 17, 54, 61, 19, 20, 1, 57, 35, 23, 55, 11, 58, 28, 25, 2, 38, 32, 15, 62, 24, 3, 60, 53, 40, 27, 42, 36, 30, 45, 13, 8, 34, 48, 63, 29, 64, 52, 33, 9, 56, 16, 12, 59, 39, 49, 50, 26 ]:
 Order := 64 > |
[ 2, 9, 8, 7, 10, 1, 11, 12, 27, 28, 29, 30, 16, 23, 3, 26, 20, 22, 4, 25, 5, 31, 32, 6, 33, 34, 51, 52, 53, 54, 55, 56, 50, 57, 38, 13, 14, 48, 15, 36, 44, 17, 18, 47, 19, 21, 58, 59, 24, 60, 61, 40, 62, 41, 63, 42, 43, 64, 45, 46, 35, 37, 39, 49 ],
[ 19, 4, 24, 42, 43, 45, 17, 6, 7, 18, 20, 1, 39, 46, 49, 15, 52, 54, 56, 40, 57, 41, 21, 59, 36, 3, 11, 22, 25, 2, 44, 5, 13, 8, 62, 63, 60, 37, 64, 55, 27, 28, 30, 51, 32, 34, 61, 14, 48, 16, 29, 31, 33, 9, 47, 10, 12, 35, 23, 26, 53, 50, 58, 38 ],
[ 8, 12, 16, 1, 23, 3, 2, 26, 30, 32, 9, 34, 25, 38, 13, 33, 4, 5, 6, 7, 14, 10, 48, 15, 11, 50, 54, 56, 27, 57, 28, 59, 29, 60, 47, 20, 35, 58, 36, 17, 18, 19, 21, 22, 24, 37, 31, 64, 39, 53, 41, 42, 51, 43, 52, 45, 46, 55, 49, 62, 44, 61, 40, 63 ]
],
[ PermutationGroup<64 |  
\[ 2, 9, 8, 7, 10, 1, 11, 12, 27, 28, 29, 30, 16, 23, 3, 26, 20, 22, 4, 25, 5, 31, 32, 6, 33, 34, 51, 52, 53, 54, 55, 56, 50, 57, 38, 13, 14, 48, 15, 36, 44, 17, 18, 47, 19, 21, 58, 59, 24, 60, 61, 40, 62, 41, 63, 42, 43, 64, 45, 46, 35, 37, 39, 49 ],
\[ 14, 23, 35, 21, 3, 37, 5, 38, 32, 8, 10, 48, 44, 13, 61, 47, 43, 6, 46, 18, 15, 1, 16, 62, 22, 58, 56, 12, 28, 59, 2, 26, 31, 64, 20, 41, 36, 25, 51, 54, 19, 57, 24, 4, 60, 39, 7, 33, 53, 55, 42, 30, 52, 45, 9, 34, 49, 11, 50, 63, 17, 40, 27, 29 ],
\[ 18, 22, 21, 41, 4, 43, 44, 5, 31, 7, 47, 10, 37, 6, 46, 14, 51, 17, 54, 61, 19, 20, 1, 57, 35, 23, 55, 11, 58, 28, 25, 2, 38, 32, 15, 62, 24, 3, 60, 53, 40, 27, 42, 36, 30, 45, 13, 8, 34, 48, 63, 29, 64, 52, 33, 9, 56, 16, 12, 59, 39, 49, 50, 26 ]:
 Order := 64 > |
[ 2, 9, 8, 7, 10, 1, 11, 12, 27, 28, 29, 30, 16, 23, 3, 26, 20, 22, 4, 25, 5, 31, 32, 6, 33, 34, 51, 52, 53, 54, 55, 56, 50, 57, 38, 13, 14, 48, 15, 36, 44, 17, 18, 47, 19, 21, 58, 59, 24, 60, 61, 40, 62, 41, 63, 42, 43, 64, 45, 46, 35, 37, 39, 49 ],
[ 33, 50, 11, 16, 58, 25, 26, 29, 60, 64, 34, 53, 2, 31, 7, 9, 3, 38, 13, 8, 47, 48, 55, 20, 12, 27, 46, 49, 57, 62, 59, 63, 30, 51, 10, 1, 22, 28, 4, 6, 14, 15, 35, 23, 36, 44, 32, 52, 17, 54, 21, 24, 43, 37, 45, 39, 61, 56, 40, 41, 5, 18, 19, 42 ],
[ 40, 36, 42, 63, 51, 52, 39, 17, 13, 61, 15, 20, 45, 54, 56, 19, 64, 53, 55, 49, 27, 62, 41, 28, 24, 4, 16, 35, 3, 25, 37, 44, 6, 7, 57, 59, 30, 43, 32, 48, 50, 58, 29, 60, 31, 9, 46, 18, 10, 1, 26, 38, 8, 33, 14, 47, 11, 21, 22, 2, 34, 12, 23, 5 ]
],
[ PermutationGroup<64 |  
\[ 2, 9, 8, 7, 10, 1, 11, 12, 27, 28, 29, 30, 16, 23, 3, 26, 20, 22, 4, 25, 5, 31, 32, 6, 33, 34, 51, 52, 53, 54, 55, 56, 50, 57, 38, 13, 14, 48, 15, 36, 44, 17, 18, 47, 19, 21, 58, 59, 24, 60, 61, 40, 62, 41, 63, 42, 43, 64, 45, 46, 35, 37, 39, 49 ],
\[ 14, 23, 35, 21, 3, 37, 5, 38, 32, 8, 10, 48, 44, 13, 61, 47, 43, 6, 46, 18, 15, 1, 16, 62, 22, 58, 56, 12, 28, 59, 2, 26, 31, 64, 20, 41, 36, 25, 51, 54, 19, 57, 24, 4, 60, 39, 7, 33, 53, 55, 42, 30, 52, 45, 9, 34, 49, 11, 50, 63, 17, 40, 27, 29 ],
\[ 18, 22, 21, 41, 4, 43, 44, 5, 31, 7, 47, 10, 37, 6, 46, 14, 51, 17, 54, 61, 19, 20, 1, 57, 35, 23, 55, 11, 58, 28, 25, 2, 38, 32, 15, 62, 24, 3, 60, 53, 40, 27, 42, 36, 30, 45, 13, 8, 34, 48, 63, 29, 64, 52, 33, 9, 56, 16, 12, 59, 39, 49, 50, 26 ]:
 Order := 64 > |
[ 2, 9, 8, 7, 10, 1, 11, 12, 27, 28, 29, 30, 16, 23, 3, 26, 20, 22, 4, 25, 5, 31, 32, 6, 33, 34, 51, 52, 53, 54, 55, 56, 50, 57, 38, 13, 14, 48, 15, 36, 44, 17, 18, 47, 19, 21, 58, 59, 24, 60, 61, 40, 62, 41, 63, 42, 43, 64, 45, 46, 35, 37, 39, 49 ],
[ 3, 8, 13, 6, 14, 15, 1, 16, 12, 23, 2, 26, 20, 35, 36, 25, 19, 21, 24, 4, 37, 5, 38, 39, 7, 33, 30, 32, 9, 34, 10, 48, 11, 50, 44, 17, 61, 47, 40, 42, 43, 45, 46, 18, 49, 62, 22, 58, 63, 29, 54, 56, 27, 57, 28, 59, 60, 31, 64, 53, 41, 51, 52, 55 ],
[ 4, 7, 6, 17, 18, 19, 20, 1, 11, 22, 25, 2, 15, 21, 24, 3, 40, 41, 42, 36, 43, 44, 5, 45, 13, 8, 29, 31, 33, 9, 47, 10, 16, 12, 37, 39, 46, 14, 49, 63, 51, 52, 54, 61, 56, 57, 35, 23, 59, 26, 53, 55, 50, 27, 58, 28, 30, 38, 32, 34, 62, 60, 64, 48 ]
],
[ PermutationGroup<64 |  
\[ 2, 9, 8, 7, 10, 1, 11, 12, 27, 28, 29, 30, 16, 23, 3, 26, 20, 22, 4, 25, 5, 31, 32, 6, 33, 34, 51, 52, 53, 54, 55, 56, 50, 57, 38, 13, 14, 48, 15, 36, 44, 17, 18, 47, 19, 21, 58, 59, 24, 60, 61, 40, 62, 41, 63, 42, 43, 64, 45, 46, 35, 37, 39, 49 ],
\[ 14, 23, 35, 21, 3, 37, 5, 38, 32, 8, 10, 48, 44, 13, 61, 47, 43, 6, 46, 18, 15, 1, 16, 62, 22, 58, 56, 12, 28, 59, 2, 26, 31, 64, 20, 41, 36, 25, 51, 54, 19, 57, 24, 4, 60, 39, 7, 33, 53, 55, 42, 30, 52, 45, 9, 34, 49, 11, 50, 63, 17, 40, 27, 29 ],
\[ 18, 22, 21, 41, 4, 43, 44, 5, 31, 7, 47, 10, 37, 6, 46, 14, 51, 17, 54, 61, 19, 20, 1, 57, 35, 23, 55, 11, 58, 28, 25, 2, 38, 32, 15, 62, 24, 3, 60, 53, 40, 27, 42, 36, 30, 45, 13, 8, 34, 48, 63, 29, 64, 52, 33, 9, 56, 16, 12, 59, 39, 49, 50, 26 ]:
 Order := 64 > |
[ 2, 9, 8, 7, 10, 1, 11, 12, 27, 28, 29, 30, 16, 23, 3, 26, 20, 22, 4, 25, 5, 31, 32, 6, 33, 34, 51, 52, 53, 54, 55, 56, 50, 57, 38, 13, 14, 48, 15, 36, 44, 17, 18, 47, 19, 21, 58, 59, 24, 60, 61, 40, 62, 41, 63, 42, 43, 64, 45, 46, 35, 37, 39, 49 ],
[ 27, 51, 30, 29, 52, 9, 53, 54, 61, 40, 62, 41, 34, 56, 12, 57, 33, 55, 11, 50, 28, 63, 42, 2, 60, 43, 35, 36, 37, 44, 39, 17, 46, 18, 59, 26, 32, 45, 8, 16, 58, 25, 31, 64, 7, 10, 49, 19, 1, 21, 38, 13, 14, 47, 15, 20, 22, 24, 4, 5, 48, 23, 3, 6 ],
[ 64, 49, 55, 48, 50, 58, 59, 63, 24, 60, 45, 39, 28, 29, 31, 52, 23, 26, 38, 32, 33, 34, 53, 47, 56, 40, 6, 46, 19, 15, 57, 62, 42, 36, 9, 10, 11, 27, 22, 5, 8, 14, 16, 12, 35, 25, 30, 51, 44, 17, 1, 21, 4, 3, 43, 37, 13, 54, 61, 20, 2, 7, 18, 41 ]
]
];
s`SolvableDBPointedPassport := [ PowerSequence(PermutationGroup<64 |  
\[ 2, 3, 4, 5, 6, 7, 8, 9, 10, 11, 12, 13, 14, 15, 16, 17, 18, 19, 20, 21, 22, 23, 24, 25, 26, 27, 28, 29, 30, 31, 32, 33, 34, 35, 36, 37, 38, 39, 40, 41, 42, 43, 44, 45, 46, 47, 48, 49, 50, 51, 52, 53, 54, 55, 56, 57, 58, 59, 60, 61, 62, 63, 64, 1 ],
\[ 2, 1, 3, 4, 5, 6, 7, 8, 9, 10, 11, 12, 13, 14, 15, 16, 17, 18, 19, 20, 21, 22, 23, 24, 25, 26, 27, 28, 29, 30, 31, 32, 33, 34, 35, 36, 37, 38, 39, 40, 41, 42, 43, 44, 45, 46, 47, 48, 49, 50, 51, 52, 53, 54, 55, 56, 57, 58, 59, 60, 61, 62, 63, 64 ]:
 Order := 126886932185884164103433389335161480802865516174545192198801894375214704230400000000000000 >) |
[ PermutationGroup<64 |  
\[ 2, 3, 4, 5, 6, 7, 8, 9, 10, 11, 12, 13, 14, 15, 16, 17, 18, 19, 20, 21, 22, 23, 24, 25, 26, 27, 28, 29, 30, 31, 32, 33, 34, 35, 36, 37, 38, 39, 40, 41, 42, 43, 44, 45, 46, 47, 48, 49, 50, 51, 52, 53, 54, 55, 56, 57, 58, 59, 60, 61, 62, 63, 64, 1 ],
\[ 2, 1, 3, 4, 5, 6, 7, 8, 9, 10, 11, 12, 13, 14, 15, 16, 17, 18, 19, 20, 21, 22, 23, 24, 25, 26, 27, 28, 29, 30, 31, 32, 33, 34, 35, 36, 37, 38, 39, 40, 41, 42, 43, 44, 45, 46, 47, 48, 49, 50, 51, 52, 53, 54, 55, 56, 57, 58, 59, 60, 61, 62, 63, 64 ]:
 Order := 126886932185884164103433389335161480802865516174545192198801894375214704230400000000000000 > |
[ 2, 9, 8, 7, 10, 1, 11, 12, 27, 28, 29, 30, 16, 23, 3, 26, 20, 22, 4, 25, 5, 31, 32, 6, 33, 34, 51, 52, 53, 54, 55, 56, 50, 57, 38, 13, 14, 48, 15, 36, 44, 17, 18, 47, 19, 21, 58, 59, 24, 60, 61, 40, 62, 41, 63, 42, 43, 64, 45, 46, 35, 37, 39, 49 ],
[ 43, 18, 46, 54, 19, 57, 41, 21, 22, 4, 44, 5, 62, 24, 60, 37, 27, 42, 30, 51, 45, 17, 6, 34, 61, 14, 31, 7, 47, 10, 20, 1, 35, 23, 39, 53, 49, 15, 50, 29, 52, 9, 56, 40, 12, 59, 36, 3, 26, 38, 55, 11, 58, 28, 25, 2, 32, 13, 8, 48, 63, 64, 33, 16 ],
[ 23, 32, 38, 5, 8, 14, 10, 48, 56, 12, 28, 59, 47, 16, 35, 58, 18, 1, 21, 22, 3, 2, 26, 37, 31, 64, 42, 30, 52, 45, 9, 34, 55, 49, 25, 44, 13, 33, 61, 41, 4, 43, 6, 7, 46, 15, 11, 50, 62, 63, 17, 54, 40, 19, 27, 57, 24, 29, 60, 39, 20, 36, 51, 53 ]
],
[ PermutationGroup<64 |  
\[ 2, 3, 4, 5, 6, 7, 8, 9, 10, 11, 12, 13, 14, 15, 16, 17, 18, 19, 20, 21, 22, 23, 24, 25, 26, 27, 28, 29, 30, 31, 32, 33, 34, 35, 36, 37, 38, 39, 40, 41, 42, 43, 44, 45, 46, 47, 48, 49, 50, 51, 52, 53, 54, 55, 56, 57, 58, 59, 60, 61, 62, 63, 64, 1 ],
\[ 2, 1, 3, 4, 5, 6, 7, 8, 9, 10, 11, 12, 13, 14, 15, 16, 17, 18, 19, 20, 21, 22, 23, 24, 25, 26, 27, 28, 29, 30, 31, 32, 33, 34, 35, 36, 37, 38, 39, 40, 41, 42, 43, 44, 45, 46, 47, 48, 49, 50, 51, 52, 53, 54, 55, 56, 57, 58, 59, 60, 61, 62, 63, 64 ]:
 Order := 126886932185884164103433389335161480802865516174545192198801894375214704230400000000000000 > |
[ 2, 9, 8, 7, 10, 1, 11, 12, 27, 28, 29, 30, 16, 23, 3, 26, 20, 22, 4, 25, 5, 31, 32, 6, 33, 34, 51, 52, 53, 54, 55, 56, 50, 57, 38, 13, 14, 48, 15, 36, 44, 17, 18, 47, 19, 21, 58, 59, 24, 60, 61, 40, 62, 41, 63, 42, 43, 64, 45, 46, 35, 37, 39, 49 ],
[ 14, 23, 35, 21, 3, 37, 5, 38, 32, 8, 10, 48, 44, 13, 61, 47, 43, 6, 46, 18, 15, 1, 16, 62, 22, 58, 56, 12, 28, 59, 2, 26, 31, 64, 20, 41, 36, 25, 51, 54, 19, 57, 24, 4, 60, 39, 7, 33, 53, 55, 42, 30, 52, 45, 9, 34, 49, 11, 50, 63, 17, 40, 27, 29 ],
[ 18, 22, 21, 41, 4, 43, 44, 5, 31, 7, 47, 10, 37, 6, 46, 14, 51, 17, 54, 61, 19, 20, 1, 57, 35, 23, 55, 11, 58, 28, 25, 2, 38, 32, 15, 62, 24, 3, 60, 53, 40, 27, 42, 36, 30, 45, 13, 8, 34, 48, 63, 29, 64, 52, 33, 9, 56, 16, 12, 59, 39, 49, 50, 26 ]
],
[ PermutationGroup<64 |  
\[ 2, 3, 4, 5, 6, 7, 8, 9, 10, 11, 12, 13, 14, 15, 16, 17, 18, 19, 20, 21, 22, 23, 24, 25, 26, 27, 28, 29, 30, 31, 32, 33, 34, 35, 36, 37, 38, 39, 40, 41, 42, 43, 44, 45, 46, 47, 48, 49, 50, 51, 52, 53, 54, 55, 56, 57, 58, 59, 60, 61, 62, 63, 64, 1 ],
\[ 2, 1, 3, 4, 5, 6, 7, 8, 9, 10, 11, 12, 13, 14, 15, 16, 17, 18, 19, 20, 21, 22, 23, 24, 25, 26, 27, 28, 29, 30, 31, 32, 33, 34, 35, 36, 37, 38, 39, 40, 41, 42, 43, 44, 45, 46, 47, 48, 49, 50, 51, 52, 53, 54, 55, 56, 57, 58, 59, 60, 61, 62, 63, 64 ]:
 Order := 126886932185884164103433389335161480802865516174545192198801894375214704230400000000000000 > |
[ 2, 9, 8, 7, 10, 1, 11, 12, 27, 28, 29, 30, 16, 23, 3, 26, 20, 22, 4, 25, 5, 31, 32, 6, 33, 34, 51, 52, 53, 54, 55, 56, 50, 57, 38, 13, 14, 48, 15, 36, 44, 17, 18, 47, 19, 21, 58, 59, 24, 60, 61, 40, 62, 41, 63, 42, 43, 64, 45, 46, 35, 37, 39, 49 ],
[ 52, 40, 56, 55, 27, 28, 63, 42, 36, 51, 39, 17, 59, 30, 32, 45, 58, 29, 31, 64, 9, 53, 54, 10, 49, 19, 13, 61, 15, 20, 62, 41, 24, 4, 34, 48, 12, 57, 23, 38, 33, 47, 11, 50, 22, 2, 60, 43, 5, 6, 16, 35, 3, 25, 37, 44, 7, 46, 18, 1, 26, 8, 14, 21 ],
[ 50, 60, 29, 26, 64, 33, 34, 53, 46, 49, 57, 62, 9, 55, 11, 27, 8, 48, 16, 12, 58, 59, 63, 25, 30, 51, 21, 24, 43, 37, 45, 39, 54, 61, 28, 2, 31, 52, 7, 1, 23, 3, 38, 32, 13, 47, 56, 40, 20, 41, 5, 6, 18, 14, 19, 15, 35, 42, 36, 44, 10, 22, 4, 17 ]
],
[ PermutationGroup<64 |  
\[ 2, 3, 4, 5, 6, 7, 8, 9, 10, 11, 12, 13, 14, 15, 16, 17, 18, 19, 20, 21, 22, 23, 24, 25, 26, 27, 28, 29, 30, 31, 32, 33, 34, 35, 36, 37, 38, 39, 40, 41, 42, 43, 44, 45, 46, 47, 48, 49, 50, 51, 52, 53, 54, 55, 56, 57, 58, 59, 60, 61, 62, 63, 64, 1 ],
\[ 2, 1, 3, 4, 5, 6, 7, 8, 9, 10, 11, 12, 13, 14, 15, 16, 17, 18, 19, 20, 21, 22, 23, 24, 25, 26, 27, 28, 29, 30, 31, 32, 33, 34, 35, 36, 37, 38, 39, 40, 41, 42, 43, 44, 45, 46, 47, 48, 49, 50, 51, 52, 53, 54, 55, 56, 57, 58, 59, 60, 61, 62, 63, 64 ]:
 Order := 126886932185884164103433389335161480802865516174545192198801894375214704230400000000000000 > |
[ 2, 9, 8, 7, 10, 1, 11, 12, 27, 28, 29, 30, 16, 23, 3, 26, 20, 22, 4, 25, 5, 31, 32, 6, 33, 34, 51, 52, 53, 54, 55, 56, 50, 57, 38, 13, 14, 48, 15, 36, 44, 17, 18, 47, 19, 21, 58, 59, 24, 60, 61, 40, 62, 41, 63, 42, 43, 64, 45, 46, 35, 37, 39, 49 ],
[ 58, 64, 31, 38, 33, 47, 48, 55, 49, 50, 59, 63, 10, 11, 22, 28, 14, 16, 35, 23, 25, 26, 29, 44, 32, 52, 24, 60, 45, 39, 34, 53, 56, 40, 2, 5, 7, 9, 18, 21, 3, 37, 13, 8, 61, 20, 12, 27, 41, 42, 6, 46, 19, 15, 57, 62, 36, 30, 51, 17, 1, 4, 43, 54 ],
[ 51, 61, 54, 53, 40, 27, 62, 41, 35, 36, 37, 44, 57, 42, 30, 43, 50, 63, 29, 60, 52, 39, 17, 9, 46, 18, 38, 13, 14, 47, 15, 20, 21, 22, 45, 34, 56, 19, 12, 26, 64, 33, 55, 49, 11, 28, 24, 4, 2, 5, 48, 16, 23, 58, 3, 25, 31, 6, 7, 10, 59, 32, 8, 1 ]
],
[ PermutationGroup<64 |  
\[ 2, 3, 4, 5, 6, 7, 8, 9, 10, 11, 12, 13, 14, 15, 16, 17, 18, 19, 20, 21, 22, 23, 24, 25, 26, 27, 28, 29, 30, 31, 32, 33, 34, 35, 36, 37, 38, 39, 40, 41, 42, 43, 44, 45, 46, 47, 48, 49, 50, 51, 52, 53, 54, 55, 56, 57, 58, 59, 60, 61, 62, 63, 64, 1 ],
\[ 2, 1, 3, 4, 5, 6, 7, 8, 9, 10, 11, 12, 13, 14, 15, 16, 17, 18, 19, 20, 21, 22, 23, 24, 25, 26, 27, 28, 29, 30, 31, 32, 33, 34, 35, 36, 37, 38, 39, 40, 41, 42, 43, 44, 45, 46, 47, 48, 49, 50, 51, 52, 53, 54, 55, 56, 57, 58, 59, 60, 61, 62, 63, 64 ]:
 Order := 126886932185884164103433389335161480802865516174545192198801894375214704230400000000000000 > |
[ 2, 9, 8, 7, 10, 1, 11, 12, 27, 28, 29, 30, 16, 23, 3, 26, 20, 22, 4, 25, 5, 31, 32, 6, 33, 34, 51, 52, 53, 54, 55, 56, 50, 57, 38, 13, 14, 48, 15, 36, 44, 17, 18, 47, 19, 21, 58, 59, 24, 60, 61, 40, 62, 41, 63, 42, 43, 64, 45, 46, 35, 37, 39, 49 ],
[ 19, 4, 24, 42, 43, 45, 17, 6, 7, 18, 20, 1, 39, 46, 49, 15, 52, 54, 56, 40, 57, 41, 21, 59, 36, 3, 11, 22, 25, 2, 44, 5, 13, 8, 62, 63, 60, 37, 64, 55, 27, 28, 30, 51, 32, 34, 61, 14, 48, 16, 29, 31, 33, 9, 47, 10, 12, 35, 23, 26, 53, 50, 58, 38 ],
[ 8, 12, 16, 1, 23, 3, 2, 26, 30, 32, 9, 34, 25, 38, 13, 33, 4, 5, 6, 7, 14, 10, 48, 15, 11, 50, 54, 56, 27, 57, 28, 59, 29, 60, 47, 20, 35, 58, 36, 17, 18, 19, 21, 22, 24, 37, 31, 64, 39, 53, 41, 42, 51, 43, 52, 45, 46, 55, 49, 62, 44, 61, 40, 63 ]
],
[ PermutationGroup<64 |  
\[ 2, 3, 4, 5, 6, 7, 8, 9, 10, 11, 12, 13, 14, 15, 16, 17, 18, 19, 20, 21, 22, 23, 24, 25, 26, 27, 28, 29, 30, 31, 32, 33, 34, 35, 36, 37, 38, 39, 40, 41, 42, 43, 44, 45, 46, 47, 48, 49, 50, 51, 52, 53, 54, 55, 56, 57, 58, 59, 60, 61, 62, 63, 64, 1 ],
\[ 2, 1, 3, 4, 5, 6, 7, 8, 9, 10, 11, 12, 13, 14, 15, 16, 17, 18, 19, 20, 21, 22, 23, 24, 25, 26, 27, 28, 29, 30, 31, 32, 33, 34, 35, 36, 37, 38, 39, 40, 41, 42, 43, 44, 45, 46, 47, 48, 49, 50, 51, 52, 53, 54, 55, 56, 57, 58, 59, 60, 61, 62, 63, 64 ]:
 Order := 126886932185884164103433389335161480802865516174545192198801894375214704230400000000000000 > |
[ 2, 9, 8, 7, 10, 1, 11, 12, 27, 28, 29, 30, 16, 23, 3, 26, 20, 22, 4, 25, 5, 31, 32, 6, 33, 34, 51, 52, 53, 54, 55, 56, 50, 57, 38, 13, 14, 48, 15, 36, 44, 17, 18, 47, 19, 21, 58, 59, 24, 60, 61, 40, 62, 41, 63, 42, 43, 64, 45, 46, 35, 37, 39, 49 ],
[ 33, 50, 11, 16, 58, 25, 26, 29, 60, 64, 34, 53, 2, 31, 7, 9, 3, 38, 13, 8, 47, 48, 55, 20, 12, 27, 46, 49, 57, 62, 59, 63, 30, 51, 10, 1, 22, 28, 4, 6, 14, 15, 35, 23, 36, 44, 32, 52, 17, 54, 21, 24, 43, 37, 45, 39, 61, 56, 40, 41, 5, 18, 19, 42 ],
[ 40, 36, 42, 63, 51, 52, 39, 17, 13, 61, 15, 20, 45, 54, 56, 19, 64, 53, 55, 49, 27, 62, 41, 28, 24, 4, 16, 35, 3, 25, 37, 44, 6, 7, 57, 59, 30, 43, 32, 48, 50, 58, 29, 60, 31, 9, 46, 18, 10, 1, 26, 38, 8, 33, 14, 47, 11, 21, 22, 2, 34, 12, 23, 5 ]
],
[ PermutationGroup<64 |  
\[ 2, 3, 4, 5, 6, 7, 8, 9, 10, 11, 12, 13, 14, 15, 16, 17, 18, 19, 20, 21, 22, 23, 24, 25, 26, 27, 28, 29, 30, 31, 32, 33, 34, 35, 36, 37, 38, 39, 40, 41, 42, 43, 44, 45, 46, 47, 48, 49, 50, 51, 52, 53, 54, 55, 56, 57, 58, 59, 60, 61, 62, 63, 64, 1 ],
\[ 2, 1, 3, 4, 5, 6, 7, 8, 9, 10, 11, 12, 13, 14, 15, 16, 17, 18, 19, 20, 21, 22, 23, 24, 25, 26, 27, 28, 29, 30, 31, 32, 33, 34, 35, 36, 37, 38, 39, 40, 41, 42, 43, 44, 45, 46, 47, 48, 49, 50, 51, 52, 53, 54, 55, 56, 57, 58, 59, 60, 61, 62, 63, 64 ]:
 Order := 126886932185884164103433389335161480802865516174545192198801894375214704230400000000000000 > |
[ 2, 9, 8, 7, 10, 1, 11, 12, 27, 28, 29, 30, 16, 23, 3, 26, 20, 22, 4, 25, 5, 31, 32, 6, 33, 34, 51, 52, 53, 54, 55, 56, 50, 57, 38, 13, 14, 48, 15, 36, 44, 17, 18, 47, 19, 21, 58, 59, 24, 60, 61, 40, 62, 41, 63, 42, 43, 64, 45, 46, 35, 37, 39, 49 ],
[ 3, 8, 13, 6, 14, 15, 1, 16, 12, 23, 2, 26, 20, 35, 36, 25, 19, 21, 24, 4, 37, 5, 38, 39, 7, 33, 30, 32, 9, 34, 10, 48, 11, 50, 44, 17, 61, 47, 40, 42, 43, 45, 46, 18, 49, 62, 22, 58, 63, 29, 54, 56, 27, 57, 28, 59, 60, 31, 64, 53, 41, 51, 52, 55 ],
[ 4, 7, 6, 17, 18, 19, 20, 1, 11, 22, 25, 2, 15, 21, 24, 3, 40, 41, 42, 36, 43, 44, 5, 45, 13, 8, 29, 31, 33, 9, 47, 10, 16, 12, 37, 39, 46, 14, 49, 63, 51, 52, 54, 61, 56, 57, 35, 23, 59, 26, 53, 55, 50, 27, 58, 28, 30, 38, 32, 34, 62, 60, 64, 48 ]
],
[ PermutationGroup<64 |  
\[ 2, 3, 4, 5, 6, 7, 8, 9, 10, 11, 12, 13, 14, 15, 16, 17, 18, 19, 20, 21, 22, 23, 24, 25, 26, 27, 28, 29, 30, 31, 32, 33, 34, 35, 36, 37, 38, 39, 40, 41, 42, 43, 44, 45, 46, 47, 48, 49, 50, 51, 52, 53, 54, 55, 56, 57, 58, 59, 60, 61, 62, 63, 64, 1 ],
\[ 2, 1, 3, 4, 5, 6, 7, 8, 9, 10, 11, 12, 13, 14, 15, 16, 17, 18, 19, 20, 21, 22, 23, 24, 25, 26, 27, 28, 29, 30, 31, 32, 33, 34, 35, 36, 37, 38, 39, 40, 41, 42, 43, 44, 45, 46, 47, 48, 49, 50, 51, 52, 53, 54, 55, 56, 57, 58, 59, 60, 61, 62, 63, 64 ]:
 Order := 126886932185884164103433389335161480802865516174545192198801894375214704230400000000000000 > |
[ 2, 9, 8, 7, 10, 1, 11, 12, 27, 28, 29, 30, 16, 23, 3, 26, 20, 22, 4, 25, 5, 31, 32, 6, 33, 34, 51, 52, 53, 54, 55, 56, 50, 57, 38, 13, 14, 48, 15, 36, 44, 17, 18, 47, 19, 21, 58, 59, 24, 60, 61, 40, 62, 41, 63, 42, 43, 64, 45, 46, 35, 37, 39, 49 ],
[ 27, 51, 30, 29, 52, 9, 53, 54, 61, 40, 62, 41, 34, 56, 12, 57, 33, 55, 11, 50, 28, 63, 42, 2, 60, 43, 35, 36, 37, 44, 39, 17, 46, 18, 59, 26, 32, 45, 8, 16, 58, 25, 31, 64, 7, 10, 49, 19, 1, 21, 38, 13, 14, 47, 15, 20, 22, 24, 4, 5, 48, 23, 3, 6 ],
[ 64, 49, 55, 48, 50, 58, 59, 63, 24, 60, 45, 39, 28, 29, 31, 52, 23, 26, 38, 32, 33, 34, 53, 47, 56, 40, 6, 46, 19, 15, 57, 62, 42, 36, 9, 10, 11, 27, 22, 5, 8, 14, 16, 12, 35, 25, 30, 51, 44, 17, 1, 21, 4, 3, 43, 37, 13, 54, 61, 20, 2, 7, 18, 41 ]
]
];
s`SolvableDBMonodromyGroup := PermutationGroup<64 |  
\[ 2, 9, 8, 7, 10, 1, 11, 12, 27, 28, 29, 30, 16, 23, 3, 26, 20, 22, 4, 25, 5, 31, 32, 6, 33, 34, 51, 52, 53, 54, 55, 56, 50, 57, 38, 13, 14, 48, 15, 36, 44, 17, 18, 47, 19, 21, 58, 59, 24, 60, 61, 40, 62, 41, 63, 42, 43, 64, 45, 46, 35, 37, 39, 49 ],
\[ 3, 8, 13, 6, 14, 15, 1, 16, 12, 23, 2, 26, 20, 35, 36, 25, 19, 21, 24, 4, 37, 5, 38, 39, 7, 33, 30, 32, 9, 34, 10, 48, 11, 50, 44, 17, 61, 47, 40, 42, 43, 45, 46, 18, 49, 62, 22, 58, 63, 29, 54, 56, 27, 57, 28, 59, 60, 31, 64, 53, 41, 51, 52, 55 ],
\[ 4, 7, 6, 17, 18, 19, 20, 1, 11, 22, 25, 2, 15, 21, 24, 3, 40, 41, 42, 36, 43, 44, 5, 45, 13, 8, 29, 31, 33, 9, 47, 10, 16, 12, 37, 39, 46, 14, 49, 63, 51, 52, 54, 61, 56, 57, 35, 23, 59, 26, 53, 55, 50, 27, 58, 28, 30, 38, 32, 34, 62, 60, 64, 48 ] >;
s`SolvableDBAutomorphismGroup := PermutationGroup<64 |  
\[ 2, 9, 8, 7, 10, 1, 11, 12, 27, 28, 29, 30, 16, 23, 3, 26, 20, 22, 4, 25, 5, 31, 32, 6, 33, 34, 51, 52, 53, 54, 55, 56, 50, 57, 38, 13, 14, 48, 15, 36, 44, 17, 18, 47, 19, 21, 58, 59, 24, 60, 61, 40, 62, 41, 63, 42, 43, 64, 45, 46, 35, 37, 39, 49 ],
\[ 19, 4, 24, 42, 43, 45, 17, 6, 7, 18, 20, 1, 39, 46, 49, 15, 52, 54, 56, 40, 57, 41, 21, 59, 36, 3, 11, 22, 25, 2, 44, 5, 13, 8, 62, 63, 60, 37, 64, 55, 27, 28, 30, 51, 32, 34, 61, 14, 48, 16, 29, 31, 33, 9, 47, 10, 12, 35, 23, 26, 53, 50, 58, 38 ]:
 Order := 64 >;
s`SolvableDBPointedAutomorphismGroup := PermutationGroup<64 |  
\[ 2, 9, 8, 7, 10, 1, 11, 12, 27, 28, 29, 30, 16, 23, 3, 26, 20, 22, 4, 25, 5, 31, 32, 6, 33, 34, 51, 52, 53, 54, 55, 56, 50, 57, 38, 13, 14, 48, 15, 36, 44, 17, 18, 47, 19, 21, 58, 59, 24, 60, 61, 40, 62, 41, 63, 42, 43, 64, 45, 46, 35, 37, 39, 49 ],
\[ 19, 4, 24, 42, 43, 45, 17, 6, 7, 18, 20, 1, 39, 46, 49, 15, 52, 54, 56, 40, 57, 41, 21, 59, 36, 3, 11, 22, 25, 2, 44, 5, 13, 8, 62, 63, 60, 37, 64, 55, 27, 28, 30, 51, 32, 34, 61, 14, 48, 16, 29, 31, 33, 9, 47, 10, 12, 35, 23, 26, 53, 50, 58, 38 ]:
 Order := 64 >;
s`SolvableDBPathToPP1 := [ Strings() | "PP1", "2T1-2,2,1-g0-path1", "4T1-4,4,1-g0-path1", "8T1-8,8,2-g2-path1", "16T1-16,16,4-g6-path1", "32S1-32,32,8-g14-path2", "64S1-64,64,16-g30-path2" ];
s`SolvableDBChild := "32S1-32,32,8-g14-path2";

/*
Return for eval
*/

return s;
