s := SolvableDBInitialize();

/*
Magma printing
*/

s`SolvableDBName := "64S1-32,64,64-g31-path2-notcomputed";
s`SolvableDBFilename := "64S1-32,64,64-g31-path2-notcomputed.m";
s`SolvableDBPassportName := "64S1-32,64,64-g31";
s`SolvableDBPathNumber := 2;
s`SolvableDBDegree := 64;
s`SolvableDBOrders := \[ 32, 64, 64 ];
s`SolvableDBType := "Hyperbolic";
s`SolvableDBGenus := 31;
s`SolvableDBGaloisOrbitSize := 2;
s`SolvableDBPassportSize := 16;
s`SolvableDBPointedPassportSize := 16;
s`SolvableDBLevel := 6;
s`SolvableDBBlocks := {@ PowerSet(IntegerRing()) |
{ IntegerRing() | 1, 5 },
{ IntegerRing() | 2, 10 },
{ IntegerRing() | 3, 14 },
{ IntegerRing() | 4, 18 },
{ IntegerRing() | 6, 21 },
{ IntegerRing() | 7, 22 },
{ IntegerRing() | 8, 23 },
{ IntegerRing() | 9, 28 },
{ IntegerRing() | 11, 31 },
{ IntegerRing() | 12, 32 },
{ IntegerRing() | 13, 17 },
{ IntegerRing() | 15, 37 },
{ IntegerRing() | 16, 20 },
{ IntegerRing() | 19, 35 },
{ IntegerRing() | 24, 41 },
{ IntegerRing() | 25, 26 },
{ IntegerRing() | 27, 44 },
{ IntegerRing() | 29, 47 },
{ IntegerRing() | 30, 48 },
{ IntegerRing() | 33, 34 },
{ IntegerRing() | 36, 39 },
{ IntegerRing() | 38, 53 },
{ IntegerRing() | 40, 51 },
{ IntegerRing() | 42, 57 },
{ IntegerRing() | 43, 59 },
{ IntegerRing() | 45, 61 },
{ IntegerRing() | 46, 62 },
{ IntegerRing() | 49, 50 },
{ IntegerRing() | 52, 55 },
{ IntegerRing() | 54, 64 },
{ IntegerRing() | 56, 60 },
{ IntegerRing() | 58, 63 }
@};
s`SolvableDBIsRamifiedAtEveryLevel := true;
s`SolvableDBGaloisOrbit := [ PowerSequence(PermutationGroup<64 |  
\[ 2, 3, 4, 5, 6, 7, 8, 9, 10, 11, 12, 13, 14, 15, 16, 17, 18, 19, 20, 21, 22, 23, 24, 25, 26, 27, 28, 29, 30, 31, 32, 33, 34, 35, 36, 37, 38, 39, 40, 41, 42, 43, 44, 45, 46, 47, 48, 49, 50, 51, 52, 53, 54, 55, 56, 57, 58, 59, 60, 61, 62, 63, 64, 1 ],
\[ 2, 1, 3, 4, 5, 6, 7, 8, 9, 10, 11, 12, 13, 14, 15, 16, 17, 18, 19, 20, 21, 22, 23, 24, 25, 26, 27, 28, 29, 30, 31, 32, 33, 34, 35, 36, 37, 38, 39, 40, 41, 42, 43, 44, 45, 46, 47, 48, 49, 50, 51, 52, 53, 54, 55, 56, 57, 58, 59, 60, 61, 62, 63, 64 ]:
 Order := 126886932185884164103433389335161480802865516174545192198801894375214704230400000000000000 >) |
[ PermutationGroup<64 |  
\[ 2, 3, 4, 5, 6, 7, 8, 9, 10, 11, 12, 13, 14, 15, 16, 17, 18, 19, 20, 21, 22, 23, 24, 25, 26, 27, 28, 29, 30, 31, 32, 33, 34, 35, 36, 37, 38, 39, 40, 41, 42, 43, 44, 45, 46, 47, 48, 49, 50, 51, 52, 53, 54, 55, 56, 57, 58, 59, 60, 61, 62, 63, 64, 1 ],
\[ 2, 1, 3, 4, 5, 6, 7, 8, 9, 10, 11, 12, 13, 14, 15, 16, 17, 18, 19, 20, 21, 22, 23, 24, 25, 26, 27, 28, 29, 30, 31, 32, 33, 34, 35, 36, 37, 38, 39, 40, 41, 42, 43, 44, 45, 46, 47, 48, 49, 50, 51, 52, 53, 54, 55, 56, 57, 58, 59, 60, 61, 62, 63, 64 ]:
 Order := 126886932185884164103433389335161480802865516174545192198801894375214704230400000000000000 > |
[ 2, 9, 8, 7, 10, 1, 11, 12, 27, 28, 29, 30, 16, 23, 3, 26, 20, 22, 4, 25, 5, 31, 32, 6, 33, 34, 43, 44, 45, 46, 47, 48, 49, 50, 18, 13, 14, 15, 17, 19, 21, 24, 52, 59, 54, 60, 61, 62, 58, 63, 35, 36, 37, 38, 39, 40, 41, 42, 55, 51, 64, 56, 57, 53 ],
[ 3, 8, 13, 6, 14, 15, 1, 16, 12, 23, 2, 26, 35, 17, 36, 18, 19, 21, 24, 4, 37, 5, 20, 38, 7, 22, 30, 32, 9, 34, 10, 25, 11, 31, 41, 51, 39, 52, 40, 42, 53, 54, 46, 48, 27, 50, 28, 33, 29, 47, 57, 60, 55, 43, 56, 58, 64, 45, 62, 63, 44, 49, 61, 59 ],
[ 4, 7, 6, 17, 18, 19, 20, 1, 11, 22, 25, 2, 15, 21, 24, 3, 37, 13, 39, 14, 35, 16, 5, 40, 23, 8, 29, 31, 33, 9, 26, 10, 32, 12, 36, 38, 41, 42, 53, 55, 51, 56, 45, 47, 49, 27, 34, 28, 48, 30, 52, 54, 57, 58, 64, 59, 60, 62, 61, 43, 50, 44, 46, 63 ]
],
[ PermutationGroup<64 |  
\[ 2, 3, 4, 5, 6, 7, 8, 9, 10, 11, 12, 13, 14, 15, 16, 17, 18, 19, 20, 21, 22, 23, 24, 25, 26, 27, 28, 29, 30, 31, 32, 33, 34, 35, 36, 37, 38, 39, 40, 41, 42, 43, 44, 45, 46, 47, 48, 49, 50, 51, 52, 53, 54, 55, 56, 57, 58, 59, 60, 61, 62, 63, 64, 1 ],
\[ 2, 1, 3, 4, 5, 6, 7, 8, 9, 10, 11, 12, 13, 14, 15, 16, 17, 18, 19, 20, 21, 22, 23, 24, 25, 26, 27, 28, 29, 30, 31, 32, 33, 34, 35, 36, 37, 38, 39, 40, 41, 42, 43, 44, 45, 46, 47, 48, 49, 50, 51, 52, 53, 54, 55, 56, 57, 58, 59, 60, 61, 62, 63, 64 ]:
 Order := 126886932185884164103433389335161480802865516174545192198801894375214704230400000000000000 > |
[ 10, 28, 23, 22, 2, 5, 31, 32, 44, 9, 47, 48, 20, 8, 14, 25, 16, 7, 18, 26, 1, 11, 12, 21, 34, 33, 59, 27, 61, 62, 29, 30, 50, 49, 4, 17, 3, 37, 13, 35, 6, 41, 55, 43, 64, 56, 45, 46, 63, 58, 19, 39, 15, 53, 36, 51, 24, 57, 52, 40, 54, 60, 42, 38 ],
[ 3, 8, 13, 6, 14, 15, 1, 16, 12, 23, 2, 26, 35, 17, 36, 18, 19, 21, 24, 4, 37, 5, 20, 38, 7, 22, 30, 32, 9, 34, 10, 25, 11, 31, 41, 51, 39, 52, 40, 42, 53, 54, 46, 48, 27, 50, 28, 33, 29, 47, 57, 60, 55, 43, 56, 58, 64, 45, 62, 63, 44, 49, 61, 59 ],
[ 18, 22, 21, 13, 4, 35, 16, 5, 31, 7, 26, 10, 37, 6, 41, 14, 15, 17, 36, 3, 19, 20, 1, 51, 8, 23, 47, 11, 34, 28, 25, 2, 12, 32, 39, 53, 24, 57, 38, 52, 40, 60, 61, 29, 50, 44, 33, 9, 30, 48, 55, 64, 42, 63, 54, 43, 56, 46, 45, 59, 49, 27, 62, 58 ]
]
];
s`SolvableDBPassport := [ PowerSequence(PermutationGroup<64 |  
\[ 10, 28, 23, 22, 2, 5, 31, 32, 44, 9, 47, 48, 20, 8, 14, 25, 16, 7, 18, 26, 1, 11, 12, 21, 34, 33, 59, 27, 61, 62, 29, 30, 50, 49, 4, 17, 3, 37, 13, 35, 6, 41, 55, 43, 64, 56, 45, 46, 63, 58, 19, 39, 15, 53, 36, 51, 24, 57, 52, 40, 54, 60, 42, 38 ],
\[ 3, 8, 13, 6, 14, 15, 1, 16, 12, 23, 2, 26, 35, 17, 36, 18, 19, 21, 24, 4, 37, 5, 20, 38, 7, 22, 30, 32, 9, 34, 10, 25, 11, 31, 41, 51, 39, 52, 40, 42, 53, 54, 46, 48, 27, 50, 28, 33, 29, 47, 57, 60, 55, 43, 56, 58, 64, 45, 62, 63, 44, 49, 61, 59 ],
\[ 18, 22, 21, 13, 4, 35, 16, 5, 31, 7, 26, 10, 37, 6, 41, 14, 15, 17, 36, 3, 19, 20, 1, 51, 8, 23, 47, 11, 34, 28, 25, 2, 12, 32, 39, 53, 24, 57, 38, 52, 40, 60, 61, 29, 50, 44, 33, 9, 30, 48, 55, 64, 42, 63, 54, 43, 56, 46, 45, 59, 49, 27, 62, 58 ]:
 Order := 64 >) |
[ PermutationGroup<64 |  
\[ 10, 28, 23, 22, 2, 5, 31, 32, 44, 9, 47, 48, 20, 8, 14, 25, 16, 7, 18, 26, 1, 11, 12, 21, 34, 33, 59, 27, 61, 62, 29, 30, 50, 49, 4, 17, 3, 37, 13, 35, 6, 41, 55, 43, 64, 56, 45, 46, 63, 58, 19, 39, 15, 53, 36, 51, 24, 57, 52, 40, 54, 60, 42, 38 ],
\[ 3, 8, 13, 6, 14, 15, 1, 16, 12, 23, 2, 26, 35, 17, 36, 18, 19, 21, 24, 4, 37, 5, 20, 38, 7, 22, 30, 32, 9, 34, 10, 25, 11, 31, 41, 51, 39, 52, 40, 42, 53, 54, 46, 48, 27, 50, 28, 33, 29, 47, 57, 60, 55, 43, 56, 58, 64, 45, 62, 63, 44, 49, 61, 59 ],
\[ 18, 22, 21, 13, 4, 35, 16, 5, 31, 7, 26, 10, 37, 6, 41, 14, 15, 17, 36, 3, 19, 20, 1, 51, 8, 23, 47, 11, 34, 28, 25, 2, 12, 32, 39, 53, 24, 57, 38, 52, 40, 60, 61, 29, 50, 44, 33, 9, 30, 48, 55, 64, 42, 63, 54, 43, 56, 46, 45, 59, 49, 27, 62, 58 ]:
 Order := 64 > |
[ 25, 33, 7, 23, 26, 20, 32, 11, 49, 34, 48, 29, 1, 22, 4, 2, 5, 8, 14, 10, 16, 12, 31, 17, 28, 9, 58, 50, 62, 45, 30, 47, 44, 27, 3, 6, 18, 19, 21, 37, 13, 39, 42, 63, 56, 54, 46, 61, 59, 43, 15, 24, 35, 40, 41, 53, 36, 55, 57, 38, 60, 64, 52, 51 ],
[ 3, 8, 13, 6, 14, 15, 1, 16, 12, 23, 2, 26, 35, 17, 36, 18, 19, 21, 24, 4, 37, 5, 20, 38, 7, 22, 30, 32, 9, 34, 10, 25, 11, 31, 41, 51, 39, 52, 40, 42, 53, 54, 46, 48, 27, 50, 28, 33, 29, 47, 57, 60, 55, 43, 56, 58, 64, 45, 62, 63, 44, 49, 61, 59 ],
[ 3, 8, 13, 6, 14, 15, 1, 16, 12, 23, 2, 26, 35, 17, 36, 18, 19, 21, 24, 4, 37, 5, 20, 38, 7, 22, 30, 32, 9, 34, 10, 25, 11, 31, 41, 51, 39, 52, 40, 42, 53, 54, 46, 48, 27, 50, 28, 33, 29, 47, 57, 60, 55, 43, 56, 58, 64, 45, 62, 63, 44, 49, 61, 59 ]
],
[ PermutationGroup<64 |  
\[ 10, 28, 23, 22, 2, 5, 31, 32, 44, 9, 47, 48, 20, 8, 14, 25, 16, 7, 18, 26, 1, 11, 12, 21, 34, 33, 59, 27, 61, 62, 29, 30, 50, 49, 4, 17, 3, 37, 13, 35, 6, 41, 55, 43, 64, 56, 45, 46, 63, 58, 19, 39, 15, 53, 36, 51, 24, 57, 52, 40, 54, 60, 42, 38 ],
\[ 3, 8, 13, 6, 14, 15, 1, 16, 12, 23, 2, 26, 35, 17, 36, 18, 19, 21, 24, 4, 37, 5, 20, 38, 7, 22, 30, 32, 9, 34, 10, 25, 11, 31, 41, 51, 39, 52, 40, 42, 53, 54, 46, 48, 27, 50, 28, 33, 29, 47, 57, 60, 55, 43, 56, 58, 64, 45, 62, 63, 44, 49, 61, 59 ],
\[ 18, 22, 21, 13, 4, 35, 16, 5, 31, 7, 26, 10, 37, 6, 41, 14, 15, 17, 36, 3, 19, 20, 1, 51, 8, 23, 47, 11, 34, 28, 25, 2, 12, 32, 39, 53, 24, 57, 38, 52, 40, 60, 61, 29, 50, 44, 33, 9, 30, 48, 55, 64, 42, 63, 54, 43, 56, 46, 45, 59, 49, 27, 62, 58 ]:
 Order := 64 > |
[ 26, 34, 22, 8, 25, 16, 12, 31, 50, 33, 30, 47, 5, 7, 18, 10, 1, 23, 3, 2, 20, 32, 11, 13, 9, 28, 63, 49, 46, 61, 48, 29, 27, 44, 14, 21, 4, 35, 6, 15, 17, 36, 57, 58, 60, 64, 62, 45, 43, 59, 37, 41, 19, 51, 24, 38, 39, 52, 42, 53, 56, 54, 55, 40 ],
[ 3, 8, 13, 6, 14, 15, 1, 16, 12, 23, 2, 26, 35, 17, 36, 18, 19, 21, 24, 4, 37, 5, 20, 38, 7, 22, 30, 32, 9, 34, 10, 25, 11, 31, 41, 51, 39, 52, 40, 42, 53, 54, 46, 48, 27, 50, 28, 33, 29, 47, 57, 60, 55, 43, 56, 58, 64, 45, 62, 63, 44, 49, 61, 59 ],
[ 14, 23, 17, 21, 3, 37, 5, 20, 32, 8, 10, 25, 19, 13, 39, 4, 35, 6, 41, 18, 15, 1, 16, 53, 22, 7, 48, 12, 28, 33, 2, 26, 31, 11, 24, 40, 36, 55, 51, 57, 38, 64, 62, 30, 44, 49, 9, 34, 47, 29, 42, 56, 52, 59, 60, 63, 54, 61, 46, 58, 27, 50, 45, 43 ]
],
[ PermutationGroup<64 |  
\[ 10, 28, 23, 22, 2, 5, 31, 32, 44, 9, 47, 48, 20, 8, 14, 25, 16, 7, 18, 26, 1, 11, 12, 21, 34, 33, 59, 27, 61, 62, 29, 30, 50, 49, 4, 17, 3, 37, 13, 35, 6, 41, 55, 43, 64, 56, 45, 46, 63, 58, 19, 39, 15, 53, 36, 51, 24, 57, 52, 40, 54, 60, 42, 38 ],
\[ 3, 8, 13, 6, 14, 15, 1, 16, 12, 23, 2, 26, 35, 17, 36, 18, 19, 21, 24, 4, 37, 5, 20, 38, 7, 22, 30, 32, 9, 34, 10, 25, 11, 31, 41, 51, 39, 52, 40, 42, 53, 54, 46, 48, 27, 50, 28, 33, 29, 47, 57, 60, 55, 43, 56, 58, 64, 45, 62, 63, 44, 49, 61, 59 ],
\[ 18, 22, 21, 13, 4, 35, 16, 5, 31, 7, 26, 10, 37, 6, 41, 14, 15, 17, 36, 3, 19, 20, 1, 51, 8, 23, 47, 11, 34, 28, 25, 2, 12, 32, 39, 53, 24, 57, 38, 52, 40, 60, 61, 29, 50, 44, 33, 9, 30, 48, 55, 64, 42, 63, 54, 43, 56, 46, 45, 59, 49, 27, 62, 58 ]:
 Order := 64 > |
[ 6, 1, 15, 19, 21, 24, 4, 3, 2, 5, 7, 8, 36, 37, 38, 13, 39, 35, 40, 17, 41, 18, 14, 42, 20, 16, 9, 10, 11, 12, 22, 23, 25, 26, 51, 52, 53, 54, 55, 56, 57, 58, 27, 28, 29, 30, 31, 32, 33, 34, 60, 43, 64, 45, 59, 62, 63, 49, 44, 46, 47, 48, 50, 61 ],
[ 3, 8, 13, 6, 14, 15, 1, 16, 12, 23, 2, 26, 35, 17, 36, 18, 19, 21, 24, 4, 37, 5, 20, 38, 7, 22, 30, 32, 9, 34, 10, 25, 11, 31, 41, 51, 39, 52, 40, 42, 53, 54, 46, 48, 27, 50, 28, 33, 29, 47, 57, 60, 55, 43, 56, 58, 64, 45, 62, 63, 44, 49, 61, 59 ],
[ 11, 29, 2, 25, 31, 7, 33, 9, 45, 47, 49, 27, 8, 10, 1, 12, 23, 26, 20, 32, 22, 34, 28, 4, 48, 30, 54, 61, 58, 43, 50, 44, 62, 46, 16, 3, 5, 6, 14, 17, 18, 19, 38, 64, 42, 52, 63, 59, 56, 60, 13, 15, 21, 24, 37, 39, 35, 40, 53, 36, 57, 55, 51, 41 ]
],
[ PermutationGroup<64 |  
\[ 10, 28, 23, 22, 2, 5, 31, 32, 44, 9, 47, 48, 20, 8, 14, 25, 16, 7, 18, 26, 1, 11, 12, 21, 34, 33, 59, 27, 61, 62, 29, 30, 50, 49, 4, 17, 3, 37, 13, 35, 6, 41, 55, 43, 64, 56, 45, 46, 63, 58, 19, 39, 15, 53, 36, 51, 24, 57, 52, 40, 54, 60, 42, 38 ],
\[ 3, 8, 13, 6, 14, 15, 1, 16, 12, 23, 2, 26, 35, 17, 36, 18, 19, 21, 24, 4, 37, 5, 20, 38, 7, 22, 30, 32, 9, 34, 10, 25, 11, 31, 41, 51, 39, 52, 40, 42, 53, 54, 46, 48, 27, 50, 28, 33, 29, 47, 57, 60, 55, 43, 56, 58, 64, 45, 62, 63, 44, 49, 61, 59 ],
\[ 18, 22, 21, 13, 4, 35, 16, 5, 31, 7, 26, 10, 37, 6, 41, 14, 15, 17, 36, 3, 19, 20, 1, 51, 8, 23, 47, 11, 34, 28, 25, 2, 12, 32, 39, 53, 24, 57, 38, 52, 40, 60, 61, 29, 50, 44, 33, 9, 30, 48, 55, 64, 42, 63, 54, 43, 56, 46, 45, 59, 49, 27, 62, 58 ]:
 Order := 64 > |
[ 21, 5, 37, 35, 6, 41, 18, 14, 10, 1, 22, 23, 39, 15, 53, 17, 36, 19, 51, 13, 24, 4, 3, 57, 16, 20, 28, 2, 31, 32, 7, 8, 26, 25, 40, 55, 38, 64, 52, 60, 42, 63, 44, 9, 47, 48, 11, 12, 34, 33, 56, 59, 54, 61, 43, 46, 58, 50, 27, 62, 29, 30, 49, 45 ],
[ 3, 8, 13, 6, 14, 15, 1, 16, 12, 23, 2, 26, 35, 17, 36, 18, 19, 21, 24, 4, 37, 5, 20, 38, 7, 22, 30, 32, 9, 34, 10, 25, 11, 31, 41, 51, 39, 52, 40, 42, 53, 54, 46, 48, 27, 50, 28, 33, 29, 47, 57, 60, 55, 43, 56, 58, 64, 45, 62, 63, 44, 49, 61, 59 ],
[ 31, 47, 10, 26, 11, 22, 34, 28, 61, 29, 50, 44, 23, 2, 5, 32, 8, 25, 16, 12, 7, 33, 9, 18, 30, 48, 64, 45, 63, 59, 49, 27, 46, 62, 20, 14, 1, 21, 3, 13, 4, 35, 53, 54, 57, 55, 58, 43, 60, 56, 17, 37, 6, 41, 15, 36, 19, 51, 38, 39, 42, 52, 40, 24 ]
],
[ PermutationGroup<64 |  
\[ 10, 28, 23, 22, 2, 5, 31, 32, 44, 9, 47, 48, 20, 8, 14, 25, 16, 7, 18, 26, 1, 11, 12, 21, 34, 33, 59, 27, 61, 62, 29, 30, 50, 49, 4, 17, 3, 37, 13, 35, 6, 41, 55, 43, 64, 56, 45, 46, 63, 58, 19, 39, 15, 53, 36, 51, 24, 57, 52, 40, 54, 60, 42, 38 ],
\[ 3, 8, 13, 6, 14, 15, 1, 16, 12, 23, 2, 26, 35, 17, 36, 18, 19, 21, 24, 4, 37, 5, 20, 38, 7, 22, 30, 32, 9, 34, 10, 25, 11, 31, 41, 51, 39, 52, 40, 42, 53, 54, 46, 48, 27, 50, 28, 33, 29, 47, 57, 60, 55, 43, 56, 58, 64, 45, 62, 63, 44, 49, 61, 59 ],
\[ 18, 22, 21, 13, 4, 35, 16, 5, 31, 7, 26, 10, 37, 6, 41, 14, 15, 17, 36, 3, 19, 20, 1, 51, 8, 23, 47, 11, 34, 28, 25, 2, 12, 32, 39, 53, 24, 57, 38, 52, 40, 60, 61, 29, 50, 44, 33, 9, 30, 48, 55, 64, 42, 63, 54, 43, 56, 46, 45, 59, 49, 27, 62, 58 ]:
 Order := 64 > |
[ 55, 39, 56, 64, 52, 59, 53, 40, 17, 36, 37, 19, 58, 60, 62, 42, 63, 54, 61, 57, 43, 38, 51, 44, 41, 24, 20, 13, 14, 4, 15, 35, 21, 6, 45, 49, 46, 48, 50, 47, 27, 28, 25, 16, 23, 7, 3, 18, 5, 1, 29, 33, 30, 32, 34, 31, 9, 10, 26, 11, 8, 22, 2, 12 ],
[ 3, 8, 13, 6, 14, 15, 1, 16, 12, 23, 2, 26, 35, 17, 36, 18, 19, 21, 24, 4, 37, 5, 20, 38, 7, 22, 30, 32, 9, 34, 10, 25, 11, 31, 41, 51, 39, 52, 40, 42, 53, 54, 46, 48, 27, 50, 28, 33, 29, 47, 57, 60, 55, 43, 56, 58, 64, 45, 62, 63, 44, 49, 61, 59 ],
[ 46, 60, 50, 27, 62, 30, 43, 63, 51, 56, 52, 57, 47, 49, 34, 61, 29, 44, 9, 45, 48, 59, 58, 12, 54, 64, 35, 40, 36, 41, 55, 42, 38, 53, 28, 31, 33, 26, 11, 2, 32, 8, 18, 19, 13, 21, 39, 24, 15, 37, 10, 22, 25, 16, 7, 1, 23, 3, 4, 5, 17, 6, 14, 20 ]
],
[ PermutationGroup<64 |  
\[ 10, 28, 23, 22, 2, 5, 31, 32, 44, 9, 47, 48, 20, 8, 14, 25, 16, 7, 18, 26, 1, 11, 12, 21, 34, 33, 59, 27, 61, 62, 29, 30, 50, 49, 4, 17, 3, 37, 13, 35, 6, 41, 55, 43, 64, 56, 45, 46, 63, 58, 19, 39, 15, 53, 36, 51, 24, 57, 52, 40, 54, 60, 42, 38 ],
\[ 3, 8, 13, 6, 14, 15, 1, 16, 12, 23, 2, 26, 35, 17, 36, 18, 19, 21, 24, 4, 37, 5, 20, 38, 7, 22, 30, 32, 9, 34, 10, 25, 11, 31, 41, 51, 39, 52, 40, 42, 53, 54, 46, 48, 27, 50, 28, 33, 29, 47, 57, 60, 55, 43, 56, 58, 64, 45, 62, 63, 44, 49, 61, 59 ],
\[ 18, 22, 21, 13, 4, 35, 16, 5, 31, 7, 26, 10, 37, 6, 41, 14, 15, 17, 36, 3, 19, 20, 1, 51, 8, 23, 47, 11, 34, 28, 25, 2, 12, 32, 39, 53, 24, 57, 38, 52, 40, 60, 61, 29, 50, 44, 33, 9, 30, 48, 55, 64, 42, 63, 54, 43, 56, 46, 45, 59, 49, 27, 62, 58 ]:
 Order := 64 > |
[ 57, 41, 64, 60, 42, 63, 51, 53, 21, 24, 35, 37, 59, 54, 61, 55, 43, 56, 46, 52, 58, 40, 38, 50, 36, 39, 5, 6, 18, 14, 19, 15, 13, 17, 62, 44, 45, 47, 27, 30, 49, 34, 10, 1, 22, 23, 4, 3, 16, 20, 48, 28, 29, 31, 9, 12, 33, 26, 2, 32, 7, 8, 25, 11 ],
[ 3, 8, 13, 6, 14, 15, 1, 16, 12, 23, 2, 26, 35, 17, 36, 18, 19, 21, 24, 4, 37, 5, 20, 38, 7, 22, 30, 32, 9, 34, 10, 25, 11, 31, 41, 51, 39, 52, 40, 42, 53, 54, 46, 48, 27, 50, 28, 33, 29, 47, 57, 60, 55, 43, 56, 58, 64, 45, 62, 63, 44, 49, 61, 59 ],
[ 61, 64, 44, 50, 45, 47, 63, 59, 53, 54, 57, 55, 48, 27, 28, 62, 30, 49, 34, 46, 29, 58, 43, 31, 60, 56, 37, 38, 41, 39, 42, 52, 51, 40, 33, 32, 9, 10, 12, 26, 11, 22, 14, 15, 21, 17, 24, 36, 35, 19, 25, 23, 2, 5, 8, 16, 7, 18, 3, 20, 6, 13, 4, 1 ]
],
[ PermutationGroup<64 |  
\[ 10, 28, 23, 22, 2, 5, 31, 32, 44, 9, 47, 48, 20, 8, 14, 25, 16, 7, 18, 26, 1, 11, 12, 21, 34, 33, 59, 27, 61, 62, 29, 30, 50, 49, 4, 17, 3, 37, 13, 35, 6, 41, 55, 43, 64, 56, 45, 46, 63, 58, 19, 39, 15, 53, 36, 51, 24, 57, 52, 40, 54, 60, 42, 38 ],
\[ 3, 8, 13, 6, 14, 15, 1, 16, 12, 23, 2, 26, 35, 17, 36, 18, 19, 21, 24, 4, 37, 5, 20, 38, 7, 22, 30, 32, 9, 34, 10, 25, 11, 31, 41, 51, 39, 52, 40, 42, 53, 54, 46, 48, 27, 50, 28, 33, 29, 47, 57, 60, 55, 43, 56, 58, 64, 45, 62, 63, 44, 49, 61, 59 ],
\[ 18, 22, 21, 13, 4, 35, 16, 5, 31, 7, 26, 10, 37, 6, 41, 14, 15, 17, 36, 3, 19, 20, 1, 51, 8, 23, 47, 11, 34, 28, 25, 2, 12, 32, 39, 53, 24, 57, 38, 52, 40, 60, 61, 29, 50, 44, 33, 9, 30, 48, 55, 64, 42, 63, 54, 43, 56, 46, 45, 59, 49, 27, 62, 58 ]:
 Order := 64 > |
[ 52, 36, 60, 54, 55, 43, 38, 51, 13, 39, 15, 35, 63, 56, 46, 57, 58, 64, 45, 42, 59, 53, 40, 27, 24, 41, 16, 17, 3, 18, 37, 19, 6, 21, 61, 50, 62, 30, 49, 29, 44, 9, 26, 20, 8, 22, 14, 4, 1, 5, 47, 34, 48, 12, 33, 11, 28, 2, 25, 31, 23, 7, 10, 32 ],
[ 3, 8, 13, 6, 14, 15, 1, 16, 12, 23, 2, 26, 35, 17, 36, 18, 19, 21, 24, 4, 37, 5, 20, 38, 7, 22, 30, 32, 9, 34, 10, 25, 11, 31, 41, 51, 39, 52, 40, 42, 53, 54, 46, 48, 27, 50, 28, 33, 29, 47, 57, 60, 55, 43, 56, 58, 64, 45, 62, 63, 44, 49, 61, 59 ],
[ 62, 56, 49, 44, 46, 48, 59, 58, 40, 60, 55, 42, 29, 50, 33, 45, 47, 27, 28, 61, 30, 43, 63, 32, 64, 54, 19, 51, 39, 24, 52, 57, 53, 38, 9, 11, 34, 25, 31, 10, 12, 23, 4, 35, 17, 6, 36, 41, 37, 15, 2, 7, 26, 20, 22, 5, 8, 14, 18, 1, 13, 21, 3, 16 ]
],
[ PermutationGroup<64 |  
\[ 10, 28, 23, 22, 2, 5, 31, 32, 44, 9, 47, 48, 20, 8, 14, 25, 16, 7, 18, 26, 1, 11, 12, 21, 34, 33, 59, 27, 61, 62, 29, 30, 50, 49, 4, 17, 3, 37, 13, 35, 6, 41, 55, 43, 64, 56, 45, 46, 63, 58, 19, 39, 15, 53, 36, 51, 24, 57, 52, 40, 54, 60, 42, 38 ],
\[ 3, 8, 13, 6, 14, 15, 1, 16, 12, 23, 2, 26, 35, 17, 36, 18, 19, 21, 24, 4, 37, 5, 20, 38, 7, 22, 30, 32, 9, 34, 10, 25, 11, 31, 41, 51, 39, 52, 40, 42, 53, 54, 46, 48, 27, 50, 28, 33, 29, 47, 57, 60, 55, 43, 56, 58, 64, 45, 62, 63, 44, 49, 61, 59 ],
\[ 18, 22, 21, 13, 4, 35, 16, 5, 31, 7, 26, 10, 37, 6, 41, 14, 15, 17, 36, 3, 19, 20, 1, 51, 8, 23, 47, 11, 34, 28, 25, 2, 12, 32, 39, 53, 24, 57, 38, 52, 40, 60, 61, 29, 50, 44, 33, 9, 30, 48, 55, 64, 42, 63, 54, 43, 56, 46, 45, 59, 49, 27, 62, 58 ]:
 Order := 64 > |
[ 42, 24, 54, 56, 57, 58, 40, 38, 6, 41, 19, 15, 43, 64, 45, 52, 59, 60, 62, 55, 63, 51, 53, 49, 39, 36, 1, 21, 4, 3, 35, 37, 17, 13, 46, 27, 61, 29, 44, 48, 50, 33, 2, 5, 7, 8, 18, 14, 20, 16, 30, 9, 47, 11, 28, 32, 34, 25, 10, 12, 22, 23, 26, 31 ],
[ 3, 8, 13, 6, 14, 15, 1, 16, 12, 23, 2, 26, 35, 17, 36, 18, 19, 21, 24, 4, 37, 5, 20, 38, 7, 22, 30, 32, 9, 34, 10, 25, 11, 31, 41, 51, 39, 52, 40, 42, 53, 54, 46, 48, 27, 50, 28, 33, 29, 47, 57, 60, 55, 43, 56, 58, 64, 45, 62, 63, 44, 49, 61, 59 ],
[ 45, 54, 27, 49, 61, 29, 58, 43, 38, 64, 42, 52, 30, 44, 9, 46, 48, 50, 33, 62, 47, 63, 59, 11, 56, 60, 15, 53, 24, 36, 57, 55, 40, 51, 34, 12, 28, 2, 32, 25, 31, 7, 3, 37, 6, 13, 41, 39, 19, 35, 26, 8, 10, 1, 23, 20, 22, 4, 14, 16, 21, 17, 18, 5 ]
],
[ PermutationGroup<64 |  
\[ 10, 28, 23, 22, 2, 5, 31, 32, 44, 9, 47, 48, 20, 8, 14, 25, 16, 7, 18, 26, 1, 11, 12, 21, 34, 33, 59, 27, 61, 62, 29, 30, 50, 49, 4, 17, 3, 37, 13, 35, 6, 41, 55, 43, 64, 56, 45, 46, 63, 58, 19, 39, 15, 53, 36, 51, 24, 57, 52, 40, 54, 60, 42, 38 ],
\[ 3, 8, 13, 6, 14, 15, 1, 16, 12, 23, 2, 26, 35, 17, 36, 18, 19, 21, 24, 4, 37, 5, 20, 38, 7, 22, 30, 32, 9, 34, 10, 25, 11, 31, 41, 51, 39, 52, 40, 42, 53, 54, 46, 48, 27, 50, 28, 33, 29, 47, 57, 60, 55, 43, 56, 58, 64, 45, 62, 63, 44, 49, 61, 59 ],
\[ 18, 22, 21, 13, 4, 35, 16, 5, 31, 7, 26, 10, 37, 6, 41, 14, 15, 17, 36, 3, 19, 20, 1, 51, 8, 23, 47, 11, 34, 28, 25, 2, 12, 32, 39, 53, 24, 57, 38, 52, 40, 60, 61, 29, 50, 44, 33, 9, 30, 48, 55, 64, 42, 63, 54, 43, 56, 46, 45, 59, 49, 27, 62, 58 ]:
 Order := 64 > |
[ 50, 63, 47, 30, 49, 34, 46, 61, 57, 58, 60, 64, 28, 29, 31, 44, 9, 48, 12, 27, 33, 62, 45, 26, 43, 59, 41, 42, 51, 53, 56, 54, 52, 55, 32, 10, 11, 22, 2, 8, 25, 16, 21, 24, 35, 37, 40, 38, 36, 39, 23, 5, 7, 18, 1, 3, 20, 13, 6, 14, 19, 15, 17, 4 ],
[ 3, 8, 13, 6, 14, 15, 1, 16, 12, 23, 2, 26, 35, 17, 36, 18, 19, 21, 24, 4, 37, 5, 20, 38, 7, 22, 30, 32, 9, 34, 10, 25, 11, 31, 41, 51, 39, 52, 40, 42, 53, 54, 46, 48, 27, 50, 28, 33, 29, 47, 57, 60, 55, 43, 56, 58, 64, 45, 62, 63, 44, 49, 61, 59 ],
[ 53, 37, 55, 57, 38, 64, 41, 39, 14, 15, 21, 17, 56, 52, 59, 40, 60, 42, 63, 51, 54, 24, 36, 61, 35, 19, 23, 3, 5, 20, 6, 13, 18, 4, 58, 62, 43, 44, 46, 50, 45, 47, 32, 8, 10, 25, 1, 16, 22, 7, 49, 48, 27, 28, 30, 34, 29, 31, 12, 33, 2, 26, 11, 9 ]
],
[ PermutationGroup<64 |  
\[ 10, 28, 23, 22, 2, 5, 31, 32, 44, 9, 47, 48, 20, 8, 14, 25, 16, 7, 18, 26, 1, 11, 12, 21, 34, 33, 59, 27, 61, 62, 29, 30, 50, 49, 4, 17, 3, 37, 13, 35, 6, 41, 55, 43, 64, 56, 45, 46, 63, 58, 19, 39, 15, 53, 36, 51, 24, 57, 52, 40, 54, 60, 42, 38 ],
\[ 3, 8, 13, 6, 14, 15, 1, 16, 12, 23, 2, 26, 35, 17, 36, 18, 19, 21, 24, 4, 37, 5, 20, 38, 7, 22, 30, 32, 9, 34, 10, 25, 11, 31, 41, 51, 39, 52, 40, 42, 53, 54, 46, 48, 27, 50, 28, 33, 29, 47, 57, 60, 55, 43, 56, 58, 64, 45, 62, 63, 44, 49, 61, 59 ],
\[ 18, 22, 21, 13, 4, 35, 16, 5, 31, 7, 26, 10, 37, 6, 41, 14, 15, 17, 36, 3, 19, 20, 1, 51, 8, 23, 47, 11, 34, 28, 25, 2, 12, 32, 39, 53, 24, 57, 38, 52, 40, 60, 61, 29, 50, 44, 33, 9, 30, 48, 55, 64, 42, 63, 54, 43, 56, 46, 45, 59, 49, 27, 62, 58 ]:
 Order := 64 > |
[ 27, 43, 30, 29, 44, 9, 45, 46, 52, 59, 54, 60, 34, 48, 12, 50, 33, 47, 11, 49, 28, 61, 62, 2, 58, 63, 36, 55, 38, 51, 64, 56, 42, 57, 31, 26, 32, 8, 25, 7, 10, 1, 13, 39, 15, 35, 53, 40, 24, 41, 22, 16, 23, 3, 20, 4, 5, 6, 17, 18, 37, 19, 21, 14 ],
[ 3, 8, 13, 6, 14, 15, 1, 16, 12, 23, 2, 26, 35, 17, 36, 18, 19, 21, 24, 4, 37, 5, 20, 38, 7, 22, 30, 32, 9, 34, 10, 25, 11, 31, 41, 51, 39, 52, 40, 42, 53, 54, 46, 48, 27, 50, 28, 33, 29, 47, 57, 60, 55, 43, 56, 58, 64, 45, 62, 63, 44, 49, 61, 59 ],
[ 40, 19, 42, 55, 51, 56, 39, 24, 4, 35, 17, 6, 54, 57, 58, 38, 64, 52, 59, 53, 60, 36, 41, 62, 37, 15, 7, 18, 20, 1, 13, 21, 14, 3, 43, 45, 63, 49, 61, 44, 46, 48, 11, 22, 25, 2, 16, 5, 23, 8, 27, 29, 50, 33, 47, 28, 30, 32, 31, 9, 26, 10, 12, 34 ]
],
[ PermutationGroup<64 |  
\[ 10, 28, 23, 22, 2, 5, 31, 32, 44, 9, 47, 48, 20, 8, 14, 25, 16, 7, 18, 26, 1, 11, 12, 21, 34, 33, 59, 27, 61, 62, 29, 30, 50, 49, 4, 17, 3, 37, 13, 35, 6, 41, 55, 43, 64, 56, 45, 46, 63, 58, 19, 39, 15, 53, 36, 51, 24, 57, 52, 40, 54, 60, 42, 38 ],
\[ 3, 8, 13, 6, 14, 15, 1, 16, 12, 23, 2, 26, 35, 17, 36, 18, 19, 21, 24, 4, 37, 5, 20, 38, 7, 22, 30, 32, 9, 34, 10, 25, 11, 31, 41, 51, 39, 52, 40, 42, 53, 54, 46, 48, 27, 50, 28, 33, 29, 47, 57, 60, 55, 43, 56, 58, 64, 45, 62, 63, 44, 49, 61, 59 ],
\[ 18, 22, 21, 13, 4, 35, 16, 5, 31, 7, 26, 10, 37, 6, 41, 14, 15, 17, 36, 3, 19, 20, 1, 51, 8, 23, 47, 11, 34, 28, 25, 2, 12, 32, 39, 53, 24, 57, 38, 52, 40, 60, 61, 29, 50, 44, 33, 9, 30, 48, 55, 64, 42, 63, 54, 43, 56, 46, 45, 59, 49, 27, 62, 58 ]:
 Order := 64 > |
[ 49, 58, 29, 48, 50, 33, 62, 45, 42, 63, 56, 54, 9, 47, 11, 27, 28, 30, 32, 44, 34, 46, 61, 25, 59, 43, 24, 57, 40, 38, 60, 64, 55, 52, 12, 2, 31, 7, 10, 23, 26, 20, 6, 41, 19, 15, 51, 53, 39, 36, 8, 1, 22, 4, 5, 14, 16, 17, 21, 3, 35, 37, 13, 18 ],
[ 3, 8, 13, 6, 14, 15, 1, 16, 12, 23, 2, 26, 35, 17, 36, 18, 19, 21, 24, 4, 37, 5, 20, 38, 7, 22, 30, 32, 9, 34, 10, 25, 11, 31, 41, 51, 39, 52, 40, 42, 53, 54, 46, 48, 27, 50, 28, 33, 29, 47, 57, 60, 55, 43, 56, 58, 64, 45, 62, 63, 44, 49, 61, 59 ],
[ 38, 15, 52, 42, 53, 54, 24, 36, 3, 37, 6, 13, 60, 55, 43, 51, 56, 57, 58, 40, 64, 41, 39, 45, 19, 35, 8, 14, 1, 16, 21, 17, 4, 18, 63, 46, 59, 27, 62, 49, 61, 29, 12, 23, 2, 26, 5, 20, 7, 22, 50, 30, 44, 9, 48, 33, 47, 11, 32, 34, 10, 25, 31, 28 ]
],
[ PermutationGroup<64 |  
\[ 10, 28, 23, 22, 2, 5, 31, 32, 44, 9, 47, 48, 20, 8, 14, 25, 16, 7, 18, 26, 1, 11, 12, 21, 34, 33, 59, 27, 61, 62, 29, 30, 50, 49, 4, 17, 3, 37, 13, 35, 6, 41, 55, 43, 64, 56, 45, 46, 63, 58, 19, 39, 15, 53, 36, 51, 24, 57, 52, 40, 54, 60, 42, 38 ],
\[ 3, 8, 13, 6, 14, 15, 1, 16, 12, 23, 2, 26, 35, 17, 36, 18, 19, 21, 24, 4, 37, 5, 20, 38, 7, 22, 30, 32, 9, 34, 10, 25, 11, 31, 41, 51, 39, 52, 40, 42, 53, 54, 46, 48, 27, 50, 28, 33, 29, 47, 57, 60, 55, 43, 56, 58, 64, 45, 62, 63, 44, 49, 61, 59 ],
\[ 18, 22, 21, 13, 4, 35, 16, 5, 31, 7, 26, 10, 37, 6, 41, 14, 15, 17, 36, 3, 19, 20, 1, 51, 8, 23, 47, 11, 34, 28, 25, 2, 12, 32, 39, 53, 24, 57, 38, 52, 40, 60, 61, 29, 50, 44, 33, 9, 30, 48, 55, 64, 42, 63, 54, 43, 56, 46, 45, 59, 49, 27, 62, 58 ]:
 Order := 64 > |
[ 44, 59, 48, 47, 27, 28, 61, 62, 55, 43, 64, 56, 33, 30, 32, 49, 34, 29, 31, 50, 9, 45, 46, 10, 63, 58, 39, 52, 53, 40, 54, 60, 57, 42, 11, 25, 12, 23, 26, 22, 2, 5, 17, 36, 37, 19, 38, 51, 41, 24, 7, 20, 8, 14, 16, 18, 1, 21, 13, 4, 15, 35, 6, 3 ],
[ 3, 8, 13, 6, 14, 15, 1, 16, 12, 23, 2, 26, 35, 17, 36, 18, 19, 21, 24, 4, 37, 5, 20, 38, 7, 22, 30, 32, 9, 34, 10, 25, 11, 31, 41, 51, 39, 52, 40, 42, 53, 54, 46, 48, 27, 50, 28, 33, 29, 47, 57, 60, 55, 43, 56, 58, 64, 45, 62, 63, 44, 49, 61, 59 ],
[ 51, 35, 57, 52, 40, 60, 36, 41, 18, 19, 13, 21, 64, 42, 63, 53, 54, 55, 43, 38, 56, 39, 24, 46, 15, 37, 22, 4, 16, 5, 17, 6, 3, 14, 59, 61, 58, 50, 45, 27, 62, 30, 31, 7, 26, 10, 20, 1, 8, 23, 44, 47, 49, 34, 29, 9, 48, 12, 11, 28, 25, 2, 32, 33 ]
],
[ PermutationGroup<64 |  
\[ 10, 28, 23, 22, 2, 5, 31, 32, 44, 9, 47, 48, 20, 8, 14, 25, 16, 7, 18, 26, 1, 11, 12, 21, 34, 33, 59, 27, 61, 62, 29, 30, 50, 49, 4, 17, 3, 37, 13, 35, 6, 41, 55, 43, 64, 56, 45, 46, 63, 58, 19, 39, 15, 53, 36, 51, 24, 57, 52, 40, 54, 60, 42, 38 ],
\[ 3, 8, 13, 6, 14, 15, 1, 16, 12, 23, 2, 26, 35, 17, 36, 18, 19, 21, 24, 4, 37, 5, 20, 38, 7, 22, 30, 32, 9, 34, 10, 25, 11, 31, 41, 51, 39, 52, 40, 42, 53, 54, 46, 48, 27, 50, 28, 33, 29, 47, 57, 60, 55, 43, 56, 58, 64, 45, 62, 63, 44, 49, 61, 59 ],
\[ 18, 22, 21, 13, 4, 35, 16, 5, 31, 7, 26, 10, 37, 6, 41, 14, 15, 17, 36, 3, 19, 20, 1, 51, 8, 23, 47, 11, 34, 28, 25, 2, 12, 32, 39, 53, 24, 57, 38, 52, 40, 60, 61, 29, 50, 44, 33, 9, 30, 48, 55, 64, 42, 63, 54, 43, 56, 46, 45, 59, 49, 27, 62, 58 ]:
 Order := 64 > |
[ 10, 28, 23, 22, 2, 5, 31, 32, 44, 9, 47, 48, 20, 8, 14, 25, 16, 7, 18, 26, 1, 11, 12, 21, 34, 33, 59, 27, 61, 62, 29, 30, 50, 49, 4, 17, 3, 37, 13, 35, 6, 41, 55, 43, 64, 56, 45, 46, 63, 58, 19, 39, 15, 53, 36, 51, 24, 57, 52, 40, 54, 60, 42, 38 ],
[ 3, 8, 13, 6, 14, 15, 1, 16, 12, 23, 2, 26, 35, 17, 36, 18, 19, 21, 24, 4, 37, 5, 20, 38, 7, 22, 30, 32, 9, 34, 10, 25, 11, 31, 41, 51, 39, 52, 40, 42, 53, 54, 46, 48, 27, 50, 28, 33, 29, 47, 57, 60, 55, 43, 56, 58, 64, 45, 62, 63, 44, 49, 61, 59 ],
[ 18, 22, 21, 13, 4, 35, 16, 5, 31, 7, 26, 10, 37, 6, 41, 14, 15, 17, 36, 3, 19, 20, 1, 51, 8, 23, 47, 11, 34, 28, 25, 2, 12, 32, 39, 53, 24, 57, 38, 52, 40, 60, 61, 29, 50, 44, 33, 9, 30, 48, 55, 64, 42, 63, 54, 43, 56, 46, 45, 59, 49, 27, 62, 58 ]
],
[ PermutationGroup<64 |  
\[ 10, 28, 23, 22, 2, 5, 31, 32, 44, 9, 47, 48, 20, 8, 14, 25, 16, 7, 18, 26, 1, 11, 12, 21, 34, 33, 59, 27, 61, 62, 29, 30, 50, 49, 4, 17, 3, 37, 13, 35, 6, 41, 55, 43, 64, 56, 45, 46, 63, 58, 19, 39, 15, 53, 36, 51, 24, 57, 52, 40, 54, 60, 42, 38 ],
\[ 3, 8, 13, 6, 14, 15, 1, 16, 12, 23, 2, 26, 35, 17, 36, 18, 19, 21, 24, 4, 37, 5, 20, 38, 7, 22, 30, 32, 9, 34, 10, 25, 11, 31, 41, 51, 39, 52, 40, 42, 53, 54, 46, 48, 27, 50, 28, 33, 29, 47, 57, 60, 55, 43, 56, 58, 64, 45, 62, 63, 44, 49, 61, 59 ],
\[ 18, 22, 21, 13, 4, 35, 16, 5, 31, 7, 26, 10, 37, 6, 41, 14, 15, 17, 36, 3, 19, 20, 1, 51, 8, 23, 47, 11, 34, 28, 25, 2, 12, 32, 39, 53, 24, 57, 38, 52, 40, 60, 61, 29, 50, 44, 33, 9, 30, 48, 55, 64, 42, 63, 54, 43, 56, 46, 45, 59, 49, 27, 62, 58 ]:
 Order := 64 > |
[ 2, 9, 8, 7, 10, 1, 11, 12, 27, 28, 29, 30, 16, 23, 3, 26, 20, 22, 4, 25, 5, 31, 32, 6, 33, 34, 43, 44, 45, 46, 47, 48, 49, 50, 18, 13, 14, 15, 17, 19, 21, 24, 52, 59, 54, 60, 61, 62, 58, 63, 35, 36, 37, 38, 39, 40, 41, 42, 55, 51, 64, 56, 57, 53 ],
[ 3, 8, 13, 6, 14, 15, 1, 16, 12, 23, 2, 26, 35, 17, 36, 18, 19, 21, 24, 4, 37, 5, 20, 38, 7, 22, 30, 32, 9, 34, 10, 25, 11, 31, 41, 51, 39, 52, 40, 42, 53, 54, 46, 48, 27, 50, 28, 33, 29, 47, 57, 60, 55, 43, 56, 58, 64, 45, 62, 63, 44, 49, 61, 59 ],
[ 4, 7, 6, 17, 18, 19, 20, 1, 11, 22, 25, 2, 15, 21, 24, 3, 37, 13, 39, 14, 35, 16, 5, 40, 23, 8, 29, 31, 33, 9, 26, 10, 32, 12, 36, 38, 41, 42, 53, 55, 51, 56, 45, 47, 49, 27, 34, 28, 48, 30, 52, 54, 57, 58, 64, 59, 60, 62, 61, 43, 50, 44, 46, 63 ]
],
[ PermutationGroup<64 |  
\[ 10, 28, 23, 22, 2, 5, 31, 32, 44, 9, 47, 48, 20, 8, 14, 25, 16, 7, 18, 26, 1, 11, 12, 21, 34, 33, 59, 27, 61, 62, 29, 30, 50, 49, 4, 17, 3, 37, 13, 35, 6, 41, 55, 43, 64, 56, 45, 46, 63, 58, 19, 39, 15, 53, 36, 51, 24, 57, 52, 40, 54, 60, 42, 38 ],
\[ 3, 8, 13, 6, 14, 15, 1, 16, 12, 23, 2, 26, 35, 17, 36, 18, 19, 21, 24, 4, 37, 5, 20, 38, 7, 22, 30, 32, 9, 34, 10, 25, 11, 31, 41, 51, 39, 52, 40, 42, 53, 54, 46, 48, 27, 50, 28, 33, 29, 47, 57, 60, 55, 43, 56, 58, 64, 45, 62, 63, 44, 49, 61, 59 ],
\[ 18, 22, 21, 13, 4, 35, 16, 5, 31, 7, 26, 10, 37, 6, 41, 14, 15, 17, 36, 3, 19, 20, 1, 51, 8, 23, 47, 11, 34, 28, 25, 2, 12, 32, 39, 53, 24, 57, 38, 52, 40, 60, 61, 29, 50, 44, 33, 9, 30, 48, 55, 64, 42, 63, 54, 43, 56, 46, 45, 59, 49, 27, 62, 58 ]:
 Order := 64 > |
[ 17, 20, 19, 37, 13, 39, 14, 4, 25, 16, 23, 7, 24, 35, 40, 6, 41, 15, 53, 21, 36, 3, 18, 55, 5, 1, 33, 26, 32, 11, 8, 22, 10, 2, 38, 42, 51, 56, 57, 64, 52, 59, 49, 34, 48, 29, 12, 31, 28, 9, 54, 58, 60, 62, 63, 61, 43, 44, 50, 45, 30, 47, 27, 46 ],
[ 3, 8, 13, 6, 14, 15, 1, 16, 12, 23, 2, 26, 35, 17, 36, 18, 19, 21, 24, 4, 37, 5, 20, 38, 7, 22, 30, 32, 9, 34, 10, 25, 11, 31, 41, 51, 39, 52, 40, 42, 53, 54, 46, 48, 27, 50, 28, 33, 29, 47, 57, 60, 55, 43, 56, 58, 64, 45, 62, 63, 44, 49, 61, 59 ],
[ 12, 30, 26, 2, 32, 8, 9, 34, 46, 48, 27, 50, 22, 25, 16, 31, 7, 10, 1, 11, 23, 28, 33, 3, 29, 47, 60, 62, 43, 63, 44, 49, 45, 61, 5, 18, 20, 13, 4, 6, 14, 15, 51, 56, 52, 57, 59, 58, 54, 64, 21, 35, 17, 36, 19, 24, 37, 38, 40, 41, 55, 42, 53, 39 ]
],
[ PermutationGroup<64 |  
\[ 10, 28, 23, 22, 2, 5, 31, 32, 44, 9, 47, 48, 20, 8, 14, 25, 16, 7, 18, 26, 1, 11, 12, 21, 34, 33, 59, 27, 61, 62, 29, 30, 50, 49, 4, 17, 3, 37, 13, 35, 6, 41, 55, 43, 64, 56, 45, 46, 63, 58, 19, 39, 15, 53, 36, 51, 24, 57, 52, 40, 54, 60, 42, 38 ],
\[ 3, 8, 13, 6, 14, 15, 1, 16, 12, 23, 2, 26, 35, 17, 36, 18, 19, 21, 24, 4, 37, 5, 20, 38, 7, 22, 30, 32, 9, 34, 10, 25, 11, 31, 41, 51, 39, 52, 40, 42, 53, 54, 46, 48, 27, 50, 28, 33, 29, 47, 57, 60, 55, 43, 56, 58, 64, 45, 62, 63, 44, 49, 61, 59 ],
\[ 18, 22, 21, 13, 4, 35, 16, 5, 31, 7, 26, 10, 37, 6, 41, 14, 15, 17, 36, 3, 19, 20, 1, 51, 8, 23, 47, 11, 34, 28, 25, 2, 12, 32, 39, 53, 24, 57, 38, 52, 40, 60, 61, 29, 50, 44, 33, 9, 30, 48, 55, 64, 42, 63, 54, 43, 56, 46, 45, 59, 49, 27, 62, 58 ]:
 Order := 64 > |
[ 13, 16, 35, 15, 17, 36, 3, 18, 26, 20, 8, 22, 41, 19, 51, 21, 24, 37, 38, 6, 39, 14, 4, 52, 1, 5, 34, 25, 12, 31, 23, 7, 2, 10, 53, 57, 40, 60, 42, 54, 55, 43, 50, 33, 30, 47, 32, 11, 9, 28, 64, 63, 56, 46, 58, 45, 59, 27, 49, 61, 48, 29, 44, 62 ],
[ 3, 8, 13, 6, 14, 15, 1, 16, 12, 23, 2, 26, 35, 17, 36, 18, 19, 21, 24, 4, 37, 5, 20, 38, 7, 22, 30, 32, 9, 34, 10, 25, 11, 31, 41, 51, 39, 52, 40, 42, 53, 54, 46, 48, 27, 50, 28, 33, 29, 47, 57, 60, 55, 43, 56, 58, 64, 45, 62, 63, 44, 49, 61, 59 ],
[ 32, 48, 25, 10, 12, 23, 28, 33, 62, 30, 44, 49, 7, 26, 20, 11, 22, 2, 5, 31, 8, 9, 34, 14, 47, 29, 56, 46, 59, 58, 27, 50, 61, 45, 1, 4, 16, 17, 18, 21, 3, 37, 40, 60, 55, 42, 43, 63, 64, 54, 6, 19, 13, 39, 35, 41, 15, 53, 51, 24, 52, 57, 38, 36 ]
]
];
s`SolvableDBPointedPassport := [ PowerSequence(PermutationGroup<64 |  
\[ 2, 3, 4, 5, 6, 7, 8, 9, 10, 11, 12, 13, 14, 15, 16, 17, 18, 19, 20, 21, 22, 23, 24, 25, 26, 27, 28, 29, 30, 31, 32, 33, 34, 35, 36, 37, 38, 39, 40, 41, 42, 43, 44, 45, 46, 47, 48, 49, 50, 51, 52, 53, 54, 55, 56, 57, 58, 59, 60, 61, 62, 63, 64, 1 ],
\[ 2, 1, 3, 4, 5, 6, 7, 8, 9, 10, 11, 12, 13, 14, 15, 16, 17, 18, 19, 20, 21, 22, 23, 24, 25, 26, 27, 28, 29, 30, 31, 32, 33, 34, 35, 36, 37, 38, 39, 40, 41, 42, 43, 44, 45, 46, 47, 48, 49, 50, 51, 52, 53, 54, 55, 56, 57, 58, 59, 60, 61, 62, 63, 64 ]:
 Order := 126886932185884164103433389335161480802865516174545192198801894375214704230400000000000000 >) |
[ PermutationGroup<64 |  
\[ 2, 3, 4, 5, 6, 7, 8, 9, 10, 11, 12, 13, 14, 15, 16, 17, 18, 19, 20, 21, 22, 23, 24, 25, 26, 27, 28, 29, 30, 31, 32, 33, 34, 35, 36, 37, 38, 39, 40, 41, 42, 43, 44, 45, 46, 47, 48, 49, 50, 51, 52, 53, 54, 55, 56, 57, 58, 59, 60, 61, 62, 63, 64, 1 ],
\[ 2, 1, 3, 4, 5, 6, 7, 8, 9, 10, 11, 12, 13, 14, 15, 16, 17, 18, 19, 20, 21, 22, 23, 24, 25, 26, 27, 28, 29, 30, 31, 32, 33, 34, 35, 36, 37, 38, 39, 40, 41, 42, 43, 44, 45, 46, 47, 48, 49, 50, 51, 52, 53, 54, 55, 56, 57, 58, 59, 60, 61, 62, 63, 64 ]:
 Order := 126886932185884164103433389335161480802865516174545192198801894375214704230400000000000000 > |
[ 3, 8, 13, 6, 14, 15, 1, 16, 12, 23, 2, 26, 35, 17, 36, 18, 19, 21, 24, 4, 37, 5, 20, 38, 7, 22, 30, 32, 9, 34, 10, 25, 11, 31, 41, 51, 39, 52, 40, 42, 53, 54, 46, 48, 27, 50, 28, 33, 29, 47, 57, 60, 55, 43, 56, 58, 64, 45, 62, 63, 44, 49, 61, 59 ],
[ 3, 8, 13, 6, 14, 15, 1, 16, 12, 23, 2, 26, 35, 17, 36, 18, 19, 21, 24, 4, 37, 5, 20, 38, 7, 22, 30, 32, 9, 34, 10, 25, 11, 31, 41, 51, 39, 52, 40, 42, 53, 54, 46, 48, 27, 50, 28, 33, 29, 47, 57, 60, 55, 43, 56, 58, 64, 45, 62, 63, 44, 49, 61, 59 ],
[ 25, 33, 7, 23, 26, 20, 32, 11, 49, 34, 48, 29, 1, 22, 4, 2, 5, 8, 14, 10, 16, 12, 31, 17, 28, 9, 58, 50, 62, 45, 30, 47, 44, 27, 3, 6, 18, 19, 21, 37, 13, 39, 42, 63, 56, 54, 46, 61, 59, 43, 15, 24, 35, 40, 41, 53, 36, 55, 57, 38, 60, 64, 52, 51 ]
],
[ PermutationGroup<64 |  
\[ 2, 3, 4, 5, 6, 7, 8, 9, 10, 11, 12, 13, 14, 15, 16, 17, 18, 19, 20, 21, 22, 23, 24, 25, 26, 27, 28, 29, 30, 31, 32, 33, 34, 35, 36, 37, 38, 39, 40, 41, 42, 43, 44, 45, 46, 47, 48, 49, 50, 51, 52, 53, 54, 55, 56, 57, 58, 59, 60, 61, 62, 63, 64, 1 ],
\[ 2, 1, 3, 4, 5, 6, 7, 8, 9, 10, 11, 12, 13, 14, 15, 16, 17, 18, 19, 20, 21, 22, 23, 24, 25, 26, 27, 28, 29, 30, 31, 32, 33, 34, 35, 36, 37, 38, 39, 40, 41, 42, 43, 44, 45, 46, 47, 48, 49, 50, 51, 52, 53, 54, 55, 56, 57, 58, 59, 60, 61, 62, 63, 64 ]:
 Order := 126886932185884164103433389335161480802865516174545192198801894375214704230400000000000000 > |
[ 3, 8, 13, 6, 14, 15, 1, 16, 12, 23, 2, 26, 35, 17, 36, 18, 19, 21, 24, 4, 37, 5, 20, 38, 7, 22, 30, 32, 9, 34, 10, 25, 11, 31, 41, 51, 39, 52, 40, 42, 53, 54, 46, 48, 27, 50, 28, 33, 29, 47, 57, 60, 55, 43, 56, 58, 64, 45, 62, 63, 44, 49, 61, 59 ],
[ 14, 23, 17, 21, 3, 37, 5, 20, 32, 8, 10, 25, 19, 13, 39, 4, 35, 6, 41, 18, 15, 1, 16, 53, 22, 7, 48, 12, 28, 33, 2, 26, 31, 11, 24, 40, 36, 55, 51, 57, 38, 64, 62, 30, 44, 49, 9, 34, 47, 29, 42, 56, 52, 59, 60, 63, 54, 61, 46, 58, 27, 50, 45, 43 ],
[ 26, 34, 22, 8, 25, 16, 12, 31, 50, 33, 30, 47, 5, 7, 18, 10, 1, 23, 3, 2, 20, 32, 11, 13, 9, 28, 63, 49, 46, 61, 48, 29, 27, 44, 14, 21, 4, 35, 6, 15, 17, 36, 57, 58, 60, 64, 62, 45, 43, 59, 37, 41, 19, 51, 24, 38, 39, 52, 42, 53, 56, 54, 55, 40 ]
],
[ PermutationGroup<64 |  
\[ 2, 3, 4, 5, 6, 7, 8, 9, 10, 11, 12, 13, 14, 15, 16, 17, 18, 19, 20, 21, 22, 23, 24, 25, 26, 27, 28, 29, 30, 31, 32, 33, 34, 35, 36, 37, 38, 39, 40, 41, 42, 43, 44, 45, 46, 47, 48, 49, 50, 51, 52, 53, 54, 55, 56, 57, 58, 59, 60, 61, 62, 63, 64, 1 ],
\[ 2, 1, 3, 4, 5, 6, 7, 8, 9, 10, 11, 12, 13, 14, 15, 16, 17, 18, 19, 20, 21, 22, 23, 24, 25, 26, 27, 28, 29, 30, 31, 32, 33, 34, 35, 36, 37, 38, 39, 40, 41, 42, 43, 44, 45, 46, 47, 48, 49, 50, 51, 52, 53, 54, 55, 56, 57, 58, 59, 60, 61, 62, 63, 64 ]:
 Order := 126886932185884164103433389335161480802865516174545192198801894375214704230400000000000000 > |
[ 3, 8, 13, 6, 14, 15, 1, 16, 12, 23, 2, 26, 35, 17, 36, 18, 19, 21, 24, 4, 37, 5, 20, 38, 7, 22, 30, 32, 9, 34, 10, 25, 11, 31, 41, 51, 39, 52, 40, 42, 53, 54, 46, 48, 27, 50, 28, 33, 29, 47, 57, 60, 55, 43, 56, 58, 64, 45, 62, 63, 44, 49, 61, 59 ],
[ 31, 47, 10, 26, 11, 22, 34, 28, 61, 29, 50, 44, 23, 2, 5, 32, 8, 25, 16, 12, 7, 33, 9, 18, 30, 48, 64, 45, 63, 59, 49, 27, 46, 62, 20, 14, 1, 21, 3, 13, 4, 35, 53, 54, 57, 55, 58, 43, 60, 56, 17, 37, 6, 41, 15, 36, 19, 51, 38, 39, 42, 52, 40, 24 ],
[ 21, 5, 37, 35, 6, 41, 18, 14, 10, 1, 22, 23, 39, 15, 53, 17, 36, 19, 51, 13, 24, 4, 3, 57, 16, 20, 28, 2, 31, 32, 7, 8, 26, 25, 40, 55, 38, 64, 52, 60, 42, 63, 44, 9, 47, 48, 11, 12, 34, 33, 56, 59, 54, 61, 43, 46, 58, 50, 27, 62, 29, 30, 49, 45 ]
],
[ PermutationGroup<64 |  
\[ 2, 3, 4, 5, 6, 7, 8, 9, 10, 11, 12, 13, 14, 15, 16, 17, 18, 19, 20, 21, 22, 23, 24, 25, 26, 27, 28, 29, 30, 31, 32, 33, 34, 35, 36, 37, 38, 39, 40, 41, 42, 43, 44, 45, 46, 47, 48, 49, 50, 51, 52, 53, 54, 55, 56, 57, 58, 59, 60, 61, 62, 63, 64, 1 ],
\[ 2, 1, 3, 4, 5, 6, 7, 8, 9, 10, 11, 12, 13, 14, 15, 16, 17, 18, 19, 20, 21, 22, 23, 24, 25, 26, 27, 28, 29, 30, 31, 32, 33, 34, 35, 36, 37, 38, 39, 40, 41, 42, 43, 44, 45, 46, 47, 48, 49, 50, 51, 52, 53, 54, 55, 56, 57, 58, 59, 60, 61, 62, 63, 64 ]:
 Order := 126886932185884164103433389335161480802865516174545192198801894375214704230400000000000000 > |
[ 3, 8, 13, 6, 14, 15, 1, 16, 12, 23, 2, 26, 35, 17, 36, 18, 19, 21, 24, 4, 37, 5, 20, 38, 7, 22, 30, 32, 9, 34, 10, 25, 11, 31, 41, 51, 39, 52, 40, 42, 53, 54, 46, 48, 27, 50, 28, 33, 29, 47, 57, 60, 55, 43, 56, 58, 64, 45, 62, 63, 44, 49, 61, 59 ],
[ 11, 29, 2, 25, 31, 7, 33, 9, 45, 47, 49, 27, 8, 10, 1, 12, 23, 26, 20, 32, 22, 34, 28, 4, 48, 30, 54, 61, 58, 43, 50, 44, 62, 46, 16, 3, 5, 6, 14, 17, 18, 19, 38, 64, 42, 52, 63, 59, 56, 60, 13, 15, 21, 24, 37, 39, 35, 40, 53, 36, 57, 55, 51, 41 ],
[ 6, 1, 15, 19, 21, 24, 4, 3, 2, 5, 7, 8, 36, 37, 38, 13, 39, 35, 40, 17, 41, 18, 14, 42, 20, 16, 9, 10, 11, 12, 22, 23, 25, 26, 51, 52, 53, 54, 55, 56, 57, 58, 27, 28, 29, 30, 31, 32, 33, 34, 60, 43, 64, 45, 59, 62, 63, 49, 44, 46, 47, 48, 50, 61 ]
],
[ PermutationGroup<64 |  
\[ 2, 3, 4, 5, 6, 7, 8, 9, 10, 11, 12, 13, 14, 15, 16, 17, 18, 19, 20, 21, 22, 23, 24, 25, 26, 27, 28, 29, 30, 31, 32, 33, 34, 35, 36, 37, 38, 39, 40, 41, 42, 43, 44, 45, 46, 47, 48, 49, 50, 51, 52, 53, 54, 55, 56, 57, 58, 59, 60, 61, 62, 63, 64, 1 ],
\[ 2, 1, 3, 4, 5, 6, 7, 8, 9, 10, 11, 12, 13, 14, 15, 16, 17, 18, 19, 20, 21, 22, 23, 24, 25, 26, 27, 28, 29, 30, 31, 32, 33, 34, 35, 36, 37, 38, 39, 40, 41, 42, 43, 44, 45, 46, 47, 48, 49, 50, 51, 52, 53, 54, 55, 56, 57, 58, 59, 60, 61, 62, 63, 64 ]:
 Order := 126886932185884164103433389335161480802865516174545192198801894375214704230400000000000000 > |
[ 3, 8, 13, 6, 14, 15, 1, 16, 12, 23, 2, 26, 35, 17, 36, 18, 19, 21, 24, 4, 37, 5, 20, 38, 7, 22, 30, 32, 9, 34, 10, 25, 11, 31, 41, 51, 39, 52, 40, 42, 53, 54, 46, 48, 27, 50, 28, 33, 29, 47, 57, 60, 55, 43, 56, 58, 64, 45, 62, 63, 44, 49, 61, 59 ],
[ 46, 60, 50, 27, 62, 30, 43, 63, 51, 56, 52, 57, 47, 49, 34, 61, 29, 44, 9, 45, 48, 59, 58, 12, 54, 64, 35, 40, 36, 41, 55, 42, 38, 53, 28, 31, 33, 26, 11, 2, 32, 8, 18, 19, 13, 21, 39, 24, 15, 37, 10, 22, 25, 16, 7, 1, 23, 3, 4, 5, 17, 6, 14, 20 ],
[ 55, 39, 56, 64, 52, 59, 53, 40, 17, 36, 37, 19, 58, 60, 62, 42, 63, 54, 61, 57, 43, 38, 51, 44, 41, 24, 20, 13, 14, 4, 15, 35, 21, 6, 45, 49, 46, 48, 50, 47, 27, 28, 25, 16, 23, 7, 3, 18, 5, 1, 29, 33, 30, 32, 34, 31, 9, 10, 26, 11, 8, 22, 2, 12 ]
],
[ PermutationGroup<64 |  
\[ 2, 3, 4, 5, 6, 7, 8, 9, 10, 11, 12, 13, 14, 15, 16, 17, 18, 19, 20, 21, 22, 23, 24, 25, 26, 27, 28, 29, 30, 31, 32, 33, 34, 35, 36, 37, 38, 39, 40, 41, 42, 43, 44, 45, 46, 47, 48, 49, 50, 51, 52, 53, 54, 55, 56, 57, 58, 59, 60, 61, 62, 63, 64, 1 ],
\[ 2, 1, 3, 4, 5, 6, 7, 8, 9, 10, 11, 12, 13, 14, 15, 16, 17, 18, 19, 20, 21, 22, 23, 24, 25, 26, 27, 28, 29, 30, 31, 32, 33, 34, 35, 36, 37, 38, 39, 40, 41, 42, 43, 44, 45, 46, 47, 48, 49, 50, 51, 52, 53, 54, 55, 56, 57, 58, 59, 60, 61, 62, 63, 64 ]:
 Order := 126886932185884164103433389335161480802865516174545192198801894375214704230400000000000000 > |
[ 3, 8, 13, 6, 14, 15, 1, 16, 12, 23, 2, 26, 35, 17, 36, 18, 19, 21, 24, 4, 37, 5, 20, 38, 7, 22, 30, 32, 9, 34, 10, 25, 11, 31, 41, 51, 39, 52, 40, 42, 53, 54, 46, 48, 27, 50, 28, 33, 29, 47, 57, 60, 55, 43, 56, 58, 64, 45, 62, 63, 44, 49, 61, 59 ],
[ 61, 64, 44, 50, 45, 47, 63, 59, 53, 54, 57, 55, 48, 27, 28, 62, 30, 49, 34, 46, 29, 58, 43, 31, 60, 56, 37, 38, 41, 39, 42, 52, 51, 40, 33, 32, 9, 10, 12, 26, 11, 22, 14, 15, 21, 17, 24, 36, 35, 19, 25, 23, 2, 5, 8, 16, 7, 18, 3, 20, 6, 13, 4, 1 ],
[ 57, 41, 64, 60, 42, 63, 51, 53, 21, 24, 35, 37, 59, 54, 61, 55, 43, 56, 46, 52, 58, 40, 38, 50, 36, 39, 5, 6, 18, 14, 19, 15, 13, 17, 62, 44, 45, 47, 27, 30, 49, 34, 10, 1, 22, 23, 4, 3, 16, 20, 48, 28, 29, 31, 9, 12, 33, 26, 2, 32, 7, 8, 25, 11 ]
],
[ PermutationGroup<64 |  
\[ 2, 3, 4, 5, 6, 7, 8, 9, 10, 11, 12, 13, 14, 15, 16, 17, 18, 19, 20, 21, 22, 23, 24, 25, 26, 27, 28, 29, 30, 31, 32, 33, 34, 35, 36, 37, 38, 39, 40, 41, 42, 43, 44, 45, 46, 47, 48, 49, 50, 51, 52, 53, 54, 55, 56, 57, 58, 59, 60, 61, 62, 63, 64, 1 ],
