s := SolvableDBObjectInitialize();

/*
Basic Information about the Passport
*/

s`SolvableDBName := "64S17-4,8,8-g17-path130";
s`SolvableDBFilename := "64S17-4,8,8-g17-path130.m";
s`SolvableDBPathNumber := 130;
s`SolvableDBDegree := 64;
s`SolvableDBABC := \[ 4, 8, 8 ];
s`SolvableDBType := "Hyperbolic";
s`SolvableDBGenus := 17;
s`SolvableDBGaloisOrbitSize := 1;
s`SolvableDBPassportSize := 1;
s`SolvableDBPointedPassportSize := 1;
s`SolvableDBLevel := 6;
s`SolvableDBBlocks := {@ PowerSet(IntegerRing()) |
{ IntegerRing() | 1, 5 },
{ IntegerRing() | 2, 11 },
{ IntegerRing() | 3, 16 },
{ IntegerRing() | 4, 21 },
{ IntegerRing() | 6, 15 },
{ IntegerRing() | 7, 19 },
{ IntegerRing() | 8, 10 },
{ IntegerRing() | 9, 32 },
{ IntegerRing() | 12, 26 },
{ IntegerRing() | 13, 29 },
{ IntegerRing() | 14, 38 },
{ IntegerRing() | 17, 24 },
{ IntegerRing() | 18, 30 },
{ IntegerRing() | 20, 44 },
{ IntegerRing() | 22, 25 },
{ IntegerRing() | 23, 27 },
{ IntegerRing() | 28, 34 },
{ IntegerRing() | 31, 33 },
{ IntegerRing() | 35, 45 },
{ IntegerRing() | 36, 39 },
{ IntegerRing() | 37, 57 },
{ IntegerRing() | 40, 41 },
{ IntegerRing() | 42, 51 },
{ IntegerRing() | 43, 55 },
{ IntegerRing() | 46, 47 },
{ IntegerRing() | 48, 49 },
{ IntegerRing() | 50, 54 },
{ IntegerRing() | 52, 53 },
{ IntegerRing() | 56, 64 },
{ IntegerRing() | 58, 59 },
{ IntegerRing() | 60, 61 },
{ IntegerRing() | 62, 63 }
@};

/*
Permutations and Passports
*/

s`SolvableDBGaloisOrbit := [ PowerSequence(PermutationGroup<64 |  
\[ 2, 3, 4, 5, 6, 7, 8, 9, 10, 11, 12, 13, 14, 15, 16, 17, 18, 19, 20, 21, 22, 23, 24, 25, 26, 27, 28, 29, 30, 31, 32, 33, 34, 35, 36, 37, 38, 39, 40, 41, 42, 43, 44, 45, 46, 47, 48, 49, 50, 51, 52, 53, 54, 55, 56, 57, 58, 59, 60, 61, 62, 63, 64, 1 ],
\[ 2, 1, 3, 4, 5, 6, 7, 8, 9, 10, 11, 12, 13, 14, 15, 16, 17, 18, 19, 20, 21, 22, 23, 24, 25, 26, 27, 28, 29, 30, 31, 32, 33, 34, 35, 36, 37, 38, 39, 40, 41, 42, 43, 44, 45, 46, 47, 48, 49, 50, 51, 52, 53, 54, 55, 56, 57, 58, 59, 60, 61, 62, 63, 64 ]:
 Order := 126886932185884164103433389335161480802865516174545192198801894375214704230400000000000000 >) |
[ PermutationGroup<64 |  
\[ 2, 3, 4, 5, 6, 7, 8, 9, 10, 11, 12, 13, 14, 15, 16, 17, 18, 19, 20, 21, 22, 23, 24, 25, 26, 27, 28, 29, 30, 31, 32, 33, 34, 35, 36, 37, 38, 39, 40, 41, 42, 43, 44, 45, 46, 47, 48, 49, 50, 51, 52, 53, 54, 55, 56, 57, 58, 59, 60, 61, 62, 63, 64, 1 ],
\[ 2, 1, 3, 4, 5, 6, 7, 8, 9, 10, 11, 12, 13, 14, 15, 16, 17, 18, 19, 20, 21, 22, 23, 24, 25, 26, 27, 28, 29, 30, 31, 32, 33, 34, 35, 36, 37, 38, 39, 40, 41, 42, 43, 44, 45, 46, 47, 48, 49, 50, 51, 52, 53, 54, 55, 56, 57, 58, 59, 60, 61, 62, 63, 64 ]:
 Order := 126886932185884164103433389335161480802865516174545192198801894375214704230400000000000000 > |
[ 2, 9, 8, 19, 11, 1, 26, 29, 6, 13, 32, 22, 24, 18, 5, 10, 3, 33, 12, 27, 7, 4, 28, 16, 21, 25, 34, 35, 17, 31, 36, 15, 39, 45, 44, 38, 40, 30, 14, 51, 42, 52, 47, 23, 20, 48, 49, 54, 50, 43, 53, 57, 37, 55, 46, 58, 41, 61, 60, 62, 63, 64, 56, 59 ],
[ 3, 10, 14, 6, 16, 24, 1, 30, 29, 18, 8, 2, 31, 37, 17, 38, 36, 41, 5, 22, 15, 32, 4, 39, 9, 11, 21, 7, 33, 40, 42, 13, 51, 19, 12, 53, 56, 57, 52, 59, 58, 60, 45, 25, 26, 20, 44, 23, 27, 28, 61, 63, 62, 34, 35, 50, 64, 55, 43, 46, 47, 49, 48, 54 ],
[ 4, 7, 15, 20, 21, 25, 27, 1, 12, 5, 19, 34, 2, 24, 22, 6, 9, 3, 23, 43, 44, 35, 47, 32, 45, 28, 46, 48, 11, 16, 8, 26, 10, 49, 50, 13, 36, 17, 29, 14, 38, 18, 56, 55, 54, 58, 59, 60, 61, 62, 30, 31, 33, 63, 64, 52, 39, 37, 57, 40, 41, 42, 51, 53 ]
]
];
s`SolvableDBPassport := [ PowerSequence(PermutationGroup<64 |  
\[ 2, 9, 8, 19, 11, 1, 26, 29, 6, 13, 32, 22, 24, 18, 5, 10, 3, 33, 12, 27, 7, 4, 28, 16, 21, 25, 34, 35, 17, 31, 36, 15, 39, 45, 44, 38, 40, 30, 14, 51, 42, 52, 47, 23, 20, 48, 49, 54, 50, 43, 53, 57, 37, 55, 46, 58, 41, 61, 60, 62, 63, 64, 56, 59 ],
\[ 3, 10, 14, 6, 16, 24, 1, 30, 29, 18, 8, 2, 31, 37, 17, 38, 36, 41, 5, 22, 15, 32, 4, 39, 9, 11, 21, 7, 33, 40, 42, 13, 51, 19, 12, 53, 56, 57, 52, 59, 58, 60, 45, 25, 26, 20, 44, 23, 27, 28, 61, 63, 62, 34, 35, 50, 64, 55, 43, 46, 47, 49, 48, 54 ],
\[ 4, 7, 15, 20, 21, 25, 27, 1, 12, 5, 19, 34, 2, 24, 22, 6, 9, 3, 23, 43, 44, 35, 47, 32, 45, 28, 46, 48, 11, 16, 8, 26, 10, 49, 50, 13, 36, 17, 29, 14, 38, 18, 56, 55, 54, 58, 59, 60, 61, 62, 30, 31, 33, 63, 64, 52, 39, 37, 57, 40, 41, 42, 51, 53 ]:
 Order := 64 >) |
[ PermutationGroup<64 |  
\[ 2, 9, 8, 19, 11, 1, 26, 29, 6, 13, 32, 22, 24, 18, 5, 10, 3, 33, 12, 27, 7, 4, 28, 16, 21, 25, 34, 35, 17, 31, 36, 15, 39, 45, 44, 38, 40, 30, 14, 51, 42, 52, 47, 23, 20, 48, 49, 54, 50, 43, 53, 57, 37, 55, 46, 58, 41, 61, 60, 62, 63, 64, 56, 59 ],
\[ 3, 10, 14, 6, 16, 24, 1, 30, 29, 18, 8, 2, 31, 37, 17, 38, 36, 41, 5, 22, 15, 32, 4, 39, 9, 11, 21, 7, 33, 40, 42, 13, 51, 19, 12, 53, 56, 57, 52, 59, 58, 60, 45, 25, 26, 20, 44, 23, 27, 28, 61, 63, 62, 34, 35, 50, 64, 55, 43, 46, 47, 49, 48, 54 ],
\[ 4, 7, 15, 20, 21, 25, 27, 1, 12, 5, 19, 34, 2, 24, 22, 6, 9, 3, 23, 43, 44, 35, 47, 32, 45, 28, 46, 48, 11, 16, 8, 26, 10, 49, 50, 13, 36, 17, 29, 14, 38, 18, 56, 55, 54, 58, 59, 60, 61, 62, 30, 31, 33, 63, 64, 52, 39, 37, 57, 40, 41, 42, 51, 53 ]:
 Order := 64 > |
[ 45, 20, 12, 50, 35, 34, 55, 22, 27, 25, 44, 47, 21, 11, 28, 26, 19, 32, 43, 63, 54, 49, 64, 7, 48, 46, 56, 59, 4, 9, 6, 23, 15, 58, 60, 1, 10, 2, 5, 13, 29, 17, 42, 62, 61, 53, 52, 37, 57, 41, 24, 3, 16, 40, 51, 30, 8, 31, 33, 39, 36, 14, 38, 18 ],
[ 3, 10, 14, 6, 16, 24, 1, 30, 29, 18, 8, 2, 31, 37, 17, 38, 36, 41, 5, 22, 15, 32, 4, 39, 9, 11, 21, 7, 33, 40, 42, 13, 51, 19, 12, 53, 56, 57, 52, 59, 58, 60, 45, 25, 26, 20, 44, 23, 27, 28, 61, 63, 62, 34, 35, 50, 64, 55, 43, 46, 47, 49, 48, 54 ],
[ 17, 16, 39, 9, 24, 13, 6, 38, 8, 14, 3, 1, 30, 53, 29, 36, 31, 57, 15, 12, 32, 11, 22, 33, 2, 5, 25, 21, 18, 37, 41, 10, 40, 4, 19, 51, 63, 52, 42, 64, 56, 59, 34, 26, 7, 45, 35, 44, 20, 23, 58, 61, 60, 27, 28, 49, 62, 54, 50, 55, 43, 47, 46, 48 ]
]
];
s`SolvableDBPointedPassport := [ PowerSequence(PermutationGroup<64 |  
\[ 2, 9, 8, 19, 11, 1, 26, 29, 6, 13, 32, 22, 24, 18, 5, 10, 3, 33, 12, 27, 7, 4, 28, 16, 21, 25, 34, 35, 17, 31, 36, 15, 39, 45, 44, 38, 40, 30, 14, 51, 42, 52, 47, 23, 20, 48, 49, 54, 50, 43, 53, 57, 37, 55, 46, 58, 41, 61, 60, 62, 63, 64, 56, 59 ],
\[ 3, 10, 14, 6, 16, 24, 1, 30, 29, 18, 8, 2, 31, 37, 17, 38, 36, 41, 5, 22, 15, 32, 4, 39, 9, 11, 21, 7, 33, 40, 42, 13, 51, 19, 12, 53, 56, 57, 52, 59, 58, 60, 45, 25, 26, 20, 44, 23, 27, 28, 61, 63, 62, 34, 35, 50, 64, 55, 43, 46, 47, 49, 48, 54 ],
\[ 4, 7, 15, 20, 21, 25, 27, 1, 12, 5, 19, 34, 2, 24, 22, 6, 9, 3, 23, 43, 44, 35, 47, 32, 45, 28, 46, 48, 11, 16, 8, 26, 10, 49, 50, 13, 36, 17, 29, 14, 38, 18, 56, 55, 54, 58, 59, 60, 61, 62, 30, 31, 33, 63, 64, 52, 39, 37, 57, 40, 41, 42, 51, 53 ]:
 Order := 64 >) |
[ PermutationGroup<64 |  
\[ 2, 9, 8, 19, 11, 1, 26, 29, 6, 13, 32, 22, 24, 18, 5, 10, 3, 33, 12, 27, 7, 4, 28, 16, 21, 25, 34, 35, 17, 31, 36, 15, 39, 45, 44, 38, 40, 30, 14, 51, 42, 52, 47, 23, 20, 48, 49, 54, 50, 43, 53, 57, 37, 55, 46, 58, 41, 61, 60, 62, 63, 64, 56, 59 ],
\[ 3, 10, 14, 6, 16, 24, 1, 30, 29, 18, 8, 2, 31, 37, 17, 38, 36, 41, 5, 22, 15, 32, 4, 39, 9, 11, 21, 7, 33, 40, 42, 13, 51, 19, 12, 53, 56, 57, 52, 59, 58, 60, 45, 25, 26, 20, 44, 23, 27, 28, 61, 63, 62, 34, 35, 50, 64, 55, 43, 46, 47, 49, 48, 54 ],
\[ 4, 7, 15, 20, 21, 25, 27, 1, 12, 5, 19, 34, 2, 24, 22, 6, 9, 3, 23, 43, 44, 35, 47, 32, 45, 28, 46, 48, 11, 16, 8, 26, 10, 49, 50, 13, 36, 17, 29, 14, 38, 18, 56, 55, 54, 58, 59, 60, 61, 62, 30, 31, 33, 63, 64, 52, 39, 37, 57, 40, 41, 42, 51, 53 ]:
 Order := 64 > |
[ 3, 10, 14, 6, 16, 24, 1, 30, 29, 18, 8, 2, 31, 37, 17, 38, 36, 41, 5, 22, 15, 32, 4, 39, 9, 11, 21, 7, 33, 40, 42, 13, 51, 19, 12, 53, 56, 57, 52, 59, 58, 60, 45, 25, 26, 20, 44, 23, 27, 28, 61, 63, 62, 34, 35, 50, 64, 55, 43, 46, 47, 49, 48, 54 ],
[ 24, 3, 36, 32, 17, 29, 15, 14, 10, 38, 16, 5, 18, 52, 13, 39, 33, 37, 6, 26, 9, 2, 25, 31, 11, 1, 22, 4, 30, 57, 40, 8, 41, 21, 7, 42, 62, 53, 51, 56, 64, 58, 28, 12, 19, 35, 45, 20, 44, 27, 59, 60, 61, 23, 34, 48, 63, 50, 54, 43, 55, 46, 47, 49 ],
[ 35, 44, 26, 54, 45, 28, 43, 25, 23, 22, 20, 46, 4, 2, 34, 12, 7, 9, 55, 62, 50, 48, 56, 19, 49, 47, 64, 58, 21, 32, 15, 27, 6, 59, 61, 5, 8, 11, 1, 29, 13, 24, 51, 63, 60, 52, 53, 57, 37, 40, 17, 16, 3, 41, 42, 18, 10, 33, 31, 36, 39, 38, 14, 30 ]
]
];
s`SolvableDBMonodromyGroup := PermutationGroup<64 |  
\[ 2, 9, 8, 19, 11, 1, 26, 29, 6, 13, 32, 22, 24, 18, 5, 10, 3, 33, 12, 27, 7, 4, 28, 16, 21, 25, 34, 35, 17, 31, 36, 15, 39, 45, 44, 38, 40, 30, 14, 51, 42, 52, 47, 23, 20, 48, 49, 54, 50, 43, 53, 57, 37, 55, 46, 58, 41, 61, 60, 62, 63, 64, 56, 59 ],
\[ 3, 10, 14, 6, 16, 24, 1, 30, 29, 18, 8, 2, 31, 37, 17, 38, 36, 41, 5, 22, 15, 32, 4, 39, 9, 11, 21, 7, 33, 40, 42, 13, 51, 19, 12, 53, 56, 57, 52, 59, 58, 60, 45, 25, 26, 20, 44, 23, 27, 28, 61, 63, 62, 34, 35, 50, 64, 55, 43, 46, 47, 49, 48, 54 ],
\[ 4, 7, 15, 20, 21, 25, 27, 1, 12, 5, 19, 34, 2, 24, 22, 6, 9, 3, 23, 43, 44, 35, 47, 32, 45, 28, 46, 48, 11, 16, 8, 26, 10, 49, 50, 13, 36, 17, 29, 14, 38, 18, 56, 55, 54, 58, 59, 60, 61, 62, 30, 31, 33, 63, 64, 52, 39, 37, 57, 40, 41, 42, 51, 53 ] >;
s`SolvableDBAutomorphismGroup := PermutationGroup<64 |  
\[ 56, 58, 50, 52, 64, 63, 37, 43, 61, 55, 59, 41, 46, 28, 62, 54, 49, 35, 57, 31, 53, 42, 39, 48, 51, 40, 36, 14, 47, 45, 20, 60, 44, 38, 18, 27, 7, 34, 23, 26, 12, 22, 8, 33, 30, 13, 29, 24, 17, 3, 25, 4, 21, 16, 10, 1, 19, 2, 11, 32, 9, 15, 6, 5 ],
\[ 50, 43, 28, 62, 54, 49, 56, 35, 47, 45, 55, 59, 20, 7, 48, 34, 23, 26, 64, 42, 63, 60, 53, 27, 61, 58, 52, 37, 44, 12, 22, 46, 25, 57, 40, 4, 1, 19, 21, 2, 11, 32, 18, 51, 41, 31, 33, 36, 39, 14, 9, 15, 6, 38, 30, 3, 5, 8, 10, 13, 29, 24, 17, 16 ],
\[ 63, 56, 48, 51, 62, 61, 52, 54, 58, 50, 64, 37, 43, 23, 60, 49, 46, 28, 53, 30, 42, 40, 33, 47, 41, 57, 31, 39, 55, 34, 45, 59, 35, 36, 14, 20, 4, 27, 44, 19, 7, 26, 16, 18, 38, 8, 10, 29, 13, 24, 12, 25, 22, 17, 3, 6, 21, 1, 5, 11, 2, 32, 9, 15 ]:
 Order := 64 >;
s`SolvableDBPointedAutomorphismGroup := PermutationGroup<64 |  
\[ 2, 9, 10, 7, 11, 1, 12, 13, 6, 29, 32, 25, 17, 18, 5, 8, 16, 33, 26, 27, 19, 21, 28, 3, 4, 22, 34, 35, 24, 31, 36, 15, 39, 45, 44, 38, 41, 30, 14, 42, 51, 53, 46, 23, 20, 49, 48, 50, 54, 55, 52, 37, 57, 43, 47, 58, 40, 61, 60, 62, 63, 64, 56, 59 ]:
 Order := 4 >;

/*
Top Level Belyi Curve/Map
*/


/*
Graph Data
*/

s`SolvableDBPathToPP1 := [ Strings() | "PP1", "2T1-2,2,1-g0-path1", "4T2-2,2,2-g0-path3", "8T2-2,4,4-g1-path5", "16T4-4,4,4-g3-path5", "32S3-4,8,8-g9-path11", "64S17-4,8,8-g17-path130" ];
s`SolvableDBChildren := [ Strings() | "32S3-4,8,8-g9-path11" ];

/*
Return for eval
*/

return s;
