s := SolvableDBObjectInitialize();

/*
Basic Information about the Passport
*/

s`SolvableDBName := "64S14-4,8,8-g17-path38";
s`SolvableDBFilename := "64S14-4,8,8-g17-path38.m";
s`SolvableDBPathNumber := 38;
s`SolvableDBDegree := 64;
s`SolvableDBABC := \[ 4, 8, 8 ];
s`SolvableDBType := "Hyperbolic";
s`SolvableDBGenus := 17;
s`SolvableDBGaloisOrbitSize := 1;
s`SolvableDBPassportSize := 1;
s`SolvableDBPointedPassportSize := 1;
s`SolvableDBLevel := 6;
s`SolvableDBBlocks := {@ PowerSet(IntegerRing()) |
{ IntegerRing() | 1, 5 },
{ IntegerRing() | 2, 6 },
{ IntegerRing() | 3, 15 },
{ IntegerRing() | 4, 19 },
{ IntegerRing() | 7, 10 },
{ IntegerRing() | 8, 12 },
{ IntegerRing() | 9, 22 },
{ IntegerRing() | 11, 23 },
{ IntegerRing() | 13, 40 },
{ IntegerRing() | 14, 29 },
{ IntegerRing() | 16, 21 },
{ IntegerRing() | 17, 20 },
{ IntegerRing() | 18, 34 },
{ IntegerRing() | 24, 26 },
{ IntegerRing() | 25, 28 },
{ IntegerRing() | 27, 33 },
{ IntegerRing() | 30, 37 },
{ IntegerRing() | 31, 51 },
{ IntegerRing() | 32, 35 },
{ IntegerRing() | 36, 48 },
{ IntegerRing() | 38, 61 },
{ IntegerRing() | 39, 44 },
{ IntegerRing() | 41, 43 },
{ IntegerRing() | 42, 55 },
{ IntegerRing() | 45, 49 },
{ IntegerRing() | 46, 50 },
{ IntegerRing() | 47, 59 },
{ IntegerRing() | 52, 54 },
{ IntegerRing() | 53, 58 },
{ IntegerRing() | 56, 57 },
{ IntegerRing() | 60, 64 },
{ IntegerRing() | 62, 63 }
@};

/*
Permutations and Passports
*/

s`SolvableDBGaloisOrbit := [ PowerSequence(PermutationGroup<64 |  
\[ 2, 3, 4, 5, 6, 7, 8, 9, 10, 11, 12, 13, 14, 15, 16, 17, 18, 19, 20, 21, 22, 23, 24, 25, 26, 27, 28, 29, 30, 31, 32, 33, 34, 35, 36, 37, 38, 39, 40, 41, 42, 43, 44, 45, 46, 47, 48, 49, 50, 51, 52, 53, 54, 55, 56, 57, 58, 59, 60, 61, 62, 63, 64, 1 ],
\[ 2, 1, 3, 4, 5, 6, 7, 8, 9, 10, 11, 12, 13, 14, 15, 16, 17, 18, 19, 20, 21, 22, 23, 24, 25, 26, 27, 28, 29, 30, 31, 32, 33, 34, 35, 36, 37, 38, 39, 40, 41, 42, 43, 44, 45, 46, 47, 48, 49, 50, 51, 52, 53, 54, 55, 56, 57, 58, 59, 60, 61, 62, 63, 64 ]:
 Order := 126886932185884164103433389335161480802865516174545192198801894375214704230400000000000000 >) |
[ PermutationGroup<64 |  
\[ 2, 3, 4, 5, 6, 7, 8, 9, 10, 11, 12, 13, 14, 15, 16, 17, 18, 19, 20, 21, 22, 23, 24, 25, 26, 27, 28, 29, 30, 31, 32, 33, 34, 35, 36, 37, 38, 39, 40, 41, 42, 43, 44, 45, 46, 47, 48, 49, 50, 51, 52, 53, 54, 55, 56, 57, 58, 59, 60, 61, 62, 63, 64, 1 ],
\[ 2, 1, 3, 4, 5, 6, 7, 8, 9, 10, 11, 12, 13, 14, 15, 16, 17, 18, 19, 20, 21, 22, 23, 24, 25, 26, 27, 28, 29, 30, 31, 32, 33, 34, 35, 36, 37, 38, 39, 40, 41, 42, 43, 44, 45, 46, 47, 48, 49, 50, 51, 52, 53, 54, 55, 56, 57, 58, 59, 60, 61, 62, 63, 64 ]:
 Order := 126886932185884164103433389335161480802865516174545192198801894375214704230400000000000000 > |
[ 6, 1, 8, 20, 2, 5, 26, 15, 11, 24, 22, 3, 16, 32, 12, 40, 4, 48, 17, 19, 13, 23, 9, 7, 37, 10, 51, 30, 35, 25, 27, 29, 31, 36, 14, 18, 28, 41, 52, 21, 61, 56, 38, 54, 46, 49, 53, 34, 50, 45, 33, 44, 59, 39, 57, 55, 42, 47, 58, 62, 43, 64, 60, 63 ],
[ 3, 9, 13, 2, 15, 22, 1, 28, 31, 5, 34, 25, 38, 12, 40, 19, 45, 17, 6, 49, 4, 51, 18, 50, 24, 46, 7, 26, 8, 42, 57, 23, 10, 20, 11, 43, 55, 60, 21, 61, 29, 35, 14, 16, 54, 59, 36, 41, 52, 47, 56, 30, 27, 37, 32, 62, 63, 33, 48, 53, 64, 44, 39, 58 ],
[ 4, 10, 14, 18, 19, 7, 25, 1, 32, 28, 2, 5, 39, 42, 29, 3, 16, 47, 34, 21, 15, 35, 6, 33, 52, 27, 9, 54, 55, 8, 58, 43, 22, 59, 41, 11, 12, 36, 45, 44, 13, 31, 40, 49, 24, 17, 64, 23, 26, 20, 53, 63, 50, 62, 51, 30, 37, 46, 60, 57, 48, 38, 61, 56 ]
]
];
s`SolvableDBPassport := [ PowerSequence(PermutationGroup<64 |  
\[ 6, 1, 8, 20, 2, 5, 26, 15, 11, 24, 22, 3, 16, 32, 12, 40, 4, 48, 17, 19, 13, 23, 9, 7, 37, 10, 51, 30, 35, 25, 27, 29, 31, 36, 14, 18, 28, 41, 52, 21, 61, 56, 38, 54, 46, 49, 53, 34, 50, 45, 33, 44, 59, 39, 57, 55, 42, 47, 58, 62, 43, 64, 60, 63 ],
\[ 3, 9, 13, 2, 15, 22, 1, 28, 31, 5, 34, 25, 38, 12, 40, 19, 45, 17, 6, 49, 4, 51, 18, 50, 24, 46, 7, 26, 8, 42, 57, 23, 10, 20, 11, 43, 55, 60, 21, 61, 29, 35, 14, 16, 54, 59, 36, 41, 52, 47, 56, 30, 27, 37, 32, 62, 63, 33, 48, 53, 64, 44, 39, 58 ],
\[ 4, 10, 14, 18, 19, 7, 25, 1, 32, 28, 2, 5, 39, 42, 29, 3, 16, 47, 34, 21, 15, 35, 6, 33, 52, 27, 9, 54, 55, 8, 58, 43, 22, 59, 41, 11, 12, 36, 45, 44, 13, 31, 40, 49, 24, 17, 64, 23, 26, 20, 53, 63, 50, 62, 51, 30, 37, 46, 60, 57, 48, 38, 61, 56 ]:
 Order := 64 >) |
[ PermutationGroup<64 |  
\[ 6, 1, 8, 20, 2, 5, 26, 15, 11, 24, 22, 3, 16, 32, 12, 40, 4, 48, 17, 19, 13, 23, 9, 7, 37, 10, 51, 30, 35, 25, 27, 29, 31, 36, 14, 18, 28, 41, 52, 21, 61, 56, 38, 54, 46, 49, 53, 34, 50, 45, 33, 44, 59, 39, 57, 55, 42, 47, 58, 62, 43, 64, 60, 63 ],
\[ 3, 9, 13, 2, 15, 22, 1, 28, 31, 5, 34, 25, 38, 12, 40, 19, 45, 17, 6, 49, 4, 51, 18, 50, 24, 46, 7, 26, 8, 42, 57, 23, 10, 20, 11, 43, 55, 60, 21, 61, 29, 35, 14, 16, 54, 59, 36, 41, 52, 47, 56, 30, 27, 37, 32, 62, 63, 33, 48, 53, 64, 44, 39, 58 ],
\[ 4, 10, 14, 18, 19, 7, 25, 1, 32, 28, 2, 5, 39, 42, 29, 3, 16, 47, 34, 21, 15, 35, 6, 33, 52, 27, 9, 54, 55, 8, 58, 43, 22, 59, 41, 11, 12, 36, 45, 44, 13, 31, 40, 49, 24, 17, 64, 23, 26, 20, 53, 63, 50, 62, 51, 30, 37, 46, 60, 57, 48, 38, 61, 56 ]:
 Order := 64 > |
[ 28, 34, 19, 3, 25, 18, 22, 42, 7, 9, 43, 55, 29, 13, 4, 45, 59, 2, 15, 47, 49, 10, 41, 54, 1, 52, 46, 5, 40, 62, 35, 31, 50, 6, 51, 60, 63, 44, 38, 14, 11, 12, 23, 61, 21, 33, 17, 64, 16, 27, 32, 24, 56, 26, 8, 58, 53, 57, 20, 48, 39, 37, 30, 36 ],
[ 3, 9, 13, 2, 15, 22, 1, 28, 31, 5, 34, 25, 38, 12, 40, 19, 45, 17, 6, 49, 4, 51, 18, 50, 24, 46, 7, 26, 8, 42, 57, 23, 10, 20, 11, 43, 55, 60, 21, 61, 29, 35, 14, 16, 54, 59, 36, 41, 52, 47, 56, 30, 27, 37, 32, 62, 63, 33, 48, 53, 64, 44, 39, 58 ],
[ 12, 23, 21, 5, 8, 11, 2, 37, 33, 6, 48, 30, 43, 15, 16, 20, 50, 19, 1, 46, 17, 27, 36, 49, 10, 45, 24, 7, 3, 57, 55, 22, 26, 4, 9, 61, 56, 63, 40, 41, 32, 29, 35, 13, 44, 53, 34, 38, 39, 58, 42, 28, 31, 25, 14, 60, 64, 51, 18, 47, 62, 52, 54, 59 ]
]
];
s`SolvableDBPointedPassport := [ PowerSequence(PermutationGroup<64 |  
\[ 6, 1, 8, 20, 2, 5, 26, 15, 11, 24, 22, 3, 16, 32, 12, 40, 4, 48, 17, 19, 13, 23, 9, 7, 37, 10, 51, 30, 35, 25, 27, 29, 31, 36, 14, 18, 28, 41, 52, 21, 61, 56, 38, 54, 46, 49, 53, 34, 50, 45, 33, 44, 59, 39, 57, 55, 42, 47, 58, 62, 43, 64, 60, 63 ],
\[ 3, 9, 13, 2, 15, 22, 1, 28, 31, 5, 34, 25, 38, 12, 40, 19, 45, 17, 6, 49, 4, 51, 18, 50, 24, 46, 7, 26, 8, 42, 57, 23, 10, 20, 11, 43, 55, 60, 21, 61, 29, 35, 14, 16, 54, 59, 36, 41, 52, 47, 56, 30, 27, 37, 32, 62, 63, 33, 48, 53, 64, 44, 39, 58 ],
\[ 4, 10, 14, 18, 19, 7, 25, 1, 32, 28, 2, 5, 39, 42, 29, 3, 16, 47, 34, 21, 15, 35, 6, 33, 52, 27, 9, 54, 55, 8, 58, 43, 22, 59, 41, 11, 12, 36, 45, 44, 13, 31, 40, 49, 24, 17, 64, 23, 26, 20, 53, 63, 50, 62, 51, 30, 37, 46, 60, 57, 48, 38, 61, 56 ]:
 Order := 64 >) |
[ PermutationGroup<64 |  
\[ 6, 1, 8, 20, 2, 5, 26, 15, 11, 24, 22, 3, 16, 32, 12, 40, 4, 48, 17, 19, 13, 23, 9, 7, 37, 10, 51, 30, 35, 25, 27, 29, 31, 36, 14, 18, 28, 41, 52, 21, 61, 56, 38, 54, 46, 49, 53, 34, 50, 45, 33, 44, 59, 39, 57, 55, 42, 47, 58, 62, 43, 64, 60, 63 ],
\[ 3, 9, 13, 2, 15, 22, 1, 28, 31, 5, 34, 25, 38, 12, 40, 19, 45, 17, 6, 49, 4, 51, 18, 50, 24, 46, 7, 26, 8, 42, 57, 23, 10, 20, 11, 43, 55, 60, 21, 61, 29, 35, 14, 16, 54, 59, 36, 41, 52, 47, 56, 30, 27, 37, 32, 62, 63, 33, 48, 53, 64, 44, 39, 58 ],
\[ 4, 10, 14, 18, 19, 7, 25, 1, 32, 28, 2, 5, 39, 42, 29, 3, 16, 47, 34, 21, 15, 35, 6, 33, 52, 27, 9, 54, 55, 8, 58, 43, 22, 59, 41, 11, 12, 36, 45, 44, 13, 31, 40, 49, 24, 17, 64, 23, 26, 20, 53, 63, 50, 62, 51, 30, 37, 46, 60, 57, 48, 38, 61, 56 ]:
 Order := 64 > |
[ 3, 9, 13, 2, 15, 22, 1, 28, 31, 5, 34, 25, 38, 12, 40, 19, 45, 17, 6, 49, 4, 51, 18, 50, 24, 46, 7, 26, 8, 42, 57, 23, 10, 20, 11, 43, 55, 60, 21, 61, 29, 35, 14, 16, 54, 59, 36, 41, 52, 47, 56, 30, 27, 37, 32, 62, 63, 33, 48, 53, 64, 44, 39, 58 ],
[ 8, 11, 16, 1, 12, 23, 6, 30, 27, 2, 36, 37, 41, 3, 21, 17, 46, 4, 5, 50, 20, 33, 48, 45, 7, 49, 26, 10, 15, 56, 42, 9, 24, 19, 22, 38, 57, 62, 13, 43, 35, 14, 32, 40, 39, 58, 18, 61, 44, 53, 55, 25, 51, 28, 29, 64, 60, 31, 34, 59, 63, 54, 52, 47 ],
[ 25, 18, 4, 15, 28, 34, 9, 55, 10, 22, 41, 42, 14, 40, 19, 49, 47, 6, 3, 59, 45, 7, 43, 52, 5, 54, 50, 1, 13, 63, 32, 51, 46, 2, 31, 64, 62, 39, 61, 29, 23, 8, 11, 38, 16, 27, 20, 60, 21, 33, 35, 26, 57, 24, 12, 53, 58, 56, 17, 36, 44, 30, 37, 48 ]
]
];
s`SolvableDBMonodromyGroup := PermutationGroup<64 |  
\[ 6, 1, 8, 20, 2, 5, 26, 15, 11, 24, 22, 3, 16, 32, 12, 40, 4, 48, 17, 19, 13, 23, 9, 7, 37, 10, 51, 30, 35, 25, 27, 29, 31, 36, 14, 18, 28, 41, 52, 21, 61, 56, 38, 54, 46, 49, 53, 34, 50, 45, 33, 44, 59, 39, 57, 55, 42, 47, 58, 62, 43, 64, 60, 63 ],
\[ 3, 9, 13, 2, 15, 22, 1, 28, 31, 5, 34, 25, 38, 12, 40, 19, 45, 17, 6, 49, 4, 51, 18, 50, 24, 46, 7, 26, 8, 42, 57, 23, 10, 20, 11, 43, 55, 60, 21, 61, 29, 35, 14, 16, 54, 59, 36, 41, 52, 47, 56, 30, 27, 37, 32, 62, 63, 33, 48, 53, 64, 44, 39, 58 ],
\[ 4, 10, 14, 18, 19, 7, 25, 1, 32, 28, 2, 5, 39, 42, 29, 3, 16, 47, 34, 21, 15, 35, 6, 33, 52, 27, 9, 54, 55, 8, 58, 43, 22, 59, 41, 11, 12, 36, 45, 44, 13, 31, 40, 49, 24, 17, 64, 23, 26, 20, 53, 63, 50, 62, 51, 30, 37, 46, 60, 57, 48, 38, 61, 56 ] >;
s`SolvableDBAutomorphismGroup := PermutationGroup<64 |  
\[ 60, 63, 53, 57, 64, 62, 38, 59, 39, 61, 52, 47, 27, 50, 58, 51, 55, 37, 56, 42, 31, 44, 54, 43, 36, 41, 13, 48, 46, 34, 21, 45, 40, 30, 49, 25, 18, 7, 9, 33, 26, 20, 24, 22, 32, 29, 12, 28, 35, 14, 16, 11, 3, 23, 17, 19, 4, 15, 8, 1, 10, 6, 2, 5 ],
\[ 53, 47, 27, 50, 58, 59, 60, 51, 36, 64, 18, 31, 7, 9, 33, 26, 49, 20, 46, 45, 24, 48, 34, 63, 57, 62, 38, 56, 22, 55, 43, 11, 61, 17, 23, 4, 42, 1, 25, 10, 6, 32, 2, 28, 52, 44, 21, 19, 54, 39, 41, 37, 13, 30, 35, 29, 14, 40, 16, 3, 5, 8, 12, 15 ],
\[ 64, 62, 58, 56, 60, 63, 61, 47, 44, 38, 54, 59, 33, 46, 53, 31, 42, 30, 57, 55, 51, 39, 52, 41, 48, 43, 40, 36, 50, 18, 16, 49, 13, 37, 45, 28, 34, 10, 22, 27, 24, 17, 26, 9, 35, 14, 8, 25, 32, 29, 21, 23, 15, 11, 20, 4, 19, 3, 12, 5, 7, 2, 6, 1 ],
\[ 2, 5, 9, 10, 6, 1, 4, 11, 15, 19, 12, 23, 31, 32, 22, 27, 26, 28, 7, 24, 33, 3, 8, 17, 18, 20, 21, 34, 35, 36, 40, 29, 16, 25, 14, 37, 48, 57, 58, 51, 42, 43, 55, 53, 46, 49, 54, 30, 50, 45, 13, 47, 39, 59, 41, 38, 61, 44, 52, 63, 56, 60, 64, 62 ]:
 Order := 64 >;
s`SolvableDBPointedAutomorphismGroup := PermutationGroup<64 |  
\[ 6, 1, 22, 7, 2, 5, 19, 23, 3, 4, 8, 11, 51, 35, 9, 33, 24, 25, 10, 26, 27, 15, 12, 20, 34, 17, 16, 18, 32, 48, 13, 14, 21, 28, 29, 30, 36, 56, 53, 31, 55, 41, 42, 58, 50, 45, 52, 37, 46, 49, 40, 59, 44, 47, 43, 61, 38, 39, 54, 62, 57, 64, 60, 63 ]:
 Order := 4 >;

/*
Top Level Belyi Curve/Map
*/


/*
Graph Data
*/

s`SolvableDBPathToPP1 := [ Strings() | "PP1", "2T1-2,1,2-g0-path1", "4T2-2,2,2-g0-path2", "8T4-2,4,2-g0-path2", "16T10-2,4,4-g1-path10", "32S7-2,8,8-g5-path2", "64S14-4,8,8-g17-path38" ];
s`SolvableDBChildren := [ Strings() | "32S7-2,8,8-g5-path2" ];

/*
Return for eval
*/

return s;
