s := SolvableDBObjectInitialize();

/*
Basic Information about the Passport
*/

s`SolvableDBName := "64S13-4,8,8-g17-path63";
s`SolvableDBFilename := "64S13-4,8,8-g17-path63.m";
s`SolvableDBPathNumber := 63;
s`SolvableDBDegree := 64;
s`SolvableDBABC := \[ 4, 8, 8 ];
s`SolvableDBType := "Hyperbolic";
s`SolvableDBGenus := 17;
s`SolvableDBGaloisOrbitSize := 1;
s`SolvableDBPassportSize := 2;
s`SolvableDBPointedPassportSize := 2;
s`SolvableDBLevel := 6;
s`SolvableDBBlocks := {@ PowerSet(IntegerRing()) |
{ IntegerRing() | 1, 5 },
{ IntegerRing() | 2, 6 },
{ IntegerRing() | 3, 15 },
{ IntegerRing() | 4, 19 },
{ IntegerRing() | 7, 10 },
{ IntegerRing() | 8, 12 },
{ IntegerRing() | 9, 22 },
{ IntegerRing() | 11, 23 },
{ IntegerRing() | 13, 27 },
{ IntegerRing() | 14, 29 },
{ IntegerRing() | 16, 21 },
{ IntegerRing() | 17, 20 },
{ IntegerRing() | 18, 32 },
{ IntegerRing() | 24, 26 },
{ IntegerRing() | 25, 28 },
{ IntegerRing() | 30, 35 },
{ IntegerRing() | 31, 33 },
{ IntegerRing() | 34, 41 },
{ IntegerRing() | 36, 38 },
{ IntegerRing() | 37, 45 },
{ IntegerRing() | 39, 42 },
{ IntegerRing() | 40, 48 },
{ IntegerRing() | 43, 44 },
{ IntegerRing() | 46, 51 },
{ IntegerRing() | 47, 49 },
{ IntegerRing() | 50, 58 },
{ IntegerRing() | 52, 54 },
{ IntegerRing() | 53, 61 },
{ IntegerRing() | 55, 57 },
{ IntegerRing() | 56, 63 },
{ IntegerRing() | 59, 60 },
{ IntegerRing() | 62, 64 }
@};

/*
Permutations and Passports
*/

s`SolvableDBGaloisOrbit := [ PowerSequence(PermutationGroup<64 |  
\[ 2, 3, 4, 5, 6, 7, 8, 9, 10, 11, 12, 13, 14, 15, 16, 17, 18, 19, 20, 21, 22, 23, 24, 25, 26, 27, 28, 29, 30, 31, 32, 33, 34, 35, 36, 37, 38, 39, 40, 41, 42, 43, 44, 45, 46, 47, 48, 49, 50, 51, 52, 53, 54, 55, 56, 57, 58, 59, 60, 61, 62, 63, 64, 1 ],
\[ 2, 1, 3, 4, 5, 6, 7, 8, 9, 10, 11, 12, 13, 14, 15, 16, 17, 18, 19, 20, 21, 22, 23, 24, 25, 26, 27, 28, 29, 30, 31, 32, 33, 34, 35, 36, 37, 38, 39, 40, 41, 42, 43, 44, 45, 46, 47, 48, 49, 50, 51, 52, 53, 54, 55, 56, 57, 58, 59, 60, 61, 62, 63, 64 ]:
 Order := 126886932185884164103433389335161480802865516174545192198801894375214704230400000000000000 >) |
[ PermutationGroup<64 |  
\[ 2, 3, 4, 5, 6, 7, 8, 9, 10, 11, 12, 13, 14, 15, 16, 17, 18, 19, 20, 21, 22, 23, 24, 25, 26, 27, 28, 29, 30, 31, 32, 33, 34, 35, 36, 37, 38, 39, 40, 41, 42, 43, 44, 45, 46, 47, 48, 49, 50, 51, 52, 53, 54, 55, 56, 57, 58, 59, 60, 61, 62, 63, 64, 1 ],
\[ 2, 1, 3, 4, 5, 6, 7, 8, 9, 10, 11, 12, 13, 14, 15, 16, 17, 18, 19, 20, 21, 22, 23, 24, 25, 26, 27, 28, 29, 30, 31, 32, 33, 34, 35, 36, 37, 38, 39, 40, 41, 42, 43, 44, 45, 46, 47, 48, 49, 50, 51, 52, 53, 54, 55, 56, 57, 58, 59, 60, 61, 62, 63, 64 ]:
 Order := 126886932185884164103433389335161480802865516174545192198801894375214704230400000000000000 > |
[ 6, 1, 8, 20, 2, 5, 26, 15, 11, 24, 22, 3, 16, 38, 12, 27, 4, 41, 17, 19, 13, 23, 9, 7, 35, 10, 21, 30, 36, 25, 42, 34, 39, 18, 28, 14, 46, 29, 31, 57, 32, 33, 54, 52, 51, 45, 50, 55, 58, 49, 37, 43, 62, 44, 40, 59, 48, 47, 63, 56, 64, 61, 60, 53 ],
[ 3, 9, 13, 2, 15, 22, 1, 28, 16, 5, 32, 25, 10, 12, 27, 19, 33, 17, 6, 31, 4, 21, 18, 29, 24, 14, 7, 26, 8, 37, 23, 20, 11, 47, 45, 44, 36, 43, 48, 34, 49, 40, 30, 35, 38, 60, 39, 41, 42, 63, 59, 61, 51, 53, 64, 55, 62, 56, 52, 54, 46, 58, 57, 50 ],
[ 4, 10, 14, 18, 19, 7, 25, 1, 31, 28, 2, 5, 22, 37, 29, 3, 16, 40, 32, 21, 15, 33, 6, 13, 43, 27, 9, 44, 45, 8, 47, 48, 49, 11, 12, 24, 53, 26, 17, 56, 23, 20, 59, 60, 61, 30, 62, 63, 64, 34, 35, 36, 55, 38, 39, 46, 42, 41, 58, 50, 57, 54, 51, 52 ]
]
];
s`SolvableDBPassport := [ PowerSequence(PermutationGroup<64 |  
\[ 6, 1, 8, 20, 2, 5, 26, 15, 11, 24, 22, 3, 16, 38, 12, 27, 4, 41, 17, 19, 13, 23, 9, 7, 35, 10, 21, 30, 36, 25, 42, 34, 39, 18, 28, 14, 46, 29, 31, 57, 32, 33, 54, 52, 51, 45, 50, 55, 58, 49, 37, 43, 62, 44, 40, 59, 48, 47, 63, 56, 64, 61, 60, 53 ],
\[ 3, 9, 13, 2, 15, 22, 1, 28, 16, 5, 32, 25, 10, 12, 27, 19, 33, 17, 6, 31, 4, 21, 18, 29, 24, 14, 7, 26, 8, 37, 23, 20, 11, 47, 45, 44, 36, 43, 48, 34, 49, 40, 30, 35, 38, 60, 39, 41, 42, 63, 59, 61, 51, 53, 64, 55, 62, 56, 52, 54, 46, 58, 57, 50 ],
\[ 4, 10, 14, 18, 19, 7, 25, 1, 31, 28, 2, 5, 22, 37, 29, 3, 16, 40, 32, 21, 15, 33, 6, 13, 43, 27, 9, 44, 45, 8, 47, 48, 49, 11, 12, 24, 53, 26, 17, 56, 23, 20, 59, 60, 61, 30, 62, 63, 64, 34, 35, 36, 55, 38, 39, 46, 42, 41, 58, 50, 57, 54, 51, 52 ]:
 Order := 64 >) |
[ PermutationGroup<64 |  
\[ 6, 1, 8, 20, 2, 5, 26, 15, 11, 24, 22, 3, 16, 38, 12, 27, 4, 41, 17, 19, 13, 23, 9, 7, 35, 10, 21, 30, 36, 25, 42, 34, 39, 18, 28, 14, 46, 29, 31, 57, 32, 33, 54, 52, 51, 45, 50, 55, 58, 49, 37, 43, 62, 44, 40, 59, 48, 47, 63, 56, 64, 61, 60, 53 ],
\[ 3, 9, 13, 2, 15, 22, 1, 28, 16, 5, 32, 25, 10, 12, 27, 19, 33, 17, 6, 31, 4, 21, 18, 29, 24, 14, 7, 26, 8, 37, 23, 20, 11, 47, 45, 44, 36, 43, 48, 34, 49, 40, 30, 35, 38, 60, 39, 41, 42, 63, 59, 61, 51, 53, 64, 55, 62, 56, 52, 54, 46, 58, 57, 50 ],
\[ 4, 10, 14, 18, 19, 7, 25, 1, 31, 28, 2, 5, 22, 37, 29, 3, 16, 40, 32, 21, 15, 33, 6, 13, 43, 27, 9, 44, 45, 8, 47, 48, 49, 11, 12, 24, 53, 26, 17, 56, 23, 20, 59, 60, 61, 30, 62, 63, 64, 34, 35, 36, 55, 38, 39, 46, 42, 41, 58, 50, 57, 54, 51, 52 ]:
 Order := 64 > |
[ 6, 1, 8, 20, 2, 5, 26, 15, 11, 24, 22, 3, 16, 38, 12, 27, 4, 41, 17, 19, 13, 23, 9, 7, 35, 10, 21, 30, 36, 25, 42, 34, 39, 18, 28, 14, 46, 29, 31, 57, 32, 33, 54, 52, 51, 45, 50, 55, 58, 49, 37, 43, 62, 44, 40, 59, 48, 47, 63, 56, 64, 61, 60, 53 ],
[ 3, 9, 13, 2, 15, 22, 1, 28, 16, 5, 32, 25, 10, 12, 27, 19, 33, 17, 6, 31, 4, 21, 18, 29, 24, 14, 7, 26, 8, 37, 23, 20, 11, 47, 45, 44, 36, 43, 48, 34, 49, 40, 30, 35, 38, 60, 39, 41, 42, 63, 59, 61, 51, 53, 64, 55, 62, 56, 52, 54, 46, 58, 57, 50 ],
[ 4, 10, 14, 18, 19, 7, 25, 1, 31, 28, 2, 5, 22, 37, 29, 3, 16, 40, 32, 21, 15, 33, 6, 13, 43, 27, 9, 44, 45, 8, 47, 48, 49, 11, 12, 24, 53, 26, 17, 56, 23, 20, 59, 60, 61, 30, 62, 63, 64, 34, 35, 36, 55, 38, 39, 46, 42, 41, 58, 50, 57, 54, 51, 52 ]
],
[ PermutationGroup<64 |  
\[ 6, 1, 8, 20, 2, 5, 26, 15, 11, 24, 22, 3, 16, 38, 12, 27, 4, 41, 17, 19, 13, 23, 9, 7, 35, 10, 21, 30, 36, 25, 42, 34, 39, 18, 28, 14, 46, 29, 31, 57, 32, 33, 54, 52, 51, 45, 50, 55, 58, 49, 37, 43, 62, 44, 40, 59, 48, 47, 63, 56, 64, 61, 60, 53 ],
\[ 3, 9, 13, 2, 15, 22, 1, 28, 16, 5, 32, 25, 10, 12, 27, 19, 33, 17, 6, 31, 4, 21, 18, 29, 24, 14, 7, 26, 8, 37, 23, 20, 11, 47, 45, 44, 36, 43, 48, 34, 49, 40, 30, 35, 38, 60, 39, 41, 42, 63, 59, 61, 51, 53, 64, 55, 62, 56, 52, 54, 46, 58, 57, 50 ],
\[ 4, 10, 14, 18, 19, 7, 25, 1, 31, 28, 2, 5, 22, 37, 29, 3, 16, 40, 32, 21, 15, 33, 6, 13, 43, 27, 9, 44, 45, 8, 47, 48, 49, 11, 12, 24, 53, 26, 17, 56, 23, 20, 59, 60, 61, 30, 62, 63, 64, 34, 35, 36, 55, 38, 39, 46, 42, 41, 58, 50, 57, 54, 51, 52 ]:
 Order := 64 > |
[ 29, 33, 9, 7, 14, 31, 19, 43, 15, 4, 40, 44, 25, 1, 22, 18, 47, 21, 10, 49, 32, 3, 48, 37, 27, 45, 28, 13, 5, 61, 2, 16, 6, 64, 53, 59, 26, 60, 56, 23, 62, 63, 12, 8, 24, 58, 20, 11, 17, 46, 50, 55, 30, 57, 54, 42, 52, 51, 38, 36, 35, 34, 39, 41 ],
[ 4, 10, 14, 18, 19, 7, 25, 1, 31, 28, 2, 5, 22, 37, 29, 3, 16, 40, 32, 21, 15, 33, 6, 13, 43, 27, 9, 44, 45, 8, 47, 48, 49, 11, 12, 24, 53, 26, 17, 56, 23, 20, 59, 60, 61, 30, 62, 63, 64, 34, 35, 36, 55, 38, 39, 46, 42, 41, 58, 50, 57, 54, 51, 52 ],
[ 3, 9, 13, 2, 15, 22, 1, 28, 16, 5, 32, 25, 10, 12, 27, 19, 33, 17, 6, 31, 4, 21, 18, 29, 24, 14, 7, 26, 8, 37, 23, 20, 11, 47, 45, 44, 36, 43, 48, 34, 49, 40, 30, 35, 38, 60, 39, 41, 42, 63, 59, 61, 51, 53, 64, 55, 62, 56, 52, 54, 46, 58, 57, 50 ]
]
];
s`SolvableDBPointedPassport := [ PowerSequence(PermutationGroup<64 |  
\[ 6, 1, 8, 20, 2, 5, 26, 15, 11, 24, 22, 3, 16, 38, 12, 27, 4, 41, 17, 19, 13, 23, 9, 7, 35, 10, 21, 30, 36, 25, 42, 34, 39, 18, 28, 14, 46, 29, 31, 57, 32, 33, 54, 52, 51, 45, 50, 55, 58, 49, 37, 43, 62, 44, 40, 59, 48, 47, 63, 56, 64, 61, 60, 53 ],
\[ 3, 9, 13, 2, 15, 22, 1, 28, 16, 5, 32, 25, 10, 12, 27, 19, 33, 17, 6, 31, 4, 21, 18, 29, 24, 14, 7, 26, 8, 37, 23, 20, 11, 47, 45, 44, 36, 43, 48, 34, 49, 40, 30, 35, 38, 60, 39, 41, 42, 63, 59, 61, 51, 53, 64, 55, 62, 56, 52, 54, 46, 58, 57, 50 ],
\[ 4, 10, 14, 18, 19, 7, 25, 1, 31, 28, 2, 5, 22, 37, 29, 3, 16, 40, 32, 21, 15, 33, 6, 13, 43, 27, 9, 44, 45, 8, 47, 48, 49, 11, 12, 24, 53, 26, 17, 56, 23, 20, 59, 60, 61, 30, 62, 63, 64, 34, 35, 36, 55, 38, 39, 46, 42, 41, 58, 50, 57, 54, 51, 52 ]:
 Order := 64 >) |
[ PermutationGroup<64 |  
\[ 6, 1, 8, 20, 2, 5, 26, 15, 11, 24, 22, 3, 16, 38, 12, 27, 4, 41, 17, 19, 13, 23, 9, 7, 35, 10, 21, 30, 36, 25, 42, 34, 39, 18, 28, 14, 46, 29, 31, 57, 32, 33, 54, 52, 51, 45, 50, 55, 58, 49, 37, 43, 62, 44, 40, 59, 48, 47, 63, 56, 64, 61, 60, 53 ],
\[ 3, 9, 13, 2, 15, 22, 1, 28, 16, 5, 32, 25, 10, 12, 27, 19, 33, 17, 6, 31, 4, 21, 18, 29, 24, 14, 7, 26, 8, 37, 23, 20, 11, 47, 45, 44, 36, 43, 48, 34, 49, 40, 30, 35, 38, 60, 39, 41, 42, 63, 59, 61, 51, 53, 64, 55, 62, 56, 52, 54, 46, 58, 57, 50 ],
\[ 4, 10, 14, 18, 19, 7, 25, 1, 31, 28, 2, 5, 22, 37, 29, 3, 16, 40, 32, 21, 15, 33, 6, 13, 43, 27, 9, 44, 45, 8, 47, 48, 49, 11, 12, 24, 53, 26, 17, 56, 23, 20, 59, 60, 61, 30, 62, 63, 64, 34, 35, 36, 55, 38, 39, 46, 42, 41, 58, 50, 57, 54, 51, 52 ]:
 Order := 64 > |
[ 3, 9, 13, 2, 15, 22, 1, 28, 16, 5, 32, 25, 10, 12, 27, 19, 33, 17, 6, 31, 4, 21, 18, 29, 24, 14, 7, 26, 8, 37, 23, 20, 11, 47, 45, 44, 36, 43, 48, 34, 49, 40, 30, 35, 38, 60, 39, 41, 42, 63, 59, 61, 51, 53, 64, 55, 62, 56, 52, 54, 46, 58, 57, 50 ],
[ 24, 17, 2, 27, 26, 20, 16, 38, 5, 21, 42, 36, 12, 7, 6, 23, 34, 22, 13, 41, 11, 1, 39, 30, 15, 35, 8, 3, 10, 52, 4, 9, 19, 55, 54, 51, 28, 46, 58, 31, 57, 50, 14, 29, 25, 62, 32, 33, 18, 61, 64, 56, 43, 63, 60, 49, 59, 53, 45, 37, 44, 40, 47, 48 ],
[ 14, 31, 22, 10, 29, 33, 4, 44, 3, 19, 48, 43, 28, 5, 9, 32, 49, 16, 7, 47, 18, 15, 40, 45, 13, 37, 25, 27, 1, 53, 6, 21, 2, 62, 61, 60, 24, 59, 63, 11, 64, 56, 8, 12, 26, 50, 17, 23, 20, 51, 58, 57, 35, 55, 52, 39, 54, 46, 36, 38, 30, 41, 42, 34 ]
],
[ PermutationGroup<64 |  
\[ 6, 1, 8, 20, 2, 5, 26, 15, 11, 24, 22, 3, 16, 38, 12, 27, 4, 41, 17, 19, 13, 23, 9, 7, 35, 10, 21, 30, 36, 25, 42, 34, 39, 18, 28, 14, 46, 29, 31, 57, 32, 33, 54, 52, 51, 45, 50, 55, 58, 49, 37, 43, 62, 44, 40, 59, 48, 47, 63, 56, 64, 61, 60, 53 ],
\[ 3, 9, 13, 2, 15, 22, 1, 28, 16, 5, 32, 25, 10, 12, 27, 19, 33, 17, 6, 31, 4, 21, 18, 29, 24, 14, 7, 26, 8, 37, 23, 20, 11, 47, 45, 44, 36, 43, 48, 34, 49, 40, 30, 35, 38, 60, 39, 41, 42, 63, 59, 61, 51, 53, 64, 55, 62, 56, 52, 54, 46, 58, 57, 50 ],
\[ 4, 10, 14, 18, 19, 7, 25, 1, 31, 28, 2, 5, 22, 37, 29, 3, 16, 40, 32, 21, 15, 33, 6, 13, 43, 27, 9, 44, 45, 8, 47, 48, 49, 11, 12, 24, 53, 26, 17, 56, 23, 20, 59, 60, 61, 30, 62, 63, 64, 34, 35, 36, 55, 38, 39, 46, 42, 41, 58, 50, 57, 54, 51, 52 ]:
 Order := 64 > |
[ 4, 10, 14, 18, 19, 7, 25, 1, 31, 28, 2, 5, 22, 37, 29, 3, 16, 40, 32, 21, 15, 33, 6, 13, 43, 27, 9, 44, 45, 8, 47, 48, 49, 11, 12, 24, 53, 26, 17, 56, 23, 20, 59, 60, 61, 30, 62, 63, 64, 34, 35, 36, 55, 38, 39, 46, 42, 41, 58, 50, 57, 54, 51, 52 ],
[ 3, 9, 13, 2, 15, 22, 1, 28, 16, 5, 32, 25, 10, 12, 27, 19, 33, 17, 6, 31, 4, 21, 18, 29, 24, 14, 7, 26, 8, 37, 23, 20, 11, 47, 45, 44, 36, 43, 48, 34, 49, 40, 30, 35, 38, 60, 39, 41, 42, 63, 59, 61, 51, 53, 64, 55, 62, 56, 52, 54, 46, 58, 57, 50 ],
[ 29, 33, 9, 7, 14, 31, 19, 43, 15, 4, 40, 44, 25, 1, 22, 18, 47, 21, 10, 49, 32, 3, 48, 37, 27, 45, 28, 13, 5, 61, 2, 16, 6, 64, 53, 59, 26, 60, 56, 23, 62, 63, 12, 8, 24, 58, 20, 11, 17, 46, 50, 55, 30, 57, 54, 42, 52, 51, 38, 36, 35, 34, 39, 41 ]
]
];
s`SolvableDBMonodromyGroup := PermutationGroup<64 |  
\[ 6, 1, 8, 20, 2, 5, 26, 15, 11, 24, 22, 3, 16, 38, 12, 27, 4, 41, 17, 19, 13, 23, 9, 7, 35, 10, 21, 30, 36, 25, 42, 34, 39, 18, 28, 14, 46, 29, 31, 57, 32, 33, 54, 52, 51, 45, 50, 55, 58, 49, 37, 43, 62, 44, 40, 59, 48, 47, 63, 56, 64, 61, 60, 53 ],
\[ 3, 9, 13, 2, 15, 22, 1, 28, 16, 5, 32, 25, 10, 12, 27, 19, 33, 17, 6, 31, 4, 21, 18, 29, 24, 14, 7, 26, 8, 37, 23, 20, 11, 47, 45, 44, 36, 43, 48, 34, 49, 40, 30, 35, 38, 60, 39, 41, 42, 63, 59, 61, 51, 53, 64, 55, 62, 56, 52, 54, 46, 58, 57, 50 ],
\[ 4, 10, 14, 18, 19, 7, 25, 1, 31, 28, 2, 5, 22, 37, 29, 3, 16, 40, 32, 21, 15, 33, 6, 13, 43, 27, 9, 44, 45, 8, 47, 48, 49, 11, 12, 24, 53, 26, 17, 56, 23, 20, 59, 60, 61, 30, 62, 63, 64, 34, 35, 36, 55, 38, 39, 46, 42, 41, 58, 50, 57, 54, 51, 52 ] >;
s`SolvableDBAutomorphismGroup := PermutationGroup<64 |  
\[ 27, 16, 7, 9, 13, 21, 15, 26, 19, 3, 17, 24, 1, 25, 10, 6, 23, 31, 22, 11, 2, 4, 20, 8, 29, 12, 5, 14, 28, 38, 32, 33, 18, 39, 36, 30, 43, 35, 41, 47, 42, 34, 45, 37, 44, 54, 48, 49, 40, 55, 52, 46, 59, 51, 58, 62, 50, 57, 61, 53, 60, 63, 64, 56 ],
\[ 15, 8, 27, 29, 3, 12, 5, 21, 28, 1, 30, 16, 7, 9, 13, 26, 38, 45, 14, 36, 24, 25, 35, 6, 19, 2, 10, 4, 22, 20, 44, 37, 43, 46, 17, 23, 31, 11, 54, 61, 51, 52, 32, 18, 33, 42, 60, 53, 59, 56, 39, 41, 47, 34, 62, 57, 64, 63, 48, 40, 49, 50, 55, 58 ],
\[ 26, 7, 14, 27, 24, 10, 28, 38, 1, 25, 6, 36, 12, 37, 29, 3, 16, 9, 13, 21, 15, 5, 2, 35, 44, 30, 8, 43, 45, 54, 4, 22, 19, 23, 52, 51, 53, 46, 17, 31, 11, 20, 60, 59, 61, 62, 18, 33, 32, 41, 64, 63, 55, 56, 39, 47, 42, 34, 50, 58, 57, 40, 49, 48 ]:
 Order := 64 >;
s`SolvableDBPointedAutomorphismGroup := PermutationGroup<64 |  
\[ 5, 6, 15, 19, 1, 2, 10, 12, 22, 7, 23, 8, 27, 29, 3, 21, 20, 32, 4, 17, 16, 9, 11, 26, 28, 24, 13, 25, 14, 35, 33, 18, 31, 41, 30, 38, 45, 36, 42, 48, 34, 39, 44, 43, 37, 51, 49, 40, 47, 58, 46, 54, 61, 52, 57, 63, 55, 50, 60, 59, 53, 64, 56, 62 ],
\[ 6, 1, 22, 7, 2, 5, 19, 23, 3, 4, 8, 11, 21, 33, 9, 13, 24, 25, 10, 26, 27, 15, 12, 20, 32, 17, 16, 18, 31, 41, 14, 28, 29, 30, 34, 42, 49, 39, 36, 43, 35, 38, 48, 40, 47, 58, 37, 44, 45, 46, 50, 57, 64, 55, 52, 59, 54, 51, 63, 56, 62, 53, 60, 61 ]:
 Order := 4 >;

/*
Top Level Belyi Curve/Map
*/


/*
Graph Data
*/

s`SolvableDBPathToPP1 := [ Strings() | "PP1", "2T1-1,2,2-g0-path1", "4T2-2,2,2-g0-path1", "8T4-2,2,4-g0-path1", "16T13-2,2,8-g0-path1", "32S9-2,4,8-g3-path15", "64S13-4,8,8-g17-path63" ];
s`SolvableDBChildren := [ Strings() | "32S9-2,4,8-g3-path15" ];

/*
Return for eval
*/

return s;
