s := SolvableDBInitialize();

/*
Magma printing
*/

s`SolvableDBName := "64S1-32,64,64-g31-path7";
s`SolvableDBFilename := "64S1-32,64,64-g31-path7.m";
s`SolvableDBPassportName := "64S1-32,64,64-g31";
s`SolvableDBPathNumber := 7;
s`SolvableDBDegree := 64;
s`SolvableDBOrders := \[ 32, 64, 64 ];
s`SolvableDBType := "Hyperbolic";
s`SolvableDBGenus := 31;
s`SolvableDBGaloisOrbitSize := 2;
s`SolvableDBPassportSize := 16;
s`SolvableDBPointedPassportSize := 16;
s`SolvableDBLevel := 6;
s`SolvableDBBlocks := {@ PowerSet(IntegerRing()) |
{ IntegerRing() | 1, 5 },
{ IntegerRing() | 2, 10 },
{ IntegerRing() | 3, 12 },
{ IntegerRing() | 4, 14 },
{ IntegerRing() | 6, 17 },
{ IntegerRing() | 7, 18 },
{ IntegerRing() | 8, 19 },
{ IntegerRing() | 9, 21 },
{ IntegerRing() | 11, 23 },
{ IntegerRing() | 13, 26 },
{ IntegerRing() | 15, 29 },
{ IntegerRing() | 16, 30 },
{ IntegerRing() | 20, 31 },
{ IntegerRing() | 22, 33 },
{ IntegerRing() | 24, 35 },
{ IntegerRing() | 25, 38 },
{ IntegerRing() | 27, 41 },
{ IntegerRing() | 28, 42 },
{ IntegerRing() | 32, 43 },
{ IntegerRing() | 34, 45 },
{ IntegerRing() | 36, 47 },
{ IntegerRing() | 37, 50 },
{ IntegerRing() | 39, 53 },
{ IntegerRing() | 40, 54 },
{ IntegerRing() | 44, 55 },
{ IntegerRing() | 46, 57 },
{ IntegerRing() | 48, 59 },
{ IntegerRing() | 49, 60 },
{ IntegerRing() | 51, 63 },
{ IntegerRing() | 52, 64 },
{ IntegerRing() | 56, 61 },
{ IntegerRing() | 58, 62 }
@};
s`SolvableDBIsRamifiedAtEveryLevel := true;
s`SolvableDBGaloisOrbit := [ PowerSequence(PermutationGroup<64 |  
\[ 2, 3, 4, 5, 6, 7, 8, 9, 10, 11, 12, 13, 14, 15, 16, 17, 18, 19, 20, 21, 22, 23, 24, 25, 26, 27, 28, 29, 30, 31, 32, 33, 34, 35, 36, 37, 38, 39, 40, 41, 42, 43, 44, 45, 46, 47, 48, 49, 50, 51, 52, 53, 54, 55, 56, 57, 58, 59, 60, 61, 62, 63, 64, 1 ],
\[ 2, 1, 3, 4, 5, 6, 7, 8, 9, 10, 11, 12, 13, 14, 15, 16, 17, 18, 19, 20, 21, 22, 23, 24, 25, 26, 27, 28, 29, 30, 31, 32, 33, 34, 35, 36, 37, 38, 39, 40, 41, 42, 43, 44, 45, 46, 47, 48, 49, 50, 51, 52, 53, 54, 55, 56, 57, 58, 59, 60, 61, 62, 63, 64 ]:
 Order := 126886932185884164103433389335161480802865516174545192198801894375214704230400000000000000 >) |
[ PermutationGroup<64 |  
\[ 2, 3, 4, 5, 6, 7, 8, 9, 10, 11, 12, 13, 14, 15, 16, 17, 18, 19, 20, 21, 22, 23, 24, 25, 26, 27, 28, 29, 30, 31, 32, 33, 34, 35, 36, 37, 38, 39, 40, 41, 42, 43, 44, 45, 46, 47, 48, 49, 50, 51, 52, 53, 54, 55, 56, 57, 58, 59, 60, 61, 62, 63, 64, 1 ],
\[ 2, 1, 3, 4, 5, 6, 7, 8, 9, 10, 11, 12, 13, 14, 15, 16, 17, 18, 19, 20, 21, 22, 23, 24, 25, 26, 27, 28, 29, 30, 31, 32, 33, 34, 35, 36, 37, 38, 39, 40, 41, 42, 43, 44, 45, 46, 47, 48, 49, 50, 51, 52, 53, 54, 55, 56, 57, 58, 59, 60, 61, 62, 63, 64 ]:
 Order := 126886932185884164103433389335161480802865516174545192198801894375214704230400000000000000 > |
[ 2, 9, 8, 7, 10, 1, 3, 11, 20, 21, 22, 19, 16, 18, 4, 6, 5, 12, 23, 24, 31, 32, 33, 34, 28, 30, 13, 15, 14, 17, 35, 36, 43, 44, 45, 46, 40, 42, 25, 27, 26, 29, 47, 48, 55, 56, 57, 58, 52, 54, 37, 39, 38, 41, 59, 60, 61, 63, 62, 64, 49, 51, 50, 53 ],
[ 3, 8, 2, 6, 12, 7, 1, 9, 11, 19, 20, 10, 15, 17, 16, 4, 18, 5, 21, 22, 23, 24, 31, 32, 27, 29, 28, 13, 30, 14, 33, 34, 35, 36, 43, 44, 39, 41, 40, 25, 42, 26, 45, 46, 47, 48, 55, 56, 51, 53, 52, 37, 54, 38, 57, 58, 59, 60, 61, 63, 62, 49, 64, 50 ],
[ 4, 7, 6, 13, 14, 15, 16, 1, 3, 18, 2, 17, 25, 26, 27, 28, 29, 30, 5, 8, 12, 9, 10, 11, 37, 38, 39, 40, 41, 42, 19, 20, 21, 22, 23, 24, 49, 50, 51, 52, 53, 54, 31, 32, 33, 34, 35, 36, 59, 60, 61, 62, 63, 64, 43, 44, 45, 46, 47, 48, 55, 57, 56, 58 ]
],
[ PermutationGroup<64 |  
\[ 2, 3, 4, 5, 6, 7, 8, 9, 10, 11, 12, 13, 14, 15, 16, 17, 18, 19, 20, 21, 22, 23, 24, 25, 26, 27, 28, 29, 30, 31, 32, 33, 34, 35, 36, 37, 38, 39, 40, 41, 42, 43, 44, 45, 46, 47, 48, 49, 50, 51, 52, 53, 54, 55, 56, 57, 58, 59, 60, 61, 62, 63, 64, 1 ],
\[ 2, 1, 3, 4, 5, 6, 7, 8, 9, 10, 11, 12, 13, 14, 15, 16, 17, 18, 19, 20, 21, 22, 23, 24, 25, 26, 27, 28, 29, 30, 31, 32, 33, 34, 35, 36, 37, 38, 39, 40, 41, 42, 43, 44, 45, 46, 47, 48, 49, 50, 51, 52, 53, 54, 55, 56, 57, 58, 59, 60, 61, 62, 63, 64 ]:
 Order := 126886932185884164103433389335161480802865516174545192198801894375214704230400000000000000 > |
[ 10, 21, 19, 18, 2, 5, 12, 23, 31, 9, 33, 8, 30, 7, 14, 17, 1, 3, 11, 35, 20, 43, 22, 45, 42, 16, 26, 29, 4, 6, 24, 47, 32, 55, 34, 57, 54, 28, 38, 41, 13, 15, 36, 59, 44, 61, 46, 62, 64, 40, 50, 53, 25, 27, 48, 49, 56, 51, 58, 52, 60, 63, 37, 39 ],
[ 3, 8, 2, 6, 12, 7, 1, 9, 11, 19, 20, 10, 15, 17, 16, 4, 18, 5, 21, 22, 23, 24, 31, 32, 27, 29, 28, 13, 30, 14, 33, 34, 35, 36, 43, 44, 39, 41, 40, 25, 42, 26, 45, 46, 47, 48, 55, 56, 51, 53, 52, 37, 54, 38, 57, 58, 59, 60, 61, 63, 62, 49, 64, 50 ],
[ 14, 18, 17, 26, 4, 29, 30, 5, 12, 7, 10, 6, 38, 13, 41, 42, 15, 16, 1, 19, 3, 21, 2, 23, 50, 25, 53, 54, 27, 28, 8, 31, 9, 33, 11, 35, 60, 37, 63, 64, 39, 40, 20, 43, 22, 45, 24, 47, 48, 49, 56, 58, 51, 52, 32, 55, 34, 57, 36, 59, 44, 46, 61, 62 ]
]
];
s`SolvableDBPassport := [ PowerSequence(PermutationGroup<64 |  
\[ 10, 21, 19, 18, 2, 5, 12, 23, 31, 9, 33, 8, 30, 7, 14, 17, 1, 3, 11, 35, 20, 43, 22, 45, 42, 16, 26, 29, 4, 6, 24, 47, 32, 55, 34, 57, 54, 28, 38, 41, 13, 15, 36, 59, 44, 61, 46, 62, 64, 40, 50, 53, 25, 27, 48, 49, 56, 51, 58, 52, 60, 63, 37, 39 ],
\[ 3, 8, 2, 6, 12, 7, 1, 9, 11, 19, 20, 10, 15, 17, 16, 4, 18, 5, 21, 22, 23, 24, 31, 32, 27, 29, 28, 13, 30, 14, 33, 34, 35, 36, 43, 44, 39, 41, 40, 25, 42, 26, 45, 46, 47, 48, 55, 56, 51, 53, 52, 37, 54, 38, 57, 58, 59, 60, 61, 63, 62, 49, 64, 50 ],
\[ 14, 18, 17, 26, 4, 29, 30, 5, 12, 7, 10, 6, 38, 13, 41, 42, 15, 16, 1, 19, 3, 21, 2, 23, 50, 25, 53, 54, 27, 28, 8, 31, 9, 33, 11, 35, 60, 37, 63, 64, 39, 40, 20, 43, 22, 45, 24, 47, 48, 49, 56, 58, 51, 52, 32, 55, 34, 57, 36, 59, 44, 46, 61, 62 ]:
 Order := 64 >) |
[ PermutationGroup<64 |  
\[ 10, 21, 19, 18, 2, 5, 12, 23, 31, 9, 33, 8, 30, 7, 14, 17, 1, 3, 11, 35, 20, 43, 22, 45, 42, 16, 26, 29, 4, 6, 24, 47, 32, 55, 34, 57, 54, 28, 38, 41, 13, 15, 36, 59, 44, 61, 46, 62, 64, 40, 50, 53, 25, 27, 48, 49, 56, 51, 58, 52, 60, 63, 37, 39 ],
\[ 3, 8, 2, 6, 12, 7, 1, 9, 11, 19, 20, 10, 15, 17, 16, 4, 18, 5, 21, 22, 23, 24, 31, 32, 27, 29, 28, 13, 30, 14, 33, 34, 35, 36, 43, 44, 39, 41, 40, 25, 42, 26, 45, 46, 47, 48, 55, 56, 51, 53, 52, 37, 54, 38, 57, 58, 59, 60, 61, 63, 62, 49, 64, 50 ],
\[ 14, 18, 17, 26, 4, 29, 30, 5, 12, 7, 10, 6, 38, 13, 41, 42, 15, 16, 1, 19, 3, 21, 2, 23, 50, 25, 53, 54, 27, 28, 8, 31, 9, 33, 11, 35, 60, 37, 63, 64, 39, 40, 20, 43, 22, 45, 24, 47, 48, 49, 56, 58, 51, 52, 32, 55, 34, 57, 36, 59, 44, 46, 61, 62 ]:
 Order := 64 > |
[ 6, 1, 7, 15, 17, 16, 4, 3, 2, 5, 8, 18, 27, 29, 28, 13, 30, 14, 12, 9, 10, 11, 19, 20, 39, 41, 40, 25, 42, 26, 21, 22, 23, 24, 31, 32, 51, 53, 52, 37, 54, 38, 33, 34, 35, 36, 43, 44, 61, 63, 62, 49, 64, 50, 45, 46, 47, 48, 55, 56, 57, 59, 58, 60 ],
[ 3, 8, 2, 6, 12, 7, 1, 9, 11, 19, 20, 10, 15, 17, 16, 4, 18, 5, 21, 22, 23, 24, 31, 32, 27, 29, 28, 13, 30, 14, 33, 34, 35, 36, 43, 44, 39, 41, 40, 25, 42, 26, 45, 46, 47, 48, 55, 56, 51, 53, 52, 37, 54, 38, 57, 58, 59, 60, 61, 63, 62, 49, 64, 50 ],
[ 3, 8, 2, 6, 12, 7, 1, 9, 11, 19, 20, 10, 15, 17, 16, 4, 18, 5, 21, 22, 23, 24, 31, 32, 27, 29, 28, 13, 30, 14, 33, 34, 35, 36, 43, 44, 39, 41, 40, 25, 42, 26, 45, 46, 47, 48, 55, 56, 51, 53, 52, 37, 54, 38, 57, 58, 59, 60, 61, 63, 62, 49, 64, 50 ]
],
[ PermutationGroup<64 |  
\[ 10, 21, 19, 18, 2, 5, 12, 23, 31, 9, 33, 8, 30, 7, 14, 17, 1, 3, 11, 35, 20, 43, 22, 45, 42, 16, 26, 29, 4, 6, 24, 47, 32, 55, 34, 57, 54, 28, 38, 41, 13, 15, 36, 59, 44, 61, 46, 62, 64, 40, 50, 53, 25, 27, 48, 49, 56, 51, 58, 52, 60, 63, 37, 39 ],
\[ 3, 8, 2, 6, 12, 7, 1, 9, 11, 19, 20, 10, 15, 17, 16, 4, 18, 5, 21, 22, 23, 24, 31, 32, 27, 29, 28, 13, 30, 14, 33, 34, 35, 36, 43, 44, 39, 41, 40, 25, 42, 26, 45, 46, 47, 48, 55, 56, 51, 53, 52, 37, 54, 38, 57, 58, 59, 60, 61, 63, 62, 49, 64, 50 ],
\[ 14, 18, 17, 26, 4, 29, 30, 5, 12, 7, 10, 6, 38, 13, 41, 42, 15, 16, 1, 19, 3, 21, 2, 23, 50, 25, 53, 54, 27, 28, 8, 31, 9, 33, 11, 35, 60, 37, 63, 64, 39, 40, 20, 43, 22, 45, 24, 47, 48, 49, 56, 58, 51, 52, 32, 55, 34, 57, 36, 59, 44, 46, 61, 62 ]:
 Order := 64 > |
[ 17, 5, 18, 29, 6, 30, 14, 12, 10, 1, 19, 7, 41, 15, 42, 26, 16, 4, 3, 21, 2, 23, 8, 31, 53, 27, 54, 38, 28, 13, 9, 33, 11, 35, 20, 43, 63, 39, 64, 50, 40, 25, 22, 45, 24, 47, 32, 55, 56, 51, 58, 60, 52, 37, 34, 57, 36, 59, 44, 61, 46, 48, 62, 49 ],
[ 3, 8, 2, 6, 12, 7, 1, 9, 11, 19, 20, 10, 15, 17, 16, 4, 18, 5, 21, 22, 23, 24, 31, 32, 27, 29, 28, 13, 30, 14, 33, 34, 35, 36, 43, 44, 39, 41, 40, 25, 42, 26, 45, 46, 47, 48, 55, 56, 51, 53, 52, 37, 54, 38, 57, 58, 59, 60, 61, 63, 62, 49, 64, 50 ],
[ 12, 19, 10, 17, 3, 18, 5, 21, 23, 8, 31, 2, 29, 6, 30, 14, 7, 1, 9, 33, 11, 35, 20, 43, 41, 15, 42, 26, 16, 4, 22, 45, 24, 47, 32, 55, 53, 27, 54, 38, 28, 13, 34, 57, 36, 59, 44, 61, 63, 39, 64, 50, 40, 25, 46, 62, 48, 49, 56, 51, 58, 60, 52, 37 ]
],
[ PermutationGroup<64 |  
\[ 10, 21, 19, 18, 2, 5, 12, 23, 31, 9, 33, 8, 30, 7, 14, 17, 1, 3, 11, 35, 20, 43, 22, 45, 42, 16, 26, 29, 4, 6, 24, 47, 32, 55, 34, 57, 54, 28, 38, 41, 13, 15, 36, 59, 44, 61, 46, 62, 64, 40, 50, 53, 25, 27, 48, 49, 56, 51, 58, 52, 60, 63, 37, 39 ],
\[ 3, 8, 2, 6, 12, 7, 1, 9, 11, 19, 20, 10, 15, 17, 16, 4, 18, 5, 21, 22, 23, 24, 31, 32, 27, 29, 28, 13, 30, 14, 33, 34, 35, 36, 43, 44, 39, 41, 40, 25, 42, 26, 45, 46, 47, 48, 55, 56, 51, 53, 52, 37, 54, 38, 57, 58, 59, 60, 61, 63, 62, 49, 64, 50 ],
\[ 14, 18, 17, 26, 4, 29, 30, 5, 12, 7, 10, 6, 38, 13, 41, 42, 15, 16, 1, 19, 3, 21, 2, 23, 50, 25, 53, 54, 27, 28, 8, 31, 9, 33, 11, 35, 60, 37, 63, 64, 39, 40, 20, 43, 22, 45, 24, 47, 48, 49, 56, 58, 51, 52, 32, 55, 34, 57, 36, 59, 44, 46, 61, 62 ]:
 Order := 64 > |
[ 51, 37, 52, 61, 63, 62, 49, 39, 40, 50, 25, 64, 55, 56, 57, 59, 58, 60, 53, 27, 54, 28, 38, 13, 43, 44, 45, 47, 46, 48, 41, 15, 42, 16, 26, 4, 31, 32, 33, 35, 34, 36, 29, 6, 30, 7, 14, 1, 19, 20, 21, 23, 22, 24, 17, 3, 18, 2, 5, 8, 12, 10, 9, 11 ],
[ 3, 8, 2, 6, 12, 7, 1, 9, 11, 19, 20, 10, 15, 17, 16, 4, 18, 5, 21, 22, 23, 24, 31, 32, 27, 29, 28, 13, 30, 14, 33, 34, 35, 36, 43, 44, 39, 41, 40, 25, 42, 26, 45, 46, 47, 48, 55, 56, 51, 53, 52, 37, 54, 38, 57, 58, 59, 60, 61, 63, 62, 49, 64, 50 ],
[ 46, 56, 48, 34, 57, 36, 44, 58, 60, 61, 63, 59, 22, 45, 24, 32, 47, 55, 62, 64, 49, 50, 51, 53, 9, 33, 11, 20, 35, 43, 52, 54, 37, 38, 39, 41, 3, 21, 2, 8, 23, 31, 40, 42, 25, 26, 27, 29, 6, 12, 7, 1, 10, 19, 28, 30, 13, 14, 15, 17, 16, 4, 18, 5 ]
],
[ PermutationGroup<64 |  
\[ 10, 21, 19, 18, 2, 5, 12, 23, 31, 9, 33, 8, 30, 7, 14, 17, 1, 3, 11, 35, 20, 43, 22, 45, 42, 16, 26, 29, 4, 6, 24, 47, 32, 55, 34, 57, 54, 28, 38, 41, 13, 15, 36, 59, 44, 61, 46, 62, 64, 40, 50, 53, 25, 27, 48, 49, 56, 51, 58, 52, 60, 63, 37, 39 ],
\[ 3, 8, 2, 6, 12, 7, 1, 9, 11, 19, 20, 10, 15, 17, 16, 4, 18, 5, 21, 22, 23, 24, 31, 32, 27, 29, 28, 13, 30, 14, 33, 34, 35, 36, 43, 44, 39, 41, 40, 25, 42, 26, 45, 46, 47, 48, 55, 56, 51, 53, 52, 37, 54, 38, 57, 58, 59, 60, 61, 63, 62, 49, 64, 50 ],
\[ 14, 18, 17, 26, 4, 29, 30, 5, 12, 7, 10, 6, 38, 13, 41, 42, 15, 16, 1, 19, 3, 21, 2, 23, 50, 25, 53, 54, 27, 28, 8, 31, 9, 33, 11, 35, 60, 37, 63, 64, 39, 40, 20, 43, 22, 45, 24, 47, 48, 49, 56, 58, 51, 52, 32, 55, 34, 57, 36, 59, 44, 46, 61, 62 ]:
 Order := 64 > |
[ 63, 50, 64, 56, 51, 58, 60, 53, 54, 37, 38, 52, 44, 61, 46, 48, 62, 49, 39, 41, 40, 42, 25, 26, 32, 55, 34, 36, 57, 59, 27, 29, 28, 30, 13, 14, 20, 43, 22, 24, 45, 47, 15, 17, 16, 18, 4, 5, 8, 31, 9, 11, 33, 35, 6, 12, 7, 10, 1, 19, 3, 2, 21, 23 ],
[ 3, 8, 2, 6, 12, 7, 1, 9, 11, 19, 20, 10, 15, 17, 16, 4, 18, 5, 21, 22, 23, 24, 31, 32, 27, 29, 28, 13, 30, 14, 33, 34, 35, 36, 43, 44, 39, 41, 40, 25, 42, 26, 45, 46, 47, 48, 55, 56, 51, 53, 52, 37, 54, 38, 57, 58, 59, 60, 61, 63, 62, 49, 64, 50 ],
[ 57, 61, 59, 45, 46, 47, 55, 62, 49, 56, 51, 48, 33, 34, 35, 43, 36, 44, 58, 52, 60, 37, 63, 39, 21, 22, 23, 31, 24, 32, 64, 40, 50, 25, 53, 27, 12, 9, 10, 19, 11, 20, 54, 28, 38, 13, 41, 15, 17, 3, 18, 5, 2, 8, 42, 16, 26, 4, 29, 6, 30, 14, 7, 1 ]
],
[ PermutationGroup<64 |  
\[ 10, 21, 19, 18, 2, 5, 12, 23, 31, 9, 33, 8, 30, 7, 14, 17, 1, 3, 11, 35, 20, 43, 22, 45, 42, 16, 26, 29, 4, 6, 24, 47, 32, 55, 34, 57, 54, 28, 38, 41, 13, 15, 36, 59, 44, 61, 46, 62, 64, 40, 50, 53, 25, 27, 48, 49, 56, 51, 58, 52, 60, 63, 37, 39 ],
\[ 3, 8, 2, 6, 12, 7, 1, 9, 11, 19, 20, 10, 15, 17, 16, 4, 18, 5, 21, 22, 23, 24, 31, 32, 27, 29, 28, 13, 30, 14, 33, 34, 35, 36, 43, 44, 39, 41, 40, 25, 42, 26, 45, 46, 47, 48, 55, 56, 51, 53, 52, 37, 54, 38, 57, 58, 59, 60, 61, 63, 62, 49, 64, 50 ],
\[ 14, 18, 17, 26, 4, 29, 30, 5, 12, 7, 10, 6, 38, 13, 41, 42, 15, 16, 1, 19, 3, 21, 2, 23, 50, 25, 53, 54, 27, 28, 8, 31, 9, 33, 11, 35, 60, 37, 63, 64, 39, 40, 20, 43, 22, 45, 24, 47, 48, 49, 56, 58, 51, 52, 32, 55, 34, 57, 36, 59, 44, 46, 61, 62 ]:
 Order := 64 > |
[ 20, 24, 22, 8, 31, 9, 11, 32, 34, 35, 36, 33, 1, 19, 3, 2, 21, 23, 43, 44, 45, 46, 47, 48, 4, 5, 6, 7, 12, 10, 55, 56, 57, 58, 59, 60, 13, 14, 15, 16, 17, 18, 61, 63, 62, 64, 49, 50, 25, 26, 27, 28, 29, 30, 51, 53, 52, 54, 37, 38, 39, 40, 41, 42 ],
[ 3, 8, 2, 6, 12, 7, 1, 9, 11, 19, 20, 10, 15, 17, 16, 4, 18, 5, 21, 22, 23, 24, 31, 32, 27, 29, 28, 13, 30, 14, 33, 34, 35, 36, 43, 44, 39, 41, 40, 25, 42, 26, 45, 46, 47, 48, 55, 56, 51, 53, 52, 37, 54, 38, 57, 58, 59, 60, 61, 63, 62, 49, 64, 50 ],
[ 28, 15, 13, 40, 42, 25, 27, 16, 4, 29, 6, 26, 52, 54, 37, 39, 38, 41, 30, 7, 14, 1, 17, 3, 62, 64, 49, 51, 50, 53, 18, 2, 5, 8, 12, 9, 57, 58, 59, 61, 60, 63, 10, 11, 19, 20, 21, 22, 45, 46, 47, 55, 48, 56, 23, 24, 31, 32, 33, 34, 35, 43, 36, 44 ]
],
[ PermutationGroup<64 |  
\[ 10, 21, 19, 18, 2, 5, 12, 23, 31, 9, 33, 8, 30, 7, 14, 17, 1, 3, 11, 35, 20, 43, 22, 45, 42, 16, 26, 29, 4, 6, 24, 47, 32, 55, 34, 57, 54, 28, 38, 41, 13, 15, 36, 59, 44, 61, 46, 62, 64, 40, 50, 53, 25, 27, 48, 49, 56, 51, 58, 52, 60, 63, 37, 39 ],
\[ 3, 8, 2, 6, 12, 7, 1, 9, 11, 19, 20, 10, 15, 17, 16, 4, 18, 5, 21, 22, 23, 24, 31, 32, 27, 29, 28, 13, 30, 14, 33, 34, 35, 36, 43, 44, 39, 41, 40, 25, 42, 26, 45, 46, 47, 48, 55, 56, 51, 53, 52, 37, 54, 38, 57, 58, 59, 60, 61, 63, 62, 49, 64, 50 ],
\[ 14, 18, 17, 26, 4, 29, 30, 5, 12, 7, 10, 6, 38, 13, 41, 42, 15, 16, 1, 19, 3, 21, 2, 23, 50, 25, 53, 54, 27, 28, 8, 31, 9, 33, 11, 35, 60, 37, 63, 64, 39, 40, 20, 43, 22, 45, 24, 47, 48, 49, 56, 58, 51, 52, 32, 55, 34, 57, 36, 59, 44, 46, 61, 62 ]:
 Order := 64 > |
[ 54, 41, 38, 64, 40, 50, 53, 42, 26, 27, 29, 25, 58, 52, 60, 63, 37, 39, 28, 30, 13, 14, 15, 17, 46, 62, 48, 56, 49, 51, 16, 18, 4, 5, 6, 12, 34, 57, 36, 44, 59, 61, 7, 10, 1, 19, 3, 21, 22, 45, 24, 32, 47, 55, 2, 23, 8, 31, 9, 33, 11, 20, 35, 43 ],
[ 3, 8, 2, 6, 12, 7, 1, 9, 11, 19, 20, 10, 15, 17, 16, 4, 18, 5, 21, 22, 23, 24, 31, 32, 27, 29, 28, 13, 30, 14, 33, 34, 35, 36, 43, 44, 39, 41, 40, 25, 42, 26, 45, 46, 47, 48, 55, 56, 51, 53, 52, 37, 54, 38, 57, 58, 59, 60, 61, 63, 62, 49, 64, 50 ],
[ 43, 47, 45, 31, 32, 33, 35, 55, 57, 36, 59, 34, 19, 20, 21, 23, 22, 24, 44, 61, 46, 62, 48, 49, 5, 8, 12, 10, 9, 11, 56, 51, 58, 52, 60, 37, 14, 1, 17, 18, 3, 2, 63, 39, 64, 40, 50, 25, 26, 4, 29, 30, 6, 7, 53, 27, 54, 28, 38, 13, 41, 42, 15, 16 ]
],
[ PermutationGroup<64 |  
\[ 10, 21, 19, 18, 2, 5, 12, 23, 31, 9, 33, 8, 30, 7, 14, 17, 1, 3, 11, 35, 20, 43, 22, 45, 42, 16, 26, 29, 4, 6, 24, 47, 32, 55, 34, 57, 54, 28, 38, 41, 13, 15, 36, 59, 44, 61, 46, 62, 64, 40, 50, 53, 25, 27, 48, 49, 56, 51, 58, 52, 60, 63, 37, 39 ],
\[ 3, 8, 2, 6, 12, 7, 1, 9, 11, 19, 20, 10, 15, 17, 16, 4, 18, 5, 21, 22, 23, 24, 31, 32, 27, 29, 28, 13, 30, 14, 33, 34, 35, 36, 43, 44, 39, 41, 40, 25, 42, 26, 45, 46, 47, 48, 55, 56, 51, 53, 52, 37, 54, 38, 57, 58, 59, 60, 61, 63, 62, 49, 64, 50 ],
\[ 14, 18, 17, 26, 4, 29, 30, 5, 12, 7, 10, 6, 38, 13, 41, 42, 15, 16, 1, 19, 3, 21, 2, 23, 50, 25, 53, 54, 27, 28, 8, 31, 9, 33, 11, 35, 60, 37, 63, 64, 39, 40, 20, 43, 22, 45, 24, 47, 48, 49, 56, 58, 51, 52, 32, 55, 34, 57, 36, 59, 44, 46, 61, 62 ]:
 Order := 64 > |
[ 31, 35, 33, 19, 20, 21, 23, 43, 45, 24, 47, 22, 5, 8, 12, 10, 9, 11, 32, 55, 34, 57, 36, 59, 14, 1, 17, 18, 3, 2, 44, 61, 46, 62, 48, 49, 26, 4, 29, 30, 6, 7, 56, 51, 58, 52, 60, 37, 38, 13, 41, 42, 15, 16, 63, 39, 64, 40, 50, 25, 53, 54, 27, 28 ],
[ 3, 8, 2, 6, 12, 7, 1, 9, 11, 19, 20, 10, 15, 17, 16, 4, 18, 5, 21, 22, 23, 24, 31, 32, 27, 29, 28, 13, 30, 14, 33, 34, 35, 36, 43, 44, 39, 41, 40, 25, 42, 26, 45, 46, 47, 48, 55, 56, 51, 53, 52, 37, 54, 38, 57, 58, 59, 60, 61, 63, 62, 49, 64, 50 ],
[ 42, 29, 26, 54, 28, 38, 41, 30, 14, 15, 17, 13, 64, 40, 50, 53, 25, 27, 16, 18, 4, 5, 6, 12, 58, 52, 60, 63, 37, 39, 7, 10, 1, 19, 3, 21, 46, 62, 48, 56, 49, 51, 2, 23, 8, 31, 9, 33, 34, 57, 36, 44, 59, 61, 11, 35, 20, 43, 22, 45, 24, 32, 47, 55 ]
],
[ PermutationGroup<64 |  
\[ 10, 21, 19, 18, 2, 5, 12, 23, 31, 9, 33, 8, 30, 7, 14, 17, 1, 3, 11, 35, 20, 43, 22, 45, 42, 16, 26, 29, 4, 6, 24, 47, 32, 55, 34, 57, 54, 28, 38, 41, 13, 15, 36, 59, 44, 61, 46, 62, 64, 40, 50, 53, 25, 27, 48, 49, 56, 51, 58, 52, 60, 63, 37, 39 ],
\[ 3, 8, 2, 6, 12, 7, 1, 9, 11, 19, 20, 10, 15, 17, 16, 4, 18, 5, 21, 22, 23, 24, 31, 32, 27, 29, 28, 13, 30, 14, 33, 34, 35, 36, 43, 44, 39, 41, 40, 25, 42, 26, 45, 46, 47, 48, 55, 56, 51, 53, 52, 37, 54, 38, 57, 58, 59, 60, 61, 63, 62, 49, 64, 50 ],
\[ 14, 18, 17, 26, 4, 29, 30, 5, 12, 7, 10, 6, 38, 13, 41, 42, 15, 16, 1, 19, 3, 21, 2, 23, 50, 25, 53, 54, 27, 28, 8, 31, 9, 33, 11, 35, 60, 37, 63, 64, 39, 40, 20, 43, 22, 45, 24, 47, 48, 49, 56, 58, 51, 52, 32, 55, 34, 57, 36, 59, 44, 46, 61, 62 ]:
 Order := 64 > |
[ 40, 27, 25, 52, 54, 37, 39, 28, 13, 41, 15, 38, 62, 64, 49, 51, 50, 53, 42, 16, 26, 4, 29, 6, 57, 58, 59, 61, 60, 63, 30, 7, 14, 1, 17, 3, 45, 46, 47, 55, 48, 56, 18, 2, 5, 8, 12, 9, 33, 34, 35, 43, 36, 44, 10, 11, 19, 20, 21, 22, 23, 31, 24, 32 ],
[ 3, 8, 2, 6, 12, 7, 1, 9, 11, 19, 20, 10, 15, 17, 16, 4, 18, 5, 21, 22, 23, 24, 31, 32, 27, 29, 28, 13, 30, 14, 33, 34, 35, 36, 43, 44, 39, 41, 40, 25, 42, 26, 45, 46, 47, 48, 55, 56, 51, 53, 52, 37, 54, 38, 57, 58, 59, 60, 61, 63, 62, 49, 64, 50 ],
[ 32, 36, 34, 20, 43, 22, 24, 44, 46, 47, 48, 45, 8, 31, 9, 11, 33, 35, 55, 56, 57, 58, 59, 60, 1, 19, 3, 2, 21, 23, 61, 63, 62, 64, 49, 50, 4, 5, 6, 7, 12, 10, 51, 53, 52, 54, 37, 38, 13, 14, 15, 16, 17, 18, 39, 41, 40, 42, 25, 26, 27, 28, 29, 30 ]
],
[ PermutationGroup<64 |  
\[ 10, 21, 19, 18, 2, 5, 12, 23, 31, 9, 33, 8, 30, 7, 14, 17, 1, 3, 11, 35, 20, 43, 22, 45, 42, 16, 26, 29, 4, 6, 24, 47, 32, 55, 34, 57, 54, 28, 38, 41, 13, 15, 36, 59, 44, 61, 46, 62, 64, 40, 50, 53, 25, 27, 48, 49, 56, 51, 58, 52, 60, 63, 37, 39 ],
\[ 3, 8, 2, 6, 12, 7, 1, 9, 11, 19, 20, 10, 15, 17, 16, 4, 18, 5, 21, 22, 23, 24, 31, 32, 27, 29, 28, 13, 30, 14, 33, 34, 35, 36, 43, 44, 39, 41, 40, 25, 42, 26, 45, 46, 47, 48, 55, 56, 51, 53, 52, 37, 54, 38, 57, 58, 59, 60, 61, 63, 62, 49, 64, 50 ],
\[ 14, 18, 17, 26, 4, 29, 30, 5, 12, 7, 10, 6, 38, 13, 41, 42, 15, 16, 1, 19, 3, 21, 2, 23, 50, 25, 53, 54, 27, 28, 8, 31, 9, 33, 11, 35, 60, 37, 63, 64, 39, 40, 20, 43, 22, 45, 24, 47, 48, 49, 56, 58, 51, 52, 32, 55, 34, 57, 36, 59, 44, 46, 61, 62 ]:
 Order := 64 > |
[ 26, 30, 29, 38, 13, 41, 42, 14, 17, 16, 18, 15, 50, 25, 53, 54, 27, 28, 4, 5, 6, 12, 7, 10, 60, 37, 63, 64, 39, 40, 1, 19, 3, 21, 2, 23, 48, 49, 56, 58, 51, 52, 8, 31, 9, 33, 11, 35, 36, 59, 44, 46, 61, 62, 20, 43, 22, 45, 24, 47, 32, 34, 55, 57 ],
[ 3, 8, 2, 6, 12, 7, 1, 9, 11, 19, 20, 10, 15, 17, 16, 4, 18, 5, 21, 22, 23, 24, 31, 32, 27, 29, 28, 13, 30, 14, 33, 34, 35, 36, 43, 44, 39, 41, 40, 25, 42, 26, 45, 46, 47, 48, 55, 56, 51, 53, 52, 37, 54, 38, 57, 58, 59, 60, 61, 63, 62, 49, 64, 50 ],
[ 23, 33, 31, 10, 11, 19, 21, 35, 43, 22, 45, 20, 18, 2, 5, 12, 8, 9, 24, 47, 32, 55, 34, 57, 30, 7, 14, 17, 1, 3, 36, 59, 44, 61, 46, 62, 42, 16, 26, 29, 4, 6, 48, 49, 56, 51, 58, 52, 54, 28, 38, 41, 13, 15, 60, 37, 63, 39, 64, 40, 50, 53, 25, 27 ]
],
[ PermutationGroup<64 |  
\[ 10, 21, 19, 18, 2, 5, 12, 23, 31, 9, 33, 8, 30, 7, 14, 17, 1, 3, 11, 35, 20, 43, 22, 45, 42, 16, 26, 29, 4, 6, 24, 47, 32, 55, 34, 57, 54, 28, 38, 41, 13, 15, 36, 59, 44, 61, 46, 62, 64, 40, 50, 53, 25, 27, 48, 49, 56, 51, 58, 52, 60, 63, 37, 39 ],
\[ 3, 8, 2, 6, 12, 7, 1, 9, 11, 19, 20, 10, 15, 17, 16, 4, 18, 5, 21, 22, 23, 24, 31, 32, 27, 29, 28, 13, 30, 14, 33, 34, 35, 36, 43, 44, 39, 41, 40, 25, 42, 26, 45, 46, 47, 48, 55, 56, 51, 53, 52, 37, 54, 38, 57, 58, 59, 60, 61, 63, 62, 49, 64, 50 ],
\[ 14, 18, 17, 26, 4, 29, 30, 5, 12, 7, 10, 6, 38, 13, 41, 42, 15, 16, 1, 19, 3, 21, 2, 23, 50, 25, 53, 54, 27, 28, 8, 31, 9, 33, 11, 35, 60, 37, 63, 64, 39, 40, 20, 43, 22, 45, 24, 47, 48, 49, 56, 58, 51, 52, 32, 55, 34, 57, 36, 59, 44, 46, 61, 62 ]:
 Order := 64 > |
[ 45, 55, 47, 33, 34, 35, 43, 57, 59, 44, 61, 36, 21, 22, 23, 31, 24, 32, 46, 62, 48, 49, 56, 51, 12, 9, 10, 19, 11, 20, 58, 52, 60, 37, 63, 39, 17, 3, 18, 5, 2, 8, 64, 40, 50, 25, 53, 27, 29, 6, 30, 14, 7, 1, 54, 28, 38, 13, 41, 15, 42, 26, 16, 4 ],
[ 3, 8, 2, 6, 12, 7, 1, 9, 11, 19, 20, 10, 15, 17, 16, 4, 18, 5, 21, 22, 23, 24, 31, 32, 27, 29, 28, 13, 30, 14, 33, 34, 35, 36, 43, 44, 39, 41, 40, 25, 42, 26, 45, 46, 47, 48, 55, 56, 51, 53, 52, 37, 54, 38, 57, 58, 59, 60, 61, 63, 62, 49, 64, 50 ],
[ 53, 38, 54, 63, 39, 64, 50, 41, 42, 25, 26, 40, 56, 51, 58, 60, 52, 37, 27, 29, 28, 30, 13, 14, 44, 61, 46, 48, 62, 49, 15, 17, 16, 18, 4, 5, 32, 55, 34, 36, 57, 59, 6, 12, 7, 10, 1, 19, 20, 43, 22, 24, 45, 47, 3, 21, 2, 23, 8, 31, 9, 11, 33, 35 ]
],
[ PermutationGroup<64 |  
\[ 10, 21, 19, 18, 2, 5, 12, 23, 31, 9, 33, 8, 30, 7, 14, 17, 1, 3, 11, 35, 20, 43, 22, 45, 42, 16, 26, 29, 4, 6, 24, 47, 32, 55, 34, 57, 54, 28, 38, 41, 13, 15, 36, 59, 44, 61, 46, 62, 64, 40, 50, 53, 25, 27, 48, 49, 56, 51, 58, 52, 60, 63, 37, 39 ],
\[ 3, 8, 2, 6, 12, 7, 1, 9, 11, 19, 20, 10, 15, 17, 16, 4, 18, 5, 21, 22, 23, 24, 31, 32, 27, 29, 28, 13, 30, 14, 33, 34, 35, 36, 43, 44, 39, 41, 40, 25, 42, 26, 45, 46, 47, 48, 55, 56, 51, 53, 52, 37, 54, 38, 57, 58, 59, 60, 61, 63, 62, 49, 64, 50 ],
\[ 14, 18, 17, 26, 4, 29, 30, 5, 12, 7, 10, 6, 38, 13, 41, 42, 15, 16, 1, 19, 3, 21, 2, 23, 50, 25, 53, 54, 27, 28, 8, 31, 9, 33, 11, 35, 60, 37, 63, 64, 39, 40, 20, 43, 22, 45, 24, 47, 48, 49, 56, 58, 51, 52, 32, 55, 34, 57, 36, 59, 44, 46, 61, 62 ]:
 Order := 64 > |
[ 13, 16, 15, 25, 26, 27, 28, 4, 6, 30, 7, 29, 37, 38, 39, 40, 41, 42, 14, 1, 17, 3, 18, 2, 49, 50, 51, 52, 53, 54, 5, 8, 12, 9, 10, 11, 59, 60, 61, 62, 63, 64, 19, 20, 21, 22, 23, 24, 47, 48, 55, 57, 56, 58, 31, 32, 33, 34, 35, 36, 43, 45, 44, 46 ],
[ 3, 8, 2, 6, 12, 7, 1, 9, 11, 19, 20, 10, 15, 17, 16, 4, 18, 5, 21, 22, 23, 24, 31, 32, 27, 29, 28, 13, 30, 14, 33, 34, 35, 36, 43, 44, 39, 41, 40, 25, 42, 26, 45, 46, 47, 48, 55, 56, 51, 53, 52, 37, 54, 38, 57, 58, 59, 60, 61, 63, 62, 49, 64, 50 ],
[ 11, 22, 20, 2, 23, 8, 9, 24, 32, 33, 34, 31, 7, 10, 1, 3, 19, 21, 35, 36, 43, 44, 45, 46, 16, 18, 4, 6, 5, 12, 47, 48, 55, 56, 57, 58, 28, 30, 13, 15, 14, 17, 59, 60, 61, 63, 62, 64, 40, 42, 25, 27, 26, 29, 49, 50, 51, 53, 52, 54, 37, 39, 38, 41 ]
],
[ PermutationGroup<64 |  
\[ 10, 21, 19, 18, 2, 5, 12, 23, 31, 9, 33, 8, 30, 7, 14, 17, 1, 3, 11, 35, 20, 43, 22, 45, 42, 16, 26, 29, 4, 6, 24, 47, 32, 55, 34, 57, 54, 28, 38, 41, 13, 15, 36, 59, 44, 61, 46, 62, 64, 40, 50, 53, 25, 27, 48, 49, 56, 51, 58, 52, 60, 63, 37, 39 ],
\[ 3, 8, 2, 6, 12, 7, 1, 9, 11, 19, 20, 10, 15, 17, 16, 4, 18, 5, 21, 22, 23, 24, 31, 32, 27, 29, 28, 13, 30, 14, 33, 34, 35, 36, 43, 44, 39, 41, 40, 25, 42, 26, 45, 46, 47, 48, 55, 56, 51, 53, 52, 37, 54, 38, 57, 58, 59, 60, 61, 63, 62, 49, 64, 50 ],
\[ 14, 18, 17, 26, 4, 29, 30, 5, 12, 7, 10, 6, 38, 13, 41, 42, 15, 16, 1, 19, 3, 21, 2, 23, 50, 25, 53, 54, 27, 28, 8, 31, 9, 33, 11, 35, 60, 37, 63, 64, 39, 40, 20, 43, 22, 45, 24, 47, 48, 49, 56, 58, 51, 52, 32, 55, 34, 57, 36, 59, 44, 46, 61, 62 ]:
 Order := 64 > |
[ 34, 44, 36, 22, 45, 24, 32, 46, 48, 55, 56, 47, 9, 33, 11, 20, 35, 43, 57, 58, 59, 60, 61, 63, 3, 21, 2, 8, 23, 31, 62, 64, 49, 50, 51, 53, 6, 12, 7, 1, 10, 19, 52, 54, 37, 38, 39, 41, 15, 17, 16, 4, 18, 5, 40, 42, 25, 26, 27, 29, 28, 13, 30, 14 ],
[ 3, 8, 2, 6, 12, 7, 1, 9, 11, 19, 20, 10, 15, 17, 16, 4, 18, 5, 21, 22, 23, 24, 31, 32, 27, 29, 28, 13, 30, 14, 33, 34, 35, 36, 43, 44, 39, 41, 40, 25, 42, 26, 45, 46, 47, 48, 55, 56, 51, 53, 52, 37, 54, 38, 57, 58, 59, 60, 61, 63, 62, 49, 64, 50 ],
[ 39, 25, 40, 51, 53, 52, 37, 27, 28, 38, 13, 54, 61, 63, 62, 49, 64, 50, 41, 15, 42, 16, 26, 4, 55, 56, 57, 59, 58, 60, 29, 6, 30, 7, 14, 1, 43, 44, 45, 47, 46, 48, 17, 3, 18, 2, 5, 8, 31, 32, 33, 35, 34, 36, 12, 9, 10, 11, 19, 20, 21, 23, 22, 24 ]
],
[ PermutationGroup<64 |  
\[ 10, 21, 19, 18, 2, 5, 12, 23, 31, 9, 33, 8, 30, 7, 14, 17, 1, 3, 11, 35, 20, 43, 22, 45, 42, 16, 26, 29, 4, 6, 24, 47, 32, 55, 34, 57, 54, 28, 38, 41, 13, 15, 36, 59, 44, 61, 46, 62, 64, 40, 50, 53, 25, 27, 48, 49, 56, 51, 58, 52, 60, 63, 37, 39 ],
\[ 3, 8, 2, 6, 12, 7, 1, 9, 11, 19, 20, 10, 15, 17, 16, 4, 18, 5, 21, 22, 23, 24, 31, 32, 27, 29, 28, 13, 30, 14, 33, 34, 35, 36, 43, 44, 39, 41, 40, 25, 42, 26, 45, 46, 47, 48, 55, 56, 51, 53, 52, 37, 54, 38, 57, 58, 59, 60, 61, 63, 62, 49, 64, 50 ],
\[ 14, 18, 17, 26, 4, 29, 30, 5, 12, 7, 10, 6, 38, 13, 41, 42, 15, 16, 1, 19, 3, 21, 2, 23, 50, 25, 53, 54, 27, 28, 8, 31, 9, 33, 11, 35, 60, 37, 63, 64, 39, 40, 20, 43, 22, 45, 24, 47, 48, 49, 56, 58, 51, 52, 32, 55, 34, 57, 36, 59, 44, 46, 61, 62 ]:
 Order := 64 > |
[ 48, 58, 56, 36, 59, 44, 46, 60, 63, 62, 64, 61, 24, 47, 32, 34, 55, 57, 49, 50, 51, 53, 52, 54, 11, 35, 20, 22, 43, 45, 37, 38, 39, 41, 40, 42, 2, 23, 8, 9, 31, 33, 25, 26, 27, 29, 28, 30, 7, 10, 1, 3, 19, 21, 13, 14, 15, 17, 16, 18, 4, 6, 5, 12 ],
[ 3, 8, 2, 6, 12, 7, 1, 9, 11, 19, 20, 10, 15, 17, 16, 4, 18, 5, 21, 22, 23, 24, 31, 32, 27, 29, 28, 13, 30, 14, 33, 34, 35, 36, 43, 44, 39, 41, 40, 25, 42, 26, 45, 46, 47, 48, 55, 56, 51, 53, 52, 37, 54, 38, 57, 58, 59, 60, 61, 63, 62, 49, 64, 50 ],
[ 49, 52, 51, 59, 60, 61, 62, 37, 39, 64, 40, 63, 47, 48, 55, 57, 56, 58, 50, 25, 53, 27, 54, 28, 35, 36, 43, 45, 44, 46, 38, 13, 41, 15, 42, 16, 23, 24, 31, 33, 32, 34, 26, 4, 29, 6, 30, 7, 10, 11, 19, 21, 20, 22, 14, 1, 17, 3, 18, 2, 5, 12, 8, 9 ]
],
[ PermutationGroup<64 |  
\[ 10, 21, 19, 18, 2, 5, 12, 23, 31, 9, 33, 8, 30, 7, 14, 17, 1, 3, 11, 35, 20, 43, 22, 45, 42, 16, 26, 29, 4, 6, 24, 47, 32, 55, 34, 57, 54, 28, 38, 41, 13, 15, 36, 59, 44, 61, 46, 62, 64, 40, 50, 53, 25, 27, 48, 49, 56, 51, 58, 52, 60, 63, 37, 39 ],
\[ 3, 8, 2, 6, 12, 7, 1, 9, 11, 19, 20, 10, 15, 17, 16, 4, 18, 5, 21, 22, 23, 24, 31, 32, 27, 29, 28, 13, 30, 14, 33, 34, 35, 36, 43, 44, 39, 41, 40, 25, 42, 26, 45, 46, 47, 48, 55, 56, 51, 53, 52, 37, 54, 38, 57, 58, 59, 60, 61, 63, 62, 49, 64, 50 ],
\[ 14, 18, 17, 26, 4, 29, 30, 5, 12, 7, 10, 6, 38, 13, 41, 42, 15, 16, 1, 19, 3, 21, 2, 23, 50, 25, 53, 54, 27, 28, 8, 31, 9, 33, 11, 35, 60, 37, 63, 64, 39, 40, 20, 43, 22, 45, 24, 47, 48, 49, 56, 58, 51, 52, 32, 55, 34, 57, 36, 59, 44, 46, 61, 62 ]:
 Order := 64 > |
[ 59, 62, 61, 47, 48, 55, 57, 49, 51, 58, 52, 56, 35, 36, 43, 45, 44, 46, 60, 37, 63, 39, 64, 40, 23, 24, 31, 33, 32, 34, 50, 25, 53, 27, 54, 28, 10, 11, 19, 21, 20, 22, 38, 13, 41, 15, 42, 16, 18, 2, 5, 12, 8, 9, 26, 4, 29, 6, 30, 7, 14, 17, 1, 3 ],
[ 3, 8, 2, 6, 12, 7, 1, 9, 11, 19, 20, 10, 15, 17, 16, 4, 18, 5, 21, 22, 23, 24, 31, 32, 27, 29, 28, 13, 30, 14, 33, 34, 35, 36, 43, 44, 39, 41, 40, 25, 42, 26, 45, 46, 47, 48, 55, 56, 51, 53, 52, 37, 54, 38, 57, 58, 59, 60, 61, 63, 62, 49, 64, 50 ],
[ 60, 64, 63, 48, 49, 56, 58, 50, 53, 52, 54, 51, 36, 59, 44, 46, 61, 62, 37, 38, 39, 41, 40, 42, 24, 47, 32, 34, 55, 57, 25, 26, 27, 29, 28, 30, 11, 35, 20, 22, 43, 45, 13, 14, 15, 17, 16, 18, 2, 23, 8, 9, 31, 33, 4, 5, 6, 12, 7, 10, 1, 3, 19, 21 ]
],
[ PermutationGroup<64 |  
\[ 10, 21, 19, 18, 2, 5, 12, 23, 31, 9, 33, 8, 30, 7, 14, 17, 1, 3, 11, 35, 20, 43, 22, 45, 42, 16, 26, 29, 4, 6, 24, 47, 32, 55, 34, 57, 54, 28, 38, 41, 13, 15, 36, 59, 44, 61, 46, 62, 64, 40, 50, 53, 25, 27, 48, 49, 56, 51, 58, 52, 60, 63, 37, 39 ],
\[ 3, 8, 2, 6, 12, 7, 1, 9, 11, 19, 20, 10, 15, 17, 16, 4, 18, 5, 21, 22, 23, 24, 31, 32, 27, 29, 28, 13, 30, 14, 33, 34, 35, 36, 43, 44, 39, 41, 40, 25, 42, 26, 45, 46, 47, 48, 55, 56, 51, 53, 52, 37, 54, 38, 57, 58, 59, 60, 61, 63, 62, 49, 64, 50 ],
\[ 14, 18, 17, 26, 4, 29, 30, 5, 12, 7, 10, 6, 38, 13, 41, 42, 15, 16, 1, 19, 3, 21, 2, 23, 50, 25, 53, 54, 27, 28, 8, 31, 9, 33, 11, 35, 60, 37, 63, 64, 39, 40, 20, 43, 22, 45, 24, 47, 48, 49, 56, 58, 51, 52, 32, 55, 34, 57, 36, 59, 44, 46, 61, 62 ]:
 Order := 64 > |
[ 2, 9, 8, 7, 10, 1, 3, 11, 20, 21, 22, 19, 16, 18, 4, 6, 5, 12, 23, 24, 31, 32, 33, 34, 28, 30, 13, 15, 14, 17, 35, 36, 43, 44, 45, 46, 40, 42, 25, 27, 26, 29, 47, 48, 55, 56, 57, 58, 52, 54, 37, 39, 38, 41, 59, 60, 61, 63, 62, 64, 49, 51, 50, 53 ],
[ 3, 8, 2, 6, 12, 7, 1, 9, 11, 19, 20, 10, 15, 17, 16, 4, 18, 5, 21, 22, 23, 24, 31, 32, 27, 29, 28, 13, 30, 14, 33, 34, 35, 36, 43, 44, 39, 41, 40, 25, 42, 26, 45, 46, 47, 48, 55, 56, 51, 53, 52, 37, 54, 38, 57, 58, 59, 60, 61, 63, 62, 49, 64, 50 ],
[ 4, 7, 6, 13, 14, 15, 16, 1, 3, 18, 2, 17, 25, 26, 27, 28, 29, 30, 5, 8, 12, 9, 10, 11, 37, 38, 39, 40, 41, 42, 19, 20, 21, 22, 23, 24, 49, 50, 51, 52, 53, 54, 31, 32, 33, 34, 35, 36, 59, 60, 61, 62, 63, 64, 43, 44, 45, 46, 47, 48, 55, 57, 56, 58 ]
],
[ PermutationGroup<64 |  
\[ 10, 21, 19, 18, 2, 5, 12, 23, 31, 9, 33, 8, 30, 7, 14, 17, 1, 3, 11, 35, 20, 43, 22, 45, 42, 16, 26, 29, 4, 6, 24, 47, 32, 55, 34, 57, 54, 28, 38, 41, 13, 15, 36, 59, 44, 61, 46, 62, 64, 40, 50, 53, 25, 27, 48, 49, 56, 51, 58, 52, 60, 63, 37, 39 ],
\[ 3, 8, 2, 6, 12, 7, 1, 9, 11, 19, 20, 10, 15, 17, 16, 4, 18, 5, 21, 22, 23, 24, 31, 32, 27, 29, 28, 13, 30, 14, 33, 34, 35, 36, 43, 44, 39, 41, 40, 25, 42, 26, 45, 46, 47, 48, 55, 56, 51, 53, 52, 37, 54, 38, 57, 58, 59, 60, 61, 63, 62, 49, 64, 50 ],
\[ 14, 18, 17, 26, 4, 29, 30, 5, 12, 7, 10, 6, 38, 13, 41, 42, 15, 16, 1, 19, 3, 21, 2, 23, 50, 25, 53, 54, 27, 28, 8, 31, 9, 33, 11, 35, 60, 37, 63, 64, 39, 40, 20, 43, 22, 45, 24, 47, 48, 49, 56, 58, 51, 52, 32, 55, 34, 57, 36, 59, 44, 46, 61, 62 ]:
 Order := 64 > |
[ 10, 21, 19, 18, 2, 5, 12, 23, 31, 9, 33, 8, 30, 7, 14, 17, 1, 3, 11, 35, 20, 43, 22, 45, 42, 16, 26, 29, 4, 6, 24, 47, 32, 55, 34, 57, 54, 28, 38, 41, 13, 15, 36, 59, 44, 61, 46, 62, 64, 40, 50, 53, 25, 27, 48, 49, 56, 51, 58, 52, 60, 63, 37, 39 ],
[ 3, 8, 2, 6, 12, 7, 1, 9, 11, 19, 20, 10, 15, 17, 16, 4, 18, 5, 21, 22, 23, 24, 31, 32, 27, 29, 28, 13, 30, 14, 33, 34, 35, 36, 43, 44, 39, 41, 40, 25, 42, 26, 45, 46, 47, 48, 55, 56, 51, 53, 52, 37, 54, 38, 57, 58, 59, 60, 61, 63, 62, 49, 64, 50 ],
[ 14, 18, 17, 26, 4, 29, 30, 5, 12, 7, 10, 6, 38, 13, 41, 42, 15, 16, 1, 19, 3, 21, 2, 23, 50, 25, 53, 54, 27, 28, 8, 31, 9, 33, 11, 35, 60, 37, 63, 64, 39, 40, 20, 43, 22, 45, 24, 47, 48, 49, 56, 58, 51, 52, 32, 55, 34, 57, 36, 59, 44, 46, 61, 62 ]
]
];
s`SolvableDBPointedPassport := [ PowerSequence(PermutationGroup<64 |  
\[ 2, 3, 4, 5, 6, 7, 8, 9, 10, 11, 12, 13, 14, 15, 16, 17, 18, 19, 20, 21, 22, 23, 24, 25, 26, 27, 28, 29, 30, 31, 32, 33, 34, 35, 36, 37, 38, 39, 40, 41, 42, 43, 44, 45, 46, 47, 48, 49, 50, 51, 52, 53, 54, 55, 56, 57, 58, 59, 60, 61, 62, 63, 64, 1 ],
\[ 2, 1, 3, 4, 5, 6, 7, 8, 9, 10, 11, 12, 13, 14, 15, 16, 17, 18, 19, 20, 21, 22, 23, 24, 25, 26, 27, 28, 29, 30, 31, 32, 33, 34, 35, 36, 37, 38, 39, 40, 41, 42, 43, 44, 45, 46, 47, 48, 49, 50, 51, 52, 53, 54, 55, 56, 57, 58, 59, 60, 61, 62, 63, 64 ]:
 Order := 126886932185884164103433389335161480802865516174545192198801894375214704230400000000000000 >) |
[ PermutationGroup<64 |  
\[ 2, 3, 4, 5, 6, 7, 8, 9, 10, 11, 12, 13, 14, 15, 16, 17, 18, 19, 20, 21, 22, 23, 24, 25, 26, 27, 28, 29, 30, 31, 32, 33, 34, 35, 36, 37, 38, 39, 40, 41, 42, 43, 44, 45, 46, 47, 48, 49, 50, 51, 52, 53, 54, 55, 56, 57, 58, 59, 60, 61, 62, 63, 64, 1 ],
\[ 2, 1, 3, 4, 5, 6, 7, 8, 9, 10, 11, 12, 13, 14, 15, 16, 17, 18, 19, 20, 21, 22, 23, 24, 25, 26, 27, 28, 29, 30, 31, 32, 33, 34, 35, 36, 37, 38, 39, 40, 41, 42, 43, 44, 45, 46, 47, 48, 49, 50, 51, 52, 53, 54, 55, 56, 57, 58, 59, 60, 61, 62, 63, 64 ]:
 Order := 126886932185884164103433389335161480802865516174545192198801894375214704230400000000000000 > |
[ 3, 8, 2, 6, 12, 7, 1, 9, 11, 19, 20, 10, 15, 17, 16, 4, 18, 5, 21, 22, 23, 24, 31, 32, 27, 29, 28, 13, 30, 14, 33, 34, 35, 36, 43, 44, 39, 41, 40, 25, 42, 26, 45, 46, 47, 48, 55, 56, 51, 53, 52, 37, 54, 38, 57, 58, 59, 60, 61, 63, 62, 49, 64, 50 ],
[ 3, 8, 2, 6, 12, 7, 1, 9, 11, 19, 20, 10, 15, 17, 16, 4, 18, 5, 21, 22, 23, 24, 31, 32, 27, 29, 28, 13, 30, 14, 33, 34, 35, 36, 43, 44, 39, 41, 40, 25, 42, 26, 45, 46, 47, 48, 55, 56, 51, 53, 52, 37, 54, 38, 57, 58, 59, 60, 61, 63, 62, 49, 64, 50 ],
[ 6, 1, 7, 15, 17, 16, 4, 3, 2, 5, 8, 18, 27, 29, 28, 13, 30, 14, 12, 9, 10, 11, 19, 20, 39, 41, 40, 25, 42, 26, 21, 22, 23, 24, 31, 32, 51, 53, 52, 37, 54, 38, 33, 34, 35, 36, 43, 44, 61, 63, 62, 49, 64, 50, 45, 46, 47, 48, 55, 56, 57, 59, 58, 60 ]
],
[ PermutationGroup<64 |  
\[ 2, 3, 4, 5, 6, 7, 8, 9, 10, 11, 12, 13, 14, 15, 16, 17, 18, 19, 20, 21, 22, 23, 24, 25, 26, 27, 28, 29, 30, 31, 32, 33, 34, 35, 36, 37, 38, 39, 40, 41, 42, 43, 44, 45, 46, 47, 48, 49, 50, 51, 52, 53, 54, 55, 56, 57, 58, 59, 60, 61, 62, 63, 64, 1 ],
\[ 2, 1, 3, 4, 5, 6, 7, 8, 9, 10, 11, 12, 13, 14, 15, 16, 17, 18, 19, 20, 21, 22, 23, 24, 25, 26, 27, 28, 29, 30, 31, 32, 33, 34, 35, 36, 37, 38, 39, 40, 41, 42, 43, 44, 45, 46, 47, 48, 49, 50, 51, 52, 53, 54, 55, 56, 57, 58, 59, 60, 61, 62, 63, 64 ]:
 Order := 126886932185884164103433389335161480802865516174545192198801894375214704230400000000000000 > |
[ 3, 8, 2, 6, 12, 7, 1, 9, 11, 19, 20, 10, 15, 17, 16, 4, 18, 5, 21, 22, 23, 24, 31, 32, 27, 29, 28, 13, 30, 14, 33, 34, 35, 36, 43, 44, 39, 41, 40, 25, 42, 26, 45, 46, 47, 48, 55, 56, 51, 53, 52, 37, 54, 38, 57, 58, 59, 60, 61, 63, 62, 49, 64, 50 ],
[ 12, 19, 10, 17, 3, 18, 5, 21, 23, 8, 31, 2, 29, 6, 30, 14, 7, 1, 9, 33, 11, 35, 20, 43, 41, 15, 42, 26, 16, 4, 22, 45, 24, 47, 32, 55, 53, 27, 54, 38, 28, 13, 34, 57, 36, 59, 44, 61, 63, 39, 64, 50, 40, 25, 46, 62, 48, 49, 56, 51, 58, 60, 52, 37 ],
[ 17, 5, 18, 29, 6, 30, 14, 12, 10, 1, 19, 7, 41, 15, 42, 26, 16, 4, 3, 21, 2, 23, 8, 31, 53, 27, 54, 38, 28, 13, 9, 33, 11, 35, 20, 43, 63, 39, 64, 50, 40, 25, 22, 45, 24, 47, 32, 55, 56, 51, 58, 60, 52, 37, 34, 57, 36, 59, 44, 61, 46, 48, 62, 49 ]
],
[ PermutationGroup<64 |  
\[ 2, 3, 4, 5, 6, 7, 8, 9, 10, 11, 12, 13, 14, 15, 16, 17, 18, 19, 20, 21, 22, 23, 24, 25, 26, 27, 28, 29, 30, 31, 32, 33, 34, 35, 36, 37, 38, 39, 40, 41, 42, 43, 44, 45, 46, 47, 48, 49, 50, 51, 52, 53, 54, 55, 56, 57, 58, 59, 60, 61, 62, 63, 64, 1 ],
\[ 2, 1, 3, 4, 5, 6, 7, 8, 9, 10, 11, 12, 13, 14, 15, 16, 17, 18, 19, 20, 21, 22, 23, 24, 25, 26, 27, 28, 29, 30, 31, 32, 33, 34, 35, 36, 37, 38, 39, 40, 41, 42, 43, 44, 45, 46, 47, 48, 49, 50, 51, 52, 53, 54, 55, 56, 57, 58, 59, 60, 61, 62, 63, 64 ]:
 Order := 126886932185884164103433389335161480802865516174545192198801894375214704230400000000000000 > |
[ 3, 8, 2, 6, 12, 7, 1, 9, 11, 19, 20, 10, 15, 17, 16, 4, 18, 5, 21, 22, 23, 24, 31, 32, 27, 29, 28, 13, 30, 14, 33, 34, 35, 36, 43, 44, 39, 41, 40, 25, 42, 26, 45, 46, 47, 48, 55, 56, 51, 53, 52, 37, 54, 38, 57, 58, 59, 60, 61, 63, 62, 49, 64, 50 ],
[ 46, 56, 48, 34, 57, 36, 44, 58, 60, 61, 63, 59, 22, 45, 24, 32, 47, 55, 62, 64, 49, 50, 51, 53, 9, 33, 11, 20, 35, 43, 52, 54, 37, 38, 39, 41, 3, 21, 2, 8, 23, 31, 40, 42, 25, 26, 27, 29, 6, 12, 7, 1, 10, 19, 28, 30, 13, 14, 15, 17, 16, 4, 18, 5 ],
[ 51, 37, 52, 61, 63, 62, 49, 39, 40, 50, 25, 64, 55, 56, 57, 59, 58, 60, 53, 27, 54, 28, 38, 13, 43, 44, 45, 47, 46, 48, 41, 15, 42, 16, 26, 4, 31, 32, 33, 35, 34, 36, 29, 6, 30, 7, 14, 1, 19, 20, 21, 23, 22, 24, 17, 3, 18, 2, 5, 8, 12, 10, 9, 11 ]
],
[ PermutationGroup<64 |  
\[ 2, 3, 4, 5, 6, 7, 8, 9, 10, 11, 12, 13, 14, 15, 16, 17, 18, 19, 20, 21, 22, 23, 24, 25, 26, 27, 28, 29, 30, 31, 32, 33, 34, 35, 36, 37, 38, 39, 40, 41, 42, 43, 44, 45, 46, 47, 48, 49, 50, 51, 52, 53, 54, 55, 56, 57, 58, 59, 60, 61, 62, 63, 64, 1 ],
\[ 2, 1, 3, 4, 5, 6, 7, 8, 9, 10, 11, 12, 13, 14, 15, 16, 17, 18, 19, 20, 21, 22, 23, 24, 25, 26, 27, 28, 29, 30, 31, 32, 33, 34, 35, 36, 37, 38, 39, 40, 41, 42, 43, 44, 45, 46, 47, 48, 49, 50, 51, 52, 53, 54, 55, 56, 57, 58, 59, 60, 61, 62, 63, 64 ]:
 Order := 126886932185884164103433389335161480802865516174545192198801894375214704230400000000000000 > |
[ 3, 8, 2, 6, 12, 7, 1, 9, 11, 19, 20, 10, 15, 17, 16, 4, 18, 5, 21, 22, 23, 24, 31, 32, 27, 29, 28, 13, 30, 14, 33, 34, 35, 36, 43, 44, 39, 41, 40, 25, 42, 26, 45, 46, 47, 48, 55, 56, 51, 53, 52, 37, 54, 38, 57, 58, 59, 60, 61, 63, 62, 49, 64, 50 ],
[ 57, 61, 59, 45, 46, 47, 55, 62, 49, 56, 51, 48, 33, 34, 35, 43, 36, 44, 58, 52, 60, 37, 63, 39, 21, 22, 23, 31, 24, 32, 64, 40, 50, 25, 53, 27, 12, 9, 10, 19, 11, 20, 54, 28, 38, 13, 41, 15, 17, 3, 18, 5, 2, 8, 42, 16, 26, 4, 29, 6, 30, 14, 7, 1 ],
[ 63, 50, 64, 56, 51, 58, 60, 53, 54, 37, 38, 52, 44, 61, 46, 48, 62, 49, 39, 41, 40, 42, 25, 26, 32, 55, 34, 36, 57, 59, 27, 29, 28, 30, 13, 14, 20, 43, 22, 24, 45, 47, 15, 17, 16, 18, 4, 5, 8, 31, 9, 11, 33, 35, 6, 12, 7, 10, 1, 19, 3, 2, 21, 23 ]
],
[ PermutationGroup<64 |  
\[ 2, 3, 4, 5, 6, 7, 8, 9, 10, 11, 12, 13, 14, 15, 16, 17, 18, 19, 20, 21, 22, 23, 24, 25, 26, 27, 28, 29, 30, 31, 32, 33, 34, 35, 36, 37, 38, 39, 40, 41, 42, 43, 44, 45, 46, 47, 48, 49, 50, 51, 52, 53, 54, 55, 56, 57, 58, 59, 60, 61, 62, 63, 64, 1 ],
\[ 2, 1, 3, 4, 5, 6, 7, 8, 9, 10, 11, 12, 13, 14, 15, 16, 17, 18, 19, 20, 21, 22, 23, 24, 25, 26, 27, 28, 29, 30, 31, 32, 33, 34, 35, 36, 37, 38, 39, 40, 41, 42, 43, 44, 45, 46, 47, 48, 49, 50, 51, 52, 53, 54, 55, 56, 57, 58, 59, 60, 61, 62, 63, 64 ]:
 Order := 126886932185884164103433389335161480802865516174545192198801894375214704230400000000000000 > |
[ 3, 8, 2, 6, 12, 7, 1, 9, 11, 19, 20, 10, 15, 17, 16, 4, 18, 5, 21, 22, 23, 24, 31, 32, 27, 29, 28, 13, 30, 14, 33, 34, 35, 36, 43, 44, 39, 41, 40, 25, 42, 26, 45, 46, 47, 48, 55, 56, 51, 53, 52, 37, 54, 38, 57, 58, 59, 60, 61, 63, 62, 49, 64, 50 ],
[ 28, 15, 13, 40, 42, 25, 27, 16, 4, 29, 6, 26, 52, 54, 37, 39, 38, 41, 30, 7, 14, 1, 17, 3, 62, 64, 49, 51, 50, 53, 18, 2, 5, 8, 12, 9, 57, 58, 59, 61, 60, 63, 10, 11, 19, 20, 21, 22, 45, 46, 47, 55, 48, 56, 23, 24, 31, 32, 33, 34, 35, 43, 36, 44 ],
[ 20, 24, 22, 8, 31, 9, 11, 32, 34, 35, 36, 33, 1, 19, 3, 2, 21, 23, 43, 44, 45, 46, 47, 48, 4, 5, 6, 7, 12, 10, 55, 56, 57, 58, 59, 60, 13, 14, 15, 16, 17, 18, 61, 63, 62, 64, 49, 50, 25, 26, 27, 28, 29, 30, 51, 53, 52, 54, 37, 38, 39, 40, 41, 42 ]
],
[ PermutationGroup<64 |  
\[ 2, 3, 4, 5, 6, 7, 8, 9, 10, 11, 12, 13, 14, 15, 16, 17, 18, 19, 20, 21, 22, 23, 24, 25, 26, 27, 28, 29, 30, 31, 32, 33, 34, 35, 36, 37, 38, 39, 40, 41, 42, 43, 44, 45, 46, 47, 48, 49, 50, 51, 52, 53, 54, 55, 56, 57, 58, 59, 60, 61, 62, 63, 64, 1 ],
\[ 2, 1, 3, 4, 5, 6, 7, 8, 9, 10, 11, 12, 13, 14, 15, 16, 17, 18, 19, 20, 21, 22, 23, 24, 25, 26, 27, 28, 29, 30, 31, 32, 33, 34, 35, 36, 37, 38, 39, 40, 41, 42, 43, 44, 45, 46, 47, 48, 49, 50, 51, 52, 53, 54, 55, 56, 57, 58, 59, 60, 61, 62, 63, 64 ]:
 Order := 126886932185884164103433389335161480802865516174545192198801894375214704230400000000000000 > |
[ 3, 8, 2, 6, 12, 7, 1, 9, 11, 19, 20, 10, 15, 17, 16, 4, 18, 5, 21, 22, 23, 24, 31, 32, 27, 29, 28, 13, 30, 14, 33, 34, 35, 36, 43, 44, 39, 41, 40, 25, 42, 26, 45, 46, 47, 48, 55, 56, 51, 53, 52, 37, 54, 38, 57, 58, 59, 60, 61, 63, 62, 49, 64, 50 ],
[ 43, 47, 45, 31, 32, 33, 35, 55, 57, 36, 59, 34, 19, 20, 21, 23, 22, 24, 44, 61, 46, 62, 48, 49, 5, 8, 12, 10, 9, 11, 56, 51, 58, 52, 60, 37, 14, 1, 17, 18, 3, 2, 63, 39, 64, 40, 50, 25, 26, 4, 29, 30, 6, 7, 53, 27, 54, 28, 38, 13, 41, 42, 15, 16 ],
[ 54, 41, 38, 64, 40, 50, 53, 42, 26, 27, 29, 25, 58, 52, 60, 63, 37, 39, 28, 30, 13, 14, 15, 17, 46, 62, 48, 56, 49, 51, 16, 18, 4, 5, 6, 12, 34, 57, 36, 44, 59, 61, 7, 10, 1, 19, 3, 21, 22, 45, 24, 32, 47, 55, 2, 23, 8, 31, 9, 33, 11, 20, 35, 43 ]
],
[ PermutationGroup<64 |  
\[ 2, 3, 4, 5, 6, 7, 8, 9, 10, 11, 12, 13, 14, 15, 16, 17, 18, 19, 20, 21, 22, 23, 24, 25, 26, 27, 28, 29, 30, 31, 32, 33, 34, 35, 36, 37, 38, 39, 40, 41, 42, 43, 44, 45, 46, 47, 48, 49, 50, 51, 52, 53, 54, 55, 56, 57, 58, 59, 60, 61, 62, 63, 64, 1 ],
