s := SolvableDBInitialize();

/*
Magma printing
*/

s`SolvableDBName := "64S1-8,64,64-g28-path1";
s`SolvableDBFilename := "64S1-8,64,64-g28-path1.m";
s`SolvableDBPassportName := "64S1-8,64,64-g28";
s`SolvableDBPathNumber := 1;
s`SolvableDBDegree := 64;
s`SolvableDBOrders := \[ 8, 64, 64 ];
s`SolvableDBType := "Hyperbolic";
s`SolvableDBGenus := 28;
s`SolvableDBGaloisOrbitSize := 2;
s`SolvableDBPassportSize := 4;
s`SolvableDBPointedPassportSize := 4;
s`SolvableDBLevel := 6;
s`SolvableDBBlocks := {@ PowerSet(IntegerRing()) |
{ IntegerRing() | 1, 5 },
{ IntegerRing() | 2, 10 },
{ IntegerRing() | 3, 14 },
{ IntegerRing() | 4, 18 },
{ IntegerRing() | 6, 21 },
{ IntegerRing() | 7, 22 },
{ IntegerRing() | 8, 23 },
{ IntegerRing() | 9, 24 },
{ IntegerRing() | 11, 29 },
{ IntegerRing() | 12, 30 },
{ IntegerRing() | 13, 34 },
{ IntegerRing() | 15, 28 },
{ IntegerRing() | 16, 37 },
{ IntegerRing() | 17, 40 },
{ IntegerRing() | 19, 27 },
{ IntegerRing() | 20, 43 },
{ IntegerRing() | 25, 45 },
{ IntegerRing() | 26, 46 },
{ IntegerRing() | 31, 41 },
{ IntegerRing() | 32, 35 },
{ IntegerRing() | 33, 50 },
{ IntegerRing() | 36, 54 },
{ IntegerRing() | 38, 56 },
{ IntegerRing() | 39, 49 },
{ IntegerRing() | 42, 61 },
{ IntegerRing() | 44, 63 },
{ IntegerRing() | 47, 59 },
{ IntegerRing() | 48, 52 },
{ IntegerRing() | 51, 64 },
{ IntegerRing() | 53, 58 },
{ IntegerRing() | 55, 60 },
{ IntegerRing() | 57, 62 }
@};
s`SolvableDBIsRamifiedAtEveryLevel := true;
s`SolvableDBGaloisOrbit := [ PowerSequence(PermutationGroup<64 |  
\[ 2, 3, 4, 5, 6, 7, 8, 9, 10, 11, 12, 13, 14, 15, 16, 17, 18, 19, 20, 21, 22, 23, 24, 25, 26, 27, 28, 29, 30, 31, 32, 33, 34, 35, 36, 37, 38, 39, 40, 41, 42, 43, 44, 45, 46, 47, 48, 49, 50, 51, 52, 53, 54, 55, 56, 57, 58, 59, 60, 61, 62, 63, 64, 1 ],
\[ 2, 1, 3, 4, 5, 6, 7, 8, 9, 10, 11, 12, 13, 14, 15, 16, 17, 18, 19, 20, 21, 22, 23, 24, 25, 26, 27, 28, 29, 30, 31, 32, 33, 34, 35, 36, 37, 38, 39, 40, 41, 42, 43, 44, 45, 46, 47, 48, 49, 50, 51, 52, 53, 54, 55, 56, 57, 58, 59, 60, 61, 62, 63, 64 ]:
 Order := 126886932185884164103433389335161480802865516174545192198801894375214704230400000000000000 >) |
[ PermutationGroup<64 |  
\[ 2, 3, 4, 5, 6, 7, 8, 9, 10, 11, 12, 13, 14, 15, 16, 17, 18, 19, 20, 21, 22, 23, 24, 25, 26, 27, 28, 29, 30, 31, 32, 33, 34, 35, 36, 37, 38, 39, 40, 41, 42, 43, 44, 45, 46, 47, 48, 49, 50, 51, 52, 53, 54, 55, 56, 57, 58, 59, 60, 61, 62, 63, 64, 1 ],
\[ 2, 1, 3, 4, 5, 6, 7, 8, 9, 10, 11, 12, 13, 14, 15, 16, 17, 18, 19, 20, 21, 22, 23, 24, 25, 26, 27, 28, 29, 30, 31, 32, 33, 34, 35, 36, 37, 38, 39, 40, 41, 42, 43, 44, 45, 46, 47, 48, 49, 50, 51, 52, 53, 54, 55, 56, 57, 58, 59, 60, 61, 62, 63, 64 ]:
 Order := 126886932185884164103433389335161480802865516174545192198801894375214704230400000000000000 > |
[ 2, 9, 8, 7, 10, 1, 11, 12, 21, 24, 27, 28, 16, 23, 3, 26, 20, 22, 4, 25, 5, 29, 30, 6, 31, 32, 18, 14, 19, 15, 40, 34, 36, 37, 13, 38, 46, 48, 42, 43, 17, 44, 45, 47, 41, 35, 49, 50, 61, 54, 53, 33, 55, 56, 57, 52, 64, 60, 39, 62, 63, 51, 59, 58 ],
[ 3, 8, 13, 6, 14, 15, 1, 16, 12, 23, 2, 26, 33, 34, 35, 36, 19, 21, 24, 4, 28, 5, 37, 30, 7, 38, 9, 32, 10, 46, 11, 48, 51, 50, 52, 53, 54, 55, 41, 27, 29, 17, 18, 20, 22, 56, 25, 57, 31, 64, 44, 62, 47, 58, 49, 60, 61, 59, 45, 39, 40, 42, 43, 63 ],
[ 4, 7, 6, 17, 18, 19, 20, 1, 11, 22, 25, 2, 15, 21, 24, 3, 39, 40, 41, 42, 27, 43, 5, 29, 44, 8, 31, 9, 45, 10, 47, 12, 35, 28, 30, 13, 14, 16, 58, 49, 59, 60, 61, 62, 63, 23, 51, 26, 53, 32, 52, 46, 33, 34, 36, 37, 38, 50, 64, 54, 55, 56, 57, 48 ]
],
[ PermutationGroup<64 |  
\[ 2, 3, 4, 5, 6, 7, 8, 9, 10, 11, 12, 13, 14, 15, 16, 17, 18, 19, 20, 21, 22, 23, 24, 25, 26, 27, 28, 29, 30, 31, 32, 33, 34, 35, 36, 37, 38, 39, 40, 41, 42, 43, 44, 45, 46, 47, 48, 49, 50, 51, 52, 53, 54, 55, 56, 57, 58, 59, 60, 61, 62, 63, 64, 1 ],
\[ 2, 1, 3, 4, 5, 6, 7, 8, 9, 10, 11, 12, 13, 14, 15, 16, 17, 18, 19, 20, 21, 22, 23, 24, 25, 26, 27, 28, 29, 30, 31, 32, 33, 34, 35, 36, 37, 38, 39, 40, 41, 42, 43, 44, 45, 46, 47, 48, 49, 50, 51, 52, 53, 54, 55, 56, 57, 58, 59, 60, 61, 62, 63, 64 ]:
 Order := 126886932185884164103433389335161480802865516174545192198801894375214704230400000000000000 > |
[ 10, 24, 23, 22, 2, 5, 29, 30, 6, 9, 19, 15, 37, 8, 14, 46, 43, 7, 18, 45, 1, 11, 12, 21, 41, 35, 4, 3, 27, 28, 17, 13, 54, 16, 34, 56, 26, 52, 61, 20, 40, 63, 25, 59, 31, 32, 39, 33, 42, 36, 58, 50, 60, 38, 62, 48, 51, 55, 49, 57, 44, 64, 47, 53 ],
[ 3, 8, 13, 6, 14, 15, 1, 16, 12, 23, 2, 26, 33, 34, 35, 36, 19, 21, 24, 4, 28, 5, 37, 30, 7, 38, 9, 32, 10, 46, 11, 48, 51, 50, 52, 53, 54, 55, 41, 27, 29, 17, 18, 20, 22, 56, 25, 57, 31, 64, 44, 62, 47, 58, 49, 60, 61, 59, 45, 39, 40, 42, 43, 63 ],
[ 18, 22, 21, 40, 4, 27, 43, 5, 29, 7, 45, 10, 28, 6, 9, 14, 49, 17, 31, 61, 19, 20, 1, 11, 63, 23, 41, 24, 25, 2, 59, 30, 32, 15, 12, 34, 3, 37, 53, 39, 47, 55, 42, 57, 44, 8, 64, 46, 58, 35, 48, 26, 50, 13, 54, 16, 56, 33, 51, 36, 60, 38, 62, 52 ]
]
];
s`SolvableDBPassport := [ PowerSequence(PermutationGroup<64 |  
\[ 10, 24, 23, 22, 2, 5, 29, 30, 6, 9, 19, 15, 37, 8, 14, 46, 43, 7, 18, 45, 1, 11, 12, 21, 41, 35, 4, 3, 27, 28, 17, 13, 54, 16, 34, 56, 26, 52, 61, 20, 40, 63, 25, 59, 31, 32, 39, 33, 42, 36, 58, 50, 60, 38, 62, 48, 51, 55, 49, 57, 44, 64, 47, 53 ],
\[ 3, 8, 13, 6, 14, 15, 1, 16, 12, 23, 2, 26, 33, 34, 35, 36, 19, 21, 24, 4, 28, 5, 37, 30, 7, 38, 9, 32, 10, 46, 11, 48, 51, 50, 52, 53, 54, 55, 41, 27, 29, 17, 18, 20, 22, 56, 25, 57, 31, 64, 44, 62, 47, 58, 49, 60, 61, 59, 45, 39, 40, 42, 43, 63 ],
\[ 18, 22, 21, 40, 4, 27, 43, 5, 29, 7, 45, 10, 28, 6, 9, 14, 49, 17, 31, 61, 19, 20, 1, 11, 63, 23, 41, 24, 25, 2, 59, 30, 32, 15, 12, 34, 3, 37, 53, 39, 47, 55, 42, 57, 44, 8, 64, 46, 58, 35, 48, 26, 50, 13, 54, 16, 56, 33, 51, 36, 60, 38, 62, 52 ]:
 Order := 64 >) |
[ PermutationGroup<64 |  
\[ 10, 24, 23, 22, 2, 5, 29, 30, 6, 9, 19, 15, 37, 8, 14, 46, 43, 7, 18, 45, 1, 11, 12, 21, 41, 35, 4, 3, 27, 28, 17, 13, 54, 16, 34, 56, 26, 52, 61, 20, 40, 63, 25, 59, 31, 32, 39, 33, 42, 36, 58, 50, 60, 38, 62, 48, 51, 55, 49, 57, 44, 64, 47, 53 ],
\[ 3, 8, 13, 6, 14, 15, 1, 16, 12, 23, 2, 26, 33, 34, 35, 36, 19, 21, 24, 4, 28, 5, 37, 30, 7, 38, 9, 32, 10, 46, 11, 48, 51, 50, 52, 53, 54, 55, 41, 27, 29, 17, 18, 20, 22, 56, 25, 57, 31, 64, 44, 62, 47, 58, 49, 60, 61, 59, 45, 39, 40, 42, 43, 63 ],
\[ 18, 22, 21, 40, 4, 27, 43, 5, 29, 7, 45, 10, 28, 6, 9, 14, 49, 17, 31, 61, 19, 20, 1, 11, 63, 23, 41, 24, 25, 2, 59, 30, 32, 15, 12, 34, 3, 37, 53, 39, 47, 55, 42, 57, 44, 8, 64, 46, 58, 35, 48, 26, 50, 13, 54, 16, 56, 33, 51, 36, 60, 38, 62, 52 ]:
 Order := 64 > |
[ 10, 24, 23, 22, 2, 5, 29, 30, 6, 9, 19, 15, 37, 8, 14, 46, 43, 7, 18, 45, 1, 11, 12, 21, 41, 35, 4, 3, 27, 28, 17, 13, 54, 16, 34, 56, 26, 52, 61, 20, 40, 63, 25, 59, 31, 32, 39, 33, 42, 36, 58, 50, 60, 38, 62, 48, 51, 55, 49, 57, 44, 64, 47, 53 ],
[ 3, 8, 13, 6, 14, 15, 1, 16, 12, 23, 2, 26, 33, 34, 35, 36, 19, 21, 24, 4, 28, 5, 37, 30, 7, 38, 9, 32, 10, 46, 11, 48, 51, 50, 52, 53, 54, 55, 41, 27, 29, 17, 18, 20, 22, 56, 25, 57, 31, 64, 44, 62, 47, 58, 49, 60, 61, 59, 45, 39, 40, 42, 43, 63 ],
[ 18, 22, 21, 40, 4, 27, 43, 5, 29, 7, 45, 10, 28, 6, 9, 14, 49, 17, 31, 61, 19, 20, 1, 11, 63, 23, 41, 24, 25, 2, 59, 30, 32, 15, 12, 34, 3, 37, 53, 39, 47, 55, 42, 57, 44, 8, 64, 46, 58, 35, 48, 26, 50, 13, 54, 16, 56, 33, 51, 36, 60, 38, 62, 52 ]
],
[ PermutationGroup<64 |  
\[ 10, 24, 23, 22, 2, 5, 29, 30, 6, 9, 19, 15, 37, 8, 14, 46, 43, 7, 18, 45, 1, 11, 12, 21, 41, 35, 4, 3, 27, 28, 17, 13, 54, 16, 34, 56, 26, 52, 61, 20, 40, 63, 25, 59, 31, 32, 39, 33, 42, 36, 58, 50, 60, 38, 62, 48, 51, 55, 49, 57, 44, 64, 47, 53 ],
\[ 3, 8, 13, 6, 14, 15, 1, 16, 12, 23, 2, 26, 33, 34, 35, 36, 19, 21, 24, 4, 28, 5, 37, 30, 7, 38, 9, 32, 10, 46, 11, 48, 51, 50, 52, 53, 54, 55, 41, 27, 29, 17, 18, 20, 22, 56, 25, 57, 31, 64, 44, 62, 47, 58, 49, 60, 61, 59, 45, 39, 40, 42, 43, 63 ],
\[ 18, 22, 21, 40, 4, 27, 43, 5, 29, 7, 45, 10, 28, 6, 9, 14, 49, 17, 31, 61, 19, 20, 1, 11, 63, 23, 41, 24, 25, 2, 59, 30, 32, 15, 12, 34, 3, 37, 53, 39, 47, 55, 42, 57, 44, 8, 64, 46, 58, 35, 48, 26, 50, 13, 54, 16, 56, 33, 51, 36, 60, 38, 62, 52 ]:
 Order := 64 > |
[ 6, 1, 15, 19, 21, 24, 4, 3, 2, 5, 7, 8, 35, 28, 30, 13, 41, 27, 29, 17, 9, 18, 14, 10, 20, 16, 11, 12, 22, 23, 25, 26, 52, 32, 46, 33, 34, 36, 59, 31, 45, 39, 40, 42, 43, 37, 44, 38, 47, 48, 62, 56, 51, 50, 53, 54, 55, 64, 63, 58, 49, 60, 61, 57 ],
[ 3, 8, 13, 6, 14, 15, 1, 16, 12, 23, 2, 26, 33, 34, 35, 36, 19, 21, 24, 4, 28, 5, 37, 30, 7, 38, 9, 32, 10, 46, 11, 48, 51, 50, 52, 53, 54, 55, 41, 27, 29, 17, 18, 20, 22, 56, 25, 57, 31, 64, 44, 62, 47, 58, 49, 60, 61, 59, 45, 39, 40, 42, 43, 63 ],
[ 11, 27, 2, 25, 29, 7, 31, 9, 18, 19, 40, 21, 8, 10, 1, 12, 44, 45, 20, 47, 22, 41, 24, 4, 49, 28, 43, 5, 17, 6, 61, 14, 16, 23, 3, 26, 30, 32, 62, 63, 42, 51, 59, 53, 39, 15, 55, 34, 57, 37, 36, 13, 38, 46, 48, 35, 50, 56, 60, 52, 64, 33, 58, 54 ]
],
[ PermutationGroup<64 |  
\[ 10, 24, 23, 22, 2, 5, 29, 30, 6, 9, 19, 15, 37, 8, 14, 46, 43, 7, 18, 45, 1, 11, 12, 21, 41, 35, 4, 3, 27, 28, 17, 13, 54, 16, 34, 56, 26, 52, 61, 20, 40, 63, 25, 59, 31, 32, 39, 33, 42, 36, 58, 50, 60, 38, 62, 48, 51, 55, 49, 57, 44, 64, 47, 53 ],
\[ 3, 8, 13, 6, 14, 15, 1, 16, 12, 23, 2, 26, 33, 34, 35, 36, 19, 21, 24, 4, 28, 5, 37, 30, 7, 38, 9, 32, 10, 46, 11, 48, 51, 50, 52, 53, 54, 55, 41, 27, 29, 17, 18, 20, 22, 56, 25, 57, 31, 64, 44, 62, 47, 58, 49, 60, 61, 59, 45, 39, 40, 42, 43, 63 ],
\[ 18, 22, 21, 40, 4, 27, 43, 5, 29, 7, 45, 10, 28, 6, 9, 14, 49, 17, 31, 61, 19, 20, 1, 11, 63, 23, 41, 24, 25, 2, 59, 30, 32, 15, 12, 34, 3, 37, 53, 39, 47, 55, 42, 57, 44, 8, 64, 46, 58, 35, 48, 26, 50, 13, 54, 16, 56, 33, 51, 36, 60, 38, 62, 52 ]:
 Order := 64 > |
[ 2, 9, 8, 7, 10, 1, 11, 12, 21, 24, 27, 28, 16, 23, 3, 26, 20, 22, 4, 25, 5, 29, 30, 6, 31, 32, 18, 14, 19, 15, 40, 34, 36, 37, 13, 38, 46, 48, 42, 43, 17, 44, 45, 47, 41, 35, 49, 50, 61, 54, 53, 33, 55, 56, 57, 52, 64, 60, 39, 62, 63, 51, 59, 58 ],
[ 3, 8, 13, 6, 14, 15, 1, 16, 12, 23, 2, 26, 33, 34, 35, 36, 19, 21, 24, 4, 28, 5, 37, 30, 7, 38, 9, 32, 10, 46, 11, 48, 51, 50, 52, 53, 54, 55, 41, 27, 29, 17, 18, 20, 22, 56, 25, 57, 31, 64, 44, 62, 47, 58, 49, 60, 61, 59, 45, 39, 40, 42, 43, 63 ],
[ 4, 7, 6, 17, 18, 19, 20, 1, 11, 22, 25, 2, 15, 21, 24, 3, 39, 40, 41, 42, 27, 43, 5, 29, 44, 8, 31, 9, 45, 10, 47, 12, 35, 28, 30, 13, 14, 16, 58, 49, 59, 60, 61, 62, 63, 23, 51, 26, 53, 32, 52, 46, 33, 34, 36, 37, 38, 50, 64, 54, 55, 56, 57, 48 ]
],
[ PermutationGroup<64 |  
\[ 10, 24, 23, 22, 2, 5, 29, 30, 6, 9, 19, 15, 37, 8, 14, 46, 43, 7, 18, 45, 1, 11, 12, 21, 41, 35, 4, 3, 27, 28, 17, 13, 54, 16, 34, 56, 26, 52, 61, 20, 40, 63, 25, 59, 31, 32, 39, 33, 42, 36, 58, 50, 60, 38, 62, 48, 51, 55, 49, 57, 44, 64, 47, 53 ],
\[ 3, 8, 13, 6, 14, 15, 1, 16, 12, 23, 2, 26, 33, 34, 35, 36, 19, 21, 24, 4, 28, 5, 37, 30, 7, 38, 9, 32, 10, 46, 11, 48, 51, 50, 52, 53, 54, 55, 41, 27, 29, 17, 18, 20, 22, 56, 25, 57, 31, 64, 44, 62, 47, 58, 49, 60, 61, 59, 45, 39, 40, 42, 43, 63 ],
\[ 18, 22, 21, 40, 4, 27, 43, 5, 29, 7, 45, 10, 28, 6, 9, 14, 49, 17, 31, 61, 19, 20, 1, 11, 63, 23, 41, 24, 25, 2, 59, 30, 32, 15, 12, 34, 3, 37, 53, 39, 47, 55, 42, 57, 44, 8, 64, 46, 58, 35, 48, 26, 50, 13, 54, 16, 56, 33, 51, 36, 60, 38, 62, 52 ]:
 Order := 64 > |
[ 21, 5, 28, 27, 6, 9, 18, 14, 10, 1, 22, 23, 32, 15, 12, 34, 31, 19, 11, 40, 24, 4, 3, 2, 43, 37, 29, 30, 7, 8, 45, 46, 48, 35, 26, 50, 13, 54, 47, 41, 25, 49, 17, 61, 20, 16, 63, 56, 59, 52, 57, 38, 64, 33, 58, 36, 60, 51, 44, 53, 39, 55, 42, 62 ],
[ 3, 8, 13, 6, 14, 15, 1, 16, 12, 23, 2, 26, 33, 34, 35, 36, 19, 21, 24, 4, 28, 5, 37, 30, 7, 38, 9, 32, 10, 46, 11, 48, 51, 50, 52, 53, 54, 55, 41, 27, 29, 17, 18, 20, 22, 56, 25, 57, 31, 64, 44, 62, 47, 58, 49, 60, 61, 59, 45, 39, 40, 42, 43, 63 ],
[ 29, 19, 10, 45, 11, 22, 41, 24, 4, 27, 17, 6, 23, 2, 5, 30, 63, 25, 43, 59, 7, 31, 9, 18, 39, 15, 20, 1, 40, 21, 42, 3, 37, 8, 14, 46, 12, 35, 57, 44, 61, 64, 47, 58, 49, 28, 60, 13, 62, 16, 54, 34, 56, 26, 52, 32, 33, 38, 55, 48, 51, 50, 53, 36 ]
]
];
s`SolvableDBPointedPassport := [ PowerSequence(PermutationGroup<64 |  
\[ 2, 3, 4, 5, 6, 7, 8, 9, 10, 11, 12, 13, 14, 15, 16, 17, 18, 19, 20, 21, 22, 23, 24, 25, 26, 27, 28, 29, 30, 31, 32, 33, 34, 35, 36, 37, 38, 39, 40, 41, 42, 43, 44, 45, 46, 47, 48, 49, 50, 51, 52, 53, 54, 55, 56, 57, 58, 59, 60, 61, 62, 63, 64, 1 ],
\[ 2, 1, 3, 4, 5, 6, 7, 8, 9, 10, 11, 12, 13, 14, 15, 16, 17, 18, 19, 20, 21, 22, 23, 24, 25, 26, 27, 28, 29, 30, 31, 32, 33, 34, 35, 36, 37, 38, 39, 40, 41, 42, 43, 44, 45, 46, 47, 48, 49, 50, 51, 52, 53, 54, 55, 56, 57, 58, 59, 60, 61, 62, 63, 64 ]:
 Order := 126886932185884164103433389335161480802865516174545192198801894375214704230400000000000000 >) |
[ PermutationGroup<64 |  
\[ 2, 3, 4, 5, 6, 7, 8, 9, 10, 11, 12, 13, 14, 15, 16, 17, 18, 19, 20, 21, 22, 23, 24, 25, 26, 27, 28, 29, 30, 31, 32, 33, 34, 35, 36, 37, 38, 39, 40, 41, 42, 43, 44, 45, 46, 47, 48, 49, 50, 51, 52, 53, 54, 55, 56, 57, 58, 59, 60, 61, 62, 63, 64, 1 ],
\[ 2, 1, 3, 4, 5, 6, 7, 8, 9, 10, 11, 12, 13, 14, 15, 16, 17, 18, 19, 20, 21, 22, 23, 24, 25, 26, 27, 28, 29, 30, 31, 32, 33, 34, 35, 36, 37, 38, 39, 40, 41, 42, 43, 44, 45, 46, 47, 48, 49, 50, 51, 52, 53, 54, 55, 56, 57, 58, 59, 60, 61, 62, 63, 64 ]:
 Order := 126886932185884164103433389335161480802865516174545192198801894375214704230400000000000000 > |
[ 3, 8, 13, 6, 14, 15, 1, 16, 12, 23, 2, 26, 33, 34, 35, 36, 19, 21, 24, 4, 28, 5, 37, 30, 7, 38, 9, 32, 10, 46, 11, 48, 51, 50, 52, 53, 54, 55, 41, 27, 29, 17, 18, 20, 22, 56, 25, 57, 31, 64, 44, 62, 47, 58, 49, 60, 61, 59, 45, 39, 40, 42, 43, 63 ],
[ 18, 22, 21, 40, 4, 27, 43, 5, 29, 7, 45, 10, 28, 6, 9, 14, 49, 17, 31, 61, 19, 20, 1, 11, 63, 23, 41, 24, 25, 2, 59, 30, 32, 15, 12, 34, 3, 37, 53, 39, 47, 55, 42, 57, 44, 8, 64, 46, 58, 35, 48, 26, 50, 13, 54, 16, 56, 33, 51, 36, 60, 38, 62, 52 ],
[ 10, 24, 23, 22, 2, 5, 29, 30, 6, 9, 19, 15, 37, 8, 14, 46, 43, 7, 18, 45, 1, 11, 12, 21, 41, 35, 4, 3, 27, 28, 17, 13, 54, 16, 34, 56, 26, 52, 61, 20, 40, 63, 25, 59, 31, 32, 39, 33, 42, 36, 58, 50, 60, 38, 62, 48, 51, 55, 49, 57, 44, 64, 47, 53 ]
],
[ PermutationGroup<64 |  
\[ 2, 3, 4, 5, 6, 7, 8, 9, 10, 11, 12, 13, 14, 15, 16, 17, 18, 19, 20, 21, 22, 23, 24, 25, 26, 27, 28, 29, 30, 31, 32, 33, 34, 35, 36, 37, 38, 39, 40, 41, 42, 43, 44, 45, 46, 47, 48, 49, 50, 51, 52, 53, 54, 55, 56, 57, 58, 59, 60, 61, 62, 63, 64, 1 ],
\[ 2, 1, 3, 4, 5, 6, 7, 8, 9, 10, 11, 12, 13, 14, 15, 16, 17, 18, 19, 20, 21, 22, 23, 24, 25, 26, 27, 28, 29, 30, 31, 32, 33, 34, 35, 36, 37, 38, 39, 40, 41, 42, 43, 44, 45, 46, 47, 48, 49, 50, 51, 52, 53, 54, 55, 56, 57, 58, 59, 60, 61, 62, 63, 64 ]:
 Order := 126886932185884164103433389335161480802865516174545192198801894375214704230400000000000000 > |
[ 3, 8, 13, 6, 14, 15, 1, 16, 12, 23, 2, 26, 33, 34, 35, 36, 19, 21, 24, 4, 28, 5, 37, 30, 7, 38, 9, 32, 10, 46, 11, 48, 51, 50, 52, 53, 54, 55, 41, 27, 29, 17, 18, 20, 22, 56, 25, 57, 31, 64, 44, 62, 47, 58, 49, 60, 61, 59, 45, 39, 40, 42, 43, 63 ],
[ 11, 27, 2, 25, 29, 7, 31, 9, 18, 19, 40, 21, 8, 10, 1, 12, 44, 45, 20, 47, 22, 41, 24, 4, 49, 28, 43, 5, 17, 6, 61, 14, 16, 23, 3, 26, 30, 32, 62, 63, 42, 51, 59, 53, 39, 15, 55, 34, 57, 37, 36, 13, 38, 46, 48, 35, 50, 56, 60, 52, 64, 33, 58, 54 ],
[ 6, 1, 15, 19, 21, 24, 4, 3, 2, 5, 7, 8, 35, 28, 30, 13, 41, 27, 29, 17, 9, 18, 14, 10, 20, 16, 11, 12, 22, 23, 25, 26, 52, 32, 46, 33, 34, 36, 59, 31, 45, 39, 40, 42, 43, 37, 44, 38, 47, 48, 62, 56, 51, 50, 53, 54, 55, 64, 63, 58, 49, 60, 61, 57 ]
],
[ PermutationGroup<64 |  
\[ 2, 3, 4, 5, 6, 7, 8, 9, 10, 11, 12, 13, 14, 15, 16, 17, 18, 19, 20, 21, 22, 23, 24, 25, 26, 27, 28, 29, 30, 31, 32, 33, 34, 35, 36, 37, 38, 39, 40, 41, 42, 43, 44, 45, 46, 47, 48, 49, 50, 51, 52, 53, 54, 55, 56, 57, 58, 59, 60, 61, 62, 63, 64, 1 ],
\[ 2, 1, 3, 4, 5, 6, 7, 8, 9, 10, 11, 12, 13, 14, 15, 16, 17, 18, 19, 20, 21, 22, 23, 24, 25, 26, 27, 28, 29, 30, 31, 32, 33, 34, 35, 36, 37, 38, 39, 40, 41, 42, 43, 44, 45, 46, 47, 48, 49, 50, 51, 52, 53, 54, 55, 56, 57, 58, 59, 60, 61, 62, 63, 64 ]:
 Order := 126886932185884164103433389335161480802865516174545192198801894375214704230400000000000000 > |
[ 3, 8, 13, 6, 14, 15, 1, 16, 12, 23, 2, 26, 33, 34, 35, 36, 19, 21, 24, 4, 28, 5, 37, 30, 7, 38, 9, 32, 10, 46, 11, 48, 51, 50, 52, 53, 54, 55, 41, 27, 29, 17, 18, 20, 22, 56, 25, 57, 31, 64, 44, 62, 47, 58, 49, 60, 61, 59, 45, 39, 40, 42, 43, 63 ],
[ 4, 7, 6, 17, 18, 19, 20, 1, 11, 22, 25, 2, 15, 21, 24, 3, 39, 40, 41, 42, 27, 43, 5, 29, 44, 8, 31, 9, 45, 10, 47, 12, 35, 28, 30, 13, 14, 16, 58, 49, 59, 60, 61, 62, 63, 23, 51, 26, 53, 32, 52, 46, 33, 34, 36, 37, 38, 50, 64, 54, 55, 56, 57, 48 ],
[ 2, 9, 8, 7, 10, 1, 11, 12, 21, 24, 27, 28, 16, 23, 3, 26, 20, 22, 4, 25, 5, 29, 30, 6, 31, 32, 18, 14, 19, 15, 40, 34, 36, 37, 13, 38, 46, 48, 42, 43, 17, 44, 45, 47, 41, 35, 49, 50, 61, 54, 53, 33, 55, 56, 57, 52, 64, 60, 39, 62, 63, 51, 59, 58 ]
],
[ PermutationGroup<64 |  
\[ 2, 3, 4, 5, 6, 7, 8, 9, 10, 11, 12, 13, 14, 15, 16, 17, 18, 19, 20, 21, 22, 23, 24, 25, 26, 27, 28, 29, 30, 31, 32, 33, 34, 35, 36, 37, 38, 39, 40, 41, 42, 43, 44, 45, 46, 47, 48, 49, 50, 51, 52, 53, 54, 55, 56, 57, 58, 59, 60, 61, 62, 63, 64, 1 ],
\[ 2, 1, 3, 4, 5, 6, 7, 8, 9, 10, 11, 12, 13, 14, 15, 16, 17, 18, 19, 20, 21, 22, 23, 24, 25, 26, 27, 28, 29, 30, 31, 32, 33, 34, 35, 36, 37, 38, 39, 40, 41, 42, 43, 44, 45, 46, 47, 48, 49, 50, 51, 52, 53, 54, 55, 56, 57, 58, 59, 60, 61, 62, 63, 64 ]:
 Order := 126886932185884164103433389335161480802865516174545192198801894375214704230400000000000000 > |
[ 3, 8, 13, 6, 14, 15, 1, 16, 12, 23, 2, 26, 33, 34, 35, 36, 19, 21, 24, 4, 28, 5, 37, 30, 7, 38, 9, 32, 10, 46, 11, 48, 51, 50, 52, 53, 54, 55, 41, 27, 29, 17, 18, 20, 22, 56, 25, 57, 31, 64, 44, 62, 47, 58, 49, 60, 61, 59, 45, 39, 40, 42, 43, 63 ],
[ 29, 19, 10, 45, 11, 22, 41, 24, 4, 27, 17, 6, 23, 2, 5, 30, 63, 25, 43, 59, 7, 31, 9, 18, 39, 15, 20, 1, 40, 21, 42, 3, 37, 8, 14, 46, 12, 35, 57, 44, 61, 64, 47, 58, 49, 28, 60, 13, 62, 16, 54, 34, 56, 26, 52, 32, 33, 38, 55, 48, 51, 50, 53, 36 ],
[ 21, 5, 28, 27, 6, 9, 18, 14, 10, 1, 22, 23, 32, 15, 12, 34, 31, 19, 11, 40, 24, 4, 3, 2, 43, 37, 29, 30, 7, 8, 45, 46, 48, 35, 26, 50, 13, 54, 47, 41, 25, 49, 17, 61, 20, 16, 63, 56, 59, 52, 57, 38, 64, 33, 58, 36, 60, 51, 44, 53, 39, 55, 42, 62 ]
]
];
s`SolvableDBMonodromyGroup := PermutationGroup<64 |  
\[ 2, 9, 8, 7, 10, 1, 11, 12, 21, 24, 27, 28, 16, 23, 3, 26, 20, 22, 4, 25, 5, 29, 30, 6, 31, 32, 18, 14, 19, 15, 40, 34, 36, 37, 13, 38, 46, 48, 42, 43, 17, 44, 45, 47, 41, 35, 49, 50, 61, 54, 53, 33, 55, 56, 57, 52, 64, 60, 39, 62, 63, 51, 59, 58 ],
\[ 3, 8, 13, 6, 14, 15, 1, 16, 12, 23, 2, 26, 33, 34, 35, 36, 19, 21, 24, 4, 28, 5, 37, 30, 7, 38, 9, 32, 10, 46, 11, 48, 51, 50, 52, 53, 54, 55, 41, 27, 29, 17, 18, 20, 22, 56, 25, 57, 31, 64, 44, 62, 47, 58, 49, 60, 61, 59, 45, 39, 40, 42, 43, 63 ],
\[ 4, 7, 6, 17, 18, 19, 20, 1, 11, 22, 25, 2, 15, 21, 24, 3, 39, 40, 41, 42, 27, 43, 5, 29, 44, 8, 31, 9, 45, 10, 47, 12, 35, 28, 30, 13, 14, 16, 58, 49, 59, 60, 61, 62, 63, 23, 51, 26, 53, 32, 52, 46, 33, 34, 36, 37, 38, 50, 64, 54, 55, 56, 57, 48 ] >;
s`SolvableDBAutomorphismGroup := PermutationGroup<64 |  
\[ 3, 8, 13, 6, 14, 15, 1, 16, 12, 23, 2, 26, 33, 34, 35, 36, 19, 21, 24, 4, 28, 5, 37, 30, 7, 38, 9, 32, 10, 46, 11, 48, 51, 50, 52, 53, 54, 55, 41, 27, 29, 17, 18, 20, 22, 56, 25, 57, 31, 64, 44, 62, 47, 58, 49, 60, 61, 59, 45, 39, 40, 42, 43, 63 ],
\[ 52, 33, 62, 46, 48, 56, 35, 51, 36, 50, 13, 53, 42, 57, 60, 44, 23, 26, 37, 30, 38, 32, 64, 54, 15, 47, 16, 55, 34, 58, 3, 49, 17, 61, 39, 20, 63, 25, 5, 8, 14, 10, 12, 24, 28, 59, 6, 31, 1, 40, 19, 41, 4, 43, 7, 45, 11, 18, 21, 22, 2, 29, 9, 27 ]:
 Order := 64 >;
s`SolvableDBPointedAutomorphismGroup := PermutationGroup<64 |  
\[ 21, 5, 28, 27, 6, 9, 18, 14, 10, 1, 22, 23, 32, 15, 12, 34, 31, 19, 11, 40, 24, 4, 3, 2, 43, 37, 29, 30, 7, 8, 45, 46, 48, 35, 26, 50, 13, 54, 47, 41, 25, 49, 17, 61, 20, 16, 63, 56, 59, 52, 57, 38, 64, 33, 58, 36, 60, 51, 44, 53, 39, 55, 42, 62 ]:
 Order := 8 >;
s`SolvableDBPathToPP1 := [ Strings() | "PP1", "2T1-1,2,2-g0-path1", "4T1-1,4,4-g0-path1", "8T1-1,8,8-g0-path1", "16T1-2,16,16-g4-path1", "32S1-4,32,32-g12-path1", "64S1-8,64,64-g28-path1" ];
s`SolvableDBParents := [ Strings() | "128S1-16,128,128-g60-path1", "128S1-16,128,128-g60-path2", "128S159-8,64,64-g55-path1", "128S159-8,64,64-g55-path2" ];
s`SolvableDBChild := "32S1-4,32,32-g12-path1";

/*
Return for eval
*/

return s;
