s := SolvableDBInitialize();

/*
Magma printing
*/

s`SolvableDBName := "64S1-64,64,32-g31-path3";
s`SolvableDBFilename := "64S1-64,64,32-g31-path3.m";
s`SolvableDBPassportName := "64S1-64,64,32-g31";
s`SolvableDBPathNumber := 3;
s`SolvableDBDegree := 64;
s`SolvableDBOrders := \[ 64, 64, 32 ];
s`SolvableDBType := "Hyperbolic";
s`SolvableDBGenus := 31;
s`SolvableDBGaloisOrbitSize := 2;
s`SolvableDBPassportSize := 16;
s`SolvableDBPointedPassportSize := 16;
s`SolvableDBLevel := 6;
s`SolvableDBBlocks := {@ PowerSet(IntegerRing()) |
{ IntegerRing() | 1, 5 },
{ IntegerRing() | 2, 10 },
{ IntegerRing() | 3, 13 },
{ IntegerRing() | 4, 15 },
{ IntegerRing() | 6, 17 },
{ IntegerRing() | 7, 18 },
{ IntegerRing() | 8, 19 },
{ IntegerRing() | 9, 22 },
{ IntegerRing() | 11, 25 },
{ IntegerRing() | 12, 26 },
{ IntegerRing() | 14, 27 },
{ IntegerRing() | 16, 29 },
{ IntegerRing() | 20, 31 },
{ IntegerRing() | 21, 34 },
{ IntegerRing() | 23, 37 },
{ IntegerRing() | 24, 38 },
{ IntegerRing() | 28, 39 },
{ IntegerRing() | 30, 41 },
{ IntegerRing() | 32, 43 },
{ IntegerRing() | 33, 46 },
{ IntegerRing() | 35, 49 },
{ IntegerRing() | 36, 50 },
{ IntegerRing() | 40, 51 },
{ IntegerRing() | 42, 53 },
{ IntegerRing() | 44, 55 },
{ IntegerRing() | 45, 58 },
{ IntegerRing() | 47, 61 },
{ IntegerRing() | 48, 62 },
{ IntegerRing() | 52, 63 },
{ IntegerRing() | 54, 57 },
{ IntegerRing() | 56, 60 },
{ IntegerRing() | 59, 64 }
@};
s`SolvableDBIsRamifiedAtEveryLevel := true;
s`SolvableDBGaloisOrbit := [ PowerSequence(PermutationGroup<64 |  
\[ 2, 3, 4, 5, 6, 7, 8, 9, 10, 11, 12, 13, 14, 15, 16, 17, 18, 19, 20, 21, 22, 23, 24, 25, 26, 27, 28, 29, 30, 31, 32, 33, 34, 35, 36, 37, 38, 39, 40, 41, 42, 43, 44, 45, 46, 47, 48, 49, 50, 51, 52, 53, 54, 55, 56, 57, 58, 59, 60, 61, 62, 63, 64, 1 ],
\[ 2, 1, 3, 4, 5, 6, 7, 8, 9, 10, 11, 12, 13, 14, 15, 16, 17, 18, 19, 20, 21, 22, 23, 24, 25, 26, 27, 28, 29, 30, 31, 32, 33, 34, 35, 36, 37, 38, 39, 40, 41, 42, 43, 44, 45, 46, 47, 48, 49, 50, 51, 52, 53, 54, 55, 56, 57, 58, 59, 60, 61, 62, 63, 64 ]:
 Order := 126886932185884164103433389335161480802865516174545192198801894375214704230400000000000000 >) |
[ PermutationGroup<64 |  
\[ 2, 3, 4, 5, 6, 7, 8, 9, 10, 11, 12, 13, 14, 15, 16, 17, 18, 19, 20, 21, 22, 23, 24, 25, 26, 27, 28, 29, 30, 31, 32, 33, 34, 35, 36, 37, 38, 39, 40, 41, 42, 43, 44, 45, 46, 47, 48, 49, 50, 51, 52, 53, 54, 55, 56, 57, 58, 59, 60, 61, 62, 63, 64, 1 ],
\[ 2, 1, 3, 4, 5, 6, 7, 8, 9, 10, 11, 12, 13, 14, 15, 16, 17, 18, 19, 20, 21, 22, 23, 24, 25, 26, 27, 28, 29, 30, 31, 32, 33, 34, 35, 36, 37, 38, 39, 40, 41, 42, 43, 44, 45, 46, 47, 48, 49, 50, 51, 52, 53, 54, 55, 56, 57, 58, 59, 60, 61, 62, 63, 64 ]:
 Order := 126886932185884164103433389335161480802865516174545192198801894375214704230400000000000000 > |
[ 2, 9, 8, 7, 10, 1, 11, 12, 21, 22, 23, 24, 19, 3, 18, 4, 5, 25, 26, 6, 33, 34, 35, 36, 37, 38, 13, 14, 15, 16, 17, 20, 45, 46, 47, 48, 49, 50, 27, 28, 29, 30, 31, 32, 57, 58, 59, 60, 61, 62, 39, 40, 41, 42, 43, 44, 53, 54, 63, 55, 64, 56, 51, 52 ],
[ 3, 8, 4, 6, 13, 14, 1, 7, 12, 19, 2, 11, 15, 16, 17, 20, 27, 5, 18, 28, 24, 26, 9, 23, 10, 25, 29, 30, 31, 32, 39, 40, 36, 38, 21, 35, 22, 37, 41, 42, 43, 44, 51, 52, 48, 50, 33, 47, 34, 49, 53, 54, 55, 56, 63, 64, 60, 62, 45, 59, 46, 61, 57, 58 ],
[ 4, 7, 6, 14, 15, 16, 3, 1, 11, 18, 8, 2, 17, 20, 27, 28, 29, 13, 5, 30, 23, 25, 12, 9, 19, 10, 31, 32, 39, 40, 41, 42, 35, 37, 24, 21, 26, 22, 43, 44, 51, 52, 53, 54, 47, 49, 36, 33, 38, 34, 55, 56, 63, 64, 57, 58, 59, 61, 48, 45, 50, 46, 60, 62 ]
],
[ PermutationGroup<64 |  
\[ 2, 3, 4, 5, 6, 7, 8, 9, 10, 11, 12, 13, 14, 15, 16, 17, 18, 19, 20, 21, 22, 23, 24, 25, 26, 27, 28, 29, 30, 31, 32, 33, 34, 35, 36, 37, 38, 39, 40, 41, 42, 43, 44, 45, 46, 47, 48, 49, 50, 51, 52, 53, 54, 55, 56, 57, 58, 59, 60, 61, 62, 63, 64, 1 ],
\[ 2, 1, 3, 4, 5, 6, 7, 8, 9, 10, 11, 12, 13, 14, 15, 16, 17, 18, 19, 20, 21, 22, 23, 24, 25, 26, 27, 28, 29, 30, 31, 32, 33, 34, 35, 36, 37, 38, 39, 40, 41, 42, 43, 44, 45, 46, 47, 48, 49, 50, 51, 52, 53, 54, 55, 56, 57, 58, 59, 60, 61, 62, 63, 64 ]:
 Order := 126886932185884164103433389335161480802865516174545192198801894375214704230400000000000000 > |
[ 2, 9, 8, 7, 10, 1, 11, 12, 21, 22, 23, 24, 19, 3, 18, 4, 5, 25, 26, 6, 33, 34, 35, 36, 37, 38, 13, 14, 15, 16, 17, 20, 45, 46, 47, 48, 49, 50, 27, 28, 29, 30, 31, 32, 57, 58, 59, 60, 61, 62, 39, 40, 41, 42, 43, 44, 53, 54, 63, 55, 64, 56, 51, 52 ],
[ 13, 19, 15, 17, 3, 27, 5, 18, 26, 8, 10, 25, 4, 29, 6, 31, 14, 1, 7, 39, 38, 12, 22, 37, 2, 11, 16, 41, 20, 43, 28, 51, 50, 24, 34, 49, 9, 23, 30, 53, 32, 55, 40, 63, 62, 36, 46, 61, 21, 35, 42, 57, 44, 60, 52, 59, 56, 48, 58, 64, 33, 47, 54, 45 ],
[ 15, 18, 17, 27, 4, 29, 13, 5, 25, 7, 19, 10, 6, 31, 14, 39, 16, 3, 1, 41, 37, 11, 26, 22, 8, 2, 20, 43, 28, 51, 30, 53, 49, 23, 38, 34, 12, 9, 32, 55, 40, 63, 42, 57, 61, 35, 50, 46, 24, 21, 44, 60, 52, 59, 54, 45, 64, 47, 62, 58, 36, 33, 56, 48 ]
]
];
s`SolvableDBPassport := [ PowerSequence(PermutationGroup<64 |  
\[ 2, 9, 8, 7, 10, 1, 11, 12, 21, 22, 23, 24, 19, 3, 18, 4, 5, 25, 26, 6, 33, 34, 35, 36, 37, 38, 13, 14, 15, 16, 17, 20, 45, 46, 47, 48, 49, 50, 27, 28, 29, 30, 31, 32, 57, 58, 59, 60, 61, 62, 39, 40, 41, 42, 43, 44, 53, 54, 63, 55, 64, 56, 51, 52 ],
\[ 13, 19, 15, 17, 3, 27, 5, 18, 26, 8, 10, 25, 4, 29, 6, 31, 14, 1, 7, 39, 38, 12, 22, 37, 2, 11, 16, 41, 20, 43, 28, 51, 50, 24, 34, 49, 9, 23, 30, 53, 32, 55, 40, 63, 62, 36, 46, 61, 21, 35, 42, 57, 44, 60, 52, 59, 56, 48, 58, 64, 33, 47, 54, 45 ],
\[ 15, 18, 17, 27, 4, 29, 13, 5, 25, 7, 19, 10, 6, 31, 14, 39, 16, 3, 1, 41, 37, 11, 26, 22, 8, 2, 20, 43, 28, 51, 30, 53, 49, 23, 38, 34, 12, 9, 32, 55, 40, 63, 42, 57, 61, 35, 50, 46, 24, 21, 44, 60, 52, 59, 54, 45, 64, 47, 62, 58, 36, 33, 56, 48 ]:
 Order := 64 >) |
[ PermutationGroup<64 |  
\[ 2, 9, 8, 7, 10, 1, 11, 12, 21, 22, 23, 24, 19, 3, 18, 4, 5, 25, 26, 6, 33, 34, 35, 36, 37, 38, 13, 14, 15, 16, 17, 20, 45, 46, 47, 48, 49, 50, 27, 28, 29, 30, 31, 32, 57, 58, 59, 60, 61, 62, 39, 40, 41, 42, 43, 44, 53, 54, 63, 55, 64, 56, 51, 52 ],
\[ 13, 19, 15, 17, 3, 27, 5, 18, 26, 8, 10, 25, 4, 29, 6, 31, 14, 1, 7, 39, 38, 12, 22, 37, 2, 11, 16, 41, 20, 43, 28, 51, 50, 24, 34, 49, 9, 23, 30, 53, 32, 55, 40, 63, 62, 36, 46, 61, 21, 35, 42, 57, 44, 60, 52, 59, 56, 48, 58, 64, 33, 47, 54, 45 ],
\[ 15, 18, 17, 27, 4, 29, 13, 5, 25, 7, 19, 10, 6, 31, 14, 39, 16, 3, 1, 41, 37, 11, 26, 22, 8, 2, 20, 43, 28, 51, 30, 53, 49, 23, 38, 34, 12, 9, 32, 55, 40, 63, 42, 57, 61, 35, 50, 46, 24, 21, 44, 60, 52, 59, 54, 45, 64, 47, 62, 58, 36, 33, 56, 48 ]:
 Order := 64 > |
[ 2, 9, 8, 7, 10, 1, 11, 12, 21, 22, 23, 24, 19, 3, 18, 4, 5, 25, 26, 6, 33, 34, 35, 36, 37, 38, 13, 14, 15, 16, 17, 20, 45, 46, 47, 48, 49, 50, 27, 28, 29, 30, 31, 32, 57, 58, 59, 60, 61, 62, 39, 40, 41, 42, 43, 44, 53, 54, 63, 55, 64, 56, 51, 52 ],
[ 2, 9, 8, 7, 10, 1, 11, 12, 21, 22, 23, 24, 19, 3, 18, 4, 5, 25, 26, 6, 33, 34, 35, 36, 37, 38, 13, 14, 15, 16, 17, 20, 45, 46, 47, 48, 49, 50, 27, 28, 29, 30, 31, 32, 57, 58, 59, 60, 61, 62, 39, 40, 41, 42, 43, 44, 53, 54, 63, 55, 64, 56, 51, 52 ],
[ 20, 6, 28, 30, 31, 32, 16, 14, 1, 17, 4, 3, 39, 40, 41, 42, 43, 29, 27, 44, 2, 5, 7, 8, 15, 13, 51, 52, 53, 54, 55, 56, 9, 10, 11, 12, 18, 19, 63, 64, 57, 58, 60, 62, 21, 22, 23, 24, 25, 26, 59, 61, 45, 46, 48, 50, 33, 34, 35, 36, 37, 38, 47, 49 ]
],
[ PermutationGroup<64 |  
\[ 2, 9, 8, 7, 10, 1, 11, 12, 21, 22, 23, 24, 19, 3, 18, 4, 5, 25, 26, 6, 33, 34, 35, 36, 37, 38, 13, 14, 15, 16, 17, 20, 45, 46, 47, 48, 49, 50, 27, 28, 29, 30, 31, 32, 57, 58, 59, 60, 61, 62, 39, 40, 41, 42, 43, 44, 53, 54, 63, 55, 64, 56, 51, 52 ],
\[ 13, 19, 15, 17, 3, 27, 5, 18, 26, 8, 10, 25, 4, 29, 6, 31, 14, 1, 7, 39, 38, 12, 22, 37, 2, 11, 16, 41, 20, 43, 28, 51, 50, 24, 34, 49, 9, 23, 30, 53, 32, 55, 40, 63, 62, 36, 46, 61, 21, 35, 42, 57, 44, 60, 52, 59, 56, 48, 58, 64, 33, 47, 54, 45 ],
\[ 15, 18, 17, 27, 4, 29, 13, 5, 25, 7, 19, 10, 6, 31, 14, 39, 16, 3, 1, 41, 37, 11, 26, 22, 8, 2, 20, 43, 28, 51, 30, 53, 49, 23, 38, 34, 12, 9, 32, 55, 40, 63, 42, 57, 61, 35, 50, 46, 24, 21, 44, 60, 52, 59, 54, 45, 64, 47, 62, 58, 36, 33, 56, 48 ]:
 Order := 64 > |
[ 2, 9, 8, 7, 10, 1, 11, 12, 21, 22, 23, 24, 19, 3, 18, 4, 5, 25, 26, 6, 33, 34, 35, 36, 37, 38, 13, 14, 15, 16, 17, 20, 45, 46, 47, 48, 49, 50, 27, 28, 29, 30, 31, 32, 57, 58, 59, 60, 61, 62, 39, 40, 41, 42, 43, 44, 53, 54, 63, 55, 64, 56, 51, 52 ],
[ 37, 49, 22, 26, 23, 25, 38, 34, 61, 35, 50, 46, 9, 10, 12, 19, 11, 24, 21, 18, 64, 47, 62, 58, 36, 33, 2, 5, 8, 13, 7, 15, 52, 59, 56, 54, 48, 45, 1, 17, 3, 27, 4, 29, 40, 63, 44, 42, 60, 57, 6, 31, 14, 39, 16, 41, 28, 51, 32, 30, 55, 53, 20, 43 ],
[ 51, 39, 53, 55, 40, 63, 43, 41, 27, 28, 31, 29, 42, 57, 44, 60, 52, 32, 30, 59, 13, 14, 17, 15, 20, 16, 54, 45, 56, 48, 64, 47, 19, 3, 5, 18, 6, 4, 58, 33, 62, 36, 61, 35, 26, 8, 10, 25, 1, 7, 46, 21, 50, 24, 49, 23, 38, 12, 22, 37, 2, 11, 34, 9 ]
],
[ PermutationGroup<64 |  
\[ 2, 9, 8, 7, 10, 1, 11, 12, 21, 22, 23, 24, 19, 3, 18, 4, 5, 25, 26, 6, 33, 34, 35, 36, 37, 38, 13, 14, 15, 16, 17, 20, 45, 46, 47, 48, 49, 50, 27, 28, 29, 30, 31, 32, 57, 58, 59, 60, 61, 62, 39, 40, 41, 42, 43, 44, 53, 54, 63, 55, 64, 56, 51, 52 ],
\[ 13, 19, 15, 17, 3, 27, 5, 18, 26, 8, 10, 25, 4, 29, 6, 31, 14, 1, 7, 39, 38, 12, 22, 37, 2, 11, 16, 41, 20, 43, 28, 51, 50, 24, 34, 49, 9, 23, 30, 53, 32, 55, 40, 63, 62, 36, 46, 61, 21, 35, 42, 57, 44, 60, 52, 59, 56, 48, 58, 64, 33, 47, 54, 45 ],
\[ 15, 18, 17, 27, 4, 29, 13, 5, 25, 7, 19, 10, 6, 31, 14, 39, 16, 3, 1, 41, 37, 11, 26, 22, 8, 2, 20, 43, 28, 51, 30, 53, 49, 23, 38, 34, 12, 9, 32, 55, 40, 63, 42, 57, 61, 35, 50, 46, 24, 21, 44, 60, 52, 59, 54, 45, 64, 47, 62, 58, 36, 33, 56, 48 ]:
 Order := 64 > |
[ 2, 9, 8, 7, 10, 1, 11, 12, 21, 22, 23, 24, 19, 3, 18, 4, 5, 25, 26, 6, 33, 34, 35, 36, 37, 38, 13, 14, 15, 16, 17, 20, 45, 46, 47, 48, 49, 50, 27, 28, 29, 30, 31, 32, 57, 58, 59, 60, 61, 62, 39, 40, 41, 42, 43, 44, 53, 54, 63, 55, 64, 56, 51, 52 ],
[ 50, 62, 49, 34, 36, 38, 46, 61, 56, 48, 58, 64, 35, 37, 21, 22, 24, 33, 47, 26, 44, 60, 54, 52, 45, 59, 23, 25, 9, 10, 12, 19, 32, 55, 42, 40, 57, 63, 11, 18, 2, 5, 8, 13, 20, 43, 30, 28, 53, 51, 7, 15, 1, 17, 3, 27, 6, 31, 16, 14, 41, 39, 4, 29 ],
[ 57, 53, 60, 59, 54, 45, 63, 55, 41, 42, 51, 43, 56, 48, 64, 47, 58, 52, 44, 33, 29, 30, 39, 31, 40, 32, 62, 36, 61, 35, 46, 21, 15, 16, 27, 17, 28, 20, 50, 24, 49, 23, 34, 9, 18, 4, 13, 5, 14, 6, 38, 12, 37, 11, 22, 2, 25, 7, 19, 10, 3, 1, 26, 8 ]
],
[ PermutationGroup<64 |  
\[ 2, 9, 8, 7, 10, 1, 11, 12, 21, 22, 23, 24, 19, 3, 18, 4, 5, 25, 26, 6, 33, 34, 35, 36, 37, 38, 13, 14, 15, 16, 17, 20, 45, 46, 47, 48, 49, 50, 27, 28, 29, 30, 31, 32, 57, 58, 59, 60, 61, 62, 39, 40, 41, 42, 43, 44, 53, 54, 63, 55, 64, 56, 51, 52 ],
\[ 13, 19, 15, 17, 3, 27, 5, 18, 26, 8, 10, 25, 4, 29, 6, 31, 14, 1, 7, 39, 38, 12, 22, 37, 2, 11, 16, 41, 20, 43, 28, 51, 50, 24, 34, 49, 9, 23, 30, 53, 32, 55, 40, 63, 62, 36, 46, 61, 21, 35, 42, 57, 44, 60, 52, 59, 56, 48, 58, 64, 33, 47, 54, 45 ],
\[ 15, 18, 17, 27, 4, 29, 13, 5, 25, 7, 19, 10, 6, 31, 14, 39, 16, 3, 1, 41, 37, 11, 26, 22, 8, 2, 20, 43, 28, 51, 30, 53, 49, 23, 38, 34, 12, 9, 32, 55, 40, 63, 42, 57, 61, 35, 50, 46, 24, 21, 44, 60, 52, 59, 54, 45, 64, 47, 62, 58, 36, 33, 56, 48 ]:
 Order := 64 > |
[ 2, 9, 8, 7, 10, 1, 11, 12, 21, 22, 23, 24, 19, 3, 18, 4, 5, 25, 26, 6, 33, 34, 35, 36, 37, 38, 13, 14, 15, 16, 17, 20, 45, 46, 47, 48, 49, 50, 27, 28, 29, 30, 31, 32, 57, 58, 59, 60, 61, 62, 39, 40, 41, 42, 43, 44, 53, 54, 63, 55, 64, 56, 51, 52 ],
[ 16, 4, 20, 28, 29, 30, 14, 6, 7, 15, 3, 1, 31, 32, 39, 40, 41, 27, 17, 42, 11, 18, 8, 2, 13, 5, 43, 44, 51, 52, 53, 54, 23, 25, 12, 9, 19, 10, 55, 56, 63, 64, 57, 58, 35, 37, 24, 21, 26, 22, 60, 62, 59, 61, 45, 46, 47, 49, 36, 33, 38, 34, 48, 50 ],
[ 8, 12, 7, 1, 19, 3, 2, 11, 24, 26, 9, 23, 18, 4, 5, 6, 13, 10, 25, 14, 36, 38, 21, 35, 22, 37, 15, 16, 17, 20, 27, 28, 48, 50, 33, 47, 34, 49, 29, 30, 31, 32, 39, 40, 60, 62, 45, 59, 46, 61, 41, 42, 43, 44, 51, 52, 55, 56, 57, 63, 58, 64, 53, 54 ]
],
[ PermutationGroup<64 |  
\[ 2, 9, 8, 7, 10, 1, 11, 12, 21, 22, 23, 24, 19, 3, 18, 4, 5, 25, 26, 6, 33, 34, 35, 36, 37, 38, 13, 14, 15, 16, 17, 20, 45, 46, 47, 48, 49, 50, 27, 28, 29, 30, 31, 32, 57, 58, 59, 60, 61, 62, 39, 40, 41, 42, 43, 44, 53, 54, 63, 55, 64, 56, 51, 52 ],
\[ 13, 19, 15, 17, 3, 27, 5, 18, 26, 8, 10, 25, 4, 29, 6, 31, 14, 1, 7, 39, 38, 12, 22, 37, 2, 11, 16, 41, 20, 43, 28, 51, 50, 24, 34, 49, 9, 23, 30, 53, 32, 55, 40, 63, 62, 36, 46, 61, 21, 35, 42, 57, 44, 60, 52, 59, 56, 48, 58, 64, 33, 47, 54, 45 ],
\[ 15, 18, 17, 27, 4, 29, 13, 5, 25, 7, 19, 10, 6, 31, 14, 39, 16, 3, 1, 41, 37, 11, 26, 22, 8, 2, 20, 43, 28, 51, 30, 53, 49, 23, 38, 34, 12, 9, 32, 55, 40, 63, 42, 57, 61, 35, 50, 46, 24, 21, 44, 60, 52, 59, 54, 45, 64, 47, 62, 58, 36, 33, 56, 48 ]:
 Order := 64 > |
[ 2, 9, 8, 7, 10, 1, 11, 12, 21, 22, 23, 24, 19, 3, 18, 4, 5, 25, 26, 6, 33, 34, 35, 36, 37, 38, 13, 14, 15, 16, 17, 20, 45, 46, 47, 48, 49, 50, 27, 28, 29, 30, 31, 32, 57, 58, 59, 60, 61, 62, 39, 40, 41, 42, 43, 44, 53, 54, 63, 55, 64, 56, 51, 52 ],
[ 58, 54, 62, 61, 45, 46, 64, 56, 42, 57, 52, 44, 48, 50, 47, 49, 33, 59, 60, 34, 30, 53, 40, 32, 63, 55, 36, 38, 35, 37, 21, 22, 16, 41, 28, 20, 51, 43, 24, 26, 23, 25, 9, 10, 4, 29, 14, 6, 39, 31, 12, 19, 11, 18, 2, 5, 7, 15, 3, 1, 27, 17, 8, 13 ],
[ 48, 60, 47, 33, 62, 36, 45, 59, 55, 56, 57, 63, 61, 35, 46, 21, 50, 58, 64, 24, 43, 44, 53, 51, 54, 52, 49, 23, 34, 9, 38, 12, 31, 32, 41, 39, 42, 40, 37, 11, 22, 2, 26, 8, 17, 20, 29, 27, 30, 28, 25, 7, 10, 1, 19, 3, 5, 6, 15, 13, 16, 14, 18, 4 ]
],
[ PermutationGroup<64 |  
\[ 2, 9, 8, 7, 10, 1, 11, 12, 21, 22, 23, 24, 19, 3, 18, 4, 5, 25, 26, 6, 33, 34, 35, 36, 37, 38, 13, 14, 15, 16, 17, 20, 45, 46, 47, 48, 49, 50, 27, 28, 29, 30, 31, 32, 57, 58, 59, 60, 61, 62, 39, 40, 41, 42, 43, 44, 53, 54, 63, 55, 64, 56, 51, 52 ],
\[ 13, 19, 15, 17, 3, 27, 5, 18, 26, 8, 10, 25, 4, 29, 6, 31, 14, 1, 7, 39, 38, 12, 22, 37, 2, 11, 16, 41, 20, 43, 28, 51, 50, 24, 34, 49, 9, 23, 30, 53, 32, 55, 40, 63, 62, 36, 46, 61, 21, 35, 42, 57, 44, 60, 52, 59, 56, 48, 58, 64, 33, 47, 54, 45 ],
\[ 15, 18, 17, 27, 4, 29, 13, 5, 25, 7, 19, 10, 6, 31, 14, 39, 16, 3, 1, 41, 37, 11, 26, 22, 8, 2, 20, 43, 28, 51, 30, 53, 49, 23, 38, 34, 12, 9, 32, 55, 40, 63, 42, 57, 61, 35, 50, 46, 24, 21, 44, 60, 52, 59, 54, 45, 64, 47, 62, 58, 36, 33, 56, 48 ]:
 Order := 64 > |
[ 2, 9, 8, 7, 10, 1, 11, 12, 21, 22, 23, 24, 19, 3, 18, 4, 5, 25, 26, 6, 33, 34, 35, 36, 37, 38, 13, 14, 15, 16, 17, 20, 45, 46, 47, 48, 49, 50, 27, 28, 29, 30, 31, 32, 57, 58, 59, 60, 61, 62, 39, 40, 41, 42, 43, 44, 53, 54, 63, 55, 64, 56, 51, 52 ],
[ 3, 8, 4, 6, 13, 14, 1, 7, 12, 19, 2, 11, 15, 16, 17, 20, 27, 5, 18, 28, 24, 26, 9, 23, 10, 25, 29, 30, 31, 32, 39, 40, 36, 38, 21, 35, 22, 37, 41, 42, 43, 44, 51, 52, 48, 50, 33, 47, 34, 49, 53, 54, 55, 56, 63, 64, 60, 62, 45, 59, 46, 61, 57, 58 ],
[ 4, 7, 6, 14, 15, 16, 3, 1, 11, 18, 8, 2, 17, 20, 27, 28, 29, 13, 5, 30, 23, 25, 12, 9, 19, 10, 31, 32, 39, 40, 41, 42, 35, 37, 24, 21, 26, 22, 43, 44, 51, 52, 53, 54, 47, 49, 36, 33, 38, 34, 55, 56, 63, 64, 57, 58, 59, 61, 48, 45, 50, 46, 60, 62 ]
],
[ PermutationGroup<64 |  
\[ 2, 9, 8, 7, 10, 1, 11, 12, 21, 22, 23, 24, 19, 3, 18, 4, 5, 25, 26, 6, 33, 34, 35, 36, 37, 38, 13, 14, 15, 16, 17, 20, 45, 46, 47, 48, 49, 50, 27, 28, 29, 30, 31, 32, 57, 58, 59, 60, 61, 62, 39, 40, 41, 42, 43, 44, 53, 54, 63, 55, 64, 56, 51, 52 ],
\[ 13, 19, 15, 17, 3, 27, 5, 18, 26, 8, 10, 25, 4, 29, 6, 31, 14, 1, 7, 39, 38, 12, 22, 37, 2, 11, 16, 41, 20, 43, 28, 51, 50, 24, 34, 49, 9, 23, 30, 53, 32, 55, 40, 63, 62, 36, 46, 61, 21, 35, 42, 57, 44, 60, 52, 59, 56, 48, 58, 64, 33, 47, 54, 45 ],
\[ 15, 18, 17, 27, 4, 29, 13, 5, 25, 7, 19, 10, 6, 31, 14, 39, 16, 3, 1, 41, 37, 11, 26, 22, 8, 2, 20, 43, 28, 51, 30, 53, 49, 23, 38, 34, 12, 9, 32, 55, 40, 63, 42, 57, 61, 35, 50, 46, 24, 21, 44, 60, 52, 59, 54, 45, 64, 47, 62, 58, 36, 33, 56, 48 ]:
 Order := 64 > |
[ 2, 9, 8, 7, 10, 1, 11, 12, 21, 22, 23, 24, 19, 3, 18, 4, 5, 25, 26, 6, 33, 34, 35, 36, 37, 38, 13, 14, 15, 16, 17, 20, 45, 46, 47, 48, 49, 50, 27, 28, 29, 30, 31, 32, 57, 58, 59, 60, 61, 62, 39, 40, 41, 42, 43, 44, 53, 54, 63, 55, 64, 56, 51, 52 ],
[ 63, 51, 57, 60, 52, 59, 55, 53, 39, 40, 43, 41, 54, 45, 56, 48, 64, 44, 42, 47, 27, 28, 31, 29, 32, 30, 58, 33, 62, 36, 61, 35, 13, 14, 17, 15, 20, 16, 46, 21, 50, 24, 49, 23, 19, 3, 5, 18, 6, 4, 34, 9, 38, 12, 37, 11, 26, 8, 10, 25, 1, 7, 22, 2 ],
[ 49, 61, 34, 38, 35, 37, 50, 46, 64, 47, 62, 58, 21, 22, 24, 26, 23, 36, 33, 25, 52, 59, 56, 54, 48, 45, 9, 10, 12, 19, 11, 18, 40, 63, 44, 42, 60, 57, 2, 5, 8, 13, 7, 15, 28, 51, 32, 30, 55, 53, 1, 17, 3, 27, 4, 29, 14, 39, 20, 16, 43, 41, 6, 31 ]
],
[ PermutationGroup<64 |  
\[ 2, 9, 8, 7, 10, 1, 11, 12, 21, 22, 23, 24, 19, 3, 18, 4, 5, 25, 26, 6, 33, 34, 35, 36, 37, 38, 13, 14, 15, 16, 17, 20, 45, 46, 47, 48, 49, 50, 27, 28, 29, 30, 31, 32, 57, 58, 59, 60, 61, 62, 39, 40, 41, 42, 43, 44, 53, 54, 63, 55, 64, 56, 51, 52 ],
\[ 13, 19, 15, 17, 3, 27, 5, 18, 26, 8, 10, 25, 4, 29, 6, 31, 14, 1, 7, 39, 38, 12, 22, 37, 2, 11, 16, 41, 20, 43, 28, 51, 50, 24, 34, 49, 9, 23, 30, 53, 32, 55, 40, 63, 62, 36, 46, 61, 21, 35, 42, 57, 44, 60, 52, 59, 56, 48, 58, 64, 33, 47, 54, 45 ],
\[ 15, 18, 17, 27, 4, 29, 13, 5, 25, 7, 19, 10, 6, 31, 14, 39, 16, 3, 1, 41, 37, 11, 26, 22, 8, 2, 20, 43, 28, 51, 30, 53, 49, 23, 38, 34, 12, 9, 32, 55, 40, 63, 42, 57, 61, 35, 50, 46, 24, 21, 44, 60, 52, 59, 54, 45, 64, 47, 62, 58, 36, 33, 56, 48 ]:
 Order := 64 > |
[ 2, 9, 8, 7, 10, 1, 11, 12, 21, 22, 23, 24, 19, 3, 18, 4, 5, 25, 26, 6, 33, 34, 35, 36, 37, 38, 13, 14, 15, 16, 17, 20, 45, 46, 47, 48, 49, 50, 27, 28, 29, 30, 31, 32, 57, 58, 59, 60, 61, 62, 39, 40, 41, 42, 43, 44, 53, 54, 63, 55, 64, 56, 51, 52 ],
[ 10, 22, 19, 18, 2, 5, 25, 26, 34, 9, 37, 38, 8, 13, 7, 15, 1, 11, 12, 17, 46, 21, 49, 50, 23, 24, 3, 27, 4, 29, 6, 31, 58, 33, 61, 62, 35, 36, 14, 39, 16, 41, 20, 43, 54, 45, 64, 56, 47, 48, 28, 51, 30, 53, 32, 55, 42, 57, 52, 44, 59, 60, 40, 63 ],
[ 31, 17, 39, 41, 20, 43, 29, 27, 5, 6, 15, 13, 28, 51, 30, 53, 32, 16, 14, 55, 10, 1, 18, 19, 4, 3, 40, 63, 42, 57, 44, 60, 22, 2, 25, 26, 7, 8, 52, 59, 54, 45, 56, 48, 34, 9, 37, 38, 11, 12, 64, 47, 58, 33, 62, 36, 46, 21, 49, 50, 23, 24, 61, 35 ]
],
[ PermutationGroup<64 |  
\[ 2, 9, 8, 7, 10, 1, 11, 12, 21, 22, 23, 24, 19, 3, 18, 4, 5, 25, 26, 6, 33, 34, 35, 36, 37, 38, 13, 14, 15, 16, 17, 20, 45, 46, 47, 48, 49, 50, 27, 28, 29, 30, 31, 32, 57, 58, 59, 60, 61, 62, 39, 40, 41, 42, 43, 44, 53, 54, 63, 55, 64, 56, 51, 52 ],
\[ 13, 19, 15, 17, 3, 27, 5, 18, 26, 8, 10, 25, 4, 29, 6, 31, 14, 1, 7, 39, 38, 12, 22, 37, 2, 11, 16, 41, 20, 43, 28, 51, 50, 24, 34, 49, 9, 23, 30, 53, 32, 55, 40, 63, 62, 36, 46, 61, 21, 35, 42, 57, 44, 60, 52, 59, 56, 48, 58, 64, 33, 47, 54, 45 ],
\[ 15, 18, 17, 27, 4, 29, 13, 5, 25, 7, 19, 10, 6, 31, 14, 39, 16, 3, 1, 41, 37, 11, 26, 22, 8, 2, 20, 43, 28, 51, 30, 53, 49, 23, 38, 34, 12, 9, 32, 55, 40, 63, 42, 57, 61, 35, 50, 46, 24, 21, 44, 60, 52, 59, 54, 45, 64, 47, 62, 58, 36, 33, 56, 48 ]:
 Order := 64 > |
[ 2, 9, 8, 7, 10, 1, 11, 12, 21, 22, 23, 24, 19, 3, 18, 4, 5, 25, 26, 6, 33, 34, 35, 36, 37, 38, 13, 14, 15, 16, 17, 20, 45, 46, 47, 48, 49, 50, 27, 28, 29, 30, 31, 32, 57, 58, 59, 60, 61, 62, 39, 40, 41, 42, 43, 44, 53, 54, 63, 55, 64, 56, 51, 52 ],
[ 52, 40, 54, 56, 63, 64, 44, 42, 28, 51, 32, 30, 57, 58, 60, 62, 59, 55, 53, 61, 14, 39, 20, 16, 43, 41, 45, 46, 48, 50, 47, 49, 3, 27, 6, 4, 31, 29, 33, 34, 36, 38, 35, 37, 8, 13, 1, 7, 17, 15, 21, 22, 24, 26, 23, 25, 12, 19, 2, 11, 5, 18, 9, 10 ],
[ 35, 47, 21, 24, 49, 23, 36, 33, 59, 61, 48, 45, 34, 9, 38, 12, 37, 50, 46, 11, 63, 64, 60, 57, 62, 58, 22, 2, 26, 8, 25, 7, 51, 52, 55, 53, 56, 54, 10, 1, 19, 3, 18, 4, 39, 40, 43, 41, 44, 42, 5, 6, 13, 14, 15, 16, 27, 28, 31, 29, 32, 30, 17, 20 ]
],
[ PermutationGroup<64 |  
\[ 2, 9, 8, 7, 10, 1, 11, 12, 21, 22, 23, 24, 19, 3, 18, 4, 5, 25, 26, 6, 33, 34, 35, 36, 37, 38, 13, 14, 15, 16, 17, 20, 45, 46, 47, 48, 49, 50, 27, 28, 29, 30, 31, 32, 57, 58, 59, 60, 61, 62, 39, 40, 41, 42, 43, 44, 53, 54, 63, 55, 64, 56, 51, 52 ],
\[ 13, 19, 15, 17, 3, 27, 5, 18, 26, 8, 10, 25, 4, 29, 6, 31, 14, 1, 7, 39, 38, 12, 22, 37, 2, 11, 16, 41, 20, 43, 28, 51, 50, 24, 34, 49, 9, 23, 30, 53, 32, 55, 40, 63, 62, 36, 46, 61, 21, 35, 42, 57, 44, 60, 52, 59, 56, 48, 58, 64, 33, 47, 54, 45 ],
\[ 15, 18, 17, 27, 4, 29, 13, 5, 25, 7, 19, 10, 6, 31, 14, 39, 16, 3, 1, 41, 37, 11, 26, 22, 8, 2, 20, 43, 28, 51, 30, 53, 49, 23, 38, 34, 12, 9, 32, 55, 40, 63, 42, 57, 61, 35, 50, 46, 24, 21, 44, 60, 52, 59, 54, 45, 64, 47, 62, 58, 36, 33, 56, 48 ]:
 Order := 64 > |
[ 2, 9, 8, 7, 10, 1, 11, 12, 21, 22, 23, 24, 19, 3, 18, 4, 5, 25, 26, 6, 33, 34, 35, 36, 37, 38, 13, 14, 15, 16, 17, 20, 45, 46, 47, 48, 49, 50, 27, 28, 29, 30, 31, 32, 57, 58, 59, 60, 61, 62, 39, 40, 41, 42, 43, 44, 53, 54, 63, 55, 64, 56, 51, 52 ],
[ 32, 20, 40, 42, 43, 44, 30, 28, 6, 31, 16, 14, 51, 52, 53, 54, 55, 41, 39, 56, 1, 17, 4, 3, 29, 27, 63, 64, 57, 58, 60, 62, 2, 5, 7, 8, 15, 13, 59, 61, 45, 46, 48, 50, 9, 10, 11, 12, 18, 19, 47, 49, 33, 34, 36, 38, 21, 22, 23, 24, 25, 26, 35, 37 ],
[ 9, 21, 12, 11, 22, 2, 23, 24, 33, 34, 35, 36, 26, 8, 25, 7, 10, 37, 38, 1, 45, 46, 47, 48, 49, 50, 19, 3, 18, 4, 5, 6, 57, 58, 59, 60, 61, 62, 13, 14, 15, 16, 17, 20, 53, 54, 63, 55, 64, 56, 27, 28, 29, 30, 31, 32, 41, 42, 51, 43, 52, 44, 39, 40 ]
],
[ PermutationGroup<64 |  
\[ 2, 9, 8, 7, 10, 1, 11, 12, 21, 22, 23, 24, 19, 3, 18, 4, 5, 25, 26, 6, 33, 34, 35, 36, 37, 38, 13, 14, 15, 16, 17, 20, 45, 46, 47, 48, 49, 50, 27, 28, 29, 30, 31, 32, 57, 58, 59, 60, 61, 62, 39, 40, 41, 42, 43, 44, 53, 54, 63, 55, 64, 56, 51, 52 ],
\[ 13, 19, 15, 17, 3, 27, 5, 18, 26, 8, 10, 25, 4, 29, 6, 31, 14, 1, 7, 39, 38, 12, 22, 37, 2, 11, 16, 41, 20, 43, 28, 51, 50, 24, 34, 49, 9, 23, 30, 53, 32, 55, 40, 63, 62, 36, 46, 61, 21, 35, 42, 57, 44, 60, 52, 59, 56, 48, 58, 64, 33, 47, 54, 45 ],
\[ 15, 18, 17, 27, 4, 29, 13, 5, 25, 7, 19, 10, 6, 31, 14, 39, 16, 3, 1, 41, 37, 11, 26, 22, 8, 2, 20, 43, 28, 51, 30, 53, 49, 23, 38, 34, 12, 9, 32, 55, 40, 63, 42, 57, 61, 35, 50, 46, 24, 21, 44, 60, 52, 59, 54, 45, 64, 47, 62, 58, 36, 33, 56, 48 ]:
 Order := 64 > |
[ 2, 9, 8, 7, 10, 1, 11, 12, 21, 22, 23, 24, 19, 3, 18, 4, 5, 25, 26, 6, 33, 34, 35, 36, 37, 38, 13, 14, 15, 16, 17, 20, 45, 46, 47, 48, 49, 50, 27, 28, 29, 30, 31, 32, 57, 58, 59, 60, 61, 62, 39, 40, 41, 42, 43, 44, 53, 54, 63, 55, 64, 56, 51, 52 ],
[ 23, 35, 9, 12, 37, 11, 24, 21, 47, 49, 36, 33, 22, 2, 26, 8, 25, 38, 34, 7, 59, 61, 48, 45, 50, 46, 10, 1, 19, 3, 18, 4, 63, 64, 60, 57, 62, 58, 5, 6, 13, 14, 15, 16, 51, 52, 55, 53, 56, 54, 17, 20, 27, 28, 29, 30, 39, 40, 43, 41, 44, 42, 31, 32 ],
[ 40, 28, 42, 44, 51, 52, 32, 30, 14, 39, 20, 16, 53, 54, 55, 56, 63, 43, 41, 64, 3, 27, 6, 4, 31, 29, 57, 58, 60, 62, 59, 61, 8, 13, 1, 7, 17, 15, 45, 46, 48, 50, 47, 49, 12, 19, 2, 11, 5, 18, 33, 34, 36, 38, 35, 37, 24, 26, 9, 23, 10, 25, 21, 22 ]
],
[ PermutationGroup<64 |  
\[ 2, 9, 8, 7, 10, 1, 11, 12, 21, 22, 23, 24, 19, 3, 18, 4, 5, 25, 26, 6, 33, 34, 35, 36, 37, 38, 13, 14, 15, 16, 17, 20, 45, 46, 47, 48, 49, 50, 27, 28, 29, 30, 31, 32, 57, 58, 59, 60, 61, 62, 39, 40, 41, 42, 43, 44, 53, 54, 63, 55, 64, 56, 51, 52 ],
\[ 13, 19, 15, 17, 3, 27, 5, 18, 26, 8, 10, 25, 4, 29, 6, 31, 14, 1, 7, 39, 38, 12, 22, 37, 2, 11, 16, 41, 20, 43, 28, 51, 50, 24, 34, 49, 9, 23, 30, 53, 32, 55, 40, 63, 62, 36, 46, 61, 21, 35, 42, 57, 44, 60, 52, 59, 56, 48, 58, 64, 33, 47, 54, 45 ],
\[ 15, 18, 17, 27, 4, 29, 13, 5, 25, 7, 19, 10, 6, 31, 14, 39, 16, 3, 1, 41, 37, 11, 26, 22, 8, 2, 20, 43, 28, 51, 30, 53, 49, 23, 38, 34, 12, 9, 32, 55, 40, 63, 42, 57, 61, 35, 50, 46, 24, 21, 44, 60, 52, 59, 54, 45, 64, 47, 62, 58, 36, 33, 56, 48 ]:
 Order := 64 > |
[ 2, 9, 8, 7, 10, 1, 11, 12, 21, 22, 23, 24, 19, 3, 18, 4, 5, 25, 26, 6, 33, 34, 35, 36, 37, 38, 13, 14, 15, 16, 17, 20, 45, 46, 47, 48, 49, 50, 27, 28, 29, 30, 31, 32, 57, 58, 59, 60, 61, 62, 39, 40, 41, 42, 43, 44, 53, 54, 63, 55, 64, 56, 51, 52 ],
[ 43, 31, 51, 53, 32, 55, 41, 39, 17, 20, 29, 27, 40, 63, 42, 57, 44, 30, 28, 60, 5, 6, 15, 13, 16, 14, 52, 59, 54, 45, 56, 48, 10, 1, 18, 19, 4, 3, 64, 47, 58, 33, 62, 36, 22, 2, 25, 26, 7, 8, 61, 35, 46, 21, 50, 24, 34, 9, 37, 38, 11, 12, 49, 23 ],
[ 22, 34, 26, 25, 9, 10, 37, 38, 46, 21, 49, 50, 12, 19, 11, 18, 2, 23, 24, 5, 58, 33, 61, 62, 35, 36, 8, 13, 7, 15, 1, 17, 54, 45, 64, 56, 47, 48, 3, 27, 4, 29, 6, 31, 42, 57, 52, 44, 59, 60, 14, 39, 16, 41, 20, 43, 30, 53, 40, 32, 63, 55, 28, 51 ]
],
[ PermutationGroup<64 |  
\[ 2, 9, 8, 7, 10, 1, 11, 12, 21, 22, 23, 24, 19, 3, 18, 4, 5, 25, 26, 6, 33, 34, 35, 36, 37, 38, 13, 14, 15, 16, 17, 20, 45, 46, 47, 48, 49, 50, 27, 28, 29, 30, 31, 32, 57, 58, 59, 60, 61, 62, 39, 40, 41, 42, 43, 44, 53, 54, 63, 55, 64, 56, 51, 52 ],
\[ 13, 19, 15, 17, 3, 27, 5, 18, 26, 8, 10, 25, 4, 29, 6, 31, 14, 1, 7, 39, 38, 12, 22, 37, 2, 11, 16, 41, 20, 43, 28, 51, 50, 24, 34, 49, 9, 23, 30, 53, 32, 55, 40, 63, 62, 36, 46, 61, 21, 35, 42, 57, 44, 60, 52, 59, 56, 48, 58, 64, 33, 47, 54, 45 ],
\[ 15, 18, 17, 27, 4, 29, 13, 5, 25, 7, 19, 10, 6, 31, 14, 39, 16, 3, 1, 41, 37, 11, 26, 22, 8, 2, 20, 43, 28, 51, 30, 53, 49, 23, 38, 34, 12, 9, 32, 55, 40, 63, 42, 57, 61, 35, 50, 46, 24, 21, 44, 60, 52, 59, 54, 45, 64, 47, 62, 58, 36, 33, 56, 48 ]:
 Order := 64 > |
[ 2, 9, 8, 7, 10, 1, 11, 12, 21, 22, 23, 24, 19, 3, 18, 4, 5, 25, 26, 6, 33, 34, 35, 36, 37, 38, 13, 14, 15, 16, 17, 20, 45, 46, 47, 48, 49, 50, 27, 28, 29, 30, 31, 32, 57, 58, 59, 60, 61, 62, 39, 40, 41, 42, 43, 44, 53, 54, 63, 55, 64, 56, 51, 52 ],
[ 36, 48, 35, 21, 50, 24, 33, 47, 60, 62, 45, 59, 49, 23, 34, 9, 38, 46, 61, 12, 55, 56, 57, 63, 58, 64, 37, 11, 22, 2, 26, 8, 43, 44, 53, 51, 54, 52, 25, 7, 10, 1, 19, 3, 31, 32, 41, 39, 42, 40, 18, 4, 5, 6, 13, 14, 17, 20, 29, 27, 30, 28, 15, 16 ],
[ 54, 42, 56, 64, 57, 58, 52, 44, 30, 53, 40, 32, 60, 62, 59, 61, 45, 63, 55, 46, 16, 41, 28, 20, 51, 43, 48, 50, 47, 49, 33, 34, 4, 29, 14, 6, 39, 31, 36, 38, 35, 37, 21, 22, 7, 15, 3, 1, 27, 17, 24, 26, 23, 25, 9, 10, 11, 18, 8, 2, 13, 5, 12, 19 ]
],
[ PermutationGroup<64 |  
\[ 2, 9, 8, 7, 10, 1, 11, 12, 21, 22, 23, 24, 19, 3, 18, 4, 5, 25, 26, 6, 33, 34, 35, 36, 37, 38, 13, 14, 15, 16, 17, 20, 45, 46, 47, 48, 49, 50, 27, 28, 29, 30, 31, 32, 57, 58, 59, 60, 61, 62, 39, 40, 41, 42, 43, 44, 53, 54, 63, 55, 64, 56, 51, 52 ],
\[ 13, 19, 15, 17, 3, 27, 5, 18, 26, 8, 10, 25, 4, 29, 6, 31, 14, 1, 7, 39, 38, 12, 22, 37, 2, 11, 16, 41, 20, 43, 28, 51, 50, 24, 34, 49, 9, 23, 30, 53, 32, 55, 40, 63, 62, 36, 46, 61, 21, 35, 42, 57, 44, 60, 52, 59, 56, 48, 58, 64, 33, 47, 54, 45 ],
\[ 15, 18, 17, 27, 4, 29, 13, 5, 25, 7, 19, 10, 6, 31, 14, 39, 16, 3, 1, 41, 37, 11, 26, 22, 8, 2, 20, 43, 28, 51, 30, 53, 49, 23, 38, 34, 12, 9, 32, 55, 40, 63, 42, 57, 61, 35, 50, 46, 24, 21, 44, 60, 52, 59, 54, 45, 64, 47, 62, 58, 36, 33, 56, 48 ]:
 Order := 64 > |
[ 2, 9, 8, 7, 10, 1, 11, 12, 21, 22, 23, 24, 19, 3, 18, 4, 5, 25, 26, 6, 33, 34, 35, 36, 37, 38, 13, 14, 15, 16, 17, 20, 45, 46, 47, 48, 49, 50, 27, 28, 29, 30, 31, 32, 57, 58, 59, 60, 61, 62, 39, 40, 41, 42, 43, 44, 53, 54, 63, 55, 64, 56, 51, 52 ],
[ 29, 15, 31, 39, 16, 41, 27, 17, 18, 4, 13, 5, 20, 43, 28, 51, 30, 14, 6, 53, 25, 7, 19, 10, 3, 1, 32, 55, 40, 63, 42, 57, 37, 11, 26, 22, 8, 2, 44, 60, 52, 59, 54, 45, 49, 23, 38, 34, 12, 9, 56, 48, 64, 47, 58, 33, 61, 35, 50, 46, 24, 21, 62, 36 ],
[ 19, 26, 18, 5, 8, 13, 10, 25, 38, 12, 22, 37, 7, 15, 1, 17, 3, 2, 11, 27, 50, 24, 34, 49, 9, 23, 4, 29, 6, 31, 14, 39, 62, 36, 46, 61, 21, 35, 16, 41, 20, 43, 28, 51, 56, 48, 58, 64, 33, 47, 30, 53, 32, 55, 40, 63, 44, 60, 54, 52, 45, 59, 42, 57 ]
],
[ PermutationGroup<64 |  
\[ 2, 9, 8, 7, 10, 1, 11, 12, 21, 22, 23, 24, 19, 3, 18, 4, 5, 25, 26, 6, 33, 34, 35, 36, 37, 38, 13, 14, 15, 16, 17, 20, 45, 46, 47, 48, 49, 50, 27, 28, 29, 30, 31, 32, 57, 58, 59, 60, 61, 62, 39, 40, 41, 42, 43, 44, 53, 54, 63, 55, 64, 56, 51, 52 ],
\[ 13, 19, 15, 17, 3, 27, 5, 18, 26, 8, 10, 25, 4, 29, 6, 31, 14, 1, 7, 39, 38, 12, 22, 37, 2, 11, 16, 41, 20, 43, 28, 51, 50, 24, 34, 49, 9, 23, 30, 53, 32, 55, 40, 63, 62, 36, 46, 61, 21, 35, 42, 57, 44, 60, 52, 59, 56, 48, 58, 64, 33, 47, 54, 45 ],
\[ 15, 18, 17, 27, 4, 29, 13, 5, 25, 7, 19, 10, 6, 31, 14, 39, 16, 3, 1, 41, 37, 11, 26, 22, 8, 2, 20, 43, 28, 51, 30, 53, 49, 23, 38, 34, 12, 9, 32, 55, 40, 63, 42, 57, 61, 35, 50, 46, 24, 21, 44, 60, 52, 59, 54, 45, 64, 47, 62, 58, 36, 33, 56, 48 ]:
 Order := 64 > |
[ 2, 9, 8, 7, 10, 1, 11, 12, 21, 22, 23, 24, 19, 3, 18, 4, 5, 25, 26, 6, 33, 34, 35, 36, 37, 38, 13, 14, 15, 16, 17, 20, 45, 46, 47, 48, 49, 50, 27, 28, 29, 30, 31, 32, 57, 58, 59, 60, 61, 62, 39, 40, 41, 42, 43, 44, 53, 54, 63, 55, 64, 56, 51, 52 ],
[ 45, 57, 48, 47, 58, 33, 59, 60, 53, 54, 63, 55, 62, 36, 61, 35, 46, 64, 56, 21, 41, 42, 51, 43, 52, 44, 50, 24, 49, 23, 34, 9, 29, 30, 39, 31, 40, 32, 38, 12, 37, 11, 22, 2, 15, 16, 27, 17, 28, 20, 26, 8, 25, 7, 10, 1, 18, 4, 13, 5, 14, 6, 19, 3 ],
[ 62, 56, 61, 46, 48, 50, 58, 64, 44, 60, 54, 52, 47, 49, 33, 34, 36, 45, 59, 38, 32, 55, 42, 40, 57, 63, 35, 37, 21, 22, 24, 26, 20, 43, 30, 28, 53, 51, 23, 25, 9, 10, 12, 19, 6, 31, 16, 14, 41, 39, 11, 18, 2, 5, 8, 13, 1, 17, 4, 3, 29, 27, 7, 15 ]
],
[ PermutationGroup<64 |  
\[ 2, 9, 8, 7, 10, 1, 11, 12, 21, 22, 23, 24, 19, 3, 18, 4, 5, 25, 26, 6, 33, 34, 35, 36, 37, 38, 13, 14, 15, 16, 17, 20, 45, 46, 47, 48, 49, 50, 27, 28, 29, 30, 31, 32, 57, 58, 59, 60, 61, 62, 39, 40, 41, 42, 43, 44, 53, 54, 63, 55, 64, 56, 51, 52 ],
\[ 13, 19, 15, 17, 3, 27, 5, 18, 26, 8, 10, 25, 4, 29, 6, 31, 14, 1, 7, 39, 38, 12, 22, 37, 2, 11, 16, 41, 20, 43, 28, 51, 50, 24, 34, 49, 9, 23, 30, 53, 32, 55, 40, 63, 62, 36, 46, 61, 21, 35, 42, 57, 44, 60, 52, 59, 56, 48, 58, 64, 33, 47, 54, 45 ],
\[ 15, 18, 17, 27, 4, 29, 13, 5, 25, 7, 19, 10, 6, 31, 14, 39, 16, 3, 1, 41, 37, 11, 26, 22, 8, 2, 20, 43, 28, 51, 30, 53, 49, 23, 38, 34, 12, 9, 32, 55, 40, 63, 42, 57, 61, 35, 50, 46, 24, 21, 44, 60, 52, 59, 54, 45, 64, 47, 62, 58, 36, 33, 56, 48 ]:
 Order := 64 > |
[ 2, 9, 8, 7, 10, 1, 11, 12, 21, 22, 23, 24, 19, 3, 18, 4, 5, 25, 26, 6, 33, 34, 35, 36, 37, 38, 13, 14, 15, 16, 17, 20, 45, 46, 47, 48, 49, 50, 27, 28, 29, 30, 31, 32, 57, 58, 59, 60, 61, 62, 39, 40, 41, 42, 43, 44, 53, 54, 63, 55, 64, 56, 51, 52 ],
[ 13, 19, 15, 17, 3, 27, 5, 18, 26, 8, 10, 25, 4, 29, 6, 31, 14, 1, 7, 39, 38, 12, 22, 37, 2, 11, 16, 41, 20, 43, 28, 51, 50, 24, 34, 49, 9, 23, 30, 53, 32, 55, 40, 63, 62, 36, 46, 61, 21, 35, 42, 57, 44, 60, 52, 59, 56, 48, 58, 64, 33, 47, 54, 45 ],
[ 15, 18, 17, 27, 4, 29, 13, 5, 25, 7, 19, 10, 6, 31, 14, 39, 16, 3, 1, 41, 37, 11, 26, 22, 8, 2, 20, 43, 28, 51, 30, 53, 49, 23, 38, 34, 12, 9, 32, 55, 40, 63, 42, 57, 61, 35, 50, 46, 24, 21, 44, 60, 52, 59, 54, 45, 64, 47, 62, 58, 36, 33, 56, 48 ]
]
];
s`SolvableDBPointedPassport := [ PowerSequence(PermutationGroup<64 |  
\[ 2, 3, 4, 5, 6, 7, 8, 9, 10, 11, 12, 13, 14, 15, 16, 17, 18, 19, 20, 21, 22, 23, 24, 25, 26, 27, 28, 29, 30, 31, 32, 33, 34, 35, 36, 37, 38, 39, 40, 41, 42, 43, 44, 45, 46, 47, 48, 49, 50, 51, 52, 53, 54, 55, 56, 57, 58, 59, 60, 61, 62, 63, 64, 1 ],
\[ 2, 1, 3, 4, 5, 6, 7, 8, 9, 10, 11, 12, 13, 14, 15, 16, 17, 18, 19, 20, 21, 22, 23, 24, 25, 26, 27, 28, 29, 30, 31, 32, 33, 34, 35, 36, 37, 38, 39, 40, 41, 42, 43, 44, 45, 46, 47, 48, 49, 50, 51, 52, 53, 54, 55, 56, 57, 58, 59, 60, 61, 62, 63, 64 ]:
 Order := 126886932185884164103433389335161480802865516174545192198801894375214704230400000000000000 >) |
[ PermutationGroup<64 |  
\[ 2, 3, 4, 5, 6, 7, 8, 9, 10, 11, 12, 13, 14, 15, 16, 17, 18, 19, 20, 21, 22, 23, 24, 25, 26, 27, 28, 29, 30, 31, 32, 33, 34, 35, 36, 37, 38, 39, 40, 41, 42, 43, 44, 45, 46, 47, 48, 49, 50, 51, 52, 53, 54, 55, 56, 57, 58, 59, 60, 61, 62, 63, 64, 1 ],
\[ 2, 1, 3, 4, 5, 6, 7, 8, 9, 10, 11, 12, 13, 14, 15, 16, 17, 18, 19, 20, 21, 22, 23, 24, 25, 26, 27, 28, 29, 30, 31, 32, 33, 34, 35, 36, 37, 38, 39, 40, 41, 42, 43, 44, 45, 46, 47, 48, 49, 50, 51, 52, 53, 54, 55, 56, 57, 58, 59, 60, 61, 62, 63, 64 ]:
 Order := 126886932185884164103433389335161480802865516174545192198801894375214704230400000000000000 > |
[ 2, 9, 8, 7, 10, 1, 11, 12, 21, 22, 23, 24, 19, 3, 18, 4, 5, 25, 26, 6, 33, 34, 35, 36, 37, 38, 13, 14, 15, 16, 17, 20, 45, 46, 47, 48, 49, 50, 27, 28, 29, 30, 31, 32, 57, 58, 59, 60, 61, 62, 39, 40, 41, 42, 43, 44, 53, 54, 63, 55, 64, 56, 51, 52 ],
[ 2, 9, 8, 7, 10, 1, 11, 12, 21, 22, 23, 24, 19, 3, 18, 4, 5, 25, 26, 6, 33, 34, 35, 36, 37, 38, 13, 14, 15, 16, 17, 20, 45, 46, 47, 48, 49, 50, 27, 28, 29, 30, 31, 32, 57, 58, 59, 60, 61, 62, 39, 40, 41, 42, 43, 44, 53, 54, 63, 55, 64, 56, 51, 52 ],
[ 20, 6, 28, 30, 31, 32, 16, 14, 1, 17, 4, 3, 39, 40, 41, 42, 43, 29, 27, 44, 2, 5, 7, 8, 15, 13, 51, 52, 53, 54, 55, 56, 9, 10, 11, 12, 18, 19, 63, 64, 57, 58, 60, 62, 21, 22, 23, 24, 25, 26, 59, 61, 45, 46, 48, 50, 33, 34, 35, 36, 37, 38, 47, 49 ]
],
[ PermutationGroup<64 |  
\[ 2, 3, 4, 5, 6, 7, 8, 9, 10, 11, 12, 13, 14, 15, 16, 17, 18, 19, 20, 21, 22, 23, 24, 25, 26, 27, 28, 29, 30, 31, 32, 33, 34, 35, 36, 37, 38, 39, 40, 41, 42, 43, 44, 45, 46, 47, 48, 49, 50, 51, 52, 53, 54, 55, 56, 57, 58, 59, 60, 61, 62, 63, 64, 1 ],
\[ 2, 1, 3, 4, 5, 6, 7, 8, 9, 10, 11, 12, 13, 14, 15, 16, 17, 18, 19, 20, 21, 22, 23, 24, 25, 26, 27, 28, 29, 30, 31, 32, 33, 34, 35, 36, 37, 38, 39, 40, 41, 42, 43, 44, 45, 46, 47, 48, 49, 50, 51, 52, 53, 54, 55, 56, 57, 58, 59, 60, 61, 62, 63, 64 ]:
 Order := 126886932185884164103433389335161480802865516174545192198801894375214704230400000000000000 > |
[ 2, 9, 8, 7, 10, 1, 11, 12, 21, 22, 23, 24, 19, 3, 18, 4, 5, 25, 26, 6, 33, 34, 35, 36, 37, 38, 13, 14, 15, 16, 17, 20, 45, 46, 47, 48, 49, 50, 27, 28, 29, 30, 31, 32, 57, 58, 59, 60, 61, 62, 39, 40, 41, 42, 43, 44, 53, 54, 63, 55, 64, 56, 51, 52 ],
[ 37, 49, 22, 26, 23, 25, 38, 34, 61, 35, 50, 46, 9, 10, 12, 19, 11, 24, 21, 18, 64, 47, 62, 58, 36, 33, 2, 5, 8, 13, 7, 15, 52, 59, 56, 54, 48, 45, 1, 17, 3, 27, 4, 29, 40, 63, 44, 42, 60, 57, 6, 31, 14, 39, 16, 41, 28, 51, 32, 30, 55, 53, 20, 43 ],
[ 51, 39, 53, 55, 40, 63, 43, 41, 27, 28, 31, 29, 42, 57, 44, 60, 52, 32, 30, 59, 13, 14, 17, 15, 20, 16, 54, 45, 56, 48, 64, 47, 19, 3, 5, 18, 6, 4, 58, 33, 62, 36, 61, 35, 26, 8, 10, 25, 1, 7, 46, 21, 50, 24, 49, 23, 38, 12, 22, 37, 2, 11, 34, 9 ]
],
[ PermutationGroup<64 |  
\[ 2, 3, 4, 5, 6, 7, 8, 9, 10, 11, 12, 13, 14, 15, 16, 17, 18, 19, 20, 21, 22, 23, 24, 25, 26, 27, 28, 29, 30, 31, 32, 33, 34, 35, 36, 37, 38, 39, 40, 41, 42, 43, 44, 45, 46, 47, 48, 49, 50, 51, 52, 53, 54, 55, 56, 57, 58, 59, 60, 61, 62, 63, 64, 1 ],
\[ 2, 1, 3, 4, 5, 6, 7, 8, 9, 10, 11, 12, 13, 14, 15, 16, 17, 18, 19, 20, 21, 22, 23, 24, 25, 26, 27, 28, 29, 30, 31, 32, 33, 34, 35, 36, 37, 38, 39, 40, 41, 42, 43, 44, 45, 46, 47, 48, 49, 50, 51, 52, 53, 54, 55, 56, 57, 58, 59, 60, 61, 62, 63, 64 ]:
 Order := 126886932185884164103433389335161480802865516174545192198801894375214704230400000000000000 > |
[ 2, 9, 8, 7, 10, 1, 11, 12, 21, 22, 23, 24, 19, 3, 18, 4, 5, 25, 26, 6, 33, 34, 35, 36, 37, 38, 13, 14, 15, 16, 17, 20, 45, 46, 47, 48, 49, 50, 27, 28, 29, 30, 31, 32, 57, 58, 59, 60, 61, 62, 39, 40, 41, 42, 43, 44, 53, 54, 63, 55, 64, 56, 51, 52 ],
[ 50, 62, 49, 34, 36, 38, 46, 61, 56, 48, 58, 64, 35, 37, 21, 22, 24, 33, 47, 26, 44, 60, 54, 52, 45, 59, 23, 25, 9, 10, 12, 19, 32, 55, 42, 40, 57, 63, 11, 18, 2, 5, 8, 13, 20, 43, 30, 28, 53, 51, 7, 15, 1, 17, 3, 27, 6, 31, 16, 14, 41, 39, 4, 29 ],
[ 57, 53, 60, 59, 54, 45, 63, 55, 41, 42, 51, 43, 56, 48, 64, 47, 58, 52, 44, 33, 29, 30, 39, 31, 40, 32, 62, 36, 61, 35, 46, 21, 15, 16, 27, 17, 28, 20, 50, 24, 49, 23, 34, 9, 18, 4, 13, 5, 14, 6, 38, 12, 37, 11, 22, 2, 25, 7, 19, 10, 3, 1, 26, 8 ]
],
[ PermutationGroup<64 |  
\[ 2, 3, 4, 5, 6, 7, 8, 9, 10, 11, 12, 13, 14, 15, 16, 17, 18, 19, 20, 21, 22, 23, 24, 25, 26, 27, 28, 29, 30, 31, 32, 33, 34, 35, 36, 37, 38, 39, 40, 41, 42, 43, 44, 45, 46, 47, 48, 49, 50, 51, 52, 53, 54, 55, 56, 57, 58, 59, 60, 61, 62, 63, 64, 1 ],
\[ 2, 1, 3, 4, 5, 6, 7, 8, 9, 10, 11, 12, 13, 14, 15, 16, 17, 18, 19, 20, 21, 22, 23, 24, 25, 26, 27, 28, 29, 30, 31, 32, 33, 34, 35, 36, 37, 38, 39, 40, 41, 42, 43, 44, 45, 46, 47, 48, 49, 50, 51, 52, 53, 54, 55, 56, 57, 58, 59, 60, 61, 62, 63, 64 ]:
 Order := 126886932185884164103433389335161480802865516174545192198801894375214704230400000000000000 > |
[ 2, 9, 8, 7, 10, 1, 11, 12, 21, 22, 23, 24, 19, 3, 18, 4, 5, 25, 26, 6, 33, 34, 35, 36, 37, 38, 13, 14, 15, 16, 17, 20, 45, 46, 47, 48, 49, 50, 27, 28, 29, 30, 31, 32, 57, 58, 59, 60, 61, 62, 39, 40, 41, 42, 43, 44, 53, 54, 63, 55, 64, 56, 51, 52 ],
[ 16, 4, 20, 28, 29, 30, 14, 6, 7, 15, 3, 1, 31, 32, 39, 40, 41, 27, 17, 42, 11, 18, 8, 2, 13, 5, 43, 44, 51, 52, 53, 54, 23, 25, 12, 9, 19, 10, 55, 56, 63, 64, 57, 58, 35, 37, 24, 21, 26, 22, 60, 62, 59, 61, 45, 46, 47, 49, 36, 33, 38, 34, 48, 50 ],
[ 8, 12, 7, 1, 19, 3, 2, 11, 24, 26, 9, 23, 18, 4, 5, 6, 13, 10, 25, 14, 36, 38, 21, 35, 22, 37, 15, 16, 17, 20, 27, 28, 48, 50, 33, 47, 34, 49, 29, 30, 31, 32, 39, 40, 60, 62, 45, 59, 46, 61, 41, 42, 43, 44, 51, 52, 55, 56, 57, 63, 58, 64, 53, 54 ]
],
[ PermutationGroup<64 |  
\[ 2, 3, 4, 5, 6, 7, 8, 9, 10, 11, 12, 13, 14, 15, 16, 17, 18, 19, 20, 21, 22, 23, 24, 25, 26, 27, 28, 29, 30, 31, 32, 33, 34, 35, 36, 37, 38, 39, 40, 41, 42, 43, 44, 45, 46, 47, 48, 49, 50, 51, 52, 53, 54, 55, 56, 57, 58, 59, 60, 61, 62, 63, 64, 1 ],
\[ 2, 1, 3, 4, 5, 6, 7, 8, 9, 10, 11, 12, 13, 14, 15, 16, 17, 18, 19, 20, 21, 22, 23, 24, 25, 26, 27, 28, 29, 30, 31, 32, 33, 34, 35, 36, 37, 38, 39, 40, 41, 42, 43, 44, 45, 46, 47, 48, 49, 50, 51, 52, 53, 54, 55, 56, 57, 58, 59, 60, 61, 62, 63, 64 ]:
 Order := 126886932185884164103433389335161480802865516174545192198801894375214704230400000000000000 > |
[ 2, 9, 8, 7, 10, 1, 11, 12, 21, 22, 23, 24, 19, 3, 18, 4, 5, 25, 26, 6, 33, 34, 35, 36, 37, 38, 13, 14, 15, 16, 17, 20, 45, 46, 47, 48, 49, 50, 27, 28, 29, 30, 31, 32, 57, 58, 59, 60, 61, 62, 39, 40, 41, 42, 43, 44, 53, 54, 63, 55, 64, 56, 51, 52 ],
[ 58, 54, 62, 61, 45, 46, 64, 56, 42, 57, 52, 44, 48, 50, 47, 49, 33, 59, 60, 34, 30, 53, 40, 32, 63, 55, 36, 38, 35, 37, 21, 22, 16, 41, 28, 20, 51, 43, 24, 26, 23, 25, 9, 10, 4, 29, 14, 6, 39, 31, 12, 19, 11, 18, 2, 5, 7, 15, 3, 1, 27, 17, 8, 13 ],
[ 48, 60, 47, 33, 62, 36, 45, 59, 55, 56, 57, 63, 61, 35, 46, 21, 50, 58, 64, 24, 43, 44, 53, 51, 54, 52, 49, 23, 34, 9, 38, 12, 31, 32, 41, 39, 42, 40, 37, 11, 22, 2, 26, 8, 17, 20, 29, 27, 30, 28, 25, 7, 10, 1, 19, 3, 5, 6, 15, 13, 16, 14, 18, 4 ]
],
[ PermutationGroup<64 |  
\[ 2, 3, 4, 5, 6, 7, 8, 9, 10, 11, 12, 13, 14, 15, 16, 17, 18, 19, 20, 21, 22, 23, 24, 25, 26, 27, 28, 29, 30, 31, 32, 33, 34, 35, 36, 37, 38, 39, 40, 41, 42, 43, 44, 45, 46, 47, 48, 49, 50, 51, 52, 53, 54, 55, 56, 57, 58, 59, 60, 61, 62, 63, 64, 1 ],
\[ 2, 1, 3, 4, 5, 6, 7, 8, 9, 10, 11, 12, 13, 14, 15, 16, 17, 18, 19, 20, 21, 22, 23, 24, 25, 26, 27, 28, 29, 30, 31, 32, 33, 34, 35, 36, 37, 38, 39, 40, 41, 42, 43, 44, 45, 46, 47, 48, 49, 50, 51, 52, 53, 54, 55, 56, 57, 58, 59, 60, 61, 62, 63, 64 ]:
 Order := 126886932185884164103433389335161480802865516174545192198801894375214704230400000000000000 > |
[ 2, 9, 8, 7, 10, 1, 11, 12, 21, 22, 23, 24, 19, 3, 18, 4, 5, 25, 26, 6, 33, 34, 35, 36, 37, 38, 13, 14, 15, 16, 17, 20, 45, 46, 47, 48, 49, 50, 27, 28, 29, 30, 31, 32, 57, 58, 59, 60, 61, 62, 39, 40, 41, 42, 43, 44, 53, 54, 63, 55, 64, 56, 51, 52 ],
[ 3, 8, 4, 6, 13, 14, 1, 7, 12, 19, 2, 11, 15, 16, 17, 20, 27, 5, 18, 28, 24, 26, 9, 23, 10, 25, 29, 30, 31, 32, 39, 40, 36, 38, 21, 35, 22, 37, 41, 42, 43, 44, 51, 52, 48, 50, 33, 47, 34, 49, 53, 54, 55, 56, 63, 64, 60, 62, 45, 59, 46, 61, 57, 58 ],
[ 4, 7, 6, 14, 15, 16, 3, 1, 11, 18, 8, 2, 17, 20, 27, 28, 29, 13, 5, 30, 23, 25, 12, 9, 19, 10, 31, 32, 39, 40, 41, 42, 35, 37, 24, 21, 26, 22, 43, 44, 51, 52, 53, 54, 47, 49, 36, 33, 38, 34, 55, 56, 63, 64, 57, 58, 59, 61, 48, 45, 50, 46, 60, 62 ]
],
[ PermutationGroup<64 |  
\[ 2, 3, 4, 5, 6, 7, 8, 9, 10, 11, 12, 13, 14, 15, 16, 17, 18, 19, 20, 21, 22, 23, 24, 25, 26, 27, 28, 29, 30, 31, 32, 33, 34, 35, 36, 37, 38, 39, 40, 41, 42, 43, 44, 45, 46, 47, 48, 49, 50, 51, 52, 53, 54, 55, 56, 57, 58, 59, 60, 61, 62, 63, 64, 1 ],
