s := SolvableDBObjectInitialize();

/*
Basic Information about the Passport
*/

s`SolvableDBName := "64S18-4,4,8-g13-path3";
s`SolvableDBFilename := "64S18-4,4,8-g13-path3.m";
s`SolvableDBPathNumber := 3;
s`SolvableDBDegree := 64;
s`SolvableDBABC := \[ 4, 4, 8 ];
s`SolvableDBType := "Hyperbolic";
s`SolvableDBGenus := 13;
s`SolvableDBGaloisOrbitSize := 1;
s`SolvableDBPassportSize := 1;
s`SolvableDBPointedPassportSize := 1;
s`SolvableDBLevel := 6;
s`SolvableDBBlocks := {@ PowerSet(IntegerRing()) |
{ IntegerRing() | 1, 5 },
{ IntegerRing() | 2, 12 },
{ IntegerRing() | 3, 18 },
{ IntegerRing() | 4, 24 },
{ IntegerRing() | 6, 22 },
{ IntegerRing() | 7, 11 },
{ IntegerRing() | 8, 15 },
{ IntegerRing() | 9, 38 },
{ IntegerRing() | 10, 42 },
{ IntegerRing() | 13, 37 },
{ IntegerRing() | 14, 40 },
{ IntegerRing() | 16, 47 },
{ IntegerRing() | 17, 55 },
{ IntegerRing() | 19, 54 },
{ IntegerRing() | 20, 53 },
{ IntegerRing() | 21, 60 },
{ IntegerRing() | 23, 36 },
{ IntegerRing() | 25, 58 },
{ IntegerRing() | 26, 59 },
{ IntegerRing() | 27, 62 },
{ IntegerRing() | 28, 39 },
{ IntegerRing() | 29, 63 },
{ IntegerRing() | 30, 44 },
{ IntegerRing() | 31, 45 },
{ IntegerRing() | 32, 46 },
{ IntegerRing() | 33, 50 },
{ IntegerRing() | 34, 51 },
{ IntegerRing() | 35, 52 },
{ IntegerRing() | 41, 64 },
{ IntegerRing() | 43, 57 },
{ IntegerRing() | 48, 61 },
{ IntegerRing() | 49, 56 }
@};

/*
Permutations and Passports
*/

s`SolvableDBGaloisOrbit := [ PowerSequence(PermutationGroup<64 |  
\[ 2, 3, 4, 5, 6, 7, 8, 9, 10, 11, 12, 13, 14, 15, 16, 17, 18, 19, 20, 21, 22, 23, 24, 25, 26, 27, 28, 29, 30, 31, 32, 33, 34, 35, 36, 37, 38, 39, 40, 41, 42, 43, 44, 45, 46, 47, 48, 49, 50, 51, 52, 53, 54, 55, 56, 57, 58, 59, 60, 61, 62, 63, 64, 1 ],
\[ 2, 1, 3, 4, 5, 6, 7, 8, 9, 10, 11, 12, 13, 14, 15, 16, 17, 18, 19, 20, 21, 22, 23, 24, 25, 26, 27, 28, 29, 30, 31, 32, 33, 34, 35, 36, 37, 38, 39, 40, 41, 42, 43, 44, 45, 46, 47, 48, 49, 50, 51, 52, 53, 54, 55, 56, 57, 58, 59, 60, 61, 62, 63, 64 ]:
 Order := 126886932185884164103433389335161480802865516174545192198801894375214704230400000000000000 >) |
[ PermutationGroup<64 |  
\[ 2, 3, 4, 5, 6, 7, 8, 9, 10, 11, 12, 13, 14, 15, 16, 17, 18, 19, 20, 21, 22, 23, 24, 25, 26, 27, 28, 29, 30, 31, 32, 33, 34, 35, 36, 37, 38, 39, 40, 41, 42, 43, 44, 45, 46, 47, 48, 49, 50, 51, 52, 53, 54, 55, 56, 57, 58, 59, 60, 61, 62, 63, 64, 1 ],
\[ 2, 1, 3, 4, 5, 6, 7, 8, 9, 10, 11, 12, 13, 14, 15, 16, 17, 18, 19, 20, 21, 22, 23, 24, 25, 26, 27, 28, 29, 30, 31, 32, 33, 34, 35, 36, 37, 38, 39, 40, 41, 42, 43, 44, 45, 46, 47, 48, 49, 50, 51, 52, 53, 54, 55, 56, 57, 58, 59, 60, 61, 62, 63, 64 ]:
 Order := 126886932185884164103433389335161480802865516174545192198801894375214704230400000000000000 > |
[ 12, 38, 8, 60, 2, 5, 44, 50, 22, 14, 30, 9, 58, 62, 33, 20, 64, 15, 18, 43, 37, 1, 45, 21, 24, 47, 29, 46, 42, 39, 48, 11, 19, 36, 56, 31, 25, 6, 32, 27, 35, 40, 59, 28, 61, 7, 53, 34, 17, 54, 23, 49, 57, 3, 41, 55, 26, 4, 16, 13, 51, 63, 10, 52 ],
[ 3, 10, 16, 22, 18, 27, 1, 34, 33, 20, 5, 42, 2, 36, 51, 7, 54, 47, 31, 13, 41, 62, 58, 6, 49, 4, 59, 38, 48, 35, 46, 17, 43, 30, 8, 25, 12, 50, 9, 23, 63, 53, 39, 52, 32, 55, 11, 60, 14, 57, 44, 15, 37, 45, 19, 40, 28, 56, 24, 64, 21, 26, 61, 29 ],
[ 4, 11, 17, 23, 24, 28, 31, 1, 37, 41, 45, 7, 48, 2, 5, 27, 25, 55, 9, 3, 59, 39, 15, 36, 53, 50, 56, 51, 6, 47, 14, 43, 52, 29, 21, 8, 61, 13, 34, 12, 46, 64, 10, 16, 40, 57, 62, 19, 44, 35, 63, 60, 18, 38, 58, 30, 42, 20, 33, 26, 54, 49, 22, 32 ]
]
];
s`SolvableDBPassport := [ PowerSequence(PermutationGroup<64 |  
\[ 12, 38, 8, 60, 2, 5, 44, 50, 22, 14, 30, 9, 58, 62, 33, 20, 64, 15, 18, 43, 37, 1, 45, 21, 24, 47, 29, 46, 42, 39, 48, 11, 19, 36, 56, 31, 25, 6, 32, 27, 35, 40, 59, 28, 61, 7, 53, 34, 17, 54, 23, 49, 57, 3, 41, 55, 26, 4, 16, 13, 51, 63, 10, 52 ],
\[ 3, 10, 16, 22, 18, 27, 1, 34, 33, 20, 5, 42, 2, 36, 51, 7, 54, 47, 31, 13, 41, 62, 58, 6, 49, 4, 59, 38, 48, 35, 46, 17, 43, 30, 8, 25, 12, 50, 9, 23, 63, 53, 39, 52, 32, 55, 11, 60, 14, 57, 44, 15, 37, 45, 19, 40, 28, 56, 24, 64, 21, 26, 61, 29 ],
\[ 4, 11, 17, 23, 24, 28, 31, 1, 37, 41, 45, 7, 48, 2, 5, 27, 25, 55, 9, 3, 59, 39, 15, 36, 53, 50, 56, 51, 6, 47, 14, 43, 52, 29, 21, 8, 61, 13, 34, 12, 46, 64, 10, 16, 40, 57, 62, 19, 44, 35, 63, 60, 18, 38, 58, 30, 42, 20, 33, 26, 54, 49, 22, 32 ]:
 Order := 64 >) |
[ PermutationGroup<64 |  
\[ 12, 38, 8, 60, 2, 5, 44, 50, 22, 14, 30, 9, 58, 62, 33, 20, 64, 15, 18, 43, 37, 1, 45, 21, 24, 47, 29, 46, 42, 39, 48, 11, 19, 36, 56, 31, 25, 6, 32, 27, 35, 40, 59, 28, 61, 7, 53, 34, 17, 54, 23, 49, 57, 3, 41, 55, 26, 4, 16, 13, 51, 63, 10, 52 ],
\[ 3, 10, 16, 22, 18, 27, 1, 34, 33, 20, 5, 42, 2, 36, 51, 7, 54, 47, 31, 13, 41, 62, 58, 6, 49, 4, 59, 38, 48, 35, 46, 17, 43, 30, 8, 25, 12, 50, 9, 23, 63, 53, 39, 52, 32, 55, 11, 60, 14, 57, 44, 15, 37, 45, 19, 40, 28, 56, 24, 64, 21, 26, 61, 29 ],
\[ 4, 11, 17, 23, 24, 28, 31, 1, 37, 41, 45, 7, 48, 2, 5, 27, 25, 55, 9, 3, 59, 39, 15, 36, 53, 50, 56, 51, 6, 47, 14, 43, 52, 29, 21, 8, 61, 13, 34, 12, 46, 64, 10, 16, 40, 57, 62, 19, 44, 35, 63, 60, 18, 38, 58, 30, 42, 20, 33, 26, 54, 49, 22, 32 ]:
 Order := 64 > |
[ 12, 38, 8, 60, 2, 5, 44, 50, 22, 14, 30, 9, 58, 62, 33, 20, 64, 15, 18, 43, 37, 1, 45, 21, 24, 47, 29, 46, 42, 39, 48, 11, 19, 36, 56, 31, 25, 6, 32, 27, 35, 40, 59, 28, 61, 7, 53, 34, 17, 54, 23, 49, 57, 3, 41, 55, 26, 4, 16, 13, 51, 63, 10, 52 ],
[ 3, 10, 16, 22, 18, 27, 1, 34, 33, 20, 5, 42, 2, 36, 51, 7, 54, 47, 31, 13, 41, 62, 58, 6, 49, 4, 59, 38, 48, 35, 46, 17, 43, 30, 8, 25, 12, 50, 9, 23, 63, 53, 39, 52, 32, 55, 11, 60, 14, 57, 44, 15, 37, 45, 19, 40, 28, 56, 24, 64, 21, 26, 61, 29 ],
[ 4, 11, 17, 23, 24, 28, 31, 1, 37, 41, 45, 7, 48, 2, 5, 27, 25, 55, 9, 3, 59, 39, 15, 36, 53, 50, 56, 51, 6, 47, 14, 43, 52, 29, 21, 8, 61, 13, 34, 12, 46, 64, 10, 16, 40, 57, 62, 19, 44, 35, 63, 60, 18, 38, 58, 30, 42, 20, 33, 26, 54, 49, 22, 32 ]
]
];
s`SolvableDBPointedPassport := [ PowerSequence(PermutationGroup<64 |  
\[ 12, 38, 8, 60, 2, 5, 44, 50, 22, 14, 30, 9, 58, 62, 33, 20, 64, 15, 18, 43, 37, 1, 45, 21, 24, 47, 29, 46, 42, 39, 48, 11, 19, 36, 56, 31, 25, 6, 32, 27, 35, 40, 59, 28, 61, 7, 53, 34, 17, 54, 23, 49, 57, 3, 41, 55, 26, 4, 16, 13, 51, 63, 10, 52 ],
\[ 3, 10, 16, 22, 18, 27, 1, 34, 33, 20, 5, 42, 2, 36, 51, 7, 54, 47, 31, 13, 41, 62, 58, 6, 49, 4, 59, 38, 48, 35, 46, 17, 43, 30, 8, 25, 12, 50, 9, 23, 63, 53, 39, 52, 32, 55, 11, 60, 14, 57, 44, 15, 37, 45, 19, 40, 28, 56, 24, 64, 21, 26, 61, 29 ],
\[ 4, 11, 17, 23, 24, 28, 31, 1, 37, 41, 45, 7, 48, 2, 5, 27, 25, 55, 9, 3, 59, 39, 15, 36, 53, 50, 56, 51, 6, 47, 14, 43, 52, 29, 21, 8, 61, 13, 34, 12, 46, 64, 10, 16, 40, 57, 62, 19, 44, 35, 63, 60, 18, 38, 58, 30, 42, 20, 33, 26, 54, 49, 22, 32 ]:
 Order := 64 >) |
[ PermutationGroup<64 |  
\[ 12, 38, 8, 60, 2, 5, 44, 50, 22, 14, 30, 9, 58, 62, 33, 20, 64, 15, 18, 43, 37, 1, 45, 21, 24, 47, 29, 46, 42, 39, 48, 11, 19, 36, 56, 31, 25, 6, 32, 27, 35, 40, 59, 28, 61, 7, 53, 34, 17, 54, 23, 49, 57, 3, 41, 55, 26, 4, 16, 13, 51, 63, 10, 52 ],
\[ 3, 10, 16, 22, 18, 27, 1, 34, 33, 20, 5, 42, 2, 36, 51, 7, 54, 47, 31, 13, 41, 62, 58, 6, 49, 4, 59, 38, 48, 35, 46, 17, 43, 30, 8, 25, 12, 50, 9, 23, 63, 53, 39, 52, 32, 55, 11, 60, 14, 57, 44, 15, 37, 45, 19, 40, 28, 56, 24, 64, 21, 26, 61, 29 ],
\[ 4, 11, 17, 23, 24, 28, 31, 1, 37, 41, 45, 7, 48, 2, 5, 27, 25, 55, 9, 3, 59, 39, 15, 36, 53, 50, 56, 51, 6, 47, 14, 43, 52, 29, 21, 8, 61, 13, 34, 12, 46, 64, 10, 16, 40, 57, 62, 19, 44, 35, 63, 60, 18, 38, 58, 30, 42, 20, 33, 26, 54, 49, 22, 32 ]:
 Order := 64 > |
[ 46, 60, 22, 57, 32, 25, 59, 41, 30, 5, 26, 21, 16, 52, 64, 54, 39, 6, 56, 63, 45, 58, 42, 43, 34, 14, 38, 53, 17, 48, 33, 23, 12, 3, 11, 10, 47, 44, 20, 35, 24, 1, 15, 61, 50, 36, 19, 27, 37, 2, 18, 7, 29, 49, 28, 13, 8, 51, 40, 31, 62, 9, 55, 4 ],
[ 12, 38, 8, 60, 2, 5, 44, 50, 22, 14, 30, 9, 58, 62, 33, 20, 64, 15, 18, 43, 37, 1, 45, 21, 24, 47, 29, 46, 42, 39, 48, 11, 19, 36, 56, 31, 25, 6, 32, 27, 35, 40, 59, 28, 61, 7, 53, 34, 17, 54, 23, 49, 57, 3, 41, 55, 26, 4, 16, 13, 51, 63, 10, 52 ],
[ 29, 8, 48, 17, 63, 19, 64, 53, 14, 34, 41, 15, 35, 57, 20, 60, 27, 61, 26, 30, 1, 54, 39, 55, 38, 32, 31, 56, 47, 12, 4, 6, 36, 37, 42, 28, 52, 40, 49, 43, 3, 51, 25, 2, 24, 22, 21, 11, 50, 23, 13, 10, 44, 59, 62, 33, 58, 9, 46, 5, 7, 45, 16, 18 ]
]
];
s`SolvableDBMonodromyGroup := PermutationGroup<64 |  
\[ 12, 38, 8, 60, 2, 5, 44, 50, 22, 14, 30, 9, 58, 62, 33, 20, 64, 15, 18, 43, 37, 1, 45, 21, 24, 47, 29, 46, 42, 39, 48, 11, 19, 36, 56, 31, 25, 6, 32, 27, 35, 40, 59, 28, 61, 7, 53, 34, 17, 54, 23, 49, 57, 3, 41, 55, 26, 4, 16, 13, 51, 63, 10, 52 ],
\[ 3, 10, 16, 22, 18, 27, 1, 34, 33, 20, 5, 42, 2, 36, 51, 7, 54, 47, 31, 13, 41, 62, 58, 6, 49, 4, 59, 38, 48, 35, 46, 17, 43, 30, 8, 25, 12, 50, 9, 23, 63, 53, 39, 52, 32, 55, 11, 60, 14, 57, 44, 15, 37, 45, 19, 40, 28, 56, 24, 64, 21, 26, 61, 29 ],
\[ 4, 11, 17, 23, 24, 28, 31, 1, 37, 41, 45, 7, 48, 2, 5, 27, 25, 55, 9, 3, 59, 39, 15, 36, 53, 50, 56, 51, 6, 47, 14, 43, 52, 29, 21, 8, 61, 13, 34, 12, 46, 64, 10, 16, 40, 57, 62, 19, 44, 35, 63, 60, 18, 38, 58, 30, 42, 20, 33, 26, 54, 49, 22, 32 ] >;
s`SolvableDBAutomorphismGroup := PermutationGroup<64 |  
\[ 22, 5, 62, 39, 6, 38, 4, 63, 12, 18, 24, 1, 11, 15, 29, 26, 49, 27, 40, 47, 46, 9, 34, 28, 44, 43, 50, 13, 54, 21, 23, 25, 42, 61, 41, 51, 7, 2, 37, 8, 55, 3, 53, 60, 36, 58, 59, 45, 52, 10, 48, 64, 16, 14, 56, 35, 20, 30, 57, 32, 31, 33, 19, 17 ],
\[ 62, 29, 26, 49, 27, 40, 22, 47, 10, 48, 6, 63, 64, 34, 16, 4, 50, 59, 43, 60, 55, 14, 44, 56, 35, 25, 23, 12, 45, 5, 39, 38, 20, 11, 18, 30, 41, 42, 2, 51, 19, 61, 13, 1, 28, 9, 24, 32, 8, 53, 7, 3, 21, 57, 33, 15, 37, 52, 58, 17, 46, 36, 31, 54 ]:
 Order := 64 >;
s`SolvableDBPointedAutomorphismGroup := PermutationGroup<64 |  
\[ 12, 38, 42, 7, 2, 5, 37, 40, 22, 50, 13, 9, 28, 54, 14, 53, 64, 10, 63, 57, 30, 1, 31, 11, 32, 16, 18, 24, 15, 58, 61, 60, 62, 23, 56, 45, 39, 6, 4, 19, 35, 33, 26, 25, 48, 21, 20, 51, 17, 27, 36, 49, 43, 29, 41, 55, 59, 46, 47, 44, 34, 3, 8, 52 ]:
 Order := 4 >;

/*
Top Level Belyi Curve/Map
*/


/*
Graph Data
*/

s`SolvableDBPathToPP1 := [ Strings() | "PP1", "2T1-1,2,2-g0-path1", "4T2-2,2,2-g0-path1", "8T4-2,4,2-g0-path1", "16T10-2,4,4-g1-path9", "32S2-4,4,4-g5-path11", "64S18-4,4,8-g13-path3" ];
s`SolvableDBChildren := [ Strings() | "32S2-4,4,4-g5-path11" ];

/*
Return for eval
*/

return s;
