s := SolvableDBInitialize();

/*
Magma printing
*/

s`SolvableDBName := "64S1-64,32,64-g31-path5";
s`SolvableDBFilename := "64S1-64,32,64-g31-path5.m";
s`SolvableDBPassportName := "64S1-64,32,64-g31";
s`SolvableDBPathNumber := 5;
s`SolvableDBDegree := 64;
s`SolvableDBOrders := \[ 64, 32, 64 ];
s`SolvableDBType := "Hyperbolic";
s`SolvableDBGenus := 31;
s`SolvableDBGaloisOrbitSize := 2;
s`SolvableDBPassportSize := 16;
s`SolvableDBPointedPassportSize := 16;
s`SolvableDBLevel := 6;
s`SolvableDBBlocks := {@ PowerSet(IntegerRing()) |
{ IntegerRing() | 1, 5 },
{ IntegerRing() | 2, 12 },
{ IntegerRing() | 3, 17 },
{ IntegerRing() | 4, 19 },
{ IntegerRing() | 6, 16 },
{ IntegerRing() | 7, 11 },
{ IntegerRing() | 8, 10 },
{ IntegerRing() | 9, 24 },
{ IntegerRing() | 13, 23 },
{ IntegerRing() | 14, 22 },
{ IntegerRing() | 15, 29 },
{ IntegerRing() | 18, 28 },
{ IntegerRing() | 20, 27 },
{ IntegerRing() | 21, 36 },
{ IntegerRing() | 25, 35 },
{ IntegerRing() | 26, 34 },
{ IntegerRing() | 30, 40 },
{ IntegerRing() | 31, 39 },
{ IntegerRing() | 32, 41 },
{ IntegerRing() | 33, 48 },
{ IntegerRing() | 37, 47 },
{ IntegerRing() | 38, 46 },
{ IntegerRing() | 42, 51 },
{ IntegerRing() | 43, 52 },
{ IntegerRing() | 44, 53 },
{ IntegerRing() | 45, 59 },
{ IntegerRing() | 49, 58 },
{ IntegerRing() | 50, 57 },
{ IntegerRing() | 54, 61 },
{ IntegerRing() | 55, 62 },
{ IntegerRing() | 56, 63 },
{ IntegerRing() | 60, 64 }
@};
s`SolvableDBIsRamifiedAtEveryLevel := true;
s`SolvableDBGaloisOrbit := [ PowerSequence(PermutationGroup<64 |  
\[ 2, 3, 4, 5, 6, 7, 8, 9, 10, 11, 12, 13, 14, 15, 16, 17, 18, 19, 20, 21, 22, 23, 24, 25, 26, 27, 28, 29, 30, 31, 32, 33, 34, 35, 36, 37, 38, 39, 40, 41, 42, 43, 44, 45, 46, 47, 48, 49, 50, 51, 52, 53, 54, 55, 56, 57, 58, 59, 60, 61, 62, 63, 64, 1 ],
\[ 2, 1, 3, 4, 5, 6, 7, 8, 9, 10, 11, 12, 13, 14, 15, 16, 17, 18, 19, 20, 21, 22, 23, 24, 25, 26, 27, 28, 29, 30, 31, 32, 33, 34, 35, 36, 37, 38, 39, 40, 41, 42, 43, 44, 45, 46, 47, 48, 49, 50, 51, 52, 53, 54, 55, 56, 57, 58, 59, 60, 61, 62, 63, 64 ]:
 Order := 126886932185884164103433389335161480802865516174545192198801894375214704230400000000000000 >) |
[ PermutationGroup<64 |  
\[ 2, 3, 4, 5, 6, 7, 8, 9, 10, 11, 12, 13, 14, 15, 16, 17, 18, 19, 20, 21, 22, 23, 24, 25, 26, 27, 28, 29, 30, 31, 32, 33, 34, 35, 36, 37, 38, 39, 40, 41, 42, 43, 44, 45, 46, 47, 48, 49, 50, 51, 52, 53, 54, 55, 56, 57, 58, 59, 60, 61, 62, 63, 64, 1 ],
\[ 2, 1, 3, 4, 5, 6, 7, 8, 9, 10, 11, 12, 13, 14, 15, 16, 17, 18, 19, 20, 21, 22, 23, 24, 25, 26, 27, 28, 29, 30, 31, 32, 33, 34, 35, 36, 37, 38, 39, 40, 41, 42, 43, 44, 45, 46, 47, 48, 49, 50, 51, 52, 53, 54, 55, 56, 57, 58, 59, 60, 61, 62, 63, 64 ]:
 Order := 126886932185884164103433389335161480802865516174545192198801894375214704230400000000000000 > |
[ 12, 24, 8, 7, 2, 5, 23, 22, 36, 14, 13, 9, 35, 34, 19, 1, 10, 17, 11, 16, 48, 26, 25, 21, 47, 46, 6, 3, 4, 29, 28, 27, 59, 38, 37, 33, 58, 57, 18, 15, 20, 40, 39, 41, 62, 50, 49, 45, 63, 64, 30, 31, 32, 51, 52, 53, 60, 56, 55, 54, 42, 43, 44, 61 ],
[ 3, 10, 15, 16, 17, 18, 1, 19, 22, 4, 5, 8, 2, 7, 27, 28, 29, 30, 6, 31, 34, 11, 12, 14, 9, 13, 39, 40, 20, 41, 42, 43, 46, 23, 24, 26, 21, 25, 51, 32, 52, 53, 54, 55, 57, 35, 36, 38, 33, 37, 44, 61, 62, 63, 64, 45, 47, 48, 50, 49, 56, 60, 59, 58 ],
[ 4, 11, 16, 17, 19, 15, 10, 1, 23, 5, 8, 7, 22, 2, 28, 29, 6, 27, 3, 30, 35, 12, 14, 13, 34, 9, 40, 20, 18, 39, 41, 42, 47, 24, 26, 25, 46, 21, 32, 31, 51, 52, 53, 54, 58, 36, 38, 37, 57, 33, 43, 44, 61, 62, 63, 64, 48, 50, 49, 45, 55, 56, 60, 59 ]
],
[ PermutationGroup<64 |  
\[ 2, 3, 4, 5, 6, 7, 8, 9, 10, 11, 12, 13, 14, 15, 16, 17, 18, 19, 20, 21, 22, 23, 24, 25, 26, 27, 28, 29, 30, 31, 32, 33, 34, 35, 36, 37, 38, 39, 40, 41, 42, 43, 44, 45, 46, 47, 48, 49, 50, 51, 52, 53, 54, 55, 56, 57, 58, 59, 60, 61, 62, 63, 64, 1 ],
\[ 2, 1, 3, 4, 5, 6, 7, 8, 9, 10, 11, 12, 13, 14, 15, 16, 17, 18, 19, 20, 21, 22, 23, 24, 25, 26, 27, 28, 29, 30, 31, 32, 33, 34, 35, 36, 37, 38, 39, 40, 41, 42, 43, 44, 45, 46, 47, 48, 49, 50, 51, 52, 53, 54, 55, 56, 57, 58, 59, 60, 61, 62, 63, 64 ]:
 Order := 126886932185884164103433389335161480802865516174545192198801894375214704230400000000000000 > |
[ 2, 9, 10, 11, 12, 1, 13, 14, 21, 22, 23, 24, 25, 26, 4, 5, 8, 3, 7, 6, 33, 34, 35, 36, 37, 38, 16, 17, 19, 15, 18, 20, 45, 46, 47, 48, 49, 50, 28, 29, 27, 30, 31, 32, 55, 57, 58, 59, 56, 60, 40, 39, 41, 42, 43, 44, 64, 63, 62, 61, 51, 52, 53, 54 ],
[ 17, 8, 29, 6, 3, 28, 5, 4, 14, 19, 1, 10, 12, 11, 20, 18, 15, 40, 16, 39, 26, 7, 2, 22, 24, 23, 31, 30, 27, 32, 51, 52, 38, 13, 9, 34, 36, 35, 42, 41, 43, 44, 61, 62, 50, 25, 21, 46, 48, 47, 53, 54, 55, 56, 60, 59, 37, 33, 57, 58, 63, 64, 45, 49 ],
[ 4, 11, 16, 17, 19, 15, 10, 1, 23, 5, 8, 7, 22, 2, 28, 29, 6, 27, 3, 30, 35, 12, 14, 13, 34, 9, 40, 20, 18, 39, 41, 42, 47, 24, 26, 25, 46, 21, 32, 31, 51, 52, 53, 54, 58, 36, 38, 37, 57, 33, 43, 44, 61, 62, 63, 64, 48, 50, 49, 45, 55, 56, 60, 59 ]
]
];
s`SolvableDBPassport := [ PowerSequence(PermutationGroup<64 |  
\[ 2, 9, 10, 11, 12, 1, 13, 14, 21, 22, 23, 24, 25, 26, 4, 5, 8, 3, 7, 6, 33, 34, 35, 36, 37, 38, 16, 17, 19, 15, 18, 20, 45, 46, 47, 48, 49, 50, 28, 29, 27, 30, 31, 32, 55, 57, 58, 59, 56, 60, 40, 39, 41, 42, 43, 44, 64, 63, 62, 61, 51, 52, 53, 54 ],
\[ 17, 8, 29, 6, 3, 28, 5, 4, 14, 19, 1, 10, 12, 11, 20, 18, 15, 40, 16, 39, 26, 7, 2, 22, 24, 23, 31, 30, 27, 32, 51, 52, 38, 13, 9, 34, 36, 35, 42, 41, 43, 44, 61, 62, 50, 25, 21, 46, 48, 47, 53, 54, 55, 56, 60, 59, 37, 33, 57, 58, 63, 64, 45, 49 ],
\[ 4, 11, 16, 17, 19, 15, 10, 1, 23, 5, 8, 7, 22, 2, 28, 29, 6, 27, 3, 30, 35, 12, 14, 13, 34, 9, 40, 20, 18, 39, 41, 42, 47, 24, 26, 25, 46, 21, 32, 31, 51, 52, 53, 54, 58, 36, 38, 37, 57, 33, 43, 44, 61, 62, 63, 64, 48, 50, 49, 45, 55, 56, 60, 59 ]:
 Order := 64 >) |
[ PermutationGroup<64 |  
\[ 2, 9, 10, 11, 12, 1, 13, 14, 21, 22, 23, 24, 25, 26, 4, 5, 8, 3, 7, 6, 33, 34, 35, 36, 37, 38, 16, 17, 19, 15, 18, 20, 45, 46, 47, 48, 49, 50, 28, 29, 27, 30, 31, 32, 55, 57, 58, 59, 56, 60, 40, 39, 41, 42, 43, 44, 64, 63, 62, 61, 51, 52, 53, 54 ],
\[ 17, 8, 29, 6, 3, 28, 5, 4, 14, 19, 1, 10, 12, 11, 20, 18, 15, 40, 16, 39, 26, 7, 2, 22, 24, 23, 31, 30, 27, 32, 51, 52, 38, 13, 9, 34, 36, 35, 42, 41, 43, 44, 61, 62, 50, 25, 21, 46, 48, 47, 53, 54, 55, 56, 60, 59, 37, 33, 57, 58, 63, 64, 45, 49 ],
\[ 4, 11, 16, 17, 19, 15, 10, 1, 23, 5, 8, 7, 22, 2, 28, 29, 6, 27, 3, 30, 35, 12, 14, 13, 34, 9, 40, 20, 18, 39, 41, 42, 47, 24, 26, 25, 46, 21, 32, 31, 51, 52, 53, 54, 58, 36, 38, 37, 57, 33, 43, 44, 61, 62, 63, 64, 48, 50, 49, 45, 55, 56, 60, 59 ]:
 Order := 64 > |
[ 6, 1, 18, 15, 16, 20, 19, 17, 2, 3, 4, 5, 7, 8, 30, 27, 28, 31, 29, 32, 9, 10, 11, 12, 13, 14, 41, 39, 40, 42, 43, 44, 21, 22, 23, 24, 25, 26, 52, 51, 53, 54, 55, 56, 33, 34, 35, 36, 37, 38, 61, 62, 63, 64, 45, 49, 46, 47, 48, 50, 60, 59, 58, 57 ],
[ 9, 21, 22, 23, 24, 2, 25, 26, 33, 34, 35, 36, 37, 38, 11, 12, 14, 10, 13, 1, 45, 46, 47, 48, 49, 50, 5, 8, 7, 4, 3, 6, 55, 57, 58, 59, 56, 60, 17, 19, 16, 15, 18, 20, 43, 64, 63, 62, 44, 61, 29, 28, 27, 30, 31, 32, 54, 53, 52, 51, 40, 39, 41, 42 ],
[ 6, 1, 18, 15, 16, 20, 19, 17, 2, 3, 4, 5, 7, 8, 30, 27, 28, 31, 29, 32, 9, 10, 11, 12, 13, 14, 41, 39, 40, 42, 43, 44, 21, 22, 23, 24, 25, 26, 52, 51, 53, 54, 55, 56, 33, 34, 35, 36, 37, 38, 61, 62, 63, 64, 45, 49, 46, 47, 48, 50, 60, 59, 58, 57 ]
],
[ PermutationGroup<64 |  
\[ 2, 9, 10, 11, 12, 1, 13, 14, 21, 22, 23, 24, 25, 26, 4, 5, 8, 3, 7, 6, 33, 34, 35, 36, 37, 38, 16, 17, 19, 15, 18, 20, 45, 46, 47, 48, 49, 50, 28, 29, 27, 30, 31, 32, 55, 57, 58, 59, 56, 60, 40, 39, 41, 42, 43, 44, 64, 63, 62, 61, 51, 52, 53, 54 ],
\[ 17, 8, 29, 6, 3, 28, 5, 4, 14, 19, 1, 10, 12, 11, 20, 18, 15, 40, 16, 39, 26, 7, 2, 22, 24, 23, 31, 30, 27, 32, 51, 52, 38, 13, 9, 34, 36, 35, 42, 41, 43, 44, 61, 62, 50, 25, 21, 46, 48, 47, 53, 54, 55, 56, 60, 59, 37, 33, 57, 58, 63, 64, 45, 49 ],
\[ 4, 11, 16, 17, 19, 15, 10, 1, 23, 5, 8, 7, 22, 2, 28, 29, 6, 27, 3, 30, 35, 12, 14, 13, 34, 9, 40, 20, 18, 39, 41, 42, 47, 24, 26, 25, 46, 21, 32, 31, 51, 52, 53, 54, 58, 36, 38, 37, 57, 33, 43, 44, 61, 62, 63, 64, 48, 50, 49, 45, 55, 56, 60, 59 ]:
 Order := 64 > |
[ 6, 1, 18, 15, 16, 20, 19, 17, 2, 3, 4, 5, 7, 8, 30, 27, 28, 31, 29, 32, 9, 10, 11, 12, 13, 14, 41, 39, 40, 42, 43, 44, 21, 22, 23, 24, 25, 26, 52, 51, 53, 54, 55, 56, 33, 34, 35, 36, 37, 38, 61, 62, 63, 64, 45, 49, 46, 47, 48, 50, 60, 59, 58, 57 ],
[ 46, 57, 35, 36, 38, 34, 33, 37, 64, 47, 48, 50, 45, 49, 24, 26, 25, 23, 21, 22, 54, 58, 59, 60, 55, 56, 14, 13, 9, 12, 11, 10, 42, 63, 62, 61, 43, 44, 7, 2, 8, 5, 4, 3, 30, 53, 52, 51, 31, 32, 1, 19, 17, 16, 15, 18, 41, 39, 40, 20, 6, 29, 28, 27 ],
[ 40, 29, 32, 31, 30, 51, 28, 27, 19, 20, 18, 15, 17, 16, 43, 42, 41, 44, 39, 61, 7, 6, 3, 4, 8, 5, 54, 53, 52, 55, 56, 60, 13, 1, 10, 11, 14, 12, 63, 62, 64, 45, 49, 50, 25, 2, 22, 23, 26, 24, 59, 58, 57, 33, 37, 38, 9, 34, 35, 36, 48, 47, 46, 21 ]
],
[ PermutationGroup<64 |  
\[ 2, 9, 10, 11, 12, 1, 13, 14, 21, 22, 23, 24, 25, 26, 4, 5, 8, 3, 7, 6, 33, 34, 35, 36, 37, 38, 16, 17, 19, 15, 18, 20, 45, 46, 47, 48, 49, 50, 28, 29, 27, 30, 31, 32, 55, 57, 58, 59, 56, 60, 40, 39, 41, 42, 43, 44, 64, 63, 62, 61, 51, 52, 53, 54 ],
\[ 17, 8, 29, 6, 3, 28, 5, 4, 14, 19, 1, 10, 12, 11, 20, 18, 15, 40, 16, 39, 26, 7, 2, 22, 24, 23, 31, 30, 27, 32, 51, 52, 38, 13, 9, 34, 36, 35, 42, 41, 43, 44, 61, 62, 50, 25, 21, 46, 48, 47, 53, 54, 55, 56, 60, 59, 37, 33, 57, 58, 63, 64, 45, 49 ],
\[ 4, 11, 16, 17, 19, 15, 10, 1, 23, 5, 8, 7, 22, 2, 28, 29, 6, 27, 3, 30, 35, 12, 14, 13, 34, 9, 40, 20, 18, 39, 41, 42, 47, 24, 26, 25, 46, 21, 32, 31, 51, 52, 53, 54, 58, 36, 38, 37, 57, 33, 43, 44, 61, 62, 63, 64, 48, 50, 49, 45, 55, 56, 60, 59 ]:
 Order := 64 > |
[ 6, 1, 18, 15, 16, 20, 19, 17, 2, 3, 4, 5, 7, 8, 30, 27, 28, 31, 29, 32, 9, 10, 11, 12, 13, 14, 41, 39, 40, 42, 43, 44, 21, 22, 23, 24, 25, 26, 52, 51, 53, 54, 55, 56, 33, 34, 35, 36, 37, 38, 61, 62, 63, 64, 45, 49, 46, 47, 48, 50, 60, 59, 58, 57 ],
[ 49, 56, 33, 57, 58, 37, 60, 59, 44, 45, 64, 63, 61, 62, 46, 47, 48, 21, 50, 25, 32, 55, 54, 53, 51, 52, 35, 36, 38, 34, 9, 13, 20, 43, 42, 41, 40, 39, 24, 26, 23, 22, 2, 7, 6, 31, 30, 27, 29, 28, 14, 12, 11, 10, 1, 19, 18, 15, 16, 17, 8, 5, 4, 3 ],
[ 43, 31, 54, 53, 52, 55, 32, 51, 18, 42, 41, 39, 20, 40, 63, 62, 61, 64, 44, 45, 3, 30, 27, 28, 6, 29, 59, 60, 56, 58, 57, 33, 10, 15, 16, 17, 1, 19, 50, 49, 48, 47, 46, 21, 22, 4, 5, 8, 2, 7, 37, 38, 36, 35, 34, 9, 11, 12, 14, 13, 25, 26, 24, 23 ]
],
[ PermutationGroup<64 |  
\[ 2, 9, 10, 11, 12, 1, 13, 14, 21, 22, 23, 24, 25, 26, 4, 5, 8, 3, 7, 6, 33, 34, 35, 36, 37, 38, 16, 17, 19, 15, 18, 20, 45, 46, 47, 48, 49, 50, 28, 29, 27, 30, 31, 32, 55, 57, 58, 59, 56, 60, 40, 39, 41, 42, 43, 44, 64, 63, 62, 61, 51, 52, 53, 54 ],
\[ 17, 8, 29, 6, 3, 28, 5, 4, 14, 19, 1, 10, 12, 11, 20, 18, 15, 40, 16, 39, 26, 7, 2, 22, 24, 23, 31, 30, 27, 32, 51, 52, 38, 13, 9, 34, 36, 35, 42, 41, 43, 44, 61, 62, 50, 25, 21, 46, 48, 47, 53, 54, 55, 56, 60, 59, 37, 33, 57, 58, 63, 64, 45, 49 ],
\[ 4, 11, 16, 17, 19, 15, 10, 1, 23, 5, 8, 7, 22, 2, 28, 29, 6, 27, 3, 30, 35, 12, 14, 13, 34, 9, 40, 20, 18, 39, 41, 42, 47, 24, 26, 25, 46, 21, 32, 31, 51, 52, 53, 54, 58, 36, 38, 37, 57, 33, 43, 44, 61, 62, 63, 64, 48, 50, 49, 45, 55, 56, 60, 59 ]:
 Order := 64 > |
[ 6, 1, 18, 15, 16, 20, 19, 17, 2, 3, 4, 5, 7, 8, 30, 27, 28, 31, 29, 32, 9, 10, 11, 12, 13, 14, 41, 39, 40, 42, 43, 44, 21, 22, 23, 24, 25, 26, 52, 51, 53, 54, 55, 56, 33, 34, 35, 36, 37, 38, 61, 62, 63, 64, 45, 49, 46, 47, 48, 50, 60, 59, 58, 57 ],
[ 17, 8, 29, 6, 3, 28, 5, 4, 14, 19, 1, 10, 12, 11, 20, 18, 15, 40, 16, 39, 26, 7, 2, 22, 24, 23, 31, 30, 27, 32, 51, 52, 38, 13, 9, 34, 36, 35, 42, 41, 43, 44, 61, 62, 50, 25, 21, 46, 48, 47, 53, 54, 55, 56, 60, 59, 37, 33, 57, 58, 63, 64, 45, 49 ],
[ 23, 35, 12, 14, 13, 11, 34, 9, 47, 24, 26, 25, 46, 21, 8, 7, 2, 5, 22, 4, 58, 36, 38, 37, 57, 33, 19, 1, 10, 17, 16, 15, 63, 48, 50, 49, 64, 45, 6, 3, 29, 28, 27, 30, 53, 59, 60, 56, 54, 55, 18, 20, 40, 39, 41, 42, 62, 61, 44, 43, 31, 32, 51, 52 ]
],
[ PermutationGroup<64 |  
\[ 2, 9, 10, 11, 12, 1, 13, 14, 21, 22, 23, 24, 25, 26, 4, 5, 8, 3, 7, 6, 33, 34, 35, 36, 37, 38, 16, 17, 19, 15, 18, 20, 45, 46, 47, 48, 49, 50, 28, 29, 27, 30, 31, 32, 55, 57, 58, 59, 56, 60, 40, 39, 41, 42, 43, 44, 64, 63, 62, 61, 51, 52, 53, 54 ],
\[ 17, 8, 29, 6, 3, 28, 5, 4, 14, 19, 1, 10, 12, 11, 20, 18, 15, 40, 16, 39, 26, 7, 2, 22, 24, 23, 31, 30, 27, 32, 51, 52, 38, 13, 9, 34, 36, 35, 42, 41, 43, 44, 61, 62, 50, 25, 21, 46, 48, 47, 53, 54, 55, 56, 60, 59, 37, 33, 57, 58, 63, 64, 45, 49 ],
\[ 4, 11, 16, 17, 19, 15, 10, 1, 23, 5, 8, 7, 22, 2, 28, 29, 6, 27, 3, 30, 35, 12, 14, 13, 34, 9, 40, 20, 18, 39, 41, 42, 47, 24, 26, 25, 46, 21, 32, 31, 51, 52, 53, 54, 58, 36, 38, 37, 57, 33, 43, 44, 61, 62, 63, 64, 48, 50, 49, 45, 55, 56, 60, 59 ]:
 Order := 64 > |
[ 6, 1, 18, 15, 16, 20, 19, 17, 2, 3, 4, 5, 7, 8, 30, 27, 28, 31, 29, 32, 9, 10, 11, 12, 13, 14, 41, 39, 40, 42, 43, 44, 21, 22, 23, 24, 25, 26, 52, 51, 53, 54, 55, 56, 33, 34, 35, 36, 37, 38, 61, 62, 63, 64, 45, 49, 46, 47, 48, 50, 60, 59, 58, 57 ],
[ 62, 52, 60, 56, 55, 59, 53, 54, 39, 61, 44, 43, 41, 42, 49, 45, 64, 50, 63, 48, 28, 51, 32, 31, 27, 30, 33, 57, 58, 37, 38, 36, 17, 40, 20, 18, 16, 15, 46, 47, 21, 25, 26, 24, 8, 29, 6, 3, 5, 4, 35, 34, 9, 13, 14, 12, 19, 1, 10, 11, 23, 22, 2, 7 ],
[ 63, 53, 59, 60, 56, 58, 54, 55, 41, 62, 61, 44, 42, 43, 50, 49, 45, 48, 64, 47, 27, 52, 51, 32, 30, 31, 37, 33, 57, 38, 36, 35, 16, 39, 40, 20, 15, 18, 21, 46, 25, 26, 24, 23, 5, 28, 29, 6, 4, 3, 34, 9, 13, 14, 12, 11, 17, 19, 1, 10, 22, 2, 7, 8 ]
],
[ PermutationGroup<64 |  
\[ 2, 9, 10, 11, 12, 1, 13, 14, 21, 22, 23, 24, 25, 26, 4, 5, 8, 3, 7, 6, 33, 34, 35, 36, 37, 38, 16, 17, 19, 15, 18, 20, 45, 46, 47, 48, 49, 50, 28, 29, 27, 30, 31, 32, 55, 57, 58, 59, 56, 60, 40, 39, 41, 42, 43, 44, 64, 63, 62, 61, 51, 52, 53, 54 ],
\[ 17, 8, 29, 6, 3, 28, 5, 4, 14, 19, 1, 10, 12, 11, 20, 18, 15, 40, 16, 39, 26, 7, 2, 22, 24, 23, 31, 30, 27, 32, 51, 52, 38, 13, 9, 34, 36, 35, 42, 41, 43, 44, 61, 62, 50, 25, 21, 46, 48, 47, 53, 54, 55, 56, 60, 59, 37, 33, 57, 58, 63, 64, 45, 49 ],
\[ 4, 11, 16, 17, 19, 15, 10, 1, 23, 5, 8, 7, 22, 2, 28, 29, 6, 27, 3, 30, 35, 12, 14, 13, 34, 9, 40, 20, 18, 39, 41, 42, 47, 24, 26, 25, 46, 21, 32, 31, 51, 52, 53, 54, 58, 36, 38, 37, 57, 33, 43, 44, 61, 62, 63, 64, 48, 50, 49, 45, 55, 56, 60, 59 ]:
 Order := 64 > |
[ 6, 1, 18, 15, 16, 20, 19, 17, 2, 3, 4, 5, 7, 8, 30, 27, 28, 31, 29, 32, 9, 10, 11, 12, 13, 14, 41, 39, 40, 42, 43, 44, 21, 22, 23, 24, 25, 26, 52, 51, 53, 54, 55, 56, 33, 34, 35, 36, 37, 38, 61, 62, 63, 64, 45, 49, 46, 47, 48, 50, 60, 59, 58, 57 ],
[ 11, 23, 5, 8, 7, 4, 22, 2, 35, 12, 14, 13, 34, 9, 17, 19, 1, 16, 10, 15, 47, 24, 26, 25, 46, 21, 29, 6, 3, 28, 27, 30, 58, 36, 38, 37, 57, 33, 20, 18, 40, 39, 41, 42, 63, 48, 50, 49, 64, 45, 31, 32, 51, 52, 53, 54, 59, 60, 56, 55, 43, 44, 61, 62 ],
[ 8, 14, 19, 1, 10, 17, 12, 11, 26, 7, 2, 22, 24, 23, 6, 3, 4, 29, 5, 28, 38, 13, 9, 34, 36, 35, 18, 15, 16, 20, 40, 39, 50, 25, 21, 46, 48, 47, 30, 27, 31, 32, 51, 52, 60, 37, 33, 57, 59, 58, 41, 42, 43, 44, 61, 62, 49, 45, 64, 63, 53, 54, 55, 56 ]
],
[ PermutationGroup<64 |  
\[ 2, 9, 10, 11, 12, 1, 13, 14, 21, 22, 23, 24, 25, 26, 4, 5, 8, 3, 7, 6, 33, 34, 35, 36, 37, 38, 16, 17, 19, 15, 18, 20, 45, 46, 47, 48, 49, 50, 28, 29, 27, 30, 31, 32, 55, 57, 58, 59, 56, 60, 40, 39, 41, 42, 43, 44, 64, 63, 62, 61, 51, 52, 53, 54 ],
\[ 17, 8, 29, 6, 3, 28, 5, 4, 14, 19, 1, 10, 12, 11, 20, 18, 15, 40, 16, 39, 26, 7, 2, 22, 24, 23, 31, 30, 27, 32, 51, 52, 38, 13, 9, 34, 36, 35, 42, 41, 43, 44, 61, 62, 50, 25, 21, 46, 48, 47, 53, 54, 55, 56, 60, 59, 37, 33, 57, 58, 63, 64, 45, 49 ],
\[ 4, 11, 16, 17, 19, 15, 10, 1, 23, 5, 8, 7, 22, 2, 28, 29, 6, 27, 3, 30, 35, 12, 14, 13, 34, 9, 40, 20, 18, 39, 41, 42, 47, 24, 26, 25, 46, 21, 32, 31, 51, 52, 53, 54, 58, 36, 38, 37, 57, 33, 43, 44, 61, 62, 63, 64, 48, 50, 49, 45, 55, 56, 60, 59 ]:
 Order := 64 > |
[ 6, 1, 18, 15, 16, 20, 19, 17, 2, 3, 4, 5, 7, 8, 30, 27, 28, 31, 29, 32, 9, 10, 11, 12, 13, 14, 41, 39, 40, 42, 43, 44, 21, 22, 23, 24, 25, 26, 52, 51, 53, 54, 55, 56, 33, 34, 35, 36, 37, 38, 61, 62, 63, 64, 45, 49, 46, 47, 48, 50, 60, 59, 58, 57 ],
[ 51, 40, 44, 43, 42, 61, 39, 41, 29, 32, 31, 30, 28, 27, 55, 54, 53, 56, 52, 60, 19, 20, 18, 15, 17, 16, 64, 63, 62, 45, 49, 50, 7, 6, 3, 4, 8, 5, 58, 59, 57, 33, 37, 38, 13, 1, 10, 11, 14, 12, 48, 47, 46, 21, 25, 26, 2, 22, 23, 24, 36, 35, 34, 9 ],
[ 57, 64, 47, 48, 50, 46, 45, 49, 54, 58, 59, 60, 55, 56, 36, 38, 37, 35, 33, 34, 42, 63, 62, 61, 43, 44, 26, 25, 21, 24, 23, 22, 30, 53, 52, 51, 31, 32, 13, 9, 14, 12, 11, 10, 15, 41, 39, 40, 18, 20, 2, 7, 8, 5, 4, 3, 27, 28, 29, 6, 1, 19, 17, 16 ]
],
[ PermutationGroup<64 |  
\[ 2, 9, 10, 11, 12, 1, 13, 14, 21, 22, 23, 24, 25, 26, 4, 5, 8, 3, 7, 6, 33, 34, 35, 36, 37, 38, 16, 17, 19, 15, 18, 20, 45, 46, 47, 48, 49, 50, 28, 29, 27, 30, 31, 32, 55, 57, 58, 59, 56, 60, 40, 39, 41, 42, 43, 44, 64, 63, 62, 61, 51, 52, 53, 54 ],
\[ 17, 8, 29, 6, 3, 28, 5, 4, 14, 19, 1, 10, 12, 11, 20, 18, 15, 40, 16, 39, 26, 7, 2, 22, 24, 23, 31, 30, 27, 32, 51, 52, 38, 13, 9, 34, 36, 35, 42, 41, 43, 44, 61, 62, 50, 25, 21, 46, 48, 47, 53, 54, 55, 56, 60, 59, 37, 33, 57, 58, 63, 64, 45, 49 ],
\[ 4, 11, 16, 17, 19, 15, 10, 1, 23, 5, 8, 7, 22, 2, 28, 29, 6, 27, 3, 30, 35, 12, 14, 13, 34, 9, 40, 20, 18, 39, 41, 42, 47, 24, 26, 25, 46, 21, 32, 31, 51, 52, 53, 54, 58, 36, 38, 37, 57, 33, 43, 44, 61, 62, 63, 64, 48, 50, 49, 45, 55, 56, 60, 59 ]:
 Order := 64 > |
[ 6, 1, 18, 15, 16, 20, 19, 17, 2, 3, 4, 5, 7, 8, 30, 27, 28, 31, 29, 32, 9, 10, 11, 12, 13, 14, 41, 39, 40, 42, 43, 44, 21, 22, 23, 24, 25, 26, 52, 51, 53, 54, 55, 56, 33, 34, 35, 36, 37, 38, 61, 62, 63, 64, 45, 49, 46, 47, 48, 50, 60, 59, 58, 57 ],
[ 24, 36, 14, 13, 9, 12, 35, 34, 48, 26, 25, 21, 47, 46, 7, 2, 22, 8, 23, 5, 59, 38, 37, 33, 58, 57, 1, 10, 11, 19, 17, 16, 62, 50, 49, 45, 63, 64, 3, 4, 6, 29, 28, 27, 52, 60, 56, 55, 53, 54, 15, 18, 20, 40, 39, 41, 61, 44, 43, 42, 30, 31, 32, 51 ],
[ 16, 5, 28, 29, 6, 27, 4, 3, 12, 17, 19, 1, 11, 10, 40, 20, 18, 39, 15, 41, 24, 8, 7, 2, 23, 22, 32, 31, 30, 51, 52, 53, 36, 14, 13, 9, 35, 34, 43, 42, 44, 61, 62, 63, 48, 26, 25, 21, 47, 46, 54, 55, 56, 60, 59, 58, 38, 37, 33, 57, 64, 45, 49, 50 ]
],
[ PermutationGroup<64 |  
\[ 2, 9, 10, 11, 12, 1, 13, 14, 21, 22, 23, 24, 25, 26, 4, 5, 8, 3, 7, 6, 33, 34, 35, 36, 37, 38, 16, 17, 19, 15, 18, 20, 45, 46, 47, 48, 49, 50, 28, 29, 27, 30, 31, 32, 55, 57, 58, 59, 56, 60, 40, 39, 41, 42, 43, 44, 64, 63, 62, 61, 51, 52, 53, 54 ],
\[ 17, 8, 29, 6, 3, 28, 5, 4, 14, 19, 1, 10, 12, 11, 20, 18, 15, 40, 16, 39, 26, 7, 2, 22, 24, 23, 31, 30, 27, 32, 51, 52, 38, 13, 9, 34, 36, 35, 42, 41, 43, 44, 61, 62, 50, 25, 21, 46, 48, 47, 53, 54, 55, 56, 60, 59, 37, 33, 57, 58, 63, 64, 45, 49 ],
\[ 4, 11, 16, 17, 19, 15, 10, 1, 23, 5, 8, 7, 22, 2, 28, 29, 6, 27, 3, 30, 35, 12, 14, 13, 34, 9, 40, 20, 18, 39, 41, 42, 47, 24, 26, 25, 46, 21, 32, 31, 51, 52, 53, 54, 58, 36, 38, 37, 57, 33, 43, 44, 61, 62, 63, 64, 48, 50, 49, 45, 55, 56, 60, 59 ]:
 Order := 64 > |
[ 6, 1, 18, 15, 16, 20, 19, 17, 2, 3, 4, 5, 7, 8, 30, 27, 28, 31, 29, 32, 9, 10, 11, 12, 13, 14, 41, 39, 40, 42, 43, 44, 21, 22, 23, 24, 25, 26, 52, 51, 53, 54, 55, 56, 33, 34, 35, 36, 37, 38, 61, 62, 63, 64, 45, 49, 46, 47, 48, 50, 60, 59, 58, 57 ],
[ 42, 30, 53, 52, 51, 54, 31, 32, 15, 41, 39, 40, 18, 20, 62, 61, 44, 63, 43, 64, 4, 27, 28, 29, 3, 6, 60, 56, 55, 59, 58, 57, 11, 16, 17, 19, 10, 1, 49, 45, 50, 48, 47, 46, 23, 5, 8, 7, 22, 2, 33, 37, 38, 36, 35, 34, 12, 14, 13, 9, 21, 25, 26, 24 ],
[ 50, 60, 37, 33, 57, 38, 59, 58, 61, 49, 45, 64, 62, 63, 21, 46, 47, 25, 48, 26, 51, 56, 55, 54, 52, 53, 34, 35, 36, 9, 13, 14, 40, 44, 43, 42, 39, 41, 23, 24, 22, 2, 7, 8, 29, 32, 31, 30, 28, 27, 12, 11, 10, 1, 19, 17, 20, 18, 15, 16, 5, 4, 3, 6 ]
],
[ PermutationGroup<64 |  
\[ 2, 9, 10, 11, 12, 1, 13, 14, 21, 22, 23, 24, 25, 26, 4, 5, 8, 3, 7, 6, 33, 34, 35, 36, 37, 38, 16, 17, 19, 15, 18, 20, 45, 46, 47, 48, 49, 50, 28, 29, 27, 30, 31, 32, 55, 57, 58, 59, 56, 60, 40, 39, 41, 42, 43, 44, 64, 63, 62, 61, 51, 52, 53, 54 ],
\[ 17, 8, 29, 6, 3, 28, 5, 4, 14, 19, 1, 10, 12, 11, 20, 18, 15, 40, 16, 39, 26, 7, 2, 22, 24, 23, 31, 30, 27, 32, 51, 52, 38, 13, 9, 34, 36, 35, 42, 41, 43, 44, 61, 62, 50, 25, 21, 46, 48, 47, 53, 54, 55, 56, 60, 59, 37, 33, 57, 58, 63, 64, 45, 49 ],
\[ 4, 11, 16, 17, 19, 15, 10, 1, 23, 5, 8, 7, 22, 2, 28, 29, 6, 27, 3, 30, 35, 12, 14, 13, 34, 9, 40, 20, 18, 39, 41, 42, 47, 24, 26, 25, 46, 21, 32, 31, 51, 52, 53, 54, 58, 36, 38, 37, 57, 33, 43, 44, 61, 62, 63, 64, 48, 50, 49, 45, 55, 56, 60, 59 ]:
 Order := 64 > |
[ 6, 1, 18, 15, 16, 20, 19, 17, 2, 3, 4, 5, 7, 8, 30, 27, 28, 31, 29, 32, 9, 10, 11, 12, 13, 14, 41, 39, 40, 42, 43, 44, 21, 22, 23, 24, 25, 26, 52, 51, 53, 54, 55, 56, 33, 34, 35, 36, 37, 38, 61, 62, 63, 64, 45, 49, 46, 47, 48, 50, 60, 59, 58, 57 ],
[ 20, 6, 31, 30, 27, 32, 29, 28, 1, 18, 15, 16, 19, 17, 42, 41, 39, 43, 40, 44, 2, 3, 4, 5, 7, 8, 53, 52, 51, 54, 55, 56, 9, 10, 11, 12, 13, 14, 62, 61, 63, 64, 45, 49, 21, 22, 23, 24, 25, 26, 60, 59, 58, 57, 33, 37, 34, 35, 36, 38, 50, 48, 47, 46 ],
[ 21, 33, 34, 35, 36, 9, 37, 38, 45, 46, 47, 48, 49, 50, 23, 24, 26, 22, 25, 2, 55, 57, 58, 59, 56, 60, 12, 14, 13, 11, 10, 1, 43, 64, 63, 62, 44, 61, 8, 7, 5, 4, 3, 6, 31, 54, 53, 52, 32, 51, 19, 17, 16, 15, 18, 20, 42, 41, 39, 40, 29, 28, 27, 30 ]
],
[ PermutationGroup<64 |  
\[ 2, 9, 10, 11, 12, 1, 13, 14, 21, 22, 23, 24, 25, 26, 4, 5, 8, 3, 7, 6, 33, 34, 35, 36, 37, 38, 16, 17, 19, 15, 18, 20, 45, 46, 47, 48, 49, 50, 28, 29, 27, 30, 31, 32, 55, 57, 58, 59, 56, 60, 40, 39, 41, 42, 43, 44, 64, 63, 62, 61, 51, 52, 53, 54 ],
\[ 17, 8, 29, 6, 3, 28, 5, 4, 14, 19, 1, 10, 12, 11, 20, 18, 15, 40, 16, 39, 26, 7, 2, 22, 24, 23, 31, 30, 27, 32, 51, 52, 38, 13, 9, 34, 36, 35, 42, 41, 43, 44, 61, 62, 50, 25, 21, 46, 48, 47, 53, 54, 55, 56, 60, 59, 37, 33, 57, 58, 63, 64, 45, 49 ],
\[ 4, 11, 16, 17, 19, 15, 10, 1, 23, 5, 8, 7, 22, 2, 28, 29, 6, 27, 3, 30, 35, 12, 14, 13, 34, 9, 40, 20, 18, 39, 41, 42, 47, 24, 26, 25, 46, 21, 32, 31, 51, 52, 53, 54, 58, 36, 38, 37, 57, 33, 43, 44, 61, 62, 63, 64, 48, 50, 49, 45, 55, 56, 60, 59 ]:
 Order := 64 > |
[ 6, 1, 18, 15, 16, 20, 19, 17, 2, 3, 4, 5, 7, 8, 30, 27, 28, 31, 29, 32, 9, 10, 11, 12, 13, 14, 41, 39, 40, 42, 43, 44, 21, 22, 23, 24, 25, 26, 52, 51, 53, 54, 55, 56, 33, 34, 35, 36, 37, 38, 61, 62, 63, 64, 45, 49, 46, 47, 48, 50, 60, 59, 58, 57 ],
[ 38, 50, 25, 21, 46, 26, 48, 47, 60, 37, 33, 57, 59, 58, 9, 34, 35, 13, 36, 14, 61, 49, 45, 64, 62, 63, 22, 23, 24, 2, 7, 8, 51, 56, 55, 54, 52, 53, 11, 12, 10, 1, 19, 17, 40, 44, 43, 42, 39, 41, 5, 4, 3, 6, 29, 28, 32, 31, 30, 27, 16, 15, 18, 20 ],
[ 30, 15, 41, 39, 40, 42, 18, 20, 4, 27, 28, 29, 3, 6, 52, 51, 32, 53, 31, 54, 11, 16, 17, 19, 10, 1, 61, 44, 43, 62, 63, 64, 23, 5, 8, 7, 22, 2, 56, 55, 60, 59, 58, 57, 35, 12, 14, 13, 34, 9, 45, 49, 50, 48, 47, 46, 24, 26, 25, 21, 33, 37, 38, 36 ]
],
[ PermutationGroup<64 |  
\[ 2, 9, 10, 11, 12, 1, 13, 14, 21, 22, 23, 24, 25, 26, 4, 5, 8, 3, 7, 6, 33, 34, 35, 36, 37, 38, 16, 17, 19, 15, 18, 20, 45, 46, 47, 48, 49, 50, 28, 29, 27, 30, 31, 32, 55, 57, 58, 59, 56, 60, 40, 39, 41, 42, 43, 44, 64, 63, 62, 61, 51, 52, 53, 54 ],
\[ 17, 8, 29, 6, 3, 28, 5, 4, 14, 19, 1, 10, 12, 11, 20, 18, 15, 40, 16, 39, 26, 7, 2, 22, 24, 23, 31, 30, 27, 32, 51, 52, 38, 13, 9, 34, 36, 35, 42, 41, 43, 44, 61, 62, 50, 25, 21, 46, 48, 47, 53, 54, 55, 56, 60, 59, 37, 33, 57, 58, 63, 64, 45, 49 ],
\[ 4, 11, 16, 17, 19, 15, 10, 1, 23, 5, 8, 7, 22, 2, 28, 29, 6, 27, 3, 30, 35, 12, 14, 13, 34, 9, 40, 20, 18, 39, 41, 42, 47, 24, 26, 25, 46, 21, 32, 31, 51, 52, 53, 54, 58, 36, 38, 37, 57, 33, 43, 44, 61, 62, 63, 64, 48, 50, 49, 45, 55, 56, 60, 59 ]:
 Order := 64 > |
[ 6, 1, 18, 15, 16, 20, 19, 17, 2, 3, 4, 5, 7, 8, 30, 27, 28, 31, 29, 32, 9, 10, 11, 12, 13, 14, 41, 39, 40, 42, 43, 44, 21, 22, 23, 24, 25, 26, 52, 51, 53, 54, 55, 56, 33, 34, 35, 36, 37, 38, 61, 62, 63, 64, 45, 49, 46, 47, 48, 50, 60, 59, 58, 57 ],
[ 27, 16, 39, 40, 20, 41, 15, 18, 5, 28, 29, 6, 4, 3, 51, 32, 31, 52, 30, 53, 12, 17, 19, 1, 11, 10, 44, 43, 42, 61, 62, 63, 24, 8, 7, 2, 23, 22, 55, 54, 56, 60, 59, 58, 36, 14, 13, 9, 35, 34, 64, 45, 49, 50, 48, 47, 26, 25, 21, 46, 57, 33, 37, 38 ],
[ 36, 48, 26, 25, 21, 24, 47, 46, 59, 38, 37, 33, 58, 57, 13, 9, 34, 14, 35, 12, 62, 50, 49, 45, 63, 64, 2, 22, 23, 7, 8, 5, 52, 60, 56, 55, 53, 54, 10, 11, 1, 19, 17, 16, 39, 61, 44, 43, 41, 42, 4, 3, 6, 29, 28, 27, 51, 32, 31, 30, 15, 18, 20, 40 ]
],
[ PermutationGroup<64 |  
\[ 2, 9, 10, 11, 12, 1, 13, 14, 21, 22, 23, 24, 25, 26, 4, 5, 8, 3, 7, 6, 33, 34, 35, 36, 37, 38, 16, 17, 19, 15, 18, 20, 45, 46, 47, 48, 49, 50, 28, 29, 27, 30, 31, 32, 55, 57, 58, 59, 56, 60, 40, 39, 41, 42, 43, 44, 64, 63, 62, 61, 51, 52, 53, 54 ],
\[ 17, 8, 29, 6, 3, 28, 5, 4, 14, 19, 1, 10, 12, 11, 20, 18, 15, 40, 16, 39, 26, 7, 2, 22, 24, 23, 31, 30, 27, 32, 51, 52, 38, 13, 9, 34, 36, 35, 42, 41, 43, 44, 61, 62, 50, 25, 21, 46, 48, 47, 53, 54, 55, 56, 60, 59, 37, 33, 57, 58, 63, 64, 45, 49 ],
\[ 4, 11, 16, 17, 19, 15, 10, 1, 23, 5, 8, 7, 22, 2, 28, 29, 6, 27, 3, 30, 35, 12, 14, 13, 34, 9, 40, 20, 18, 39, 41, 42, 47, 24, 26, 25, 46, 21, 32, 31, 51, 52, 53, 54, 58, 36, 38, 37, 57, 33, 43, 44, 61, 62, 63, 64, 48, 50, 49, 45, 55, 56, 60, 59 ]:
 Order := 64 > |
[ 6, 1, 18, 15, 16, 20, 19, 17, 2, 3, 4, 5, 7, 8, 30, 27, 28, 31, 29, 32, 9, 10, 11, 12, 13, 14, 41, 39, 40, 42, 43, 44, 21, 22, 23, 24, 25, 26, 52, 51, 53, 54, 55, 56, 33, 34, 35, 36, 37, 38, 61, 62, 63, 64, 45, 49, 46, 47, 48, 50, 60, 59, 58, 57 ],
[ 58, 63, 48, 50, 49, 47, 64, 45, 53, 59, 60, 56, 54, 55, 38, 37, 33, 36, 57, 35, 41, 62, 61, 44, 42, 43, 25, 21, 46, 26, 24, 23, 27, 52, 51, 32, 30, 31, 9, 34, 13, 14, 12, 11, 16, 39, 40, 20, 15, 18, 22, 2, 7, 8, 5, 4, 28, 29, 6, 3, 10, 1, 19, 17 ],
[ 52, 39, 61, 44, 43, 62, 41, 42, 28, 51, 32, 31, 27, 30, 56, 55, 54, 60, 53, 59, 17, 40, 20, 18, 16, 15, 45, 64, 63, 49, 50, 48, 8, 29, 6, 3, 5, 4, 57, 58, 33, 37, 38, 36, 14, 19, 1, 10, 12, 11, 47, 46, 21, 25, 26, 24, 7, 2, 22, 23, 35, 34, 9, 13 ]
],
[ PermutationGroup<64 |  
\[ 2, 9, 10, 11, 12, 1, 13, 14, 21, 22, 23, 24, 25, 26, 4, 5, 8, 3, 7, 6, 33, 34, 35, 36, 37, 38, 16, 17, 19, 15, 18, 20, 45, 46, 47, 48, 49, 50, 28, 29, 27, 30, 31, 32, 55, 57, 58, 59, 56, 60, 40, 39, 41, 42, 43, 44, 64, 63, 62, 61, 51, 52, 53, 54 ],
\[ 17, 8, 29, 6, 3, 28, 5, 4, 14, 19, 1, 10, 12, 11, 20, 18, 15, 40, 16, 39, 26, 7, 2, 22, 24, 23, 31, 30, 27, 32, 51, 52, 38, 13, 9, 34, 36, 35, 42, 41, 43, 44, 61, 62, 50, 25, 21, 46, 48, 47, 53, 54, 55, 56, 60, 59, 37, 33, 57, 58, 63, 64, 45, 49 ],
\[ 4, 11, 16, 17, 19, 15, 10, 1, 23, 5, 8, 7, 22, 2, 28, 29, 6, 27, 3, 30, 35, 12, 14, 13, 34, 9, 40, 20, 18, 39, 41, 42, 47, 24, 26, 25, 46, 21, 32, 31, 51, 52, 53, 54, 58, 36, 38, 37, 57, 33, 43, 44, 61, 62, 63, 64, 48, 50, 49, 45, 55, 56, 60, 59 ]:
 Order := 64 > |
[ 6, 1, 18, 15, 16, 20, 19, 17, 2, 3, 4, 5, 7, 8, 30, 27, 28, 31, 29, 32, 9, 10, 11, 12, 13, 14, 41, 39, 40, 42, 43, 44, 21, 22, 23, 24, 25, 26, 52, 51, 53, 54, 55, 56, 33, 34, 35, 36, 37, 38, 61, 62, 63, 64, 45, 49, 46, 47, 48, 50, 60, 59, 58, 57 ],
[ 3, 10, 15, 16, 17, 18, 1, 19, 22, 4, 5, 8, 2, 7, 27, 28, 29, 30, 6, 31, 34, 11, 12, 14, 9, 13, 39, 40, 20, 41, 42, 43, 46, 23, 24, 26, 21, 25, 51, 32, 52, 53, 54, 55, 57, 35, 36, 38, 33, 37, 44, 61, 62, 63, 64, 45, 47, 48, 50, 49, 56, 60, 59, 58 ],
[ 13, 25, 2, 22, 23, 7, 26, 24, 37, 9, 34, 35, 38, 36, 10, 11, 12, 1, 14, 19, 49, 21, 46, 47, 50, 48, 4, 5, 8, 3, 6, 29, 56, 33, 57, 58, 60, 59, 16, 17, 15, 18, 20, 40, 44, 45, 64, 63, 61, 62, 28, 27, 30, 31, 32, 51, 55, 54, 53, 52, 39, 41, 42, 43 ]
],
[ PermutationGroup<64 |  
\[ 2, 9, 10, 11, 12, 1, 13, 14, 21, 22, 23, 24, 25, 26, 4, 5, 8, 3, 7, 6, 33, 34, 35, 36, 37, 38, 16, 17, 19, 15, 18, 20, 45, 46, 47, 48, 49, 50, 28, 29, 27, 30, 31, 32, 55, 57, 58, 59, 56, 60, 40, 39, 41, 42, 43, 44, 64, 63, 62, 61, 51, 52, 53, 54 ],
\[ 17, 8, 29, 6, 3, 28, 5, 4, 14, 19, 1, 10, 12, 11, 20, 18, 15, 40, 16, 39, 26, 7, 2, 22, 24, 23, 31, 30, 27, 32, 51, 52, 38, 13, 9, 34, 36, 35, 42, 41, 43, 44, 61, 62, 50, 25, 21, 46, 48, 47, 53, 54, 55, 56, 60, 59, 37, 33, 57, 58, 63, 64, 45, 49 ],
\[ 4, 11, 16, 17, 19, 15, 10, 1, 23, 5, 8, 7, 22, 2, 28, 29, 6, 27, 3, 30, 35, 12, 14, 13, 34, 9, 40, 20, 18, 39, 41, 42, 47, 24, 26, 25, 46, 21, 32, 31, 51, 52, 53, 54, 58, 36, 38, 37, 57, 33, 43, 44, 61, 62, 63, 64, 48, 50, 49, 45, 55, 56, 60, 59 ]:
 Order := 64 > |
[ 6, 1, 18, 15, 16, 20, 19, 17, 2, 3, 4, 5, 7, 8, 30, 27, 28, 31, 29, 32, 9, 10, 11, 12, 13, 14, 41, 39, 40, 42, 43, 44, 21, 22, 23, 24, 25, 26, 52, 51, 53, 54, 55, 56, 33, 34, 35, 36, 37, 38, 61, 62, 63, 64, 45, 49, 46, 47, 48, 50, 60, 59, 58, 57 ],
[ 55, 43, 64, 63, 62, 45, 44, 61, 31, 54, 53, 52, 32, 51, 58, 59, 60, 57, 56, 33, 18, 42, 41, 39, 20, 40, 48, 50, 49, 47, 46, 21, 3, 30, 27, 28, 6, 29, 38, 37, 36, 35, 34, 9, 10, 15, 16, 17, 1, 19, 25, 26, 24, 23, 22, 2, 4, 5, 8, 7, 13, 14, 12, 11 ],
[ 56, 44, 45, 64, 63, 49, 61, 62, 32, 55, 54, 53, 51, 52, 57, 58, 59, 33, 60, 37, 20, 43, 42, 41, 40, 39, 47, 48, 50, 46, 21, 25, 6, 31, 30, 27, 29, 28, 36, 38, 35, 34, 9, 13, 1, 18, 15, 16, 19, 17, 26, 24, 23, 22, 2, 7, 3, 4, 5, 8, 14, 12, 11, 10 ]
],
[ PermutationGroup<64 |  
\[ 2, 9, 10, 11, 12, 1, 13, 14, 21, 22, 23, 24, 25, 26, 4, 5, 8, 3, 7, 6, 33, 34, 35, 36, 37, 38, 16, 17, 19, 15, 18, 20, 45, 46, 47, 48, 49, 50, 28, 29, 27, 30, 31, 32, 55, 57, 58, 59, 56, 60, 40, 39, 41, 42, 43, 44, 64, 63, 62, 61, 51, 52, 53, 54 ],
\[ 17, 8, 29, 6, 3, 28, 5, 4, 14, 19, 1, 10, 12, 11, 20, 18, 15, 40, 16, 39, 26, 7, 2, 22, 24, 23, 31, 30, 27, 32, 51, 52, 38, 13, 9, 34, 36, 35, 42, 41, 43, 44, 61, 62, 50, 25, 21, 46, 48, 47, 53, 54, 55, 56, 60, 59, 37, 33, 57, 58, 63, 64, 45, 49 ],
\[ 4, 11, 16, 17, 19, 15, 10, 1, 23, 5, 8, 7, 22, 2, 28, 29, 6, 27, 3, 30, 35, 12, 14, 13, 34, 9, 40, 20, 18, 39, 41, 42, 47, 24, 26, 25, 46, 21, 32, 31, 51, 52, 53, 54, 58, 36, 38, 37, 57, 33, 43, 44, 61, 62, 63, 64, 48, 50, 49, 45, 55, 56, 60, 59 ]:
 Order := 64 > |
[ 6, 1, 18, 15, 16, 20, 19, 17, 2, 3, 4, 5, 7, 8, 30, 27, 28, 31, 29, 32, 9, 10, 11, 12, 13, 14, 41, 39, 40, 42, 43, 44, 21, 22, 23, 24, 25, 26, 52, 51, 53, 54, 55, 56, 33, 34, 35, 36, 37, 38, 61, 62, 63, 64, 45, 49, 46, 47, 48, 50, 60, 59, 58, 57 ],
[ 7, 13, 1, 10, 11, 19, 14, 12, 25, 2, 22, 23, 26, 24, 3, 4, 5, 6, 8, 29, 37, 9, 34, 35, 38, 36, 15, 16, 17, 18, 20, 40, 49, 21, 46, 47, 50, 48, 27, 28, 30, 31, 32, 51, 56, 33, 57, 58, 60, 59, 39, 41, 42, 43, 44, 61, 45, 64, 63, 62, 52, 53, 54, 55 ],
[ 10, 22, 4, 5, 8, 3, 2, 7, 34, 11, 12, 14, 9, 13, 16, 17, 19, 15, 1, 18, 46, 23, 24, 26, 21, 25, 28, 29, 6, 27, 30, 31, 57, 35, 36, 38, 33, 37, 40, 20, 39, 41, 42, 43, 64, 47, 48, 50, 45, 49, 32, 51, 52, 53, 54, 55, 58, 59, 60, 56, 44, 61, 62, 63 ]
]
];
s`SolvableDBPointedPassport := [ PowerSequence(PermutationGroup<64 |  
\[ 2, 3, 4, 5, 6, 7, 8, 9, 10, 11, 12, 13, 14, 15, 16, 17, 18, 19, 20, 21, 22, 23, 24, 25, 26, 27, 28, 29, 30, 31, 32, 33, 34, 35, 36, 37, 38, 39, 40, 41, 42, 43, 44, 45, 46, 47, 48, 49, 50, 51, 52, 53, 54, 55, 56, 57, 58, 59, 60, 61, 62, 63, 64, 1 ],
\[ 2, 1, 3, 4, 5, 6, 7, 8, 9, 10, 11, 12, 13, 14, 15, 16, 17, 18, 19, 20, 21, 22, 23, 24, 25, 26, 27, 28, 29, 30, 31, 32, 33, 34, 35, 36, 37, 38, 39, 40, 41, 42, 43, 44, 45, 46, 47, 48, 49, 50, 51, 52, 53, 54, 55, 56, 57, 58, 59, 60, 61, 62, 63, 64 ]:
 Order := 126886932185884164103433389335161480802865516174545192198801894375214704230400000000000000 >) |
[ PermutationGroup<64 |  
\[ 2, 3, 4, 5, 6, 7, 8, 9, 10, 11, 12, 13, 14, 15, 16, 17, 18, 19, 20, 21, 22, 23, 24, 25, 26, 27, 28, 29, 30, 31, 32, 33, 34, 35, 36, 37, 38, 39, 40, 41, 42, 43, 44, 45, 46, 47, 48, 49, 50, 51, 52, 53, 54, 55, 56, 57, 58, 59, 60, 61, 62, 63, 64, 1 ],
\[ 2, 1, 3, 4, 5, 6, 7, 8, 9, 10, 11, 12, 13, 14, 15, 16, 17, 18, 19, 20, 21, 22, 23, 24, 25, 26, 27, 28, 29, 30, 31, 32, 33, 34, 35, 36, 37, 38, 39, 40, 41, 42, 43, 44, 45, 46, 47, 48, 49, 50, 51, 52, 53, 54, 55, 56, 57, 58, 59, 60, 61, 62, 63, 64 ]:
 Order := 126886932185884164103433389335161480802865516174545192198801894375214704230400000000000000 > |
[ 6, 1, 18, 15, 16, 20, 19, 17, 2, 3, 4, 5, 7, 8, 30, 27, 28, 31, 29, 32, 9, 10, 11, 12, 13, 14, 41, 39, 40, 42, 43, 44, 21, 22, 23, 24, 25, 26, 52, 51, 53, 54, 55, 56, 33, 34, 35, 36, 37, 38, 61, 62, 63, 64, 45, 49, 46, 47, 48, 50, 60, 59, 58, 57 ],
[ 9, 21, 22, 23, 24, 2, 25, 26, 33, 34, 35, 36, 37, 38, 11, 12, 14, 10, 13, 1, 45, 46, 47, 48, 49, 50, 5, 8, 7, 4, 3, 6, 55, 57, 58, 59, 56, 60, 17, 19, 16, 15, 18, 20, 43, 64, 63, 62, 44, 61, 29, 28, 27, 30, 31, 32, 54, 53, 52, 51, 40, 39, 41, 42 ],
[ 6, 1, 18, 15, 16, 20, 19, 17, 2, 3, 4, 5, 7, 8, 30, 27, 28, 31, 29, 32, 9, 10, 11, 12, 13, 14, 41, 39, 40, 42, 43, 44, 21, 22, 23, 24, 25, 26, 52, 51, 53, 54, 55, 56, 33, 34, 35, 36, 37, 38, 61, 62, 63, 64, 45, 49, 46, 47, 48, 50, 60, 59, 58, 57 ]
],
[ PermutationGroup<64 |  
\[ 2, 3, 4, 5, 6, 7, 8, 9, 10, 11, 12, 13, 14, 15, 16, 17, 18, 19, 20, 21, 22, 23, 24, 25, 26, 27, 28, 29, 30, 31, 32, 33, 34, 35, 36, 37, 38, 39, 40, 41, 42, 43, 44, 45, 46, 47, 48, 49, 50, 51, 52, 53, 54, 55, 56, 57, 58, 59, 60, 61, 62, 63, 64, 1 ],
\[ 2, 1, 3, 4, 5, 6, 7, 8, 9, 10, 11, 12, 13, 14, 15, 16, 17, 18, 19, 20, 21, 22, 23, 24, 25, 26, 27, 28, 29, 30, 31, 32, 33, 34, 35, 36, 37, 38, 39, 40, 41, 42, 43, 44, 45, 46, 47, 48, 49, 50, 51, 52, 53, 54, 55, 56, 57, 58, 59, 60, 61, 62, 63, 64 ]:
 Order := 126886932185884164103433389335161480802865516174545192198801894375214704230400000000000000 > |
[ 6, 1, 18, 15, 16, 20, 19, 17, 2, 3, 4, 5, 7, 8, 30, 27, 28, 31, 29, 32, 9, 10, 11, 12, 13, 14, 41, 39, 40, 42, 43, 44, 21, 22, 23, 24, 25, 26, 52, 51, 53, 54, 55, 56, 33, 34, 35, 36, 37, 38, 61, 62, 63, 64, 45, 49, 46, 47, 48, 50, 60, 59, 58, 57 ],
[ 46, 57, 35, 36, 38, 34, 33, 37, 64, 47, 48, 50, 45, 49, 24, 26, 25, 23, 21, 22, 54, 58, 59, 60, 55, 56, 14, 13, 9, 12, 11, 10, 42, 63, 62, 61, 43, 44, 7, 2, 8, 5, 4, 3, 30, 53, 52, 51, 31, 32, 1, 19, 17, 16, 15, 18, 41, 39, 40, 20, 6, 29, 28, 27 ],
[ 40, 29, 32, 31, 30, 51, 28, 27, 19, 20, 18, 15, 17, 16, 43, 42, 41, 44, 39, 61, 7, 6, 3, 4, 8, 5, 54, 53, 52, 55, 56, 60, 13, 1, 10, 11, 14, 12, 63, 62, 64, 45, 49, 50, 25, 2, 22, 23, 26, 24, 59, 58, 57, 33, 37, 38, 9, 34, 35, 36, 48, 47, 46, 21 ]
],
[ PermutationGroup<64 |  
\[ 2, 3, 4, 5, 6, 7, 8, 9, 10, 11, 12, 13, 14, 15, 16, 17, 18, 19, 20, 21, 22, 23, 24, 25, 26, 27, 28, 29, 30, 31, 32, 33, 34, 35, 36, 37, 38, 39, 40, 41, 42, 43, 44, 45, 46, 47, 48, 49, 50, 51, 52, 53, 54, 55, 56, 57, 58, 59, 60, 61, 62, 63, 64, 1 ],
\[ 2, 1, 3, 4, 5, 6, 7, 8, 9, 10, 11, 12, 13, 14, 15, 16, 17, 18, 19, 20, 21, 22, 23, 24, 25, 26, 27, 28, 29, 30, 31, 32, 33, 34, 35, 36, 37, 38, 39, 40, 41, 42, 43, 44, 45, 46, 47, 48, 49, 50, 51, 52, 53, 54, 55, 56, 57, 58, 59, 60, 61, 62, 63, 64 ]:
 Order := 126886932185884164103433389335161480802865516174545192198801894375214704230400000000000000 > |
[ 6, 1, 18, 15, 16, 20, 19, 17, 2, 3, 4, 5, 7, 8, 30, 27, 28, 31, 29, 32, 9, 10, 11, 12, 13, 14, 41, 39, 40, 42, 43, 44, 21, 22, 23, 24, 25, 26, 52, 51, 53, 54, 55, 56, 33, 34, 35, 36, 37, 38, 61, 62, 63, 64, 45, 49, 46, 47, 48, 50, 60, 59, 58, 57 ],
[ 49, 56, 33, 57, 58, 37, 60, 59, 44, 45, 64, 63, 61, 62, 46, 47, 48, 21, 50, 25, 32, 55, 54, 53, 51, 52, 35, 36, 38, 34, 9, 13, 20, 43, 42, 41, 40, 39, 24, 26, 23, 22, 2, 7, 6, 31, 30, 27, 29, 28, 14, 12, 11, 10, 1, 19, 18, 15, 16, 17, 8, 5, 4, 3 ],
[ 43, 31, 54, 53, 52, 55, 32, 51, 18, 42, 41, 39, 20, 40, 63, 62, 61, 64, 44, 45, 3, 30, 27, 28, 6, 29, 59, 60, 56, 58, 57, 33, 10, 15, 16, 17, 1, 19, 50, 49, 48, 47, 46, 21, 22, 4, 5, 8, 2, 7, 37, 38, 36, 35, 34, 9, 11, 12, 14, 13, 25, 26, 24, 23 ]
],
[ PermutationGroup<64 |  
\[ 2, 3, 4, 5, 6, 7, 8, 9, 10, 11, 12, 13, 14, 15, 16, 17, 18, 19, 20, 21, 22, 23, 24, 25, 26, 27, 28, 29, 30, 31, 32, 33, 34, 35, 36, 37, 38, 39, 40, 41, 42, 43, 44, 45, 46, 47, 48, 49, 50, 51, 52, 53, 54, 55, 56, 57, 58, 59, 60, 61, 62, 63, 64, 1 ],
\[ 2, 1, 3, 4, 5, 6, 7, 8, 9, 10, 11, 12, 13, 14, 15, 16, 17, 18, 19, 20, 21, 22, 23, 24, 25, 26, 27, 28, 29, 30, 31, 32, 33, 34, 35, 36, 37, 38, 39, 40, 41, 42, 43, 44, 45, 46, 47, 48, 49, 50, 51, 52, 53, 54, 55, 56, 57, 58, 59, 60, 61, 62, 63, 64 ]:
 Order := 126886932185884164103433389335161480802865516174545192198801894375214704230400000000000000 > |
[ 6, 1, 18, 15, 16, 20, 19, 17, 2, 3, 4, 5, 7, 8, 30, 27, 28, 31, 29, 32, 9, 10, 11, 12, 13, 14, 41, 39, 40, 42, 43, 44, 21, 22, 23, 24, 25, 26, 52, 51, 53, 54, 55, 56, 33, 34, 35, 36, 37, 38, 61, 62, 63, 64, 45, 49, 46, 47, 48, 50, 60, 59, 58, 57 ],
[ 17, 8, 29, 6, 3, 28, 5, 4, 14, 19, 1, 10, 12, 11, 20, 18, 15, 40, 16, 39, 26, 7, 2, 22, 24, 23, 31, 30, 27, 32, 51, 52, 38, 13, 9, 34, 36, 35, 42, 41, 43, 44, 61, 62, 50, 25, 21, 46, 48, 47, 53, 54, 55, 56, 60, 59, 37, 33, 57, 58, 63, 64, 45, 49 ],
[ 23, 35, 12, 14, 13, 11, 34, 9, 47, 24, 26, 25, 46, 21, 8, 7, 2, 5, 22, 4, 58, 36, 38, 37, 57, 33, 19, 1, 10, 17, 16, 15, 63, 48, 50, 49, 64, 45, 6, 3, 29, 28, 27, 30, 53, 59, 60, 56, 54, 55, 18, 20, 40, 39, 41, 42, 62, 61, 44, 43, 31, 32, 51, 52 ]
],
[ PermutationGroup<64 |  
\[ 2, 3, 4, 5, 6, 7, 8, 9, 10, 11, 12, 13, 14, 15, 16, 17, 18, 19, 20, 21, 22, 23, 24, 25, 26, 27, 28, 29, 30, 31, 32, 33, 34, 35, 36, 37, 38, 39, 40, 41, 42, 43, 44, 45, 46, 47, 48, 49, 50, 51, 52, 53, 54, 55, 56, 57, 58, 59, 60, 61, 62, 63, 64, 1 ],
\[ 2, 1, 3, 4, 5, 6, 7, 8, 9, 10, 11, 12, 13, 14, 15, 16, 17, 18, 19, 20, 21, 22, 23, 24, 25, 26, 27, 28, 29, 30, 31, 32, 33, 34, 35, 36, 37, 38, 39, 40, 41, 42, 43, 44, 45, 46, 47, 48, 49, 50, 51, 52, 53, 54, 55, 56, 57, 58, 59, 60, 61, 62, 63, 64 ]:
 Order := 126886932185884164103433389335161480802865516174545192198801894375214704230400000000000000 > |
[ 6, 1, 18, 15, 16, 20, 19, 17, 2, 3, 4, 5, 7, 8, 30, 27, 28, 31, 29, 32, 9, 10, 11, 12, 13, 14, 41, 39, 40, 42, 43, 44, 21, 22, 23, 24, 25, 26, 52, 51, 53, 54, 55, 56, 33, 34, 35, 36, 37, 38, 61, 62, 63, 64, 45, 49, 46, 47, 48, 50, 60, 59, 58, 57 ],
[ 62, 52, 60, 56, 55, 59, 53, 54, 39, 61, 44, 43, 41, 42, 49, 45, 64, 50, 63, 48, 28, 51, 32, 31, 27, 30, 33, 57, 58, 37, 38, 36, 17, 40, 20, 18, 16, 15, 46, 47, 21, 25, 26, 24, 8, 29, 6, 3, 5, 4, 35, 34, 9, 13, 14, 12, 19, 1, 10, 11, 23, 22, 2, 7 ],
[ 63, 53, 59, 60, 56, 58, 54, 55, 41, 62, 61, 44, 42, 43, 50, 49, 45, 48, 64, 47, 27, 52, 51, 32, 30, 31, 37, 33, 57, 38, 36, 35, 16, 39, 40, 20, 15, 18, 21, 46, 25, 26, 24, 23, 5, 28, 29, 6, 4, 3, 34, 9, 13, 14, 12, 11, 17, 19, 1, 10, 22, 2, 7, 8 ]
],
[ PermutationGroup<64 |  
\[ 2, 3, 4, 5, 6, 7, 8, 9, 10, 11, 12, 13, 14, 15, 16, 17, 18, 19, 20, 21, 22, 23, 24, 25, 26, 27, 28, 29, 30, 31, 32, 33, 34, 35, 36, 37, 38, 39, 40, 41, 42, 43, 44, 45, 46, 47, 48, 49, 50, 51, 52, 53, 54, 55, 56, 57, 58, 59, 60, 61, 62, 63, 64, 1 ],
\[ 2, 1, 3, 4, 5, 6, 7, 8, 9, 10, 11, 12, 13, 14, 15, 16, 17, 18, 19, 20, 21, 22, 23, 24, 25, 26, 27, 28, 29, 30, 31, 32, 33, 34, 35, 36, 37, 38, 39, 40, 41, 42, 43, 44, 45, 46, 47, 48, 49, 50, 51, 52, 53, 54, 55, 56, 57, 58, 59, 60, 61, 62, 63, 64 ]:
 Order := 126886932185884164103433389335161480802865516174545192198801894375214704230400000000000000 > |
[ 6, 1, 18, 15, 16, 20, 19, 17, 2, 3, 4, 5, 7, 8, 30, 27, 28, 31, 29, 32, 9, 10, 11, 12, 13, 14, 41, 39, 40, 42, 43, 44, 21, 22, 23, 24, 25, 26, 52, 51, 53, 54, 55, 56, 33, 34, 35, 36, 37, 38, 61, 62, 63, 64, 45, 49, 46, 47, 48, 50, 60, 59, 58, 57 ],
[ 11, 23, 5, 8, 7, 4, 22, 2, 35, 12, 14, 13, 34, 9, 17, 19, 1, 16, 10, 15, 47, 24, 26, 25, 46, 21, 29, 6, 3, 28, 27, 30, 58, 36, 38, 37, 57, 33, 20, 18, 40, 39, 41, 42, 63, 48, 50, 49, 64, 45, 31, 32, 51, 52, 53, 54, 59, 60, 56, 55, 43, 44, 61, 62 ],
[ 8, 14, 19, 1, 10, 17, 12, 11, 26, 7, 2, 22, 24, 23, 6, 3, 4, 29, 5, 28, 38, 13, 9, 34, 36, 35, 18, 15, 16, 20, 40, 39, 50, 25, 21, 46, 48, 47, 30, 27, 31, 32, 51, 52, 60, 37, 33, 57, 59, 58, 41, 42, 43, 44, 61, 62, 49, 45, 64, 63, 53, 54, 55, 56 ]
],
[ PermutationGroup<64 |  
\[ 2, 3, 4, 5, 6, 7, 8, 9, 10, 11, 12, 13, 14, 15, 16, 17, 18, 19, 20, 21, 22, 23, 24, 25, 26, 27, 28, 29, 30, 31, 32, 33, 34, 35, 36, 37, 38, 39, 40, 41, 42, 43, 44, 45, 46, 47, 48, 49, 50, 51, 52, 53, 54, 55, 56, 57, 58, 59, 60, 61, 62, 63, 64, 1 ],
