s := SolvableDBObjectInitialize();

/*
Basic Information about the Passport
*/

s`SolvableDBName := "64S17-4,8,8-g17-path8";
s`SolvableDBFilename := "64S17-4,8,8-g17-path8.m";
s`SolvableDBPathNumber := 8;
s`SolvableDBDegree := 64;
s`SolvableDBABC := \[ 4, 8, 8 ];
s`SolvableDBType := "Hyperbolic";
s`SolvableDBGenus := 17;
s`SolvableDBGaloisOrbitSize := 1;
s`SolvableDBPassportSize := 1;
s`SolvableDBPointedPassportSize := 1;
s`SolvableDBLevel := 6;
s`SolvableDBBlocks := {@ PowerSet(IntegerRing()) |
{ IntegerRing() | 1, 5 },
{ IntegerRing() | 2, 11 },
{ IntegerRing() | 3, 16 },
{ IntegerRing() | 4, 21 },
{ IntegerRing() | 6, 24 },
{ IntegerRing() | 7, 25 },
{ IntegerRing() | 8, 26 },
{ IntegerRing() | 9, 38 },
{ IntegerRing() | 10, 40 },
{ IntegerRing() | 12, 42 },
{ IntegerRing() | 13, 43 },
{ IntegerRing() | 14, 20 },
{ IntegerRing() | 15, 50 },
{ IntegerRing() | 17, 51 },
{ IntegerRing() | 18, 31 },
{ IntegerRing() | 19, 54 },
{ IntegerRing() | 22, 48 },
{ IntegerRing() | 23, 35 },
{ IntegerRing() | 27, 55 },
{ IntegerRing() | 28, 59 },
{ IntegerRing() | 29, 57 },
{ IntegerRing() | 30, 60 },
{ IntegerRing() | 32, 53 },
{ IntegerRing() | 33, 37 },
{ IntegerRing() | 34, 61 },
{ IntegerRing() | 36, 62 },
{ IntegerRing() | 39, 63 },
{ IntegerRing() | 41, 44 },
{ IntegerRing() | 45, 47 },
{ IntegerRing() | 46, 64 },
{ IntegerRing() | 49, 56 },
{ IntegerRing() | 52, 58 }
@};

/*
Permutations and Passports
*/

s`SolvableDBGaloisOrbit := [ PowerSequence(PermutationGroup<64 |  
\[ 2, 3, 4, 5, 6, 7, 8, 9, 10, 11, 12, 13, 14, 15, 16, 17, 18, 19, 20, 21, 22, 23, 24, 25, 26, 27, 28, 29, 30, 31, 32, 33, 34, 35, 36, 37, 38, 39, 40, 41, 42, 43, 44, 45, 46, 47, 48, 49, 50, 51, 52, 53, 54, 55, 56, 57, 58, 59, 60, 61, 62, 63, 64, 1 ],
\[ 2, 1, 3, 4, 5, 6, 7, 8, 9, 10, 11, 12, 13, 14, 15, 16, 17, 18, 19, 20, 21, 22, 23, 24, 25, 26, 27, 28, 29, 30, 31, 32, 33, 34, 35, 36, 37, 38, 39, 40, 41, 42, 43, 44, 45, 46, 47, 48, 49, 50, 51, 52, 53, 54, 55, 56, 57, 58, 59, 60, 61, 62, 63, 64 ]:
 Order := 126886932185884164103433389335161480802865516174545192198801894375214704230400000000000000 >) |
[ PermutationGroup<64 |  
\[ 2, 3, 4, 5, 6, 7, 8, 9, 10, 11, 12, 13, 14, 15, 16, 17, 18, 19, 20, 21, 22, 23, 24, 25, 26, 27, 28, 29, 30, 31, 32, 33, 34, 35, 36, 37, 38, 39, 40, 41, 42, 43, 44, 45, 46, 47, 48, 49, 50, 51, 52, 53, 54, 55, 56, 57, 58, 59, 60, 61, 62, 63, 64, 1 ],
\[ 2, 1, 3, 4, 5, 6, 7, 8, 9, 10, 11, 12, 13, 14, 15, 16, 17, 18, 19, 20, 21, 22, 23, 24, 25, 26, 27, 28, 29, 30, 31, 32, 33, 34, 35, 36, 37, 38, 39, 40, 41, 42, 43, 44, 45, 46, 47, 48, 49, 50, 51, 52, 53, 54, 55, 56, 57, 58, 59, 60, 61, 62, 63, 64 ]:
 Order := 126886932185884164103433389335161480802865516174545192198801894375214704230400000000000000 > |
[ 2, 9, 8, 19, 11, 1, 30, 34, 6, 13, 38, 22, 27, 18, 39, 26, 3, 41, 12, 31, 54, 4, 33, 5, 60, 61, 29, 32, 10, 28, 44, 7, 45, 17, 37, 46, 47, 24, 36, 43, 49, 48, 55, 56, 58, 15, 52, 21, 14, 63, 16, 35, 25, 42, 57, 20, 40, 23, 53, 59, 51, 64, 62, 50 ],
[ 3, 10, 14, 6, 16, 27, 1, 35, 34, 18, 40, 2, 37, 48, 17, 20, 47, 53, 39, 22, 24, 46, 4, 55, 5, 23, 49, 9, 52, 36, 32, 15, 7, 41, 21, 8, 25, 61, 29, 31, 54, 11, 33, 19, 12, 13, 42, 64, 60, 51, 45, 59, 50, 63, 56, 30, 58, 28, 38, 62, 44, 26, 57, 43 ],
[ 4, 7, 15, 20, 21, 28, 31, 1, 12, 39, 25, 44, 2, 27, 22, 50, 9, 3, 23, 55, 14, 45, 57, 59, 18, 5, 46, 56, 6, 33, 16, 58, 26, 36, 29, 19, 8, 42, 32, 63, 10, 41, 11, 40, 43, 30, 13, 47, 34, 48, 38, 17, 52, 35, 64, 61, 24, 51, 49, 37, 62, 54, 53, 60 ]
]
];
s`SolvableDBPassport := [ PowerSequence(PermutationGroup<64 |  
\[ 2, 9, 8, 19, 11, 1, 30, 34, 6, 13, 38, 22, 27, 18, 39, 26, 3, 41, 12, 31, 54, 4, 33, 5, 60, 61, 29, 32, 10, 28, 44, 7, 45, 17, 37, 46, 47, 24, 36, 43, 49, 48, 55, 56, 58, 15, 52, 21, 14, 63, 16, 35, 25, 42, 57, 20, 40, 23, 53, 59, 51, 64, 62, 50 ],
\[ 3, 10, 14, 6, 16, 27, 1, 35, 34, 18, 40, 2, 37, 48, 17, 20, 47, 53, 39, 22, 24, 46, 4, 55, 5, 23, 49, 9, 52, 36, 32, 15, 7, 41, 21, 8, 25, 61, 29, 31, 54, 11, 33, 19, 12, 13, 42, 64, 60, 51, 45, 59, 50, 63, 56, 30, 58, 28, 38, 62, 44, 26, 57, 43 ],
\[ 4, 7, 15, 20, 21, 28, 31, 1, 12, 39, 25, 44, 2, 27, 22, 50, 9, 3, 23, 55, 14, 45, 57, 59, 18, 5, 46, 56, 6, 33, 16, 58, 26, 36, 29, 19, 8, 42, 32, 63, 10, 41, 11, 40, 43, 30, 13, 47, 34, 48, 38, 17, 52, 35, 64, 61, 24, 51, 49, 37, 62, 54, 53, 60 ]:
 Order := 64 >) |
[ PermutationGroup<64 |  
\[ 2, 9, 8, 19, 11, 1, 30, 34, 6, 13, 38, 22, 27, 18, 39, 26, 3, 41, 12, 31, 54, 4, 33, 5, 60, 61, 29, 32, 10, 28, 44, 7, 45, 17, 37, 46, 47, 24, 36, 43, 49, 48, 55, 56, 58, 15, 52, 21, 14, 63, 16, 35, 25, 42, 57, 20, 40, 23, 53, 59, 51, 64, 62, 50 ],
\[ 3, 10, 14, 6, 16, 27, 1, 35, 34, 18, 40, 2, 37, 48, 17, 20, 47, 53, 39, 22, 24, 46, 4, 55, 5, 23, 49, 9, 52, 36, 32, 15, 7, 41, 21, 8, 25, 61, 29, 31, 54, 11, 33, 19, 12, 13, 42, 64, 60, 51, 45, 59, 50, 63, 56, 30, 58, 28, 38, 62, 44, 26, 57, 43 ],
\[ 4, 7, 15, 20, 21, 28, 31, 1, 12, 39, 25, 44, 2, 27, 22, 50, 9, 3, 23, 55, 14, 45, 57, 59, 18, 5, 46, 56, 6, 33, 16, 58, 26, 36, 29, 19, 8, 42, 32, 63, 10, 41, 11, 40, 43, 30, 13, 47, 34, 48, 38, 17, 52, 35, 64, 61, 24, 51, 49, 37, 62, 54, 53, 60 ]:
 Order := 64 > |
[ 56, 20, 12, 43, 49, 44, 51, 22, 31, 28, 14, 57, 32, 36, 33, 42, 19, 46, 55, 62, 13, 40, 38, 41, 17, 48, 7, 26, 30, 16, 64, 61, 24, 4, 9, 58, 6, 18, 45, 59, 15, 29, 53, 50, 5, 23, 1, 10, 39, 37, 54, 2, 34, 27, 25, 63, 60, 11, 8, 3, 21, 52, 47, 35 ],
[ 3, 10, 14, 6, 16, 27, 1, 35, 34, 18, 40, 2, 37, 48, 17, 20, 47, 53, 39, 22, 24, 46, 4, 55, 5, 23, 49, 9, 52, 36, 32, 15, 7, 41, 21, 8, 25, 61, 29, 31, 54, 11, 33, 19, 12, 13, 42, 64, 60, 51, 45, 59, 50, 63, 56, 30, 58, 28, 38, 62, 44, 26, 57, 43 ],
[ 17, 29, 49, 9, 51, 13, 6, 52, 8, 14, 57, 1, 35, 42, 34, 56, 37, 59, 15, 12, 38, 36, 22, 43, 24, 58, 41, 2, 47, 39, 28, 46, 32, 18, 48, 3, 53, 26, 27, 20, 21, 5, 23, 4, 19, 10, 54, 62, 25, 61, 33, 60, 64, 50, 44, 7, 45, 30, 11, 63, 31, 16, 55, 40 ]
]
];
s`SolvableDBPointedPassport := [ PowerSequence(PermutationGroup<64 |  
\[ 2, 9, 8, 19, 11, 1, 30, 34, 6, 13, 38, 22, 27, 18, 39, 26, 3, 41, 12, 31, 54, 4, 33, 5, 60, 61, 29, 32, 10, 28, 44, 7, 45, 17, 37, 46, 47, 24, 36, 43, 49, 48, 55, 56, 58, 15, 52, 21, 14, 63, 16, 35, 25, 42, 57, 20, 40, 23, 53, 59, 51, 64, 62, 50 ],
\[ 3, 10, 14, 6, 16, 27, 1, 35, 34, 18, 40, 2, 37, 48, 17, 20, 47, 53, 39, 22, 24, 46, 4, 55, 5, 23, 49, 9, 52, 36, 32, 15, 7, 41, 21, 8, 25, 61, 29, 31, 54, 11, 33, 19, 12, 13, 42, 64, 60, 51, 45, 59, 50, 63, 56, 30, 58, 28, 38, 62, 44, 26, 57, 43 ],
\[ 4, 7, 15, 20, 21, 28, 31, 1, 12, 39, 25, 44, 2, 27, 22, 50, 9, 3, 23, 55, 14, 45, 57, 59, 18, 5, 46, 56, 6, 33, 16, 58, 26, 36, 29, 19, 8, 42, 32, 63, 10, 41, 11, 40, 43, 30, 13, 47, 34, 48, 38, 17, 52, 35, 64, 61, 24, 51, 49, 37, 62, 54, 53, 60 ]:
 Order := 64 >) |
[ PermutationGroup<64 |  
\[ 2, 9, 8, 19, 11, 1, 30, 34, 6, 13, 38, 22, 27, 18, 39, 26, 3, 41, 12, 31, 54, 4, 33, 5, 60, 61, 29, 32, 10, 28, 44, 7, 45, 17, 37, 46, 47, 24, 36, 43, 49, 48, 55, 56, 58, 15, 52, 21, 14, 63, 16, 35, 25, 42, 57, 20, 40, 23, 53, 59, 51, 64, 62, 50 ],
\[ 3, 10, 14, 6, 16, 27, 1, 35, 34, 18, 40, 2, 37, 48, 17, 20, 47, 53, 39, 22, 24, 46, 4, 55, 5, 23, 49, 9, 52, 36, 32, 15, 7, 41, 21, 8, 25, 61, 29, 31, 54, 11, 33, 19, 12, 13, 42, 64, 60, 51, 45, 59, 50, 63, 56, 30, 58, 28, 38, 62, 44, 26, 57, 43 ],
\[ 4, 7, 15, 20, 21, 28, 31, 1, 12, 39, 25, 44, 2, 27, 22, 50, 9, 3, 23, 55, 14, 45, 57, 59, 18, 5, 46, 56, 6, 33, 16, 58, 26, 36, 29, 19, 8, 42, 32, 63, 10, 41, 11, 40, 43, 30, 13, 47, 34, 48, 38, 17, 52, 35, 64, 61, 24, 51, 49, 37, 62, 54, 53, 60 ]:
 Order := 64 > |
[ 3, 10, 14, 6, 16, 27, 1, 35, 34, 18, 40, 2, 37, 48, 17, 20, 47, 53, 39, 22, 24, 46, 4, 55, 5, 23, 49, 9, 52, 36, 32, 15, 7, 41, 21, 8, 25, 61, 29, 31, 54, 11, 33, 19, 12, 13, 42, 64, 60, 51, 45, 59, 50, 63, 56, 30, 58, 28, 38, 62, 44, 26, 57, 43 ],
[ 17, 29, 49, 9, 51, 13, 6, 52, 8, 14, 57, 1, 35, 42, 34, 56, 37, 59, 15, 12, 38, 36, 22, 43, 24, 58, 41, 2, 47, 39, 28, 46, 32, 18, 48, 3, 53, 26, 27, 20, 21, 5, 23, 4, 19, 10, 54, 62, 25, 61, 33, 60, 64, 50, 44, 7, 45, 30, 11, 63, 31, 16, 55, 40 ],
[ 56, 20, 12, 43, 49, 44, 51, 22, 31, 28, 14, 57, 32, 36, 33, 42, 19, 46, 55, 62, 13, 40, 38, 41, 17, 48, 7, 26, 30, 16, 64, 61, 24, 4, 9, 58, 6, 18, 45, 59, 15, 29, 53, 50, 5, 23, 1, 10, 39, 37, 54, 2, 34, 27, 25, 63, 60, 11, 8, 3, 21, 52, 47, 35 ]
]
];
s`SolvableDBMonodromyGroup := PermutationGroup<64 |  
\[ 2, 9, 8, 19, 11, 1, 30, 34, 6, 13, 38, 22, 27, 18, 39, 26, 3, 41, 12, 31, 54, 4, 33, 5, 60, 61, 29, 32, 10, 28, 44, 7, 45, 17, 37, 46, 47, 24, 36, 43, 49, 48, 55, 56, 58, 15, 52, 21, 14, 63, 16, 35, 25, 42, 57, 20, 40, 23, 53, 59, 51, 64, 62, 50 ],
\[ 3, 10, 14, 6, 16, 27, 1, 35, 34, 18, 40, 2, 37, 48, 17, 20, 47, 53, 39, 22, 24, 46, 4, 55, 5, 23, 49, 9, 52, 36, 32, 15, 7, 41, 21, 8, 25, 61, 29, 31, 54, 11, 33, 19, 12, 13, 42, 64, 60, 51, 45, 59, 50, 63, 56, 30, 58, 28, 38, 62, 44, 26, 57, 43 ],
\[ 4, 7, 15, 20, 21, 28, 31, 1, 12, 39, 25, 44, 2, 27, 22, 50, 9, 3, 23, 55, 14, 45, 57, 59, 18, 5, 46, 56, 6, 33, 16, 58, 26, 36, 29, 19, 8, 42, 32, 63, 10, 41, 11, 40, 43, 30, 13, 47, 34, 48, 38, 17, 52, 35, 64, 61, 24, 51, 49, 37, 62, 54, 53, 60 ] >;
s`SolvableDBAutomorphismGroup := PermutationGroup<64 |  
\[ 64, 50, 43, 60, 46, 62, 48, 55, 63, 51, 15, 53, 16, 33, 11, 13, 40, 45, 59, 37, 30, 25, 49, 36, 22, 27, 26, 54, 61, 21, 47, 42, 14, 57, 56, 24, 20, 39, 38, 17, 58, 32, 3, 52, 18, 5, 31, 7, 23, 2, 10, 44, 12, 28, 8, 35, 34, 41, 19, 4, 29, 6, 9, 1 ],
\[ 48, 21, 64, 47, 22, 42, 14, 50, 54, 24, 4, 35, 5, 43, 60, 46, 62, 55, 52, 13, 45, 37, 17, 12, 20, 15, 11, 41, 38, 18, 27, 49, 3, 63, 51, 53, 16, 19, 59, 6, 57, 23, 1, 29, 8, 25, 26, 33, 40, 30, 36, 61, 56, 58, 2, 10, 9, 34, 44, 31, 39, 32, 28, 7 ],
\[ 63, 62, 57, 53, 39, 50, 54, 40, 64, 26, 36, 60, 61, 58, 24, 29, 55, 23, 25, 52, 32, 59, 18, 15, 19, 10, 51, 48, 16, 42, 35, 21, 41, 43, 31, 11, 44, 46, 5, 8, 33, 30, 34, 37, 49, 38, 56, 28, 45, 6, 27, 20, 4, 7, 17, 47, 3, 14, 22, 12, 13, 2, 1, 9 ],
\[ 2, 9, 10, 7, 11, 1, 12, 13, 6, 34, 38, 28, 17, 18, 39, 40, 29, 41, 30, 31, 25, 32, 33, 5, 42, 43, 3, 4, 8, 22, 44, 19, 45, 27, 37, 46, 47, 24, 36, 61, 49, 59, 51, 56, 58, 15, 52, 53, 14, 63, 57, 35, 54, 60, 16, 20, 26, 23, 21, 48, 55, 64, 62, 50 ]:
 Order := 64 >;
s`SolvableDBPointedAutomorphismGroup := PermutationGroup<64 |  
\[ 6, 1, 27, 28, 24, 9, 4, 29, 2, 3, 5, 7, 8, 49, 46, 55, 13, 14, 32, 56, 59, 30, 58, 38, 21, 57, 34, 12, 17, 19, 20, 22, 23, 10, 52, 39, 35, 11, 15, 16, 18, 25, 26, 31, 33, 36, 37, 60, 41, 64, 43, 47, 48, 53, 61, 44, 51, 45, 42, 54, 40, 63, 50, 62 ]:
 Order := 4 >;

/*
Top Level Belyi Curve/Map
*/


/*
Graph Data
*/

s`SolvableDBPathToPP1 := [ Strings() | "PP1", "2T1-1,2,2-g0-path1", "4T1-2,4,4-g1-path1", "8T2-2,4,4-g1-path2", "16T6-2,8,8-g3-path2", "32S12-4,8,8-g9-path16", "64S17-4,8,8-g17-path8" ];
s`SolvableDBChildren := [ Strings() | "32S12-4,8,8-g9-path16" ];

/*
Return for eval
*/

return s;
