s := SolvableDBInitialize();

/*
Magma printing
*/

s`SolvableDBName := "64S1-64,64,32-g31-path8-notcomputed";
s`SolvableDBFilename := "64S1-64,64,32-g31-path8-notcomputed.m";
s`SolvableDBPassportName := "64S1-64,64,32-g31";
s`SolvableDBPathNumber := 8;
s`SolvableDBDegree := 64;
s`SolvableDBOrders := \[ 64, 64, 32 ];
s`SolvableDBType := "Hyperbolic";
s`SolvableDBGenus := 31;
s`SolvableDBGaloisOrbitSize := 2;
s`SolvableDBPassportSize := 16;
s`SolvableDBPointedPassportSize := 16;
s`SolvableDBLevel := 6;
s`SolvableDBBlocks := {@ PowerSet(IntegerRing()) |
{ IntegerRing() | 1, 5 },
{ IntegerRing() | 2, 10 },
{ IntegerRing() | 3, 14 },
{ IntegerRing() | 4, 18 },
{ IntegerRing() | 6, 21 },
{ IntegerRing() | 7, 22 },
{ IntegerRing() | 8, 23 },
{ IntegerRing() | 9, 28 },
{ IntegerRing() | 11, 31 },
{ IntegerRing() | 12, 32 },
{ IntegerRing() | 13, 36 },
{ IntegerRing() | 15, 39 },
{ IntegerRing() | 16, 40 },
{ IntegerRing() | 17, 43 },
{ IntegerRing() | 19, 46 },
{ IntegerRing() | 20, 47 },
{ IntegerRing() | 24, 50 },
{ IntegerRing() | 25, 51 },
{ IntegerRing() | 26, 52 },
{ IntegerRing() | 27, 55 },
{ IntegerRing() | 29, 56 },
{ IntegerRing() | 30, 57 },
{ IntegerRing() | 33, 59 },
{ IntegerRing() | 34, 60 },
{ IntegerRing() | 35, 45 },
{ IntegerRing() | 37, 63 },
{ IntegerRing() | 38, 49 },
{ IntegerRing() | 41, 53 },
{ IntegerRing() | 42, 58 },
{ IntegerRing() | 44, 62 },
{ IntegerRing() | 48, 64 },
{ IntegerRing() | 54, 61 }
@};
s`SolvableDBIsRamifiedAtEveryLevel := true;
s`SolvableDBGaloisOrbit := [ PowerSequence(PermutationGroup<64 |  
\[ 2, 3, 4, 5, 6, 7, 8, 9, 10, 11, 12, 13, 14, 15, 16, 17, 18, 19, 20, 21, 22, 23, 24, 25, 26, 27, 28, 29, 30, 31, 32, 33, 34, 35, 36, 37, 38, 39, 40, 41, 42, 43, 44, 45, 46, 47, 48, 49, 50, 51, 52, 53, 54, 55, 56, 57, 58, 59, 60, 61, 62, 63, 64, 1 ],
\[ 2, 1, 3, 4, 5, 6, 7, 8, 9, 10, 11, 12, 13, 14, 15, 16, 17, 18, 19, 20, 21, 22, 23, 24, 25, 26, 27, 28, 29, 30, 31, 32, 33, 34, 35, 36, 37, 38, 39, 40, 41, 42, 43, 44, 45, 46, 47, 48, 49, 50, 51, 52, 53, 54, 55, 56, 57, 58, 59, 60, 61, 62, 63, 64 ]:
 Order := 126886932185884164103433389335161480802865516174545192198801894375214704230400000000000000 >) |
[ PermutationGroup<64 |  
\[ 2, 3, 4, 5, 6, 7, 8, 9, 10, 11, 12, 13, 14, 15, 16, 17, 18, 19, 20, 21, 22, 23, 24, 25, 26, 27, 28, 29, 30, 31, 32, 33, 34, 35, 36, 37, 38, 39, 40, 41, 42, 43, 44, 45, 46, 47, 48, 49, 50, 51, 52, 53, 54, 55, 56, 57, 58, 59, 60, 61, 62, 63, 64, 1 ],
\[ 2, 1, 3, 4, 5, 6, 7, 8, 9, 10, 11, 12, 13, 14, 15, 16, 17, 18, 19, 20, 21, 22, 23, 24, 25, 26, 27, 28, 29, 30, 31, 32, 33, 34, 35, 36, 37, 38, 39, 40, 41, 42, 43, 44, 45, 46, 47, 48, 49, 50, 51, 52, 53, 54, 55, 56, 57, 58, 59, 60, 61, 62, 63, 64 ]:
 Order := 126886932185884164103433389335161480802865516174545192198801894375214704230400000000000000 > |
[ 2, 9, 8, 7, 10, 1, 11, 12, 27, 28, 29, 30, 16, 23, 3, 26, 20, 22, 4, 25, 5, 31, 32, 6, 33, 34, 15, 55, 24, 37, 56, 57, 48, 58, 38, 40, 13, 41, 14, 52, 54, 45, 47, 17, 49, 18, 51, 19, 53, 21, 59, 60, 61, 62, 39, 50, 63, 35, 64, 42, 44, 43, 36, 46 ],
[ 3, 8, 13, 6, 14, 15, 1, 16, 12, 23, 2, 26, 35, 36, 37, 38, 19, 21, 24, 4, 39, 5, 40, 27, 7, 41, 30, 32, 9, 34, 10, 52, 11, 54, 43, 45, 58, 47, 63, 49, 51, 44, 46, 48, 17, 50, 18, 29, 20, 55, 22, 53, 25, 59, 57, 28, 60, 62, 31, 61, 33, 64, 42, 56 ],
[ 4, 7, 6, 17, 18, 19, 20, 1, 11, 22, 25, 2, 15, 21, 24, 3, 42, 43, 44, 45, 46, 47, 5, 48, 49, 8, 29, 31, 33, 9, 51, 10, 53, 12, 37, 39, 27, 13, 50, 14, 16, 57, 58, 60, 63, 62, 35, 61, 36, 64, 38, 23, 40, 26, 56, 59, 28, 30, 41, 32, 52, 34, 55, 54 ]
],
[ PermutationGroup<64 |  
\[ 2, 3, 4, 5, 6, 7, 8, 9, 10, 11, 12, 13, 14, 15, 16, 17, 18, 19, 20, 21, 22, 23, 24, 25, 26, 27, 28, 29, 30, 31, 32, 33, 34, 35, 36, 37, 38, 39, 40, 41, 42, 43, 44, 45, 46, 47, 48, 49, 50, 51, 52, 53, 54, 55, 56, 57, 58, 59, 60, 61, 62, 63, 64, 1 ],
\[ 2, 1, 3, 4, 5, 6, 7, 8, 9, 10, 11, 12, 13, 14, 15, 16, 17, 18, 19, 20, 21, 22, 23, 24, 25, 26, 27, 28, 29, 30, 31, 32, 33, 34, 35, 36, 37, 38, 39, 40, 41, 42, 43, 44, 45, 46, 47, 48, 49, 50, 51, 52, 53, 54, 55, 56, 57, 58, 59, 60, 61, 62, 63, 64 ]:
 Order := 126886932185884164103433389335161480802865516174545192198801894375214704230400000000000000 > |
[ 2, 9, 8, 7, 10, 1, 11, 12, 27, 28, 29, 30, 16, 23, 3, 26, 20, 22, 4, 25, 5, 31, 32, 6, 33, 34, 15, 55, 24, 37, 56, 57, 48, 58, 38, 40, 13, 41, 14, 52, 54, 45, 47, 17, 49, 18, 51, 19, 53, 21, 59, 60, 61, 62, 39, 50, 63, 35, 64, 42, 44, 43, 36, 46 ],
[ 14, 23, 36, 21, 3, 39, 5, 40, 32, 8, 10, 52, 45, 13, 63, 49, 46, 6, 50, 18, 15, 1, 16, 55, 22, 53, 57, 12, 28, 60, 2, 26, 31, 61, 17, 35, 42, 20, 37, 38, 25, 62, 19, 64, 43, 24, 4, 56, 47, 27, 7, 41, 51, 33, 30, 9, 34, 44, 11, 54, 59, 48, 58, 29 ],
[ 18, 22, 21, 43, 4, 46, 47, 5, 31, 7, 51, 10, 39, 6, 50, 14, 58, 17, 62, 35, 19, 20, 1, 64, 38, 23, 56, 11, 59, 28, 25, 2, 41, 32, 63, 15, 55, 36, 24, 3, 40, 30, 42, 34, 37, 44, 45, 54, 13, 48, 49, 8, 16, 52, 29, 33, 9, 57, 53, 12, 26, 60, 27, 61 ]
]
];
s`SolvableDBPassport := [ PowerSequence(PermutationGroup<64 |  
\[ 2, 9, 8, 7, 10, 1, 11, 12, 27, 28, 29, 30, 16, 23, 3, 26, 20, 22, 4, 25, 5, 31, 32, 6, 33, 34, 15, 55, 24, 37, 56, 57, 48, 58, 38, 40, 13, 41, 14, 52, 54, 45, 47, 17, 49, 18, 51, 19, 53, 21, 59, 60, 61, 62, 39, 50, 63, 35, 64, 42, 44, 43, 36, 46 ],
\[ 14, 23, 36, 21, 3, 39, 5, 40, 32, 8, 10, 52, 45, 13, 63, 49, 46, 6, 50, 18, 15, 1, 16, 55, 22, 53, 57, 12, 28, 60, 2, 26, 31, 61, 17, 35, 42, 20, 37, 38, 25, 62, 19, 64, 43, 24, 4, 56, 47, 27, 7, 41, 51, 33, 30, 9, 34, 44, 11, 54, 59, 48, 58, 29 ],
\[ 18, 22, 21, 43, 4, 46, 47, 5, 31, 7, 51, 10, 39, 6, 50, 14, 58, 17, 62, 35, 19, 20, 1, 64, 38, 23, 56, 11, 59, 28, 25, 2, 41, 32, 63, 15, 55, 36, 24, 3, 40, 30, 42, 34, 37, 44, 45, 54, 13, 48, 49, 8, 16, 52, 29, 33, 9, 57, 53, 12, 26, 60, 27, 61 ]:
 Order := 64 >) |
[ PermutationGroup<64 |  
\[ 2, 9, 8, 7, 10, 1, 11, 12, 27, 28, 29, 30, 16, 23, 3, 26, 20, 22, 4, 25, 5, 31, 32, 6, 33, 34, 15, 55, 24, 37, 56, 57, 48, 58, 38, 40, 13, 41, 14, 52, 54, 45, 47, 17, 49, 18, 51, 19, 53, 21, 59, 60, 61, 62, 39, 50, 63, 35, 64, 42, 44, 43, 36, 46 ],
\[ 14, 23, 36, 21, 3, 39, 5, 40, 32, 8, 10, 52, 45, 13, 63, 49, 46, 6, 50, 18, 15, 1, 16, 55, 22, 53, 57, 12, 28, 60, 2, 26, 31, 61, 17, 35, 42, 20, 37, 38, 25, 62, 19, 64, 43, 24, 4, 56, 47, 27, 7, 41, 51, 33, 30, 9, 34, 44, 11, 54, 59, 48, 58, 29 ],
\[ 18, 22, 21, 43, 4, 46, 47, 5, 31, 7, 51, 10, 39, 6, 50, 14, 58, 17, 62, 35, 19, 20, 1, 64, 38, 23, 56, 11, 59, 28, 25, 2, 41, 32, 63, 15, 55, 36, 24, 3, 40, 30, 42, 34, 37, 44, 45, 54, 13, 48, 49, 8, 16, 52, 29, 33, 9, 57, 53, 12, 26, 60, 27, 61 ]:
 Order := 64 > |
[ 2, 9, 8, 7, 10, 1, 11, 12, 27, 28, 29, 30, 16, 23, 3, 26, 20, 22, 4, 25, 5, 31, 32, 6, 33, 34, 15, 55, 24, 37, 56, 57, 48, 58, 38, 40, 13, 41, 14, 52, 54, 45, 47, 17, 49, 18, 51, 19, 53, 21, 59, 60, 61, 62, 39, 50, 63, 35, 64, 42, 44, 43, 36, 46 ],
[ 2, 9, 8, 7, 10, 1, 11, 12, 27, 28, 29, 30, 16, 23, 3, 26, 20, 22, 4, 25, 5, 31, 32, 6, 33, 34, 15, 55, 24, 37, 56, 57, 48, 58, 38, 40, 13, 41, 14, 52, 54, 45, 47, 17, 49, 18, 51, 19, 53, 21, 59, 60, 61, 62, 39, 50, 63, 35, 64, 42, 44, 43, 36, 46 ],
[ 24, 6, 27, 48, 50, 29, 19, 15, 1, 21, 4, 3, 30, 55, 9, 37, 61, 64, 33, 44, 56, 46, 39, 11, 17, 13, 2, 5, 7, 8, 18, 14, 20, 16, 34, 57, 12, 58, 28, 63, 35, 52, 54, 53, 60, 59, 62, 25, 42, 31, 43, 36, 45, 38, 10, 22, 23, 26, 47, 40, 49, 41, 32, 51 ]
],
[ PermutationGroup<64 |  
\[ 2, 9, 8, 7, 10, 1, 11, 12, 27, 28, 29, 30, 16, 23, 3, 26, 20, 22, 4, 25, 5, 31, 32, 6, 33, 34, 15, 55, 24, 37, 56, 57, 48, 58, 38, 40, 13, 41, 14, 52, 54, 45, 47, 17, 49, 18, 51, 19, 53, 21, 59, 60, 61, 62, 39, 50, 63, 35, 64, 42, 44, 43, 36, 46 ],
\[ 14, 23, 36, 21, 3, 39, 5, 40, 32, 8, 10, 52, 45, 13, 63, 49, 46, 6, 50, 18, 15, 1, 16, 55, 22, 53, 57, 12, 28, 60, 2, 26, 31, 61, 17, 35, 42, 20, 37, 38, 25, 62, 19, 64, 43, 24, 4, 56, 47, 27, 7, 41, 51, 33, 30, 9, 34, 44, 11, 54, 59, 48, 58, 29 ],
\[ 18, 22, 21, 43, 4, 46, 47, 5, 31, 7, 51, 10, 39, 6, 50, 14, 58, 17, 62, 35, 19, 20, 1, 64, 38, 23, 56, 11, 59, 28, 25, 2, 41, 32, 63, 15, 55, 36, 24, 3, 40, 30, 42, 34, 37, 44, 45, 54, 13, 48, 49, 8, 16, 52, 29, 33, 9, 57, 53, 12, 26, 60, 27, 61 ]:
 Order := 64 > |
[ 2, 9, 8, 7, 10, 1, 11, 12, 27, 28, 29, 30, 16, 23, 3, 26, 20, 22, 4, 25, 5, 31, 32, 6, 33, 34, 15, 55, 24, 37, 56, 57, 48, 58, 38, 40, 13, 41, 14, 52, 54, 45, 47, 17, 49, 18, 51, 19, 53, 21, 59, 60, 61, 62, 39, 50, 63, 35, 64, 42, 44, 43, 36, 46 ],
[ 34, 58, 54, 12, 60, 26, 30, 62, 35, 42, 37, 43, 59, 61, 41, 64, 2, 32, 8, 9, 52, 57, 44, 16, 27, 46, 38, 45, 13, 47, 63, 17, 15, 18, 31, 33, 51, 56, 53, 48, 50, 7, 10, 1, 11, 23, 28, 3, 29, 40, 55, 19, 24, 21, 49, 36, 20, 22, 39, 4, 6, 5, 25, 14 ],
[ 61, 44, 33, 52, 54, 53, 60, 48, 17, 62, 42, 19, 11, 59, 25, 29, 23, 26, 40, 32, 41, 34, 64, 49, 57, 24, 20, 43, 45, 4, 58, 46, 63, 6, 2, 31, 7, 9, 51, 56, 27, 5, 8, 14, 10, 16, 12, 36, 28, 38, 30, 50, 55, 15, 47, 35, 18, 1, 37, 21, 39, 3, 22, 13 ]
],
[ PermutationGroup<64 |  
\[ 2, 9, 8, 7, 10, 1, 11, 12, 27, 28, 29, 30, 16, 23, 3, 26, 20, 22, 4, 25, 5, 31, 32, 6, 33, 34, 15, 55, 24, 37, 56, 57, 48, 58, 38, 40, 13, 41, 14, 52, 54, 45, 47, 17, 49, 18, 51, 19, 53, 21, 59, 60, 61, 62, 39, 50, 63, 35, 64, 42, 44, 43, 36, 46 ],
\[ 14, 23, 36, 21, 3, 39, 5, 40, 32, 8, 10, 52, 45, 13, 63, 49, 46, 6, 50, 18, 15, 1, 16, 55, 22, 53, 57, 12, 28, 60, 2, 26, 31, 61, 17, 35, 42, 20, 37, 38, 25, 62, 19, 64, 43, 24, 4, 56, 47, 27, 7, 41, 51, 33, 30, 9, 34, 44, 11, 54, 59, 48, 58, 29 ],
\[ 18, 22, 21, 43, 4, 46, 47, 5, 31, 7, 51, 10, 39, 6, 50, 14, 58, 17, 62, 35, 19, 20, 1, 64, 38, 23, 56, 11, 59, 28, 25, 2, 41, 32, 63, 15, 55, 36, 24, 3, 40, 30, 42, 34, 37, 44, 45, 54, 13, 48, 49, 8, 16, 52, 29, 33, 9, 57, 53, 12, 26, 60, 27, 61 ]:
 Order := 64 > |
[ 2, 9, 8, 7, 10, 1, 11, 12, 27, 28, 29, 30, 16, 23, 3, 26, 20, 22, 4, 25, 5, 31, 32, 6, 33, 34, 15, 55, 24, 37, 56, 57, 48, 58, 38, 40, 13, 41, 14, 52, 54, 45, 47, 17, 49, 18, 51, 19, 53, 21, 59, 60, 61, 62, 39, 50, 63, 35, 64, 42, 44, 43, 36, 46 ],
[ 19, 4, 24, 44, 46, 48, 17, 6, 7, 18, 20, 1, 27, 50, 29, 15, 60, 62, 61, 42, 64, 43, 21, 33, 45, 3, 11, 22, 25, 2, 47, 5, 49, 8, 30, 55, 9, 37, 56, 39, 13, 32, 34, 52, 57, 54, 58, 53, 63, 59, 35, 14, 36, 16, 31, 51, 10, 12, 38, 23, 40, 26, 28, 41 ],
[ 8, 12, 16, 1, 23, 3, 2, 26, 30, 32, 9, 34, 38, 40, 13, 41, 4, 5, 6, 7, 14, 10, 52, 15, 11, 54, 37, 57, 27, 58, 28, 60, 29, 62, 47, 49, 35, 51, 36, 53, 59, 17, 18, 19, 20, 21, 22, 24, 25, 39, 31, 61, 33, 64, 63, 55, 42, 43, 56, 44, 48, 46, 45, 50 ]
],
[ PermutationGroup<64 |  
\[ 2, 9, 8, 7, 10, 1, 11, 12, 27, 28, 29, 30, 16, 23, 3, 26, 20, 22, 4, 25, 5, 31, 32, 6, 33, 34, 15, 55, 24, 37, 56, 57, 48, 58, 38, 40, 13, 41, 14, 52, 54, 45, 47, 17, 49, 18, 51, 19, 53, 21, 59, 60, 61, 62, 39, 50, 63, 35, 64, 42, 44, 43, 36, 46 ],
\[ 14, 23, 36, 21, 3, 39, 5, 40, 32, 8, 10, 52, 45, 13, 63, 49, 46, 6, 50, 18, 15, 1, 16, 55, 22, 53, 57, 12, 28, 60, 2, 26, 31, 61, 17, 35, 42, 20, 37, 38, 25, 62, 19, 64, 43, 24, 4, 56, 47, 27, 7, 41, 51, 33, 30, 9, 34, 44, 11, 54, 59, 48, 58, 29 ],
\[ 18, 22, 21, 43, 4, 46, 47, 5, 31, 7, 51, 10, 39, 6, 50, 14, 58, 17, 62, 35, 19, 20, 1, 64, 38, 23, 56, 11, 59, 28, 25, 2, 41, 32, 63, 15, 55, 36, 24, 3, 40, 30, 42, 34, 37, 44, 45, 54, 13, 48, 49, 8, 16, 52, 29, 33, 9, 57, 53, 12, 26, 60, 27, 61 ]:
 Order := 64 > |
[ 2, 9, 8, 7, 10, 1, 11, 12, 27, 28, 29, 30, 16, 23, 3, 26, 20, 22, 4, 25, 5, 31, 32, 6, 33, 34, 15, 55, 24, 37, 56, 57, 48, 58, 38, 40, 13, 41, 14, 52, 54, 45, 47, 17, 49, 18, 51, 19, 53, 21, 59, 60, 61, 62, 39, 50, 63, 35, 64, 42, 44, 43, 36, 46 ],
[ 63, 36, 42, 55, 37, 57, 39, 45, 40, 13, 14, 49, 44, 58, 60, 17, 56, 27, 28, 50, 30, 15, 35, 32, 21, 20, 52, 16, 23, 53, 3, 38, 5, 25, 48, 62, 61, 19, 34, 43, 4, 59, 29, 31, 64, 9, 24, 10, 46, 12, 6, 47, 18, 7, 26, 8, 41, 33, 1, 51, 22, 11, 54, 2 ],
[ 51, 59, 22, 38, 25, 47, 41, 31, 64, 33, 54, 56, 5, 7, 18, 10, 13, 49, 35, 16, 20, 53, 11, 43, 26, 28, 46, 48, 62, 50, 61, 29, 34, 55, 14, 1, 21, 23, 4, 2, 32, 15, 36, 37, 3, 45, 40, 58, 8, 17, 52, 9, 12, 57, 19, 44, 24, 39, 60, 27, 30, 63, 6, 42 ]
],
[ PermutationGroup<64 |  
\[ 2, 9, 8, 7, 10, 1, 11, 12, 27, 28, 29, 30, 16, 23, 3, 26, 20, 22, 4, 25, 5, 31, 32, 6, 33, 34, 15, 55, 24, 37, 56, 57, 48, 58, 38, 40, 13, 41, 14, 52, 54, 45, 47, 17, 49, 18, 51, 19, 53, 21, 59, 60, 61, 62, 39, 50, 63, 35, 64, 42, 44, 43, 36, 46 ],
\[ 14, 23, 36, 21, 3, 39, 5, 40, 32, 8, 10, 52, 45, 13, 63, 49, 46, 6, 50, 18, 15, 1, 16, 55, 22, 53, 57, 12, 28, 60, 2, 26, 31, 61, 17, 35, 42, 20, 37, 38, 25, 62, 19, 64, 43, 24, 4, 56, 47, 27, 7, 41, 51, 33, 30, 9, 34, 44, 11, 54, 59, 48, 58, 29 ],
\[ 18, 22, 21, 43, 4, 46, 47, 5, 31, 7, 51, 10, 39, 6, 50, 14, 58, 17, 62, 35, 19, 20, 1, 64, 38, 23, 56, 11, 59, 28, 25, 2, 41, 32, 63, 15, 55, 36, 24, 3, 40, 30, 42, 34, 37, 44, 45, 54, 13, 48, 49, 8, 16, 52, 29, 33, 9, 57, 53, 12, 26, 60, 27, 61 ]:
 Order := 64 > |
[ 2, 9, 8, 7, 10, 1, 11, 12, 27, 28, 29, 30, 16, 23, 3, 26, 20, 22, 4, 25, 5, 31, 32, 6, 33, 34, 15, 55, 24, 37, 56, 57, 48, 58, 38, 40, 13, 41, 14, 52, 54, 45, 47, 17, 49, 18, 51, 19, 53, 21, 59, 60, 61, 62, 39, 50, 63, 35, 64, 42, 44, 43, 36, 46 ],
[ 14, 23, 36, 21, 3, 39, 5, 40, 32, 8, 10, 52, 45, 13, 63, 49, 46, 6, 50, 18, 15, 1, 16, 55, 22, 53, 57, 12, 28, 60, 2, 26, 31, 61, 17, 35, 42, 20, 37, 38, 25, 62, 19, 64, 43, 24, 4, 56, 47, 27, 7, 41, 51, 33, 30, 9, 34, 44, 11, 54, 59, 48, 58, 29 ],
[ 18, 22, 21, 43, 4, 46, 47, 5, 31, 7, 51, 10, 39, 6, 50, 14, 58, 17, 62, 35, 19, 20, 1, 64, 38, 23, 56, 11, 59, 28, 25, 2, 41, 32, 63, 15, 55, 36, 24, 3, 40, 30, 42, 34, 37, 44, 45, 54, 13, 48, 49, 8, 16, 52, 29, 33, 9, 57, 53, 12, 26, 60, 27, 61 ]
],
[ PermutationGroup<64 |  
\[ 2, 9, 8, 7, 10, 1, 11, 12, 27, 28, 29, 30, 16, 23, 3, 26, 20, 22, 4, 25, 5, 31, 32, 6, 33, 34, 15, 55, 24, 37, 56, 57, 48, 58, 38, 40, 13, 41, 14, 52, 54, 45, 47, 17, 49, 18, 51, 19, 53, 21, 59, 60, 61, 62, 39, 50, 63, 35, 64, 42, 44, 43, 36, 46 ],
\[ 14, 23, 36, 21, 3, 39, 5, 40, 32, 8, 10, 52, 45, 13, 63, 49, 46, 6, 50, 18, 15, 1, 16, 55, 22, 53, 57, 12, 28, 60, 2, 26, 31, 61, 17, 35, 42, 20, 37, 38, 25, 62, 19, 64, 43, 24, 4, 56, 47, 27, 7, 41, 51, 33, 30, 9, 34, 44, 11, 54, 59, 48, 58, 29 ],
\[ 18, 22, 21, 43, 4, 46, 47, 5, 31, 7, 51, 10, 39, 6, 50, 14, 58, 17, 62, 35, 19, 20, 1, 64, 38, 23, 56, 11, 59, 28, 25, 2, 41, 32, 63, 15, 55, 36, 24, 3, 40, 30, 42, 34, 37, 44, 45, 54, 13, 48, 49, 8, 16, 52, 29, 33, 9, 57, 53, 12, 26, 60, 27, 61 ]:
 Order := 64 > |
[ 2, 9, 8, 7, 10, 1, 11, 12, 27, 28, 29, 30, 16, 23, 3, 26, 20, 22, 4, 25, 5, 31, 32, 6, 33, 34, 15, 55, 24, 37, 56, 57, 48, 58, 38, 40, 13, 41, 14, 52, 54, 45, 47, 17, 49, 18, 51, 19, 53, 21, 59, 60, 61, 62, 39, 50, 63, 35, 64, 42, 44, 43, 36, 46 ],
[ 47, 51, 18, 35, 20, 43, 38, 22, 59, 25, 41, 31, 21, 4, 46, 5, 37, 45, 58, 13, 17, 49, 7, 62, 16, 10, 64, 33, 54, 56, 53, 11, 26, 28, 39, 6, 50, 14, 19, 1, 23, 27, 63, 30, 15, 42, 36, 34, 3, 44, 40, 2, 8, 32, 48, 61, 29, 55, 52, 9, 12, 57, 24, 60 ],
[ 36, 40, 45, 39, 13, 63, 14, 49, 52, 16, 23, 53, 17, 35, 42, 20, 50, 15, 55, 21, 37, 3, 38, 57, 5, 25, 60, 26, 32, 61, 8, 41, 10, 33, 19, 43, 44, 4, 58, 47, 7, 64, 24, 56, 46, 27, 6, 28, 18, 30, 1, 51, 22, 11, 34, 12, 54, 48, 2, 59, 31, 29, 62, 9 ]
],
[ PermutationGroup<64 |  
\[ 2, 9, 8, 7, 10, 1, 11, 12, 27, 28, 29, 30, 16, 23, 3, 26, 20, 22, 4, 25, 5, 31, 32, 6, 33, 34, 15, 55, 24, 37, 56, 57, 48, 58, 38, 40, 13, 41, 14, 52, 54, 45, 47, 17, 49, 18, 51, 19, 53, 21, 59, 60, 61, 62, 39, 50, 63, 35, 64, 42, 44, 43, 36, 46 ],
\[ 14, 23, 36, 21, 3, 39, 5, 40, 32, 8, 10, 52, 45, 13, 63, 49, 46, 6, 50, 18, 15, 1, 16, 55, 22, 53, 57, 12, 28, 60, 2, 26, 31, 61, 17, 35, 42, 20, 37, 38, 25, 62, 19, 64, 43, 24, 4, 56, 47, 27, 7, 41, 51, 33, 30, 9, 34, 44, 11, 54, 59, 48, 58, 29 ],
\[ 18, 22, 21, 43, 4, 46, 47, 5, 31, 7, 51, 10, 39, 6, 50, 14, 58, 17, 62, 35, 19, 20, 1, 64, 38, 23, 56, 11, 59, 28, 25, 2, 41, 32, 63, 15, 55, 36, 24, 3, 40, 30, 42, 34, 37, 44, 45, 54, 13, 48, 49, 8, 16, 52, 29, 33, 9, 57, 53, 12, 26, 60, 27, 61 ]:
 Order := 64 > |
[ 2, 9, 8, 7, 10, 1, 11, 12, 27, 28, 29, 30, 16, 23, 3, 26, 20, 22, 4, 25, 5, 31, 32, 6, 33, 34, 15, 55, 24, 37, 56, 57, 48, 58, 38, 40, 13, 41, 14, 52, 54, 45, 47, 17, 49, 18, 51, 19, 53, 21, 59, 60, 61, 62, 39, 50, 63, 35, 64, 42, 44, 43, 36, 46 ],
[ 53, 61, 25, 40, 41, 49, 52, 33, 44, 54, 60, 48, 7, 51, 20, 11, 14, 16, 36, 23, 38, 26, 59, 45, 32, 29, 17, 62, 42, 19, 34, 64, 57, 24, 1, 22, 4, 2, 47, 31, 9, 21, 3, 39, 5, 13, 8, 63, 10, 35, 12, 56, 28, 27, 43, 58, 46, 6, 30, 50, 55, 15, 18, 37 ],
[ 58, 35, 62, 30, 42, 34, 37, 43, 38, 45, 13, 47, 64, 44, 54, 46, 9, 57, 12, 27, 60, 63, 17, 26, 15, 18, 41, 49, 16, 51, 36, 20, 3, 22, 56, 48, 59, 50, 61, 19, 21, 11, 28, 2, 29, 32, 55, 8, 24, 52, 39, 4, 6, 5, 53, 40, 25, 31, 14, 7, 1, 10, 33, 23 ]
],
[ PermutationGroup<64 |  
\[ 2, 9, 8, 7, 10, 1, 11, 12, 27, 28, 29, 30, 16, 23, 3, 26, 20, 22, 4, 25, 5, 31, 32, 6, 33, 34, 15, 55, 24, 37, 56, 57, 48, 58, 38, 40, 13, 41, 14, 52, 54, 45, 47, 17, 49, 18, 51, 19, 53, 21, 59, 60, 61, 62, 39, 50, 63, 35, 64, 42, 44, 43, 36, 46 ],
\[ 14, 23, 36, 21, 3, 39, 5, 40, 32, 8, 10, 52, 45, 13, 63, 49, 46, 6, 50, 18, 15, 1, 16, 55, 22, 53, 57, 12, 28, 60, 2, 26, 31, 61, 17, 35, 42, 20, 37, 38, 25, 62, 19, 64, 43, 24, 4, 56, 47, 27, 7, 41, 51, 33, 30, 9, 34, 44, 11, 54, 59, 48, 58, 29 ],
\[ 18, 22, 21, 43, 4, 46, 47, 5, 31, 7, 51, 10, 39, 6, 50, 14, 58, 17, 62, 35, 19, 20, 1, 64, 38, 23, 56, 11, 59, 28, 25, 2, 41, 32, 63, 15, 55, 36, 24, 3, 40, 30, 42, 34, 37, 44, 45, 54, 13, 48, 49, 8, 16, 52, 29, 33, 9, 57, 53, 12, 26, 60, 27, 61 ]:
 Order := 64 > |
[ 2, 9, 8, 7, 10, 1, 11, 12, 27, 28, 29, 30, 16, 23, 3, 26, 20, 22, 4, 25, 5, 31, 32, 6, 33, 34, 15, 55, 24, 37, 56, 57, 48, 58, 38, 40, 13, 41, 14, 52, 54, 45, 47, 17, 49, 18, 51, 19, 53, 21, 59, 60, 61, 62, 39, 50, 63, 35, 64, 42, 44, 43, 36, 46 ],
[ 10, 28, 23, 22, 2, 5, 31, 32, 55, 9, 56, 57, 40, 8, 14, 52, 47, 7, 18, 51, 1, 11, 12, 21, 59, 60, 39, 27, 50, 63, 29, 30, 64, 42, 49, 16, 36, 53, 3, 26, 61, 35, 20, 43, 38, 4, 25, 46, 41, 6, 33, 34, 54, 44, 15, 24, 37, 45, 48, 58, 62, 17, 13, 19 ],
[ 50, 21, 55, 64, 24, 56, 46, 39, 5, 6, 18, 14, 57, 27, 28, 63, 54, 48, 59, 62, 29, 19, 15, 31, 43, 36, 10, 1, 22, 23, 4, 3, 47, 40, 60, 30, 32, 42, 9, 37, 45, 26, 61, 41, 34, 33, 44, 51, 58, 11, 17, 13, 35, 49, 2, 7, 8, 52, 20, 16, 38, 53, 12, 25 ]
],
[ PermutationGroup<64 |  
\[ 2, 9, 8, 7, 10, 1, 11, 12, 27, 28, 29, 30, 16, 23, 3, 26, 20, 22, 4, 25, 5, 31, 32, 6, 33, 34, 15, 55, 24, 37, 56, 57, 48, 58, 38, 40, 13, 41, 14, 52, 54, 45, 47, 17, 49, 18, 51, 19, 53, 21, 59, 60, 61, 62, 39, 50, 63, 35, 64, 42, 44, 43, 36, 46 ],
\[ 14, 23, 36, 21, 3, 39, 5, 40, 32, 8, 10, 52, 45, 13, 63, 49, 46, 6, 50, 18, 15, 1, 16, 55, 22, 53, 57, 12, 28, 60, 2, 26, 31, 61, 17, 35, 42, 20, 37, 38, 25, 62, 19, 64, 43, 24, 4, 56, 47, 27, 7, 41, 51, 33, 30, 9, 34, 44, 11, 54, 59, 48, 58, 29 ],
\[ 18, 22, 21, 43, 4, 46, 47, 5, 31, 7, 51, 10, 39, 6, 50, 14, 58, 17, 62, 35, 19, 20, 1, 64, 38, 23, 56, 11, 59, 28, 25, 2, 41, 32, 63, 15, 55, 36, 24, 3, 40, 30, 42, 34, 37, 44, 45, 54, 13, 48, 49, 8, 16, 52, 29, 33, 9, 57, 53, 12, 26, 60, 27, 61 ]:
 Order := 64 > |
[ 2, 9, 8, 7, 10, 1, 11, 12, 27, 28, 29, 30, 16, 23, 3, 26, 20, 22, 4, 25, 5, 31, 32, 6, 33, 34, 15, 55, 24, 37, 56, 57, 48, 58, 38, 40, 13, 41, 14, 52, 54, 45, 47, 17, 49, 18, 51, 19, 53, 21, 59, 60, 61, 62, 39, 50, 63, 35, 64, 42, 44, 43, 36, 46 ],
[ 41, 54, 51, 16, 53, 38, 26, 59, 62, 61, 34, 64, 22, 25, 47, 31, 3, 40, 13, 8, 49, 52, 33, 35, 12, 56, 43, 44, 58, 46, 60, 48, 30, 50, 5, 7, 18, 10, 20, 11, 28, 6, 14, 15, 1, 36, 23, 37, 2, 45, 32, 29, 9, 55, 17, 42, 19, 21, 57, 24, 27, 39, 4, 63 ],
[ 42, 45, 44, 57, 58, 60, 63, 17, 49, 35, 36, 20, 48, 62, 61, 19, 28, 30, 32, 55, 34, 37, 43, 52, 39, 4, 53, 38, 40, 25, 13, 47, 14, 7, 29, 64, 33, 24, 54, 46, 6, 31, 9, 10, 56, 12, 27, 23, 50, 26, 15, 18, 21, 1, 41, 16, 51, 11, 3, 22, 5, 2, 59, 8 ]
],
[ PermutationGroup<64 |  
\[ 2, 9, 8, 7, 10, 1, 11, 12, 27, 28, 29, 30, 16, 23, 3, 26, 20, 22, 4, 25, 5, 31, 32, 6, 33, 34, 15, 55, 24, 37, 56, 57, 48, 58, 38, 40, 13, 41, 14, 52, 54, 45, 47, 17, 49, 18, 51, 19, 53, 21, 59, 60, 61, 62, 39, 50, 63, 35, 64, 42, 44, 43, 36, 46 ],
\[ 14, 23, 36, 21, 3, 39, 5, 40, 32, 8, 10, 52, 45, 13, 63, 49, 46, 6, 50, 18, 15, 1, 16, 55, 22, 53, 57, 12, 28, 60, 2, 26, 31, 61, 17, 35, 42, 20, 37, 38, 25, 62, 19, 64, 43, 24, 4, 56, 47, 27, 7, 41, 51, 33, 30, 9, 34, 44, 11, 54, 59, 48, 58, 29 ],
\[ 18, 22, 21, 43, 4, 46, 47, 5, 31, 7, 51, 10, 39, 6, 50, 14, 58, 17, 62, 35, 19, 20, 1, 64, 38, 23, 56, 11, 59, 28, 25, 2, 41, 32, 63, 15, 55, 36, 24, 3, 40, 30, 42, 34, 37, 44, 45, 54, 13, 48, 49, 8, 16, 52, 29, 33, 9, 57, 53, 12, 26, 60, 27, 61 ]:
 Order := 64 > |
[ 2, 9, 8, 7, 10, 1, 11, 12, 27, 28, 29, 30, 16, 23, 3, 26, 20, 22, 4, 25, 5, 31, 32, 6, 33, 34, 15, 55, 24, 37, 56, 57, 48, 58, 38, 40, 13, 41, 14, 52, 54, 45, 47, 17, 49, 18, 51, 19, 53, 21, 59, 60, 61, 62, 39, 50, 63, 35, 64, 42, 44, 43, 36, 46 ],
[ 29, 24, 9, 33, 56, 11, 48, 27, 6, 50, 19, 15, 12, 28, 2, 30, 53, 59, 25, 61, 31, 64, 55, 7, 44, 37, 1, 21, 4, 3, 46, 39, 17, 13, 26, 32, 8, 34, 10, 57, 58, 40, 41, 49, 52, 51, 54, 20, 60, 22, 62, 63, 42, 35, 5, 18, 14, 16, 43, 36, 45, 38, 23, 47 ],
[ 9, 27, 12, 11, 28, 2, 29, 30, 15, 55, 24, 37, 26, 32, 8, 34, 25, 31, 7, 33, 10, 56, 57, 1, 48, 58, 3, 39, 6, 13, 50, 63, 19, 35, 41, 52, 16, 54, 23, 60, 62, 49, 51, 20, 53, 22, 59, 4, 61, 5, 64, 42, 44, 43, 14, 21, 36, 38, 46, 45, 17, 47, 40, 18 ]
],
[ PermutationGroup<64 |  
\[ 2, 9, 8, 7, 10, 1, 11, 12, 27, 28, 29, 30, 16, 23, 3, 26, 20, 22, 4, 25, 5, 31, 32, 6, 33, 34, 15, 55, 24, 37, 56, 57, 48, 58, 38, 40, 13, 41, 14, 52, 54, 45, 47, 17, 49, 18, 51, 19, 53, 21, 59, 60, 61, 62, 39, 50, 63, 35, 64, 42, 44, 43, 36, 46 ],
\[ 14, 23, 36, 21, 3, 39, 5, 40, 32, 8, 10, 52, 45, 13, 63, 49, 46, 6, 50, 18, 15, 1, 16, 55, 22, 53, 57, 12, 28, 60, 2, 26, 31, 61, 17, 35, 42, 20, 37, 38, 25, 62, 19, 64, 43, 24, 4, 56, 47, 27, 7, 41, 51, 33, 30, 9, 34, 44, 11, 54, 59, 48, 58, 29 ],
\[ 18, 22, 21, 43, 4, 46, 47, 5, 31, 7, 51, 10, 39, 6, 50, 14, 58, 17, 62, 35, 19, 20, 1, 64, 38, 23, 56, 11, 59, 28, 25, 2, 41, 32, 63, 15, 55, 36, 24, 3, 40, 30, 42, 34, 37, 44, 45, 54, 13, 48, 49, 8, 16, 52, 29, 33, 9, 57, 53, 12, 26, 60, 27, 61 ]:
 Order := 64 > |
[ 2, 9, 8, 7, 10, 1, 11, 12, 27, 28, 29, 30, 16, 23, 3, 26, 20, 22, 4, 25, 5, 31, 32, 6, 33, 34, 15, 55, 24, 37, 56, 57, 48, 58, 38, 40, 13, 41, 14, 52, 54, 45, 47, 17, 49, 18, 51, 19, 53, 21, 59, 60, 61, 62, 39, 50, 63, 35, 64, 42, 44, 43, 36, 46 ],
[ 60, 42, 61, 32, 34, 52, 57, 44, 45, 58, 63, 17, 33, 54, 53, 48, 10, 12, 23, 28, 26, 30, 62, 40, 55, 19, 49, 35, 36, 20, 37, 43, 39, 4, 11, 59, 25, 29, 41, 64, 24, 22, 2, 5, 31, 8, 9, 14, 56, 16, 27, 46, 50, 6, 38, 13, 47, 7, 15, 18, 21, 1, 51, 3 ],
[ 54, 62, 59, 26, 61, 41, 34, 64, 43, 44, 58, 46, 31, 33, 51, 56, 8, 52, 16, 12, 53, 60, 48, 38, 30, 50, 47, 17, 35, 18, 42, 19, 37, 21, 10, 11, 22, 28, 25, 29, 55, 1, 23, 3, 2, 40, 32, 13, 9, 49, 57, 24, 27, 39, 20, 45, 4, 5, 63, 6, 15, 14, 7, 36 ]
],
[ PermutationGroup<64 |  
\[ 2, 9, 8, 7, 10, 1, 11, 12, 27, 28, 29, 30, 16, 23, 3, 26, 20, 22, 4, 25, 5, 31, 32, 6, 33, 34, 15, 55, 24, 37, 56, 57, 48, 58, 38, 40, 13, 41, 14, 52, 54, 45, 47, 17, 49, 18, 51, 19, 53, 21, 59, 60, 61, 62, 39, 50, 63, 35, 64, 42, 44, 43, 36, 46 ],
\[ 14, 23, 36, 21, 3, 39, 5, 40, 32, 8, 10, 52, 45, 13, 63, 49, 46, 6, 50, 18, 15, 1, 16, 55, 22, 53, 57, 12, 28, 60, 2, 26, 31, 61, 17, 35, 42, 20, 37, 38, 25, 62, 19, 64, 43, 24, 4, 56, 47, 27, 7, 41, 51, 33, 30, 9, 34, 44, 11, 54, 59, 48, 58, 29 ],
\[ 18, 22, 21, 43, 4, 46, 47, 5, 31, 7, 51, 10, 39, 6, 50, 14, 58, 17, 62, 35, 19, 20, 1, 64, 38, 23, 56, 11, 59, 28, 25, 2, 41, 32, 63, 15, 55, 36, 24, 3, 40, 30, 42, 34, 37, 44, 45, 54, 13, 48, 49, 8, 16, 52, 29, 33, 9, 57, 53, 12, 26, 60, 27, 61 ]:
 Order := 64 > |
[ 2, 9, 8, 7, 10, 1, 11, 12, 27, 28, 29, 30, 16, 23, 3, 26, 20, 22, 4, 25, 5, 31, 32, 6, 33, 34, 15, 55, 24, 37, 56, 57, 48, 58, 38, 40, 13, 41, 14, 52, 54, 45, 47, 17, 49, 18, 51, 19, 53, 21, 59, 60, 61, 62, 39, 50, 63, 35, 64, 42, 44, 43, 36, 46 ],
[ 56, 50, 28, 59, 29, 31, 64, 55, 21, 24, 46, 39, 32, 9, 10, 57, 41, 33, 51, 54, 11, 48, 27, 22, 62, 63, 5, 6, 18, 14, 19, 15, 43, 36, 52, 12, 23, 60, 2, 30, 42, 16, 53, 38, 26, 25, 61, 47, 34, 7, 44, 37, 58, 45, 1, 4, 3, 40, 17, 13, 35, 49, 8, 20 ],
[ 28, 55, 32, 31, 9, 10, 56, 57, 39, 27, 50, 63, 52, 12, 23, 60, 51, 11, 22, 59, 2, 29, 30, 5, 64, 42, 14, 15, 21, 36, 24, 37, 46, 45, 53, 26, 40, 61, 8, 34, 44, 38, 25, 47, 41, 7, 33, 18, 54, 1, 48, 58, 62, 17, 3, 6, 13, 49, 19, 35, 43, 20, 16, 4 ]
],
[ PermutationGroup<64 |  
\[ 2, 9, 8, 7, 10, 1, 11, 12, 27, 28, 29, 30, 16, 23, 3, 26, 20, 22, 4, 25, 5, 31, 32, 6, 33, 34, 15, 55, 24, 37, 56, 57, 48, 58, 38, 40, 13, 41, 14, 52, 54, 45, 47, 17, 49, 18, 51, 19, 53, 21, 59, 60, 61, 62, 39, 50, 63, 35, 64, 42, 44, 43, 36, 46 ],
\[ 14, 23, 36, 21, 3, 39, 5, 40, 32, 8, 10, 52, 45, 13, 63, 49, 46, 6, 50, 18, 15, 1, 16, 55, 22, 53, 57, 12, 28, 60, 2, 26, 31, 61, 17, 35, 42, 20, 37, 38, 25, 62, 19, 64, 43, 24, 4, 56, 47, 27, 7, 41, 51, 33, 30, 9, 34, 44, 11, 54, 59, 48, 58, 29 ],
\[ 18, 22, 21, 43, 4, 46, 47, 5, 31, 7, 51, 10, 39, 6, 50, 14, 58, 17, 62, 35, 19, 20, 1, 64, 38, 23, 56, 11, 59, 28, 25, 2, 41, 32, 63, 15, 55, 36, 24, 3, 40, 30, 42, 34, 37, 44, 45, 54, 13, 48, 49, 8, 16, 52, 29, 33, 9, 57, 53, 12, 26, 60, 27, 61 ]:
 Order := 64 > |
[ 2, 9, 8, 7, 10, 1, 11, 12, 27, 28, 29, 30, 16, 23, 3, 26, 20, 22, 4, 25, 5, 31, 32, 6, 33, 34, 15, 55, 24, 37, 56, 57, 48, 58, 38, 40, 13, 41, 14, 52, 54, 45, 47, 17, 49, 18, 51, 19, 53, 21, 59, 60, 61, 62, 39, 50, 63, 35, 64, 42, 44, 43, 36, 46 ],
[ 46, 18, 50, 62, 19, 64, 43, 21, 22, 4, 47, 5, 55, 24, 56, 39, 34, 44, 54, 58, 48, 17, 6, 59, 35, 14, 31, 7, 51, 10, 20, 1, 38, 23, 57, 27, 28, 63, 29, 15, 36, 12, 60, 26, 30, 61, 42, 41, 37, 33, 45, 3, 13, 40, 11, 25, 2, 32, 49, 8, 16, 52, 9, 53 ],
[ 23, 32, 40, 5, 8, 14, 10, 52, 57, 12, 28, 60, 49, 16, 36, 53, 18, 1, 21, 22, 3, 2, 26, 39, 31, 61, 63, 30, 55, 42, 9, 34, 56, 44, 20, 38, 45, 25, 13, 41, 33, 43, 4, 46, 47, 6, 7, 50, 51, 15, 11, 54, 59, 48, 37, 27, 58, 17, 29, 62, 64, 19, 35, 24 ]
],
[ PermutationGroup<64 |  
\[ 2, 9, 8, 7, 10, 1, 11, 12, 27, 28, 29, 30, 16, 23, 3, 26, 20, 22, 4, 25, 5, 31, 32, 6, 33, 34, 15, 55, 24, 37, 56, 57, 48, 58, 38, 40, 13, 41, 14, 52, 54, 45, 47, 17, 49, 18, 51, 19, 53, 21, 59, 60, 61, 62, 39, 50, 63, 35, 64, 42, 44, 43, 36, 46 ],
\[ 14, 23, 36, 21, 3, 39, 5, 40, 32, 8, 10, 52, 45, 13, 63, 49, 46, 6, 50, 18, 15, 1, 16, 55, 22, 53, 57, 12, 28, 60, 2, 26, 31, 61, 17, 35, 42, 20, 37, 38, 25, 62, 19, 64, 43, 24, 4, 56, 47, 27, 7, 41, 51, 33, 30, 9, 34, 44, 11, 54, 59, 48, 58, 29 ],
\[ 18, 22, 21, 43, 4, 46, 47, 5, 31, 7, 51, 10, 39, 6, 50, 14, 58, 17, 62, 35, 19, 20, 1, 64, 38, 23, 56, 11, 59, 28, 25, 2, 41, 32, 63, 15, 55, 36, 24, 3, 40, 30, 42, 34, 37, 44, 45, 54, 13, 48, 49, 8, 16, 52, 29, 33, 9, 57, 53, 12, 26, 60, 27, 61 ]:
 Order := 64 > |
[ 2, 9, 8, 7, 10, 1, 11, 12, 27, 28, 29, 30, 16, 23, 3, 26, 20, 22, 4, 25, 5, 31, 32, 6, 33, 34, 15, 55, 24, 37, 56, 57, 48, 58, 38, 40, 13, 41, 14, 52, 54, 45, 47, 17, 49, 18, 51, 19, 53, 21, 59, 60, 61, 62, 39, 50, 63, 35, 64, 42, 44, 43, 36, 46 ],
[ 37, 13, 58, 27, 63, 30, 15, 35, 16, 36, 3, 38, 62, 42, 34, 43, 29, 55, 9, 24, 57, 39, 45, 12, 6, 47, 26, 40, 8, 41, 14, 49, 1, 51, 64, 44, 54, 46, 60, 17, 18, 33, 56, 11, 48, 28, 50, 2, 19, 32, 21, 20, 4, 22, 52, 23, 53, 59, 5, 25, 7, 31, 61, 10 ],
[ 25, 33, 7, 49, 51, 20, 53, 11, 48, 59, 61, 29, 1, 22, 4, 2, 36, 38, 45, 40, 47, 41, 31, 17, 52, 9, 19, 64, 44, 24, 54, 56, 60, 27, 3, 5, 6, 8, 18, 10, 12, 39, 13, 63, 14, 35, 16, 42, 23, 43, 26, 28, 32, 30, 46, 62, 50, 15, 34, 55, 57, 37, 21, 58 ]
],
[ PermutationGroup<64 |  
\[ 2, 9, 8, 7, 10, 1, 11, 12, 27, 28, 29, 30, 16, 23, 3, 26, 20, 22, 4, 25, 5, 31, 32, 6, 33, 34, 15, 55, 24, 37, 56, 57, 48, 58, 38, 40, 13, 41, 14, 52, 54, 45, 47, 17, 49, 18, 51, 19, 53, 21, 59, 60, 61, 62, 39, 50, 63, 35, 64, 42, 44, 43, 36, 46 ],
\[ 14, 23, 36, 21, 3, 39, 5, 40, 32, 8, 10, 52, 45, 13, 63, 49, 46, 6, 50, 18, 15, 1, 16, 55, 22, 53, 57, 12, 28, 60, 2, 26, 31, 61, 17, 35, 42, 20, 37, 38, 25, 62, 19, 64, 43, 24, 4, 56, 47, 27, 7, 41, 51, 33, 30, 9, 34, 44, 11, 54, 59, 48, 58, 29 ],
\[ 18, 22, 21, 43, 4, 46, 47, 5, 31, 7, 51, 10, 39, 6, 50, 14, 58, 17, 62, 35, 19, 20, 1, 64, 38, 23, 56, 11, 59, 28, 25, 2, 41, 32, 63, 15, 55, 36, 24, 3, 40, 30, 42, 34, 37, 44, 45, 54, 13, 48, 49, 8, 16, 52, 29, 33, 9, 57, 53, 12, 26, 60, 27, 61 ]:
 Order := 64 > |
[ 2, 9, 8, 7, 10, 1, 11, 12, 27, 28, 29, 30, 16, 23, 3, 26, 20, 22, 4, 25, 5, 31, 32, 6, 33, 34, 15, 55, 24, 37, 56, 57, 48, 58, 38, 40, 13, 41, 14, 52, 54, 45, 47, 17, 49, 18, 51, 19, 53, 21, 59, 60, 61, 62, 39, 50, 63, 35, 64, 42, 44, 43, 36, 46 ],
[ 3, 8, 13, 6, 14, 15, 1, 16, 12, 23, 2, 26, 35, 36, 37, 38, 19, 21, 24, 4, 39, 5, 40, 27, 7, 41, 30, 32, 9, 34, 10, 52, 11, 54, 43, 45, 58, 47, 63, 49, 51, 44, 46, 48, 17, 50, 18, 29, 20, 55, 22, 53, 25, 59, 57, 28, 60, 62, 31, 61, 33, 64, 42, 56 ],
[ 4, 7, 6, 17, 18, 19, 20, 1, 11, 22, 25, 2, 15, 21, 24, 3, 42, 43, 44, 45, 46, 47, 5, 48, 49, 8, 29, 31, 33, 9, 51, 10, 53, 12, 37, 39, 27, 13, 50, 14, 16, 57, 58, 60, 63, 62, 35, 61, 36, 64, 38, 23, 40, 26, 56, 59, 28, 30, 41, 32, 52, 34, 55, 54 ]
],
[ PermutationGroup<64 |  
\[ 2, 9, 8, 7, 10, 1, 11, 12, 27, 28, 29, 30, 16, 23, 3, 26, 20, 22, 4, 25, 5, 31, 32, 6, 33, 34, 15, 55, 24, 37, 56, 57, 48, 58, 38, 40, 13, 41, 14, 52, 54, 45, 47, 17, 49, 18, 51, 19, 53, 21, 59, 60, 61, 62, 39, 50, 63, 35, 64, 42, 44, 43, 36, 46 ],
\[ 14, 23, 36, 21, 3, 39, 5, 40, 32, 8, 10, 52, 45, 13, 63, 49, 46, 6, 50, 18, 15, 1, 16, 55, 22, 53, 57, 12, 28, 60, 2, 26, 31, 61, 17, 35, 42, 20, 37, 38, 25, 62, 19, 64, 43, 24, 4, 56, 47, 27, 7, 41, 51, 33, 30, 9, 34, 44, 11, 54, 59, 48, 58, 29 ],
\[ 18, 22, 21, 43, 4, 46, 47, 5, 31, 7, 51, 10, 39, 6, 50, 14, 58, 17, 62, 35, 19, 20, 1, 64, 38, 23, 56, 11, 59, 28, 25, 2, 41, 32, 63, 15, 55, 36, 24, 3, 40, 30, 42, 34, 37, 44, 45, 54, 13, 48, 49, 8, 16, 52, 29, 33, 9, 57, 53, 12, 26, 60, 27, 61 ]:
 Order := 64 > |
[ 2, 9, 8, 7, 10, 1, 11, 12, 27, 28, 29, 30, 16, 23, 3, 26, 20, 22, 4, 25, 5, 31, 32, 6, 33, 34, 15, 55, 24, 37, 56, 57, 48, 58, 38, 40, 13, 41, 14, 52, 54, 45, 47, 17, 49, 18, 51, 19, 53, 21, 59, 60, 61, 62, 39, 50, 63, 35, 64, 42, 44, 43, 36, 46 ],
[ 20, 25, 4, 45, 47, 17, 49, 7, 33, 51, 53, 11, 6, 18, 19, 1, 63, 35, 42, 36, 43, 38, 22, 44, 40, 2, 48, 59, 61, 29, 41, 31, 52, 9, 15, 21, 24, 3, 46, 5, 8, 55, 37, 57, 39, 58, 13, 60, 14, 62, 16, 10, 23, 12, 64, 54, 56, 27, 26, 28, 32, 30, 50, 34 ],
[ 13, 16, 35, 15, 36, 37, 3, 38, 26, 40, 8, 41, 43, 45, 58, 47, 24, 39, 27, 6, 63, 14, 49, 30, 1, 51, 34, 52, 12, 54, 23, 53, 2, 59, 46, 17, 62, 18, 42, 20, 22, 48, 50, 29, 19, 55, 21, 9, 4, 57, 5, 25, 7, 31, 60, 32, 61, 64, 10, 33, 11, 56, 44, 28 ]
]
];
s`SolvableDBPointedPassport := [ PowerSequence(PermutationGroup<64 |  
\[ 2, 3, 4, 5, 6, 7, 8, 9, 10, 11, 12, 13, 14, 15, 16, 17, 18, 19, 20, 21, 22, 23, 24, 25, 26, 27, 28, 29, 30, 31, 32, 33, 34, 35, 36, 37, 38, 39, 40, 41, 42, 43, 44, 45, 46, 47, 48, 49, 50, 51, 52, 53, 54, 55, 56, 57, 58, 59, 60, 61, 62, 63, 64, 1 ],
\[ 2, 1, 3, 4, 5, 6, 7, 8, 9, 10, 11, 12, 13, 14, 15, 16, 17, 18, 19, 20, 21, 22, 23, 24, 25, 26, 27, 28, 29, 30, 31, 32, 33, 34, 35, 36, 37, 38, 39, 40, 41, 42, 43, 44, 45, 46, 47, 48, 49, 50, 51, 52, 53, 54, 55, 56, 57, 58, 59, 60, 61, 62, 63, 64 ]:
 Order := 126886932185884164103433389335161480802865516174545192198801894375214704230400000000000000 >) |
[ PermutationGroup<64 |  
\[ 2, 3, 4, 5, 6, 7, 8, 9, 10, 11, 12, 13, 14, 15, 16, 17, 18, 19, 20, 21, 22, 23, 24, 25, 26, 27, 28, 29, 30, 31, 32, 33, 34, 35, 36, 37, 38, 39, 40, 41, 42, 43, 44, 45, 46, 47, 48, 49, 50, 51, 52, 53, 54, 55, 56, 57, 58, 59, 60, 61, 62, 63, 64, 1 ],
\[ 2, 1, 3, 4, 5, 6, 7, 8, 9, 10, 11, 12, 13, 14, 15, 16, 17, 18, 19, 20, 21, 22, 23, 24, 25, 26, 27, 28, 29, 30, 31, 32, 33, 34, 35, 36, 37, 38, 39, 40, 41, 42, 43, 44, 45, 46, 47, 48, 49, 50, 51, 52, 53, 54, 55, 56, 57, 58, 59, 60, 61, 62, 63, 64 ]:
 Order := 126886932185884164103433389335161480802865516174545192198801894375214704230400000000000000 > |
[ 2, 9, 8, 7, 10, 1, 11, 12, 27, 28, 29, 30, 16, 23, 3, 26, 20, 22, 4, 25, 5, 31, 32, 6, 33, 34, 15, 55, 24, 37, 56, 57, 48, 58, 38, 40, 13, 41, 14, 52, 54, 45, 47, 17, 49, 18, 51, 19, 53, 21, 59, 60, 61, 62, 39, 50, 63, 35, 64, 42, 44, 43, 36, 46 ],
[ 2, 9, 8, 7, 10, 1, 11, 12, 27, 28, 29, 30, 16, 23, 3, 26, 20, 22, 4, 25, 5, 31, 32, 6, 33, 34, 15, 55, 24, 37, 56, 57, 48, 58, 38, 40, 13, 41, 14, 52, 54, 45, 47, 17, 49, 18, 51, 19, 53, 21, 59, 60, 61, 62, 39, 50, 63, 35, 64, 42, 44, 43, 36, 46 ],
[ 24, 6, 27, 48, 50, 29, 19, 15, 1, 21, 4, 3, 30, 55, 9, 37, 61, 64, 33, 44, 56, 46, 39, 11, 17, 13, 2, 5, 7, 8, 18, 14, 20, 16, 34, 57, 12, 58, 28, 63, 35, 52, 54, 53, 60, 59, 62, 25, 42, 31, 43, 36, 45, 38, 10, 22, 23, 26, 47, 40, 49, 41, 32, 51 ]
],
[ PermutationGroup<64 |  
\[ 2, 3, 4, 5, 6, 7, 8, 9, 10, 11, 12, 13, 14, 15, 16, 17, 18, 19, 20, 21, 22, 23, 24, 25, 26, 27, 28, 29, 30, 31, 32, 33, 34, 35, 36, 37, 38, 39, 40, 41, 42, 43, 44, 45, 46, 47, 48, 49, 50, 51, 52, 53, 54, 55, 56, 57, 58, 59, 60, 61, 62, 63, 64, 1 ],
\[ 2, 1, 3, 4, 5, 6, 7, 8, 9, 10, 11, 12, 13, 14, 15, 16, 17, 18, 19, 20, 21, 22, 23, 24, 25, 26, 27, 28, 29, 30, 31, 32, 33, 34, 35, 36, 37, 38, 39, 40, 41, 42, 43, 44, 45, 46, 47, 48, 49, 50, 51, 52, 53, 54, 55, 56, 57, 58, 59, 60, 61, 62, 63, 64 ]:
 Order := 126886932185884164103433389335161480802865516174545192198801894375214704230400000000000000 > |
[ 2, 9, 8, 7, 10, 1, 11, 12, 27, 28, 29, 30, 16, 23, 3, 26, 20, 22, 4, 25, 5, 31, 32, 6, 33, 34, 15, 55, 24, 37, 56, 57, 48, 58, 38, 40, 13, 41, 14, 52, 54, 45, 47, 17, 49, 18, 51, 19, 53, 21, 59, 60, 61, 62, 39, 50, 63, 35, 64, 42, 44, 43, 36, 46 ],
[ 34, 58, 54, 12, 60, 26, 30, 62, 35, 42, 37, 43, 59, 61, 41, 64, 2, 32, 8, 9, 52, 57, 44, 16, 27, 46, 38, 45, 13, 47, 63, 17, 15, 18, 31, 33, 51, 56, 53, 48, 50, 7, 10, 1, 11, 23, 28, 3, 29, 40, 55, 19, 24, 21, 49, 36, 20, 22, 39, 4, 6, 5, 25, 14 ],
[ 61, 44, 33, 52, 54, 53, 60, 48, 17, 62, 42, 19, 11, 59, 25, 29, 23, 26, 40, 32, 41, 34, 64, 49, 57, 24, 20, 43, 45, 4, 58, 46, 63, 6, 2, 31, 7, 9, 51, 56, 27, 5, 8, 14, 10, 16, 12, 36, 28, 38, 30, 50, 55, 15, 47, 35, 18, 1, 37, 21, 39, 3, 22, 13 ]
],
[ PermutationGroup<64 |  
\[ 2, 3, 4, 5, 6, 7, 8, 9, 10, 11, 12, 13, 14, 15, 16, 17, 18, 19, 20, 21, 22, 23, 24, 25, 26, 27, 28, 29, 30, 31, 32, 33, 34, 35, 36, 37, 38, 39, 40, 41, 42, 43, 44, 45, 46, 47, 48, 49, 50, 51, 52, 53, 54, 55, 56, 57, 58, 59, 60, 61, 62, 63, 64, 1 ],
\[ 2, 1, 3, 4, 5, 6, 7, 8, 9, 10, 11, 12, 13, 14, 15, 16, 17, 18, 19, 20, 21, 22, 23, 24, 25, 26, 27, 28, 29, 30, 31, 32, 33, 34, 35, 36, 37, 38, 39, 40, 41, 42, 43, 44, 45, 46, 47, 48, 49, 50, 51, 52, 53, 54, 55, 56, 57, 58, 59, 60, 61, 62, 63, 64 ]:
 Order := 126886932185884164103433389335161480802865516174545192198801894375214704230400000000000000 > |
[ 2, 9, 8, 7, 10, 1, 11, 12, 27, 28, 29, 30, 16, 23, 3, 26, 20, 22, 4, 25, 5, 31, 32, 6, 33, 34, 15, 55, 24, 37, 56, 57, 48, 58, 38, 40, 13, 41, 14, 52, 54, 45, 47, 17, 49, 18, 51, 19, 53, 21, 59, 60, 61, 62, 39, 50, 63, 35, 64, 42, 44, 43, 36, 46 ],
[ 19, 4, 24, 44, 46, 48, 17, 6, 7, 18, 20, 1, 27, 50, 29, 15, 60, 62, 61, 42, 64, 43, 21, 33, 45, 3, 11, 22, 25, 2, 47, 5, 49, 8, 30, 55, 9, 37, 56, 39, 13, 32, 34, 52, 57, 54, 58, 53, 63, 59, 35, 14, 36, 16, 31, 51, 10, 12, 38, 23, 40, 26, 28, 41 ],
[ 8, 12, 16, 1, 23, 3, 2, 26, 30, 32, 9, 34, 38, 40, 13, 41, 4, 5, 6, 7, 14, 10, 52, 15, 11, 54, 37, 57, 27, 58, 28, 60, 29, 62, 47, 49, 35, 51, 36, 53, 59, 17, 18, 19, 20, 21, 22, 24, 25, 39, 31, 61, 33, 64, 63, 55, 42, 43, 56, 44, 48, 46, 45, 50 ]
],
[ PermutationGroup<64 |  
\[ 2, 3, 4, 5, 6, 7, 8, 9, 10, 11, 12, 13, 14, 15, 16, 17, 18, 19, 20, 21, 22, 23, 24, 25, 26, 27, 28, 29, 30, 31, 32, 33, 34, 35, 36, 37, 38, 39, 40, 41, 42, 43, 44, 45, 46, 47, 48, 49, 50, 51, 52, 53, 54, 55, 56, 57, 58, 59, 60, 61, 62, 63, 64, 1 ],
\[ 2, 1, 3, 4, 5, 6, 7, 8, 9, 10, 11, 12, 13, 14, 15, 16, 17, 18, 19, 20, 21, 22, 23, 24, 25, 26, 27, 28, 29, 30, 31, 32, 33, 34, 35, 36, 37, 38, 39, 40, 41, 42, 43, 44, 45, 46, 47, 48, 49, 50, 51, 52, 53, 54, 55, 56, 57, 58, 59, 60, 61, 62, 63, 64 ]:
 Order := 126886932185884164103433389335161480802865516174545192198801894375214704230400000000000000 > |
[ 2, 9, 8, 7, 10, 1, 11, 12, 27, 28, 29, 30, 16, 23, 3, 26, 20, 22, 4, 25, 5, 31, 32, 6, 33, 34, 15, 55, 24, 37, 56, 57, 48, 58, 38, 40, 13, 41, 14, 52, 54, 45, 47, 17, 49, 18, 51, 19, 53, 21, 59, 60, 61, 62, 39, 50, 63, 35, 64, 42, 44, 43, 36, 46 ],
[ 63, 36, 42, 55, 37, 57, 39, 45, 40, 13, 14, 49, 44, 58, 60, 17, 56, 27, 28, 50, 30, 15, 35, 32, 21, 20, 52, 16, 23, 53, 3, 38, 5, 25, 48, 62, 61, 19, 34, 43, 4, 59, 29, 31, 64, 9, 24, 10, 46, 12, 6, 47, 18, 7, 26, 8, 41, 33, 1, 51, 22, 11, 54, 2 ],
[ 51, 59, 22, 38, 25, 47, 41, 31, 64, 33, 54, 56, 5, 7, 18, 10, 13, 49, 35, 16, 20, 53, 11, 43, 26, 28, 46, 48, 62, 50, 61, 29, 34, 55, 14, 1, 21, 23, 4, 2, 32, 15, 36, 37, 3, 45, 40, 58, 8, 17, 52, 9, 12, 57, 19, 44, 24, 39, 60, 27, 30, 63, 6, 42 ]
],
[ PermutationGroup<64 |  
\[ 2, 3, 4, 5, 6, 7, 8, 9, 10, 11, 12, 13, 14, 15, 16, 17, 18, 19, 20, 21, 22, 23, 24, 25, 26, 27, 28, 29, 30, 31, 32, 33, 34, 35, 36, 37, 38, 39, 40, 41, 42, 43, 44, 45, 46, 47, 48, 49, 50, 51, 52, 53, 54, 55, 56, 57, 58, 59, 60, 61, 62, 63, 64, 1 ],
\[ 2, 1, 3, 4, 5, 6, 7, 8, 9, 10, 11, 12, 13, 14, 15, 16, 17, 18, 19, 20, 21, 22, 23, 24, 25, 26, 27, 28, 29, 30, 31, 32, 33, 34, 35, 36, 37, 38, 39, 40, 41, 42, 43, 44, 45, 46, 47, 48, 49, 50, 51, 52, 53, 54, 55, 56, 57, 58, 59, 60, 61, 62, 63, 64 ]:
 Order := 126886932185884164103433389335161480802865516174545192198801894375214704230400000000000000 > |
[ 2, 9, 8, 7, 10, 1, 11, 12, 27, 28, 29, 30, 16, 23, 3, 26, 20, 22, 4, 25, 5, 31, 32, 6, 33, 34, 15, 55, 24, 37, 56, 57, 48, 58, 38, 40, 13, 41, 14, 52, 54, 45, 47, 17, 49, 18, 51, 19, 53, 21, 59, 60, 61, 62, 39, 50, 63, 35, 64, 42, 44, 43, 36, 46 ],
[ 14, 23, 36, 21, 3, 39, 5, 40, 32, 8, 10, 52, 45, 13, 63, 49, 46, 6, 50, 18, 15, 1, 16, 55, 22, 53, 57, 12, 28, 60, 2, 26, 31, 61, 17, 35, 42, 20, 37, 38, 25, 62, 19, 64, 43, 24, 4, 56, 47, 27, 7, 41, 51, 33, 30, 9, 34, 44, 11, 54, 59, 48, 58, 29 ],
[ 18, 22, 21, 43, 4, 46, 47, 5, 31, 7, 51, 10, 39, 6, 50, 14, 58, 17, 62, 35, 19, 20, 1, 64, 38, 23, 56, 11, 59, 28, 25, 2, 41, 32, 63, 15, 55, 36, 24, 3, 40, 30, 42, 34, 37, 44, 45, 54, 13, 48, 49, 8, 16, 52, 29, 33, 9, 57, 53, 12, 26, 60, 27, 61 ]
],
[ PermutationGroup<64 |  
\[ 2, 3, 4, 5, 6, 7, 8, 9, 10, 11, 12, 13, 14, 15, 16, 17, 18, 19, 20, 21, 22, 23, 24, 25, 26, 27, 28, 29, 30, 31, 32, 33, 34, 35, 36, 37, 38, 39, 40, 41, 42, 43, 44, 45, 46, 47, 48, 49, 50, 51, 52, 53, 54, 55, 56, 57, 58, 59, 60, 61, 62, 63, 64, 1 ],
\[ 2, 1, 3, 4, 5, 6, 7, 8, 9, 10, 11, 12, 13, 14, 15, 16, 17, 18, 19, 20, 21, 22, 23, 24, 25, 26, 27, 28, 29, 30, 31, 32, 33, 34, 35, 36, 37, 38, 39, 40, 41, 42, 43, 44, 45, 46, 47, 48, 49, 50, 51, 52, 53, 54, 55, 56, 57, 58, 59, 60, 61, 62, 63, 64 ]:
 Order := 126886932185884164103433389335161480802865516174545192198801894375214704230400000000000000 > |
[ 2, 9, 8, 7, 10, 1, 11, 12, 27, 28, 29, 30, 16, 23, 3, 26, 20, 22, 4, 25, 5, 31, 32, 6, 33, 34, 15, 55, 24, 37, 56, 57, 48, 58, 38, 40, 13, 41, 14, 52, 54, 45, 47, 17, 49, 18, 51, 19, 53, 21, 59, 60, 61, 62, 39, 50, 63, 35, 64, 42, 44, 43, 36, 46 ],
[ 47, 51, 18, 35, 20, 43, 38, 22, 59, 25, 41, 31, 21, 4, 46, 5, 37, 45, 58, 13, 17, 49, 7, 62, 16, 10, 64, 33, 54, 56, 53, 11, 26, 28, 39, 6, 50, 14, 19, 1, 23, 27, 63, 30, 15, 42, 36, 34, 3, 44, 40, 2, 8, 32, 48, 61, 29, 55, 52, 9, 12, 57, 24, 60 ],
[ 36, 40, 45, 39, 13, 63, 14, 49, 52, 16, 23, 53, 17, 35, 42, 20, 50, 15, 55, 21, 37, 3, 38, 57, 5, 25, 60, 26, 32, 61, 8, 41, 10, 33, 19, 43, 44, 4, 58, 47, 7, 64, 24, 56, 46, 27, 6, 28, 18, 30, 1, 51, 22, 11, 34, 12, 54, 48, 2, 59, 31, 29, 62, 9 ]
],
[ PermutationGroup<64 |  
\[ 2, 3, 4, 5, 6, 7, 8, 9, 10, 11, 12, 13, 14, 15, 16, 17, 18, 19, 20, 21, 22, 23, 24, 25, 26, 27, 28, 29, 30, 31, 32, 33, 34, 35, 36, 37, 38, 39, 40, 41, 42, 43, 44, 45, 46, 47, 48, 49, 50, 51, 52, 53, 54, 55, 56, 57, 58, 59, 60, 61, 62, 63, 64, 1 ],
