s := SolvableDBObjectInitialize();

/*
Basic Information about the Passport
*/

s`SolvableDBName := "64S17-4,8,8-g17-path12";
s`SolvableDBFilename := "64S17-4,8,8-g17-path12.m";
s`SolvableDBPathNumber := 12;
s`SolvableDBDegree := 64;
s`SolvableDBABC := \[ 4, 8, 8 ];
s`SolvableDBType := "Hyperbolic";
s`SolvableDBGenus := 17;
s`SolvableDBGaloisOrbitSize := 1;
s`SolvableDBPassportSize := 1;
s`SolvableDBPointedPassportSize := 1;
s`SolvableDBLevel := 6;
s`SolvableDBBlocks := {@ PowerSet(IntegerRing()) |
{ IntegerRing() | 1, 5 },
{ IntegerRing() | 2, 12 },
{ IntegerRing() | 3, 16 },
{ IntegerRing() | 4, 22 },
{ IntegerRing() | 6, 20 },
{ IntegerRing() | 7, 11 },
{ IntegerRing() | 8, 14 },
{ IntegerRing() | 9, 32 },
{ IntegerRing() | 10, 17 },
{ IntegerRing() | 13, 27 },
{ IntegerRing() | 15, 31 },
{ IntegerRing() | 18, 33 },
{ IntegerRing() | 19, 24 },
{ IntegerRing() | 21, 28 },
{ IntegerRing() | 23, 43 },
{ IntegerRing() | 25, 29 },
{ IntegerRing() | 26, 35 },
{ IntegerRing() | 30, 37 },
{ IntegerRing() | 34, 40 },
{ IntegerRing() | 36, 47 },
{ IntegerRing() | 38, 42 },
{ IntegerRing() | 39, 52 },
{ IntegerRing() | 41, 53 },
{ IntegerRing() | 44, 48 },
{ IntegerRing() | 45, 50 },
{ IntegerRing() | 46, 62 },
{ IntegerRing() | 49, 55 },
{ IntegerRing() | 51, 54 },
{ IntegerRing() | 56, 59 },
{ IntegerRing() | 57, 61 },
{ IntegerRing() | 58, 63 },
{ IntegerRing() | 60, 64 }
@};

/*
Permutations and Passports
*/

s`SolvableDBGaloisOrbit := [ PowerSequence(PermutationGroup<64 |  
\[ 2, 3, 4, 5, 6, 7, 8, 9, 10, 11, 12, 13, 14, 15, 16, 17, 18, 19, 20, 21, 22, 23, 24, 25, 26, 27, 28, 29, 30, 31, 32, 33, 34, 35, 36, 37, 38, 39, 40, 41, 42, 43, 44, 45, 46, 47, 48, 49, 50, 51, 52, 53, 54, 55, 56, 57, 58, 59, 60, 61, 62, 63, 64, 1 ],
\[ 2, 1, 3, 4, 5, 6, 7, 8, 9, 10, 11, 12, 13, 14, 15, 16, 17, 18, 19, 20, 21, 22, 23, 24, 25, 26, 27, 28, 29, 30, 31, 32, 33, 34, 35, 36, 37, 38, 39, 40, 41, 42, 43, 44, 45, 46, 47, 48, 49, 50, 51, 52, 53, 54, 55, 56, 57, 58, 59, 60, 61, 62, 63, 64 ]:
 Order := 126886932185884164103433389335161480802865516174545192198801894375214704230400000000000000 >) |
[ PermutationGroup<64 |  
\[ 2, 3, 4, 5, 6, 7, 8, 9, 10, 11, 12, 13, 14, 15, 16, 17, 18, 19, 20, 21, 22, 23, 24, 25, 26, 27, 28, 29, 30, 31, 32, 33, 34, 35, 36, 37, 38, 39, 40, 41, 42, 43, 44, 45, 46, 47, 48, 49, 50, 51, 52, 53, 54, 55, 56, 57, 58, 59, 60, 61, 62, 63, 64, 1 ],
\[ 2, 1, 3, 4, 5, 6, 7, 8, 9, 10, 11, 12, 13, 14, 15, 16, 17, 18, 19, 20, 21, 22, 23, 24, 25, 26, 27, 28, 29, 30, 31, 32, 33, 34, 35, 36, 37, 38, 39, 40, 41, 42, 43, 44, 45, 46, 47, 48, 49, 50, 51, 52, 53, 54, 55, 56, 57, 58, 59, 60, 61, 62, 63, 64 ]:
 Order := 126886932185884164103433389335161480802865516174545192198801894375214704230400000000000000 > |
[ 12, 32, 8, 24, 2, 5, 22, 25, 20, 3, 4, 9, 7, 29, 18, 14, 16, 40, 13, 1, 26, 19, 28, 27, 10, 47, 11, 35, 17, 31, 33, 6, 34, 30, 36, 23, 15, 39, 51, 37, 42, 52, 21, 46, 48, 49, 43, 62, 50, 44, 53, 54, 38, 41, 45, 57, 60, 59, 61, 63, 64, 55, 56, 58 ],
[ 3, 10, 15, 20, 16, 8, 1, 30, 25, 33, 5, 17, 2, 37, 38, 31, 18, 41, 9, 14, 11, 6, 4, 32, 40, 13, 12, 7, 34, 39, 42, 29, 53, 54, 27, 19, 52, 56, 58, 51, 57, 59, 22, 43, 21, 36, 24, 23, 26, 28, 60, 63, 61, 64, 35, 50, 55, 44, 45, 46, 49, 47, 48, 62 ],
[ 4, 11, 2, 21, 22, 24, 26, 1, 27, 9, 35, 7, 36, 5, 14, 12, 32, 3, 43, 19, 44, 28, 46, 23, 6, 45, 47, 48, 20, 29, 8, 13, 16, 10, 50, 55, 25, 33, 15, 17, 34, 18, 62, 56, 57, 58, 49, 59, 60, 61, 30, 31, 40, 37, 64, 52, 38, 54, 39, 41, 42, 63, 51, 53 ]
]
];
s`SolvableDBPassport := [ PowerSequence(PermutationGroup<64 |  
\[ 12, 32, 8, 24, 2, 5, 22, 25, 20, 3, 4, 9, 7, 29, 18, 14, 16, 40, 13, 1, 26, 19, 28, 27, 10, 47, 11, 35, 17, 31, 33, 6, 34, 30, 36, 23, 15, 39, 51, 37, 42, 52, 21, 46, 48, 49, 43, 62, 50, 44, 53, 54, 38, 41, 45, 57, 60, 59, 61, 63, 64, 55, 56, 58 ],
\[ 3, 10, 15, 20, 16, 8, 1, 30, 25, 33, 5, 17, 2, 37, 38, 31, 18, 41, 9, 14, 11, 6, 4, 32, 40, 13, 12, 7, 34, 39, 42, 29, 53, 54, 27, 19, 52, 56, 58, 51, 57, 59, 22, 43, 21, 36, 24, 23, 26, 28, 60, 63, 61, 64, 35, 50, 55, 44, 45, 46, 49, 47, 48, 62 ],
\[ 4, 11, 2, 21, 22, 24, 26, 1, 27, 9, 35, 7, 36, 5, 14, 12, 32, 3, 43, 19, 44, 28, 46, 23, 6, 45, 47, 48, 20, 29, 8, 13, 16, 10, 50, 55, 25, 33, 15, 17, 34, 18, 62, 56, 57, 58, 49, 59, 60, 61, 30, 31, 40, 37, 64, 52, 38, 54, 39, 41, 42, 63, 51, 53 ]:
 Order := 64 >) |
[ PermutationGroup<64 |  
\[ 12, 32, 8, 24, 2, 5, 22, 25, 20, 3, 4, 9, 7, 29, 18, 14, 16, 40, 13, 1, 26, 19, 28, 27, 10, 47, 11, 35, 17, 31, 33, 6, 34, 30, 36, 23, 15, 39, 51, 37, 42, 52, 21, 46, 48, 49, 43, 62, 50, 44, 53, 54, 38, 41, 45, 57, 60, 59, 61, 63, 64, 55, 56, 58 ],
\[ 3, 10, 15, 20, 16, 8, 1, 30, 25, 33, 5, 17, 2, 37, 38, 31, 18, 41, 9, 14, 11, 6, 4, 32, 40, 13, 12, 7, 34, 39, 42, 29, 53, 54, 27, 19, 52, 56, 58, 51, 57, 59, 22, 43, 21, 36, 24, 23, 26, 28, 60, 63, 61, 64, 35, 50, 55, 44, 45, 46, 49, 47, 48, 62 ],
\[ 4, 11, 2, 21, 22, 24, 26, 1, 27, 9, 35, 7, 36, 5, 14, 12, 32, 3, 43, 19, 44, 28, 46, 23, 6, 45, 47, 48, 20, 29, 8, 13, 16, 10, 50, 55, 25, 33, 15, 17, 34, 18, 62, 56, 57, 58, 49, 59, 60, 61, 30, 31, 40, 37, 64, 52, 38, 54, 39, 41, 42, 63, 51, 53 ]:
 Order := 64 > |
[ 23, 21, 13, 45, 43, 47, 49, 7, 35, 19, 55, 28, 46, 11, 20, 27, 24, 1, 44, 36, 58, 50, 60, 48, 22, 59, 62, 63, 4, 32, 6, 26, 5, 2, 56, 57, 9, 10, 3, 12, 29, 17, 64, 38, 41, 39, 61, 42, 51, 53, 8, 16, 25, 14, 54, 37, 15, 34, 30, 18, 31, 52, 40, 33 ],
[ 3, 10, 15, 20, 16, 8, 1, 30, 25, 33, 5, 17, 2, 37, 38, 31, 18, 41, 9, 14, 11, 6, 4, 32, 40, 13, 12, 7, 34, 39, 42, 29, 53, 54, 27, 19, 52, 56, 58, 51, 57, 59, 22, 43, 21, 36, 24, 23, 26, 28, 60, 63, 61, 64, 35, 50, 55, 44, 45, 46, 49, 47, 48, 62 ],
[ 17, 29, 30, 32, 10, 16, 6, 40, 14, 15, 20, 25, 1, 34, 41, 37, 31, 51, 2, 3, 13, 9, 7, 12, 33, 24, 5, 27, 18, 42, 53, 8, 54, 39, 19, 4, 38, 58, 60, 52, 59, 63, 11, 36, 23, 26, 22, 47, 28, 43, 61, 64, 56, 57, 21, 55, 46, 45, 49, 48, 62, 35, 50, 44 ]
]
];
s`SolvableDBPointedPassport := [ PowerSequence(PermutationGroup<64 |  
\[ 12, 32, 8, 24, 2, 5, 22, 25, 20, 3, 4, 9, 7, 29, 18, 14, 16, 40, 13, 1, 26, 19, 28, 27, 10, 47, 11, 35, 17, 31, 33, 6, 34, 30, 36, 23, 15, 39, 51, 37, 42, 52, 21, 46, 48, 49, 43, 62, 50, 44, 53, 54, 38, 41, 45, 57, 60, 59, 61, 63, 64, 55, 56, 58 ],
\[ 3, 10, 15, 20, 16, 8, 1, 30, 25, 33, 5, 17, 2, 37, 38, 31, 18, 41, 9, 14, 11, 6, 4, 32, 40, 13, 12, 7, 34, 39, 42, 29, 53, 54, 27, 19, 52, 56, 58, 51, 57, 59, 22, 43, 21, 36, 24, 23, 26, 28, 60, 63, 61, 64, 35, 50, 55, 44, 45, 46, 49, 47, 48, 62 ],
\[ 4, 11, 2, 21, 22, 24, 26, 1, 27, 9, 35, 7, 36, 5, 14, 12, 32, 3, 43, 19, 44, 28, 46, 23, 6, 45, 47, 48, 20, 29, 8, 13, 16, 10, 50, 55, 25, 33, 15, 17, 34, 18, 62, 56, 57, 58, 49, 59, 60, 61, 30, 31, 40, 37, 64, 52, 38, 54, 39, 41, 42, 63, 51, 53 ]:
 Order := 64 >) |
[ PermutationGroup<64 |  
\[ 12, 32, 8, 24, 2, 5, 22, 25, 20, 3, 4, 9, 7, 29, 18, 14, 16, 40, 13, 1, 26, 19, 28, 27, 10, 47, 11, 35, 17, 31, 33, 6, 34, 30, 36, 23, 15, 39, 51, 37, 42, 52, 21, 46, 48, 49, 43, 62, 50, 44, 53, 54, 38, 41, 45, 57, 60, 59, 61, 63, 64, 55, 56, 58 ],
\[ 3, 10, 15, 20, 16, 8, 1, 30, 25, 33, 5, 17, 2, 37, 38, 31, 18, 41, 9, 14, 11, 6, 4, 32, 40, 13, 12, 7, 34, 39, 42, 29, 53, 54, 27, 19, 52, 56, 58, 51, 57, 59, 22, 43, 21, 36, 24, 23, 26, 28, 60, 63, 61, 64, 35, 50, 55, 44, 45, 46, 49, 47, 48, 62 ],
\[ 4, 11, 2, 21, 22, 24, 26, 1, 27, 9, 35, 7, 36, 5, 14, 12, 32, 3, 43, 19, 44, 28, 46, 23, 6, 45, 47, 48, 20, 29, 8, 13, 16, 10, 50, 55, 25, 33, 15, 17, 34, 18, 62, 56, 57, 58, 49, 59, 60, 61, 30, 31, 40, 37, 64, 52, 38, 54, 39, 41, 42, 63, 51, 53 ]:
 Order := 64 > |
[ 29, 14, 34, 2, 25, 17, 32, 18, 16, 37, 9, 8, 20, 33, 54, 40, 30, 39, 5, 10, 19, 12, 13, 1, 31, 4, 6, 24, 15, 41, 51, 3, 52, 38, 22, 11, 53, 64, 57, 42, 58, 60, 27, 35, 36, 21, 7, 26, 23, 47, 59, 61, 63, 56, 43, 62, 44, 55, 46, 45, 48, 28, 49, 50 ],
[ 10, 25, 37, 9, 17, 3, 20, 34, 8, 31, 6, 29, 5, 40, 53, 30, 15, 54, 12, 16, 27, 32, 11, 2, 18, 19, 1, 13, 33, 38, 41, 14, 51, 52, 24, 22, 42, 63, 64, 39, 56, 58, 7, 47, 43, 35, 4, 36, 21, 23, 57, 60, 59, 61, 28, 49, 62, 50, 55, 44, 46, 26, 45, 48 ],
[ 35, 47, 22, 62, 26, 21, 44, 19, 23, 7, 48, 36, 50, 24, 12, 4, 11, 9, 49, 28, 61, 46, 56, 55, 13, 64, 45, 57, 27, 5, 2, 43, 32, 6, 60, 63, 1, 8, 25, 20, 16, 14, 59, 51, 52, 53, 58, 54, 38, 39, 10, 29, 3, 17, 42, 18, 40, 31, 33, 37, 34, 41, 15, 30 ]
]
];
s`SolvableDBMonodromyGroup := PermutationGroup<64 |  
\[ 12, 32, 8, 24, 2, 5, 22, 25, 20, 3, 4, 9, 7, 29, 18, 14, 16, 40, 13, 1, 26, 19, 28, 27, 10, 47, 11, 35, 17, 31, 33, 6, 34, 30, 36, 23, 15, 39, 51, 37, 42, 52, 21, 46, 48, 49, 43, 62, 50, 44, 53, 54, 38, 41, 45, 57, 60, 59, 61, 63, 64, 55, 56, 58 ],
\[ 3, 10, 15, 20, 16, 8, 1, 30, 25, 33, 5, 17, 2, 37, 38, 31, 18, 41, 9, 14, 11, 6, 4, 32, 40, 13, 12, 7, 34, 39, 42, 29, 53, 54, 27, 19, 52, 56, 58, 51, 57, 59, 22, 43, 21, 36, 24, 23, 26, 28, 60, 63, 61, 64, 35, 50, 55, 44, 45, 46, 49, 47, 48, 62 ],
\[ 4, 11, 2, 21, 22, 24, 26, 1, 27, 9, 35, 7, 36, 5, 14, 12, 32, 3, 43, 19, 44, 28, 46, 23, 6, 45, 47, 48, 20, 29, 8, 13, 16, 10, 50, 55, 25, 33, 15, 17, 34, 18, 62, 56, 57, 58, 49, 59, 60, 61, 30, 31, 40, 37, 64, 52, 38, 54, 39, 41, 42, 63, 51, 53 ] >;
s`SolvableDBAutomorphismGroup := PermutationGroup<64 |  
\[ 56, 61, 50, 52, 59, 58, 38, 44, 60, 49, 42, 57, 53, 48, 28, 45, 55, 35, 51, 63, 31, 39, 37, 54, 46, 33, 41, 15, 62, 43, 21, 64, 26, 47, 18, 40, 23, 7, 22, 36, 27, 11, 30, 8, 16, 25, 34, 14, 10, 3, 19, 4, 13, 24, 17, 1, 12, 6, 5, 9, 2, 29, 20, 32 ],
\[ 50, 48, 28, 61, 45, 55, 56, 35, 46, 23, 59, 44, 63, 26, 7, 21, 43, 22, 60, 49, 42, 57, 53, 64, 36, 52, 58, 38, 47, 27, 11, 62, 4, 24, 39, 51, 13, 1, 12, 19, 6, 5, 41, 18, 31, 40, 54, 33, 37, 15, 9, 2, 20, 32, 30, 3, 8, 17, 16, 25, 14, 34, 10, 29 ],
\[ 63, 59, 48, 51, 58, 64, 52, 62, 57, 45, 39, 56, 42, 46, 23, 44, 50, 28, 41, 60, 30, 54, 40, 53, 55, 31, 38, 37, 49, 47, 43, 61, 21, 26, 15, 18, 36, 4, 24, 35, 7, 22, 34, 29, 8, 17, 33, 25, 16, 14, 27, 19, 11, 13, 3, 20, 1, 32, 6, 12, 5, 10, 9, 2 ]:
 Order := 64 >;
s`SolvableDBPointedAutomorphismGroup := PermutationGroup<64 |  
\[ 12, 32, 17, 7, 2, 5, 27, 16, 20, 29, 13, 9, 24, 3, 18, 10, 25, 40, 4, 1, 26, 11, 28, 22, 14, 47, 19, 35, 8, 31, 33, 6, 34, 30, 36, 23, 15, 41, 42, 37, 51, 53, 21, 45, 49, 48, 43, 50, 62, 55, 52, 38, 54, 39, 46, 57, 60, 59, 61, 63, 64, 44, 56, 58 ]:
 Order := 4 >;

/*
Top Level Belyi Curve/Map
*/


/*
Graph Data
*/

s`SolvableDBPathToPP1 := [ Strings() | "PP1", "2T1-1,2,2-g0-path1", "4T1-1,4,4-g0-path1", "8T1-2,8,8-g2-path1", "16T5-2,8,8-g3-path2", "32S12-4,8,8-g9-path2", "64S17-4,8,8-g17-path12" ];
s`SolvableDBChildren := [ Strings() | "32S12-4,8,8-g9-path2" ];

/*
Return for eval
*/

return s;
