s := SolvableDBInitialize();

/*
Magma printing
*/

s`SolvableDBName := "64S1-64,32,64-g31-path1-notcomputed";
s`SolvableDBFilename := "64S1-64,32,64-g31-path1-notcomputed.m";
s`SolvableDBPassportName := "64S1-64,32,64-g31";
s`SolvableDBPathNumber := 1;
s`SolvableDBDegree := 64;
s`SolvableDBOrders := \[ 64, 32, 64 ];
s`SolvableDBType := "Hyperbolic";
s`SolvableDBGenus := 31;
s`SolvableDBGaloisOrbitSize := 2;
s`SolvableDBPassportSize := 16;
s`SolvableDBPointedPassportSize := 16;
s`SolvableDBLevel := 6;
s`SolvableDBBlocks := {@ PowerSet(IntegerRing()) |
{ IntegerRing() | 1, 5 },
{ IntegerRing() | 2, 10 },
{ IntegerRing() | 3, 14 },
{ IntegerRing() | 4, 18 },
{ IntegerRing() | 6, 21 },
{ IntegerRing() | 7, 22 },
{ IntegerRing() | 8, 23 },
{ IntegerRing() | 9, 28 },
{ IntegerRing() | 11, 30 },
{ IntegerRing() | 12, 31 },
{ IntegerRing() | 13, 33 },
{ IntegerRing() | 15, 34 },
{ IntegerRing() | 16, 35 },
{ IntegerRing() | 17, 38 },
{ IntegerRing() | 19, 41 },
{ IntegerRing() | 20, 42 },
{ IntegerRing() | 24, 45 },
{ IntegerRing() | 25, 46 },
{ IntegerRing() | 26, 47 },
{ IntegerRing() | 27, 49 },
{ IntegerRing() | 29, 51 },
{ IntegerRing() | 32, 53 },
{ IntegerRing() | 36, 55 },
{ IntegerRing() | 37, 56 },
{ IntegerRing() | 39, 59 },
{ IntegerRing() | 40, 60 },
{ IntegerRing() | 43, 63 },
{ IntegerRing() | 44, 64 },
{ IntegerRing() | 48, 58 },
{ IntegerRing() | 50, 57 },
{ IntegerRing() | 52, 61 },
{ IntegerRing() | 54, 62 }
@};
s`SolvableDBIsRamifiedAtEveryLevel := true;
s`SolvableDBGaloisOrbit := [ PowerSequence(PermutationGroup<64 |  
\[ 2, 3, 4, 5, 6, 7, 8, 9, 10, 11, 12, 13, 14, 15, 16, 17, 18, 19, 20, 21, 22, 23, 24, 25, 26, 27, 28, 29, 30, 31, 32, 33, 34, 35, 36, 37, 38, 39, 40, 41, 42, 43, 44, 45, 46, 47, 48, 49, 50, 51, 52, 53, 54, 55, 56, 57, 58, 59, 60, 61, 62, 63, 64, 1 ],
\[ 2, 1, 3, 4, 5, 6, 7, 8, 9, 10, 11, 12, 13, 14, 15, 16, 17, 18, 19, 20, 21, 22, 23, 24, 25, 26, 27, 28, 29, 30, 31, 32, 33, 34, 35, 36, 37, 38, 39, 40, 41, 42, 43, 44, 45, 46, 47, 48, 49, 50, 51, 52, 53, 54, 55, 56, 57, 58, 59, 60, 61, 62, 63, 64 ]:
 Order := 126886932185884164103433389335161480802865516174545192198801894375214704230400000000000000 >) |
[ PermutationGroup<64 |  
\[ 2, 3, 4, 5, 6, 7, 8, 9, 10, 11, 12, 13, 14, 15, 16, 17, 18, 19, 20, 21, 22, 23, 24, 25, 26, 27, 28, 29, 30, 31, 32, 33, 34, 35, 36, 37, 38, 39, 40, 41, 42, 43, 44, 45, 46, 47, 48, 49, 50, 51, 52, 53, 54, 55, 56, 57, 58, 59, 60, 61, 62, 63, 64, 1 ],
\[ 2, 1, 3, 4, 5, 6, 7, 8, 9, 10, 11, 12, 13, 14, 15, 16, 17, 18, 19, 20, 21, 22, 23, 24, 25, 26, 27, 28, 29, 30, 31, 32, 33, 34, 35, 36, 37, 38, 39, 40, 41, 42, 43, 44, 45, 46, 47, 48, 49, 50, 51, 52, 53, 54, 55, 56, 57, 58, 59, 60, 61, 62, 63, 64 ]:
 Order := 126886932185884164103433389335161480802865516174545192198801894375214704230400000000000000 > |
[ 2, 9, 8, 7, 10, 1, 11, 12, 27, 28, 13, 29, 16, 23, 3, 26, 20, 22, 4, 25, 5, 30, 31, 6, 15, 32, 36, 49, 50, 33, 51, 52, 35, 14, 47, 48, 40, 42, 17, 44, 18, 46, 19, 24, 21, 34, 53, 54, 55, 56, 57, 59, 61, 63, 58, 60, 37, 62, 38, 64, 39, 43, 41, 45 ],
[ 3, 8, 13, 6, 14, 15, 1, 16, 12, 23, 2, 26, 9, 33, 11, 27, 19, 21, 24, 4, 34, 5, 35, 25, 7, 36, 29, 31, 32, 10, 47, 48, 28, 30, 49, 50, 39, 41, 43, 17, 45, 18, 44, 20, 46, 22, 55, 56, 51, 52, 53, 54, 58, 60, 57, 59, 61, 37, 63, 38, 62, 40, 64, 42 ],
[ 4, 7, 6, 17, 18, 19, 20, 1, 11, 22, 25, 2, 15, 21, 24, 3, 37, 38, 39, 40, 41, 42, 5, 43, 44, 8, 13, 30, 9, 46, 10, 12, 34, 45, 14, 16, 55, 56, 57, 58, 59, 60, 61, 62, 63, 64, 23, 26, 33, 27, 28, 29, 31, 32, 35, 36, 49, 47, 50, 48, 51, 53, 52, 54 ]
],
[ PermutationGroup<64 |  
\[ 2, 3, 4, 5, 6, 7, 8, 9, 10, 11, 12, 13, 14, 15, 16, 17, 18, 19, 20, 21, 22, 23, 24, 25, 26, 27, 28, 29, 30, 31, 32, 33, 34, 35, 36, 37, 38, 39, 40, 41, 42, 43, 44, 45, 46, 47, 48, 49, 50, 51, 52, 53, 54, 55, 56, 57, 58, 59, 60, 61, 62, 63, 64, 1 ],
\[ 2, 1, 3, 4, 5, 6, 7, 8, 9, 10, 11, 12, 13, 14, 15, 16, 17, 18, 19, 20, 21, 22, 23, 24, 25, 26, 27, 28, 29, 30, 31, 32, 33, 34, 35, 36, 37, 38, 39, 40, 41, 42, 43, 44, 45, 46, 47, 48, 49, 50, 51, 52, 53, 54, 55, 56, 57, 58, 59, 60, 61, 62, 63, 64 ]:
 Order := 126886932185884164103433389335161480802865516174545192198801894375214704230400000000000000 > |
[ 2, 9, 8, 7, 10, 1, 11, 12, 27, 28, 13, 29, 16, 23, 3, 26, 20, 22, 4, 25, 5, 30, 31, 6, 15, 32, 36, 49, 50, 33, 51, 52, 35, 14, 47, 48, 40, 42, 17, 44, 18, 46, 19, 24, 21, 34, 53, 54, 55, 56, 57, 59, 61, 63, 58, 60, 37, 62, 38, 64, 39, 43, 41, 45 ],
[ 14, 23, 33, 21, 3, 34, 5, 35, 31, 8, 10, 47, 28, 13, 30, 49, 41, 6, 45, 18, 15, 1, 16, 46, 22, 55, 51, 12, 53, 2, 26, 58, 9, 11, 27, 57, 59, 19, 63, 38, 24, 4, 64, 42, 25, 7, 36, 37, 29, 61, 32, 62, 48, 40, 50, 39, 52, 56, 43, 17, 54, 60, 44, 20 ],
[ 18, 22, 21, 38, 4, 41, 42, 5, 30, 7, 46, 10, 34, 6, 45, 14, 56, 17, 59, 60, 19, 20, 1, 63, 64, 23, 33, 11, 28, 25, 2, 31, 15, 24, 3, 35, 36, 37, 50, 48, 39, 40, 52, 54, 43, 44, 8, 47, 13, 49, 9, 51, 12, 53, 16, 55, 27, 26, 57, 58, 29, 32, 61, 62 ]
]
];
s`SolvableDBPassport := [ PowerSequence(PermutationGroup<64 |  
\[ 2, 9, 8, 7, 10, 1, 11, 12, 27, 28, 13, 29, 16, 23, 3, 26, 20, 22, 4, 25, 5, 30, 31, 6, 15, 32, 36, 49, 50, 33, 51, 52, 35, 14, 47, 48, 40, 42, 17, 44, 18, 46, 19, 24, 21, 34, 53, 54, 55, 56, 57, 59, 61, 63, 58, 60, 37, 62, 38, 64, 39, 43, 41, 45 ],
\[ 14, 23, 33, 21, 3, 34, 5, 35, 31, 8, 10, 47, 28, 13, 30, 49, 41, 6, 45, 18, 15, 1, 16, 46, 22, 55, 51, 12, 53, 2, 26, 58, 9, 11, 27, 57, 59, 19, 63, 38, 24, 4, 64, 42, 25, 7, 36, 37, 29, 61, 32, 62, 48, 40, 50, 39, 52, 56, 43, 17, 54, 60, 44, 20 ],
\[ 18, 22, 21, 38, 4, 41, 42, 5, 30, 7, 46, 10, 34, 6, 45, 14, 56, 17, 59, 60, 19, 20, 1, 63, 64, 23, 33, 11, 28, 25, 2, 31, 15, 24, 3, 35, 36, 37, 50, 48, 39, 40, 52, 54, 43, 44, 8, 47, 13, 49, 9, 51, 12, 53, 16, 55, 27, 26, 57, 58, 29, 32, 61, 62 ]:
 Order := 64 >) |
[ PermutationGroup<64 |  
\[ 2, 9, 8, 7, 10, 1, 11, 12, 27, 28, 13, 29, 16, 23, 3, 26, 20, 22, 4, 25, 5, 30, 31, 6, 15, 32, 36, 49, 50, 33, 51, 52, 35, 14, 47, 48, 40, 42, 17, 44, 18, 46, 19, 24, 21, 34, 53, 54, 55, 56, 57, 59, 61, 63, 58, 60, 37, 62, 38, 64, 39, 43, 41, 45 ],
\[ 14, 23, 33, 21, 3, 34, 5, 35, 31, 8, 10, 47, 28, 13, 30, 49, 41, 6, 45, 18, 15, 1, 16, 46, 22, 55, 51, 12, 53, 2, 26, 58, 9, 11, 27, 57, 59, 19, 63, 38, 24, 4, 64, 42, 25, 7, 36, 37, 29, 61, 32, 62, 48, 40, 50, 39, 52, 56, 43, 17, 54, 60, 44, 20 ],
\[ 18, 22, 21, 38, 4, 41, 42, 5, 30, 7, 46, 10, 34, 6, 45, 14, 56, 17, 59, 60, 19, 20, 1, 63, 64, 23, 33, 11, 28, 25, 2, 31, 15, 24, 3, 35, 36, 37, 50, 48, 39, 40, 52, 54, 43, 44, 8, 47, 13, 49, 9, 51, 12, 53, 16, 55, 27, 26, 57, 58, 29, 32, 61, 62 ]:
 Order := 64 > |
[ 6, 1, 15, 19, 21, 24, 4, 3, 2, 5, 7, 8, 11, 34, 25, 13, 39, 41, 43, 17, 45, 18, 14, 44, 20, 16, 9, 10, 12, 22, 23, 26, 30, 46, 33, 27, 57, 59, 61, 37, 63, 38, 62, 40, 64, 42, 35, 36, 28, 29, 31, 32, 47, 48, 49, 50, 51, 55, 52, 56, 53, 58, 54, 60 ],
[ 9, 27, 12, 11, 28, 2, 13, 29, 36, 49, 16, 50, 26, 31, 8, 32, 25, 30, 7, 15, 10, 33, 51, 1, 3, 52, 48, 55, 56, 35, 57, 59, 47, 23, 53, 54, 44, 46, 20, 24, 22, 34, 4, 6, 5, 14, 61, 63, 58, 60, 37, 38, 39, 41, 62, 64, 40, 43, 42, 45, 17, 19, 18, 21 ],
[ 6, 1, 15, 19, 21, 24, 4, 3, 2, 5, 7, 8, 11, 34, 25, 13, 39, 41, 43, 17, 45, 18, 14, 44, 20, 16, 9, 10, 12, 22, 23, 26, 30, 46, 33, 27, 57, 59, 61, 37, 63, 38, 62, 40, 64, 42, 35, 36, 28, 29, 31, 32, 47, 48, 49, 50, 51, 55, 52, 56, 53, 58, 54, 60 ]
],
[ PermutationGroup<64 |  
\[ 2, 9, 8, 7, 10, 1, 11, 12, 27, 28, 13, 29, 16, 23, 3, 26, 20, 22, 4, 25, 5, 30, 31, 6, 15, 32, 36, 49, 50, 33, 51, 52, 35, 14, 47, 48, 40, 42, 17, 44, 18, 46, 19, 24, 21, 34, 53, 54, 55, 56, 57, 59, 61, 63, 58, 60, 37, 62, 38, 64, 39, 43, 41, 45 ],
\[ 14, 23, 33, 21, 3, 34, 5, 35, 31, 8, 10, 47, 28, 13, 30, 49, 41, 6, 45, 18, 15, 1, 16, 46, 22, 55, 51, 12, 53, 2, 26, 58, 9, 11, 27, 57, 59, 19, 63, 38, 24, 4, 64, 42, 25, 7, 36, 37, 29, 61, 32, 62, 48, 40, 50, 39, 52, 56, 43, 17, 54, 60, 44, 20 ],
\[ 18, 22, 21, 38, 4, 41, 42, 5, 30, 7, 46, 10, 34, 6, 45, 14, 56, 17, 59, 60, 19, 20, 1, 63, 64, 23, 33, 11, 28, 25, 2, 31, 15, 24, 3, 35, 36, 37, 50, 48, 39, 40, 52, 54, 43, 44, 8, 47, 13, 49, 9, 51, 12, 53, 16, 55, 27, 26, 57, 58, 29, 32, 61, 62 ]:
 Order := 64 > |
[ 6, 1, 15, 19, 21, 24, 4, 3, 2, 5, 7, 8, 11, 34, 25, 13, 39, 41, 43, 17, 45, 18, 14, 44, 20, 16, 9, 10, 12, 22, 23, 26, 30, 46, 33, 27, 57, 59, 61, 37, 63, 38, 62, 40, 64, 42, 35, 36, 28, 29, 31, 32, 47, 48, 49, 50, 51, 55, 52, 56, 53, 58, 54, 60 ],
[ 47, 53, 55, 23, 26, 35, 31, 58, 61, 32, 51, 62, 57, 36, 49, 37, 5, 8, 14, 10, 16, 12, 48, 33, 28, 40, 39, 52, 43, 29, 54, 44, 50, 27, 56, 17, 18, 1, 21, 22, 3, 2, 34, 30, 13, 9, 60, 20, 59, 19, 63, 24, 64, 25, 38, 4, 41, 42, 6, 7, 45, 46, 15, 11 ],
[ 42, 46, 18, 60, 20, 38, 64, 22, 34, 25, 45, 30, 21, 4, 41, 5, 48, 40, 56, 54, 17, 44, 7, 59, 63, 10, 14, 15, 33, 24, 11, 28, 6, 19, 1, 23, 26, 58, 36, 32, 37, 62, 50, 52, 39, 43, 2, 31, 3, 35, 13, 49, 9, 51, 8, 47, 16, 12, 55, 53, 27, 29, 57, 61 ]
],
[ PermutationGroup<64 |  
\[ 2, 9, 8, 7, 10, 1, 11, 12, 27, 28, 13, 29, 16, 23, 3, 26, 20, 22, 4, 25, 5, 30, 31, 6, 15, 32, 36, 49, 50, 33, 51, 52, 35, 14, 47, 48, 40, 42, 17, 44, 18, 46, 19, 24, 21, 34, 53, 54, 55, 56, 57, 59, 61, 63, 58, 60, 37, 62, 38, 64, 39, 43, 41, 45 ],
\[ 14, 23, 33, 21, 3, 34, 5, 35, 31, 8, 10, 47, 28, 13, 30, 49, 41, 6, 45, 18, 15, 1, 16, 46, 22, 55, 51, 12, 53, 2, 26, 58, 9, 11, 27, 57, 59, 19, 63, 38, 24, 4, 64, 42, 25, 7, 36, 37, 29, 61, 32, 62, 48, 40, 50, 39, 52, 56, 43, 17, 54, 60, 44, 20 ],
\[ 18, 22, 21, 38, 4, 41, 42, 5, 30, 7, 46, 10, 34, 6, 45, 14, 56, 17, 59, 60, 19, 20, 1, 63, 64, 23, 33, 11, 28, 25, 2, 31, 15, 24, 3, 35, 36, 37, 50, 48, 39, 40, 52, 54, 43, 44, 8, 47, 13, 49, 9, 51, 12, 53, 16, 55, 27, 26, 57, 58, 29, 32, 61, 62 ]:
 Order := 64 > |
[ 6, 1, 15, 19, 21, 24, 4, 3, 2, 5, 7, 8, 11, 34, 25, 13, 39, 41, 43, 17, 45, 18, 14, 44, 20, 16, 9, 10, 12, 22, 23, 26, 30, 46, 33, 27, 57, 59, 61, 37, 63, 38, 62, 40, 64, 42, 35, 36, 28, 29, 31, 32, 47, 48, 49, 50, 51, 55, 52, 56, 53, 58, 54, 60 ],
[ 57, 37, 61, 49, 50, 51, 55, 39, 40, 56, 58, 17, 62, 52, 53, 43, 33, 27, 28, 35, 29, 36, 59, 31, 47, 19, 44, 60, 20, 48, 38, 4, 54, 32, 63, 24, 34, 13, 30, 14, 9, 16, 10, 23, 12, 26, 41, 6, 64, 25, 42, 7, 18, 1, 45, 15, 46, 21, 11, 3, 22, 5, 2, 8 ],
[ 63, 41, 64, 52, 43, 54, 59, 45, 18, 19, 38, 21, 42, 44, 60, 46, 29, 61, 32, 50, 62, 39, 24, 48, 56, 34, 22, 4, 5, 17, 6, 14, 20, 40, 25, 30, 9, 51, 12, 27, 53, 57, 26, 36, 58, 37, 15, 33, 7, 10, 1, 23, 3, 35, 11, 28, 2, 13, 31, 49, 8, 16, 47, 55 ]
],
[ PermutationGroup<64 |  
\[ 2, 9, 8, 7, 10, 1, 11, 12, 27, 28, 13, 29, 16, 23, 3, 26, 20, 22, 4, 25, 5, 30, 31, 6, 15, 32, 36, 49, 50, 33, 51, 52, 35, 14, 47, 48, 40, 42, 17, 44, 18, 46, 19, 24, 21, 34, 53, 54, 55, 56, 57, 59, 61, 63, 58, 60, 37, 62, 38, 64, 39, 43, 41, 45 ],
\[ 14, 23, 33, 21, 3, 34, 5, 35, 31, 8, 10, 47, 28, 13, 30, 49, 41, 6, 45, 18, 15, 1, 16, 46, 22, 55, 51, 12, 53, 2, 26, 58, 9, 11, 27, 57, 59, 19, 63, 38, 24, 4, 64, 42, 25, 7, 36, 37, 29, 61, 32, 62, 48, 40, 50, 39, 52, 56, 43, 17, 54, 60, 44, 20 ],
\[ 18, 22, 21, 38, 4, 41, 42, 5, 30, 7, 46, 10, 34, 6, 45, 14, 56, 17, 59, 60, 19, 20, 1, 63, 64, 23, 33, 11, 28, 25, 2, 31, 15, 24, 3, 35, 36, 37, 50, 48, 39, 40, 52, 54, 43, 44, 8, 47, 13, 49, 9, 51, 12, 53, 16, 55, 27, 26, 57, 58, 29, 32, 61, 62 ]:
 Order := 64 > |
[ 6, 1, 15, 19, 21, 24, 4, 3, 2, 5, 7, 8, 11, 34, 25, 13, 39, 41, 43, 17, 45, 18, 14, 44, 20, 16, 9, 10, 12, 22, 23, 26, 30, 46, 33, 27, 57, 59, 61, 37, 63, 38, 62, 40, 64, 42, 35, 36, 28, 29, 31, 32, 47, 48, 49, 50, 51, 55, 52, 56, 53, 58, 54, 60 ],
[ 7, 11, 1, 20, 22, 4, 25, 2, 13, 30, 15, 9, 3, 5, 6, 8, 40, 42, 17, 44, 18, 46, 10, 19, 24, 12, 16, 33, 27, 34, 28, 29, 14, 21, 23, 26, 58, 60, 37, 62, 38, 64, 39, 43, 41, 45, 31, 32, 35, 36, 49, 50, 51, 52, 47, 48, 55, 53, 56, 54, 57, 61, 59, 63 ],
[ 8, 12, 16, 1, 23, 3, 2, 26, 29, 31, 9, 32, 27, 35, 13, 36, 4, 5, 6, 7, 14, 10, 47, 15, 11, 48, 50, 51, 52, 28, 53, 54, 49, 33, 55, 56, 17, 18, 19, 20, 21, 22, 24, 25, 34, 30, 58, 60, 57, 59, 61, 63, 62, 64, 37, 38, 39, 40, 41, 42, 43, 44, 45, 46 ]
],
[ PermutationGroup<64 |  
\[ 2, 9, 8, 7, 10, 1, 11, 12, 27, 28, 13, 29, 16, 23, 3, 26, 20, 22, 4, 25, 5, 30, 31, 6, 15, 32, 36, 49, 50, 33, 51, 52, 35, 14, 47, 48, 40, 42, 17, 44, 18, 46, 19, 24, 21, 34, 53, 54, 55, 56, 57, 59, 61, 63, 58, 60, 37, 62, 38, 64, 39, 43, 41, 45 ],
\[ 14, 23, 33, 21, 3, 34, 5, 35, 31, 8, 10, 47, 28, 13, 30, 49, 41, 6, 45, 18, 15, 1, 16, 46, 22, 55, 51, 12, 53, 2, 26, 58, 9, 11, 27, 57, 59, 19, 63, 38, 24, 4, 64, 42, 25, 7, 36, 37, 29, 61, 32, 62, 48, 40, 50, 39, 52, 56, 43, 17, 54, 60, 44, 20 ],
\[ 18, 22, 21, 38, 4, 41, 42, 5, 30, 7, 46, 10, 34, 6, 45, 14, 56, 17, 59, 60, 19, 20, 1, 63, 64, 23, 33, 11, 28, 25, 2, 31, 15, 24, 3, 35, 36, 37, 50, 48, 39, 40, 52, 54, 43, 44, 8, 47, 13, 49, 9, 51, 12, 53, 16, 55, 27, 26, 57, 58, 29, 32, 61, 62 ]:
 Order := 64 > |
[ 6, 1, 15, 19, 21, 24, 4, 3, 2, 5, 7, 8, 11, 34, 25, 13, 39, 41, 43, 17, 45, 18, 14, 44, 20, 16, 9, 10, 12, 22, 23, 26, 30, 46, 33, 27, 57, 59, 61, 37, 63, 38, 62, 40, 64, 42, 35, 36, 28, 29, 31, 32, 47, 48, 49, 50, 51, 55, 52, 56, 53, 58, 54, 60 ],
[ 62, 43, 40, 53, 54, 58, 61, 44, 19, 63, 39, 24, 17, 60, 37, 20, 31, 32, 47, 51, 48, 52, 64, 55, 57, 25, 4, 41, 6, 59, 45, 15, 38, 56, 42, 7, 10, 12, 23, 28, 26, 29, 35, 49, 36, 50, 46, 11, 18, 1, 21, 3, 34, 13, 22, 2, 5, 30, 8, 9, 14, 33, 16, 27 ],
[ 56, 60, 59, 36, 37, 50, 48, 38, 64, 40, 54, 42, 63, 39, 52, 41, 16, 55, 27, 26, 57, 58, 17, 29, 32, 18, 45, 44, 46, 62, 20, 22, 43, 61, 19, 21, 3, 35, 13, 8, 49, 47, 9, 12, 51, 53, 4, 5, 24, 34, 25, 30, 7, 10, 6, 14, 15, 1, 33, 23, 11, 2, 28, 31 ]
],
[ PermutationGroup<64 |  
\[ 2, 9, 8, 7, 10, 1, 11, 12, 27, 28, 13, 29, 16, 23, 3, 26, 20, 22, 4, 25, 5, 30, 31, 6, 15, 32, 36, 49, 50, 33, 51, 52, 35, 14, 47, 48, 40, 42, 17, 44, 18, 46, 19, 24, 21, 34, 53, 54, 55, 56, 57, 59, 61, 63, 58, 60, 37, 62, 38, 64, 39, 43, 41, 45 ],
\[ 14, 23, 33, 21, 3, 34, 5, 35, 31, 8, 10, 47, 28, 13, 30, 49, 41, 6, 45, 18, 15, 1, 16, 46, 22, 55, 51, 12, 53, 2, 26, 58, 9, 11, 27, 57, 59, 19, 63, 38, 24, 4, 64, 42, 25, 7, 36, 37, 29, 61, 32, 62, 48, 40, 50, 39, 52, 56, 43, 17, 54, 60, 44, 20 ],
\[ 18, 22, 21, 38, 4, 41, 42, 5, 30, 7, 46, 10, 34, 6, 45, 14, 56, 17, 59, 60, 19, 20, 1, 63, 64, 23, 33, 11, 28, 25, 2, 31, 15, 24, 3, 35, 36, 37, 50, 48, 39, 40, 52, 54, 43, 44, 8, 47, 13, 49, 9, 51, 12, 53, 16, 55, 27, 26, 57, 58, 29, 32, 61, 62 ]:
 Order := 64 > |
[ 6, 1, 15, 19, 21, 24, 4, 3, 2, 5, 7, 8, 11, 34, 25, 13, 39, 41, 43, 17, 45, 18, 14, 44, 20, 16, 9, 10, 12, 22, 23, 26, 30, 46, 33, 27, 57, 59, 61, 37, 63, 38, 62, 40, 64, 42, 35, 36, 28, 29, 31, 32, 47, 48, 49, 50, 51, 55, 52, 56, 53, 58, 54, 60 ],
[ 3, 8, 13, 6, 14, 15, 1, 16, 12, 23, 2, 26, 9, 33, 11, 27, 19, 21, 24, 4, 34, 5, 35, 25, 7, 36, 29, 31, 32, 10, 47, 48, 28, 30, 49, 50, 39, 41, 43, 17, 45, 18, 44, 20, 46, 22, 55, 56, 51, 52, 53, 54, 58, 60, 57, 59, 61, 37, 63, 38, 62, 40, 64, 42 ],
[ 11, 13, 2, 25, 30, 7, 15, 9, 16, 33, 3, 27, 8, 10, 1, 12, 44, 46, 20, 24, 22, 34, 28, 4, 6, 29, 26, 35, 36, 14, 49, 50, 23, 5, 31, 32, 62, 64, 40, 43, 42, 45, 17, 19, 18, 21, 51, 52, 47, 48, 55, 56, 57, 59, 53, 54, 58, 61, 60, 63, 37, 39, 38, 41 ]
],
[ PermutationGroup<64 |  
\[ 2, 9, 8, 7, 10, 1, 11, 12, 27, 28, 13, 29, 16, 23, 3, 26, 20, 22, 4, 25, 5, 30, 31, 6, 15, 32, 36, 49, 50, 33, 51, 52, 35, 14, 47, 48, 40, 42, 17, 44, 18, 46, 19, 24, 21, 34, 53, 54, 55, 56, 57, 59, 61, 63, 58, 60, 37, 62, 38, 64, 39, 43, 41, 45 ],
\[ 14, 23, 33, 21, 3, 34, 5, 35, 31, 8, 10, 47, 28, 13, 30, 49, 41, 6, 45, 18, 15, 1, 16, 46, 22, 55, 51, 12, 53, 2, 26, 58, 9, 11, 27, 57, 59, 19, 63, 38, 24, 4, 64, 42, 25, 7, 36, 37, 29, 61, 32, 62, 48, 40, 50, 39, 52, 56, 43, 17, 54, 60, 44, 20 ],
\[ 18, 22, 21, 38, 4, 41, 42, 5, 30, 7, 46, 10, 34, 6, 45, 14, 56, 17, 59, 60, 19, 20, 1, 63, 64, 23, 33, 11, 28, 25, 2, 31, 15, 24, 3, 35, 36, 37, 50, 48, 39, 40, 52, 54, 43, 44, 8, 47, 13, 49, 9, 51, 12, 53, 16, 55, 27, 26, 57, 58, 29, 32, 61, 62 ]:
 Order := 64 > |
[ 6, 1, 15, 19, 21, 24, 4, 3, 2, 5, 7, 8, 11, 34, 25, 13, 39, 41, 43, 17, 45, 18, 14, 44, 20, 16, 9, 10, 12, 22, 23, 26, 30, 46, 33, 27, 57, 59, 61, 37, 63, 38, 62, 40, 64, 42, 35, 36, 28, 29, 31, 32, 47, 48, 49, 50, 51, 55, 52, 56, 53, 58, 54, 60 ],
[ 38, 42, 41, 56, 17, 59, 60, 18, 46, 20, 64, 22, 45, 19, 63, 21, 36, 37, 50, 48, 39, 40, 4, 52, 54, 5, 34, 25, 30, 44, 7, 10, 24, 43, 6, 14, 16, 55, 27, 26, 57, 58, 29, 32, 61, 62, 1, 23, 15, 33, 11, 28, 2, 31, 3, 35, 13, 8, 49, 47, 9, 12, 51, 53 ],
[ 53, 61, 58, 31, 32, 47, 51, 62, 39, 52, 57, 43, 37, 48, 55, 40, 10, 12, 23, 28, 26, 29, 54, 35, 49, 44, 17, 59, 19, 50, 63, 24, 56, 36, 60, 20, 22, 2, 5, 30, 8, 9, 14, 33, 16, 27, 64, 25, 38, 4, 41, 6, 45, 15, 42, 7, 18, 46, 1, 11, 21, 34, 3, 13 ]
],
[ PermutationGroup<64 |  
\[ 2, 9, 8, 7, 10, 1, 11, 12, 27, 28, 13, 29, 16, 23, 3, 26, 20, 22, 4, 25, 5, 30, 31, 6, 15, 32, 36, 49, 50, 33, 51, 52, 35, 14, 47, 48, 40, 42, 17, 44, 18, 46, 19, 24, 21, 34, 53, 54, 55, 56, 57, 59, 61, 63, 58, 60, 37, 62, 38, 64, 39, 43, 41, 45 ],
\[ 14, 23, 33, 21, 3, 34, 5, 35, 31, 8, 10, 47, 28, 13, 30, 49, 41, 6, 45, 18, 15, 1, 16, 46, 22, 55, 51, 12, 53, 2, 26, 58, 9, 11, 27, 57, 59, 19, 63, 38, 24, 4, 64, 42, 25, 7, 36, 37, 29, 61, 32, 62, 48, 40, 50, 39, 52, 56, 43, 17, 54, 60, 44, 20 ],
\[ 18, 22, 21, 38, 4, 41, 42, 5, 30, 7, 46, 10, 34, 6, 45, 14, 56, 17, 59, 60, 19, 20, 1, 63, 64, 23, 33, 11, 28, 25, 2, 31, 15, 24, 3, 35, 36, 37, 50, 48, 39, 40, 52, 54, 43, 44, 8, 47, 13, 49, 9, 51, 12, 53, 16, 55, 27, 26, 57, 58, 29, 32, 61, 62 ]:
 Order := 64 > |
[ 6, 1, 15, 19, 21, 24, 4, 3, 2, 5, 7, 8, 11, 34, 25, 13, 39, 41, 43, 17, 45, 18, 14, 44, 20, 16, 9, 10, 12, 22, 23, 26, 30, 46, 33, 27, 57, 59, 61, 37, 63, 38, 62, 40, 64, 42, 35, 36, 28, 29, 31, 32, 47, 48, 49, 50, 51, 55, 52, 56, 53, 58, 54, 60 ],
[ 28, 49, 31, 30, 9, 10, 33, 51, 55, 27, 35, 57, 47, 12, 23, 53, 46, 11, 22, 34, 2, 13, 29, 5, 14, 61, 58, 36, 37, 16, 50, 39, 26, 8, 32, 62, 64, 25, 42, 45, 7, 15, 18, 21, 1, 3, 52, 43, 48, 40, 56, 17, 59, 19, 54, 44, 60, 63, 20, 24, 38, 41, 4, 6 ],
[ 21, 5, 34, 41, 6, 45, 18, 14, 10, 1, 22, 23, 30, 15, 46, 33, 59, 19, 63, 38, 24, 4, 3, 64, 42, 35, 28, 2, 31, 7, 8, 47, 11, 25, 13, 49, 50, 39, 52, 56, 43, 17, 54, 60, 44, 20, 16, 55, 9, 51, 12, 53, 26, 58, 27, 57, 29, 36, 61, 37, 32, 48, 62, 40 ]
],
[ PermutationGroup<64 |  
\[ 2, 9, 8, 7, 10, 1, 11, 12, 27, 28, 13, 29, 16, 23, 3, 26, 20, 22, 4, 25, 5, 30, 31, 6, 15, 32, 36, 49, 50, 33, 51, 52, 35, 14, 47, 48, 40, 42, 17, 44, 18, 46, 19, 24, 21, 34, 53, 54, 55, 56, 57, 59, 61, 63, 58, 60, 37, 62, 38, 64, 39, 43, 41, 45 ],
\[ 14, 23, 33, 21, 3, 34, 5, 35, 31, 8, 10, 47, 28, 13, 30, 49, 41, 6, 45, 18, 15, 1, 16, 46, 22, 55, 51, 12, 53, 2, 26, 58, 9, 11, 27, 57, 59, 19, 63, 38, 24, 4, 64, 42, 25, 7, 36, 37, 29, 61, 32, 62, 48, 40, 50, 39, 52, 56, 43, 17, 54, 60, 44, 20 ],
\[ 18, 22, 21, 38, 4, 41, 42, 5, 30, 7, 46, 10, 34, 6, 45, 14, 56, 17, 59, 60, 19, 20, 1, 63, 64, 23, 33, 11, 28, 25, 2, 31, 15, 24, 3, 35, 36, 37, 50, 48, 39, 40, 52, 54, 43, 44, 8, 47, 13, 49, 9, 51, 12, 53, 16, 55, 27, 26, 57, 58, 29, 32, 61, 62 ]:
 Order := 64 > |
[ 6, 1, 15, 19, 21, 24, 4, 3, 2, 5, 7, 8, 11, 34, 25, 13, 39, 41, 43, 17, 45, 18, 14, 44, 20, 16, 9, 10, 12, 22, 23, 26, 30, 46, 33, 27, 57, 59, 61, 37, 63, 38, 62, 40, 64, 42, 35, 36, 28, 29, 31, 32, 47, 48, 49, 50, 51, 55, 52, 56, 53, 58, 54, 60 ],
[ 17, 20, 19, 37, 38, 39, 40, 4, 25, 42, 44, 7, 24, 41, 43, 6, 55, 56, 57, 58, 59, 60, 18, 61, 62, 1, 15, 46, 11, 64, 22, 2, 45, 63, 21, 3, 35, 36, 49, 47, 50, 48, 51, 53, 52, 54, 5, 8, 34, 13, 30, 9, 10, 12, 14, 16, 33, 23, 27, 26, 28, 31, 29, 32 ],
[ 32, 52, 48, 12, 53, 26, 29, 54, 59, 61, 50, 63, 56, 58, 36, 60, 2, 31, 8, 9, 47, 51, 62, 16, 27, 64, 38, 39, 41, 57, 43, 45, 37, 55, 40, 42, 7, 10, 1, 11, 23, 28, 3, 13, 35, 49, 44, 46, 17, 18, 19, 21, 24, 34, 20, 22, 4, 25, 5, 30, 6, 15, 14, 33 ]
],
[ PermutationGroup<64 |  
\[ 2, 9, 8, 7, 10, 1, 11, 12, 27, 28, 13, 29, 16, 23, 3, 26, 20, 22, 4, 25, 5, 30, 31, 6, 15, 32, 36, 49, 50, 33, 51, 52, 35, 14, 47, 48, 40, 42, 17, 44, 18, 46, 19, 24, 21, 34, 53, 54, 55, 56, 57, 59, 61, 63, 58, 60, 37, 62, 38, 64, 39, 43, 41, 45 ],
\[ 14, 23, 33, 21, 3, 34, 5, 35, 31, 8, 10, 47, 28, 13, 30, 49, 41, 6, 45, 18, 15, 1, 16, 46, 22, 55, 51, 12, 53, 2, 26, 58, 9, 11, 27, 57, 59, 19, 63, 38, 24, 4, 64, 42, 25, 7, 36, 37, 29, 61, 32, 62, 48, 40, 50, 39, 52, 56, 43, 17, 54, 60, 44, 20 ],
\[ 18, 22, 21, 38, 4, 41, 42, 5, 30, 7, 46, 10, 34, 6, 45, 14, 56, 17, 59, 60, 19, 20, 1, 63, 64, 23, 33, 11, 28, 25, 2, 31, 15, 24, 3, 35, 36, 37, 50, 48, 39, 40, 52, 54, 43, 44, 8, 47, 13, 49, 9, 51, 12, 53, 16, 55, 27, 26, 57, 58, 29, 32, 61, 62 ]:
 Order := 64 > |
[ 6, 1, 15, 19, 21, 24, 4, 3, 2, 5, 7, 8, 11, 34, 25, 13, 39, 41, 43, 17, 45, 18, 14, 44, 20, 16, 9, 10, 12, 22, 23, 26, 30, 46, 33, 27, 57, 59, 61, 37, 63, 38, 62, 40, 64, 42, 35, 36, 28, 29, 31, 32, 47, 48, 49, 50, 51, 55, 52, 56, 53, 58, 54, 60 ],
[ 24, 6, 25, 43, 45, 44, 19, 15, 1, 21, 4, 3, 7, 46, 20, 11, 61, 63, 62, 39, 64, 41, 34, 40, 17, 13, 2, 5, 8, 18, 14, 16, 22, 42, 30, 9, 51, 52, 53, 57, 54, 59, 58, 37, 60, 38, 33, 27, 10, 12, 23, 26, 35, 36, 28, 29, 31, 49, 32, 50, 47, 55, 48, 56 ],
[ 27, 36, 29, 13, 49, 9, 16, 50, 48, 55, 26, 56, 32, 51, 12, 52, 15, 33, 11, 3, 28, 35, 57, 2, 8, 59, 54, 58, 60, 47, 37, 38, 53, 31, 61, 63, 24, 34, 25, 6, 30, 14, 7, 1, 10, 23, 39, 41, 62, 64, 40, 42, 17, 18, 43, 45, 44, 19, 46, 21, 20, 4, 22, 5 ]
],
[ PermutationGroup<64 |  
\[ 2, 9, 8, 7, 10, 1, 11, 12, 27, 28, 13, 29, 16, 23, 3, 26, 20, 22, 4, 25, 5, 30, 31, 6, 15, 32, 36, 49, 50, 33, 51, 52, 35, 14, 47, 48, 40, 42, 17, 44, 18, 46, 19, 24, 21, 34, 53, 54, 55, 56, 57, 59, 61, 63, 58, 60, 37, 62, 38, 64, 39, 43, 41, 45 ],
\[ 14, 23, 33, 21, 3, 34, 5, 35, 31, 8, 10, 47, 28, 13, 30, 49, 41, 6, 45, 18, 15, 1, 16, 46, 22, 55, 51, 12, 53, 2, 26, 58, 9, 11, 27, 57, 59, 19, 63, 38, 24, 4, 64, 42, 25, 7, 36, 37, 29, 61, 32, 62, 48, 40, 50, 39, 52, 56, 43, 17, 54, 60, 44, 20 ],
\[ 18, 22, 21, 38, 4, 41, 42, 5, 30, 7, 46, 10, 34, 6, 45, 14, 56, 17, 59, 60, 19, 20, 1, 63, 64, 23, 33, 11, 28, 25, 2, 31, 15, 24, 3, 35, 36, 37, 50, 48, 39, 40, 52, 54, 43, 44, 8, 47, 13, 49, 9, 51, 12, 53, 16, 55, 27, 26, 57, 58, 29, 32, 61, 62 ]:
 Order := 64 > |
[ 6, 1, 15, 19, 21, 24, 4, 3, 2, 5, 7, 8, 11, 34, 25, 13, 39, 41, 43, 17, 45, 18, 14, 44, 20, 16, 9, 10, 12, 22, 23, 26, 30, 46, 33, 27, 57, 59, 61, 37, 63, 38, 62, 40, 64, 42, 35, 36, 28, 29, 31, 32, 47, 48, 49, 50, 51, 55, 52, 56, 53, 58, 54, 60 ],
[ 26, 32, 36, 8, 47, 16, 12, 48, 52, 53, 29, 54, 50, 55, 27, 56, 1, 23, 3, 2, 35, 31, 58, 13, 9, 60, 59, 61, 63, 51, 62, 64, 57, 49, 37, 38, 4, 5, 6, 7, 14, 10, 15, 11, 33, 28, 40, 42, 39, 41, 43, 45, 44, 46, 17, 18, 19, 20, 21, 22, 24, 25, 34, 30 ],
[ 20, 25, 4, 40, 42, 17, 44, 7, 15, 46, 24, 11, 6, 18, 19, 1, 58, 60, 37, 62, 38, 64, 22, 39, 43, 2, 3, 34, 13, 45, 30, 9, 21, 41, 5, 8, 47, 48, 55, 53, 56, 54, 57, 61, 59, 63, 10, 12, 14, 16, 33, 27, 28, 29, 23, 26, 35, 31, 36, 32, 49, 51, 50, 52 ]
],
[ PermutationGroup<64 |  
\[ 2, 9, 8, 7, 10, 1, 11, 12, 27, 28, 13, 29, 16, 23, 3, 26, 20, 22, 4, 25, 5, 30, 31, 6, 15, 32, 36, 49, 50, 33, 51, 52, 35, 14, 47, 48, 40, 42, 17, 44, 18, 46, 19, 24, 21, 34, 53, 54, 55, 56, 57, 59, 61, 63, 58, 60, 37, 62, 38, 64, 39, 43, 41, 45 ],
\[ 14, 23, 33, 21, 3, 34, 5, 35, 31, 8, 10, 47, 28, 13, 30, 49, 41, 6, 45, 18, 15, 1, 16, 46, 22, 55, 51, 12, 53, 2, 26, 58, 9, 11, 27, 57, 59, 19, 63, 38, 24, 4, 64, 42, 25, 7, 36, 37, 29, 61, 32, 62, 48, 40, 50, 39, 52, 56, 43, 17, 54, 60, 44, 20 ],
\[ 18, 22, 21, 38, 4, 41, 42, 5, 30, 7, 46, 10, 34, 6, 45, 14, 56, 17, 59, 60, 19, 20, 1, 63, 64, 23, 33, 11, 28, 25, 2, 31, 15, 24, 3, 35, 36, 37, 50, 48, 39, 40, 52, 54, 43, 44, 8, 47, 13, 49, 9, 51, 12, 53, 16, 55, 27, 26, 57, 58, 29, 32, 61, 62 ]:
 Order := 64 > |
[ 6, 1, 15, 19, 21, 24, 4, 3, 2, 5, 7, 8, 11, 34, 25, 13, 39, 41, 43, 17, 45, 18, 14, 44, 20, 16, 9, 10, 12, 22, 23, 26, 30, 46, 33, 27, 57, 59, 61, 37, 63, 38, 62, 40, 64, 42, 35, 36, 28, 29, 31, 32, 47, 48, 49, 50, 51, 55, 52, 56, 53, 58, 54, 60 ],
[ 45, 21, 46, 63, 24, 64, 41, 34, 5, 6, 18, 14, 22, 25, 42, 30, 52, 43, 54, 59, 44, 19, 15, 60, 38, 33, 10, 1, 23, 4, 3, 35, 7, 20, 11, 28, 29, 61, 32, 50, 62, 39, 48, 56, 40, 17, 13, 49, 2, 31, 8, 47, 16, 55, 9, 51, 12, 27, 53, 57, 26, 36, 58, 37 ],
[ 49, 55, 51, 33, 27, 28, 35, 57, 58, 36, 47, 37, 53, 29, 31, 61, 34, 13, 30, 14, 9, 16, 50, 10, 23, 39, 62, 48, 40, 26, 56, 17, 32, 12, 52, 43, 45, 15, 46, 21, 11, 3, 22, 5, 2, 8, 59, 19, 54, 44, 60, 20, 38, 4, 63, 24, 64, 41, 25, 6, 42, 18, 7, 1 ]
],
[ PermutationGroup<64 |  
\[ 2, 9, 8, 7, 10, 1, 11, 12, 27, 28, 13, 29, 16, 23, 3, 26, 20, 22, 4, 25, 5, 30, 31, 6, 15, 32, 36, 49, 50, 33, 51, 52, 35, 14, 47, 48, 40, 42, 17, 44, 18, 46, 19, 24, 21, 34, 53, 54, 55, 56, 57, 59, 61, 63, 58, 60, 37, 62, 38, 64, 39, 43, 41, 45 ],
\[ 14, 23, 33, 21, 3, 34, 5, 35, 31, 8, 10, 47, 28, 13, 30, 49, 41, 6, 45, 18, 15, 1, 16, 46, 22, 55, 51, 12, 53, 2, 26, 58, 9, 11, 27, 57, 59, 19, 63, 38, 24, 4, 64, 42, 25, 7, 36, 37, 29, 61, 32, 62, 48, 40, 50, 39, 52, 56, 43, 17, 54, 60, 44, 20 ],
\[ 18, 22, 21, 38, 4, 41, 42, 5, 30, 7, 46, 10, 34, 6, 45, 14, 56, 17, 59, 60, 19, 20, 1, 63, 64, 23, 33, 11, 28, 25, 2, 31, 15, 24, 3, 35, 36, 37, 50, 48, 39, 40, 52, 54, 43, 44, 8, 47, 13, 49, 9, 51, 12, 53, 16, 55, 27, 26, 57, 58, 29, 32, 61, 62 ]:
 Order := 64 > |
[ 6, 1, 15, 19, 21, 24, 4, 3, 2, 5, 7, 8, 11, 34, 25, 13, 39, 41, 43, 17, 45, 18, 14, 44, 20, 16, 9, 10, 12, 22, 23, 26, 30, 46, 33, 27, 57, 59, 61, 37, 63, 38, 62, 40, 64, 42, 35, 36, 28, 29, 31, 32, 47, 48, 49, 50, 51, 55, 52, 56, 53, 58, 54, 60 ],
[ 50, 56, 52, 27, 57, 29, 36, 59, 60, 37, 48, 38, 54, 61, 32, 63, 13, 49, 9, 16, 51, 55, 39, 12, 26, 41, 64, 40, 42, 58, 17, 18, 62, 53, 43, 45, 15, 33, 11, 3, 28, 35, 2, 8, 31, 47, 19, 21, 44, 46, 20, 22, 4, 5, 24, 34, 25, 6, 30, 14, 7, 1, 10, 23 ],
[ 43, 19, 44, 61, 63, 62, 39, 24, 4, 41, 17, 6, 20, 64, 40, 25, 51, 52, 53, 57, 54, 59, 45, 58, 37, 15, 7, 18, 1, 38, 21, 3, 42, 60, 46, 11, 28, 29, 31, 49, 32, 50, 47, 55, 48, 56, 34, 13, 22, 2, 5, 8, 14, 16, 30, 9, 10, 33, 12, 27, 23, 35, 26, 36 ]
],
[ PermutationGroup<64 |  
\[ 2, 9, 8, 7, 10, 1, 11, 12, 27, 28, 13, 29, 16, 23, 3, 26, 20, 22, 4, 25, 5, 30, 31, 6, 15, 32, 36, 49, 50, 33, 51, 52, 35, 14, 47, 48, 40, 42, 17, 44, 18, 46, 19, 24, 21, 34, 53, 54, 55, 56, 57, 59, 61, 63, 58, 60, 37, 62, 38, 64, 39, 43, 41, 45 ],
\[ 14, 23, 33, 21, 3, 34, 5, 35, 31, 8, 10, 47, 28, 13, 30, 49, 41, 6, 45, 18, 15, 1, 16, 46, 22, 55, 51, 12, 53, 2, 26, 58, 9, 11, 27, 57, 59, 19, 63, 38, 24, 4, 64, 42, 25, 7, 36, 37, 29, 61, 32, 62, 48, 40, 50, 39, 52, 56, 43, 17, 54, 60, 44, 20 ],
\[ 18, 22, 21, 38, 4, 41, 42, 5, 30, 7, 46, 10, 34, 6, 45, 14, 56, 17, 59, 60, 19, 20, 1, 63, 64, 23, 33, 11, 28, 25, 2, 31, 15, 24, 3, 35, 36, 37, 50, 48, 39, 40, 52, 54, 43, 44, 8, 47, 13, 49, 9, 51, 12, 53, 16, 55, 27, 26, 57, 58, 29, 32, 61, 62 ]:
 Order := 64 > |
[ 6, 1, 15, 19, 21, 24, 4, 3, 2, 5, 7, 8, 11, 34, 25, 13, 39, 41, 43, 17, 45, 18, 14, 44, 20, 16, 9, 10, 12, 22, 23, 26, 30, 46, 33, 27, 57, 59, 61, 37, 63, 38, 62, 40, 64, 42, 35, 36, 28, 29, 31, 32, 47, 48, 49, 50, 51, 55, 52, 56, 53, 58, 54, 60 ],
[ 22, 30, 5, 42, 7, 18, 46, 10, 33, 11, 34, 28, 14, 1, 21, 23, 60, 20, 38, 64, 4, 25, 2, 41, 45, 31, 35, 13, 49, 15, 9, 51, 3, 6, 8, 47, 48, 40, 56, 54, 17, 44, 59, 63, 19, 24, 12, 53, 16, 55, 27, 57, 29, 61, 26, 58, 36, 32, 37, 62, 50, 52, 39, 43 ],
[ 23, 31, 35, 5, 8, 14, 10, 47, 51, 12, 28, 53, 49, 16, 33, 55, 18, 1, 21, 22, 3, 2, 26, 34, 30, 58, 57, 29, 61, 9, 32, 62, 27, 13, 36, 37, 38, 4, 41, 42, 6, 7, 45, 46, 15, 11, 48, 40, 50, 39, 52, 43, 54, 44, 56, 17, 59, 60, 19, 20, 63, 64, 24, 25 ]
],
[ PermutationGroup<64 |  
\[ 2, 9, 8, 7, 10, 1, 11, 12, 27, 28, 13, 29, 16, 23, 3, 26, 20, 22, 4, 25, 5, 30, 31, 6, 15, 32, 36, 49, 50, 33, 51, 52, 35, 14, 47, 48, 40, 42, 17, 44, 18, 46, 19, 24, 21, 34, 53, 54, 55, 56, 57, 59, 61, 63, 58, 60, 37, 62, 38, 64, 39, 43, 41, 45 ],
\[ 14, 23, 33, 21, 3, 34, 5, 35, 31, 8, 10, 47, 28, 13, 30, 49, 41, 6, 45, 18, 15, 1, 16, 46, 22, 55, 51, 12, 53, 2, 26, 58, 9, 11, 27, 57, 59, 19, 63, 38, 24, 4, 64, 42, 25, 7, 36, 37, 29, 61, 32, 62, 48, 40, 50, 39, 52, 56, 43, 17, 54, 60, 44, 20 ],
\[ 18, 22, 21, 38, 4, 41, 42, 5, 30, 7, 46, 10, 34, 6, 45, 14, 56, 17, 59, 60, 19, 20, 1, 63, 64, 23, 33, 11, 28, 25, 2, 31, 15, 24, 3, 35, 36, 37, 50, 48, 39, 40, 52, 54, 43, 44, 8, 47, 13, 49, 9, 51, 12, 53, 16, 55, 27, 26, 57, 58, 29, 32, 61, 62 ]:
 Order := 64 > |
[ 6, 1, 15, 19, 21, 24, 4, 3, 2, 5, 7, 8, 11, 34, 25, 13, 39, 41, 43, 17, 45, 18, 14, 44, 20, 16, 9, 10, 12, 22, 23, 26, 30, 46, 33, 27, 57, 59, 61, 37, 63, 38, 62, 40, 64, 42, 35, 36, 28, 29, 31, 32, 47, 48, 49, 50, 51, 55, 52, 56, 53, 58, 54, 60 ],
[ 54, 63, 60, 32, 62, 48, 52, 64, 41, 43, 59, 45, 38, 40, 56, 42, 12, 53, 26, 29, 58, 61, 44, 36, 50, 46, 18, 19, 21, 39, 24, 34, 17, 37, 20, 22, 2, 31, 8, 9, 47, 51, 16, 27, 55, 57, 25, 30, 4, 5, 6, 14, 15, 33, 7, 10, 1, 11, 23, 28, 3, 13, 35, 49 ],
[ 37, 40, 39, 55, 56, 57, 58, 17, 44, 60, 62, 20, 43, 59, 61, 19, 35, 36, 49, 47, 50, 48, 38, 51, 53, 4, 24, 64, 25, 54, 42, 7, 63, 52, 41, 6, 14, 16, 33, 23, 27, 26, 28, 31, 29, 32, 18, 1, 45, 15, 46, 11, 22, 2, 21, 3, 34, 5, 13, 8, 30, 10, 9, 12 ]
],
[ PermutationGroup<64 |  
\[ 2, 9, 8, 7, 10, 1, 11, 12, 27, 28, 13, 29, 16, 23, 3, 26, 20, 22, 4, 25, 5, 30, 31, 6, 15, 32, 36, 49, 50, 33, 51, 52, 35, 14, 47, 48, 40, 42, 17, 44, 18, 46, 19, 24, 21, 34, 53, 54, 55, 56, 57, 59, 61, 63, 58, 60, 37, 62, 38, 64, 39, 43, 41, 45 ],
\[ 14, 23, 33, 21, 3, 34, 5, 35, 31, 8, 10, 47, 28, 13, 30, 49, 41, 6, 45, 18, 15, 1, 16, 46, 22, 55, 51, 12, 53, 2, 26, 58, 9, 11, 27, 57, 59, 19, 63, 38, 24, 4, 64, 42, 25, 7, 36, 37, 29, 61, 32, 62, 48, 40, 50, 39, 52, 56, 43, 17, 54, 60, 44, 20 ],
\[ 18, 22, 21, 38, 4, 41, 42, 5, 30, 7, 46, 10, 34, 6, 45, 14, 56, 17, 59, 60, 19, 20, 1, 63, 64, 23, 33, 11, 28, 25, 2, 31, 15, 24, 3, 35, 36, 37, 50, 48, 39, 40, 52, 54, 43, 44, 8, 47, 13, 49, 9, 51, 12, 53, 16, 55, 27, 26, 57, 58, 29, 32, 61, 62 ]:
 Order := 64 > |
[ 6, 1, 15, 19, 21, 24, 4, 3, 2, 5, 7, 8, 11, 34, 25, 13, 39, 41, 43, 17, 45, 18, 14, 44, 20, 16, 9, 10, 12, 22, 23, 26, 30, 46, 33, 27, 57, 59, 61, 37, 63, 38, 62, 40, 64, 42, 35, 36, 28, 29, 31, 32, 47, 48, 49, 50, 51, 55, 52, 56, 53, 58, 54, 60 ],
[ 14, 23, 33, 21, 3, 34, 5, 35, 31, 8, 10, 47, 28, 13, 30, 49, 41, 6, 45, 18, 15, 1, 16, 46, 22, 55, 51, 12, 53, 2, 26, 58, 9, 11, 27, 57, 59, 19, 63, 38, 24, 4, 64, 42, 25, 7, 36, 37, 29, 61, 32, 62, 48, 40, 50, 39, 52, 56, 43, 17, 54, 60, 44, 20 ],
[ 30, 33, 10, 46, 11, 22, 34, 28, 35, 13, 14, 49, 23, 2, 5, 31, 64, 25, 42, 45, 7, 15, 9, 18, 21, 51, 47, 16, 55, 3, 27, 57, 8, 1, 12, 53, 54, 44, 60, 63, 20, 24, 38, 41, 4, 6, 29, 61, 26, 58, 36, 37, 50, 39, 32, 62, 48, 52, 40, 43, 56, 59, 17, 19 ]
]
];
s`SolvableDBPointedPassport := [ PowerSequence(PermutationGroup<64 |  
\[ 2, 3, 4, 5, 6, 7, 8, 9, 10, 11, 12, 13, 14, 15, 16, 17, 18, 19, 20, 21, 22, 23, 24, 25, 26, 27, 28, 29, 30, 31, 32, 33, 34, 35, 36, 37, 38, 39, 40, 41, 42, 43, 44, 45, 46, 47, 48, 49, 50, 51, 52, 53, 54, 55, 56, 57, 58, 59, 60, 61, 62, 63, 64, 1 ],
\[ 2, 1, 3, 4, 5, 6, 7, 8, 9, 10, 11, 12, 13, 14, 15, 16, 17, 18, 19, 20, 21, 22, 23, 24, 25, 26, 27, 28, 29, 30, 31, 32, 33, 34, 35, 36, 37, 38, 39, 40, 41, 42, 43, 44, 45, 46, 47, 48, 49, 50, 51, 52, 53, 54, 55, 56, 57, 58, 59, 60, 61, 62, 63, 64 ]:
 Order := 126886932185884164103433389335161480802865516174545192198801894375214704230400000000000000 >) |
[ PermutationGroup<64 |  
\[ 2, 3, 4, 5, 6, 7, 8, 9, 10, 11, 12, 13, 14, 15, 16, 17, 18, 19, 20, 21, 22, 23, 24, 25, 26, 27, 28, 29, 30, 31, 32, 33, 34, 35, 36, 37, 38, 39, 40, 41, 42, 43, 44, 45, 46, 47, 48, 49, 50, 51, 52, 53, 54, 55, 56, 57, 58, 59, 60, 61, 62, 63, 64, 1 ],
\[ 2, 1, 3, 4, 5, 6, 7, 8, 9, 10, 11, 12, 13, 14, 15, 16, 17, 18, 19, 20, 21, 22, 23, 24, 25, 26, 27, 28, 29, 30, 31, 32, 33, 34, 35, 36, 37, 38, 39, 40, 41, 42, 43, 44, 45, 46, 47, 48, 49, 50, 51, 52, 53, 54, 55, 56, 57, 58, 59, 60, 61, 62, 63, 64 ]:
 Order := 126886932185884164103433389335161480802865516174545192198801894375214704230400000000000000 > |
[ 6, 1, 15, 19, 21, 24, 4, 3, 2, 5, 7, 8, 11, 34, 25, 13, 39, 41, 43, 17, 45, 18, 14, 44, 20, 16, 9, 10, 12, 22, 23, 26, 30, 46, 33, 27, 57, 59, 61, 37, 63, 38, 62, 40, 64, 42, 35, 36, 28, 29, 31, 32, 47, 48, 49, 50, 51, 55, 52, 56, 53, 58, 54, 60 ],
[ 9, 27, 12, 11, 28, 2, 13, 29, 36, 49, 16, 50, 26, 31, 8, 32, 25, 30, 7, 15, 10, 33, 51, 1, 3, 52, 48, 55, 56, 35, 57, 59, 47, 23, 53, 54, 44, 46, 20, 24, 22, 34, 4, 6, 5, 14, 61, 63, 58, 60, 37, 38, 39, 41, 62, 64, 40, 43, 42, 45, 17, 19, 18, 21 ],
[ 6, 1, 15, 19, 21, 24, 4, 3, 2, 5, 7, 8, 11, 34, 25, 13, 39, 41, 43, 17, 45, 18, 14, 44, 20, 16, 9, 10, 12, 22, 23, 26, 30, 46, 33, 27, 57, 59, 61, 37, 63, 38, 62, 40, 64, 42, 35, 36, 28, 29, 31, 32, 47, 48, 49, 50, 51, 55, 52, 56, 53, 58, 54, 60 ]
],
[ PermutationGroup<64 |  
\[ 2, 3, 4, 5, 6, 7, 8, 9, 10, 11, 12, 13, 14, 15, 16, 17, 18, 19, 20, 21, 22, 23, 24, 25, 26, 27, 28, 29, 30, 31, 32, 33, 34, 35, 36, 37, 38, 39, 40, 41, 42, 43, 44, 45, 46, 47, 48, 49, 50, 51, 52, 53, 54, 55, 56, 57, 58, 59, 60, 61, 62, 63, 64, 1 ],
\[ 2, 1, 3, 4, 5, 6, 7, 8, 9, 10, 11, 12, 13, 14, 15, 16, 17, 18, 19, 20, 21, 22, 23, 24, 25, 26, 27, 28, 29, 30, 31, 32, 33, 34, 35, 36, 37, 38, 39, 40, 41, 42, 43, 44, 45, 46, 47, 48, 49, 50, 51, 52, 53, 54, 55, 56, 57, 58, 59, 60, 61, 62, 63, 64 ]:
 Order := 126886932185884164103433389335161480802865516174545192198801894375214704230400000000000000 > |
[ 6, 1, 15, 19, 21, 24, 4, 3, 2, 5, 7, 8, 11, 34, 25, 13, 39, 41, 43, 17, 45, 18, 14, 44, 20, 16, 9, 10, 12, 22, 23, 26, 30, 46, 33, 27, 57, 59, 61, 37, 63, 38, 62, 40, 64, 42, 35, 36, 28, 29, 31, 32, 47, 48, 49, 50, 51, 55, 52, 56, 53, 58, 54, 60 ],
[ 47, 53, 55, 23, 26, 35, 31, 58, 61, 32, 51, 62, 57, 36, 49, 37, 5, 8, 14, 10, 16, 12, 48, 33, 28, 40, 39, 52, 43, 29, 54, 44, 50, 27, 56, 17, 18, 1, 21, 22, 3, 2, 34, 30, 13, 9, 60, 20, 59, 19, 63, 24, 64, 25, 38, 4, 41, 42, 6, 7, 45, 46, 15, 11 ],
[ 42, 46, 18, 60, 20, 38, 64, 22, 34, 25, 45, 30, 21, 4, 41, 5, 48, 40, 56, 54, 17, 44, 7, 59, 63, 10, 14, 15, 33, 24, 11, 28, 6, 19, 1, 23, 26, 58, 36, 32, 37, 62, 50, 52, 39, 43, 2, 31, 3, 35, 13, 49, 9, 51, 8, 47, 16, 12, 55, 53, 27, 29, 57, 61 ]
],
[ PermutationGroup<64 |  
\[ 2, 3, 4, 5, 6, 7, 8, 9, 10, 11, 12, 13, 14, 15, 16, 17, 18, 19, 20, 21, 22, 23, 24, 25, 26, 27, 28, 29, 30, 31, 32, 33, 34, 35, 36, 37, 38, 39, 40, 41, 42, 43, 44, 45, 46, 47, 48, 49, 50, 51, 52, 53, 54, 55, 56, 57, 58, 59, 60, 61, 62, 63, 64, 1 ],
\[ 2, 1, 3, 4, 5, 6, 7, 8, 9, 10, 11, 12, 13, 14, 15, 16, 17, 18, 19, 20, 21, 22, 23, 24, 25, 26, 27, 28, 29, 30, 31, 32, 33, 34, 35, 36, 37, 38, 39, 40, 41, 42, 43, 44, 45, 46, 47, 48, 49, 50, 51, 52, 53, 54, 55, 56, 57, 58, 59, 60, 61, 62, 63, 64 ]:
 Order := 126886932185884164103433389335161480802865516174545192198801894375214704230400000000000000 > |
[ 6, 1, 15, 19, 21, 24, 4, 3, 2, 5, 7, 8, 11, 34, 25, 13, 39, 41, 43, 17, 45, 18, 14, 44, 20, 16, 9, 10, 12, 22, 23, 26, 30, 46, 33, 27, 57, 59, 61, 37, 63, 38, 62, 40, 64, 42, 35, 36, 28, 29, 31, 32, 47, 48, 49, 50, 51, 55, 52, 56, 53, 58, 54, 60 ],
[ 57, 37, 61, 49, 50, 51, 55, 39, 40, 56, 58, 17, 62, 52, 53, 43, 33, 27, 28, 35, 29, 36, 59, 31, 47, 19, 44, 60, 20, 48, 38, 4, 54, 32, 63, 24, 34, 13, 30, 14, 9, 16, 10, 23, 12, 26, 41, 6, 64, 25, 42, 7, 18, 1, 45, 15, 46, 21, 11, 3, 22, 5, 2, 8 ],
[ 63, 41, 64, 52, 43, 54, 59, 45, 18, 19, 38, 21, 42, 44, 60, 46, 29, 61, 32, 50, 62, 39, 24, 48, 56, 34, 22, 4, 5, 17, 6, 14, 20, 40, 25, 30, 9, 51, 12, 27, 53, 57, 26, 36, 58, 37, 15, 33, 7, 10, 1, 23, 3, 35, 11, 28, 2, 13, 31, 49, 8, 16, 47, 55 ]
],
[ PermutationGroup<64 |  
\[ 2, 3, 4, 5, 6, 7, 8, 9, 10, 11, 12, 13, 14, 15, 16, 17, 18, 19, 20, 21, 22, 23, 24, 25, 26, 27, 28, 29, 30, 31, 32, 33, 34, 35, 36, 37, 38, 39, 40, 41, 42, 43, 44, 45, 46, 47, 48, 49, 50, 51, 52, 53, 54, 55, 56, 57, 58, 59, 60, 61, 62, 63, 64, 1 ],
\[ 2, 1, 3, 4, 5, 6, 7, 8, 9, 10, 11, 12, 13, 14, 15, 16, 17, 18, 19, 20, 21, 22, 23, 24, 25, 26, 27, 28, 29, 30, 31, 32, 33, 34, 35, 36, 37, 38, 39, 40, 41, 42, 43, 44, 45, 46, 47, 48, 49, 50, 51, 52, 53, 54, 55, 56, 57, 58, 59, 60, 61, 62, 63, 64 ]:
 Order := 126886932185884164103433389335161480802865516174545192198801894375214704230400000000000000 > |
[ 6, 1, 15, 19, 21, 24, 4, 3, 2, 5, 7, 8, 11, 34, 25, 13, 39, 41, 43, 17, 45, 18, 14, 44, 20, 16, 9, 10, 12, 22, 23, 26, 30, 46, 33, 27, 57, 59, 61, 37, 63, 38, 62, 40, 64, 42, 35, 36, 28, 29, 31, 32, 47, 48, 49, 50, 51, 55, 52, 56, 53, 58, 54, 60 ],
[ 7, 11, 1, 20, 22, 4, 25, 2, 13, 30, 15, 9, 3, 5, 6, 8, 40, 42, 17, 44, 18, 46, 10, 19, 24, 12, 16, 33, 27, 34, 28, 29, 14, 21, 23, 26, 58, 60, 37, 62, 38, 64, 39, 43, 41, 45, 31, 32, 35, 36, 49, 50, 51, 52, 47, 48, 55, 53, 56, 54, 57, 61, 59, 63 ],
[ 8, 12, 16, 1, 23, 3, 2, 26, 29, 31, 9, 32, 27, 35, 13, 36, 4, 5, 6, 7, 14, 10, 47, 15, 11, 48, 50, 51, 52, 28, 53, 54, 49, 33, 55, 56, 17, 18, 19, 20, 21, 22, 24, 25, 34, 30, 58, 60, 57, 59, 61, 63, 62, 64, 37, 38, 39, 40, 41, 42, 43, 44, 45, 46 ]
],
[ PermutationGroup<64 |  
\[ 2, 3, 4, 5, 6, 7, 8, 9, 10, 11, 12, 13, 14, 15, 16, 17, 18, 19, 20, 21, 22, 23, 24, 25, 26, 27, 28, 29, 30, 31, 32, 33, 34, 35, 36, 37, 38, 39, 40, 41, 42, 43, 44, 45, 46, 47, 48, 49, 50, 51, 52, 53, 54, 55, 56, 57, 58, 59, 60, 61, 62, 63, 64, 1 ],
\[ 2, 1, 3, 4, 5, 6, 7, 8, 9, 10, 11, 12, 13, 14, 15, 16, 17, 18, 19, 20, 21, 22, 23, 24, 25, 26, 27, 28, 29, 30, 31, 32, 33, 34, 35, 36, 37, 38, 39, 40, 41, 42, 43, 44, 45, 46, 47, 48, 49, 50, 51, 52, 53, 54, 55, 56, 57, 58, 59, 60, 61, 62, 63, 64 ]:
 Order := 126886932185884164103433389335161480802865516174545192198801894375214704230400000000000000 > |
[ 6, 1, 15, 19, 21, 24, 4, 3, 2, 5, 7, 8, 11, 34, 25, 13, 39, 41, 43, 17, 45, 18, 14, 44, 20, 16, 9, 10, 12, 22, 23, 26, 30, 46, 33, 27, 57, 59, 61, 37, 63, 38, 62, 40, 64, 42, 35, 36, 28, 29, 31, 32, 47, 48, 49, 50, 51, 55, 52, 56, 53, 58, 54, 60 ],
[ 62, 43, 40, 53, 54, 58, 61, 44, 19, 63, 39, 24, 17, 60, 37, 20, 31, 32, 47, 51, 48, 52, 64, 55, 57, 25, 4, 41, 6, 59, 45, 15, 38, 56, 42, 7, 10, 12, 23, 28, 26, 29, 35, 49, 36, 50, 46, 11, 18, 1, 21, 3, 34, 13, 22, 2, 5, 30, 8, 9, 14, 33, 16, 27 ],
[ 56, 60, 59, 36, 37, 50, 48, 38, 64, 40, 54, 42, 63, 39, 52, 41, 16, 55, 27, 26, 57, 58, 17, 29, 32, 18, 45, 44, 46, 62, 20, 22, 43, 61, 19, 21, 3, 35, 13, 8, 49, 47, 9, 12, 51, 53, 4, 5, 24, 34, 25, 30, 7, 10, 6, 14, 15, 1, 33, 23, 11, 2, 28, 31 ]
],
[ PermutationGroup<64 |  
\[ 2, 3, 4, 5, 6, 7, 8, 9, 10, 11, 12, 13, 14, 15, 16, 17, 18, 19, 20, 21, 22, 23, 24, 25, 26, 27, 28, 29, 30, 31, 32, 33, 34, 35, 36, 37, 38, 39, 40, 41, 42, 43, 44, 45, 46, 47, 48, 49, 50, 51, 52, 53, 54, 55, 56, 57, 58, 59, 60, 61, 62, 63, 64, 1 ],
\[ 2, 1, 3, 4, 5, 6, 7, 8, 9, 10, 11, 12, 13, 14, 15, 16, 17, 18, 19, 20, 21, 22, 23, 24, 25, 26, 27, 28, 29, 30, 31, 32, 33, 34, 35, 36, 37, 38, 39, 40, 41, 42, 43, 44, 45, 46, 47, 48, 49, 50, 51, 52, 53, 54, 55, 56, 57, 58, 59, 60, 61, 62, 63, 64 ]:
 Order := 126886932185884164103433389335161480802865516174545192198801894375214704230400000000000000 > |
[ 6, 1, 15, 19, 21, 24, 4, 3, 2, 5, 7, 8, 11, 34, 25, 13, 39, 41, 43, 17, 45, 18, 14, 44, 20, 16, 9, 10, 12, 22, 23, 26, 30, 46, 33, 27, 57, 59, 61, 37, 63, 38, 62, 40, 64, 42, 35, 36, 28, 29, 31, 32, 47, 48, 49, 50, 51, 55, 52, 56, 53, 58, 54, 60 ],
[ 3, 8, 13, 6, 14, 15, 1, 16, 12, 23, 2, 26, 9, 33, 11, 27, 19, 21, 24, 4, 34, 5, 35, 25, 7, 36, 29, 31, 32, 10, 47, 48, 28, 30, 49, 50, 39, 41, 43, 17, 45, 18, 44, 20, 46, 22, 55, 56, 51, 52, 53, 54, 58, 60, 57, 59, 61, 37, 63, 38, 62, 40, 64, 42 ],
[ 11, 13, 2, 25, 30, 7, 15, 9, 16, 33, 3, 27, 8, 10, 1, 12, 44, 46, 20, 24, 22, 34, 28, 4, 6, 29, 26, 35, 36, 14, 49, 50, 23, 5, 31, 32, 62, 64, 40, 43, 42, 45, 17, 19, 18, 21, 51, 52, 47, 48, 55, 56, 57, 59, 53, 54, 58, 61, 60, 63, 37, 39, 38, 41 ]
],
[ PermutationGroup<64 |  
\[ 2, 3, 4, 5, 6, 7, 8, 9, 10, 11, 12, 13, 14, 15, 16, 17, 18, 19, 20, 21, 22, 23, 24, 25, 26, 27, 28, 29, 30, 31, 32, 33, 34, 35, 36, 37, 38, 39, 40, 41, 42, 43, 44, 45, 46, 47, 48, 49, 50, 51, 52, 53, 54, 55, 56, 57, 58, 59, 60, 61, 62, 63, 64, 1 ],
