s := SolvableDBObjectInitialize();

/*
Basic Information about the Passport
*/

s`SolvableDBName := "64S11-4,8,8-g17-path4";
s`SolvableDBFilename := "64S11-4,8,8-g17-path4.m";
s`SolvableDBPathNumber := 4;
s`SolvableDBDegree := 64;
s`SolvableDBABC := \[ 4, 8, 8 ];
s`SolvableDBType := "Hyperbolic";
s`SolvableDBGenus := 17;
s`SolvableDBGaloisOrbitSize := 1;
s`SolvableDBPassportSize := 2;
s`SolvableDBPointedPassportSize := 2;
s`SolvableDBLevel := 6;
s`SolvableDBBlocks := {@ PowerSet(IntegerRing()) |
{ IntegerRing() | 1, 5 },
{ IntegerRing() | 2, 6 },
{ IntegerRing() | 3, 14 },
{ IntegerRing() | 4, 10 },
{ IntegerRing() | 7, 21 },
{ IntegerRing() | 8, 15 },
{ IntegerRing() | 9, 22 },
{ IntegerRing() | 11, 23 },
{ IntegerRing() | 12, 27 },
{ IntegerRing() | 13, 29 },
{ IntegerRing() | 16, 38 },
{ IntegerRing() | 17, 19 },
{ IntegerRing() | 18, 33 },
{ IntegerRing() | 20, 34 },
{ IntegerRing() | 24, 26 },
{ IntegerRing() | 25, 46 },
{ IntegerRing() | 28, 42 },
{ IntegerRing() | 30, 35 },
{ IntegerRing() | 31, 36 },
{ IntegerRing() | 32, 50 },
{ IntegerRing() | 37, 44 },
{ IntegerRing() | 39, 40 },
{ IntegerRing() | 41, 55 },
{ IntegerRing() | 43, 59 },
{ IntegerRing() | 45, 56 },
{ IntegerRing() | 47, 58 },
{ IntegerRing() | 48, 52 },
{ IntegerRing() | 49, 57 },
{ IntegerRing() | 51, 53 },
{ IntegerRing() | 54, 61 },
{ IntegerRing() | 60, 63 },
{ IntegerRing() | 62, 64 }
@};

/*
Permutations and Passports
*/

s`SolvableDBGaloisOrbit := [ PowerSequence(PermutationGroup<64 |  
\[ 2, 3, 4, 5, 6, 7, 8, 9, 10, 11, 12, 13, 14, 15, 16, 17, 18, 19, 20, 21, 22, 23, 24, 25, 26, 27, 28, 29, 30, 31, 32, 33, 34, 35, 36, 37, 38, 39, 40, 41, 42, 43, 44, 45, 46, 47, 48, 49, 50, 51, 52, 53, 54, 55, 56, 57, 58, 59, 60, 61, 62, 63, 64, 1 ],
\[ 2, 1, 3, 4, 5, 6, 7, 8, 9, 10, 11, 12, 13, 14, 15, 16, 17, 18, 19, 20, 21, 22, 23, 24, 25, 26, 27, 28, 29, 30, 31, 32, 33, 34, 35, 36, 37, 38, 39, 40, 41, 42, 43, 44, 45, 46, 47, 48, 49, 50, 51, 52, 53, 54, 55, 56, 57, 58, 59, 60, 61, 62, 63, 64 ]:
 Order := 126886932185884164103433389335161480802865516174545192198801894375214704230400000000000000 >) |
[ PermutationGroup<64 |  
\[ 2, 3, 4, 5, 6, 7, 8, 9, 10, 11, 12, 13, 14, 15, 16, 17, 18, 19, 20, 21, 22, 23, 24, 25, 26, 27, 28, 29, 30, 31, 32, 33, 34, 35, 36, 37, 38, 39, 40, 41, 42, 43, 44, 45, 46, 47, 48, 49, 50, 51, 52, 53, 54, 55, 56, 57, 58, 59, 60, 61, 62, 63, 64, 1 ],
\[ 2, 1, 3, 4, 5, 6, 7, 8, 9, 10, 11, 12, 13, 14, 15, 16, 17, 18, 19, 20, 21, 22, 23, 24, 25, 26, 27, 28, 29, 30, 31, 32, 33, 34, 35, 36, 37, 38, 39, 40, 41, 42, 43, 44, 45, 46, 47, 48, 49, 50, 51, 52, 53, 54, 55, 56, 57, 58, 59, 60, 61, 62, 63, 64 ]:
 Order := 126886932185884164103433389335161480802865516174545192198801894375214704230400000000000000 > |
[ 2, 5, 8, 17, 6, 1, 24, 14, 11, 19, 22, 16, 39, 15, 3, 27, 10, 46, 4, 32, 26, 23, 9, 21, 18, 7, 38, 30, 40, 42, 53, 34, 25, 50, 28, 51, 48, 12, 29, 13, 54, 35, 45, 52, 59, 33, 57, 44, 47, 20, 31, 37, 36, 55, 61, 43, 58, 49, 56, 62, 41, 63, 64, 60 ],
[ 3, 9, 12, 6, 14, 22, 1, 28, 20, 2, 35, 21, 15, 27, 42, 43, 40, 19, 39, 4, 5, 34, 30, 51, 26, 53, 7, 41, 8, 56, 23, 54, 17, 10, 45, 11, 38, 59, 52, 48, 13, 55, 60, 16, 31, 24, 25, 18, 50, 61, 47, 33, 58, 62, 29, 36, 32, 46, 63, 37, 64, 49, 44, 57 ],
[ 4, 7, 13, 18, 10, 21, 25, 1, 31, 33, 2, 37, 17, 29, 5, 3, 20, 47, 34, 49, 46, 36, 6, 27, 52, 12, 44, 11, 19, 8, 24, 9, 58, 57, 15, 26, 39, 14, 41, 55, 50, 23, 30, 40, 16, 48, 62, 60, 53, 22, 56, 63, 45, 28, 32, 38, 51, 64, 35, 61, 42, 43, 54, 59 ]
]
];
s`SolvableDBPassport := [ PowerSequence(PermutationGroup<64 |  
\[ 2, 5, 8, 17, 6, 1, 24, 14, 11, 19, 22, 16, 39, 15, 3, 27, 10, 46, 4, 32, 26, 23, 9, 21, 18, 7, 38, 30, 40, 42, 53, 34, 25, 50, 28, 51, 48, 12, 29, 13, 54, 35, 45, 52, 59, 33, 57, 44, 47, 20, 31, 37, 36, 55, 61, 43, 58, 49, 56, 62, 41, 63, 64, 60 ],
\[ 3, 9, 12, 6, 14, 22, 1, 28, 20, 2, 35, 21, 15, 27, 42, 43, 40, 19, 39, 4, 5, 34, 30, 51, 26, 53, 7, 41, 8, 56, 23, 54, 17, 10, 45, 11, 38, 59, 52, 48, 13, 55, 60, 16, 31, 24, 25, 18, 50, 61, 47, 33, 58, 62, 29, 36, 32, 46, 63, 37, 64, 49, 44, 57 ],
\[ 4, 7, 13, 18, 10, 21, 25, 1, 31, 33, 2, 37, 17, 29, 5, 3, 20, 47, 34, 49, 46, 36, 6, 27, 52, 12, 44, 11, 19, 8, 24, 9, 58, 57, 15, 26, 39, 14, 41, 55, 50, 23, 30, 40, 16, 48, 62, 60, 53, 22, 56, 63, 45, 28, 32, 38, 51, 64, 35, 61, 42, 43, 54, 59 ]:
 Order := 64 >) |
[ PermutationGroup<64 |  
\[ 2, 5, 8, 17, 6, 1, 24, 14, 11, 19, 22, 16, 39, 15, 3, 27, 10, 46, 4, 32, 26, 23, 9, 21, 18, 7, 38, 30, 40, 42, 53, 34, 25, 50, 28, 51, 48, 12, 29, 13, 54, 35, 45, 52, 59, 33, 57, 44, 47, 20, 31, 37, 36, 55, 61, 43, 58, 49, 56, 62, 41, 63, 64, 60 ],
\[ 3, 9, 12, 6, 14, 22, 1, 28, 20, 2, 35, 21, 15, 27, 42, 43, 40, 19, 39, 4, 5, 34, 30, 51, 26, 53, 7, 41, 8, 56, 23, 54, 17, 10, 45, 11, 38, 59, 52, 48, 13, 55, 60, 16, 31, 24, 25, 18, 50, 61, 47, 33, 58, 62, 29, 36, 32, 46, 63, 37, 64, 49, 44, 57 ],
\[ 4, 7, 13, 18, 10, 21, 25, 1, 31, 33, 2, 37, 17, 29, 5, 3, 20, 47, 34, 49, 46, 36, 6, 27, 52, 12, 44, 11, 19, 8, 24, 9, 58, 57, 15, 26, 39, 14, 41, 55, 50, 23, 30, 40, 16, 48, 62, 60, 53, 22, 56, 63, 45, 28, 32, 38, 51, 64, 35, 61, 42, 43, 54, 59 ]:
 Order := 64 > |
[ 51, 39, 9, 54, 53, 40, 59, 48, 14, 61, 47, 28, 62, 22, 52, 33, 26, 16, 24, 35, 43, 3, 58, 17, 32, 19, 42, 27, 64, 20, 63, 46, 38, 30, 34, 60, 49, 18, 6, 2, 56, 12, 7, 57, 41, 50, 23, 15, 44, 25, 5, 8, 1, 10, 45, 55, 37, 11, 21, 31, 4, 29, 36, 13 ],
[ 3, 9, 12, 6, 14, 22, 1, 28, 20, 2, 35, 21, 15, 27, 42, 43, 40, 19, 39, 4, 5, 34, 30, 51, 26, 53, 7, 41, 8, 56, 23, 54, 17, 10, 45, 11, 38, 59, 52, 48, 13, 55, 60, 16, 31, 24, 25, 18, 50, 61, 47, 33, 58, 62, 29, 36, 32, 46, 63, 37, 64, 49, 44, 57 ],
[ 26, 17, 6, 50, 24, 19, 16, 39, 1, 32, 53, 15, 61, 2, 40, 48, 46, 37, 25, 23, 38, 5, 51, 18, 49, 33, 8, 3, 54, 22, 43, 47, 44, 11, 9, 59, 64, 52, 10, 4, 35, 14, 12, 62, 42, 57, 36, 29, 60, 58, 7, 13, 21, 20, 30, 28, 63, 31, 27, 56, 34, 41, 45, 55 ]
],
[ PermutationGroup<64 |  
\[ 2, 5, 8, 17, 6, 1, 24, 14, 11, 19, 22, 16, 39, 15, 3, 27, 10, 46, 4, 32, 26, 23, 9, 21, 18, 7, 38, 30, 40, 42, 53, 34, 25, 50, 28, 51, 48, 12, 29, 13, 54, 35, 45, 52, 59, 33, 57, 44, 47, 20, 31, 37, 36, 55, 61, 43, 58, 49, 56, 62, 41, 63, 64, 60 ],
\[ 3, 9, 12, 6, 14, 22, 1, 28, 20, 2, 35, 21, 15, 27, 42, 43, 40, 19, 39, 4, 5, 34, 30, 51, 26, 53, 7, 41, 8, 56, 23, 54, 17, 10, 45, 11, 38, 59, 52, 48, 13, 55, 60, 16, 31, 24, 25, 18, 50, 61, 47, 33, 58, 62, 29, 36, 32, 46, 63, 37, 64, 49, 44, 57 ],
\[ 4, 7, 13, 18, 10, 21, 25, 1, 31, 33, 2, 37, 17, 29, 5, 3, 20, 47, 34, 49, 46, 36, 6, 27, 52, 12, 44, 11, 19, 8, 24, 9, 58, 57, 15, 26, 39, 14, 41, 55, 50, 23, 30, 40, 16, 48, 62, 60, 53, 22, 56, 63, 45, 28, 32, 38, 51, 64, 35, 61, 42, 43, 54, 59 ]:
 Order := 64 > |
[ 46, 18, 10, 57, 25, 33, 37, 17, 21, 49, 24, 29, 32, 4, 19, 39, 47, 63, 58, 36, 44, 7, 26, 52, 64, 48, 13, 5, 50, 2, 38, 53, 60, 31, 6, 16, 54, 40, 20, 34, 23, 1, 14, 61, 8, 62, 45, 41, 59, 51, 12, 55, 27, 22, 11, 15, 43, 56, 3, 35, 9, 42, 30, 28 ],
[ 3, 9, 12, 6, 14, 22, 1, 28, 20, 2, 35, 21, 15, 27, 42, 43, 40, 19, 39, 4, 5, 34, 30, 51, 26, 53, 7, 41, 8, 56, 23, 54, 17, 10, 45, 11, 38, 59, 52, 48, 13, 55, 60, 16, 31, 24, 25, 18, 50, 61, 47, 33, 58, 62, 29, 36, 32, 46, 63, 37, 64, 49, 44, 57 ],
[ 15, 23, 38, 5, 8, 11, 6, 35, 50, 1, 42, 24, 14, 16, 30, 56, 29, 10, 13, 19, 2, 32, 28, 36, 21, 31, 26, 61, 3, 59, 22, 41, 4, 17, 43, 9, 27, 45, 44, 37, 40, 54, 64, 12, 51, 7, 33, 25, 34, 55, 49, 46, 57, 60, 39, 53, 20, 18, 62, 52, 63, 58, 48, 47 ]
]
];
s`SolvableDBPointedPassport := [ PowerSequence(PermutationGroup<64 |  
\[ 2, 5, 8, 17, 6, 1, 24, 14, 11, 19, 22, 16, 39, 15, 3, 27, 10, 46, 4, 32, 26, 23, 9, 21, 18, 7, 38, 30, 40, 42, 53, 34, 25, 50, 28, 51, 48, 12, 29, 13, 54, 35, 45, 52, 59, 33, 57, 44, 47, 20, 31, 37, 36, 55, 61, 43, 58, 49, 56, 62, 41, 63, 64, 60 ],
\[ 3, 9, 12, 6, 14, 22, 1, 28, 20, 2, 35, 21, 15, 27, 42, 43, 40, 19, 39, 4, 5, 34, 30, 51, 26, 53, 7, 41, 8, 56, 23, 54, 17, 10, 45, 11, 38, 59, 52, 48, 13, 55, 60, 16, 31, 24, 25, 18, 50, 61, 47, 33, 58, 62, 29, 36, 32, 46, 63, 37, 64, 49, 44, 57 ],
\[ 4, 7, 13, 18, 10, 21, 25, 1, 31, 33, 2, 37, 17, 29, 5, 3, 20, 47, 34, 49, 46, 36, 6, 27, 52, 12, 44, 11, 19, 8, 24, 9, 58, 57, 15, 26, 39, 14, 41, 55, 50, 23, 30, 40, 16, 48, 62, 60, 53, 22, 56, 63, 45, 28, 32, 38, 51, 64, 35, 61, 42, 43, 54, 59 ]:
 Order := 64 >) |
[ PermutationGroup<64 |  
\[ 2, 5, 8, 17, 6, 1, 24, 14, 11, 19, 22, 16, 39, 15, 3, 27, 10, 46, 4, 32, 26, 23, 9, 21, 18, 7, 38, 30, 40, 42, 53, 34, 25, 50, 28, 51, 48, 12, 29, 13, 54, 35, 45, 52, 59, 33, 57, 44, 47, 20, 31, 37, 36, 55, 61, 43, 58, 49, 56, 62, 41, 63, 64, 60 ],
\[ 3, 9, 12, 6, 14, 22, 1, 28, 20, 2, 35, 21, 15, 27, 42, 43, 40, 19, 39, 4, 5, 34, 30, 51, 26, 53, 7, 41, 8, 56, 23, 54, 17, 10, 45, 11, 38, 59, 52, 48, 13, 55, 60, 16, 31, 24, 25, 18, 50, 61, 47, 33, 58, 62, 29, 36, 32, 46, 63, 37, 64, 49, 44, 57 ],
\[ 4, 7, 13, 18, 10, 21, 25, 1, 31, 33, 2, 37, 17, 29, 5, 3, 20, 47, 34, 49, 46, 36, 6, 27, 52, 12, 44, 11, 19, 8, 24, 9, 58, 57, 15, 26, 39, 14, 41, 55, 50, 23, 30, 40, 16, 48, 62, 60, 53, 22, 56, 63, 45, 28, 32, 38, 51, 64, 35, 61, 42, 43, 54, 59 ]:
 Order := 64 > |
[ 23, 8, 35, 29, 11, 15, 36, 16, 42, 13, 32, 56, 44, 30, 38, 26, 1, 7, 5, 41, 31, 28, 50, 2, 10, 6, 45, 59, 37, 54, 57, 17, 21, 55, 61, 49, 25, 24, 3, 14, 60, 43, 51, 46, 62, 4, 20, 12, 33, 19, 22, 27, 9, 39, 63, 64, 18, 34, 53, 58, 40, 48, 47, 52 ],
[ 10, 21, 29, 33, 4, 7, 46, 5, 36, 18, 6, 44, 19, 13, 1, 14, 34, 58, 20, 57, 25, 31, 2, 12, 48, 27, 37, 23, 17, 15, 26, 22, 47, 49, 8, 24, 40, 3, 55, 41, 32, 11, 35, 39, 38, 52, 64, 63, 51, 9, 45, 60, 56, 42, 50, 16, 53, 62, 30, 54, 28, 59, 61, 43 ],
[ 29, 36, 44, 7, 13, 31, 10, 23, 57, 21, 8, 25, 1, 37, 11, 35, 41, 20, 55, 33, 4, 49, 15, 45, 27, 56, 46, 32, 5, 16, 2, 42, 34, 18, 38, 6, 3, 30, 60, 63, 19, 50, 54, 14, 26, 12, 48, 58, 9, 28, 64, 47, 62, 59, 17, 24, 22, 52, 61, 40, 43, 51, 39, 53 ]
],
[ PermutationGroup<64 |  
\[ 2, 5, 8, 17, 6, 1, 24, 14, 11, 19, 22, 16, 39, 15, 3, 27, 10, 46, 4, 32, 26, 23, 9, 21, 18, 7, 38, 30, 40, 42, 53, 34, 25, 50, 28, 51, 48, 12, 29, 13, 54, 35, 45, 52, 59, 33, 57, 44, 47, 20, 31, 37, 36, 55, 61, 43, 58, 49, 56, 62, 41, 63, 64, 60 ],
\[ 3, 9, 12, 6, 14, 22, 1, 28, 20, 2, 35, 21, 15, 27, 42, 43, 40, 19, 39, 4, 5, 34, 30, 51, 26, 53, 7, 41, 8, 56, 23, 54, 17, 10, 45, 11, 38, 59, 52, 48, 13, 55, 60, 16, 31, 24, 25, 18, 50, 61, 47, 33, 58, 62, 29, 36, 32, 46, 63, 37, 64, 49, 44, 57 ],
\[ 4, 7, 13, 18, 10, 21, 25, 1, 31, 33, 2, 37, 17, 29, 5, 3, 20, 47, 34, 49, 46, 36, 6, 27, 52, 12, 44, 11, 19, 8, 24, 9, 58, 57, 15, 26, 39, 14, 41, 55, 50, 23, 30, 40, 16, 48, 62, 60, 53, 22, 56, 63, 45, 28, 32, 38, 51, 64, 35, 61, 42, 43, 54, 59 ]:
 Order := 64 > |
[ 23, 8, 35, 29, 11, 15, 36, 16, 42, 13, 32, 56, 44, 30, 38, 26, 1, 7, 5, 41, 31, 28, 50, 2, 10, 6, 45, 59, 37, 54, 57, 17, 21, 55, 61, 49, 25, 24, 3, 14, 60, 43, 51, 46, 62, 4, 20, 12, 33, 19, 22, 27, 9, 39, 63, 64, 18, 34, 53, 58, 40, 48, 47, 52 ],
[ 22, 3, 42, 39, 9, 14, 53, 12, 30, 40, 20, 59, 48, 28, 27, 21, 6, 26, 2, 61, 51, 35, 34, 1, 17, 5, 43, 45, 52, 41, 47, 4, 24, 54, 55, 58, 33, 7, 15, 8, 64, 56, 36, 18, 60, 19, 50, 38, 46, 10, 11, 16, 23, 13, 62, 63, 25, 32, 31, 57, 29, 37, 49, 44 ],
[ 25, 33, 4, 49, 46, 18, 44, 19, 7, 57, 26, 13, 50, 10, 17, 40, 58, 60, 47, 31, 37, 21, 24, 48, 62, 52, 29, 1, 32, 6, 16, 51, 63, 36, 2, 38, 61, 39, 34, 20, 11, 5, 3, 54, 15, 64, 56, 55, 43, 53, 27, 41, 12, 9, 23, 8, 59, 45, 14, 30, 22, 28, 35, 42 ]
]
];
s`SolvableDBMonodromyGroup := PermutationGroup<64 |  
\[ 2, 5, 8, 17, 6, 1, 24, 14, 11, 19, 22, 16, 39, 15, 3, 27, 10, 46, 4, 32, 26, 23, 9, 21, 18, 7, 38, 30, 40, 42, 53, 34, 25, 50, 28, 51, 48, 12, 29, 13, 54, 35, 45, 52, 59, 33, 57, 44, 47, 20, 31, 37, 36, 55, 61, 43, 58, 49, 56, 62, 41, 63, 64, 60 ],
\[ 3, 9, 12, 6, 14, 22, 1, 28, 20, 2, 35, 21, 15, 27, 42, 43, 40, 19, 39, 4, 5, 34, 30, 51, 26, 53, 7, 41, 8, 56, 23, 54, 17, 10, 45, 11, 38, 59, 52, 48, 13, 55, 60, 16, 31, 24, 25, 18, 50, 61, 47, 33, 58, 62, 29, 36, 32, 46, 63, 37, 64, 49, 44, 57 ],
\[ 4, 7, 13, 18, 10, 21, 25, 1, 31, 33, 2, 37, 17, 29, 5, 3, 20, 47, 34, 49, 46, 36, 6, 27, 52, 12, 44, 11, 19, 8, 24, 9, 58, 57, 15, 26, 39, 14, 41, 55, 50, 23, 30, 40, 16, 48, 62, 60, 53, 22, 56, 63, 45, 28, 32, 38, 51, 64, 35, 61, 42, 43, 54, 59 ] >;
s`SolvableDBAutomorphismGroup := PermutationGroup<64 |  
\[ 27, 38, 7, 44, 12, 16, 14, 24, 59, 37, 56, 1, 25, 21, 26, 2, 52, 40, 48, 63, 3, 43, 45, 15, 29, 8, 5, 51, 46, 31, 35, 64, 39, 60, 36, 30, 4, 6, 18, 33, 47, 53, 9, 10, 11, 13, 55, 17, 54, 62, 42, 19, 28, 57, 58, 23, 61, 41, 22, 20, 49, 32, 34, 50 ],
\[ 21, 26, 5, 46, 7, 24, 12, 6, 53, 25, 36, 14, 10, 1, 2, 15, 33, 48, 18, 58, 27, 51, 31, 16, 37, 38, 3, 22, 4, 23, 45, 49, 52, 47, 11, 56, 29, 8, 19, 17, 34, 9, 42, 13, 35, 44, 60, 40, 64, 57, 43, 39, 59, 50, 20, 30, 62, 63, 28, 55, 32, 61, 41, 54 ],
\[ 38, 12, 59, 14, 16, 27, 37, 56, 21, 3, 26, 63, 35, 43, 45, 64, 15, 29, 8, 5, 44, 7, 24, 48, 39, 52, 60, 36, 30, 51, 46, 6, 13, 1, 53, 25, 54, 62, 28, 42, 11, 31, 57, 61, 58, 40, 19, 55, 10, 2, 18, 41, 33, 22, 23, 47, 4, 17, 49, 32, 9, 34, 50, 20 ]:
 Order := 64 >;
s`SolvableDBPointedAutomorphismGroup := PermutationGroup<64 |  
\[ 5, 6, 14, 10, 1, 2, 21, 15, 22, 4, 23, 27, 29, 3, 8, 38, 19, 33, 17, 34, 7, 9, 11, 26, 46, 24, 12, 42, 13, 35, 36, 50, 18, 20, 30, 31, 44, 16, 40, 39, 55, 28, 59, 37, 56, 25, 58, 52, 57, 32, 53, 48, 51, 61, 41, 45, 49, 47, 43, 63, 54, 64, 60, 62 ],
\[ 2, 5, 9, 7, 6, 1, 10, 11, 14, 21, 15, 20, 31, 22, 23, 32, 24, 25, 26, 27, 4, 3, 8, 19, 33, 17, 34, 35, 36, 28, 29, 38, 46, 12, 42, 13, 49, 50, 53, 51, 45, 30, 54, 57, 55, 18, 52, 47, 44, 16, 39, 58, 40, 59, 56, 41, 37, 48, 61, 62, 43, 63, 64, 60 ]:
 Order := 4 >;

/*
Top Level Belyi Curve/Map
*/


/*
Graph Data
*/

s`SolvableDBPathToPP1 := [ Strings() | "PP1", "2T1-2,1,2-g0-path1", "4T2-2,2,2-g0-path2", "8T4-2,4,2-g0-path2", "16T10-2,4,4-g1-path10", "32S11-2,4,8-g3-path2", "64S11-4,8,8-g17-path4" ];
s`SolvableDBChildren := [ Strings() | "32S11-2,4,8-g3-path2" ];

/*
Return for eval
*/

return s;
