s := SolvableDBObjectInitialize();

/*
Basic Information about the Passport
*/

s`SolvableDBName := "64S14-8,4,8-g17-path43";
s`SolvableDBFilename := "64S14-8,4,8-g17-path43.m";
s`SolvableDBPathNumber := 43;
s`SolvableDBDegree := 64;
s`SolvableDBABC := \[ 8, 4, 8 ];
s`SolvableDBType := "Hyperbolic";
s`SolvableDBGenus := 17;
s`SolvableDBGaloisOrbitSize := 1;
s`SolvableDBPassportSize := 1;
s`SolvableDBPointedPassportSize := 1;
s`SolvableDBLevel := 6;
s`SolvableDBBlocks := {@ PowerSet(IntegerRing()) |
{ IntegerRing() | 1, 5 },
{ IntegerRing() | 2, 11 },
{ IntegerRing() | 3, 7 },
{ IntegerRing() | 4, 20 },
{ IntegerRing() | 6, 18 },
{ IntegerRing() | 8, 14 },
{ IntegerRing() | 9, 33 },
{ IntegerRing() | 10, 12 },
{ IntegerRing() | 13, 21 },
{ IntegerRing() | 15, 25 },
{ IntegerRing() | 16, 26 },
{ IntegerRing() | 17, 24 },
{ IntegerRing() | 19, 39 },
{ IntegerRing() | 22, 27 },
{ IntegerRing() | 23, 47 },
{ IntegerRing() | 28, 29 },
{ IntegerRing() | 30, 41 },
{ IntegerRing() | 31, 59 },
{ IntegerRing() | 32, 34 },
{ IntegerRing() | 35, 37 },
{ IntegerRing() | 36, 38 },
{ IntegerRing() | 40, 50 },
{ IntegerRing() | 42, 44 },
{ IntegerRing() | 43, 55 },
{ IntegerRing() | 45, 54 },
{ IntegerRing() | 46, 49 },
{ IntegerRing() | 48, 60 },
{ IntegerRing() | 51, 53 },
{ IntegerRing() | 52, 62 },
{ IntegerRing() | 56, 58 },
{ IntegerRing() | 57, 63 },
{ IntegerRing() | 61, 64 }
@};

/*
Permutations and Passports
*/

s`SolvableDBGaloisOrbit := [ PowerSequence(PermutationGroup<64 |  
\[ 2, 3, 4, 5, 6, 7, 8, 9, 10, 11, 12, 13, 14, 15, 16, 17, 18, 19, 20, 21, 22, 23, 24, 25, 26, 27, 28, 29, 30, 31, 32, 33, 34, 35, 36, 37, 38, 39, 40, 41, 42, 43, 44, 45, 46, 47, 48, 49, 50, 51, 52, 53, 54, 55, 56, 57, 58, 59, 60, 61, 62, 63, 64, 1 ],
\[ 2, 1, 3, 4, 5, 6, 7, 8, 9, 10, 11, 12, 13, 14, 15, 16, 17, 18, 19, 20, 21, 22, 23, 24, 25, 26, 27, 28, 29, 30, 31, 32, 33, 34, 35, 36, 37, 38, 39, 40, 41, 42, 43, 44, 45, 46, 47, 48, 49, 50, 51, 52, 53, 54, 55, 56, 57, 58, 59, 60, 61, 62, 63, 64 ]:
 Order := 126886932185884164103433389335161480802865516174545192198801894375214704230400000000000000 >) |
[ PermutationGroup<64 |  
\[ 2, 3, 4, 5, 6, 7, 8, 9, 10, 11, 12, 13, 14, 15, 16, 17, 18, 19, 20, 21, 22, 23, 24, 25, 26, 27, 28, 29, 30, 31, 32, 33, 34, 35, 36, 37, 38, 39, 40, 41, 42, 43, 44, 45, 46, 47, 48, 49, 50, 51, 52, 53, 54, 55, 56, 57, 58, 59, 60, 61, 62, 63, 64, 1 ],
\[ 2, 1, 3, 4, 5, 6, 7, 8, 9, 10, 11, 12, 13, 14, 15, 16, 17, 18, 19, 20, 21, 22, 23, 24, 25, 26, 27, 28, 29, 30, 31, 32, 33, 34, 35, 36, 37, 38, 39, 40, 41, 42, 43, 44, 45, 46, 47, 48, 49, 50, 51, 52, 53, 54, 55, 56, 57, 58, 59, 60, 61, 62, 63, 64 ]:
 Order := 126886932185884164103433389335161480802865516174545192198801894375214704230400000000000000 > |
[ 11, 33, 8, 24, 2, 5, 14, 22, 59, 13, 9, 21, 4, 27, 44, 7, 54, 1, 50, 17, 20, 53, 18, 45, 42, 3, 51, 30, 41, 25, 63, 26, 31, 16, 29, 12, 28, 10, 40, 37, 15, 49, 56, 46, 55, 19, 6, 34, 39, 35, 61, 47, 64, 43, 58, 36, 62, 38, 57, 32, 48, 23, 52, 60 ],
[ 3, 10, 5, 18, 7, 4, 1, 28, 32, 11, 12, 2, 39, 29, 26, 15, 44, 20, 13, 6, 19, 47, 22, 42, 16, 25, 23, 14, 8, 43, 58, 33, 34, 9, 38, 35, 36, 37, 21, 51, 55, 17, 41, 24, 62, 60, 27, 46, 48, 53, 50, 45, 40, 52, 30, 31, 64, 59, 56, 49, 57, 54, 61, 63 ],
[ 4, 3, 15, 19, 20, 22, 25, 1, 10, 35, 7, 37, 2, 5, 43, 33, 18, 27, 48, 39, 11, 29, 45, 6, 55, 9, 28, 38, 36, 8, 32, 46, 12, 49, 51, 59, 53, 31, 60, 13, 14, 26, 62, 16, 44, 17, 54, 63, 24, 21, 47, 64, 23, 42, 52, 30, 58, 41, 34, 57, 40, 61, 56, 50 ]
]
];
s`SolvableDBPassport := [ PowerSequence(PermutationGroup<64 |  
\[ 11, 33, 8, 24, 2, 5, 14, 22, 59, 13, 9, 21, 4, 27, 44, 7, 54, 1, 50, 17, 20, 53, 18, 45, 42, 3, 51, 30, 41, 25, 63, 26, 31, 16, 29, 12, 28, 10, 40, 37, 15, 49, 56, 46, 55, 19, 6, 34, 39, 35, 61, 47, 64, 43, 58, 36, 62, 38, 57, 32, 48, 23, 52, 60 ],
\[ 3, 10, 5, 18, 7, 4, 1, 28, 32, 11, 12, 2, 39, 29, 26, 15, 44, 20, 13, 6, 19, 47, 22, 42, 16, 25, 23, 14, 8, 43, 58, 33, 34, 9, 38, 35, 36, 37, 21, 51, 55, 17, 41, 24, 62, 60, 27, 46, 48, 53, 50, 45, 40, 52, 30, 31, 64, 59, 56, 49, 57, 54, 61, 63 ],
\[ 4, 3, 15, 19, 20, 22, 25, 1, 10, 35, 7, 37, 2, 5, 43, 33, 18, 27, 48, 39, 11, 29, 45, 6, 55, 9, 28, 38, 36, 8, 32, 46, 12, 49, 51, 59, 53, 31, 60, 13, 14, 26, 62, 16, 44, 17, 54, 63, 24, 21, 47, 64, 23, 42, 52, 30, 58, 41, 34, 57, 40, 61, 56, 50 ]:
 Order := 64 >) |
[ PermutationGroup<64 |  
\[ 11, 33, 8, 24, 2, 5, 14, 22, 59, 13, 9, 21, 4, 27, 44, 7, 54, 1, 50, 17, 20, 53, 18, 45, 42, 3, 51, 30, 41, 25, 63, 26, 31, 16, 29, 12, 28, 10, 40, 37, 15, 49, 56, 46, 55, 19, 6, 34, 39, 35, 61, 47, 64, 43, 58, 36, 62, 38, 57, 32, 48, 23, 52, 60 ],
\[ 3, 10, 5, 18, 7, 4, 1, 28, 32, 11, 12, 2, 39, 29, 26, 15, 44, 20, 13, 6, 19, 47, 22, 42, 16, 25, 23, 14, 8, 43, 58, 33, 34, 9, 38, 35, 36, 37, 21, 51, 55, 17, 41, 24, 62, 60, 27, 46, 48, 53, 50, 45, 40, 52, 30, 31, 64, 59, 56, 49, 57, 54, 61, 63 ],
\[ 4, 3, 15, 19, 20, 22, 25, 1, 10, 35, 7, 37, 2, 5, 43, 33, 18, 27, 48, 39, 11, 29, 45, 6, 55, 9, 28, 38, 36, 8, 32, 46, 12, 49, 51, 59, 53, 31, 60, 13, 14, 26, 62, 16, 44, 17, 54, 63, 24, 21, 47, 64, 23, 42, 52, 30, 58, 41, 34, 57, 40, 61, 56, 50 ]:
 Order := 64 > |
[ 18, 5, 26, 13, 6, 47, 16, 3, 11, 38, 1, 36, 10, 7, 41, 34, 20, 23, 46, 21, 12, 8, 62, 4, 30, 32, 14, 37, 35, 28, 33, 60, 2, 48, 50, 56, 40, 58, 49, 39, 29, 25, 54, 15, 24, 44, 52, 61, 42, 19, 27, 63, 22, 17, 45, 43, 59, 55, 9, 64, 51, 57, 31, 53 ],
[ 38, 60, 35, 15, 36, 26, 37, 62, 55, 46, 48, 49, 47, 52, 20, 6, 57, 16, 27, 25, 23, 19, 13, 63, 4, 18, 39, 45, 54, 32, 53, 41, 43, 30, 7, 1, 3, 5, 22, 58, 34, 64, 9, 61, 29, 12, 21, 2, 10, 56, 31, 8, 59, 28, 33, 40, 24, 50, 51, 11, 42, 14, 17, 44 ],
[ 60, 55, 52, 57, 48, 38, 62, 39, 53, 23, 43, 47, 25, 19, 64, 35, 29, 36, 58, 63, 15, 31, 26, 28, 61, 37, 59, 34, 32, 20, 24, 6, 51, 18, 45, 46, 54, 49, 56, 7, 4, 12, 50, 10, 9, 22, 16, 41, 27, 3, 44, 13, 42, 33, 40, 5, 8, 1, 17, 30, 11, 21, 14, 2 ]
]
];
s`SolvableDBPointedPassport := [ PowerSequence(PermutationGroup<64 |  
\[ 11, 33, 8, 24, 2, 5, 14, 22, 59, 13, 9, 21, 4, 27, 44, 7, 54, 1, 50, 17, 20, 53, 18, 45, 42, 3, 51, 30, 41, 25, 63, 26, 31, 16, 29, 12, 28, 10, 40, 37, 15, 49, 56, 46, 55, 19, 6, 34, 39, 35, 61, 47, 64, 43, 58, 36, 62, 38, 57, 32, 48, 23, 52, 60 ],
\[ 3, 10, 5, 18, 7, 4, 1, 28, 32, 11, 12, 2, 39, 29, 26, 15, 44, 20, 13, 6, 19, 47, 22, 42, 16, 25, 23, 14, 8, 43, 58, 33, 34, 9, 38, 35, 36, 37, 21, 51, 55, 17, 41, 24, 62, 60, 27, 46, 48, 53, 50, 45, 40, 52, 30, 31, 64, 59, 56, 49, 57, 54, 61, 63 ],
\[ 4, 3, 15, 19, 20, 22, 25, 1, 10, 35, 7, 37, 2, 5, 43, 33, 18, 27, 48, 39, 11, 29, 45, 6, 55, 9, 28, 38, 36, 8, 32, 46, 12, 49, 51, 59, 53, 31, 60, 13, 14, 26, 62, 16, 44, 17, 54, 63, 24, 21, 47, 64, 23, 42, 52, 30, 58, 41, 34, 57, 40, 61, 56, 50 ]:
 Order := 64 >) |
[ PermutationGroup<64 |  
\[ 11, 33, 8, 24, 2, 5, 14, 22, 59, 13, 9, 21, 4, 27, 44, 7, 54, 1, 50, 17, 20, 53, 18, 45, 42, 3, 51, 30, 41, 25, 63, 26, 31, 16, 29, 12, 28, 10, 40, 37, 15, 49, 56, 46, 55, 19, 6, 34, 39, 35, 61, 47, 64, 43, 58, 36, 62, 38, 57, 32, 48, 23, 52, 60 ],
\[ 3, 10, 5, 18, 7, 4, 1, 28, 32, 11, 12, 2, 39, 29, 26, 15, 44, 20, 13, 6, 19, 47, 22, 42, 16, 25, 23, 14, 8, 43, 58, 33, 34, 9, 38, 35, 36, 37, 21, 51, 55, 17, 41, 24, 62, 60, 27, 46, 48, 53, 50, 45, 40, 52, 30, 31, 64, 59, 56, 49, 57, 54, 61, 63 ],
\[ 4, 3, 15, 19, 20, 22, 25, 1, 10, 35, 7, 37, 2, 5, 43, 33, 18, 27, 48, 39, 11, 29, 45, 6, 55, 9, 28, 38, 36, 8, 32, 46, 12, 49, 51, 59, 53, 31, 60, 13, 14, 26, 62, 16, 44, 17, 54, 63, 24, 21, 47, 64, 23, 42, 52, 30, 58, 41, 34, 57, 40, 61, 56, 50 ]:
 Order := 64 > |
[ 15, 35, 20, 27, 25, 19, 4, 38, 46, 7, 37, 3, 60, 36, 9, 43, 16, 39, 2, 22, 48, 54, 29, 26, 33, 55, 45, 5, 1, 62, 41, 12, 49, 10, 31, 51, 59, 53, 11, 47, 52, 18, 14, 6, 61, 57, 28, 17, 63, 23, 21, 44, 13, 64, 8, 32, 50, 34, 30, 24, 58, 42, 40, 56 ],
[ 22, 4, 33, 11, 27, 45, 9, 25, 3, 59, 20, 31, 37, 15, 8, 46, 19, 54, 24, 2, 35, 5, 64, 39, 14, 49, 1, 51, 53, 36, 10, 63, 7, 57, 13, 41, 21, 30, 17, 48, 38, 43, 44, 55, 18, 26, 61, 50, 16, 60, 29, 58, 28, 6, 42, 52, 32, 62, 12, 40, 23, 56, 34, 47 ],
[ 51, 17, 59, 33, 53, 43, 31, 44, 14, 63, 24, 57, 29, 42, 27, 39, 40, 55, 54, 9, 28, 11, 48, 50, 22, 19, 2, 64, 61, 10, 21, 62, 8, 52, 20, 25, 4, 15, 45, 32, 12, 58, 49, 56, 5, 7, 60, 37, 3, 34, 30, 36, 41, 1, 46, 23, 16, 47, 13, 35, 6, 38, 26, 18 ]
]
];
s`SolvableDBMonodromyGroup := PermutationGroup<64 |  
\[ 11, 33, 8, 24, 2, 5, 14, 22, 59, 13, 9, 21, 4, 27, 44, 7, 54, 1, 50, 17, 20, 53, 18, 45, 42, 3, 51, 30, 41, 25, 63, 26, 31, 16, 29, 12, 28, 10, 40, 37, 15, 49, 56, 46, 55, 19, 6, 34, 39, 35, 61, 47, 64, 43, 58, 36, 62, 38, 57, 32, 48, 23, 52, 60 ],
\[ 3, 10, 5, 18, 7, 4, 1, 28, 32, 11, 12, 2, 39, 29, 26, 15, 44, 20, 13, 6, 19, 47, 22, 42, 16, 25, 23, 14, 8, 43, 58, 33, 34, 9, 38, 35, 36, 37, 21, 51, 55, 17, 41, 24, 62, 60, 27, 46, 48, 53, 50, 45, 40, 52, 30, 31, 64, 59, 56, 49, 57, 54, 61, 63 ],
\[ 4, 3, 15, 19, 20, 22, 25, 1, 10, 35, 7, 37, 2, 5, 43, 33, 18, 27, 48, 39, 11, 29, 45, 6, 55, 9, 28, 38, 36, 8, 32, 46, 12, 49, 51, 59, 53, 31, 60, 13, 14, 26, 62, 16, 44, 17, 54, 63, 24, 21, 47, 64, 23, 42, 52, 30, 58, 41, 34, 57, 40, 61, 56, 50 ] >;
s`SolvableDBAutomorphismGroup := PermutationGroup<64 |  
\[ 62, 47, 54, 61, 52, 63, 45, 43, 18, 27, 23, 22, 51, 55, 42, 24, 60, 57, 40, 64, 53, 56, 59, 48, 44, 17, 58, 41, 30, 15, 5, 20, 6, 4, 28, 8, 29, 14, 50, 35, 25, 46, 26, 49, 34, 39, 31, 13, 19, 37, 38, 33, 36, 32, 16, 3, 11, 7, 1, 21, 10, 9, 2, 12 ],
\[ 64, 48, 63, 50, 61, 51, 57, 52, 32, 46, 60, 49, 19, 62, 56, 59, 37, 53, 21, 40, 39, 47, 22, 35, 58, 31, 23, 45, 54, 55, 16, 33, 34, 9, 17, 42, 24, 44, 13, 4, 43, 38, 30, 36, 29, 12, 27, 11, 10, 20, 18, 14, 6, 28, 41, 25, 3, 15, 26, 2, 1, 8, 7, 5 ]:
 Order := 64 >;
s`SolvableDBPointedAutomorphismGroup := PermutationGroup<64 |  
\[ 59, 63, 56, 34, 31, 33, 58, 36, 62, 61, 57, 64, 48, 38, 30, 55, 26, 9, 49, 32, 60, 12, 11, 16, 41, 43, 10, 35, 37, 29, 47, 54, 52, 45, 40, 53, 50, 51, 46, 19, 28, 15, 8, 25, 7, 42, 2, 24, 44, 39, 13, 5, 21, 3, 14, 22, 18, 27, 23, 17, 4, 1, 6, 20 ]:
 Order := 8 >;

/*
Top Level Belyi Curve/Map
*/


/*
Graph Data
*/

s`SolvableDBPathToPP1 := [ Strings() | "PP1", "2T1-2,2,1-g0-path1", "4T2-2,2,2-g0-path3", "8T2-4,2,4-g1-path5", "16T10-4,2,4-g1-path5", "32S7-8,2,8-g5-path7", "64S14-8,4,8-g17-path43" ];
s`SolvableDBChildren := [ Strings() | "32S7-8,2,8-g5-path7" ];

/*
Return for eval
*/

return s;
