s := SolvableDBObjectInitialize();

/*
Basic Information about the Passport
*/

s`SolvableDBName := "64S15-8,8,8-g21-path266";
s`SolvableDBFilename := "64S15-8,8,8-g21-path266.m";
s`SolvableDBPathNumber := 266;
s`SolvableDBDegree := 64;
s`SolvableDBABC := \[ 8, 8, 8 ];
s`SolvableDBType := "Hyperbolic";
s`SolvableDBGenus := 21;
s`SolvableDBGaloisOrbitSize := 1;
s`SolvableDBPassportSize := 6;
s`SolvableDBPointedPassportSize := 6;
s`SolvableDBLevel := 6;
s`SolvableDBBlocks := {@ PowerSet(IntegerRing()) |
{ IntegerRing() | 1, 5 },
{ IntegerRing() | 2, 11 },
{ IntegerRing() | 3, 16 },
{ IntegerRing() | 4, 21 },
{ IntegerRing() | 6, 24 },
{ IntegerRing() | 7, 25 },
{ IntegerRing() | 8, 26 },
{ IntegerRing() | 9, 39 },
{ IntegerRing() | 10, 40 },
{ IntegerRing() | 12, 42 },
{ IntegerRing() | 13, 43 },
{ IntegerRing() | 14, 20 },
{ IntegerRing() | 15, 50 },
{ IntegerRing() | 17, 51 },
{ IntegerRing() | 18, 32 },
{ IntegerRing() | 19, 54 },
{ IntegerRing() | 22, 48 },
{ IntegerRing() | 23, 36 },
{ IntegerRing() | 27, 56 },
{ IntegerRing() | 28, 59 },
{ IntegerRing() | 29, 60 },
{ IntegerRing() | 30, 58 },
{ IntegerRing() | 31, 61 },
{ IntegerRing() | 33, 53 },
{ IntegerRing() | 34, 38 },
{ IntegerRing() | 35, 62 },
{ IntegerRing() | 37, 63 },
{ IntegerRing() | 41, 44 },
{ IntegerRing() | 45, 47 },
{ IntegerRing() | 46, 64 },
{ IntegerRing() | 49, 57 },
{ IntegerRing() | 52, 55 }
@};

/*
Permutations and Passports
*/

s`SolvableDBGaloisOrbit := [ PowerSequence(PermutationGroup<64 |  
\[ 2, 3, 4, 5, 6, 7, 8, 9, 10, 11, 12, 13, 14, 15, 16, 17, 18, 19, 20, 21, 22, 23, 24, 25, 26, 27, 28, 29, 30, 31, 32, 33, 34, 35, 36, 37, 38, 39, 40, 41, 42, 43, 44, 45, 46, 47, 48, 49, 50, 51, 52, 53, 54, 55, 56, 57, 58, 59, 60, 61, 62, 63, 64, 1 ],
\[ 2, 1, 3, 4, 5, 6, 7, 8, 9, 10, 11, 12, 13, 14, 15, 16, 17, 18, 19, 20, 21, 22, 23, 24, 25, 26, 27, 28, 29, 30, 31, 32, 33, 34, 35, 36, 37, 38, 39, 40, 41, 42, 43, 44, 45, 46, 47, 48, 49, 50, 51, 52, 53, 54, 55, 56, 57, 58, 59, 60, 61, 62, 63, 64 ]:
 Order := 126886932185884164103433389335161480802865516174545192198801894375214704230400000000000000 >) |
[ PermutationGroup<64 |  
\[ 2, 3, 4, 5, 6, 7, 8, 9, 10, 11, 12, 13, 14, 15, 16, 17, 18, 19, 20, 21, 22, 23, 24, 25, 26, 27, 28, 29, 30, 31, 32, 33, 34, 35, 36, 37, 38, 39, 40, 41, 42, 43, 44, 45, 46, 47, 48, 49, 50, 51, 52, 53, 54, 55, 56, 57, 58, 59, 60, 61, 62, 63, 64, 1 ],
\[ 2, 1, 3, 4, 5, 6, 7, 8, 9, 10, 11, 12, 13, 14, 15, 16, 17, 18, 19, 20, 21, 22, 23, 24, 25, 26, 27, 28, 29, 30, 31, 32, 33, 34, 35, 36, 37, 38, 39, 40, 41, 42, 43, 44, 45, 46, 47, 48, 49, 50, 51, 52, 53, 54, 55, 56, 57, 58, 59, 60, 61, 62, 63, 64 ]:
 Order := 126886932185884164103433389335161480802865516174545192198801894375214704230400000000000000 > |
[ 2, 9, 8, 19, 11, 1, 31, 35, 37, 13, 39, 22, 27, 18, 29, 26, 3, 41, 33, 32, 54, 4, 34, 5, 61, 62, 30, 12, 6, 17, 28, 44, 7, 45, 10, 38, 46, 47, 63, 43, 36, 48, 56, 23, 55, 15, 52, 21, 14, 60, 16, 49, 25, 53, 57, 58, 20, 51, 42, 24, 59, 40, 64, 50 ],
[ 3, 10, 14, 6, 16, 27, 1, 36, 30, 18, 40, 2, 38, 48, 17, 20, 47, 53, 9, 22, 24, 46, 4, 56, 5, 23, 49, 29, 35, 41, 37, 33, 15, 7, 52, 21, 8, 25, 58, 32, 59, 11, 34, 28, 12, 13, 42, 64, 61, 51, 45, 54, 50, 39, 19, 57, 31, 44, 60, 62, 63, 55, 26, 43 ],
[ 4, 7, 15, 20, 21, 28, 32, 1, 12, 29, 25, 44, 2, 27, 22, 50, 9, 3, 23, 56, 14, 45, 58, 59, 18, 5, 46, 57, 33, 6, 34, 16, 55, 26, 37, 30, 19, 8, 42, 60, 10, 41, 11, 40, 43, 31, 13, 47, 35, 48, 39, 17, 52, 36, 51, 64, 62, 24, 49, 53, 38, 63, 54, 61 ]
]
];
s`SolvableDBPassport := [ PowerSequence(PermutationGroup<64 |  
\[ 2, 9, 8, 19, 11, 1, 31, 35, 37, 13, 39, 22, 27, 18, 29, 26, 3, 41, 33, 32, 54, 4, 34, 5, 61, 62, 30, 12, 6, 17, 28, 44, 7, 45, 10, 38, 46, 47, 63, 43, 36, 48, 56, 23, 55, 15, 52, 21, 14, 60, 16, 49, 25, 53, 57, 58, 20, 51, 42, 24, 59, 40, 64, 50 ],
\[ 3, 10, 14, 6, 16, 27, 1, 36, 30, 18, 40, 2, 38, 48, 17, 20, 47, 53, 9, 22, 24, 46, 4, 56, 5, 23, 49, 29, 35, 41, 37, 33, 15, 7, 52, 21, 8, 25, 58, 32, 59, 11, 34, 28, 12, 13, 42, 64, 61, 51, 45, 54, 50, 39, 19, 57, 31, 44, 60, 62, 63, 55, 26, 43 ],
\[ 4, 7, 15, 20, 21, 28, 32, 1, 12, 29, 25, 44, 2, 27, 22, 50, 9, 3, 23, 56, 14, 45, 58, 59, 18, 5, 46, 57, 33, 6, 34, 16, 55, 26, 37, 30, 19, 8, 42, 60, 10, 41, 11, 40, 43, 31, 13, 47, 35, 48, 39, 17, 52, 36, 51, 64, 62, 24, 49, 53, 38, 63, 54, 61 ]:
 Order := 64 >) |
[ PermutationGroup<64 |  
\[ 2, 9, 8, 19, 11, 1, 31, 35, 37, 13, 39, 22, 27, 18, 29, 26, 3, 41, 33, 32, 54, 4, 34, 5, 61, 62, 30, 12, 6, 17, 28, 44, 7, 45, 10, 38, 46, 47, 63, 43, 36, 48, 56, 23, 55, 15, 52, 21, 14, 60, 16, 49, 25, 53, 57, 58, 20, 51, 42, 24, 59, 40, 64, 50 ],
\[ 3, 10, 14, 6, 16, 27, 1, 36, 30, 18, 40, 2, 38, 48, 17, 20, 47, 53, 9, 22, 24, 46, 4, 56, 5, 23, 49, 29, 35, 41, 37, 33, 15, 7, 52, 21, 8, 25, 58, 32, 59, 11, 34, 28, 12, 13, 42, 64, 61, 51, 45, 54, 50, 39, 19, 57, 31, 44, 60, 62, 63, 55, 26, 43 ],
\[ 4, 7, 15, 20, 21, 28, 32, 1, 12, 29, 25, 44, 2, 27, 22, 50, 9, 3, 23, 56, 14, 45, 58, 59, 18, 5, 46, 57, 33, 6, 34, 16, 55, 26, 37, 30, 19, 8, 42, 60, 10, 41, 11, 40, 43, 31, 13, 47, 35, 48, 39, 17, 52, 36, 51, 64, 62, 24, 49, 53, 38, 63, 54, 61 ]:
 Order := 64 > |
[ 2, 9, 8, 19, 11, 1, 31, 35, 37, 13, 39, 22, 27, 18, 29, 26, 3, 41, 33, 32, 54, 4, 34, 5, 61, 62, 30, 12, 6, 17, 28, 44, 7, 45, 10, 38, 46, 47, 63, 43, 36, 48, 56, 23, 55, 15, 52, 21, 14, 60, 16, 49, 25, 53, 57, 58, 20, 51, 42, 24, 59, 40, 64, 50 ],
[ 3, 10, 14, 6, 16, 27, 1, 36, 30, 18, 40, 2, 38, 48, 17, 20, 47, 53, 9, 22, 24, 46, 4, 56, 5, 23, 49, 29, 35, 41, 37, 33, 15, 7, 52, 21, 8, 25, 58, 32, 59, 11, 34, 28, 12, 13, 42, 64, 61, 51, 45, 54, 50, 39, 19, 57, 31, 44, 60, 62, 63, 55, 26, 43 ],
[ 4, 7, 15, 20, 21, 28, 32, 1, 12, 29, 25, 44, 2, 27, 22, 50, 9, 3, 23, 56, 14, 45, 58, 59, 18, 5, 46, 57, 33, 6, 34, 16, 55, 26, 37, 30, 19, 8, 42, 60, 10, 41, 11, 40, 43, 31, 13, 47, 35, 48, 39, 17, 52, 36, 51, 64, 62, 24, 49, 53, 38, 63, 54, 61 ]
],
[ PermutationGroup<64 |  
\[ 2, 9, 8, 19, 11, 1, 31, 35, 37, 13, 39, 22, 27, 18, 29, 26, 3, 41, 33, 32, 54, 4, 34, 5, 61, 62, 30, 12, 6, 17, 28, 44, 7, 45, 10, 38, 46, 47, 63, 43, 36, 48, 56, 23, 55, 15, 52, 21, 14, 60, 16, 49, 25, 53, 57, 58, 20, 51, 42, 24, 59, 40, 64, 50 ],
\[ 3, 10, 14, 6, 16, 27, 1, 36, 30, 18, 40, 2, 38, 48, 17, 20, 47, 53, 9, 22, 24, 46, 4, 56, 5, 23, 49, 29, 35, 41, 37, 33, 15, 7, 52, 21, 8, 25, 58, 32, 59, 11, 34, 28, 12, 13, 42, 64, 61, 51, 45, 54, 50, 39, 19, 57, 31, 44, 60, 62, 63, 55, 26, 43 ],
\[ 4, 7, 15, 20, 21, 28, 32, 1, 12, 29, 25, 44, 2, 27, 22, 50, 9, 3, 23, 56, 14, 45, 58, 59, 18, 5, 46, 57, 33, 6, 34, 16, 55, 26, 37, 30, 19, 8, 42, 60, 10, 41, 11, 40, 43, 31, 13, 47, 35, 48, 39, 17, 52, 36, 51, 64, 62, 24, 49, 53, 38, 63, 54, 61 ]:
 Order := 64 > |
[ 18, 41, 21, 30, 32, 14, 8, 54, 36, 25, 44, 13, 61, 50, 52, 4, 48, 60, 17, 15, 58, 27, 1, 20, 26, 19, 59, 10, 49, 42, 35, 29, 3, 2, 53, 5, 38, 11, 23, 7, 24, 43, 31, 6, 9, 47, 39, 56, 64, 55, 22, 63, 16, 51, 37, 28, 46, 12, 40, 57, 62, 33, 34, 45 ],
[ 3, 10, 14, 6, 16, 27, 1, 36, 30, 18, 40, 2, 38, 48, 17, 20, 47, 53, 9, 22, 24, 46, 4, 56, 5, 23, 49, 29, 35, 41, 37, 33, 15, 7, 52, 21, 8, 25, 58, 32, 59, 11, 34, 28, 12, 13, 42, 64, 61, 51, 45, 54, 50, 39, 19, 57, 31, 44, 60, 62, 63, 55, 26, 43 ],
[ 26, 43, 32, 5, 8, 58, 11, 34, 51, 44, 13, 39, 45, 4, 16, 18, 55, 7, 63, 21, 1, 50, 54, 30, 2, 38, 20, 24, 40, 23, 64, 25, 60, 61, 57, 19, 62, 31, 17, 41, 12, 9, 47, 42, 48, 56, 22, 15, 28, 3, 52, 33, 29, 37, 53, 14, 59, 36, 6, 10, 46, 49, 35, 27 ]
],
[ PermutationGroup<64 |  
\[ 2, 9, 8, 19, 11, 1, 31, 35, 37, 13, 39, 22, 27, 18, 29, 26, 3, 41, 33, 32, 54, 4, 34, 5, 61, 62, 30, 12, 6, 17, 28, 44, 7, 45, 10, 38, 46, 47, 63, 43, 36, 48, 56, 23, 55, 15, 52, 21, 14, 60, 16, 49, 25, 53, 57, 58, 20, 51, 42, 24, 59, 40, 64, 50 ],
\[ 3, 10, 14, 6, 16, 27, 1, 36, 30, 18, 40, 2, 38, 48, 17, 20, 47, 53, 9, 22, 24, 46, 4, 56, 5, 23, 49, 29, 35, 41, 37, 33, 15, 7, 52, 21, 8, 25, 58, 32, 59, 11, 34, 28, 12, 13, 42, 64, 61, 51, 45, 54, 50, 39, 19, 57, 31, 44, 60, 62, 63, 55, 26, 43 ],
\[ 4, 7, 15, 20, 21, 28, 32, 1, 12, 29, 25, 44, 2, 27, 22, 50, 9, 3, 23, 56, 14, 45, 58, 59, 18, 5, 46, 57, 33, 6, 34, 16, 55, 26, 37, 30, 19, 8, 42, 60, 10, 41, 11, 40, 43, 31, 13, 47, 35, 48, 39, 17, 52, 36, 51, 64, 62, 24, 49, 53, 38, 63, 54, 61 ]:
 Order := 64 > |
[ 3, 10, 14, 6, 16, 27, 1, 36, 30, 18, 40, 2, 38, 48, 17, 20, 47, 53, 9, 22, 24, 46, 4, 56, 5, 23, 49, 29, 35, 41, 37, 33, 15, 7, 52, 21, 8, 25, 58, 32, 59, 11, 34, 28, 12, 13, 42, 64, 61, 51, 45, 54, 50, 39, 19, 57, 31, 44, 60, 62, 63, 55, 26, 43 ],
[ 2, 9, 8, 19, 11, 1, 31, 35, 37, 13, 39, 22, 27, 18, 29, 26, 3, 41, 33, 32, 54, 4, 34, 5, 61, 62, 30, 12, 6, 17, 28, 44, 7, 45, 10, 38, 46, 47, 63, 43, 36, 48, 56, 23, 55, 15, 52, 21, 14, 60, 16, 49, 25, 53, 57, 58, 20, 51, 42, 24, 59, 40, 64, 50 ],
[ 33, 28, 6, 44, 53, 22, 23, 9, 4, 1, 59, 34, 37, 17, 19, 24, 46, 35, 45, 51, 41, 57, 16, 48, 36, 39, 29, 32, 31, 2, 55, 62, 20, 40, 15, 3, 7, 10, 21, 5, 27, 38, 63, 56, 58, 12, 30, 49, 13, 54, 64, 8, 14, 47, 26, 60, 43, 11, 18, 61, 52, 50, 25, 42 ]
],
[ PermutationGroup<64 |  
\[ 2, 9, 8, 19, 11, 1, 31, 35, 37, 13, 39, 22, 27, 18, 29, 26, 3, 41, 33, 32, 54, 4, 34, 5, 61, 62, 30, 12, 6, 17, 28, 44, 7, 45, 10, 38, 46, 47, 63, 43, 36, 48, 56, 23, 55, 15, 52, 21, 14, 60, 16, 49, 25, 53, 57, 58, 20, 51, 42, 24, 59, 40, 64, 50 ],
\[ 3, 10, 14, 6, 16, 27, 1, 36, 30, 18, 40, 2, 38, 48, 17, 20, 47, 53, 9, 22, 24, 46, 4, 56, 5, 23, 49, 29, 35, 41, 37, 33, 15, 7, 52, 21, 8, 25, 58, 32, 59, 11, 34, 28, 12, 13, 42, 64, 61, 51, 45, 54, 50, 39, 19, 57, 31, 44, 60, 62, 63, 55, 26, 43 ],
\[ 4, 7, 15, 20, 21, 28, 32, 1, 12, 29, 25, 44, 2, 27, 22, 50, 9, 3, 23, 56, 14, 45, 58, 59, 18, 5, 46, 57, 33, 6, 34, 16, 55, 26, 37, 30, 19, 8, 42, 60, 10, 41, 11, 40, 43, 31, 13, 47, 35, 48, 39, 17, 52, 36, 51, 64, 62, 24, 49, 53, 38, 63, 54, 61 ]:
 Order := 64 > |
[ 3, 10, 14, 6, 16, 27, 1, 36, 30, 18, 40, 2, 38, 48, 17, 20, 47, 53, 9, 22, 24, 46, 4, 56, 5, 23, 49, 29, 35, 41, 37, 33, 15, 7, 52, 21, 8, 25, 58, 32, 59, 11, 34, 28, 12, 13, 42, 64, 61, 51, 45, 54, 50, 39, 19, 57, 31, 44, 60, 62, 63, 55, 26, 43 ],
[ 18, 41, 21, 30, 32, 14, 8, 54, 36, 25, 44, 13, 61, 50, 52, 4, 48, 60, 17, 15, 58, 27, 1, 20, 26, 19, 59, 10, 49, 42, 35, 29, 3, 2, 53, 5, 38, 11, 23, 7, 24, 43, 31, 6, 9, 47, 39, 56, 64, 55, 22, 63, 16, 51, 37, 28, 46, 12, 40, 57, 62, 33, 34, 45 ],
[ 40, 58, 23, 39, 10, 16, 63, 55, 26, 34, 30, 64, 57, 33, 62, 36, 20, 28, 50, 53, 9, 24, 25, 3, 37, 52, 44, 11, 56, 45, 60, 59, 5, 42, 32, 7, 43, 12, 8, 38, 4, 46, 49, 21, 54, 51, 19, 6, 22, 35, 14, 31, 1, 15, 61, 41, 48, 47, 2, 27, 29, 18, 13, 17 ]
],
[ PermutationGroup<64 |  
\[ 2, 9, 8, 19, 11, 1, 31, 35, 37, 13, 39, 22, 27, 18, 29, 26, 3, 41, 33, 32, 54, 4, 34, 5, 61, 62, 30, 12, 6, 17, 28, 44, 7, 45, 10, 38, 46, 47, 63, 43, 36, 48, 56, 23, 55, 15, 52, 21, 14, 60, 16, 49, 25, 53, 57, 58, 20, 51, 42, 24, 59, 40, 64, 50 ],
\[ 3, 10, 14, 6, 16, 27, 1, 36, 30, 18, 40, 2, 38, 48, 17, 20, 47, 53, 9, 22, 24, 46, 4, 56, 5, 23, 49, 29, 35, 41, 37, 33, 15, 7, 52, 21, 8, 25, 58, 32, 59, 11, 34, 28, 12, 13, 42, 64, 61, 51, 45, 54, 50, 39, 19, 57, 31, 44, 60, 62, 63, 55, 26, 43 ],
\[ 4, 7, 15, 20, 21, 28, 32, 1, 12, 29, 25, 44, 2, 27, 22, 50, 9, 3, 23, 56, 14, 45, 58, 59, 18, 5, 46, 57, 33, 6, 34, 16, 55, 26, 37, 30, 19, 8, 42, 60, 10, 41, 11, 40, 43, 31, 13, 47, 35, 48, 39, 17, 52, 36, 51, 64, 62, 24, 49, 53, 38, 63, 54, 61 ]:
 Order := 64 > |
[ 3, 10, 14, 6, 16, 27, 1, 36, 30, 18, 40, 2, 38, 48, 17, 20, 47, 53, 9, 22, 24, 46, 4, 56, 5, 23, 49, 29, 35, 41, 37, 33, 15, 7, 52, 21, 8, 25, 58, 32, 59, 11, 34, 28, 12, 13, 42, 64, 61, 51, 45, 54, 50, 39, 19, 57, 31, 44, 60, 62, 63, 55, 26, 43 ],
[ 17, 35, 49, 29, 51, 13, 6, 41, 27, 14, 62, 1, 36, 42, 30, 57, 38, 54, 2, 12, 60, 37, 22, 43, 24, 44, 52, 15, 8, 18, 9, 19, 46, 33, 47, 48, 3, 53, 56, 20, 61, 5, 23, 31, 28, 10, 59, 63, 25, 58, 34, 21, 64, 11, 4, 55, 7, 32, 50, 26, 39, 45, 16, 40 ],
[ 57, 20, 12, 43, 49, 55, 51, 22, 32, 19, 14, 62, 33, 37, 34, 42, 28, 46, 56, 63, 13, 40, 60, 52, 17, 48, 7, 26, 45, 31, 16, 64, 58, 24, 4, 29, 44, 6, 18, 54, 15, 35, 53, 50, 5, 23, 1, 10, 9, 38, 59, 2, 30, 27, 11, 25, 39, 61, 8, 47, 3, 21, 41, 36 ]
],
[ PermutationGroup<64 |  
\[ 2, 9, 8, 19, 11, 1, 31, 35, 37, 13, 39, 22, 27, 18, 29, 26, 3, 41, 33, 32, 54, 4, 34, 5, 61, 62, 30, 12, 6, 17, 28, 44, 7, 45, 10, 38, 46, 47, 63, 43, 36, 48, 56, 23, 55, 15, 52, 21, 14, 60, 16, 49, 25, 53, 57, 58, 20, 51, 42, 24, 59, 40, 64, 50 ],
\[ 3, 10, 14, 6, 16, 27, 1, 36, 30, 18, 40, 2, 38, 48, 17, 20, 47, 53, 9, 22, 24, 46, 4, 56, 5, 23, 49, 29, 35, 41, 37, 33, 15, 7, 52, 21, 8, 25, 58, 32, 59, 11, 34, 28, 12, 13, 42, 64, 61, 51, 45, 54, 50, 39, 19, 57, 31, 44, 60, 62, 63, 55, 26, 43 ],
\[ 4, 7, 15, 20, 21, 28, 32, 1, 12, 29, 25, 44, 2, 27, 22, 50, 9, 3, 23, 56, 14, 45, 58, 59, 18, 5, 46, 57, 33, 6, 34, 16, 55, 26, 37, 30, 19, 8, 42, 60, 10, 41, 11, 40, 43, 31, 13, 47, 35, 48, 39, 17, 52, 36, 51, 64, 62, 24, 49, 53, 38, 63, 54, 61 ]:
 Order := 64 > |
[ 3, 10, 14, 6, 16, 27, 1, 36, 30, 18, 40, 2, 38, 48, 17, 20, 47, 53, 9, 22, 24, 46, 4, 56, 5, 23, 49, 29, 35, 41, 37, 33, 15, 7, 52, 21, 8, 25, 58, 32, 59, 11, 34, 28, 12, 13, 42, 64, 61, 51, 45, 54, 50, 39, 19, 57, 31, 44, 60, 62, 63, 55, 26, 43 ],
[ 53, 59, 24, 41, 33, 48, 36, 39, 21, 5, 28, 38, 63, 51, 54, 6, 64, 62, 47, 17, 44, 49, 3, 22, 23, 9, 60, 18, 61, 11, 52, 35, 14, 10, 50, 16, 25, 40, 4, 1, 56, 34, 37, 27, 30, 42, 58, 57, 43, 19, 46, 26, 20, 45, 8, 29, 13, 2, 32, 31, 55, 15, 7, 12 ],
[ 63, 64, 40, 25, 37, 39, 42, 43, 50, 58, 46, 54, 51, 23, 5, 10, 62, 34, 61, 36, 7, 53, 52, 9, 12, 13, 16, 21, 11, 26, 48, 38, 59, 49, 56, 55, 60, 57, 15, 30, 45, 19, 17, 47, 14, 24, 20, 33, 44, 1, 35, 32, 28, 31, 18, 3, 41, 8, 4, 2, 22, 27, 29, 6 ]
]
];
s`SolvableDBPointedPassport := [ PowerSequence(PermutationGroup<64 |  
\[ 2, 9, 8, 19, 11, 1, 31, 35, 37, 13, 39, 22, 27, 18, 29, 26, 3, 41, 33, 32, 54, 4, 34, 5, 61, 62, 30, 12, 6, 17, 28, 44, 7, 45, 10, 38, 46, 47, 63, 43, 36, 48, 56, 23, 55, 15, 52, 21, 14, 60, 16, 49, 25, 53, 57, 58, 20, 51, 42, 24, 59, 40, 64, 50 ],
\[ 3, 10, 14, 6, 16, 27, 1, 36, 30, 18, 40, 2, 38, 48, 17, 20, 47, 53, 9, 22, 24, 46, 4, 56, 5, 23, 49, 29, 35, 41, 37, 33, 15, 7, 52, 21, 8, 25, 58, 32, 59, 11, 34, 28, 12, 13, 42, 64, 61, 51, 45, 54, 50, 39, 19, 57, 31, 44, 60, 62, 63, 55, 26, 43 ],
\[ 4, 7, 15, 20, 21, 28, 32, 1, 12, 29, 25, 44, 2, 27, 22, 50, 9, 3, 23, 56, 14, 45, 58, 59, 18, 5, 46, 57, 33, 6, 34, 16, 55, 26, 37, 30, 19, 8, 42, 60, 10, 41, 11, 40, 43, 31, 13, 47, 35, 48, 39, 17, 52, 36, 51, 64, 62, 24, 49, 53, 38, 63, 54, 61 ]:
 Order := 64 >) |
[ PermutationGroup<64 |  
\[ 2, 9, 8, 19, 11, 1, 31, 35, 37, 13, 39, 22, 27, 18, 29, 26, 3, 41, 33, 32, 54, 4, 34, 5, 61, 62, 30, 12, 6, 17, 28, 44, 7, 45, 10, 38, 46, 47, 63, 43, 36, 48, 56, 23, 55, 15, 52, 21, 14, 60, 16, 49, 25, 53, 57, 58, 20, 51, 42, 24, 59, 40, 64, 50 ],
\[ 3, 10, 14, 6, 16, 27, 1, 36, 30, 18, 40, 2, 38, 48, 17, 20, 47, 53, 9, 22, 24, 46, 4, 56, 5, 23, 49, 29, 35, 41, 37, 33, 15, 7, 52, 21, 8, 25, 58, 32, 59, 11, 34, 28, 12, 13, 42, 64, 61, 51, 45, 54, 50, 39, 19, 57, 31, 44, 60, 62, 63, 55, 26, 43 ],
\[ 4, 7, 15, 20, 21, 28, 32, 1, 12, 29, 25, 44, 2, 27, 22, 50, 9, 3, 23, 56, 14, 45, 58, 59, 18, 5, 46, 57, 33, 6, 34, 16, 55, 26, 37, 30, 19, 8, 42, 60, 10, 41, 11, 40, 43, 31, 13, 47, 35, 48, 39, 17, 52, 36, 51, 64, 62, 24, 49, 53, 38, 63, 54, 61 ]:
 Order := 64 > |
[ 37, 46, 10, 7, 63, 9, 12, 13, 15, 30, 64, 19, 17, 36, 1, 40, 35, 38, 31, 23, 25, 33, 55, 39, 42, 43, 3, 4, 2, 8, 22, 34, 28, 57, 27, 52, 29, 49, 50, 58, 47, 54, 51, 45, 20, 6, 14, 53, 41, 5, 62, 18, 59, 61, 32, 16, 44, 26, 21, 11, 48, 56, 60, 24 ],
[ 3, 10, 14, 6, 16, 27, 1, 36, 30, 18, 40, 2, 38, 48, 17, 20, 47, 53, 9, 22, 24, 46, 4, 56, 5, 23, 49, 29, 35, 41, 37, 33, 15, 7, 52, 21, 8, 25, 58, 32, 59, 11, 34, 28, 12, 13, 42, 64, 61, 51, 45, 54, 50, 39, 19, 57, 31, 44, 60, 62, 63, 55, 26, 43 ],
[ 33, 28, 6, 44, 53, 22, 23, 9, 4, 1, 59, 34, 37, 17, 19, 24, 46, 35, 45, 51, 41, 57, 16, 48, 36, 39, 29, 32, 31, 2, 55, 62, 20, 40, 15, 3, 7, 10, 21, 5, 27, 38, 63, 56, 58, 12, 30, 49, 13, 54, 64, 8, 14, 47, 26, 60, 43, 11, 18, 61, 52, 50, 25, 42 ]
],
[ PermutationGroup<64 |  
\[ 2, 9, 8, 19, 11, 1, 31, 35, 37, 13, 39, 22, 27, 18, 29, 26, 3, 41, 33, 32, 54, 4, 34, 5, 61, 62, 30, 12, 6, 17, 28, 44, 7, 45, 10, 38, 46, 47, 63, 43, 36, 48, 56, 23, 55, 15, 52, 21, 14, 60, 16, 49, 25, 53, 57, 58, 20, 51, 42, 24, 59, 40, 64, 50 ],
\[ 3, 10, 14, 6, 16, 27, 1, 36, 30, 18, 40, 2, 38, 48, 17, 20, 47, 53, 9, 22, 24, 46, 4, 56, 5, 23, 49, 29, 35, 41, 37, 33, 15, 7, 52, 21, 8, 25, 58, 32, 59, 11, 34, 28, 12, 13, 42, 64, 61, 51, 45, 54, 50, 39, 19, 57, 31, 44, 60, 62, 63, 55, 26, 43 ],
\[ 4, 7, 15, 20, 21, 28, 32, 1, 12, 29, 25, 44, 2, 27, 22, 50, 9, 3, 23, 56, 14, 45, 58, 59, 18, 5, 46, 57, 33, 6, 34, 16, 55, 26, 37, 30, 19, 8, 42, 60, 10, 41, 11, 40, 43, 31, 13, 47, 35, 48, 39, 17, 52, 36, 51, 64, 62, 24, 49, 53, 38, 63, 54, 61 ]:
 Order := 64 > |
[ 36, 38, 53, 3, 23, 41, 10, 25, 47, 59, 34, 30, 42, 24, 14, 33, 54, 5, 8, 6, 16, 17, 9, 44, 40, 7, 48, 27, 18, 21, 13, 1, 35, 37, 61, 39, 52, 63, 45, 28, 11, 58, 12, 2, 46, 49, 64, 51, 60, 20, 19, 50, 62, 26, 15, 22, 29, 4, 56, 32, 43, 31, 55, 57 ],
[ 3, 10, 14, 6, 16, 27, 1, 36, 30, 18, 40, 2, 38, 48, 17, 20, 47, 53, 9, 22, 24, 46, 4, 56, 5, 23, 49, 29, 35, 41, 37, 33, 15, 7, 52, 21, 8, 25, 58, 32, 59, 11, 34, 28, 12, 13, 42, 64, 61, 51, 45, 54, 50, 39, 19, 57, 31, 44, 60, 62, 63, 55, 26, 43 ],
[ 40, 58, 23, 39, 10, 16, 63, 55, 26, 34, 30, 64, 57, 33, 62, 36, 20, 28, 50, 53, 9, 24, 25, 3, 37, 52, 44, 11, 56, 45, 60, 59, 5, 42, 32, 7, 43, 12, 8, 38, 4, 46, 49, 21, 54, 51, 19, 6, 22, 35, 14, 31, 1, 15, 61, 41, 48, 47, 2, 27, 29, 18, 13, 17 ]
],
[ PermutationGroup<64 |  
\[ 2, 9, 8, 19, 11, 1, 31, 35, 37, 13, 39, 22, 27, 18, 29, 26, 3, 41, 33, 32, 54, 4, 34, 5, 61, 62, 30, 12, 6, 17, 28, 44, 7, 45, 10, 38, 46, 47, 63, 43, 36, 48, 56, 23, 55, 15, 52, 21, 14, 60, 16, 49, 25, 53, 57, 58, 20, 51, 42, 24, 59, 40, 64, 50 ],
\[ 3, 10, 14, 6, 16, 27, 1, 36, 30, 18, 40, 2, 38, 48, 17, 20, 47, 53, 9, 22, 24, 46, 4, 56, 5, 23, 49, 29, 35, 41, 37, 33, 15, 7, 52, 21, 8, 25, 58, 32, 59, 11, 34, 28, 12, 13, 42, 64, 61, 51, 45, 54, 50, 39, 19, 57, 31, 44, 60, 62, 63, 55, 26, 43 ],
\[ 4, 7, 15, 20, 21, 28, 32, 1, 12, 29, 25, 44, 2, 27, 22, 50, 9, 3, 23, 56, 14, 45, 58, 59, 18, 5, 46, 57, 33, 6, 34, 16, 55, 26, 37, 30, 19, 8, 42, 60, 10, 41, 11, 40, 43, 31, 13, 47, 35, 48, 39, 17, 52, 36, 51, 64, 62, 24, 49, 53, 38, 63, 54, 61 ]:
 Order := 64 > |
[ 3, 10, 14, 6, 16, 27, 1, 36, 30, 18, 40, 2, 38, 48, 17, 20, 47, 53, 9, 22, 24, 46, 4, 56, 5, 23, 49, 29, 35, 41, 37, 33, 15, 7, 52, 21, 8, 25, 58, 32, 59, 11, 34, 28, 12, 13, 42, 64, 61, 51, 45, 54, 50, 39, 19, 57, 31, 44, 60, 62, 63, 55, 26, 43 ],
[ 2, 9, 8, 19, 11, 1, 31, 35, 37, 13, 39, 22, 27, 18, 29, 26, 3, 41, 33, 32, 54, 4, 34, 5, 61, 62, 30, 12, 6, 17, 28, 44, 7, 45, 10, 38, 46, 47, 63, 43, 36, 48, 56, 23, 55, 15, 52, 21, 14, 60, 16, 49, 25, 53, 57, 58, 20, 51, 42, 24, 59, 40, 64, 50 ],
[ 33, 28, 6, 44, 53, 22, 23, 9, 4, 1, 59, 34, 37, 17, 19, 24, 46, 35, 45, 51, 41, 57, 16, 48, 36, 39, 29, 32, 31, 2, 55, 62, 20, 40, 15, 3, 7, 10, 21, 5, 27, 38, 63, 56, 58, 12, 30, 49, 13, 54, 64, 8, 14, 47, 26, 60, 43, 11, 18, 61, 52, 50, 25, 42 ]
],
[ PermutationGroup<64 |  
\[ 2, 9, 8, 19, 11, 1, 31, 35, 37, 13, 39, 22, 27, 18, 29, 26, 3, 41, 33, 32, 54, 4, 34, 5, 61, 62, 30, 12, 6, 17, 28, 44, 7, 45, 10, 38, 46, 47, 63, 43, 36, 48, 56, 23, 55, 15, 52, 21, 14, 60, 16, 49, 25, 53, 57, 58, 20, 51, 42, 24, 59, 40, 64, 50 ],
\[ 3, 10, 14, 6, 16, 27, 1, 36, 30, 18, 40, 2, 38, 48, 17, 20, 47, 53, 9, 22, 24, 46, 4, 56, 5, 23, 49, 29, 35, 41, 37, 33, 15, 7, 52, 21, 8, 25, 58, 32, 59, 11, 34, 28, 12, 13, 42, 64, 61, 51, 45, 54, 50, 39, 19, 57, 31, 44, 60, 62, 63, 55, 26, 43 ],
\[ 4, 7, 15, 20, 21, 28, 32, 1, 12, 29, 25, 44, 2, 27, 22, 50, 9, 3, 23, 56, 14, 45, 58, 59, 18, 5, 46, 57, 33, 6, 34, 16, 55, 26, 37, 30, 19, 8, 42, 60, 10, 41, 11, 40, 43, 31, 13, 47, 35, 48, 39, 17, 52, 36, 51, 64, 62, 24, 49, 53, 38, 63, 54, 61 ]:
 Order := 64 > |
[ 3, 10, 14, 6, 16, 27, 1, 36, 30, 18, 40, 2, 38, 48, 17, 20, 47, 53, 9, 22, 24, 46, 4, 56, 5, 23, 49, 29, 35, 41, 37, 33, 15, 7, 52, 21, 8, 25, 58, 32, 59, 11, 34, 28, 12, 13, 42, 64, 61, 51, 45, 54, 50, 39, 19, 57, 31, 44, 60, 62, 63, 55, 26, 43 ],
[ 18, 41, 21, 30, 32, 14, 8, 54, 36, 25, 44, 13, 61, 50, 52, 4, 48, 60, 17, 15, 58, 27, 1, 20, 26, 19, 59, 10, 49, 42, 35, 29, 3, 2, 53, 5, 38, 11, 23, 7, 24, 43, 31, 6, 9, 47, 39, 56, 64, 55, 22, 63, 16, 51, 37, 28, 46, 12, 40, 57, 62, 33, 34, 45 ],
[ 40, 58, 23, 39, 10, 16, 63, 55, 26, 34, 30, 64, 57, 33, 62, 36, 20, 28, 50, 53, 9, 24, 25, 3, 37, 52, 44, 11, 56, 45, 60, 59, 5, 42, 32, 7, 43, 12, 8, 38, 4, 46, 49, 21, 54, 51, 19, 6, 22, 35, 14, 31, 1, 15, 61, 41, 48, 47, 2, 27, 29, 18, 13, 17 ]
],
[ PermutationGroup<64 |  
\[ 2, 9, 8, 19, 11, 1, 31, 35, 37, 13, 39, 22, 27, 18, 29, 26, 3, 41, 33, 32, 54, 4, 34, 5, 61, 62, 30, 12, 6, 17, 28, 44, 7, 45, 10, 38, 46, 47, 63, 43, 36, 48, 56, 23, 55, 15, 52, 21, 14, 60, 16, 49, 25, 53, 57, 58, 20, 51, 42, 24, 59, 40, 64, 50 ],
\[ 3, 10, 14, 6, 16, 27, 1, 36, 30, 18, 40, 2, 38, 48, 17, 20, 47, 53, 9, 22, 24, 46, 4, 56, 5, 23, 49, 29, 35, 41, 37, 33, 15, 7, 52, 21, 8, 25, 58, 32, 59, 11, 34, 28, 12, 13, 42, 64, 61, 51, 45, 54, 50, 39, 19, 57, 31, 44, 60, 62, 63, 55, 26, 43 ],
\[ 4, 7, 15, 20, 21, 28, 32, 1, 12, 29, 25, 44, 2, 27, 22, 50, 9, 3, 23, 56, 14, 45, 58, 59, 18, 5, 46, 57, 33, 6, 34, 16, 55, 26, 37, 30, 19, 8, 42, 60, 10, 41, 11, 40, 43, 31, 13, 47, 35, 48, 39, 17, 52, 36, 51, 64, 62, 24, 49, 53, 38, 63, 54, 61 ]:
 Order := 64 > |
[ 3, 10, 14, 6, 16, 27, 1, 36, 30, 18, 40, 2, 38, 48, 17, 20, 47, 53, 9, 22, 24, 46, 4, 56, 5, 23, 49, 29, 35, 41, 37, 33, 15, 7, 52, 21, 8, 25, 58, 32, 59, 11, 34, 28, 12, 13, 42, 64, 61, 51, 45, 54, 50, 39, 19, 57, 31, 44, 60, 62, 63, 55, 26, 43 ],
[ 17, 35, 49, 29, 51, 13, 6, 41, 27, 14, 62, 1, 36, 42, 30, 57, 38, 54, 2, 12, 60, 37, 22, 43, 24, 44, 52, 15, 8, 18, 9, 19, 46, 33, 47, 48, 3, 53, 56, 20, 61, 5, 23, 31, 28, 10, 59, 63, 25, 58, 34, 21, 64, 11, 4, 55, 7, 32, 50, 26, 39, 45, 16, 40 ],
[ 57, 20, 12, 43, 49, 55, 51, 22, 32, 19, 14, 62, 33, 37, 34, 42, 28, 46, 56, 63, 13, 40, 60, 52, 17, 48, 7, 26, 45, 31, 16, 64, 58, 24, 4, 29, 44, 6, 18, 54, 15, 35, 53, 50, 5, 23, 1, 10, 9, 38, 59, 2, 30, 27, 11, 25, 39, 61, 8, 47, 3, 21, 41, 36 ]
],
[ PermutationGroup<64 |  
\[ 2, 9, 8, 19, 11, 1, 31, 35, 37, 13, 39, 22, 27, 18, 29, 26, 3, 41, 33, 32, 54, 4, 34, 5, 61, 62, 30, 12, 6, 17, 28, 44, 7, 45, 10, 38, 46, 47, 63, 43, 36, 48, 56, 23, 55, 15, 52, 21, 14, 60, 16, 49, 25, 53, 57, 58, 20, 51, 42, 24, 59, 40, 64, 50 ],
\[ 3, 10, 14, 6, 16, 27, 1, 36, 30, 18, 40, 2, 38, 48, 17, 20, 47, 53, 9, 22, 24, 46, 4, 56, 5, 23, 49, 29, 35, 41, 37, 33, 15, 7, 52, 21, 8, 25, 58, 32, 59, 11, 34, 28, 12, 13, 42, 64, 61, 51, 45, 54, 50, 39, 19, 57, 31, 44, 60, 62, 63, 55, 26, 43 ],
\[ 4, 7, 15, 20, 21, 28, 32, 1, 12, 29, 25, 44, 2, 27, 22, 50, 9, 3, 23, 56, 14, 45, 58, 59, 18, 5, 46, 57, 33, 6, 34, 16, 55, 26, 37, 30, 19, 8, 42, 60, 10, 41, 11, 40, 43, 31, 13, 47, 35, 48, 39, 17, 52, 36, 51, 64, 62, 24, 49, 53, 38, 63, 54, 61 ]:
 Order := 64 > |
[ 3, 10, 14, 6, 16, 27, 1, 36, 30, 18, 40, 2, 38, 48, 17, 20, 47, 53, 9, 22, 24, 46, 4, 56, 5, 23, 49, 29, 35, 41, 37, 33, 15, 7, 52, 21, 8, 25, 58, 32, 59, 11, 34, 28, 12, 13, 42, 64, 61, 51, 45, 54, 50, 39, 19, 57, 31, 44, 60, 62, 63, 55, 26, 43 ],
[ 12, 19, 37, 55, 42, 7, 57, 29, 31, 46, 54, 20, 6, 10, 28, 63, 1, 30, 32, 40, 52, 23, 43, 25, 49, 60, 9, 45, 4, 15, 44, 58, 34, 51, 2, 13, 22, 17, 61, 64, 8, 14, 24, 26, 62, 33, 35, 36, 3, 59, 5, 27, 38, 18, 56, 39, 16, 50, 47, 21, 41, 11, 48, 53 ],
[ 6, 1, 17, 22, 24, 29, 33, 3, 2, 35, 5, 28, 10, 49, 46, 51, 30, 14, 4, 57, 48, 12, 44, 60, 53, 16, 13, 31, 15, 27, 7, 20, 19, 23, 8, 41, 9, 36, 11, 62, 18, 59, 40, 32, 34, 37, 38, 42, 52, 64, 58, 47, 54, 21, 45, 43, 55, 56, 61, 50, 25, 26, 39, 63 ]
]
];
s`SolvableDBMonodromyGroup := PermutationGroup<64 |  
\[ 2, 9, 8, 19, 11, 1, 31, 35, 37, 13, 39, 22, 27, 18, 29, 26, 3, 41, 33, 32, 54, 4, 34, 5, 61, 62, 30, 12, 6, 17, 28, 44, 7, 45, 10, 38, 46, 47, 63, 43, 36, 48, 56, 23, 55, 15, 52, 21, 14, 60, 16, 49, 25, 53, 57, 58, 20, 51, 42, 24, 59, 40, 64, 50 ],
\[ 3, 10, 14, 6, 16, 27, 1, 36, 30, 18, 40, 2, 38, 48, 17, 20, 47, 53, 9, 22, 24, 46, 4, 56, 5, 23, 49, 29, 35, 41, 37, 33, 15, 7, 52, 21, 8, 25, 58, 32, 59, 11, 34, 28, 12, 13, 42, 64, 61, 51, 45, 54, 50, 39, 19, 57, 31, 44, 60, 62, 63, 55, 26, 43 ],
\[ 4, 7, 15, 20, 21, 28, 32, 1, 12, 29, 25, 44, 2, 27, 22, 50, 9, 3, 23, 56, 14, 45, 58, 59, 18, 5, 46, 57, 33, 6, 34, 16, 55, 26, 37, 30, 19, 8, 42, 60, 10, 41, 11, 40, 43, 31, 13, 47, 35, 48, 39, 17, 52, 36, 51, 64, 62, 24, 49, 53, 38, 63, 54, 61 ] >;
s`SolvableDBAutomorphismGroup := PermutationGroup<64 |  
\[ 46, 15, 13, 31, 64, 37, 22, 27, 29, 17, 50, 33, 3, 38, 2, 43, 10, 47, 28, 34, 61, 7, 57, 63, 48, 56, 8, 19, 9, 35, 4, 45, 12, 20, 30, 49, 6, 14, 60, 51, 52, 53, 16, 55, 32, 1, 18, 25, 36, 11, 40, 41, 42, 59, 44, 26, 23, 62, 54, 39, 21, 58, 24, 5 ],
\[ 2, 9, 10, 7, 11, 1, 12, 13, 37, 30, 39, 19, 17, 18, 29, 40, 35, 41, 31, 32, 25, 33, 34, 5, 42, 43, 3, 4, 6, 8, 22, 44, 28, 45, 27, 38, 46, 47, 63, 58, 36, 54, 51, 23, 55, 15, 52, 53, 14, 60, 62, 49, 59, 61, 57, 16, 20, 26, 21, 24, 48, 56, 64, 50 ],
\[ 64, 50, 43, 61, 46, 63, 48, 56, 60, 51, 15, 53, 16, 34, 11, 13, 40, 45, 59, 38, 31, 25, 49, 37, 22, 27, 26, 54, 39, 62, 21, 47, 42, 14, 58, 57, 24, 20, 29, 17, 55, 33, 3, 52, 18, 5, 32, 7, 23, 2, 10, 44, 12, 28, 41, 8, 36, 35, 19, 9, 4, 30, 6, 1 ],
\[ 3, 8, 14, 15, 16, 17, 1, 18, 35, 36, 26, 37, 38, 48, 27, 20, 49, 21, 29, 22, 50, 46, 33, 51, 5, 32, 47, 9, 30, 52, 2, 4, 6, 7, 41, 53, 10, 25, 62, 23, 54, 63, 34, 19, 31, 13, 61, 64, 42, 56, 57, 59, 24, 60, 28, 45, 12, 55, 39, 58, 11, 44, 40, 43 ]:
 Order := 64 >;
s`SolvableDBPointedAutomorphismGroup := PermutationGroup<64 |  
\[ 46, 15, 13, 31, 64, 37, 22, 27, 29, 17, 50, 33, 3, 38, 2, 43, 10, 47, 28, 34, 61, 7, 57, 63, 48, 56, 8, 19, 9, 35, 4, 45, 12, 20, 30, 49, 6, 14, 60, 51, 52, 53, 16, 55, 32, 1, 18, 25, 36, 11, 40, 41, 42, 59, 44, 26, 23, 62, 54, 39, 21, 58, 24, 5 ],
\[ 6, 1, 27, 28, 24, 29, 4, 30, 2, 3, 5, 7, 8, 49, 46, 56, 13, 14, 12, 57, 59, 31, 44, 60, 21, 58, 35, 33, 15, 10, 19, 20, 22, 23, 17, 41, 9, 36, 11, 16, 18, 25, 26, 32, 34, 37, 38, 61, 52, 64, 43, 47, 48, 42, 45, 62, 55, 40, 53, 50, 54, 51, 39, 63 ]:
 Order := 8 >;

/*
Top Level Belyi Curve/Map
*/


/*
Graph Data
*/

s`SolvableDBPathToPP1 := [ Strings() | "PP1", "2T1-2,1,2-g0-path1", "4T2-2,2,2-g0-path2", "8T4-4,2,2-g0-path2", "16T8-4,4,4-g3-path23", "32S15-8,8,8-g11-path32", "64S15-8,8,8-g21-path266" ];
s`SolvableDBChildren := [ Strings() | "32S15-8,8,8-g11-path32" ];

/*
Return for eval
*/

return s;
