s := SolvableDBObjectInitialize();

/*
Basic Information about the Passport
*/

s`SolvableDBName := "64S1-32,64,64-g31-path3";
s`SolvableDBFilename := "64S1-32,64,64-g31-path3.m";
s`SolvableDBPathNumber := 3;
s`SolvableDBDegree := 64;
s`SolvableDBABC := \[ 32, 64, 64 ];
s`SolvableDBType := "Hyperbolic";
s`SolvableDBGenus := 31;
s`SolvableDBGaloisOrbitSize := 2;
s`SolvableDBPassportSize := 16;
s`SolvableDBPointedPassportSize := 16;
s`SolvableDBLevel := 6;
s`SolvableDBBlocks := {@ PowerSet(IntegerRing()) |
{ IntegerRing() | 1, 5 },
{ IntegerRing() | 2, 10 },
{ IntegerRing() | 3, 14 },
{ IntegerRing() | 4, 18 },
{ IntegerRing() | 6, 21 },
{ IntegerRing() | 7, 22 },
{ IntegerRing() | 8, 23 },
{ IntegerRing() | 9, 27 },
{ IntegerRing() | 11, 29 },
{ IntegerRing() | 12, 30 },
{ IntegerRing() | 13, 32 },
{ IntegerRing() | 15, 34 },
{ IntegerRing() | 16, 35 },
{ IntegerRing() | 17, 38 },
{ IntegerRing() | 19, 41 },
{ IntegerRing() | 20, 42 },
{ IntegerRing() | 24, 45 },
{ IntegerRing() | 25, 46 },
{ IntegerRing() | 26, 47 },
{ IntegerRing() | 28, 49 },
{ IntegerRing() | 31, 51 },
{ IntegerRing() | 33, 53 },
{ IntegerRing() | 36, 55 },
{ IntegerRing() | 37, 52 },
{ IntegerRing() | 39, 59 },
{ IntegerRing() | 40, 60 },
{ IntegerRing() | 43, 63 },
{ IntegerRing() | 44, 64 },
{ IntegerRing() | 48, 57 },
{ IntegerRing() | 50, 58 },
{ IntegerRing() | 54, 62 },
{ IntegerRing() | 56, 61 }
@};

/*
Permutations and Passports
*/

s`SolvableDBGaloisOrbit := [ PowerSequence(PermutationGroup<64 |  
\[ 2, 3, 4, 5, 6, 7, 8, 9, 10, 11, 12, 13, 14, 15, 16, 17, 18, 19, 20, 21, 22, 23, 24, 25, 26, 27, 28, 29, 30, 31, 32, 33, 34, 35, 36, 37, 38, 39, 40, 41, 42, 43, 44, 45, 46, 47, 48, 49, 50, 51, 52, 53, 54, 55, 56, 57, 58, 59, 60, 61, 62, 63, 64, 1 ],
\[ 2, 1, 3, 4, 5, 6, 7, 8, 9, 10, 11, 12, 13, 14, 15, 16, 17, 18, 19, 20, 21, 22, 23, 24, 25, 26, 27, 28, 29, 30, 31, 32, 33, 34, 35, 36, 37, 38, 39, 40, 41, 42, 43, 44, 45, 46, 47, 48, 49, 50, 51, 52, 53, 54, 55, 56, 57, 58, 59, 60, 61, 62, 63, 64 ]:
 Order := 126886932185884164103433389335161480802865516174545192198801894375214704230400000000000000 >) |
[ PermutationGroup<64 |  
\[ 2, 3, 4, 5, 6, 7, 8, 9, 10, 11, 12, 13, 14, 15, 16, 17, 18, 19, 20, 21, 22, 23, 24, 25, 26, 27, 28, 29, 30, 31, 32, 33, 34, 35, 36, 37, 38, 39, 40, 41, 42, 43, 44, 45, 46, 47, 48, 49, 50, 51, 52, 53, 54, 55, 56, 57, 58, 59, 60, 61, 62, 63, 64, 1 ],
\[ 2, 1, 3, 4, 5, 6, 7, 8, 9, 10, 11, 12, 13, 14, 15, 16, 17, 18, 19, 20, 21, 22, 23, 24, 25, 26, 27, 28, 29, 30, 31, 32, 33, 34, 35, 36, 37, 38, 39, 40, 41, 42, 43, 44, 45, 46, 47, 48, 49, 50, 51, 52, 53, 54, 55, 56, 57, 58, 59, 60, 61, 62, 63, 64 ]:
 Order := 126886932185884164103433389335161480802865516174545192198801894375214704230400000000000000 > |
[ 2, 9, 8, 7, 10, 1, 11, 12, 13, 27, 15, 28, 16, 23, 3, 26, 20, 22, 4, 25, 5, 29, 30, 6, 24, 31, 32, 33, 34, 49, 50, 35, 36, 14, 47, 48, 40, 42, 17, 44, 18, 46, 19, 43, 21, 45, 51, 52, 53, 54, 58, 60, 55, 56, 57, 59, 37, 62, 38, 64, 39, 61, 41, 63 ],
[ 3, 8, 13, 6, 14, 15, 1, 16, 12, 23, 2, 26, 28, 32, 9, 33, 19, 21, 24, 4, 34, 5, 35, 11, 7, 36, 30, 31, 10, 47, 48, 49, 50, 27, 53, 54, 39, 41, 43, 17, 45, 18, 25, 20, 29, 22, 55, 56, 51, 52, 57, 59, 58, 60, 62, 64, 61, 37, 63, 38, 44, 40, 46, 42 ],
[ 4, 7, 6, 17, 18, 19, 20, 1, 11, 22, 25, 2, 15, 21, 24, 3, 37, 38, 39, 40, 41, 42, 5, 43, 44, 8, 29, 9, 46, 10, 12, 34, 13, 45, 14, 16, 51, 52, 57, 58, 59, 60, 61, 62, 63, 64, 23, 26, 27, 28, 30, 31, 32, 33, 35, 36, 47, 49, 48, 50, 55, 53, 56, 54 ]
],
[ PermutationGroup<64 |  
\[ 2, 3, 4, 5, 6, 7, 8, 9, 10, 11, 12, 13, 14, 15, 16, 17, 18, 19, 20, 21, 22, 23, 24, 25, 26, 27, 28, 29, 30, 31, 32, 33, 34, 35, 36, 37, 38, 39, 40, 41, 42, 43, 44, 45, 46, 47, 48, 49, 50, 51, 52, 53, 54, 55, 56, 57, 58, 59, 60, 61, 62, 63, 64, 1 ],
\[ 2, 1, 3, 4, 5, 6, 7, 8, 9, 10, 11, 12, 13, 14, 15, 16, 17, 18, 19, 20, 21, 22, 23, 24, 25, 26, 27, 28, 29, 30, 31, 32, 33, 34, 35, 36, 37, 38, 39, 40, 41, 42, 43, 44, 45, 46, 47, 48, 49, 50, 51, 52, 53, 54, 55, 56, 57, 58, 59, 60, 61, 62, 63, 64 ]:
 Order := 126886932185884164103433389335161480802865516174545192198801894375214704230400000000000000 > |
[ 10, 27, 23, 22, 2, 5, 29, 30, 32, 9, 34, 49, 35, 8, 14, 47, 42, 7, 18, 46, 1, 11, 12, 21, 45, 51, 13, 53, 15, 28, 58, 16, 55, 3, 26, 57, 60, 20, 38, 64, 4, 25, 41, 63, 6, 24, 31, 37, 33, 62, 50, 40, 36, 61, 48, 39, 52, 54, 17, 44, 59, 56, 19, 43 ],
[ 3, 8, 13, 6, 14, 15, 1, 16, 12, 23, 2, 26, 28, 32, 9, 33, 19, 21, 24, 4, 34, 5, 35, 11, 7, 36, 30, 31, 10, 47, 48, 49, 50, 27, 53, 54, 39, 41, 43, 17, 45, 18, 25, 20, 29, 22, 55, 56, 51, 52, 57, 59, 58, 60, 62, 64, 61, 37, 63, 38, 44, 40, 46, 42 ],
[ 18, 22, 21, 38, 4, 41, 42, 5, 29, 7, 46, 10, 34, 6, 45, 14, 52, 17, 59, 60, 19, 20, 1, 63, 64, 23, 11, 27, 25, 2, 30, 15, 32, 24, 3, 35, 31, 37, 48, 50, 39, 40, 56, 54, 43, 44, 8, 47, 9, 49, 12, 51, 13, 53, 16, 55, 26, 28, 57, 58, 36, 33, 61, 62 ]
]
];
s`SolvableDBPassport := [ PowerSequence(PermutationGroup<64 |  
\[ 10, 27, 23, 22, 2, 5, 29, 30, 32, 9, 34, 49, 35, 8, 14, 47, 42, 7, 18, 46, 1, 11, 12, 21, 45, 51, 13, 53, 15, 28, 58, 16, 55, 3, 26, 57, 60, 20, 38, 64, 4, 25, 41, 63, 6, 24, 31, 37, 33, 62, 50, 40, 36, 61, 48, 39, 52, 54, 17, 44, 59, 56, 19, 43 ],
\[ 3, 8, 13, 6, 14, 15, 1, 16, 12, 23, 2, 26, 28, 32, 9, 33, 19, 21, 24, 4, 34, 5, 35, 11, 7, 36, 30, 31, 10, 47, 48, 49, 50, 27, 53, 54, 39, 41, 43, 17, 45, 18, 25, 20, 29, 22, 55, 56, 51, 52, 57, 59, 58, 60, 62, 64, 61, 37, 63, 38, 44, 40, 46, 42 ],
\[ 18, 22, 21, 38, 4, 41, 42, 5, 29, 7, 46, 10, 34, 6, 45, 14, 52, 17, 59, 60, 19, 20, 1, 63, 64, 23, 11, 27, 25, 2, 30, 15, 32, 24, 3, 35, 31, 37, 48, 50, 39, 40, 56, 54, 43, 44, 8, 47, 9, 49, 12, 51, 13, 53, 16, 55, 26, 28, 57, 58, 36, 33, 61, 62 ]:
 Order := 64 >) |
[ PermutationGroup<64 |  
\[ 10, 27, 23, 22, 2, 5, 29, 30, 32, 9, 34, 49, 35, 8, 14, 47, 42, 7, 18, 46, 1, 11, 12, 21, 45, 51, 13, 53, 15, 28, 58, 16, 55, 3, 26, 57, 60, 20, 38, 64, 4, 25, 41, 63, 6, 24, 31, 37, 33, 62, 50, 40, 36, 61, 48, 39, 52, 54, 17, 44, 59, 56, 19, 43 ],
\[ 3, 8, 13, 6, 14, 15, 1, 16, 12, 23, 2, 26, 28, 32, 9, 33, 19, 21, 24, 4, 34, 5, 35, 11, 7, 36, 30, 31, 10, 47, 48, 49, 50, 27, 53, 54, 39, 41, 43, 17, 45, 18, 25, 20, 29, 22, 55, 56, 51, 52, 57, 59, 58, 60, 62, 64, 61, 37, 63, 38, 44, 40, 46, 42 ],
\[ 18, 22, 21, 38, 4, 41, 42, 5, 29, 7, 46, 10, 34, 6, 45, 14, 52, 17, 59, 60, 19, 20, 1, 63, 64, 23, 11, 27, 25, 2, 30, 15, 32, 24, 3, 35, 31, 37, 48, 50, 39, 40, 56, 54, 43, 44, 8, 47, 9, 49, 12, 51, 13, 53, 16, 55, 26, 28, 57, 58, 36, 33, 61, 62 ]:
 Order := 64 > |
[ 25, 24, 7, 44, 46, 20, 43, 11, 6, 45, 19, 15, 1, 22, 4, 2, 62, 64, 40, 61, 42, 63, 29, 17, 39, 9, 21, 3, 41, 34, 13, 5, 8, 18, 10, 12, 53, 54, 58, 55, 60, 56, 37, 57, 38, 59, 27, 28, 14, 16, 32, 33, 23, 26, 30, 31, 49, 35, 50, 36, 51, 47, 52, 48 ],
[ 3, 8, 13, 6, 14, 15, 1, 16, 12, 23, 2, 26, 28, 32, 9, 33, 19, 21, 24, 4, 34, 5, 35, 11, 7, 36, 30, 31, 10, 47, 48, 49, 50, 27, 53, 54, 39, 41, 43, 17, 45, 18, 25, 20, 29, 22, 55, 56, 51, 52, 57, 59, 58, 60, 62, 64, 61, 37, 63, 38, 44, 40, 46, 42 ],
[ 3, 8, 13, 6, 14, 15, 1, 16, 12, 23, 2, 26, 28, 32, 9, 33, 19, 21, 24, 4, 34, 5, 35, 11, 7, 36, 30, 31, 10, 47, 48, 49, 50, 27, 53, 54, 39, 41, 43, 17, 45, 18, 25, 20, 29, 22, 55, 56, 51, 52, 57, 59, 58, 60, 62, 64, 61, 37, 63, 38, 44, 40, 46, 42 ]
],
[ PermutationGroup<64 |  
\[ 10, 27, 23, 22, 2, 5, 29, 30, 32, 9, 34, 49, 35, 8, 14, 47, 42, 7, 18, 46, 1, 11, 12, 21, 45, 51, 13, 53, 15, 28, 58, 16, 55, 3, 26, 57, 60, 20, 38, 64, 4, 25, 41, 63, 6, 24, 31, 37, 33, 62, 50, 40, 36, 61, 48, 39, 52, 54, 17, 44, 59, 56, 19, 43 ],
\[ 3, 8, 13, 6, 14, 15, 1, 16, 12, 23, 2, 26, 28, 32, 9, 33, 19, 21, 24, 4, 34, 5, 35, 11, 7, 36, 30, 31, 10, 47, 48, 49, 50, 27, 53, 54, 39, 41, 43, 17, 45, 18, 25, 20, 29, 22, 55, 56, 51, 52, 57, 59, 58, 60, 62, 64, 61, 37, 63, 38, 44, 40, 46, 42 ],
\[ 18, 22, 21, 38, 4, 41, 42, 5, 29, 7, 46, 10, 34, 6, 45, 14, 52, 17, 59, 60, 19, 20, 1, 63, 64, 23, 11, 27, 25, 2, 30, 15, 32, 24, 3, 35, 31, 37, 48, 50, 39, 40, 56, 54, 43, 44, 8, 47, 9, 49, 12, 51, 13, 53, 16, 55, 26, 28, 57, 58, 36, 33, 61, 62 ]:
 Order := 64 > |
[ 46, 45, 22, 64, 25, 42, 63, 29, 21, 24, 41, 34, 5, 7, 18, 10, 54, 44, 60, 56, 20, 43, 11, 38, 59, 27, 6, 14, 19, 15, 32, 1, 23, 4, 2, 30, 33, 62, 50, 36, 40, 61, 52, 48, 17, 39, 9, 49, 3, 35, 13, 53, 8, 47, 12, 51, 28, 16, 58, 55, 31, 26, 37, 57 ],
[ 3, 8, 13, 6, 14, 15, 1, 16, 12, 23, 2, 26, 28, 32, 9, 33, 19, 21, 24, 4, 34, 5, 35, 11, 7, 36, 30, 31, 10, 47, 48, 49, 50, 27, 53, 54, 39, 41, 43, 17, 45, 18, 25, 20, 29, 22, 55, 56, 51, 52, 57, 59, 58, 60, 62, 64, 61, 37, 63, 38, 44, 40, 46, 42 ],
[ 14, 23, 32, 21, 3, 34, 5, 35, 30, 8, 10, 47, 49, 13, 27, 53, 41, 6, 45, 18, 15, 1, 16, 29, 22, 55, 12, 51, 2, 26, 57, 28, 58, 9, 33, 62, 59, 19, 63, 38, 24, 4, 46, 42, 11, 7, 36, 61, 31, 37, 48, 39, 50, 40, 54, 44, 56, 52, 43, 17, 64, 60, 25, 20 ]
],
[ PermutationGroup<64 |  
\[ 10, 27, 23, 22, 2, 5, 29, 30, 32, 9, 34, 49, 35, 8, 14, 47, 42, 7, 18, 46, 1, 11, 12, 21, 45, 51, 13, 53, 15, 28, 58, 16, 55, 3, 26, 57, 60, 20, 38, 64, 4, 25, 41, 63, 6, 24, 31, 37, 33, 62, 50, 40, 36, 61, 48, 39, 52, 54, 17, 44, 59, 56, 19, 43 ],
\[ 3, 8, 13, 6, 14, 15, 1, 16, 12, 23, 2, 26, 28, 32, 9, 33, 19, 21, 24, 4, 34, 5, 35, 11, 7, 36, 30, 31, 10, 47, 48, 49, 50, 27, 53, 54, 39, 41, 43, 17, 45, 18, 25, 20, 29, 22, 55, 56, 51, 52, 57, 59, 58, 60, 62, 64, 61, 37, 63, 38, 44, 40, 46, 42 ],
\[ 18, 22, 21, 38, 4, 41, 42, 5, 29, 7, 46, 10, 34, 6, 45, 14, 52, 17, 59, 60, 19, 20, 1, 63, 64, 23, 11, 27, 25, 2, 30, 15, 32, 24, 3, 35, 31, 37, 48, 50, 39, 40, 56, 54, 43, 44, 8, 47, 9, 49, 12, 51, 13, 53, 16, 55, 26, 28, 57, 58, 36, 33, 61, 62 ]:
 Order := 64 > |
[ 17, 20, 19, 37, 38, 39, 40, 4, 25, 42, 44, 7, 24, 41, 43, 6, 51, 52, 57, 58, 59, 60, 18, 61, 62, 1, 46, 11, 64, 22, 2, 45, 15, 63, 21, 3, 30, 31, 47, 49, 48, 50, 55, 53, 56, 54, 5, 8, 29, 9, 10, 12, 34, 13, 14, 16, 23, 27, 26, 28, 35, 32, 36, 33 ],
[ 3, 8, 13, 6, 14, 15, 1, 16, 12, 23, 2, 26, 28, 32, 9, 33, 19, 21, 24, 4, 34, 5, 35, 11, 7, 36, 30, 31, 10, 47, 48, 49, 50, 27, 53, 54, 39, 41, 43, 17, 45, 18, 25, 20, 29, 22, 55, 56, 51, 52, 57, 59, 58, 60, 62, 64, 61, 37, 63, 38, 44, 40, 46, 42 ],
[ 12, 28, 26, 2, 30, 8, 9, 31, 33, 49, 13, 50, 36, 47, 16, 48, 7, 10, 1, 11, 23, 27, 51, 3, 15, 52, 53, 54, 32, 58, 60, 55, 56, 35, 57, 59, 20, 22, 4, 25, 5, 29, 6, 24, 14, 34, 37, 38, 62, 64, 40, 42, 61, 63, 39, 41, 17, 44, 18, 46, 19, 43, 21, 45 ]
],
[ PermutationGroup<64 |  
\[ 10, 27, 23, 22, 2, 5, 29, 30, 32, 9, 34, 49, 35, 8, 14, 47, 42, 7, 18, 46, 1, 11, 12, 21, 45, 51, 13, 53, 15, 28, 58, 16, 55, 3, 26, 57, 60, 20, 38, 64, 4, 25, 41, 63, 6, 24, 31, 37, 33, 62, 50, 40, 36, 61, 48, 39, 52, 54, 17, 44, 59, 56, 19, 43 ],
\[ 3, 8, 13, 6, 14, 15, 1, 16, 12, 23, 2, 26, 28, 32, 9, 33, 19, 21, 24, 4, 34, 5, 35, 11, 7, 36, 30, 31, 10, 47, 48, 49, 50, 27, 53, 54, 39, 41, 43, 17, 45, 18, 25, 20, 29, 22, 55, 56, 51, 52, 57, 59, 58, 60, 62, 64, 61, 37, 63, 38, 44, 40, 46, 42 ],
\[ 18, 22, 21, 38, 4, 41, 42, 5, 29, 7, 46, 10, 34, 6, 45, 14, 52, 17, 59, 60, 19, 20, 1, 63, 64, 23, 11, 27, 25, 2, 30, 15, 32, 24, 3, 35, 31, 37, 48, 50, 39, 40, 56, 54, 43, 44, 8, 47, 9, 49, 12, 51, 13, 53, 16, 55, 26, 28, 57, 58, 36, 33, 61, 62 ]:
 Order := 64 > |
[ 38, 42, 41, 52, 17, 59, 60, 18, 46, 20, 64, 22, 45, 19, 63, 21, 31, 37, 48, 50, 39, 40, 4, 56, 54, 5, 25, 29, 44, 7, 10, 24, 34, 43, 6, 14, 12, 51, 26, 28, 57, 58, 36, 33, 61, 62, 1, 23, 11, 27, 2, 30, 15, 32, 3, 35, 8, 9, 47, 49, 16, 13, 55, 53 ],
[ 3, 8, 13, 6, 14, 15, 1, 16, 12, 23, 2, 26, 28, 32, 9, 33, 19, 21, 24, 4, 34, 5, 35, 11, 7, 36, 30, 31, 10, 47, 48, 49, 50, 27, 53, 54, 39, 41, 43, 17, 45, 18, 25, 20, 29, 22, 55, 56, 51, 52, 57, 59, 58, 60, 62, 64, 61, 37, 63, 38, 44, 40, 46, 42 ],
[ 30, 49, 47, 10, 12, 23, 27, 51, 53, 28, 32, 58, 55, 26, 35, 57, 22, 2, 5, 29, 8, 9, 31, 14, 34, 37, 33, 62, 13, 50, 40, 36, 61, 16, 48, 39, 42, 7, 18, 46, 1, 11, 21, 45, 3, 15, 52, 17, 54, 44, 60, 20, 56, 43, 59, 19, 38, 64, 4, 25, 41, 63, 6, 24 ]
],
[ PermutationGroup<64 |  
\[ 10, 27, 23, 22, 2, 5, 29, 30, 32, 9, 34, 49, 35, 8, 14, 47, 42, 7, 18, 46, 1, 11, 12, 21, 45, 51, 13, 53, 15, 28, 58, 16, 55, 3, 26, 57, 60, 20, 38, 64, 4, 25, 41, 63, 6, 24, 31, 37, 33, 62, 50, 40, 36, 61, 48, 39, 52, 54, 17, 44, 59, 56, 19, 43 ],
\[ 3, 8, 13, 6, 14, 15, 1, 16, 12, 23, 2, 26, 28, 32, 9, 33, 19, 21, 24, 4, 34, 5, 35, 11, 7, 36, 30, 31, 10, 47, 48, 49, 50, 27, 53, 54, 39, 41, 43, 17, 45, 18, 25, 20, 29, 22, 55, 56, 51, 52, 57, 59, 58, 60, 62, 64, 61, 37, 63, 38, 44, 40, 46, 42 ],
\[ 18, 22, 21, 38, 4, 41, 42, 5, 29, 7, 46, 10, 34, 6, 45, 14, 52, 17, 59, 60, 19, 20, 1, 63, 64, 23, 11, 27, 25, 2, 30, 15, 32, 24, 3, 35, 31, 37, 48, 50, 39, 40, 56, 54, 43, 44, 8, 47, 9, 49, 12, 51, 13, 53, 16, 55, 26, 28, 57, 58, 36, 33, 61, 62 ]:
 Order := 64 > |
[ 56, 59, 64, 36, 61, 54, 48, 63, 38, 39, 52, 41, 42, 44, 60, 46, 16, 55, 33, 26, 62, 57, 43, 50, 31, 45, 17, 18, 37, 19, 21, 20, 22, 40, 25, 29, 3, 35, 13, 8, 53, 47, 28, 12, 58, 51, 24, 34, 4, 5, 6, 14, 7, 10, 11, 27, 15, 1, 32, 23, 9, 2, 49, 30 ],
[ 3, 8, 13, 6, 14, 15, 1, 16, 12, 23, 2, 26, 28, 32, 9, 33, 19, 21, 24, 4, 34, 5, 35, 11, 7, 36, 30, 31, 10, 47, 48, 49, 50, 27, 53, 54, 39, 41, 43, 17, 45, 18, 25, 20, 29, 22, 55, 56, 51, 52, 57, 59, 58, 60, 62, 64, 61, 37, 63, 38, 44, 40, 46, 42 ],
[ 53, 55, 58, 32, 33, 49, 35, 62, 57, 36, 47, 61, 37, 50, 51, 40, 34, 13, 27, 14, 28, 16, 54, 30, 23, 44, 48, 39, 26, 56, 43, 52, 17, 31, 60, 20, 45, 15, 29, 21, 9, 3, 10, 5, 12, 8, 64, 25, 59, 19, 63, 24, 38, 4, 42, 7, 46, 41, 11, 6, 22, 18, 2, 1 ]
],
[ PermutationGroup<64 |  
\[ 10, 27, 23, 22, 2, 5, 29, 30, 32, 9, 34, 49, 35, 8, 14, 47, 42, 7, 18, 46, 1, 11, 12, 21, 45, 51, 13, 53, 15, 28, 58, 16, 55, 3, 26, 57, 60, 20, 38, 64, 4, 25, 41, 63, 6, 24, 31, 37, 33, 62, 50, 40, 36, 61, 48, 39, 52, 54, 17, 44, 59, 56, 19, 43 ],
\[ 3, 8, 13, 6, 14, 15, 1, 16, 12, 23, 2, 26, 28, 32, 9, 33, 19, 21, 24, 4, 34, 5, 35, 11, 7, 36, 30, 31, 10, 47, 48, 49, 50, 27, 53, 54, 39, 41, 43, 17, 45, 18, 25, 20, 29, 22, 55, 56, 51, 52, 57, 59, 58, 60, 62, 64, 61, 37, 63, 38, 44, 40, 46, 42 ],
\[ 18, 22, 21, 38, 4, 41, 42, 5, 29, 7, 46, 10, 34, 6, 45, 14, 52, 17, 59, 60, 19, 20, 1, 63, 64, 23, 11, 27, 25, 2, 30, 15, 32, 24, 3, 35, 31, 37, 48, 50, 39, 40, 56, 54, 43, 44, 8, 47, 9, 49, 12, 51, 13, 53, 16, 55, 26, 28, 57, 58, 36, 33, 61, 62 ]:
 Order := 64 > |
[ 2, 9, 8, 7, 10, 1, 11, 12, 13, 27, 15, 28, 16, 23, 3, 26, 20, 22, 4, 25, 5, 29, 30, 6, 24, 31, 32, 33, 34, 49, 50, 35, 36, 14, 47, 48, 40, 42, 17, 44, 18, 46, 19, 43, 21, 45, 51, 52, 53, 54, 58, 60, 55, 56, 57, 59, 37, 62, 38, 64, 39, 61, 41, 63 ],
[ 3, 8, 13, 6, 14, 15, 1, 16, 12, 23, 2, 26, 28, 32, 9, 33, 19, 21, 24, 4, 34, 5, 35, 11, 7, 36, 30, 31, 10, 47, 48, 49, 50, 27, 53, 54, 39, 41, 43, 17, 45, 18, 25, 20, 29, 22, 55, 56, 51, 52, 57, 59, 58, 60, 62, 64, 61, 37, 63, 38, 44, 40, 46, 42 ],
[ 4, 7, 6, 17, 18, 19, 20, 1, 11, 22, 25, 2, 15, 21, 24, 3, 37, 38, 39, 40, 41, 42, 5, 43, 44, 8, 29, 9, 46, 10, 12, 34, 13, 45, 14, 16, 51, 52, 57, 58, 59, 60, 61, 62, 63, 64, 23, 26, 27, 28, 30, 31, 32, 33, 35, 36, 47, 49, 48, 50, 55, 53, 56, 54 ]
],
[ PermutationGroup<64 |  
\[ 10, 27, 23, 22, 2, 5, 29, 30, 32, 9, 34, 49, 35, 8, 14, 47, 42, 7, 18, 46, 1, 11, 12, 21, 45, 51, 13, 53, 15, 28, 58, 16, 55, 3, 26, 57, 60, 20, 38, 64, 4, 25, 41, 63, 6, 24, 31, 37, 33, 62, 50, 40, 36, 61, 48, 39, 52, 54, 17, 44, 59, 56, 19, 43 ],
\[ 3, 8, 13, 6, 14, 15, 1, 16, 12, 23, 2, 26, 28, 32, 9, 33, 19, 21, 24, 4, 34, 5, 35, 11, 7, 36, 30, 31, 10, 47, 48, 49, 50, 27, 53, 54, 39, 41, 43, 17, 45, 18, 25, 20, 29, 22, 55, 56, 51, 52, 57, 59, 58, 60, 62, 64, 61, 37, 63, 38, 44, 40, 46, 42 ],
\[ 18, 22, 21, 38, 4, 41, 42, 5, 29, 7, 46, 10, 34, 6, 45, 14, 52, 17, 59, 60, 19, 20, 1, 63, 64, 23, 11, 27, 25, 2, 30, 15, 32, 24, 3, 35, 31, 37, 48, 50, 39, 40, 56, 54, 43, 44, 8, 47, 9, 49, 12, 51, 13, 53, 16, 55, 26, 28, 57, 58, 36, 33, 61, 62 ]:
 Order := 64 > |
[ 61, 39, 44, 55, 56, 62, 57, 43, 17, 59, 37, 19, 20, 64, 40, 25, 35, 36, 53, 47, 54, 48, 63, 58, 51, 24, 38, 4, 52, 41, 6, 42, 7, 60, 46, 11, 14, 16, 32, 23, 33, 26, 49, 30, 50, 31, 45, 15, 18, 1, 21, 3, 22, 2, 29, 9, 34, 5, 13, 8, 27, 10, 28, 12 ],
[ 3, 8, 13, 6, 14, 15, 1, 16, 12, 23, 2, 26, 28, 32, 9, 33, 19, 21, 24, 4, 34, 5, 35, 11, 7, 36, 30, 31, 10, 47, 48, 49, 50, 27, 53, 54, 39, 41, 43, 17, 45, 18, 25, 20, 29, 22, 55, 56, 51, 52, 57, 59, 58, 60, 62, 64, 61, 37, 63, 38, 44, 40, 46, 42 ],
[ 33, 36, 50, 13, 53, 28, 16, 54, 48, 55, 26, 56, 52, 58, 31, 60, 15, 32, 9, 3, 49, 35, 62, 12, 8, 64, 57, 59, 47, 61, 63, 37, 38, 51, 40, 42, 24, 34, 11, 6, 27, 14, 2, 1, 30, 23, 44, 46, 39, 41, 43, 45, 17, 18, 20, 22, 25, 19, 29, 21, 7, 4, 10, 5 ]
],
[ PermutationGroup<64 |  
\[ 10, 27, 23, 22, 2, 5, 29, 30, 32, 9, 34, 49, 35, 8, 14, 47, 42, 7, 18, 46, 1, 11, 12, 21, 45, 51, 13, 53, 15, 28, 58, 16, 55, 3, 26, 57, 60, 20, 38, 64, 4, 25, 41, 63, 6, 24, 31, 37, 33, 62, 50, 40, 36, 61, 48, 39, 52, 54, 17, 44, 59, 56, 19, 43 ],
\[ 3, 8, 13, 6, 14, 15, 1, 16, 12, 23, 2, 26, 28, 32, 9, 33, 19, 21, 24, 4, 34, 5, 35, 11, 7, 36, 30, 31, 10, 47, 48, 49, 50, 27, 53, 54, 39, 41, 43, 17, 45, 18, 25, 20, 29, 22, 55, 56, 51, 52, 57, 59, 58, 60, 62, 64, 61, 37, 63, 38, 44, 40, 46, 42 ],
\[ 18, 22, 21, 38, 4, 41, 42, 5, 29, 7, 46, 10, 34, 6, 45, 14, 52, 17, 59, 60, 19, 20, 1, 63, 64, 23, 11, 27, 25, 2, 30, 15, 32, 24, 3, 35, 31, 37, 48, 50, 39, 40, 56, 54, 43, 44, 8, 47, 9, 49, 12, 51, 13, 53, 16, 55, 26, 28, 57, 58, 36, 33, 61, 62 ]:
 Order := 64 > |
[ 10, 27, 23, 22, 2, 5, 29, 30, 32, 9, 34, 49, 35, 8, 14, 47, 42, 7, 18, 46, 1, 11, 12, 21, 45, 51, 13, 53, 15, 28, 58, 16, 55, 3, 26, 57, 60, 20, 38, 64, 4, 25, 41, 63, 6, 24, 31, 37, 33, 62, 50, 40, 36, 61, 48, 39, 52, 54, 17, 44, 59, 56, 19, 43 ],
[ 3, 8, 13, 6, 14, 15, 1, 16, 12, 23, 2, 26, 28, 32, 9, 33, 19, 21, 24, 4, 34, 5, 35, 11, 7, 36, 30, 31, 10, 47, 48, 49, 50, 27, 53, 54, 39, 41, 43, 17, 45, 18, 25, 20, 29, 22, 55, 56, 51, 52, 57, 59, 58, 60, 62, 64, 61, 37, 63, 38, 44, 40, 46, 42 ],
[ 18, 22, 21, 38, 4, 41, 42, 5, 29, 7, 46, 10, 34, 6, 45, 14, 52, 17, 59, 60, 19, 20, 1, 63, 64, 23, 11, 27, 25, 2, 30, 15, 32, 24, 3, 35, 31, 37, 48, 50, 39, 40, 56, 54, 43, 44, 8, 47, 9, 49, 12, 51, 13, 53, 16, 55, 26, 28, 57, 58, 36, 33, 61, 62 ]
],
[ PermutationGroup<64 |  
\[ 10, 27, 23, 22, 2, 5, 29, 30, 32, 9, 34, 49, 35, 8, 14, 47, 42, 7, 18, 46, 1, 11, 12, 21, 45, 51, 13, 53, 15, 28, 58, 16, 55, 3, 26, 57, 60, 20, 38, 64, 4, 25, 41, 63, 6, 24, 31, 37, 33, 62, 50, 40, 36, 61, 48, 39, 52, 54, 17, 44, 59, 56, 19, 43 ],
\[ 3, 8, 13, 6, 14, 15, 1, 16, 12, 23, 2, 26, 28, 32, 9, 33, 19, 21, 24, 4, 34, 5, 35, 11, 7, 36, 30, 31, 10, 47, 48, 49, 50, 27, 53, 54, 39, 41, 43, 17, 45, 18, 25, 20, 29, 22, 55, 56, 51, 52, 57, 59, 58, 60, 62, 64, 61, 37, 63, 38, 44, 40, 46, 42 ],
\[ 18, 22, 21, 38, 4, 41, 42, 5, 29, 7, 46, 10, 34, 6, 45, 14, 52, 17, 59, 60, 19, 20, 1, 63, 64, 23, 11, 27, 25, 2, 30, 15, 32, 24, 3, 35, 31, 37, 48, 50, 39, 40, 56, 54, 43, 44, 8, 47, 9, 49, 12, 51, 13, 53, 16, 55, 26, 28, 57, 58, 36, 33, 61, 62 ]:
 Order := 64 > |
[ 58, 62, 37, 49, 50, 51, 53, 40, 61, 54, 55, 44, 39, 52, 57, 17, 27, 28, 30, 32, 31, 33, 60, 47, 35, 20, 56, 43, 36, 64, 25, 59, 19, 48, 38, 4, 29, 9, 10, 34, 12, 13, 23, 14, 26, 16, 42, 7, 63, 24, 46, 11, 41, 6, 18, 1, 22, 45, 2, 15, 5, 21, 8, 3 ],
[ 3, 8, 13, 6, 14, 15, 1, 16, 12, 23, 2, 26, 28, 32, 9, 33, 19, 21, 24, 4, 34, 5, 35, 11, 7, 36, 30, 31, 10, 47, 48, 49, 50, 27, 53, 54, 39, 41, 43, 17, 45, 18, 25, 20, 29, 22, 55, 56, 51, 52, 57, 59, 58, 60, 62, 64, 61, 37, 63, 38, 44, 40, 46, 42 ],
[ 48, 52, 56, 26, 57, 36, 31, 59, 60, 37, 50, 38, 64, 61, 54, 63, 8, 47, 16, 12, 55, 51, 39, 33, 28, 41, 40, 42, 58, 17, 18, 44, 46, 62, 43, 45, 1, 23, 3, 2, 35, 30, 13, 9, 53, 49, 19, 21, 20, 22, 4, 5, 25, 29, 24, 34, 6, 7, 14, 10, 15, 11, 32, 27 ]
],
[ PermutationGroup<64 |  
\[ 10, 27, 23, 22, 2, 5, 29, 30, 32, 9, 34, 49, 35, 8, 14, 47, 42, 7, 18, 46, 1, 11, 12, 21, 45, 51, 13, 53, 15, 28, 58, 16, 55, 3, 26, 57, 60, 20, 38, 64, 4, 25, 41, 63, 6, 24, 31, 37, 33, 62, 50, 40, 36, 61, 48, 39, 52, 54, 17, 44, 59, 56, 19, 43 ],
\[ 3, 8, 13, 6, 14, 15, 1, 16, 12, 23, 2, 26, 28, 32, 9, 33, 19, 21, 24, 4, 34, 5, 35, 11, 7, 36, 30, 31, 10, 47, 48, 49, 50, 27, 53, 54, 39, 41, 43, 17, 45, 18, 25, 20, 29, 22, 55, 56, 51, 52, 57, 59, 58, 60, 62, 64, 61, 37, 63, 38, 44, 40, 46, 42 ],
\[ 18, 22, 21, 38, 4, 41, 42, 5, 29, 7, 46, 10, 34, 6, 45, 14, 52, 17, 59, 60, 19, 20, 1, 63, 64, 23, 11, 27, 25, 2, 30, 15, 32, 24, 3, 35, 31, 37, 48, 50, 39, 40, 56, 54, 43, 44, 8, 47, 9, 49, 12, 51, 13, 53, 16, 55, 26, 28, 57, 58, 36, 33, 61, 62 ]:
 Order := 64 > |
[ 21, 5, 34, 41, 6, 45, 18, 14, 10, 1, 22, 23, 27, 15, 29, 32, 59, 19, 63, 38, 24, 4, 3, 46, 42, 35, 2, 30, 7, 8, 47, 9, 49, 11, 13, 53, 48, 39, 56, 52, 43, 17, 64, 60, 25, 20, 16, 55, 12, 51, 26, 57, 28, 58, 33, 62, 36, 31, 61, 37, 54, 50, 44, 40 ],
[ 3, 8, 13, 6, 14, 15, 1, 16, 12, 23, 2, 26, 28, 32, 9, 33, 19, 21, 24, 4, 34, 5, 35, 11, 7, 36, 30, 31, 10, 47, 48, 49, 50, 27, 53, 54, 39, 41, 43, 17, 45, 18, 25, 20, 29, 22, 55, 56, 51, 52, 57, 59, 58, 60, 62, 64, 61, 37, 63, 38, 44, 40, 46, 42 ],
[ 29, 34, 10, 46, 11, 22, 45, 27, 14, 15, 21, 32, 23, 2, 5, 30, 64, 25, 42, 63, 7, 24, 9, 18, 41, 49, 3, 35, 6, 13, 53, 8, 47, 1, 12, 51, 54, 44, 60, 56, 20, 43, 38, 59, 4, 19, 28, 58, 16, 55, 33, 62, 26, 57, 31, 37, 50, 36, 40, 61, 52, 48, 17, 39 ]
],
[ PermutationGroup<64 |  
\[ 10, 27, 23, 22, 2, 5, 29, 30, 32, 9, 34, 49, 35, 8, 14, 47, 42, 7, 18, 46, 1, 11, 12, 21, 45, 51, 13, 53, 15, 28, 58, 16, 55, 3, 26, 57, 60, 20, 38, 64, 4, 25, 41, 63, 6, 24, 31, 37, 33, 62, 50, 40, 36, 61, 48, 39, 52, 54, 17, 44, 59, 56, 19, 43 ],
\[ 3, 8, 13, 6, 14, 15, 1, 16, 12, 23, 2, 26, 28, 32, 9, 33, 19, 21, 24, 4, 34, 5, 35, 11, 7, 36, 30, 31, 10, 47, 48, 49, 50, 27, 53, 54, 39, 41, 43, 17, 45, 18, 25, 20, 29, 22, 55, 56, 51, 52, 57, 59, 58, 60, 62, 64, 61, 37, 63, 38, 44, 40, 46, 42 ],
\[ 18, 22, 21, 38, 4, 41, 42, 5, 29, 7, 46, 10, 34, 6, 45, 14, 52, 17, 59, 60, 19, 20, 1, 63, 64, 23, 11, 27, 25, 2, 30, 15, 32, 24, 3, 35, 31, 37, 48, 50, 39, 40, 56, 54, 43, 44, 8, 47, 9, 49, 12, 51, 13, 53, 16, 55, 26, 28, 57, 58, 36, 33, 61, 62 ]:
 Order := 64 > |
[ 50, 54, 52, 28, 58, 31, 33, 60, 56, 62, 36, 64, 59, 37, 48, 38, 9, 49, 12, 13, 51, 53, 40, 26, 16, 42, 61, 63, 55, 44, 46, 39, 41, 57, 17, 18, 11, 27, 2, 15, 30, 32, 8, 3, 47, 35, 20, 22, 43, 45, 25, 29, 19, 21, 4, 5, 7, 24, 10, 34, 1, 6, 23, 14 ],
[ 3, 8, 13, 6, 14, 15, 1, 16, 12, 23, 2, 26, 28, 32, 9, 33, 19, 21, 24, 4, 34, 5, 35, 11, 7, 36, 30, 31, 10, 47, 48, 49, 50, 27, 53, 54, 39, 41, 43, 17, 45, 18, 25, 20, 29, 22, 55, 56, 51, 52, 57, 59, 58, 60, 62, 64, 61, 37, 63, 38, 44, 40, 46, 42 ],
[ 57, 37, 61, 47, 48, 55, 51, 39, 40, 52, 58, 17, 44, 56, 62, 43, 23, 26, 35, 30, 36, 31, 59, 53, 49, 19, 60, 20, 50, 38, 4, 64, 25, 54, 63, 24, 5, 8, 14, 10, 16, 12, 32, 27, 33, 28, 41, 6, 42, 7, 18, 1, 46, 11, 45, 15, 21, 22, 3, 2, 34, 29, 13, 9 ]
],
[ PermutationGroup<64 |  
\[ 10, 27, 23, 22, 2, 5, 29, 30, 32, 9, 34, 49, 35, 8, 14, 47, 42, 7, 18, 46, 1, 11, 12, 21, 45, 51, 13, 53, 15, 28, 58, 16, 55, 3, 26, 57, 60, 20, 38, 64, 4, 25, 41, 63, 6, 24, 31, 37, 33, 62, 50, 40, 36, 61, 48, 39, 52, 54, 17, 44, 59, 56, 19, 43 ],
\[ 3, 8, 13, 6, 14, 15, 1, 16, 12, 23, 2, 26, 28, 32, 9, 33, 19, 21, 24, 4, 34, 5, 35, 11, 7, 36, 30, 31, 10, 47, 48, 49, 50, 27, 53, 54, 39, 41, 43, 17, 45, 18, 25, 20, 29, 22, 55, 56, 51, 52, 57, 59, 58, 60, 62, 64, 61, 37, 63, 38, 44, 40, 46, 42 ],
\[ 18, 22, 21, 38, 4, 41, 42, 5, 29, 7, 46, 10, 34, 6, 45, 14, 52, 17, 59, 60, 19, 20, 1, 63, 64, 23, 11, 27, 25, 2, 30, 15, 32, 24, 3, 35, 31, 37, 48, 50, 39, 40, 56, 54, 43, 44, 8, 47, 9, 49, 12, 51, 13, 53, 16, 55, 26, 28, 57, 58, 36, 33, 61, 62 ]:
 Order := 64 > |
[ 6, 1, 15, 19, 21, 24, 4, 3, 2, 5, 7, 8, 9, 34, 11, 13, 39, 41, 43, 17, 45, 18, 14, 25, 20, 16, 10, 12, 22, 23, 26, 27, 28, 29, 32, 33, 57, 59, 61, 37, 63, 38, 44, 40, 46, 42, 35, 36, 30, 31, 47, 48, 49, 50, 53, 54, 55, 51, 56, 52, 62, 58, 64, 60 ],
[ 3, 8, 13, 6, 14, 15, 1, 16, 12, 23, 2, 26, 28, 32, 9, 33, 19, 21, 24, 4, 34, 5, 35, 11, 7, 36, 30, 31, 10, 47, 48, 49, 50, 27, 53, 54, 39, 41, 43, 17, 45, 18, 25, 20, 29, 22, 55, 56, 51, 52, 57, 59, 58, 60, 62, 64, 61, 37, 63, 38, 44, 40, 46, 42 ],
[ 11, 15, 2, 25, 29, 7, 24, 9, 3, 34, 6, 13, 8, 10, 1, 12, 44, 46, 20, 43, 22, 45, 27, 4, 19, 28, 14, 16, 21, 32, 33, 23, 26, 5, 30, 31, 62, 64, 40, 61, 42, 63, 17, 39, 18, 41, 49, 50, 35, 36, 53, 54, 47, 48, 51, 52, 58, 55, 60, 56, 37, 57, 38, 59 ]
],
[ PermutationGroup<64 |  
\[ 10, 27, 23, 22, 2, 5, 29, 30, 32, 9, 34, 49, 35, 8, 14, 47, 42, 7, 18, 46, 1, 11, 12, 21, 45, 51, 13, 53, 15, 28, 58, 16, 55, 3, 26, 57, 60, 20, 38, 64, 4, 25, 41, 63, 6, 24, 31, 37, 33, 62, 50, 40, 36, 61, 48, 39, 52, 54, 17, 44, 59, 56, 19, 43 ],
\[ 3, 8, 13, 6, 14, 15, 1, 16, 12, 23, 2, 26, 28, 32, 9, 33, 19, 21, 24, 4, 34, 5, 35, 11, 7, 36, 30, 31, 10, 47, 48, 49, 50, 27, 53, 54, 39, 41, 43, 17, 45, 18, 25, 20, 29, 22, 55, 56, 51, 52, 57, 59, 58, 60, 62, 64, 61, 37, 63, 38, 44, 40, 46, 42 ],
\[ 18, 22, 21, 38, 4, 41, 42, 5, 29, 7, 46, 10, 34, 6, 45, 14, 52, 17, 59, 60, 19, 20, 1, 63, 64, 23, 11, 27, 25, 2, 30, 15, 32, 24, 3, 35, 31, 37, 48, 50, 39, 40, 56, 54, 43, 44, 8, 47, 9, 49, 12, 51, 13, 53, 16, 55, 26, 28, 57, 58, 36, 33, 61, 62 ]:
 Order := 64 > |
[ 47, 51, 55, 23, 26, 35, 30, 57, 58, 31, 49, 37, 62, 36, 53, 61, 5, 8, 14, 10, 16, 12, 48, 32, 27, 39, 50, 40, 28, 52, 17, 54, 44, 33, 56, 43, 18, 1, 21, 22, 3, 2, 34, 29, 13, 9, 59, 19, 60, 20, 38, 4, 64, 25, 63, 24, 41, 42, 6, 7, 45, 46, 15, 11 ],
[ 3, 8, 13, 6, 14, 15, 1, 16, 12, 23, 2, 26, 28, 32, 9, 33, 19, 21, 24, 4, 34, 5, 35, 11, 7, 36, 30, 31, 10, 47, 48, 49, 50, 27, 53, 54, 39, 41, 43, 17, 45, 18, 25, 20, 29, 22, 55, 56, 51, 52, 57, 59, 58, 60, 62, 64, 61, 37, 63, 38, 44, 40, 46, 42 ],
[ 60, 64, 38, 50, 40, 52, 54, 42, 63, 44, 56, 46, 41, 17, 59, 18, 28, 58, 31, 33, 37, 62, 20, 48, 36, 22, 43, 45, 61, 25, 29, 19, 21, 39, 4, 5, 9, 49, 12, 13, 51, 53, 26, 16, 57, 55, 7, 10, 24, 34, 11, 27, 6, 14, 1, 23, 2, 15, 30, 32, 8, 3, 47, 35 ]
],
[ PermutationGroup<64 |  
\[ 10, 27, 23, 22, 2, 5, 29, 30, 32, 9, 34, 49, 35, 8, 14, 47, 42, 7, 18, 46, 1, 11, 12, 21, 45, 51, 13, 53, 15, 28, 58, 16, 55, 3, 26, 57, 60, 20, 38, 64, 4, 25, 41, 63, 6, 24, 31, 37, 33, 62, 50, 40, 36, 61, 48, 39, 52, 54, 17, 44, 59, 56, 19, 43 ],
\[ 3, 8, 13, 6, 14, 15, 1, 16, 12, 23, 2, 26, 28, 32, 9, 33, 19, 21, 24, 4, 34, 5, 35, 11, 7, 36, 30, 31, 10, 47, 48, 49, 50, 27, 53, 54, 39, 41, 43, 17, 45, 18, 25, 20, 29, 22, 55, 56, 51, 52, 57, 59, 58, 60, 62, 64, 61, 37, 63, 38, 44, 40, 46, 42 ],
\[ 18, 22, 21, 38, 4, 41, 42, 5, 29, 7, 46, 10, 34, 6, 45, 14, 52, 17, 59, 60, 19, 20, 1, 63, 64, 23, 11, 27, 25, 2, 30, 15, 32, 24, 3, 35, 31, 37, 48, 50, 39, 40, 56, 54, 43, 44, 8, 47, 9, 49, 12, 51, 13, 53, 16, 55, 26, 28, 57, 58, 36, 33, 61, 62 ]:
 Order := 64 > |
[ 26, 31, 36, 8, 47, 16, 12, 48, 50, 51, 28, 52, 54, 55, 33, 56, 1, 23, 3, 2, 35, 30, 57, 13, 9, 59, 58, 60, 49, 37, 38, 62, 64, 53, 61, 63, 4, 5, 6, 7, 14, 10, 15, 11, 32, 27, 39, 41, 40, 42, 17, 18, 44, 46, 43, 45, 19, 20, 21, 22, 24, 25, 34, 29 ],
[ 3, 8, 13, 6, 14, 15, 1, 16, 12, 23, 2, 26, 28, 32, 9, 33, 19, 21, 24, 4, 34, 5, 35, 11, 7, 36, 30, 31, 10, 47, 48, 49, 50, 27, 53, 54, 39, 41, 43, 17, 45, 18, 25, 20, 29, 22, 55, 56, 51, 52, 57, 59, 58, 60, 62, 64, 61, 37, 63, 38, 44, 40, 46, 42 ],
[ 40, 44, 17, 58, 60, 37, 62, 20, 43, 64, 61, 25, 19, 38, 39, 4, 49, 50, 51, 53, 52, 54, 42, 57, 55, 7, 63, 24, 56, 46, 11, 41, 6, 59, 18, 1, 27, 28, 30, 32, 31, 33, 47, 35, 48, 36, 22, 2, 45, 15, 29, 9, 21, 3, 5, 8, 10, 34, 12, 13, 23, 14, 26, 16 ]
],
[ PermutationGroup<64 |  
\[ 10, 27, 23, 22, 2, 5, 29, 30, 32, 9, 34, 49, 35, 8, 14, 47, 42, 7, 18, 46, 1, 11, 12, 21, 45, 51, 13, 53, 15, 28, 58, 16, 55, 3, 26, 57, 60, 20, 38, 64, 4, 25, 41, 63, 6, 24, 31, 37, 33, 62, 50, 40, 36, 61, 48, 39, 52, 54, 17, 44, 59, 56, 19, 43 ],
\[ 3, 8, 13, 6, 14, 15, 1, 16, 12, 23, 2, 26, 28, 32, 9, 33, 19, 21, 24, 4, 34, 5, 35, 11, 7, 36, 30, 31, 10, 47, 48, 49, 50, 27, 53, 54, 39, 41, 43, 17, 45, 18, 25, 20, 29, 22, 55, 56, 51, 52, 57, 59, 58, 60, 62, 64, 61, 37, 63, 38, 44, 40, 46, 42 ],
\[ 18, 22, 21, 38, 4, 41, 42, 5, 29, 7, 46, 10, 34, 6, 45, 14, 52, 17, 59, 60, 19, 20, 1, 63, 64, 23, 11, 27, 25, 2, 30, 15, 32, 24, 3, 35, 31, 37, 48, 50, 39, 40, 56, 54, 43, 44, 8, 47, 9, 49, 12, 51, 13, 53, 16, 55, 26, 28, 57, 58, 36, 33, 61, 62 ]:
 Order := 64 > |
[ 32, 35, 49, 34, 13, 27, 14, 53, 47, 16, 23, 55, 51, 28, 30, 58, 45, 15, 29, 21, 9, 3, 33, 10, 5, 62, 26, 57, 8, 36, 61, 31, 37, 12, 50, 40, 63, 24, 46, 41, 11, 6, 22, 18, 2, 1, 54, 44, 48, 39, 56, 43, 52, 17, 60, 20, 64, 59, 25, 19, 42, 38, 7, 4 ],
[ 3, 8, 13, 6, 14, 15, 1, 16, 12, 23, 2, 26, 28, 32, 9, 33, 19, 21, 24, 4, 34, 5, 35, 11, 7, 36, 30, 31, 10, 47, 48, 49, 50, 27, 53, 54, 39, 41, 43, 17, 45, 18, 25, 20, 29, 22, 55, 56, 51, 52, 57, 59, 58, 60, 62, 64, 61, 37, 63, 38, 44, 40, 46, 42 ],
[ 63, 41, 46, 56, 43, 64, 59, 45, 18, 19, 38, 21, 22, 25, 42, 29, 36, 61, 54, 48, 44, 39, 24, 60, 52, 34, 4, 5, 17, 6, 14, 7, 10, 20, 11, 27, 16, 55, 33, 26, 62, 57, 50, 31, 40, 37, 15, 32, 1, 23, 3, 35, 2, 30, 9, 49, 13, 8, 53, 47, 28, 12, 58, 51 ]
],
[ PermutationGroup<64 |  
\[ 10, 27, 23, 22, 2, 5, 29, 30, 32, 9, 34, 49, 35, 8, 14, 47, 42, 7, 18, 46, 1, 11, 12, 21, 45, 51, 13, 53, 15, 28, 58, 16, 55, 3, 26, 57, 60, 20, 38, 64, 4, 25, 41, 63, 6, 24, 31, 37, 33, 62, 50, 40, 36, 61, 48, 39, 52, 54, 17, 44, 59, 56, 19, 43 ],
\[ 3, 8, 13, 6, 14, 15, 1, 16, 12, 23, 2, 26, 28, 32, 9, 33, 19, 21, 24, 4, 34, 5, 35, 11, 7, 36, 30, 31, 10, 47, 48, 49, 50, 27, 53, 54, 39, 41, 43, 17, 45, 18, 25, 20, 29, 22, 55, 56, 51, 52, 57, 59, 58, 60, 62, 64, 61, 37, 63, 38, 44, 40, 46, 42 ],
\[ 18, 22, 21, 38, 4, 41, 42, 5, 29, 7, 46, 10, 34, 6, 45, 14, 52, 17, 59, 60, 19, 20, 1, 63, 64, 23, 11, 27, 25, 2, 30, 15, 32, 24, 3, 35, 31, 37, 48, 50, 39, 40, 56, 54, 43, 44, 8, 47, 9, 49, 12, 51, 13, 53, 16, 55, 26, 28, 57, 58, 36, 33, 61, 62 ]:
 Order := 64 > |
[ 13, 16, 28, 15, 32, 9, 3, 33, 26, 35, 8, 36, 31, 49, 12, 50, 24, 34, 11, 6, 27, 14, 53, 2, 1, 54, 47, 48, 23, 55, 56, 51, 52, 30, 58, 60, 43, 45, 25, 19, 29, 21, 7, 4, 10, 5, 62, 64, 57, 59, 61, 63, 37, 38, 40, 42, 44, 39, 46, 41, 20, 17, 22, 18 ],
[ 3, 8, 13, 6, 14, 15, 1, 16, 12, 23, 2, 26, 28, 32, 9, 33, 19, 21, 24, 4, 34, 5, 35, 11, 7, 36, 30, 31, 10, 47, 48, 49, 50, 27, 53, 54, 39, 41, 43, 17, 45, 18, 25, 20, 29, 22, 55, 56, 51, 52, 57, 59, 58, 60, 62, 64, 61, 37, 63, 38, 44, 40, 46, 42 ],
[ 43, 19, 25, 61, 63, 44, 39, 24, 4, 41, 17, 6, 7, 46, 20, 11, 55, 56, 62, 57, 64, 59, 45, 40, 37, 15, 18, 1, 38, 21, 3, 22, 2, 42, 29, 9, 35, 36, 53, 47, 54, 48, 58, 51, 60, 52, 34, 13, 5, 8, 14, 16, 10, 12, 27, 28, 32, 23, 33, 26, 49, 30, 50, 31 ]
]
];
s`SolvableDBPointedPassport := [ PowerSequence(PermutationGroup<64 |  
\[ 10, 27, 23, 22, 2, 5, 29, 30, 32, 9, 34, 49, 35, 8, 14, 47, 42, 7, 18, 46, 1, 11, 12, 21, 45, 51, 13, 53, 15, 28, 58, 16, 55, 3, 26, 57, 60, 20, 38, 64, 4, 25, 41, 63, 6, 24, 31, 37, 33, 62, 50, 40, 36, 61, 48, 39, 52, 54, 17, 44, 59, 56, 19, 43 ],
\[ 3, 8, 13, 6, 14, 15, 1, 16, 12, 23, 2, 26, 28, 32, 9, 33, 19, 21, 24, 4, 34, 5, 35, 11, 7, 36, 30, 31, 10, 47, 48, 49, 50, 27, 53, 54, 39, 41, 43, 17, 45, 18, 25, 20, 29, 22, 55, 56, 51, 52, 57, 59, 58, 60, 62, 64, 61, 37, 63, 38, 44, 40, 46, 42 ],
\[ 18, 22, 21, 38, 4, 41, 42, 5, 29, 7, 46, 10, 34, 6, 45, 14, 52, 17, 59, 60, 19, 20, 1, 63, 64, 23, 11, 27, 25, 2, 30, 15, 32, 24, 3, 35, 31, 37, 48, 50, 39, 40, 56, 54, 43, 44, 8, 47, 9, 49, 12, 51, 13, 53, 16, 55, 26, 28, 57, 58, 36, 33, 61, 62 ]:
 Order := 64 >) |
[ PermutationGroup<64 |  
\[ 10, 27, 23, 22, 2, 5, 29, 30, 32, 9, 34, 49, 35, 8, 14, 47, 42, 7, 18, 46, 1, 11, 12, 21, 45, 51, 13, 53, 15, 28, 58, 16, 55, 3, 26, 57, 60, 20, 38, 64, 4, 25, 41, 63, 6, 24, 31, 37, 33, 62, 50, 40, 36, 61, 48, 39, 52, 54, 17, 44, 59, 56, 19, 43 ],
\[ 3, 8, 13, 6, 14, 15, 1, 16, 12, 23, 2, 26, 28, 32, 9, 33, 19, 21, 24, 4, 34, 5, 35, 11, 7, 36, 30, 31, 10, 47, 48, 49, 50, 27, 53, 54, 39, 41, 43, 17, 45, 18, 25, 20, 29, 22, 55, 56, 51, 52, 57, 59, 58, 60, 62, 64, 61, 37, 63, 38, 44, 40, 46, 42 ],
\[ 18, 22, 21, 38, 4, 41, 42, 5, 29, 7, 46, 10, 34, 6, 45, 14, 52, 17, 59, 60, 19, 20, 1, 63, 64, 23, 11, 27, 25, 2, 30, 15, 32, 24, 3, 35, 31, 37, 48, 50, 39, 40, 56, 54, 43, 44, 8, 47, 9, 49, 12, 51, 13, 53, 16, 55, 26, 28, 57, 58, 36, 33, 61, 62 ]:
 Order := 64 > |
[ 3, 8, 13, 6, 14, 15, 1, 16, 12, 23, 2, 26, 28, 32, 9, 33, 19, 21, 24, 4, 34, 5, 35, 11, 7, 36, 30, 31, 10, 47, 48, 49, 50, 27, 53, 54, 39, 41, 43, 17, 45, 18, 25, 20, 29, 22, 55, 56, 51, 52, 57, 59, 58, 60, 62, 64, 61, 37, 63, 38, 44, 40, 46, 42 ],
[ 3, 8, 13, 6, 14, 15, 1, 16, 12, 23, 2, 26, 28, 32, 9, 33, 19, 21, 24, 4, 34, 5, 35, 11, 7, 36, 30, 31, 10, 47, 48, 49, 50, 27, 53, 54, 39, 41, 43, 17, 45, 18, 25, 20, 29, 22, 55, 56, 51, 52, 57, 59, 58, 60, 62, 64, 61, 37, 63, 38, 44, 40, 46, 42 ],
[ 25, 24, 7, 44, 46, 20, 43, 11, 6, 45, 19, 15, 1, 22, 4, 2, 62, 64, 40, 61, 42, 63, 29, 17, 39, 9, 21, 3, 41, 34, 13, 5, 8, 18, 10, 12, 53, 54, 58, 55, 60, 56, 37, 57, 38, 59, 27, 28, 14, 16, 32, 33, 23, 26, 30, 31, 49, 35, 50, 36, 51, 47, 52, 48 ]
],
[ PermutationGroup<64 |  
\[ 10, 27, 23, 22, 2, 5, 29, 30, 32, 9, 34, 49, 35, 8, 14, 47, 42, 7, 18, 46, 1, 11, 12, 21, 45, 51, 13, 53, 15, 28, 58, 16, 55, 3, 26, 57, 60, 20, 38, 64, 4, 25, 41, 63, 6, 24, 31, 37, 33, 62, 50, 40, 36, 61, 48, 39, 52, 54, 17, 44, 59, 56, 19, 43 ],
\[ 3, 8, 13, 6, 14, 15, 1, 16, 12, 23, 2, 26, 28, 32, 9, 33, 19, 21, 24, 4, 34, 5, 35, 11, 7, 36, 30, 31, 10, 47, 48, 49, 50, 27, 53, 54, 39, 41, 43, 17, 45, 18, 25, 20, 29, 22, 55, 56, 51, 52, 57, 59, 58, 60, 62, 64, 61, 37, 63, 38, 44, 40, 46, 42 ],
\[ 18, 22, 21, 38, 4, 41, 42, 5, 29, 7, 46, 10, 34, 6, 45, 14, 52, 17, 59, 60, 19, 20, 1, 63, 64, 23, 11, 27, 25, 2, 30, 15, 32, 24, 3, 35, 31, 37, 48, 50, 39, 40, 56, 54, 43, 44, 8, 47, 9, 49, 12, 51, 13, 53, 16, 55, 26, 28, 57, 58, 36, 33, 61, 62 ]:
 Order := 64 > |
[ 3, 8, 13, 6, 14, 15, 1, 16, 12, 23, 2, 26, 28, 32, 9, 33, 19, 21, 24, 4, 34, 5, 35, 11, 7, 36, 30, 31, 10, 47, 48, 49, 50, 27, 53, 54, 39, 41, 43, 17, 45, 18, 25, 20, 29, 22, 55, 56, 51, 52, 57, 59, 58, 60, 62, 64, 61, 37, 63, 38, 44, 40, 46, 42 ],
[ 14, 23, 32, 21, 3, 34, 5, 35, 30, 8, 10, 47, 49, 13, 27, 53, 41, 6, 45, 18, 15, 1, 16, 29, 22, 55, 12, 51, 2, 26, 57, 28, 58, 9, 33, 62, 59, 19, 63, 38, 24, 4, 46, 42, 11, 7, 36, 61, 31, 37, 48, 39, 50, 40, 54, 44, 56, 52, 43, 17, 64, 60, 25, 20 ],
[ 46, 45, 22, 64, 25, 42, 63, 29, 21, 24, 41, 34, 5, 7, 18, 10, 54, 44, 60, 56, 20, 43, 11, 38, 59, 27, 6, 14, 19, 15, 32, 1, 23, 4, 2, 30, 33, 62, 50, 36, 40, 61, 52, 48, 17, 39, 9, 49, 3, 35, 13, 53, 8, 47, 12, 51, 28, 16, 58, 55, 31, 26, 37, 57 ]
],
[ PermutationGroup<64 |  
\[ 10, 27, 23, 22, 2, 5, 29, 30, 32, 9, 34, 49, 35, 8, 14, 47, 42, 7, 18, 46, 1, 11, 12, 21, 45, 51, 13, 53, 15, 28, 58, 16, 55, 3, 26, 57, 60, 20, 38, 64, 4, 25, 41, 63, 6, 24, 31, 37, 33, 62, 50, 40, 36, 61, 48, 39, 52, 54, 17, 44, 59, 56, 19, 43 ],
\[ 3, 8, 13, 6, 14, 15, 1, 16, 12, 23, 2, 26, 28, 32, 9, 33, 19, 21, 24, 4, 34, 5, 35, 11, 7, 36, 30, 31, 10, 47, 48, 49, 50, 27, 53, 54, 39, 41, 43, 17, 45, 18, 25, 20, 29, 22, 55, 56, 51, 52, 57, 59, 58, 60, 62, 64, 61, 37, 63, 38, 44, 40, 46, 42 ],
\[ 18, 22, 21, 38, 4, 41, 42, 5, 29, 7, 46, 10, 34, 6, 45, 14, 52, 17, 59, 60, 19, 20, 1, 63, 64, 23, 11, 27, 25, 2, 30, 15, 32, 24, 3, 35, 31, 37, 48, 50, 39, 40, 56, 54, 43, 44, 8, 47, 9, 49, 12, 51, 13, 53, 16, 55, 26, 28, 57, 58, 36, 33, 61, 62 ]:
 Order := 64 > |
[ 3, 8, 13, 6, 14, 15, 1, 16, 12, 23, 2, 26, 28, 32, 9, 33, 19, 21, 24, 4, 34, 5, 35, 11, 7, 36, 30, 31, 10, 47, 48, 49, 50, 27, 53, 54, 39, 41, 43, 17, 45, 18, 25, 20, 29, 22, 55, 56, 51, 52, 57, 59, 58, 60, 62, 64, 61, 37, 63, 38, 44, 40, 46, 42 ],
[ 30, 49, 47, 10, 12, 23, 27, 51, 53, 28, 32, 58, 55, 26, 35, 57, 22, 2, 5, 29, 8, 9, 31, 14, 34, 37, 33, 62, 13, 50, 40, 36, 61, 16, 48, 39, 42, 7, 18, 46, 1, 11, 21, 45, 3, 15, 52, 17, 54, 44, 60, 20, 56, 43, 59, 19, 38, 64, 4, 25, 41, 63, 6, 24 ],
[ 38, 42, 41, 52, 17, 59, 60, 18, 46, 20, 64, 22, 45, 19, 63, 21, 31, 37, 48, 50, 39, 40, 4, 56, 54, 5, 25, 29, 44, 7, 10, 24, 34, 43, 6, 14, 12, 51, 26, 28, 57, 58, 36, 33, 61, 62, 1, 23, 11, 27, 2, 30, 15, 32, 3, 35, 8, 9, 47, 49, 16, 13, 55, 53 ]
],
[ PermutationGroup<64 |  
\[ 10, 27, 23, 22, 2, 5, 29, 30, 32, 9, 34, 49, 35, 8, 14, 47, 42, 7, 18, 46, 1, 11, 12, 21, 45, 51, 13, 53, 15, 28, 58, 16, 55, 3, 26, 57, 60, 20, 38, 64, 4, 25, 41, 63, 6, 24, 31, 37, 33, 62, 50, 40, 36, 61, 48, 39, 52, 54, 17, 44, 59, 56, 19, 43 ],
\[ 3, 8, 13, 6, 14, 15, 1, 16, 12, 23, 2, 26, 28, 32, 9, 33, 19, 21, 24, 4, 34, 5, 35, 11, 7, 36, 30, 31, 10, 47, 48, 49, 50, 27, 53, 54, 39, 41, 43, 17, 45, 18, 25, 20, 29, 22, 55, 56, 51, 52, 57, 59, 58, 60, 62, 64, 61, 37, 63, 38, 44, 40, 46, 42 ],
\[ 18, 22, 21, 38, 4, 41, 42, 5, 29, 7, 46, 10, 34, 6, 45, 14, 52, 17, 59, 60, 19, 20, 1, 63, 64, 23, 11, 27, 25, 2, 30, 15, 32, 24, 3, 35, 31, 37, 48, 50, 39, 40, 56, 54, 43, 44, 8, 47, 9, 49, 12, 51, 13, 53, 16, 55, 26, 28, 57, 58, 36, 33, 61, 62 ]:
 Order := 64 > |
[ 3, 8, 13, 6, 14, 15, 1, 16, 12, 23, 2, 26, 28, 32, 9, 33, 19, 21, 24, 4, 34, 5, 35, 11, 7, 36, 30, 31, 10, 47, 48, 49, 50, 27, 53, 54, 39, 41, 43, 17, 45, 18, 25, 20, 29, 22, 55, 56, 51, 52, 57, 59, 58, 60, 62, 64, 61, 37, 63, 38, 44, 40, 46, 42 ],
[ 12, 28, 26, 2, 30, 8, 9, 31, 33, 49, 13, 50, 36, 47, 16, 48, 7, 10, 1, 11, 23, 27, 51, 3, 15, 52, 53, 54, 32, 58, 60, 55, 56, 35, 57, 59, 20, 22, 4, 25, 5, 29, 6, 24, 14, 34, 37, 38, 62, 64, 40, 42, 61, 63, 39, 41, 17, 44, 18, 46, 19, 43, 21, 45 ],
[ 17, 20, 19, 37, 38, 39, 40, 4, 25, 42, 44, 7, 24, 41, 43, 6, 51, 52, 57, 58, 59, 60, 18, 61, 62, 1, 46, 11, 64, 22, 2, 45, 15, 63, 21, 3, 30, 31, 47, 49, 48, 50, 55, 53, 56, 54, 5, 8, 29, 9, 10, 12, 34, 13, 14, 16, 23, 27, 26, 28, 35, 32, 36, 33 ]
],
[ PermutationGroup<64 |  
\[ 10, 27, 23, 22, 2, 5, 29, 30, 32, 9, 34, 49, 35, 8, 14, 47, 42, 7, 18, 46, 1, 11, 12, 21, 45, 51, 13, 53, 15, 28, 58, 16, 55, 3, 26, 57, 60, 20, 38, 64, 4, 25, 41, 63, 6, 24, 31, 37, 33, 62, 50, 40, 36, 61, 48, 39, 52, 54, 17, 44, 59, 56, 19, 43 ],
\[ 3, 8, 13, 6, 14, 15, 1, 16, 12, 23, 2, 26, 28, 32, 9, 33, 19, 21, 24, 4, 34, 5, 35, 11, 7, 36, 30, 31, 10, 47, 48, 49, 50, 27, 53, 54, 39, 41, 43, 17, 45, 18, 25, 20, 29, 22, 55, 56, 51, 52, 57, 59, 58, 60, 62, 64, 61, 37, 63, 38, 44, 40, 46, 42 ],
\[ 18, 22, 21, 38, 4, 41, 42, 5, 29, 7, 46, 10, 34, 6, 45, 14, 52, 17, 59, 60, 19, 20, 1, 63, 64, 23, 11, 27, 25, 2, 30, 15, 32, 24, 3, 35, 31, 37, 48, 50, 39, 40, 56, 54, 43, 44, 8, 47, 9, 49, 12, 51, 13, 53, 16, 55, 26, 28, 57, 58, 36, 33, 61, 62 ]:
 Order := 64 > |
[ 3, 8, 13, 6, 14, 15, 1, 16, 12, 23, 2, 26, 28, 32, 9, 33, 19, 21, 24, 4, 34, 5, 35, 11, 7, 36, 30, 31, 10, 47, 48, 49, 50, 27, 53, 54, 39, 41, 43, 17, 45, 18, 25, 20, 29, 22, 55, 56, 51, 52, 57, 59, 58, 60, 62, 64, 61, 37, 63, 38, 44, 40, 46, 42 ],
[ 53, 55, 58, 32, 33, 49, 35, 62, 57, 36, 47, 61, 37, 50, 51, 40, 34, 13, 27, 14, 28, 16, 54, 30, 23, 44, 48, 39, 26, 56, 43, 52, 17, 31, 60, 20, 45, 15, 29, 21, 9, 3, 10, 5, 12, 8, 64, 25, 59, 19, 63, 24, 38, 4, 42, 7, 46, 41, 11, 6, 22, 18, 2, 1 ],
[ 56, 59, 64, 36, 61, 54, 48, 63, 38, 39, 52, 41, 42, 44, 60, 46, 16, 55, 33, 26, 62, 57, 43, 50, 31, 45, 17, 18, 37, 19, 21, 20, 22, 40, 25, 29, 3, 35, 13, 8, 53, 47, 28, 12, 58, 51, 24, 34, 4, 5, 6, 14, 7, 10, 11, 27, 15, 1, 32, 23, 9, 2, 49, 30 ]
],
[ PermutationGroup<64 |  
\[ 10, 27, 23, 22, 2, 5, 29, 30, 32, 9, 34, 49, 35, 8, 14, 47, 42, 7, 18, 46, 1, 11, 12, 21, 45, 51, 13, 53, 15, 28, 58, 16, 55, 3, 26, 57, 60, 20, 38, 64, 4, 25, 41, 63, 6, 24, 31, 37, 33, 62, 50, 40, 36, 61, 48, 39, 52, 54, 17, 44, 59, 56, 19, 43 ],
\[ 3, 8, 13, 6, 14, 15, 1, 16, 12, 23, 2, 26, 28, 32, 9, 33, 19, 21, 24, 4, 34, 5, 35, 11, 7, 36, 30, 31, 10, 47, 48, 49, 50, 27, 53, 54, 39, 41, 43, 17, 45, 18, 25, 20, 29, 22, 55, 56, 51, 52, 57, 59, 58, 60, 62, 64, 61, 37, 63, 38, 44, 40, 46, 42 ],
\[ 18, 22, 21, 38, 4, 41, 42, 5, 29, 7, 46, 10, 34, 6, 45, 14, 52, 17, 59, 60, 19, 20, 1, 63, 64, 23, 11, 27, 25, 2, 30, 15, 32, 24, 3, 35, 31, 37, 48, 50, 39, 40, 56, 54, 43, 44, 8, 47, 9, 49, 12, 51, 13, 53, 16, 55, 26, 28, 57, 58, 36, 33, 61, 62 ]:
