s := SolvableDBObjectInitialize();

/*
Basic Information about the Passport
*/

s`SolvableDBName := "64S16-8,8,8-g21-path146";
s`SolvableDBFilename := "64S16-8,8,8-g21-path146.m";
s`SolvableDBPathNumber := 146;
s`SolvableDBDegree := 64;
s`SolvableDBABC := \[ 8, 8, 8 ];
s`SolvableDBType := "Hyperbolic";
s`SolvableDBGenus := 21;
s`SolvableDBGaloisOrbitSize := 1;
s`SolvableDBPassportSize := 6;
s`SolvableDBPointedPassportSize := 6;
s`SolvableDBLevel := 6;
s`SolvableDBBlocks := {@ PowerSet(IntegerRing()) |
{ IntegerRing() | 1, 5 },
{ IntegerRing() | 2, 11 },
{ IntegerRing() | 3, 16 },
{ IntegerRing() | 4, 21 },
{ IntegerRing() | 6, 19 },
{ IntegerRing() | 7, 10 },
{ IntegerRing() | 8, 14 },
{ IntegerRing() | 9, 23 },
{ IntegerRing() | 12, 29 },
{ IntegerRing() | 13, 18 },
{ IntegerRing() | 15, 26 },
{ IntegerRing() | 17, 30 },
{ IntegerRing() | 20, 32 },
{ IntegerRing() | 22, 24 },
{ IntegerRing() | 25, 27 },
{ IntegerRing() | 28, 35 },
{ IntegerRing() | 31, 33 },
{ IntegerRing() | 34, 39 },
{ IntegerRing() | 36, 44 },
{ IntegerRing() | 37, 38 },
{ IntegerRing() | 40, 48 },
{ IntegerRing() | 41, 42 },
{ IntegerRing() | 43, 45 },
{ IntegerRing() | 46, 51 },
{ IntegerRing() | 47, 49 },
{ IntegerRing() | 50, 55 },
{ IntegerRing() | 52, 60 },
{ IntegerRing() | 53, 54 },
{ IntegerRing() | 56, 63 },
{ IntegerRing() | 57, 58 },
{ IntegerRing() | 59, 61 },
{ IntegerRing() | 62, 64 }
@};

/*
Permutations and Passports
*/

s`SolvableDBGaloisOrbit := [ PowerSequence(PermutationGroup<64 |  
\[ 2, 3, 4, 5, 6, 7, 8, 9, 10, 11, 12, 13, 14, 15, 16, 17, 18, 19, 20, 21, 22, 23, 24, 25, 26, 27, 28, 29, 30, 31, 32, 33, 34, 35, 36, 37, 38, 39, 40, 41, 42, 43, 44, 45, 46, 47, 48, 49, 50, 51, 52, 53, 54, 55, 56, 57, 58, 59, 60, 61, 62, 63, 64, 1 ],
\[ 2, 1, 3, 4, 5, 6, 7, 8, 9, 10, 11, 12, 13, 14, 15, 16, 17, 18, 19, 20, 21, 22, 23, 24, 25, 26, 27, 28, 29, 30, 31, 32, 33, 34, 35, 36, 37, 38, 39, 40, 41, 42, 43, 44, 45, 46, 47, 48, 49, 50, 51, 52, 53, 54, 55, 56, 57, 58, 59, 60, 61, 62, 63, 64 ]:
 Order := 126886932185884164103433389335161480802865516174545192198801894375214704230400000000000000 >) |
[ PermutationGroup<64 |  
\[ 2, 3, 4, 5, 6, 7, 8, 9, 10, 11, 12, 13, 14, 15, 16, 17, 18, 19, 20, 21, 22, 23, 24, 25, 26, 27, 28, 29, 30, 31, 32, 33, 34, 35, 36, 37, 38, 39, 40, 41, 42, 43, 44, 45, 46, 47, 48, 49, 50, 51, 52, 53, 54, 55, 56, 57, 58, 59, 60, 61, 62, 63, 64, 1 ],
\[ 2, 1, 3, 4, 5, 6, 7, 8, 9, 10, 11, 12, 13, 14, 15, 16, 17, 18, 19, 20, 21, 22, 23, 24, 25, 26, 27, 28, 29, 30, 31, 32, 33, 34, 35, 36, 37, 38, 39, 40, 41, 42, 43, 44, 45, 46, 47, 48, 49, 50, 51, 52, 53, 54, 55, 56, 57, 58, 59, 60, 61, 62, 63, 64 ]:
 Order := 126886932185884164103433389335161480802865516174545192198801894375214704230400000000000000 > |
[ 11, 23, 8, 13, 2, 5, 30, 10, 6, 17, 9, 24, 29, 7, 35, 14, 16, 12, 1, 39, 18, 21, 19, 4, 38, 28, 37, 25, 22, 3, 42, 34, 41, 31, 27, 46, 26, 15, 33, 50, 32, 20, 54, 51, 53, 45, 58, 55, 57, 49, 43, 63, 44, 36, 47, 59, 48, 40, 64, 56, 62, 60, 61, 52 ],
[ 3, 4, 9, 19, 16, 12, 1, 26, 10, 5, 21, 2, 32, 15, 30, 23, 25, 20, 29, 24, 6, 31, 7, 33, 14, 17, 8, 36, 11, 27, 18, 22, 13, 40, 44, 38, 43, 45, 48, 42, 47, 49, 28, 37, 35, 60, 34, 41, 39, 63, 52, 54, 59, 61, 56, 58, 62, 64, 51, 53, 46, 55, 57, 50 ],
[ 4, 10, 15, 20, 21, 3, 25, 1, 29, 27, 7, 31, 2, 5, 36, 26, 9, 11, 16, 40, 32, 19, 12, 6, 43, 44, 45, 8, 33, 23, 47, 48, 49, 13, 14, 52, 30, 17, 18, 56, 24, 22, 59, 60, 61, 28, 62, 63, 64, 34, 35, 58, 38, 37, 39, 46, 42, 41, 55, 57, 50, 54, 51, 53 ]
]
];
s`SolvableDBPassport := [ PowerSequence(PermutationGroup<64 |  
\[ 11, 23, 8, 13, 2, 5, 30, 10, 6, 17, 9, 24, 29, 7, 35, 14, 16, 12, 1, 39, 18, 21, 19, 4, 38, 28, 37, 25, 22, 3, 42, 34, 41, 31, 27, 46, 26, 15, 33, 50, 32, 20, 54, 51, 53, 45, 58, 55, 57, 49, 43, 63, 44, 36, 47, 59, 48, 40, 64, 56, 62, 60, 61, 52 ],
\[ 3, 4, 9, 19, 16, 12, 1, 26, 10, 5, 21, 2, 32, 15, 30, 23, 25, 20, 29, 24, 6, 31, 7, 33, 14, 17, 8, 36, 11, 27, 18, 22, 13, 40, 44, 38, 43, 45, 48, 42, 47, 49, 28, 37, 35, 60, 34, 41, 39, 63, 52, 54, 59, 61, 56, 58, 62, 64, 51, 53, 46, 55, 57, 50 ],
\[ 4, 10, 15, 20, 21, 3, 25, 1, 29, 27, 7, 31, 2, 5, 36, 26, 9, 11, 16, 40, 32, 19, 12, 6, 43, 44, 45, 8, 33, 23, 47, 48, 49, 13, 14, 52, 30, 17, 18, 56, 24, 22, 59, 60, 61, 28, 62, 63, 64, 34, 35, 58, 38, 37, 39, 46, 42, 41, 55, 57, 50, 54, 51, 53 ]:
 Order := 64 >) |
[ PermutationGroup<64 |  
\[ 11, 23, 8, 13, 2, 5, 30, 10, 6, 17, 9, 24, 29, 7, 35, 14, 16, 12, 1, 39, 18, 21, 19, 4, 38, 28, 37, 25, 22, 3, 42, 34, 41, 31, 27, 46, 26, 15, 33, 50, 32, 20, 54, 51, 53, 45, 58, 55, 57, 49, 43, 63, 44, 36, 47, 59, 48, 40, 64, 56, 62, 60, 61, 52 ],
\[ 3, 4, 9, 19, 16, 12, 1, 26, 10, 5, 21, 2, 32, 15, 30, 23, 25, 20, 29, 24, 6, 31, 7, 33, 14, 17, 8, 36, 11, 27, 18, 22, 13, 40, 44, 38, 43, 45, 48, 42, 47, 49, 28, 37, 35, 60, 34, 41, 39, 63, 52, 54, 59, 61, 56, 58, 62, 64, 51, 53, 46, 55, 57, 50 ],
\[ 4, 10, 15, 20, 21, 3, 25, 1, 29, 27, 7, 31, 2, 5, 36, 26, 9, 11, 16, 40, 32, 19, 12, 6, 43, 44, 45, 8, 33, 23, 47, 48, 49, 13, 14, 52, 30, 17, 18, 56, 24, 22, 59, 60, 61, 28, 62, 63, 64, 34, 35, 58, 38, 37, 39, 46, 42, 41, 55, 57, 50, 54, 51, 53 ]:
 Order := 64 > |
[ 4, 10, 15, 20, 21, 3, 25, 1, 29, 27, 7, 31, 2, 5, 36, 26, 9, 11, 16, 40, 32, 19, 12, 6, 43, 44, 45, 8, 33, 23, 47, 48, 49, 13, 14, 52, 30, 17, 18, 56, 24, 22, 59, 60, 61, 28, 62, 63, 64, 34, 35, 58, 38, 37, 39, 46, 42, 41, 55, 57, 50, 54, 51, 53 ],
[ 11, 23, 8, 13, 2, 5, 30, 10, 6, 17, 9, 24, 29, 7, 35, 14, 16, 12, 1, 39, 18, 21, 19, 4, 38, 28, 37, 25, 22, 3, 42, 34, 41, 31, 27, 46, 26, 15, 33, 50, 32, 20, 54, 51, 53, 45, 58, 55, 57, 49, 43, 63, 44, 36, 47, 59, 48, 40, 64, 56, 62, 60, 61, 52 ],
[ 3, 4, 9, 19, 16, 12, 1, 26, 10, 5, 21, 2, 32, 15, 30, 23, 25, 20, 29, 24, 6, 31, 7, 33, 14, 17, 8, 36, 11, 27, 18, 22, 13, 40, 44, 38, 43, 45, 48, 42, 47, 49, 28, 37, 35, 60, 34, 41, 39, 63, 52, 54, 59, 61, 56, 58, 62, 64, 51, 53, 46, 55, 57, 50 ]
],
[ PermutationGroup<64 |  
\[ 11, 23, 8, 13, 2, 5, 30, 10, 6, 17, 9, 24, 29, 7, 35, 14, 16, 12, 1, 39, 18, 21, 19, 4, 38, 28, 37, 25, 22, 3, 42, 34, 41, 31, 27, 46, 26, 15, 33, 50, 32, 20, 54, 51, 53, 45, 58, 55, 57, 49, 43, 63, 44, 36, 47, 59, 48, 40, 64, 56, 62, 60, 61, 52 ],
\[ 3, 4, 9, 19, 16, 12, 1, 26, 10, 5, 21, 2, 32, 15, 30, 23, 25, 20, 29, 24, 6, 31, 7, 33, 14, 17, 8, 36, 11, 27, 18, 22, 13, 40, 44, 38, 43, 45, 48, 42, 47, 49, 28, 37, 35, 60, 34, 41, 39, 63, 52, 54, 59, 61, 56, 58, 62, 64, 51, 53, 46, 55, 57, 50 ],
\[ 4, 10, 15, 20, 21, 3, 25, 1, 29, 27, 7, 31, 2, 5, 36, 26, 9, 11, 16, 40, 32, 19, 12, 6, 43, 44, 45, 8, 33, 23, 47, 48, 49, 13, 14, 52, 30, 17, 18, 56, 24, 22, 59, 60, 61, 28, 62, 63, 64, 34, 35, 58, 38, 37, 39, 46, 42, 41, 55, 57, 50, 54, 51, 53 ]:
 Order := 64 > |
[ 29, 16, 27, 33, 12, 10, 15, 9, 21, 26, 3, 20, 19, 23, 45, 25, 5, 6, 7, 49, 31, 11, 4, 2, 36, 43, 44, 17, 32, 1, 40, 47, 48, 22, 30, 61, 8, 14, 24, 64, 13, 18, 52, 59, 60, 38, 56, 62, 63, 42, 37, 50, 35, 28, 41, 53, 39, 34, 58, 55, 57, 46, 54, 51 ],
[ 11, 23, 8, 13, 2, 5, 30, 10, 6, 17, 9, 24, 29, 7, 35, 14, 16, 12, 1, 39, 18, 21, 19, 4, 38, 28, 37, 25, 22, 3, 42, 34, 41, 31, 27, 46, 26, 15, 33, 50, 32, 20, 54, 51, 53, 45, 58, 55, 57, 49, 43, 63, 44, 36, 47, 59, 48, 40, 64, 56, 62, 60, 61, 52 ],
[ 7, 12, 1, 2, 10, 21, 23, 27, 3, 9, 29, 6, 33, 25, 14, 5, 26, 31, 4, 18, 11, 32, 16, 20, 17, 8, 30, 43, 19, 15, 22, 13, 24, 47, 45, 28, 44, 36, 49, 34, 48, 40, 37, 35, 38, 61, 41, 39, 42, 64, 59, 51, 60, 52, 62, 55, 63, 56, 53, 46, 54, 57, 50, 58 ]
],
[ PermutationGroup<64 |  
\[ 11, 23, 8, 13, 2, 5, 30, 10, 6, 17, 9, 24, 29, 7, 35, 14, 16, 12, 1, 39, 18, 21, 19, 4, 38, 28, 37, 25, 22, 3, 42, 34, 41, 31, 27, 46, 26, 15, 33, 50, 32, 20, 54, 51, 53, 45, 58, 55, 57, 49, 43, 63, 44, 36, 47, 59, 48, 40, 64, 56, 62, 60, 61, 52 ],
\[ 3, 4, 9, 19, 16, 12, 1, 26, 10, 5, 21, 2, 32, 15, 30, 23, 25, 20, 29, 24, 6, 31, 7, 33, 14, 17, 8, 36, 11, 27, 18, 22, 13, 40, 44, 38, 43, 45, 48, 42, 47, 49, 28, 37, 35, 60, 34, 41, 39, 63, 52, 54, 59, 61, 56, 58, 62, 64, 51, 53, 46, 55, 57, 50 ],
\[ 4, 10, 15, 20, 21, 3, 25, 1, 29, 27, 7, 31, 2, 5, 36, 26, 9, 11, 16, 40, 32, 19, 12, 6, 43, 44, 45, 8, 33, 23, 47, 48, 49, 13, 14, 52, 30, 17, 18, 56, 24, 22, 59, 60, 61, 28, 62, 63, 64, 34, 35, 58, 38, 37, 39, 46, 42, 41, 55, 57, 50, 54, 51, 53 ]:
 Order := 64 > |
[ 11, 23, 8, 13, 2, 5, 30, 10, 6, 17, 9, 24, 29, 7, 35, 14, 16, 12, 1, 39, 18, 21, 19, 4, 38, 28, 37, 25, 22, 3, 42, 34, 41, 31, 27, 46, 26, 15, 33, 50, 32, 20, 54, 51, 53, 45, 58, 55, 57, 49, 43, 63, 44, 36, 47, 59, 48, 40, 64, 56, 62, 60, 61, 52 ],
[ 4, 10, 15, 20, 21, 3, 25, 1, 29, 27, 7, 31, 2, 5, 36, 26, 9, 11, 16, 40, 32, 19, 12, 6, 43, 44, 45, 8, 33, 23, 47, 48, 49, 13, 14, 52, 30, 17, 18, 56, 24, 22, 59, 60, 61, 28, 62, 63, 64, 34, 35, 58, 38, 37, 39, 46, 42, 41, 55, 57, 50, 54, 51, 53 ],
[ 22, 14, 37, 41, 24, 17, 35, 6, 18, 28, 8, 39, 1, 19, 53, 38, 2, 5, 30, 57, 42, 9, 13, 23, 46, 54, 51, 16, 34, 11, 50, 58, 55, 21, 3, 62, 10, 7, 4, 52, 29, 12, 63, 64, 56, 15, 59, 60, 61, 20, 26, 49, 27, 25, 32, 44, 33, 31, 40, 47, 48, 45, 36, 43 ]
],
[ PermutationGroup<64 |  
\[ 11, 23, 8, 13, 2, 5, 30, 10, 6, 17, 9, 24, 29, 7, 35, 14, 16, 12, 1, 39, 18, 21, 19, 4, 38, 28, 37, 25, 22, 3, 42, 34, 41, 31, 27, 46, 26, 15, 33, 50, 32, 20, 54, 51, 53, 45, 58, 55, 57, 49, 43, 63, 44, 36, 47, 59, 48, 40, 64, 56, 62, 60, 61, 52 ],
\[ 3, 4, 9, 19, 16, 12, 1, 26, 10, 5, 21, 2, 32, 15, 30, 23, 25, 20, 29, 24, 6, 31, 7, 33, 14, 17, 8, 36, 11, 27, 18, 22, 13, 40, 44, 38, 43, 45, 48, 42, 47, 49, 28, 37, 35, 60, 34, 41, 39, 63, 52, 54, 59, 61, 56, 58, 62, 64, 51, 53, 46, 55, 57, 50 ],
\[ 4, 10, 15, 20, 21, 3, 25, 1, 29, 27, 7, 31, 2, 5, 36, 26, 9, 11, 16, 40, 32, 19, 12, 6, 43, 44, 45, 8, 33, 23, 47, 48, 49, 13, 14, 52, 30, 17, 18, 56, 24, 22, 59, 60, 61, 28, 62, 63, 64, 34, 35, 58, 38, 37, 39, 46, 42, 41, 55, 57, 50, 54, 51, 53 ]:
 Order := 64 > |
[ 11, 23, 8, 13, 2, 5, 30, 10, 6, 17, 9, 24, 29, 7, 35, 14, 16, 12, 1, 39, 18, 21, 19, 4, 38, 28, 37, 25, 22, 3, 42, 34, 41, 31, 27, 46, 26, 15, 33, 50, 32, 20, 54, 51, 53, 45, 58, 55, 57, 49, 43, 63, 44, 36, 47, 59, 48, 40, 64, 56, 62, 60, 61, 52 ],
[ 29, 16, 27, 33, 12, 10, 15, 9, 21, 26, 3, 20, 19, 23, 45, 25, 5, 6, 7, 49, 31, 11, 4, 2, 36, 43, 44, 17, 32, 1, 40, 47, 48, 22, 30, 61, 8, 14, 24, 64, 13, 18, 52, 59, 60, 38, 56, 62, 63, 42, 37, 50, 35, 28, 41, 53, 39, 34, 58, 55, 57, 46, 54, 51 ],
[ 13, 17, 35, 39, 18, 8, 38, 11, 22, 37, 30, 42, 23, 2, 46, 28, 6, 9, 14, 50, 34, 1, 24, 5, 54, 51, 53, 10, 41, 19, 58, 55, 57, 29, 7, 63, 3, 16, 12, 59, 4, 21, 64, 56, 62, 25, 60, 61, 52, 31, 27, 40, 15, 26, 33, 45, 20, 32, 47, 48, 49, 36, 43, 44 ]
],
[ PermutationGroup<64 |  
\[ 11, 23, 8, 13, 2, 5, 30, 10, 6, 17, 9, 24, 29, 7, 35, 14, 16, 12, 1, 39, 18, 21, 19, 4, 38, 28, 37, 25, 22, 3, 42, 34, 41, 31, 27, 46, 26, 15, 33, 50, 32, 20, 54, 51, 53, 45, 58, 55, 57, 49, 43, 63, 44, 36, 47, 59, 48, 40, 64, 56, 62, 60, 61, 52 ],
\[ 3, 4, 9, 19, 16, 12, 1, 26, 10, 5, 21, 2, 32, 15, 30, 23, 25, 20, 29, 24, 6, 31, 7, 33, 14, 17, 8, 36, 11, 27, 18, 22, 13, 40, 44, 38, 43, 45, 48, 42, 47, 49, 28, 37, 35, 60, 34, 41, 39, 63, 52, 54, 59, 61, 56, 58, 62, 64, 51, 53, 46, 55, 57, 50 ],
\[ 4, 10, 15, 20, 21, 3, 25, 1, 29, 27, 7, 31, 2, 5, 36, 26, 9, 11, 16, 40, 32, 19, 12, 6, 43, 44, 45, 8, 33, 23, 47, 48, 49, 13, 14, 52, 30, 17, 18, 56, 24, 22, 59, 60, 61, 28, 62, 63, 64, 34, 35, 58, 38, 37, 39, 46, 42, 41, 55, 57, 50, 54, 51, 53 ]:
 Order := 64 > |
[ 11, 23, 8, 13, 2, 5, 30, 10, 6, 17, 9, 24, 29, 7, 35, 14, 16, 12, 1, 39, 18, 21, 19, 4, 38, 28, 37, 25, 22, 3, 42, 34, 41, 31, 27, 46, 26, 15, 33, 50, 32, 20, 54, 51, 53, 45, 58, 55, 57, 49, 43, 63, 44, 36, 47, 59, 48, 40, 64, 56, 62, 60, 61, 52 ],
[ 16, 21, 23, 6, 3, 29, 5, 15, 7, 1, 4, 11, 20, 26, 17, 9, 27, 32, 12, 22, 19, 33, 10, 31, 8, 30, 14, 44, 2, 25, 13, 24, 18, 48, 36, 37, 45, 43, 40, 41, 49, 47, 35, 38, 28, 52, 39, 42, 34, 56, 60, 53, 61, 59, 63, 57, 64, 62, 46, 54, 51, 50, 58, 55 ],
[ 21, 7, 26, 32, 4, 16, 27, 5, 12, 25, 10, 33, 11, 1, 44, 15, 23, 2, 3, 48, 20, 6, 29, 19, 45, 36, 43, 14, 31, 9, 49, 40, 47, 18, 8, 60, 17, 30, 13, 63, 22, 24, 61, 52, 59, 35, 64, 56, 62, 39, 28, 57, 37, 38, 34, 51, 41, 42, 50, 58, 55, 53, 46, 54 ]
],
[ PermutationGroup<64 |  
\[ 11, 23, 8, 13, 2, 5, 30, 10, 6, 17, 9, 24, 29, 7, 35, 14, 16, 12, 1, 39, 18, 21, 19, 4, 38, 28, 37, 25, 22, 3, 42, 34, 41, 31, 27, 46, 26, 15, 33, 50, 32, 20, 54, 51, 53, 45, 58, 55, 57, 49, 43, 63, 44, 36, 47, 59, 48, 40, 64, 56, 62, 60, 61, 52 ],
\[ 3, 4, 9, 19, 16, 12, 1, 26, 10, 5, 21, 2, 32, 15, 30, 23, 25, 20, 29, 24, 6, 31, 7, 33, 14, 17, 8, 36, 11, 27, 18, 22, 13, 40, 44, 38, 43, 45, 48, 42, 47, 49, 28, 37, 35, 60, 34, 41, 39, 63, 52, 54, 59, 61, 56, 58, 62, 64, 51, 53, 46, 55, 57, 50 ],
\[ 4, 10, 15, 20, 21, 3, 25, 1, 29, 27, 7, 31, 2, 5, 36, 26, 9, 11, 16, 40, 32, 19, 12, 6, 43, 44, 45, 8, 33, 23, 47, 48, 49, 13, 14, 52, 30, 17, 18, 56, 24, 22, 59, 60, 61, 28, 62, 63, 64, 34, 35, 58, 38, 37, 39, 46, 42, 41, 55, 57, 50, 54, 51, 53 ]:
 Order := 64 > |
[ 11, 23, 8, 13, 2, 5, 30, 10, 6, 17, 9, 24, 29, 7, 35, 14, 16, 12, 1, 39, 18, 21, 19, 4, 38, 28, 37, 25, 22, 3, 42, 34, 41, 31, 27, 46, 26, 15, 33, 50, 32, 20, 54, 51, 53, 45, 58, 55, 57, 49, 43, 63, 44, 36, 47, 59, 48, 40, 64, 56, 62, 60, 61, 52 ],
[ 7, 12, 1, 2, 10, 21, 23, 27, 3, 9, 29, 6, 33, 25, 14, 5, 26, 31, 4, 18, 11, 32, 16, 20, 17, 8, 30, 43, 19, 15, 22, 13, 24, 47, 45, 28, 44, 36, 49, 34, 48, 40, 37, 35, 38, 61, 41, 39, 42, 64, 59, 51, 60, 52, 62, 55, 63, 56, 53, 46, 54, 57, 50, 58 ],
[ 29, 16, 27, 33, 12, 10, 15, 9, 21, 26, 3, 20, 19, 23, 45, 25, 5, 6, 7, 49, 31, 11, 4, 2, 36, 43, 44, 17, 32, 1, 40, 47, 48, 22, 30, 61, 8, 14, 24, 64, 13, 18, 52, 59, 60, 38, 56, 62, 63, 42, 37, 50, 35, 28, 41, 53, 39, 34, 58, 55, 57, 46, 54, 51 ]
]
];
s`SolvableDBPointedPassport := [ PowerSequence(PermutationGroup<64 |  
\[ 11, 23, 8, 13, 2, 5, 30, 10, 6, 17, 9, 24, 29, 7, 35, 14, 16, 12, 1, 39, 18, 21, 19, 4, 38, 28, 37, 25, 22, 3, 42, 34, 41, 31, 27, 46, 26, 15, 33, 50, 32, 20, 54, 51, 53, 45, 58, 55, 57, 49, 43, 63, 44, 36, 47, 59, 48, 40, 64, 56, 62, 60, 61, 52 ],
\[ 3, 4, 9, 19, 16, 12, 1, 26, 10, 5, 21, 2, 32, 15, 30, 23, 25, 20, 29, 24, 6, 31, 7, 33, 14, 17, 8, 36, 11, 27, 18, 22, 13, 40, 44, 38, 43, 45, 48, 42, 47, 49, 28, 37, 35, 60, 34, 41, 39, 63, 52, 54, 59, 61, 56, 58, 62, 64, 51, 53, 46, 55, 57, 50 ],
\[ 4, 10, 15, 20, 21, 3, 25, 1, 29, 27, 7, 31, 2, 5, 36, 26, 9, 11, 16, 40, 32, 19, 12, 6, 43, 44, 45, 8, 33, 23, 47, 48, 49, 13, 14, 52, 30, 17, 18, 56, 24, 22, 59, 60, 61, 28, 62, 63, 64, 34, 35, 58, 38, 37, 39, 46, 42, 41, 55, 57, 50, 54, 51, 53 ]:
 Order := 64 >) |
[ PermutationGroup<64 |  
\[ 11, 23, 8, 13, 2, 5, 30, 10, 6, 17, 9, 24, 29, 7, 35, 14, 16, 12, 1, 39, 18, 21, 19, 4, 38, 28, 37, 25, 22, 3, 42, 34, 41, 31, 27, 46, 26, 15, 33, 50, 32, 20, 54, 51, 53, 45, 58, 55, 57, 49, 43, 63, 44, 36, 47, 59, 48, 40, 64, 56, 62, 60, 61, 52 ],
\[ 3, 4, 9, 19, 16, 12, 1, 26, 10, 5, 21, 2, 32, 15, 30, 23, 25, 20, 29, 24, 6, 31, 7, 33, 14, 17, 8, 36, 11, 27, 18, 22, 13, 40, 44, 38, 43, 45, 48, 42, 47, 49, 28, 37, 35, 60, 34, 41, 39, 63, 52, 54, 59, 61, 56, 58, 62, 64, 51, 53, 46, 55, 57, 50 ],
\[ 4, 10, 15, 20, 21, 3, 25, 1, 29, 27, 7, 31, 2, 5, 36, 26, 9, 11, 16, 40, 32, 19, 12, 6, 43, 44, 45, 8, 33, 23, 47, 48, 49, 13, 14, 52, 30, 17, 18, 56, 24, 22, 59, 60, 61, 28, 62, 63, 64, 34, 35, 58, 38, 37, 39, 46, 42, 41, 55, 57, 50, 54, 51, 53 ]:
 Order := 64 > |
[ 14, 18, 19, 5, 8, 22, 2, 35, 30, 11, 13, 9, 39, 28, 16, 6, 37, 34, 24, 21, 1, 41, 17, 42, 10, 3, 7, 51, 23, 38, 29, 4, 12, 55, 46, 26, 53, 54, 50, 32, 57, 58, 27, 15, 25, 63, 33, 20, 31, 59, 56, 44, 62, 64, 61, 48, 52, 60, 45, 36, 43, 49, 40, 47 ],
[ 11, 23, 8, 13, 2, 5, 30, 10, 6, 17, 9, 24, 29, 7, 35, 14, 16, 12, 1, 39, 18, 21, 19, 4, 38, 28, 37, 25, 22, 3, 42, 34, 41, 31, 27, 46, 26, 15, 33, 50, 32, 20, 54, 51, 53, 45, 58, 55, 57, 49, 43, 63, 44, 36, 47, 59, 48, 40, 64, 56, 62, 60, 61, 52 ],
[ 22, 14, 37, 41, 24, 17, 35, 6, 18, 28, 8, 39, 1, 19, 53, 38, 2, 5, 30, 57, 42, 9, 13, 23, 46, 54, 51, 16, 34, 11, 50, 58, 55, 21, 3, 62, 10, 7, 4, 52, 29, 12, 63, 64, 56, 15, 59, 60, 61, 20, 26, 49, 27, 25, 32, 44, 33, 31, 40, 47, 48, 45, 36, 43 ]
],
[ PermutationGroup<64 |  
\[ 11, 23, 8, 13, 2, 5, 30, 10, 6, 17, 9, 24, 29, 7, 35, 14, 16, 12, 1, 39, 18, 21, 19, 4, 38, 28, 37, 25, 22, 3, 42, 34, 41, 31, 27, 46, 26, 15, 33, 50, 32, 20, 54, 51, 53, 45, 58, 55, 57, 49, 43, 63, 44, 36, 47, 59, 48, 40, 64, 56, 62, 60, 61, 52 ],
\[ 3, 4, 9, 19, 16, 12, 1, 26, 10, 5, 21, 2, 32, 15, 30, 23, 25, 20, 29, 24, 6, 31, 7, 33, 14, 17, 8, 36, 11, 27, 18, 22, 13, 40, 44, 38, 43, 45, 48, 42, 47, 49, 28, 37, 35, 60, 34, 41, 39, 63, 52, 54, 59, 61, 56, 58, 62, 64, 51, 53, 46, 55, 57, 50 ],
\[ 4, 10, 15, 20, 21, 3, 25, 1, 29, 27, 7, 31, 2, 5, 36, 26, 9, 11, 16, 40, 32, 19, 12, 6, 43, 44, 45, 8, 33, 23, 47, 48, 49, 13, 14, 52, 30, 17, 18, 56, 24, 22, 59, 60, 61, 28, 62, 63, 64, 34, 35, 58, 38, 37, 39, 46, 42, 41, 55, 57, 50, 54, 51, 53 ]:
 Order := 64 > |
[ 29, 16, 27, 33, 12, 10, 15, 9, 21, 26, 3, 20, 19, 23, 45, 25, 5, 6, 7, 49, 31, 11, 4, 2, 36, 43, 44, 17, 32, 1, 40, 47, 48, 22, 30, 61, 8, 14, 24, 64, 13, 18, 52, 59, 60, 38, 56, 62, 63, 42, 37, 50, 35, 28, 41, 53, 39, 34, 58, 55, 57, 46, 54, 51 ],
[ 11, 23, 8, 13, 2, 5, 30, 10, 6, 17, 9, 24, 29, 7, 35, 14, 16, 12, 1, 39, 18, 21, 19, 4, 38, 28, 37, 25, 22, 3, 42, 34, 41, 31, 27, 46, 26, 15, 33, 50, 32, 20, 54, 51, 53, 45, 58, 55, 57, 49, 43, 63, 44, 36, 47, 59, 48, 40, 64, 56, 62, 60, 61, 52 ],
[ 7, 12, 1, 2, 10, 21, 23, 27, 3, 9, 29, 6, 33, 25, 14, 5, 26, 31, 4, 18, 11, 32, 16, 20, 17, 8, 30, 43, 19, 15, 22, 13, 24, 47, 45, 28, 44, 36, 49, 34, 48, 40, 37, 35, 38, 61, 41, 39, 42, 64, 59, 51, 60, 52, 62, 55, 63, 56, 53, 46, 54, 57, 50, 58 ]
],
[ PermutationGroup<64 |  
\[ 11, 23, 8, 13, 2, 5, 30, 10, 6, 17, 9, 24, 29, 7, 35, 14, 16, 12, 1, 39, 18, 21, 19, 4, 38, 28, 37, 25, 22, 3, 42, 34, 41, 31, 27, 46, 26, 15, 33, 50, 32, 20, 54, 51, 53, 45, 58, 55, 57, 49, 43, 63, 44, 36, 47, 59, 48, 40, 64, 56, 62, 60, 61, 52 ],
\[ 3, 4, 9, 19, 16, 12, 1, 26, 10, 5, 21, 2, 32, 15, 30, 23, 25, 20, 29, 24, 6, 31, 7, 33, 14, 17, 8, 36, 11, 27, 18, 22, 13, 40, 44, 38, 43, 45, 48, 42, 47, 49, 28, 37, 35, 60, 34, 41, 39, 63, 52, 54, 59, 61, 56, 58, 62, 64, 51, 53, 46, 55, 57, 50 ],
\[ 4, 10, 15, 20, 21, 3, 25, 1, 29, 27, 7, 31, 2, 5, 36, 26, 9, 11, 16, 40, 32, 19, 12, 6, 43, 44, 45, 8, 33, 23, 47, 48, 49, 13, 14, 52, 30, 17, 18, 56, 24, 22, 59, 60, 61, 28, 62, 63, 64, 34, 35, 58, 38, 37, 39, 46, 42, 41, 55, 57, 50, 54, 51, 53 ]:
 Order := 64 > |
[ 11, 23, 8, 13, 2, 5, 30, 10, 6, 17, 9, 24, 29, 7, 35, 14, 16, 12, 1, 39, 18, 21, 19, 4, 38, 28, 37, 25, 22, 3, 42, 34, 41, 31, 27, 46, 26, 15, 33, 50, 32, 20, 54, 51, 53, 45, 58, 55, 57, 49, 43, 63, 44, 36, 47, 59, 48, 40, 64, 56, 62, 60, 61, 52 ],
[ 4, 10, 15, 20, 21, 3, 25, 1, 29, 27, 7, 31, 2, 5, 36, 26, 9, 11, 16, 40, 32, 19, 12, 6, 43, 44, 45, 8, 33, 23, 47, 48, 49, 13, 14, 52, 30, 17, 18, 56, 24, 22, 59, 60, 61, 28, 62, 63, 64, 34, 35, 58, 38, 37, 39, 46, 42, 41, 55, 57, 50, 54, 51, 53 ],
[ 22, 14, 37, 41, 24, 17, 35, 6, 18, 28, 8, 39, 1, 19, 53, 38, 2, 5, 30, 57, 42, 9, 13, 23, 46, 54, 51, 16, 34, 11, 50, 58, 55, 21, 3, 62, 10, 7, 4, 52, 29, 12, 63, 64, 56, 15, 59, 60, 61, 20, 26, 49, 27, 25, 32, 44, 33, 31, 40, 47, 48, 45, 36, 43 ]
],
[ PermutationGroup<64 |  
\[ 11, 23, 8, 13, 2, 5, 30, 10, 6, 17, 9, 24, 29, 7, 35, 14, 16, 12, 1, 39, 18, 21, 19, 4, 38, 28, 37, 25, 22, 3, 42, 34, 41, 31, 27, 46, 26, 15, 33, 50, 32, 20, 54, 51, 53, 45, 58, 55, 57, 49, 43, 63, 44, 36, 47, 59, 48, 40, 64, 56, 62, 60, 61, 52 ],
\[ 3, 4, 9, 19, 16, 12, 1, 26, 10, 5, 21, 2, 32, 15, 30, 23, 25, 20, 29, 24, 6, 31, 7, 33, 14, 17, 8, 36, 11, 27, 18, 22, 13, 40, 44, 38, 43, 45, 48, 42, 47, 49, 28, 37, 35, 60, 34, 41, 39, 63, 52, 54, 59, 61, 56, 58, 62, 64, 51, 53, 46, 55, 57, 50 ],
\[ 4, 10, 15, 20, 21, 3, 25, 1, 29, 27, 7, 31, 2, 5, 36, 26, 9, 11, 16, 40, 32, 19, 12, 6, 43, 44, 45, 8, 33, 23, 47, 48, 49, 13, 14, 52, 30, 17, 18, 56, 24, 22, 59, 60, 61, 28, 62, 63, 64, 34, 35, 58, 38, 37, 39, 46, 42, 41, 55, 57, 50, 54, 51, 53 ]:
 Order := 64 > |
[ 11, 23, 8, 13, 2, 5, 30, 10, 6, 17, 9, 24, 29, 7, 35, 14, 16, 12, 1, 39, 18, 21, 19, 4, 38, 28, 37, 25, 22, 3, 42, 34, 41, 31, 27, 46, 26, 15, 33, 50, 32, 20, 54, 51, 53, 45, 58, 55, 57, 49, 43, 63, 44, 36, 47, 59, 48, 40, 64, 56, 62, 60, 61, 52 ],
[ 29, 16, 27, 33, 12, 10, 15, 9, 21, 26, 3, 20, 19, 23, 45, 25, 5, 6, 7, 49, 31, 11, 4, 2, 36, 43, 44, 17, 32, 1, 40, 47, 48, 22, 30, 61, 8, 14, 24, 64, 13, 18, 52, 59, 60, 38, 56, 62, 63, 42, 37, 50, 35, 28, 41, 53, 39, 34, 58, 55, 57, 46, 54, 51 ],
[ 13, 17, 35, 39, 18, 8, 38, 11, 22, 37, 30, 42, 23, 2, 46, 28, 6, 9, 14, 50, 34, 1, 24, 5, 54, 51, 53, 10, 41, 19, 58, 55, 57, 29, 7, 63, 3, 16, 12, 59, 4, 21, 64, 56, 62, 25, 60, 61, 52, 31, 27, 40, 15, 26, 33, 45, 20, 32, 47, 48, 49, 36, 43, 44 ]
],
[ PermutationGroup<64 |  
\[ 11, 23, 8, 13, 2, 5, 30, 10, 6, 17, 9, 24, 29, 7, 35, 14, 16, 12, 1, 39, 18, 21, 19, 4, 38, 28, 37, 25, 22, 3, 42, 34, 41, 31, 27, 46, 26, 15, 33, 50, 32, 20, 54, 51, 53, 45, 58, 55, 57, 49, 43, 63, 44, 36, 47, 59, 48, 40, 64, 56, 62, 60, 61, 52 ],
\[ 3, 4, 9, 19, 16, 12, 1, 26, 10, 5, 21, 2, 32, 15, 30, 23, 25, 20, 29, 24, 6, 31, 7, 33, 14, 17, 8, 36, 11, 27, 18, 22, 13, 40, 44, 38, 43, 45, 48, 42, 47, 49, 28, 37, 35, 60, 34, 41, 39, 63, 52, 54, 59, 61, 56, 58, 62, 64, 51, 53, 46, 55, 57, 50 ],
\[ 4, 10, 15, 20, 21, 3, 25, 1, 29, 27, 7, 31, 2, 5, 36, 26, 9, 11, 16, 40, 32, 19, 12, 6, 43, 44, 45, 8, 33, 23, 47, 48, 49, 13, 14, 52, 30, 17, 18, 56, 24, 22, 59, 60, 61, 28, 62, 63, 64, 34, 35, 58, 38, 37, 39, 46, 42, 41, 55, 57, 50, 54, 51, 53 ]:
 Order := 64 > |
[ 11, 23, 8, 13, 2, 5, 30, 10, 6, 17, 9, 24, 29, 7, 35, 14, 16, 12, 1, 39, 18, 21, 19, 4, 38, 28, 37, 25, 22, 3, 42, 34, 41, 31, 27, 46, 26, 15, 33, 50, 32, 20, 54, 51, 53, 45, 58, 55, 57, 49, 43, 63, 44, 36, 47, 59, 48, 40, 64, 56, 62, 60, 61, 52 ],
[ 16, 21, 23, 6, 3, 29, 5, 15, 7, 1, 4, 11, 20, 26, 17, 9, 27, 32, 12, 22, 19, 33, 10, 31, 8, 30, 14, 44, 2, 25, 13, 24, 18, 48, 36, 37, 45, 43, 40, 41, 49, 47, 35, 38, 28, 52, 39, 42, 34, 56, 60, 53, 61, 59, 63, 57, 64, 62, 46, 54, 51, 50, 58, 55 ],
[ 21, 7, 26, 32, 4, 16, 27, 5, 12, 25, 10, 33, 11, 1, 44, 15, 23, 2, 3, 48, 20, 6, 29, 19, 45, 36, 43, 14, 31, 9, 49, 40, 47, 18, 8, 60, 17, 30, 13, 63, 22, 24, 61, 52, 59, 35, 64, 56, 62, 39, 28, 57, 37, 38, 34, 51, 41, 42, 50, 58, 55, 53, 46, 54 ]
],
[ PermutationGroup<64 |  
\[ 11, 23, 8, 13, 2, 5, 30, 10, 6, 17, 9, 24, 29, 7, 35, 14, 16, 12, 1, 39, 18, 21, 19, 4, 38, 28, 37, 25, 22, 3, 42, 34, 41, 31, 27, 46, 26, 15, 33, 50, 32, 20, 54, 51, 53, 45, 58, 55, 57, 49, 43, 63, 44, 36, 47, 59, 48, 40, 64, 56, 62, 60, 61, 52 ],
\[ 3, 4, 9, 19, 16, 12, 1, 26, 10, 5, 21, 2, 32, 15, 30, 23, 25, 20, 29, 24, 6, 31, 7, 33, 14, 17, 8, 36, 11, 27, 18, 22, 13, 40, 44, 38, 43, 45, 48, 42, 47, 49, 28, 37, 35, 60, 34, 41, 39, 63, 52, 54, 59, 61, 56, 58, 62, 64, 51, 53, 46, 55, 57, 50 ],
\[ 4, 10, 15, 20, 21, 3, 25, 1, 29, 27, 7, 31, 2, 5, 36, 26, 9, 11, 16, 40, 32, 19, 12, 6, 43, 44, 45, 8, 33, 23, 47, 48, 49, 13, 14, 52, 30, 17, 18, 56, 24, 22, 59, 60, 61, 28, 62, 63, 64, 34, 35, 58, 38, 37, 39, 46, 42, 41, 55, 57, 50, 54, 51, 53 ]:
 Order := 64 > |
[ 11, 23, 8, 13, 2, 5, 30, 10, 6, 17, 9, 24, 29, 7, 35, 14, 16, 12, 1, 39, 18, 21, 19, 4, 38, 28, 37, 25, 22, 3, 42, 34, 41, 31, 27, 46, 26, 15, 33, 50, 32, 20, 54, 51, 53, 45, 58, 55, 57, 49, 43, 63, 44, 36, 47, 59, 48, 40, 64, 56, 62, 60, 61, 52 ],
[ 10, 29, 5, 11, 7, 4, 9, 25, 16, 23, 12, 19, 31, 27, 8, 1, 15, 33, 21, 13, 2, 20, 3, 32, 30, 14, 17, 45, 6, 26, 24, 18, 22, 49, 43, 35, 36, 44, 47, 39, 40, 48, 38, 28, 37, 59, 42, 34, 41, 62, 61, 46, 52, 60, 64, 50, 56, 63, 54, 51, 53, 58, 55, 57 ],
[ 12, 3, 25, 31, 29, 7, 26, 23, 4, 15, 16, 32, 6, 9, 43, 27, 1, 19, 10, 47, 33, 2, 21, 11, 44, 45, 36, 30, 20, 5, 48, 49, 40, 24, 17, 59, 14, 8, 22, 62, 18, 13, 60, 61, 52, 37, 63, 64, 56, 41, 38, 55, 28, 35, 42, 54, 34, 39, 57, 50, 58, 51, 53, 46 ]
]
];
s`SolvableDBMonodromyGroup := PermutationGroup<64 |  
\[ 11, 23, 8, 13, 2, 5, 30, 10, 6, 17, 9, 24, 29, 7, 35, 14, 16, 12, 1, 39, 18, 21, 19, 4, 38, 28, 37, 25, 22, 3, 42, 34, 41, 31, 27, 46, 26, 15, 33, 50, 32, 20, 54, 51, 53, 45, 58, 55, 57, 49, 43, 63, 44, 36, 47, 59, 48, 40, 64, 56, 62, 60, 61, 52 ],
\[ 3, 4, 9, 19, 16, 12, 1, 26, 10, 5, 21, 2, 32, 15, 30, 23, 25, 20, 29, 24, 6, 31, 7, 33, 14, 17, 8, 36, 11, 27, 18, 22, 13, 40, 44, 38, 43, 45, 48, 42, 47, 49, 28, 37, 35, 60, 34, 41, 39, 63, 52, 54, 59, 61, 56, 58, 62, 64, 51, 53, 46, 55, 57, 50 ],
\[ 4, 10, 15, 20, 21, 3, 25, 1, 29, 27, 7, 31, 2, 5, 36, 26, 9, 11, 16, 40, 32, 19, 12, 6, 43, 44, 45, 8, 33, 23, 47, 48, 49, 13, 14, 52, 30, 17, 18, 56, 24, 22, 59, 60, 61, 28, 62, 63, 64, 34, 35, 58, 38, 37, 39, 46, 42, 41, 55, 57, 50, 54, 51, 53 ] >;
s`SolvableDBAutomorphismGroup := PermutationGroup<64 |  
\[ 23, 6, 7, 12, 9, 11, 16, 30, 1, 3, 19, 21, 24, 17, 25, 10, 8, 22, 2, 31, 29, 13, 5, 18, 26, 27, 15, 37, 4, 14, 32, 33, 20, 41, 38, 43, 35, 28, 42, 47, 39, 34, 44, 45, 36, 54, 48, 49, 40, 58, 53, 59, 46, 51, 57, 62, 50, 55, 60, 61, 52, 63, 64, 56 ],
\[ 2, 9, 4, 10, 11, 1, 12, 13, 19, 29, 23, 3, 17, 18, 20, 21, 22, 30, 5, 27, 7, 14, 6, 8, 31, 32, 33, 34, 16, 24, 15, 25, 26, 38, 39, 40, 41, 42, 37, 45, 28, 35, 47, 48, 49, 50, 36, 43, 44, 53, 55, 56, 57, 58, 54, 61, 51, 46, 62, 63, 64, 52, 59, 60 ],
\[ 29, 24, 11, 33, 12, 18, 19, 9, 21, 6, 22, 20, 41, 23, 7, 2, 5, 42, 13, 49, 31, 34, 4, 39, 16, 10, 3, 17, 32, 1, 40, 47, 48, 58, 30, 25, 8, 14, 57, 64, 55, 50, 26, 27, 15, 38, 56, 62, 63, 52, 37, 43, 35, 28, 60, 53, 61, 59, 44, 45, 36, 46, 54, 51 ]:
 Order := 64 >;
s`SolvableDBPointedAutomorphismGroup := PermutationGroup<64 |  
\[ 9, 19, 10, 29, 23, 2, 3, 17, 5, 16, 6, 4, 22, 30, 27, 7, 14, 24, 11, 33, 12, 18, 1, 13, 15, 25, 26, 38, 21, 8, 20, 31, 32, 42, 37, 45, 28, 35, 41, 49, 34, 39, 36, 43, 44, 53, 40, 47, 48, 57, 54, 61, 51, 46, 58, 64, 55, 50, 52, 59, 60, 56, 62, 63 ],
\[ 6, 1, 12, 3, 19, 23, 21, 24, 2, 4, 5, 7, 8, 22, 31, 29, 13, 14, 9, 15, 16, 17, 11, 30, 32, 33, 20, 41, 10, 18, 25, 26, 27, 28, 42, 47, 39, 34, 35, 36, 37, 38, 48, 49, 40, 58, 43, 44, 45, 46, 57, 62, 50, 55, 51, 52, 53, 54, 63, 64, 56, 59, 60, 61 ]:
 Order := 8 >;

/*
Top Level Belyi Curve/Map
*/


/*
Graph Data
*/

s`SolvableDBPathToPP1 := [ Strings() | "PP1", "2T1-1,2,2-g0-path1", "4T2-2,2,2-g0-path1", "8T4-2,2,4-g0-path1", "16T8-4,4,4-g3-path16", "32S14-4,4,8-g7-path12", "64S16-8,8,8-g21-path146" ];
s`SolvableDBChildren := [ Strings() | "32S14-4,4,8-g7-path12" ];

/*
Return for eval
*/

return s;
