s := SolvableDBInitialize();

/*
Magma printing
*/

s`SolvableDBName := "64S1-64,64,32-g31-path1-notcomputed";
s`SolvableDBFilename := "64S1-64,64,32-g31-path1-notcomputed.m";
s`SolvableDBPassportName := "64S1-64,64,32-g31";
s`SolvableDBPathNumber := 1;
s`SolvableDBDegree := 64;
s`SolvableDBOrders := \[ 64, 64, 32 ];
s`SolvableDBType := "Hyperbolic";
s`SolvableDBGenus := 31;
s`SolvableDBGaloisOrbitSize := 2;
s`SolvableDBPassportSize := 16;
s`SolvableDBPointedPassportSize := 16;
s`SolvableDBLevel := 6;
s`SolvableDBBlocks := {@ PowerSet(IntegerRing()) |
{ IntegerRing() | 1, 5 },
{ IntegerRing() | 2, 10 },
{ IntegerRing() | 3, 14 },
{ IntegerRing() | 4, 18 },
{ IntegerRing() | 6, 21 },
{ IntegerRing() | 7, 22 },
{ IntegerRing() | 8, 23 },
{ IntegerRing() | 9, 28 },
{ IntegerRing() | 11, 31 },
{ IntegerRing() | 12, 32 },
{ IntegerRing() | 13, 35 },
{ IntegerRing() | 15, 38 },
{ IntegerRing() | 16, 39 },
{ IntegerRing() | 17, 43 },
{ IntegerRing() | 19, 46 },
{ IntegerRing() | 20, 47 },
{ IntegerRing() | 24, 50 },
{ IntegerRing() | 25, 51 },
{ IntegerRing() | 26, 52 },
{ IntegerRing() | 27, 44 },
{ IntegerRing() | 29, 56 },
{ IntegerRing() | 30, 48 },
{ IntegerRing() | 33, 57 },
{ IntegerRing() | 34, 53 },
{ IntegerRing() | 36, 59 },
{ IntegerRing() | 37, 60 },
{ IntegerRing() | 40, 58 },
{ IntegerRing() | 41, 61 },
{ IntegerRing() | 42, 55 },
{ IntegerRing() | 45, 63 },
{ IntegerRing() | 49, 64 },
{ IntegerRing() | 54, 62 }
@};
s`SolvableDBIsRamifiedAtEveryLevel := true;
s`SolvableDBGaloisOrbit := [ PowerSequence(PermutationGroup<64 |  
\[ 2, 3, 4, 5, 6, 7, 8, 9, 10, 11, 12, 13, 14, 15, 16, 17, 18, 19, 20, 21, 22, 23, 24, 25, 26, 27, 28, 29, 30, 31, 32, 33, 34, 35, 36, 37, 38, 39, 40, 41, 42, 43, 44, 45, 46, 47, 48, 49, 50, 51, 52, 53, 54, 55, 56, 57, 58, 59, 60, 61, 62, 63, 64, 1 ],
\[ 2, 1, 3, 4, 5, 6, 7, 8, 9, 10, 11, 12, 13, 14, 15, 16, 17, 18, 19, 20, 21, 22, 23, 24, 25, 26, 27, 28, 29, 30, 31, 32, 33, 34, 35, 36, 37, 38, 39, 40, 41, 42, 43, 44, 45, 46, 47, 48, 49, 50, 51, 52, 53, 54, 55, 56, 57, 58, 59, 60, 61, 62, 63, 64 ]:
 Order := 126886932185884164103433389335161480802865516174545192198801894375214704230400000000000000 >) |
[ PermutationGroup<64 |  
\[ 2, 3, 4, 5, 6, 7, 8, 9, 10, 11, 12, 13, 14, 15, 16, 17, 18, 19, 20, 21, 22, 23, 24, 25, 26, 27, 28, 29, 30, 31, 32, 33, 34, 35, 36, 37, 38, 39, 40, 41, 42, 43, 44, 45, 46, 47, 48, 49, 50, 51, 52, 53, 54, 55, 56, 57, 58, 59, 60, 61, 62, 63, 64, 1 ],
\[ 2, 1, 3, 4, 5, 6, 7, 8, 9, 10, 11, 12, 13, 14, 15, 16, 17, 18, 19, 20, 21, 22, 23, 24, 25, 26, 27, 28, 29, 30, 31, 32, 33, 34, 35, 36, 37, 38, 39, 40, 41, 42, 43, 44, 45, 46, 47, 48, 49, 50, 51, 52, 53, 54, 55, 56, 57, 58, 59, 60, 61, 62, 63, 64 ]:
 Order := 126886932185884164103433389335161480802865516174545192198801894375214704230400000000000000 > |
[ 2, 9, 8, 7, 10, 1, 11, 12, 27, 28, 29, 30, 16, 23, 3, 26, 20, 22, 4, 25, 5, 31, 32, 6, 33, 34, 43, 44, 55, 46, 56, 48, 37, 50, 39, 13, 41, 14, 52, 15, 54, 45, 47, 17, 49, 18, 51, 19, 36, 21, 57, 53, 24, 58, 63, 42, 60, 38, 35, 61, 62, 40, 64, 59 ],
[ 3, 8, 13, 6, 14, 15, 1, 16, 12, 23, 2, 26, 33, 35, 36, 37, 19, 21, 24, 4, 38, 5, 39, 40, 7, 41, 30, 32, 9, 34, 10, 52, 11, 54, 57, 25, 29, 59, 60, 49, 55, 44, 46, 48, 17, 50, 18, 53, 20, 58, 22, 61, 62, 63, 27, 28, 31, 64, 51, 56, 42, 45, 43, 47 ],
[ 4, 7, 6, 17, 18, 19, 20, 1, 11, 22, 25, 2, 15, 21, 24, 3, 42, 43, 44, 45, 46, 47, 5, 48, 49, 8, 29, 31, 33, 9, 51, 10, 36, 12, 38, 40, 13, 50, 14, 53, 16, 60, 55, 56, 61, 27, 63, 28, 62, 30, 64, 23, 32, 26, 37, 57, 59, 34, 58, 35, 39, 52, 41, 54 ]
],
[ PermutationGroup<64 |  
\[ 2, 3, 4, 5, 6, 7, 8, 9, 10, 11, 12, 13, 14, 15, 16, 17, 18, 19, 20, 21, 22, 23, 24, 25, 26, 27, 28, 29, 30, 31, 32, 33, 34, 35, 36, 37, 38, 39, 40, 41, 42, 43, 44, 45, 46, 47, 48, 49, 50, 51, 52, 53, 54, 55, 56, 57, 58, 59, 60, 61, 62, 63, 64, 1 ],
\[ 2, 1, 3, 4, 5, 6, 7, 8, 9, 10, 11, 12, 13, 14, 15, 16, 17, 18, 19, 20, 21, 22, 23, 24, 25, 26, 27, 28, 29, 30, 31, 32, 33, 34, 35, 36, 37, 38, 39, 40, 41, 42, 43, 44, 45, 46, 47, 48, 49, 50, 51, 52, 53, 54, 55, 56, 57, 58, 59, 60, 61, 62, 63, 64 ]:
 Order := 126886932185884164103433389335161480802865516174545192198801894375214704230400000000000000 > |
[ 2, 9, 8, 7, 10, 1, 11, 12, 27, 28, 29, 30, 16, 23, 3, 26, 20, 22, 4, 25, 5, 31, 32, 6, 33, 34, 43, 44, 55, 46, 56, 48, 37, 50, 39, 13, 41, 14, 52, 15, 54, 45, 47, 17, 49, 18, 51, 19, 36, 21, 57, 53, 24, 58, 63, 42, 60, 38, 35, 61, 62, 40, 64, 59 ],
[ 14, 23, 35, 21, 3, 38, 5, 39, 32, 8, 10, 52, 57, 13, 59, 60, 46, 6, 50, 18, 15, 1, 16, 58, 22, 61, 48, 12, 28, 53, 2, 26, 31, 62, 33, 51, 56, 36, 37, 64, 42, 27, 19, 30, 43, 24, 4, 34, 47, 40, 7, 41, 54, 45, 44, 9, 11, 49, 25, 29, 55, 63, 17, 20 ],
[ 18, 22, 21, 43, 4, 46, 47, 5, 31, 7, 51, 10, 38, 6, 50, 14, 55, 17, 27, 63, 19, 20, 1, 30, 64, 23, 56, 11, 57, 28, 25, 2, 59, 32, 15, 58, 35, 24, 3, 34, 39, 37, 42, 29, 41, 44, 45, 9, 54, 48, 49, 8, 12, 52, 60, 33, 36, 53, 40, 13, 16, 26, 61, 62 ]
]
];
s`SolvableDBPassport := [ PowerSequence(PermutationGroup<64 |  
\[ 2, 9, 8, 7, 10, 1, 11, 12, 27, 28, 29, 30, 16, 23, 3, 26, 20, 22, 4, 25, 5, 31, 32, 6, 33, 34, 43, 44, 55, 46, 56, 48, 37, 50, 39, 13, 41, 14, 52, 15, 54, 45, 47, 17, 49, 18, 51, 19, 36, 21, 57, 53, 24, 58, 63, 42, 60, 38, 35, 61, 62, 40, 64, 59 ],
\[ 14, 23, 35, 21, 3, 38, 5, 39, 32, 8, 10, 52, 57, 13, 59, 60, 46, 6, 50, 18, 15, 1, 16, 58, 22, 61, 48, 12, 28, 53, 2, 26, 31, 62, 33, 51, 56, 36, 37, 64, 42, 27, 19, 30, 43, 24, 4, 34, 47, 40, 7, 41, 54, 45, 44, 9, 11, 49, 25, 29, 55, 63, 17, 20 ],
\[ 18, 22, 21, 43, 4, 46, 47, 5, 31, 7, 51, 10, 38, 6, 50, 14, 55, 17, 27, 63, 19, 20, 1, 30, 64, 23, 56, 11, 57, 28, 25, 2, 59, 32, 15, 58, 35, 24, 3, 34, 39, 37, 42, 29, 41, 44, 45, 9, 54, 48, 49, 8, 12, 52, 60, 33, 36, 53, 40, 13, 16, 26, 61, 62 ]:
 Order := 64 >) |
[ PermutationGroup<64 |  
\[ 2, 9, 8, 7, 10, 1, 11, 12, 27, 28, 29, 30, 16, 23, 3, 26, 20, 22, 4, 25, 5, 31, 32, 6, 33, 34, 43, 44, 55, 46, 56, 48, 37, 50, 39, 13, 41, 14, 52, 15, 54, 45, 47, 17, 49, 18, 51, 19, 36, 21, 57, 53, 24, 58, 63, 42, 60, 38, 35, 61, 62, 40, 64, 59 ],
\[ 14, 23, 35, 21, 3, 38, 5, 39, 32, 8, 10, 52, 57, 13, 59, 60, 46, 6, 50, 18, 15, 1, 16, 58, 22, 61, 48, 12, 28, 53, 2, 26, 31, 62, 33, 51, 56, 36, 37, 64, 42, 27, 19, 30, 43, 24, 4, 34, 47, 40, 7, 41, 54, 45, 44, 9, 11, 49, 25, 29, 55, 63, 17, 20 ],
\[ 18, 22, 21, 43, 4, 46, 47, 5, 31, 7, 51, 10, 38, 6, 50, 14, 55, 17, 27, 63, 19, 20, 1, 30, 64, 23, 56, 11, 57, 28, 25, 2, 59, 32, 15, 58, 35, 24, 3, 34, 39, 37, 42, 29, 41, 44, 45, 9, 54, 48, 49, 8, 12, 52, 60, 33, 36, 53, 40, 13, 16, 26, 61, 62 ]:
 Order := 64 > |
[ 2, 9, 8, 7, 10, 1, 11, 12, 27, 28, 29, 30, 16, 23, 3, 26, 20, 22, 4, 25, 5, 31, 32, 6, 33, 34, 43, 44, 55, 46, 56, 48, 37, 50, 39, 13, 41, 14, 52, 15, 54, 45, 47, 17, 49, 18, 51, 19, 36, 21, 57, 53, 24, 58, 63, 42, 60, 38, 35, 61, 62, 40, 64, 59 ],
[ 2, 9, 8, 7, 10, 1, 11, 12, 27, 28, 29, 30, 16, 23, 3, 26, 20, 22, 4, 25, 5, 31, 32, 6, 33, 34, 43, 44, 55, 46, 56, 48, 37, 50, 39, 13, 41, 14, 52, 15, 54, 45, 47, 17, 49, 18, 51, 19, 36, 21, 57, 53, 24, 58, 63, 42, 60, 38, 35, 61, 62, 40, 64, 59 ],
[ 24, 6, 40, 48, 50, 53, 19, 15, 1, 21, 4, 3, 49, 58, 62, 36, 28, 30, 32, 44, 34, 46, 38, 52, 17, 13, 2, 5, 7, 8, 18, 14, 20, 16, 64, 45, 25, 54, 59, 61, 33, 31, 9, 10, 56, 12, 27, 23, 42, 26, 43, 35, 39, 37, 11, 22, 47, 41, 63, 51, 57, 60, 29, 55 ]
],
[ PermutationGroup<64 |  
\[ 2, 9, 8, 7, 10, 1, 11, 12, 27, 28, 29, 30, 16, 23, 3, 26, 20, 22, 4, 25, 5, 31, 32, 6, 33, 34, 43, 44, 55, 46, 56, 48, 37, 50, 39, 13, 41, 14, 52, 15, 54, 45, 47, 17, 49, 18, 51, 19, 36, 21, 57, 53, 24, 58, 63, 42, 60, 38, 35, 61, 62, 40, 64, 59 ],
\[ 14, 23, 35, 21, 3, 38, 5, 39, 32, 8, 10, 52, 57, 13, 59, 60, 46, 6, 50, 18, 15, 1, 16, 58, 22, 61, 48, 12, 28, 53, 2, 26, 31, 62, 33, 51, 56, 36, 37, 64, 42, 27, 19, 30, 43, 24, 4, 34, 47, 40, 7, 41, 54, 45, 44, 9, 11, 49, 25, 29, 55, 63, 17, 20 ],
\[ 18, 22, 21, 43, 4, 46, 47, 5, 31, 7, 51, 10, 38, 6, 50, 14, 55, 17, 27, 63, 19, 20, 1, 30, 64, 23, 56, 11, 57, 28, 25, 2, 59, 32, 15, 58, 35, 24, 3, 34, 39, 37, 42, 29, 41, 44, 45, 9, 54, 48, 49, 8, 12, 52, 60, 33, 36, 53, 40, 13, 16, 26, 61, 62 ]:
 Order := 64 > |
[ 2, 9, 8, 7, 10, 1, 11, 12, 27, 28, 29, 30, 16, 23, 3, 26, 20, 22, 4, 25, 5, 31, 32, 6, 33, 34, 43, 44, 55, 46, 56, 48, 37, 50, 39, 13, 41, 14, 52, 15, 54, 45, 47, 17, 49, 18, 51, 19, 36, 21, 57, 53, 24, 58, 63, 42, 60, 38, 35, 61, 62, 40, 64, 59 ],
[ 3, 8, 13, 6, 14, 15, 1, 16, 12, 23, 2, 26, 33, 35, 36, 37, 19, 21, 24, 4, 38, 5, 39, 40, 7, 41, 30, 32, 9, 34, 10, 52, 11, 54, 57, 25, 29, 59, 60, 49, 55, 44, 46, 48, 17, 50, 18, 53, 20, 58, 22, 61, 62, 63, 27, 28, 31, 64, 51, 56, 42, 45, 43, 47 ],
[ 4, 7, 6, 17, 18, 19, 20, 1, 11, 22, 25, 2, 15, 21, 24, 3, 42, 43, 44, 45, 46, 47, 5, 48, 49, 8, 29, 31, 33, 9, 51, 10, 36, 12, 38, 40, 13, 50, 14, 53, 16, 60, 55, 56, 61, 27, 63, 28, 62, 30, 64, 23, 32, 26, 37, 57, 59, 34, 58, 35, 39, 52, 41, 54 ]
],
[ PermutationGroup<64 |  
\[ 2, 9, 8, 7, 10, 1, 11, 12, 27, 28, 29, 30, 16, 23, 3, 26, 20, 22, 4, 25, 5, 31, 32, 6, 33, 34, 43, 44, 55, 46, 56, 48, 37, 50, 39, 13, 41, 14, 52, 15, 54, 45, 47, 17, 49, 18, 51, 19, 36, 21, 57, 53, 24, 58, 63, 42, 60, 38, 35, 61, 62, 40, 64, 59 ],
\[ 14, 23, 35, 21, 3, 38, 5, 39, 32, 8, 10, 52, 57, 13, 59, 60, 46, 6, 50, 18, 15, 1, 16, 58, 22, 61, 48, 12, 28, 53, 2, 26, 31, 62, 33, 51, 56, 36, 37, 64, 42, 27, 19, 30, 43, 24, 4, 34, 47, 40, 7, 41, 54, 45, 44, 9, 11, 49, 25, 29, 55, 63, 17, 20 ],
\[ 18, 22, 21, 43, 4, 46, 47, 5, 31, 7, 51, 10, 38, 6, 50, 14, 55, 17, 27, 63, 19, 20, 1, 30, 64, 23, 56, 11, 57, 28, 25, 2, 59, 32, 15, 58, 35, 24, 3, 34, 39, 37, 42, 29, 41, 44, 45, 9, 54, 48, 49, 8, 12, 52, 60, 33, 36, 53, 40, 13, 16, 26, 61, 62 ]:
 Order := 64 > |
[ 2, 9, 8, 7, 10, 1, 11, 12, 27, 28, 29, 30, 16, 23, 3, 26, 20, 22, 4, 25, 5, 31, 32, 6, 33, 34, 43, 44, 55, 46, 56, 48, 37, 50, 39, 13, 41, 14, 52, 15, 54, 45, 47, 17, 49, 18, 51, 19, 36, 21, 57, 53, 24, 58, 63, 42, 60, 38, 35, 61, 62, 40, 64, 59 ],
[ 59, 35, 51, 58, 36, 64, 38, 57, 39, 13, 14, 60, 22, 25, 47, 31, 34, 40, 54, 50, 49, 15, 33, 63, 21, 56, 52, 16, 23, 61, 3, 37, 5, 42, 7, 18, 10, 20, 11, 43, 28, 12, 53, 26, 30, 62, 24, 41, 46, 45, 6, 29, 55, 44, 32, 8, 1, 17, 4, 2, 9, 27, 48, 19 ],
[ 51, 57, 22, 64, 25, 47, 59, 31, 60, 33, 35, 56, 5, 7, 18, 10, 54, 49, 63, 58, 20, 36, 11, 43, 38, 28, 61, 37, 39, 42, 13, 29, 14, 44, 1, 21, 23, 4, 2, 46, 32, 26, 62, 41, 34, 45, 40, 55, 50, 17, 15, 9, 27, 48, 52, 16, 3, 19, 6, 8, 12, 30, 53, 24 ]
],
[ PermutationGroup<64 |  
\[ 2, 9, 8, 7, 10, 1, 11, 12, 27, 28, 29, 30, 16, 23, 3, 26, 20, 22, 4, 25, 5, 31, 32, 6, 33, 34, 43, 44, 55, 46, 56, 48, 37, 50, 39, 13, 41, 14, 52, 15, 54, 45, 47, 17, 49, 18, 51, 19, 36, 21, 57, 53, 24, 58, 63, 42, 60, 38, 35, 61, 62, 40, 64, 59 ],
\[ 14, 23, 35, 21, 3, 38, 5, 39, 32, 8, 10, 52, 57, 13, 59, 60, 46, 6, 50, 18, 15, 1, 16, 58, 22, 61, 48, 12, 28, 53, 2, 26, 31, 62, 33, 51, 56, 36, 37, 64, 42, 27, 19, 30, 43, 24, 4, 34, 47, 40, 7, 41, 54, 45, 44, 9, 11, 49, 25, 29, 55, 63, 17, 20 ],
\[ 18, 22, 21, 43, 4, 46, 47, 5, 31, 7, 51, 10, 38, 6, 50, 14, 55, 17, 27, 63, 19, 20, 1, 30, 64, 23, 56, 11, 57, 28, 25, 2, 59, 32, 15, 58, 35, 24, 3, 34, 39, 37, 42, 29, 41, 44, 45, 9, 54, 48, 49, 8, 12, 52, 60, 33, 36, 53, 40, 13, 16, 26, 61, 62 ]:
 Order := 64 > |
[ 2, 9, 8, 7, 10, 1, 11, 12, 27, 28, 29, 30, 16, 23, 3, 26, 20, 22, 4, 25, 5, 31, 32, 6, 33, 34, 43, 44, 55, 46, 56, 48, 37, 50, 39, 13, 41, 14, 52, 15, 54, 45, 47, 17, 49, 18, 51, 19, 36, 21, 57, 53, 24, 58, 63, 42, 60, 38, 35, 61, 62, 40, 64, 59 ],
[ 41, 54, 55, 16, 61, 37, 26, 63, 58, 62, 34, 64, 27, 42, 29, 43, 3, 39, 13, 8, 60, 52, 45, 33, 12, 47, 38, 40, 50, 59, 53, 49, 30, 51, 44, 9, 46, 56, 17, 11, 18, 6, 14, 15, 1, 35, 23, 36, 2, 57, 32, 20, 25, 22, 21, 24, 48, 31, 28, 19, 4, 7, 5, 10 ],
[ 42, 45, 44, 60, 55, 56, 61, 17, 49, 63, 62, 20, 48, 27, 28, 19, 35, 37, 57, 39, 29, 41, 43, 31, 52, 4, 36, 64, 40, 25, 54, 47, 53, 7, 30, 32, 24, 9, 46, 10, 6, 38, 13, 59, 14, 33, 16, 51, 23, 11, 26, 18, 22, 1, 15, 58, 34, 2, 12, 50, 21, 5, 3, 8 ]
],
[ PermutationGroup<64 |  
\[ 2, 9, 8, 7, 10, 1, 11, 12, 27, 28, 29, 30, 16, 23, 3, 26, 20, 22, 4, 25, 5, 31, 32, 6, 33, 34, 43, 44, 55, 46, 56, 48, 37, 50, 39, 13, 41, 14, 52, 15, 54, 45, 47, 17, 49, 18, 51, 19, 36, 21, 57, 53, 24, 58, 63, 42, 60, 38, 35, 61, 62, 40, 64, 59 ],
\[ 14, 23, 35, 21, 3, 38, 5, 39, 32, 8, 10, 52, 57, 13, 59, 60, 46, 6, 50, 18, 15, 1, 16, 58, 22, 61, 48, 12, 28, 53, 2, 26, 31, 62, 33, 51, 56, 36, 37, 64, 42, 27, 19, 30, 43, 24, 4, 34, 47, 40, 7, 41, 54, 45, 44, 9, 11, 49, 25, 29, 55, 63, 17, 20 ],
\[ 18, 22, 21, 43, 4, 46, 47, 5, 31, 7, 51, 10, 38, 6, 50, 14, 55, 17, 27, 63, 19, 20, 1, 30, 64, 23, 56, 11, 57, 28, 25, 2, 59, 32, 15, 58, 35, 24, 3, 34, 39, 37, 42, 29, 41, 44, 45, 9, 54, 48, 49, 8, 12, 52, 60, 33, 36, 53, 40, 13, 16, 26, 61, 62 ]:
 Order := 64 > |
[ 2, 9, 8, 7, 10, 1, 11, 12, 27, 28, 29, 30, 16, 23, 3, 26, 20, 22, 4, 25, 5, 31, 32, 6, 33, 34, 43, 44, 55, 46, 56, 48, 37, 50, 39, 13, 41, 14, 52, 15, 54, 45, 47, 17, 49, 18, 51, 19, 36, 21, 57, 53, 24, 58, 63, 42, 60, 38, 35, 61, 62, 40, 64, 59 ],
[ 20, 25, 4, 45, 47, 17, 49, 7, 33, 51, 36, 11, 6, 18, 19, 1, 61, 63, 42, 62, 43, 64, 22, 44, 40, 2, 37, 57, 13, 29, 59, 31, 15, 9, 21, 24, 3, 46, 5, 48, 8, 39, 41, 60, 52, 55, 54, 56, 53, 27, 58, 10, 28, 12, 16, 35, 38, 30, 50, 14, 23, 32, 26, 34 ],
[ 13, 16, 33, 15, 35, 36, 3, 37, 26, 39, 8, 41, 11, 57, 25, 29, 24, 38, 40, 6, 59, 14, 60, 49, 1, 55, 34, 52, 12, 54, 23, 61, 2, 63, 31, 7, 9, 51, 56, 20, 27, 48, 50, 53, 19, 58, 21, 62, 4, 64, 5, 42, 45, 43, 30, 32, 10, 47, 22, 28, 44, 17, 46, 18 ]
],
[ PermutationGroup<64 |  
\[ 2, 9, 8, 7, 10, 1, 11, 12, 27, 28, 29, 30, 16, 23, 3, 26, 20, 22, 4, 25, 5, 31, 32, 6, 33, 34, 43, 44, 55, 46, 56, 48, 37, 50, 39, 13, 41, 14, 52, 15, 54, 45, 47, 17, 49, 18, 51, 19, 36, 21, 57, 53, 24, 58, 63, 42, 60, 38, 35, 61, 62, 40, 64, 59 ],
\[ 14, 23, 35, 21, 3, 38, 5, 39, 32, 8, 10, 52, 57, 13, 59, 60, 46, 6, 50, 18, 15, 1, 16, 58, 22, 61, 48, 12, 28, 53, 2, 26, 31, 62, 33, 51, 56, 36, 37, 64, 42, 27, 19, 30, 43, 24, 4, 34, 47, 40, 7, 41, 54, 45, 44, 9, 11, 49, 25, 29, 55, 63, 17, 20 ],
\[ 18, 22, 21, 43, 4, 46, 47, 5, 31, 7, 51, 10, 38, 6, 50, 14, 55, 17, 27, 63, 19, 20, 1, 30, 64, 23, 56, 11, 57, 28, 25, 2, 59, 32, 15, 58, 35, 24, 3, 34, 39, 37, 42, 29, 41, 44, 45, 9, 54, 48, 49, 8, 12, 52, 60, 33, 36, 53, 40, 13, 16, 26, 61, 62 ]:
 Order := 64 > |
[ 2, 9, 8, 7, 10, 1, 11, 12, 27, 28, 29, 30, 16, 23, 3, 26, 20, 22, 4, 25, 5, 31, 32, 6, 33, 34, 43, 44, 55, 46, 56, 48, 37, 50, 39, 13, 41, 14, 52, 15, 54, 45, 47, 17, 49, 18, 51, 19, 36, 21, 57, 53, 24, 58, 63, 42, 60, 38, 35, 61, 62, 40, 64, 59 ],
[ 56, 42, 28, 57, 29, 31, 60, 44, 45, 55, 61, 17, 32, 9, 10, 48, 59, 33, 51, 35, 11, 37, 27, 22, 39, 19, 49, 63, 62, 20, 41, 43, 52, 4, 12, 23, 53, 2, 30, 5, 24, 58, 36, 64, 38, 25, 13, 47, 14, 7, 16, 46, 18, 6, 40, 54, 26, 1, 8, 34, 50, 21, 15, 3 ],
[ 54, 58, 63, 26, 62, 41, 34, 64, 38, 40, 50, 59, 43, 45, 55, 47, 8, 52, 16, 12, 61, 53, 49, 37, 30, 51, 14, 15, 21, 35, 24, 36, 46, 57, 17, 27, 18, 42, 20, 29, 22, 1, 23, 3, 2, 39, 32, 13, 9, 60, 48, 25, 33, 31, 5, 6, 19, 56, 44, 4, 7, 11, 10, 28 ]
],
[ PermutationGroup<64 |  
\[ 2, 9, 8, 7, 10, 1, 11, 12, 27, 28, 29, 30, 16, 23, 3, 26, 20, 22, 4, 25, 5, 31, 32, 6, 33, 34, 43, 44, 55, 46, 56, 48, 37, 50, 39, 13, 41, 14, 52, 15, 54, 45, 47, 17, 49, 18, 51, 19, 36, 21, 57, 53, 24, 58, 63, 42, 60, 38, 35, 61, 62, 40, 64, 59 ],
\[ 14, 23, 35, 21, 3, 38, 5, 39, 32, 8, 10, 52, 57, 13, 59, 60, 46, 6, 50, 18, 15, 1, 16, 58, 22, 61, 48, 12, 28, 53, 2, 26, 31, 62, 33, 51, 56, 36, 37, 64, 42, 27, 19, 30, 43, 24, 4, 34, 47, 40, 7, 41, 54, 45, 44, 9, 11, 49, 25, 29, 55, 63, 17, 20 ],
\[ 18, 22, 21, 43, 4, 46, 47, 5, 31, 7, 51, 10, 38, 6, 50, 14, 55, 17, 27, 63, 19, 20, 1, 30, 64, 23, 56, 11, 57, 28, 25, 2, 59, 32, 15, 58, 35, 24, 3, 34, 39, 37, 42, 29, 41, 44, 45, 9, 54, 48, 49, 8, 12, 52, 60, 33, 36, 53, 40, 13, 16, 26, 61, 62 ]:
 Order := 64 > |
[ 2, 9, 8, 7, 10, 1, 11, 12, 27, 28, 29, 30, 16, 23, 3, 26, 20, 22, 4, 25, 5, 31, 32, 6, 33, 34, 43, 44, 55, 46, 56, 48, 37, 50, 39, 13, 41, 14, 52, 15, 54, 45, 47, 17, 49, 18, 51, 19, 36, 21, 57, 53, 24, 58, 63, 42, 60, 38, 35, 61, 62, 40, 64, 59 ],
[ 19, 4, 24, 44, 46, 48, 17, 6, 7, 18, 20, 1, 40, 50, 53, 15, 56, 27, 28, 42, 30, 43, 21, 32, 45, 3, 11, 22, 25, 2, 47, 5, 49, 8, 58, 62, 36, 34, 38, 52, 13, 57, 29, 31, 60, 9, 55, 10, 61, 12, 63, 14, 23, 16, 33, 51, 64, 26, 54, 59, 35, 39, 37, 41 ],
[ 8, 12, 16, 1, 23, 3, 2, 26, 30, 32, 9, 34, 37, 39, 13, 41, 4, 5, 6, 7, 14, 10, 52, 15, 11, 54, 46, 48, 27, 50, 28, 53, 29, 58, 60, 33, 55, 35, 61, 36, 63, 17, 18, 19, 20, 21, 22, 24, 25, 38, 31, 62, 40, 64, 43, 44, 56, 59, 57, 42, 45, 49, 47, 51 ]
],
[ PermutationGroup<64 |  
\[ 2, 9, 8, 7, 10, 1, 11, 12, 27, 28, 29, 30, 16, 23, 3, 26, 20, 22, 4, 25, 5, 31, 32, 6, 33, 34, 43, 44, 55, 46, 56, 48, 37, 50, 39, 13, 41, 14, 52, 15, 54, 45, 47, 17, 49, 18, 51, 19, 36, 21, 57, 53, 24, 58, 63, 42, 60, 38, 35, 61, 62, 40, 64, 59 ],
\[ 14, 23, 35, 21, 3, 38, 5, 39, 32, 8, 10, 52, 57, 13, 59, 60, 46, 6, 50, 18, 15, 1, 16, 58, 22, 61, 48, 12, 28, 53, 2, 26, 31, 62, 33, 51, 56, 36, 37, 64, 42, 27, 19, 30, 43, 24, 4, 34, 47, 40, 7, 41, 54, 45, 44, 9, 11, 49, 25, 29, 55, 63, 17, 20 ],
\[ 18, 22, 21, 43, 4, 46, 47, 5, 31, 7, 51, 10, 38, 6, 50, 14, 55, 17, 27, 63, 19, 20, 1, 30, 64, 23, 56, 11, 57, 28, 25, 2, 59, 32, 15, 58, 35, 24, 3, 34, 39, 37, 42, 29, 41, 44, 45, 9, 54, 48, 49, 8, 12, 52, 60, 33, 36, 53, 40, 13, 16, 26, 61, 62 ]:
 Order := 64 > |
[ 2, 9, 8, 7, 10, 1, 11, 12, 27, 28, 29, 30, 16, 23, 3, 26, 20, 22, 4, 25, 5, 31, 32, 6, 33, 34, 43, 44, 55, 46, 56, 48, 37, 50, 39, 13, 41, 14, 52, 15, 54, 45, 47, 17, 49, 18, 51, 19, 36, 21, 57, 53, 24, 58, 63, 42, 60, 38, 35, 61, 62, 40, 64, 59 ],
[ 10, 28, 23, 22, 2, 5, 31, 32, 44, 9, 56, 48, 39, 8, 14, 52, 47, 7, 18, 51, 1, 11, 12, 21, 57, 53, 17, 27, 42, 19, 29, 30, 60, 24, 16, 35, 61, 3, 26, 38, 62, 63, 20, 43, 64, 4, 25, 46, 59, 6, 33, 34, 50, 40, 45, 55, 37, 15, 13, 41, 54, 58, 49, 36 ],
[ 50, 21, 58, 30, 24, 34, 46, 38, 5, 6, 18, 14, 64, 40, 54, 59, 9, 48, 12, 27, 53, 19, 15, 26, 43, 35, 10, 1, 22, 23, 4, 3, 47, 39, 49, 63, 51, 62, 36, 41, 57, 11, 28, 2, 29, 32, 44, 8, 55, 52, 17, 13, 16, 60, 31, 7, 20, 61, 45, 25, 33, 37, 56, 42 ]
],
[ PermutationGroup<64 |  
\[ 2, 9, 8, 7, 10, 1, 11, 12, 27, 28, 29, 30, 16, 23, 3, 26, 20, 22, 4, 25, 5, 31, 32, 6, 33, 34, 43, 44, 55, 46, 56, 48, 37, 50, 39, 13, 41, 14, 52, 15, 54, 45, 47, 17, 49, 18, 51, 19, 36, 21, 57, 53, 24, 58, 63, 42, 60, 38, 35, 61, 62, 40, 64, 59 ],
\[ 14, 23, 35, 21, 3, 38, 5, 39, 32, 8, 10, 52, 57, 13, 59, 60, 46, 6, 50, 18, 15, 1, 16, 58, 22, 61, 48, 12, 28, 53, 2, 26, 31, 62, 33, 51, 56, 36, 37, 64, 42, 27, 19, 30, 43, 24, 4, 34, 47, 40, 7, 41, 54, 45, 44, 9, 11, 49, 25, 29, 55, 63, 17, 20 ],
\[ 18, 22, 21, 43, 4, 46, 47, 5, 31, 7, 51, 10, 38, 6, 50, 14, 55, 17, 27, 63, 19, 20, 1, 30, 64, 23, 56, 11, 57, 28, 25, 2, 59, 32, 15, 58, 35, 24, 3, 34, 39, 37, 42, 29, 41, 44, 45, 9, 54, 48, 49, 8, 12, 52, 60, 33, 36, 53, 40, 13, 16, 26, 61, 62 ]:
 Order := 64 > |
[ 2, 9, 8, 7, 10, 1, 11, 12, 27, 28, 29, 30, 16, 23, 3, 26, 20, 22, 4, 25, 5, 31, 32, 6, 33, 34, 43, 44, 55, 46, 56, 48, 37, 50, 39, 13, 41, 14, 52, 15, 54, 45, 47, 17, 49, 18, 51, 19, 36, 21, 57, 53, 24, 58, 63, 42, 60, 38, 35, 61, 62, 40, 64, 59 ],
[ 46, 18, 50, 27, 19, 30, 43, 21, 22, 4, 47, 5, 58, 24, 34, 38, 29, 44, 9, 55, 48, 17, 6, 12, 63, 14, 31, 7, 51, 10, 20, 1, 64, 23, 40, 54, 59, 53, 15, 26, 35, 33, 56, 11, 37, 28, 42, 2, 41, 32, 45, 3, 8, 39, 57, 25, 49, 52, 62, 36, 13, 16, 60, 61 ],
[ 23, 32, 39, 5, 8, 14, 10, 52, 48, 12, 28, 53, 60, 16, 35, 61, 18, 1, 21, 22, 3, 2, 26, 38, 31, 62, 19, 30, 44, 24, 9, 34, 56, 40, 37, 57, 42, 13, 41, 59, 45, 43, 4, 46, 47, 6, 7, 50, 51, 15, 11, 54, 58, 49, 17, 27, 29, 36, 33, 55, 63, 64, 20, 25 ]
],
[ PermutationGroup<64 |  
\[ 2, 9, 8, 7, 10, 1, 11, 12, 27, 28, 29, 30, 16, 23, 3, 26, 20, 22, 4, 25, 5, 31, 32, 6, 33, 34, 43, 44, 55, 46, 56, 48, 37, 50, 39, 13, 41, 14, 52, 15, 54, 45, 47, 17, 49, 18, 51, 19, 36, 21, 57, 53, 24, 58, 63, 42, 60, 38, 35, 61, 62, 40, 64, 59 ],
\[ 14, 23, 35, 21, 3, 38, 5, 39, 32, 8, 10, 52, 57, 13, 59, 60, 46, 6, 50, 18, 15, 1, 16, 58, 22, 61, 48, 12, 28, 53, 2, 26, 31, 62, 33, 51, 56, 36, 37, 64, 42, 27, 19, 30, 43, 24, 4, 34, 47, 40, 7, 41, 54, 45, 44, 9, 11, 49, 25, 29, 55, 63, 17, 20 ],
\[ 18, 22, 21, 43, 4, 46, 47, 5, 31, 7, 51, 10, 38, 6, 50, 14, 55, 17, 27, 63, 19, 20, 1, 30, 64, 23, 56, 11, 57, 28, 25, 2, 59, 32, 15, 58, 35, 24, 3, 34, 39, 37, 42, 29, 41, 44, 45, 9, 54, 48, 49, 8, 12, 52, 60, 33, 36, 53, 40, 13, 16, 26, 61, 62 ]:
 Order := 64 > |
[ 2, 9, 8, 7, 10, 1, 11, 12, 27, 28, 29, 30, 16, 23, 3, 26, 20, 22, 4, 25, 5, 31, 32, 6, 33, 34, 43, 44, 55, 46, 56, 48, 37, 50, 39, 13, 41, 14, 52, 15, 54, 45, 47, 17, 49, 18, 51, 19, 36, 21, 57, 53, 24, 58, 63, 42, 60, 38, 35, 61, 62, 40, 64, 59 ],
[ 53, 24, 62, 32, 34, 52, 48, 40, 6, 50, 19, 15, 45, 54, 61, 49, 10, 12, 23, 28, 26, 30, 58, 39, 44, 36, 1, 21, 4, 3, 46, 38, 17, 13, 63, 42, 20, 41, 64, 60, 25, 22, 2, 5, 31, 8, 9, 14, 56, 16, 27, 59, 35, 33, 7, 18, 43, 37, 55, 47, 51, 57, 11, 29 ],
[ 9, 27, 12, 11, 28, 2, 29, 30, 43, 44, 55, 46, 26, 32, 8, 34, 25, 31, 7, 33, 10, 56, 48, 1, 37, 50, 47, 17, 63, 18, 42, 19, 41, 21, 52, 16, 54, 23, 53, 3, 58, 49, 51, 20, 36, 22, 57, 4, 13, 5, 60, 24, 6, 38, 64, 45, 61, 14, 39, 62, 40, 15, 59, 35 ]
],
[ PermutationGroup<64 |  
\[ 2, 9, 8, 7, 10, 1, 11, 12, 27, 28, 29, 30, 16, 23, 3, 26, 20, 22, 4, 25, 5, 31, 32, 6, 33, 34, 43, 44, 55, 46, 56, 48, 37, 50, 39, 13, 41, 14, 52, 15, 54, 45, 47, 17, 49, 18, 51, 19, 36, 21, 57, 53, 24, 58, 63, 42, 60, 38, 35, 61, 62, 40, 64, 59 ],
\[ 14, 23, 35, 21, 3, 38, 5, 39, 32, 8, 10, 52, 57, 13, 59, 60, 46, 6, 50, 18, 15, 1, 16, 58, 22, 61, 48, 12, 28, 53, 2, 26, 31, 62, 33, 51, 56, 36, 37, 64, 42, 27, 19, 30, 43, 24, 4, 34, 47, 40, 7, 41, 54, 45, 44, 9, 11, 49, 25, 29, 55, 63, 17, 20 ],
\[ 18, 22, 21, 43, 4, 46, 47, 5, 31, 7, 51, 10, 38, 6, 50, 14, 55, 17, 27, 63, 19, 20, 1, 30, 64, 23, 56, 11, 57, 28, 25, 2, 59, 32, 15, 58, 35, 24, 3, 34, 39, 37, 42, 29, 41, 44, 45, 9, 54, 48, 49, 8, 12, 52, 60, 33, 36, 53, 40, 13, 16, 26, 61, 62 ]:
 Order := 64 > |
[ 2, 9, 8, 7, 10, 1, 11, 12, 27, 28, 29, 30, 16, 23, 3, 26, 20, 22, 4, 25, 5, 31, 32, 6, 33, 34, 43, 44, 55, 46, 56, 48, 37, 50, 39, 13, 41, 14, 52, 15, 54, 45, 47, 17, 49, 18, 51, 19, 36, 21, 57, 53, 24, 58, 63, 42, 60, 38, 35, 61, 62, 40, 64, 59 ],
[ 14, 23, 35, 21, 3, 38, 5, 39, 32, 8, 10, 52, 57, 13, 59, 60, 46, 6, 50, 18, 15, 1, 16, 58, 22, 61, 48, 12, 28, 53, 2, 26, 31, 62, 33, 51, 56, 36, 37, 64, 42, 27, 19, 30, 43, 24, 4, 34, 47, 40, 7, 41, 54, 45, 44, 9, 11, 49, 25, 29, 55, 63, 17, 20 ],
[ 18, 22, 21, 43, 4, 46, 47, 5, 31, 7, 51, 10, 38, 6, 50, 14, 55, 17, 27, 63, 19, 20, 1, 30, 64, 23, 56, 11, 57, 28, 25, 2, 59, 32, 15, 58, 35, 24, 3, 34, 39, 37, 42, 29, 41, 44, 45, 9, 54, 48, 49, 8, 12, 52, 60, 33, 36, 53, 40, 13, 16, 26, 61, 62 ]
],
[ PermutationGroup<64 |  
\[ 2, 9, 8, 7, 10, 1, 11, 12, 27, 28, 29, 30, 16, 23, 3, 26, 20, 22, 4, 25, 5, 31, 32, 6, 33, 34, 43, 44, 55, 46, 56, 48, 37, 50, 39, 13, 41, 14, 52, 15, 54, 45, 47, 17, 49, 18, 51, 19, 36, 21, 57, 53, 24, 58, 63, 42, 60, 38, 35, 61, 62, 40, 64, 59 ],
\[ 14, 23, 35, 21, 3, 38, 5, 39, 32, 8, 10, 52, 57, 13, 59, 60, 46, 6, 50, 18, 15, 1, 16, 58, 22, 61, 48, 12, 28, 53, 2, 26, 31, 62, 33, 51, 56, 36, 37, 64, 42, 27, 19, 30, 43, 24, 4, 34, 47, 40, 7, 41, 54, 45, 44, 9, 11, 49, 25, 29, 55, 63, 17, 20 ],
\[ 18, 22, 21, 43, 4, 46, 47, 5, 31, 7, 51, 10, 38, 6, 50, 14, 55, 17, 27, 63, 19, 20, 1, 30, 64, 23, 56, 11, 57, 28, 25, 2, 59, 32, 15, 58, 35, 24, 3, 34, 39, 37, 42, 29, 41, 44, 45, 9, 54, 48, 49, 8, 12, 52, 60, 33, 36, 53, 40, 13, 16, 26, 61, 62 ]:
 Order := 64 > |
[ 2, 9, 8, 7, 10, 1, 11, 12, 27, 28, 29, 30, 16, 23, 3, 26, 20, 22, 4, 25, 5, 31, 32, 6, 33, 34, 43, 44, 55, 46, 56, 48, 37, 50, 39, 13, 41, 14, 52, 15, 54, 45, 47, 17, 49, 18, 51, 19, 36, 21, 57, 53, 24, 58, 63, 42, 60, 38, 35, 61, 62, 40, 64, 59 ],
[ 34, 50, 54, 12, 53, 26, 30, 58, 21, 24, 46, 38, 63, 62, 41, 64, 2, 32, 8, 9, 52, 48, 40, 16, 27, 59, 5, 6, 18, 14, 19, 15, 43, 35, 45, 55, 47, 61, 49, 37, 51, 7, 10, 1, 11, 23, 28, 3, 29, 39, 44, 36, 13, 57, 22, 4, 17, 60, 42, 20, 25, 33, 31, 56 ],
[ 28, 44, 32, 31, 9, 10, 56, 48, 17, 27, 42, 19, 52, 12, 23, 53, 51, 11, 22, 57, 2, 29, 30, 5, 60, 24, 20, 43, 45, 4, 55, 46, 61, 6, 26, 39, 62, 8, 34, 14, 40, 64, 25, 47, 59, 7, 33, 18, 35, 1, 37, 50, 21, 15, 49, 63, 41, 3, 16, 54, 58, 38, 36, 13 ]
],
[ PermutationGroup<64 |  
\[ 2, 9, 8, 7, 10, 1, 11, 12, 27, 28, 29, 30, 16, 23, 3, 26, 20, 22, 4, 25, 5, 31, 32, 6, 33, 34, 43, 44, 55, 46, 56, 48, 37, 50, 39, 13, 41, 14, 52, 15, 54, 45, 47, 17, 49, 18, 51, 19, 36, 21, 57, 53, 24, 58, 63, 42, 60, 38, 35, 61, 62, 40, 64, 59 ],
\[ 14, 23, 35, 21, 3, 38, 5, 39, 32, 8, 10, 52, 57, 13, 59, 60, 46, 6, 50, 18, 15, 1, 16, 58, 22, 61, 48, 12, 28, 53, 2, 26, 31, 62, 33, 51, 56, 36, 37, 64, 42, 27, 19, 30, 43, 24, 4, 34, 47, 40, 7, 41, 54, 45, 44, 9, 11, 49, 25, 29, 55, 63, 17, 20 ],
\[ 18, 22, 21, 43, 4, 46, 47, 5, 31, 7, 51, 10, 38, 6, 50, 14, 55, 17, 27, 63, 19, 20, 1, 30, 64, 23, 56, 11, 57, 28, 25, 2, 59, 32, 15, 58, 35, 24, 3, 34, 39, 37, 42, 29, 41, 44, 45, 9, 54, 48, 49, 8, 12, 52, 60, 33, 36, 53, 40, 13, 16, 26, 61, 62 ]:
 Order := 64 > |
[ 2, 9, 8, 7, 10, 1, 11, 12, 27, 28, 29, 30, 16, 23, 3, 26, 20, 22, 4, 25, 5, 31, 32, 6, 33, 34, 43, 44, 55, 46, 56, 48, 37, 50, 39, 13, 41, 14, 52, 15, 54, 45, 47, 17, 49, 18, 51, 19, 36, 21, 57, 53, 24, 58, 63, 42, 60, 38, 35, 61, 62, 40, 64, 59 ],
[ 36, 13, 25, 40, 59, 49, 15, 33, 16, 35, 3, 37, 7, 51, 20, 11, 53, 58, 62, 24, 64, 38, 57, 45, 6, 29, 26, 39, 8, 41, 14, 60, 1, 55, 22, 4, 2, 47, 31, 17, 9, 32, 34, 52, 48, 54, 50, 61, 19, 63, 21, 56, 42, 27, 12, 23, 5, 43, 18, 10, 28, 44, 30, 46 ],
[ 25, 33, 7, 49, 51, 20, 36, 11, 37, 57, 13, 29, 1, 22, 4, 2, 62, 64, 45, 40, 47, 59, 31, 17, 15, 9, 41, 60, 16, 55, 35, 56, 3, 27, 5, 6, 8, 18, 10, 19, 12, 52, 54, 61, 53, 63, 58, 42, 24, 43, 38, 28, 44, 30, 26, 39, 14, 46, 21, 23, 32, 48, 34, 50 ]
],
[ PermutationGroup<64 |  
\[ 2, 9, 8, 7, 10, 1, 11, 12, 27, 28, 29, 30, 16, 23, 3, 26, 20, 22, 4, 25, 5, 31, 32, 6, 33, 34, 43, 44, 55, 46, 56, 48, 37, 50, 39, 13, 41, 14, 52, 15, 54, 45, 47, 17, 49, 18, 51, 19, 36, 21, 57, 53, 24, 58, 63, 42, 60, 38, 35, 61, 62, 40, 64, 59 ],
\[ 14, 23, 35, 21, 3, 38, 5, 39, 32, 8, 10, 52, 57, 13, 59, 60, 46, 6, 50, 18, 15, 1, 16, 58, 22, 61, 48, 12, 28, 53, 2, 26, 31, 62, 33, 51, 56, 36, 37, 64, 42, 27, 19, 30, 43, 24, 4, 34, 47, 40, 7, 41, 54, 45, 44, 9, 11, 49, 25, 29, 55, 63, 17, 20 ],
\[ 18, 22, 21, 43, 4, 46, 47, 5, 31, 7, 51, 10, 38, 6, 50, 14, 55, 17, 27, 63, 19, 20, 1, 30, 64, 23, 56, 11, 57, 28, 25, 2, 59, 32, 15, 58, 35, 24, 3, 34, 39, 37, 42, 29, 41, 44, 45, 9, 54, 48, 49, 8, 12, 52, 60, 33, 36, 53, 40, 13, 16, 26, 61, 62 ]:
 Order := 64 > |
[ 2, 9, 8, 7, 10, 1, 11, 12, 27, 28, 29, 30, 16, 23, 3, 26, 20, 22, 4, 25, 5, 31, 32, 6, 33, 34, 43, 44, 55, 46, 56, 48, 37, 50, 39, 13, 41, 14, 52, 15, 54, 45, 47, 17, 49, 18, 51, 19, 36, 21, 57, 53, 24, 58, 63, 42, 60, 38, 35, 61, 62, 40, 64, 59 ],
[ 61, 62, 42, 39, 41, 60, 52, 45, 40, 54, 53, 49, 44, 55, 56, 17, 14, 16, 35, 23, 37, 26, 63, 57, 32, 20, 15, 58, 24, 36, 34, 64, 48, 25, 27, 28, 19, 29, 43, 31, 4, 21, 3, 38, 5, 13, 8, 59, 10, 33, 12, 47, 51, 7, 6, 50, 30, 11, 9, 46, 18, 22, 1, 2 ],
[ 55, 63, 27, 37, 42, 29, 41, 43, 64, 45, 54, 47, 30, 44, 9, 46, 13, 60, 33, 16, 56, 61, 17, 11, 26, 18, 59, 49, 58, 51, 62, 20, 34, 22, 48, 12, 50, 28, 19, 2, 21, 15, 35, 36, 3, 57, 39, 25, 8, 31, 52, 4, 7, 5, 38, 40, 53, 10, 32, 24, 6, 1, 14, 23 ]
],
[ PermutationGroup<64 |  
\[ 2, 9, 8, 7, 10, 1, 11, 12, 27, 28, 29, 30, 16, 23, 3, 26, 20, 22, 4, 25, 5, 31, 32, 6, 33, 34, 43, 44, 55, 46, 56, 48, 37, 50, 39, 13, 41, 14, 52, 15, 54, 45, 47, 17, 49, 18, 51, 19, 36, 21, 57, 53, 24, 58, 63, 42, 60, 38, 35, 61, 62, 40, 64, 59 ],
\[ 14, 23, 35, 21, 3, 38, 5, 39, 32, 8, 10, 52, 57, 13, 59, 60, 46, 6, 50, 18, 15, 1, 16, 58, 22, 61, 48, 12, 28, 53, 2, 26, 31, 62, 33, 51, 56, 36, 37, 64, 42, 27, 19, 30, 43, 24, 4, 34, 47, 40, 7, 41, 54, 45, 44, 9, 11, 49, 25, 29, 55, 63, 17, 20 ],
\[ 18, 22, 21, 43, 4, 46, 47, 5, 31, 7, 51, 10, 38, 6, 50, 14, 55, 17, 27, 63, 19, 20, 1, 30, 64, 23, 56, 11, 57, 28, 25, 2, 59, 32, 15, 58, 35, 24, 3, 34, 39, 37, 42, 29, 41, 44, 45, 9, 54, 48, 49, 8, 12, 52, 60, 33, 36, 53, 40, 13, 16, 26, 61, 62 ]:
 Order := 64 > |
[ 2, 9, 8, 7, 10, 1, 11, 12, 27, 28, 29, 30, 16, 23, 3, 26, 20, 22, 4, 25, 5, 31, 32, 6, 33, 34, 43, 44, 55, 46, 56, 48, 37, 50, 39, 13, 41, 14, 52, 15, 54, 45, 47, 17, 49, 18, 51, 19, 36, 21, 57, 53, 24, 58, 63, 42, 60, 38, 35, 61, 62, 40, 64, 59 ],
[ 47, 51, 18, 63, 20, 43, 64, 22, 57, 25, 59, 31, 21, 4, 46, 5, 41, 45, 55, 54, 17, 49, 7, 27, 58, 10, 60, 33, 35, 56, 36, 11, 38, 28, 6, 50, 14, 19, 1, 30, 23, 16, 61, 37, 26, 42, 62, 29, 34, 44, 40, 2, 9, 32, 39, 13, 15, 48, 24, 3, 8, 12, 52, 53 ],
[ 35, 39, 57, 38, 13, 59, 14, 60, 52, 16, 23, 61, 31, 33, 51, 56, 50, 15, 58, 21, 36, 3, 37, 64, 5, 42, 53, 26, 32, 62, 8, 41, 10, 45, 11, 22, 28, 25, 29, 47, 44, 30, 24, 34, 46, 40, 6, 54, 18, 49, 1, 55, 63, 17, 48, 12, 2, 20, 7, 9, 27, 43, 19, 4 ]
],
[ PermutationGroup<64 |  
\[ 2, 9, 8, 7, 10, 1, 11, 12, 27, 28, 29, 30, 16, 23, 3, 26, 20, 22, 4, 25, 5, 31, 32, 6, 33, 34, 43, 44, 55, 46, 56, 48, 37, 50, 39, 13, 41, 14, 52, 15, 54, 45, 47, 17, 49, 18, 51, 19, 36, 21, 57, 53, 24, 58, 63, 42, 60, 38, 35, 61, 62, 40, 64, 59 ],
\[ 14, 23, 35, 21, 3, 38, 5, 39, 32, 8, 10, 52, 57, 13, 59, 60, 46, 6, 50, 18, 15, 1, 16, 58, 22, 61, 48, 12, 28, 53, 2, 26, 31, 62, 33, 51, 56, 36, 37, 64, 42, 27, 19, 30, 43, 24, 4, 34, 47, 40, 7, 41, 54, 45, 44, 9, 11, 49, 25, 29, 55, 63, 17, 20 ],
\[ 18, 22, 21, 43, 4, 46, 47, 5, 31, 7, 51, 10, 38, 6, 50, 14, 55, 17, 27, 63, 19, 20, 1, 30, 64, 23, 56, 11, 57, 28, 25, 2, 59, 32, 15, 58, 35, 24, 3, 34, 39, 37, 42, 29, 41, 44, 45, 9, 54, 48, 49, 8, 12, 52, 60, 33, 36, 53, 40, 13, 16, 26, 61, 62 ]:
 Order := 64 > |
[ 2, 9, 8, 7, 10, 1, 11, 12, 27, 28, 29, 30, 16, 23, 3, 26, 20, 22, 4, 25, 5, 31, 32, 6, 33, 34, 43, 44, 55, 46, 56, 48, 37, 50, 39, 13, 41, 14, 52, 15, 54, 45, 47, 17, 49, 18, 51, 19, 36, 21, 57, 53, 24, 58, 63, 42, 60, 38, 35, 61, 62, 40, 64, 59 ],
[ 29, 55, 9, 33, 56, 11, 37, 27, 63, 42, 41, 43, 12, 28, 2, 30, 36, 57, 25, 13, 31, 60, 44, 7, 16, 46, 64, 45, 54, 47, 61, 17, 26, 18, 32, 8, 34, 10, 48, 1, 50, 40, 59, 49, 15, 51, 35, 20, 3, 22, 39, 19, 4, 21, 58, 62, 52, 5, 23, 53, 24, 6, 38, 14 ],
[ 62, 40, 45, 52, 54, 61, 53, 49, 15, 58, 24, 36, 17, 63, 42, 20, 23, 26, 39, 32, 41, 34, 64, 60, 48, 25, 3, 38, 6, 13, 50, 59, 19, 33, 43, 44, 4, 55, 47, 56, 7, 5, 8, 14, 10, 16, 12, 35, 28, 37, 30, 51, 57, 11, 1, 21, 46, 29, 27, 18, 22, 31, 2, 9 ]
]
];
s`SolvableDBPointedPassport := [ PowerSequence(PermutationGroup<64 |  
\[ 2, 3, 4, 5, 6, 7, 8, 9, 10, 11, 12, 13, 14, 15, 16, 17, 18, 19, 20, 21, 22, 23, 24, 25, 26, 27, 28, 29, 30, 31, 32, 33, 34, 35, 36, 37, 38, 39, 40, 41, 42, 43, 44, 45, 46, 47, 48, 49, 50, 51, 52, 53, 54, 55, 56, 57, 58, 59, 60, 61, 62, 63, 64, 1 ],
\[ 2, 1, 3, 4, 5, 6, 7, 8, 9, 10, 11, 12, 13, 14, 15, 16, 17, 18, 19, 20, 21, 22, 23, 24, 25, 26, 27, 28, 29, 30, 31, 32, 33, 34, 35, 36, 37, 38, 39, 40, 41, 42, 43, 44, 45, 46, 47, 48, 49, 50, 51, 52, 53, 54, 55, 56, 57, 58, 59, 60, 61, 62, 63, 64 ]:
 Order := 126886932185884164103433389335161480802865516174545192198801894375214704230400000000000000 >) |
[ PermutationGroup<64 |  
\[ 2, 3, 4, 5, 6, 7, 8, 9, 10, 11, 12, 13, 14, 15, 16, 17, 18, 19, 20, 21, 22, 23, 24, 25, 26, 27, 28, 29, 30, 31, 32, 33, 34, 35, 36, 37, 38, 39, 40, 41, 42, 43, 44, 45, 46, 47, 48, 49, 50, 51, 52, 53, 54, 55, 56, 57, 58, 59, 60, 61, 62, 63, 64, 1 ],
\[ 2, 1, 3, 4, 5, 6, 7, 8, 9, 10, 11, 12, 13, 14, 15, 16, 17, 18, 19, 20, 21, 22, 23, 24, 25, 26, 27, 28, 29, 30, 31, 32, 33, 34, 35, 36, 37, 38, 39, 40, 41, 42, 43, 44, 45, 46, 47, 48, 49, 50, 51, 52, 53, 54, 55, 56, 57, 58, 59, 60, 61, 62, 63, 64 ]:
 Order := 126886932185884164103433389335161480802865516174545192198801894375214704230400000000000000 > |
[ 2, 9, 8, 7, 10, 1, 11, 12, 27, 28, 29, 30, 16, 23, 3, 26, 20, 22, 4, 25, 5, 31, 32, 6, 33, 34, 43, 44, 55, 46, 56, 48, 37, 50, 39, 13, 41, 14, 52, 15, 54, 45, 47, 17, 49, 18, 51, 19, 36, 21, 57, 53, 24, 58, 63, 42, 60, 38, 35, 61, 62, 40, 64, 59 ],
[ 2, 9, 8, 7, 10, 1, 11, 12, 27, 28, 29, 30, 16, 23, 3, 26, 20, 22, 4, 25, 5, 31, 32, 6, 33, 34, 43, 44, 55, 46, 56, 48, 37, 50, 39, 13, 41, 14, 52, 15, 54, 45, 47, 17, 49, 18, 51, 19, 36, 21, 57, 53, 24, 58, 63, 42, 60, 38, 35, 61, 62, 40, 64, 59 ],
[ 24, 6, 40, 48, 50, 53, 19, 15, 1, 21, 4, 3, 49, 58, 62, 36, 28, 30, 32, 44, 34, 46, 38, 52, 17, 13, 2, 5, 7, 8, 18, 14, 20, 16, 64, 45, 25, 54, 59, 61, 33, 31, 9, 10, 56, 12, 27, 23, 42, 26, 43, 35, 39, 37, 11, 22, 47, 41, 63, 51, 57, 60, 29, 55 ]
],
[ PermutationGroup<64 |  
\[ 2, 3, 4, 5, 6, 7, 8, 9, 10, 11, 12, 13, 14, 15, 16, 17, 18, 19, 20, 21, 22, 23, 24, 25, 26, 27, 28, 29, 30, 31, 32, 33, 34, 35, 36, 37, 38, 39, 40, 41, 42, 43, 44, 45, 46, 47, 48, 49, 50, 51, 52, 53, 54, 55, 56, 57, 58, 59, 60, 61, 62, 63, 64, 1 ],
\[ 2, 1, 3, 4, 5, 6, 7, 8, 9, 10, 11, 12, 13, 14, 15, 16, 17, 18, 19, 20, 21, 22, 23, 24, 25, 26, 27, 28, 29, 30, 31, 32, 33, 34, 35, 36, 37, 38, 39, 40, 41, 42, 43, 44, 45, 46, 47, 48, 49, 50, 51, 52, 53, 54, 55, 56, 57, 58, 59, 60, 61, 62, 63, 64 ]:
 Order := 126886932185884164103433389335161480802865516174545192198801894375214704230400000000000000 > |
[ 2, 9, 8, 7, 10, 1, 11, 12, 27, 28, 29, 30, 16, 23, 3, 26, 20, 22, 4, 25, 5, 31, 32, 6, 33, 34, 43, 44, 55, 46, 56, 48, 37, 50, 39, 13, 41, 14, 52, 15, 54, 45, 47, 17, 49, 18, 51, 19, 36, 21, 57, 53, 24, 58, 63, 42, 60, 38, 35, 61, 62, 40, 64, 59 ],
[ 3, 8, 13, 6, 14, 15, 1, 16, 12, 23, 2, 26, 33, 35, 36, 37, 19, 21, 24, 4, 38, 5, 39, 40, 7, 41, 30, 32, 9, 34, 10, 52, 11, 54, 57, 25, 29, 59, 60, 49, 55, 44, 46, 48, 17, 50, 18, 53, 20, 58, 22, 61, 62, 63, 27, 28, 31, 64, 51, 56, 42, 45, 43, 47 ],
[ 4, 7, 6, 17, 18, 19, 20, 1, 11, 22, 25, 2, 15, 21, 24, 3, 42, 43, 44, 45, 46, 47, 5, 48, 49, 8, 29, 31, 33, 9, 51, 10, 36, 12, 38, 40, 13, 50, 14, 53, 16, 60, 55, 56, 61, 27, 63, 28, 62, 30, 64, 23, 32, 26, 37, 57, 59, 34, 58, 35, 39, 52, 41, 54 ]
],
[ PermutationGroup<64 |  
\[ 2, 3, 4, 5, 6, 7, 8, 9, 10, 11, 12, 13, 14, 15, 16, 17, 18, 19, 20, 21, 22, 23, 24, 25, 26, 27, 28, 29, 30, 31, 32, 33, 34, 35, 36, 37, 38, 39, 40, 41, 42, 43, 44, 45, 46, 47, 48, 49, 50, 51, 52, 53, 54, 55, 56, 57, 58, 59, 60, 61, 62, 63, 64, 1 ],
\[ 2, 1, 3, 4, 5, 6, 7, 8, 9, 10, 11, 12, 13, 14, 15, 16, 17, 18, 19, 20, 21, 22, 23, 24, 25, 26, 27, 28, 29, 30, 31, 32, 33, 34, 35, 36, 37, 38, 39, 40, 41, 42, 43, 44, 45, 46, 47, 48, 49, 50, 51, 52, 53, 54, 55, 56, 57, 58, 59, 60, 61, 62, 63, 64 ]:
 Order := 126886932185884164103433389335161480802865516174545192198801894375214704230400000000000000 > |
[ 2, 9, 8, 7, 10, 1, 11, 12, 27, 28, 29, 30, 16, 23, 3, 26, 20, 22, 4, 25, 5, 31, 32, 6, 33, 34, 43, 44, 55, 46, 56, 48, 37, 50, 39, 13, 41, 14, 52, 15, 54, 45, 47, 17, 49, 18, 51, 19, 36, 21, 57, 53, 24, 58, 63, 42, 60, 38, 35, 61, 62, 40, 64, 59 ],
[ 59, 35, 51, 58, 36, 64, 38, 57, 39, 13, 14, 60, 22, 25, 47, 31, 34, 40, 54, 50, 49, 15, 33, 63, 21, 56, 52, 16, 23, 61, 3, 37, 5, 42, 7, 18, 10, 20, 11, 43, 28, 12, 53, 26, 30, 62, 24, 41, 46, 45, 6, 29, 55, 44, 32, 8, 1, 17, 4, 2, 9, 27, 48, 19 ],
[ 51, 57, 22, 64, 25, 47, 59, 31, 60, 33, 35, 56, 5, 7, 18, 10, 54, 49, 63, 58, 20, 36, 11, 43, 38, 28, 61, 37, 39, 42, 13, 29, 14, 44, 1, 21, 23, 4, 2, 46, 32, 26, 62, 41, 34, 45, 40, 55, 50, 17, 15, 9, 27, 48, 52, 16, 3, 19, 6, 8, 12, 30, 53, 24 ]
],
[ PermutationGroup<64 |  
\[ 2, 3, 4, 5, 6, 7, 8, 9, 10, 11, 12, 13, 14, 15, 16, 17, 18, 19, 20, 21, 22, 23, 24, 25, 26, 27, 28, 29, 30, 31, 32, 33, 34, 35, 36, 37, 38, 39, 40, 41, 42, 43, 44, 45, 46, 47, 48, 49, 50, 51, 52, 53, 54, 55, 56, 57, 58, 59, 60, 61, 62, 63, 64, 1 ],
\[ 2, 1, 3, 4, 5, 6, 7, 8, 9, 10, 11, 12, 13, 14, 15, 16, 17, 18, 19, 20, 21, 22, 23, 24, 25, 26, 27, 28, 29, 30, 31, 32, 33, 34, 35, 36, 37, 38, 39, 40, 41, 42, 43, 44, 45, 46, 47, 48, 49, 50, 51, 52, 53, 54, 55, 56, 57, 58, 59, 60, 61, 62, 63, 64 ]:
 Order := 126886932185884164103433389335161480802865516174545192198801894375214704230400000000000000 > |
[ 2, 9, 8, 7, 10, 1, 11, 12, 27, 28, 29, 30, 16, 23, 3, 26, 20, 22, 4, 25, 5, 31, 32, 6, 33, 34, 43, 44, 55, 46, 56, 48, 37, 50, 39, 13, 41, 14, 52, 15, 54, 45, 47, 17, 49, 18, 51, 19, 36, 21, 57, 53, 24, 58, 63, 42, 60, 38, 35, 61, 62, 40, 64, 59 ],
[ 41, 54, 55, 16, 61, 37, 26, 63, 58, 62, 34, 64, 27, 42, 29, 43, 3, 39, 13, 8, 60, 52, 45, 33, 12, 47, 38, 40, 50, 59, 53, 49, 30, 51, 44, 9, 46, 56, 17, 11, 18, 6, 14, 15, 1, 35, 23, 36, 2, 57, 32, 20, 25, 22, 21, 24, 48, 31, 28, 19, 4, 7, 5, 10 ],
[ 42, 45, 44, 60, 55, 56, 61, 17, 49, 63, 62, 20, 48, 27, 28, 19, 35, 37, 57, 39, 29, 41, 43, 31, 52, 4, 36, 64, 40, 25, 54, 47, 53, 7, 30, 32, 24, 9, 46, 10, 6, 38, 13, 59, 14, 33, 16, 51, 23, 11, 26, 18, 22, 1, 15, 58, 34, 2, 12, 50, 21, 5, 3, 8 ]
],
[ PermutationGroup<64 |  
\[ 2, 3, 4, 5, 6, 7, 8, 9, 10, 11, 12, 13, 14, 15, 16, 17, 18, 19, 20, 21, 22, 23, 24, 25, 26, 27, 28, 29, 30, 31, 32, 33, 34, 35, 36, 37, 38, 39, 40, 41, 42, 43, 44, 45, 46, 47, 48, 49, 50, 51, 52, 53, 54, 55, 56, 57, 58, 59, 60, 61, 62, 63, 64, 1 ],
\[ 2, 1, 3, 4, 5, 6, 7, 8, 9, 10, 11, 12, 13, 14, 15, 16, 17, 18, 19, 20, 21, 22, 23, 24, 25, 26, 27, 28, 29, 30, 31, 32, 33, 34, 35, 36, 37, 38, 39, 40, 41, 42, 43, 44, 45, 46, 47, 48, 49, 50, 51, 52, 53, 54, 55, 56, 57, 58, 59, 60, 61, 62, 63, 64 ]:
 Order := 126886932185884164103433389335161480802865516174545192198801894375214704230400000000000000 > |
[ 2, 9, 8, 7, 10, 1, 11, 12, 27, 28, 29, 30, 16, 23, 3, 26, 20, 22, 4, 25, 5, 31, 32, 6, 33, 34, 43, 44, 55, 46, 56, 48, 37, 50, 39, 13, 41, 14, 52, 15, 54, 45, 47, 17, 49, 18, 51, 19, 36, 21, 57, 53, 24, 58, 63, 42, 60, 38, 35, 61, 62, 40, 64, 59 ],
[ 20, 25, 4, 45, 47, 17, 49, 7, 33, 51, 36, 11, 6, 18, 19, 1, 61, 63, 42, 62, 43, 64, 22, 44, 40, 2, 37, 57, 13, 29, 59, 31, 15, 9, 21, 24, 3, 46, 5, 48, 8, 39, 41, 60, 52, 55, 54, 56, 53, 27, 58, 10, 28, 12, 16, 35, 38, 30, 50, 14, 23, 32, 26, 34 ],
[ 13, 16, 33, 15, 35, 36, 3, 37, 26, 39, 8, 41, 11, 57, 25, 29, 24, 38, 40, 6, 59, 14, 60, 49, 1, 55, 34, 52, 12, 54, 23, 61, 2, 63, 31, 7, 9, 51, 56, 20, 27, 48, 50, 53, 19, 58, 21, 62, 4, 64, 5, 42, 45, 43, 30, 32, 10, 47, 22, 28, 44, 17, 46, 18 ]
],
[ PermutationGroup<64 |  
\[ 2, 3, 4, 5, 6, 7, 8, 9, 10, 11, 12, 13, 14, 15, 16, 17, 18, 19, 20, 21, 22, 23, 24, 25, 26, 27, 28, 29, 30, 31, 32, 33, 34, 35, 36, 37, 38, 39, 40, 41, 42, 43, 44, 45, 46, 47, 48, 49, 50, 51, 52, 53, 54, 55, 56, 57, 58, 59, 60, 61, 62, 63, 64, 1 ],
\[ 2, 1, 3, 4, 5, 6, 7, 8, 9, 10, 11, 12, 13, 14, 15, 16, 17, 18, 19, 20, 21, 22, 23, 24, 25, 26, 27, 28, 29, 30, 31, 32, 33, 34, 35, 36, 37, 38, 39, 40, 41, 42, 43, 44, 45, 46, 47, 48, 49, 50, 51, 52, 53, 54, 55, 56, 57, 58, 59, 60, 61, 62, 63, 64 ]:
 Order := 126886932185884164103433389335161480802865516174545192198801894375214704230400000000000000 > |
[ 2, 9, 8, 7, 10, 1, 11, 12, 27, 28, 29, 30, 16, 23, 3, 26, 20, 22, 4, 25, 5, 31, 32, 6, 33, 34, 43, 44, 55, 46, 56, 48, 37, 50, 39, 13, 41, 14, 52, 15, 54, 45, 47, 17, 49, 18, 51, 19, 36, 21, 57, 53, 24, 58, 63, 42, 60, 38, 35, 61, 62, 40, 64, 59 ],
[ 56, 42, 28, 57, 29, 31, 60, 44, 45, 55, 61, 17, 32, 9, 10, 48, 59, 33, 51, 35, 11, 37, 27, 22, 39, 19, 49, 63, 62, 20, 41, 43, 52, 4, 12, 23, 53, 2, 30, 5, 24, 58, 36, 64, 38, 25, 13, 47, 14, 7, 16, 46, 18, 6, 40, 54, 26, 1, 8, 34, 50, 21, 15, 3 ],
[ 54, 58, 63, 26, 62, 41, 34, 64, 38, 40, 50, 59, 43, 45, 55, 47, 8, 52, 16, 12, 61, 53, 49, 37, 30, 51, 14, 15, 21, 35, 24, 36, 46, 57, 17, 27, 18, 42, 20, 29, 22, 1, 23, 3, 2, 39, 32, 13, 9, 60, 48, 25, 33, 31, 5, 6, 19, 56, 44, 4, 7, 11, 10, 28 ]
],
[ PermutationGroup<64 |  
\[ 2, 3, 4, 5, 6, 7, 8, 9, 10, 11, 12, 13, 14, 15, 16, 17, 18, 19, 20, 21, 22, 23, 24, 25, 26, 27, 28, 29, 30, 31, 32, 33, 34, 35, 36, 37, 38, 39, 40, 41, 42, 43, 44, 45, 46, 47, 48, 49, 50, 51, 52, 53, 54, 55, 56, 57, 58, 59, 60, 61, 62, 63, 64, 1 ],
