s := SolvableDBInitialize();

/*
Magma printing
*/

s`SolvableDBName := "64S1-64,32,64-g31-path2";
s`SolvableDBFilename := "64S1-64,32,64-g31-path2.m";
s`SolvableDBPassportName := "64S1-64,32,64-g31";
s`SolvableDBPathNumber := 2;
s`SolvableDBDegree := 64;
s`SolvableDBOrders := \[ 64, 32, 64 ];
s`SolvableDBType := "Hyperbolic";
s`SolvableDBGenus := 31;
s`SolvableDBGaloisOrbitSize := 2;
s`SolvableDBPassportSize := 16;
s`SolvableDBPointedPassportSize := 16;
s`SolvableDBLevel := 6;
s`SolvableDBBlocks := {@ PowerSet(IntegerRing()) |
{ IntegerRing() | 1, 5 },
{ IntegerRing() | 2, 10 },
{ IntegerRing() | 3, 14 },
{ IntegerRing() | 4, 18 },
{ IntegerRing() | 6, 21 },
{ IntegerRing() | 7, 22 },
{ IntegerRing() | 8, 23 },
{ IntegerRing() | 9, 28 },
{ IntegerRing() | 11, 31 },
{ IntegerRing() | 12, 32 },
{ IntegerRing() | 13, 35 },
{ IntegerRing() | 15, 37 },
{ IntegerRing() | 16, 38 },
{ IntegerRing() | 17, 40 },
{ IntegerRing() | 19, 42 },
{ IntegerRing() | 20, 43 },
{ IntegerRing() | 24, 45 },
{ IntegerRing() | 25, 46 },
{ IntegerRing() | 26, 47 },
{ IntegerRing() | 27, 50 },
{ IntegerRing() | 29, 53 },
{ IntegerRing() | 30, 54 },
{ IntegerRing() | 33, 57 },
{ IntegerRing() | 34, 58 },
{ IntegerRing() | 36, 59 },
{ IntegerRing() | 39, 49 },
{ IntegerRing() | 41, 61 },
{ IntegerRing() | 44, 63 },
{ IntegerRing() | 48, 51 },
{ IntegerRing() | 52, 60 },
{ IntegerRing() | 55, 64 },
{ IntegerRing() | 56, 62 }
@};
s`SolvableDBIsRamifiedAtEveryLevel := true;
s`SolvableDBGaloisOrbit := [ PowerSequence(PermutationGroup<64 |  
\[ 2, 3, 4, 5, 6, 7, 8, 9, 10, 11, 12, 13, 14, 15, 16, 17, 18, 19, 20, 21, 22, 23, 24, 25, 26, 27, 28, 29, 30, 31, 32, 33, 34, 35, 36, 37, 38, 39, 40, 41, 42, 43, 44, 45, 46, 47, 48, 49, 50, 51, 52, 53, 54, 55, 56, 57, 58, 59, 60, 61, 62, 63, 64, 1 ],
\[ 2, 1, 3, 4, 5, 6, 7, 8, 9, 10, 11, 12, 13, 14, 15, 16, 17, 18, 19, 20, 21, 22, 23, 24, 25, 26, 27, 28, 29, 30, 31, 32, 33, 34, 35, 36, 37, 38, 39, 40, 41, 42, 43, 44, 45, 46, 47, 48, 49, 50, 51, 52, 53, 54, 55, 56, 57, 58, 59, 60, 61, 62, 63, 64 ]:
 Order := 126886932185884164103433389335161480802865516174545192198801894375214704230400000000000000 >) |
[ PermutationGroup<64 |  
\[ 2, 3, 4, 5, 6, 7, 8, 9, 10, 11, 12, 13, 14, 15, 16, 17, 18, 19, 20, 21, 22, 23, 24, 25, 26, 27, 28, 29, 30, 31, 32, 33, 34, 35, 36, 37, 38, 39, 40, 41, 42, 43, 44, 45, 46, 47, 48, 49, 50, 51, 52, 53, 54, 55, 56, 57, 58, 59, 60, 61, 62, 63, 64, 1 ],
\[ 2, 1, 3, 4, 5, 6, 7, 8, 9, 10, 11, 12, 13, 14, 15, 16, 17, 18, 19, 20, 21, 22, 23, 24, 25, 26, 27, 28, 29, 30, 31, 32, 33, 34, 35, 36, 37, 38, 39, 40, 41, 42, 43, 44, 45, 46, 47, 48, 49, 50, 51, 52, 53, 54, 55, 56, 57, 58, 59, 60, 61, 62, 63, 64 ]:
 Order := 126886932185884164103433389335161480802865516174545192198801894375214704230400000000000000 > |
[ 2, 9, 8, 7, 10, 1, 11, 12, 27, 28, 29, 30, 16, 23, 3, 26, 20, 22, 4, 25, 5, 31, 32, 6, 33, 34, 49, 50, 51, 52, 53, 54, 55, 56, 38, 13, 14, 47, 15, 43, 17, 18, 46, 19, 21, 57, 58, 24, 37, 39, 45, 59, 48, 60, 63, 61, 64, 62, 35, 36, 40, 41, 42, 44 ],
[ 3, 8, 13, 6, 14, 15, 1, 16, 12, 23, 2, 26, 17, 35, 36, 20, 19, 21, 24, 4, 37, 5, 38, 39, 7, 25, 30, 32, 9, 34, 10, 47, 11, 33, 40, 41, 59, 43, 60, 42, 44, 45, 18, 48, 49, 22, 46, 50, 52, 54, 27, 56, 28, 58, 29, 55, 31, 57, 61, 62, 63, 64, 51, 53 ],
[ 4, 7, 6, 17, 18, 19, 20, 1, 11, 22, 25, 2, 15, 21, 24, 3, 36, 40, 41, 13, 42, 43, 5, 44, 16, 8, 29, 31, 33, 9, 46, 10, 26, 12, 37, 39, 45, 14, 48, 59, 60, 61, 35, 62, 63, 38, 23, 64, 51, 53, 55, 27, 57, 28, 34, 30, 47, 32, 49, 50, 52, 54, 56, 58 ]
],
[ PermutationGroup<64 |  
\[ 2, 3, 4, 5, 6, 7, 8, 9, 10, 11, 12, 13, 14, 15, 16, 17, 18, 19, 20, 21, 22, 23, 24, 25, 26, 27, 28, 29, 30, 31, 32, 33, 34, 35, 36, 37, 38, 39, 40, 41, 42, 43, 44, 45, 46, 47, 48, 49, 50, 51, 52, 53, 54, 55, 56, 57, 58, 59, 60, 61, 62, 63, 64, 1 ],
\[ 2, 1, 3, 4, 5, 6, 7, 8, 9, 10, 11, 12, 13, 14, 15, 16, 17, 18, 19, 20, 21, 22, 23, 24, 25, 26, 27, 28, 29, 30, 31, 32, 33, 34, 35, 36, 37, 38, 39, 40, 41, 42, 43, 44, 45, 46, 47, 48, 49, 50, 51, 52, 53, 54, 55, 56, 57, 58, 59, 60, 61, 62, 63, 64 ]:
 Order := 126886932185884164103433389335161480802865516174545192198801894375214704230400000000000000 > |
[ 2, 9, 8, 7, 10, 1, 11, 12, 27, 28, 29, 30, 16, 23, 3, 26, 20, 22, 4, 25, 5, 31, 32, 6, 33, 34, 49, 50, 51, 52, 53, 54, 55, 56, 38, 13, 14, 47, 15, 43, 17, 18, 46, 19, 21, 57, 58, 24, 37, 39, 45, 59, 48, 60, 63, 61, 64, 62, 35, 36, 40, 41, 42, 44 ],
[ 14, 23, 35, 21, 3, 37, 5, 38, 32, 8, 10, 47, 40, 13, 59, 43, 42, 6, 45, 18, 15, 1, 16, 49, 22, 46, 54, 12, 28, 58, 2, 26, 31, 57, 17, 61, 36, 20, 52, 19, 63, 24, 4, 51, 39, 7, 25, 27, 60, 30, 50, 62, 9, 34, 53, 64, 11, 33, 41, 56, 44, 55, 48, 29 ],
[ 18, 22, 21, 40, 4, 42, 43, 5, 31, 7, 46, 10, 37, 6, 45, 14, 59, 17, 61, 35, 19, 20, 1, 63, 38, 23, 53, 11, 57, 28, 25, 2, 47, 32, 15, 49, 24, 3, 51, 36, 52, 41, 13, 56, 44, 16, 8, 55, 48, 29, 64, 50, 33, 9, 58, 54, 26, 12, 39, 27, 60, 30, 62, 34 ]
]
];
s`SolvableDBPassport := [ PowerSequence(PermutationGroup<64 |  
\[ 2, 9, 8, 7, 10, 1, 11, 12, 27, 28, 29, 30, 16, 23, 3, 26, 20, 22, 4, 25, 5, 31, 32, 6, 33, 34, 49, 50, 51, 52, 53, 54, 55, 56, 38, 13, 14, 47, 15, 43, 17, 18, 46, 19, 21, 57, 58, 24, 37, 39, 45, 59, 48, 60, 63, 61, 64, 62, 35, 36, 40, 41, 42, 44 ],
\[ 14, 23, 35, 21, 3, 37, 5, 38, 32, 8, 10, 47, 40, 13, 59, 43, 42, 6, 45, 18, 15, 1, 16, 49, 22, 46, 54, 12, 28, 58, 2, 26, 31, 57, 17, 61, 36, 20, 52, 19, 63, 24, 4, 51, 39, 7, 25, 27, 60, 30, 50, 62, 9, 34, 53, 64, 11, 33, 41, 56, 44, 55, 48, 29 ],
\[ 18, 22, 21, 40, 4, 42, 43, 5, 31, 7, 46, 10, 37, 6, 45, 14, 59, 17, 61, 35, 19, 20, 1, 63, 38, 23, 53, 11, 57, 28, 25, 2, 47, 32, 15, 49, 24, 3, 51, 36, 52, 41, 13, 56, 44, 16, 8, 55, 48, 29, 64, 50, 33, 9, 58, 54, 26, 12, 39, 27, 60, 30, 62, 34 ]:
 Order := 64 >) |
[ PermutationGroup<64 |  
\[ 2, 9, 8, 7, 10, 1, 11, 12, 27, 28, 29, 30, 16, 23, 3, 26, 20, 22, 4, 25, 5, 31, 32, 6, 33, 34, 49, 50, 51, 52, 53, 54, 55, 56, 38, 13, 14, 47, 15, 43, 17, 18, 46, 19, 21, 57, 58, 24, 37, 39, 45, 59, 48, 60, 63, 61, 64, 62, 35, 36, 40, 41, 42, 44 ],
\[ 14, 23, 35, 21, 3, 37, 5, 38, 32, 8, 10, 47, 40, 13, 59, 43, 42, 6, 45, 18, 15, 1, 16, 49, 22, 46, 54, 12, 28, 58, 2, 26, 31, 57, 17, 61, 36, 20, 52, 19, 63, 24, 4, 51, 39, 7, 25, 27, 60, 30, 50, 62, 9, 34, 53, 64, 11, 33, 41, 56, 44, 55, 48, 29 ],
\[ 18, 22, 21, 40, 4, 42, 43, 5, 31, 7, 46, 10, 37, 6, 45, 14, 59, 17, 61, 35, 19, 20, 1, 63, 38, 23, 53, 11, 57, 28, 25, 2, 47, 32, 15, 49, 24, 3, 51, 36, 52, 41, 13, 56, 44, 16, 8, 55, 48, 29, 64, 50, 33, 9, 58, 54, 26, 12, 39, 27, 60, 30, 62, 34 ]:
 Order := 64 > |
[ 6, 1, 15, 19, 21, 24, 4, 3, 2, 5, 7, 8, 36, 37, 39, 13, 41, 42, 44, 17, 45, 18, 14, 48, 20, 16, 9, 10, 11, 12, 22, 23, 25, 26, 59, 60, 49, 35, 50, 61, 62, 63, 40, 64, 51, 43, 38, 53, 27, 28, 29, 30, 31, 32, 33, 34, 46, 47, 52, 54, 56, 58, 55, 57 ],
[ 9, 27, 12, 11, 28, 2, 29, 30, 49, 50, 51, 52, 26, 32, 8, 34, 25, 31, 7, 33, 10, 53, 54, 1, 55, 56, 37, 39, 45, 59, 48, 60, 63, 61, 47, 16, 23, 58, 3, 46, 20, 22, 57, 4, 5, 64, 62, 6, 14, 15, 21, 35, 24, 36, 42, 40, 44, 41, 38, 13, 43, 17, 18, 19 ],
[ 6, 1, 15, 19, 21, 24, 4, 3, 2, 5, 7, 8, 36, 37, 39, 13, 41, 42, 44, 17, 45, 18, 14, 48, 20, 16, 9, 10, 11, 12, 22, 23, 25, 26, 59, 60, 49, 35, 50, 61, 62, 63, 40, 64, 51, 43, 38, 53, 27, 28, 29, 30, 31, 32, 33, 34, 46, 47, 52, 54, 56, 58, 55, 57 ]
],
[ PermutationGroup<64 |  
\[ 2, 9, 8, 7, 10, 1, 11, 12, 27, 28, 29, 30, 16, 23, 3, 26, 20, 22, 4, 25, 5, 31, 32, 6, 33, 34, 49, 50, 51, 52, 53, 54, 55, 56, 38, 13, 14, 47, 15, 43, 17, 18, 46, 19, 21, 57, 58, 24, 37, 39, 45, 59, 48, 60, 63, 61, 64, 62, 35, 36, 40, 41, 42, 44 ],
\[ 14, 23, 35, 21, 3, 37, 5, 38, 32, 8, 10, 47, 40, 13, 59, 43, 42, 6, 45, 18, 15, 1, 16, 49, 22, 46, 54, 12, 28, 58, 2, 26, 31, 57, 17, 61, 36, 20, 52, 19, 63, 24, 4, 51, 39, 7, 25, 27, 60, 30, 50, 62, 9, 34, 53, 64, 11, 33, 41, 56, 44, 55, 48, 29 ],
\[ 18, 22, 21, 40, 4, 42, 43, 5, 31, 7, 46, 10, 37, 6, 45, 14, 59, 17, 61, 35, 19, 20, 1, 63, 38, 23, 53, 11, 57, 28, 25, 2, 47, 32, 15, 49, 24, 3, 51, 36, 52, 41, 13, 56, 44, 16, 8, 55, 48, 29, 64, 50, 33, 9, 58, 54, 26, 12, 39, 27, 60, 30, 62, 34 ]:
 Order := 64 > |
[ 6, 1, 15, 19, 21, 24, 4, 3, 2, 5, 7, 8, 36, 37, 39, 13, 41, 42, 44, 17, 45, 18, 14, 48, 20, 16, 9, 10, 11, 12, 22, 23, 25, 26, 59, 60, 49, 35, 50, 61, 62, 63, 40, 64, 51, 43, 38, 53, 27, 28, 29, 30, 31, 32, 33, 34, 46, 47, 52, 54, 56, 58, 55, 57 ],
[ 26, 34, 25, 8, 47, 16, 12, 33, 56, 58, 30, 55, 7, 46, 20, 11, 1, 23, 3, 2, 38, 32, 57, 13, 9, 29, 61, 62, 52, 63, 54, 64, 27, 51, 22, 4, 43, 31, 17, 5, 6, 14, 10, 15, 35, 28, 53, 36, 40, 41, 59, 42, 60, 44, 49, 45, 50, 48, 18, 19, 21, 24, 37, 39 ],
[ 20, 25, 4, 13, 43, 17, 16, 7, 33, 46, 26, 11, 6, 18, 19, 1, 15, 35, 36, 3, 40, 38, 22, 41, 8, 2, 55, 57, 34, 29, 47, 31, 12, 9, 21, 24, 42, 5, 44, 37, 39, 59, 14, 60, 61, 23, 10, 62, 63, 64, 56, 51, 58, 53, 30, 27, 32, 28, 45, 48, 49, 50, 52, 54 ]
],
[ PermutationGroup<64 |  
\[ 2, 9, 8, 7, 10, 1, 11, 12, 27, 28, 29, 30, 16, 23, 3, 26, 20, 22, 4, 25, 5, 31, 32, 6, 33, 34, 49, 50, 51, 52, 53, 54, 55, 56, 38, 13, 14, 47, 15, 43, 17, 18, 46, 19, 21, 57, 58, 24, 37, 39, 45, 59, 48, 60, 63, 61, 64, 62, 35, 36, 40, 41, 42, 44 ],
\[ 14, 23, 35, 21, 3, 37, 5, 38, 32, 8, 10, 47, 40, 13, 59, 43, 42, 6, 45, 18, 15, 1, 16, 49, 22, 46, 54, 12, 28, 58, 2, 26, 31, 57, 17, 61, 36, 20, 52, 19, 63, 24, 4, 51, 39, 7, 25, 27, 60, 30, 50, 62, 9, 34, 53, 64, 11, 33, 41, 56, 44, 55, 48, 29 ],
\[ 18, 22, 21, 40, 4, 42, 43, 5, 31, 7, 46, 10, 37, 6, 45, 14, 59, 17, 61, 35, 19, 20, 1, 63, 38, 23, 53, 11, 57, 28, 25, 2, 47, 32, 15, 49, 24, 3, 51, 36, 52, 41, 13, 56, 44, 16, 8, 55, 48, 29, 64, 50, 33, 9, 58, 54, 26, 12, 39, 27, 60, 30, 62, 34 ]:
 Order := 64 > |
[ 6, 1, 15, 19, 21, 24, 4, 3, 2, 5, 7, 8, 36, 37, 39, 13, 41, 42, 44, 17, 45, 18, 14, 48, 20, 16, 9, 10, 11, 12, 22, 23, 25, 26, 59, 60, 49, 35, 50, 61, 62, 63, 40, 64, 51, 43, 38, 53, 27, 28, 29, 30, 31, 32, 33, 34, 46, 47, 52, 54, 56, 58, 55, 57 ],
[ 22, 31, 5, 43, 7, 18, 46, 10, 53, 11, 57, 28, 14, 1, 21, 23, 35, 20, 40, 38, 4, 25, 2, 42, 47, 32, 48, 29, 64, 50, 33, 9, 58, 54, 3, 37, 6, 8, 45, 13, 59, 17, 16, 61, 19, 26, 12, 63, 24, 51, 44, 39, 55, 27, 62, 60, 34, 30, 15, 49, 36, 52, 41, 56 ],
[ 23, 32, 38, 5, 8, 14, 10, 47, 54, 12, 28, 58, 43, 16, 35, 46, 18, 1, 21, 22, 3, 2, 26, 37, 31, 57, 60, 30, 50, 62, 9, 34, 53, 64, 20, 40, 13, 25, 59, 4, 42, 6, 7, 45, 15, 11, 33, 49, 36, 52, 39, 41, 27, 56, 48, 44, 29, 55, 17, 61, 19, 63, 24, 51 ]
],
[ PermutationGroup<64 |  
\[ 2, 9, 8, 7, 10, 1, 11, 12, 27, 28, 29, 30, 16, 23, 3, 26, 20, 22, 4, 25, 5, 31, 32, 6, 33, 34, 49, 50, 51, 52, 53, 54, 55, 56, 38, 13, 14, 47, 15, 43, 17, 18, 46, 19, 21, 57, 58, 24, 37, 39, 45, 59, 48, 60, 63, 61, 64, 62, 35, 36, 40, 41, 42, 44 ],
\[ 14, 23, 35, 21, 3, 37, 5, 38, 32, 8, 10, 47, 40, 13, 59, 43, 42, 6, 45, 18, 15, 1, 16, 49, 22, 46, 54, 12, 28, 58, 2, 26, 31, 57, 17, 61, 36, 20, 52, 19, 63, 24, 4, 51, 39, 7, 25, 27, 60, 30, 50, 62, 9, 34, 53, 64, 11, 33, 41, 56, 44, 55, 48, 29 ],
\[ 18, 22, 21, 40, 4, 42, 43, 5, 31, 7, 46, 10, 37, 6, 45, 14, 59, 17, 61, 35, 19, 20, 1, 63, 38, 23, 53, 11, 57, 28, 25, 2, 47, 32, 15, 49, 24, 3, 51, 36, 52, 41, 13, 56, 44, 16, 8, 55, 48, 29, 64, 50, 33, 9, 58, 54, 26, 12, 39, 27, 60, 30, 62, 34 ]:
 Order := 64 > |
[ 6, 1, 15, 19, 21, 24, 4, 3, 2, 5, 7, 8, 36, 37, 39, 13, 41, 42, 44, 17, 45, 18, 14, 48, 20, 16, 9, 10, 11, 12, 22, 23, 25, 26, 59, 60, 49, 35, 50, 61, 62, 63, 40, 64, 51, 43, 38, 53, 27, 28, 29, 30, 31, 32, 33, 34, 46, 47, 52, 54, 56, 58, 55, 57 ],
[ 52, 59, 56, 27, 60, 30, 49, 61, 35, 36, 37, 40, 55, 62, 34, 63, 29, 50, 9, 51, 54, 39, 41, 12, 45, 42, 38, 13, 14, 43, 15, 17, 21, 18, 64, 33, 58, 44, 26, 53, 11, 28, 48, 2, 32, 24, 19, 8, 47, 16, 23, 46, 3, 20, 5, 22, 6, 4, 57, 25, 31, 7, 10, 1 ],
[ 44, 19, 48, 62, 63, 64, 41, 24, 4, 42, 17, 6, 50, 51, 53, 39, 54, 56, 58, 60, 55, 61, 45, 57, 36, 15, 7, 18, 20, 1, 40, 21, 13, 3, 27, 28, 29, 49, 31, 30, 32, 34, 52, 47, 33, 59, 37, 46, 11, 22, 25, 2, 43, 5, 16, 8, 35, 14, 9, 10, 12, 23, 26, 38 ]
],
[ PermutationGroup<64 |  
\[ 2, 9, 8, 7, 10, 1, 11, 12, 27, 28, 29, 30, 16, 23, 3, 26, 20, 22, 4, 25, 5, 31, 32, 6, 33, 34, 49, 50, 51, 52, 53, 54, 55, 56, 38, 13, 14, 47, 15, 43, 17, 18, 46, 19, 21, 57, 58, 24, 37, 39, 45, 59, 48, 60, 63, 61, 64, 62, 35, 36, 40, 41, 42, 44 ],
\[ 14, 23, 35, 21, 3, 37, 5, 38, 32, 8, 10, 47, 40, 13, 59, 43, 42, 6, 45, 18, 15, 1, 16, 49, 22, 46, 54, 12, 28, 58, 2, 26, 31, 57, 17, 61, 36, 20, 52, 19, 63, 24, 4, 51, 39, 7, 25, 27, 60, 30, 50, 62, 9, 34, 53, 64, 11, 33, 41, 56, 44, 55, 48, 29 ],
\[ 18, 22, 21, 40, 4, 42, 43, 5, 31, 7, 46, 10, 37, 6, 45, 14, 59, 17, 61, 35, 19, 20, 1, 63, 38, 23, 53, 11, 57, 28, 25, 2, 47, 32, 15, 49, 24, 3, 51, 36, 52, 41, 13, 56, 44, 16, 8, 55, 48, 29, 64, 50, 33, 9, 58, 54, 26, 12, 39, 27, 60, 30, 62, 34 ]:
 Order := 64 > |
[ 6, 1, 15, 19, 21, 24, 4, 3, 2, 5, 7, 8, 36, 37, 39, 13, 41, 42, 44, 17, 45, 18, 14, 48, 20, 16, 9, 10, 11, 12, 22, 23, 25, 26, 59, 60, 49, 35, 50, 61, 62, 63, 40, 64, 51, 43, 38, 53, 27, 28, 29, 30, 31, 32, 33, 34, 46, 47, 52, 54, 56, 58, 55, 57 ],
[ 3, 8, 13, 6, 14, 15, 1, 16, 12, 23, 2, 26, 17, 35, 36, 20, 19, 21, 24, 4, 37, 5, 38, 39, 7, 25, 30, 32, 9, 34, 10, 47, 11, 33, 40, 41, 59, 43, 60, 42, 44, 45, 18, 48, 49, 22, 46, 50, 52, 54, 27, 56, 28, 58, 29, 55, 31, 57, 61, 62, 63, 64, 51, 53 ],
[ 11, 29, 2, 25, 31, 7, 33, 9, 51, 53, 55, 27, 8, 10, 1, 12, 16, 46, 20, 26, 22, 57, 28, 4, 34, 30, 45, 48, 63, 49, 64, 50, 56, 52, 23, 3, 5, 32, 6, 38, 13, 43, 47, 17, 18, 58, 54, 19, 21, 24, 42, 37, 44, 39, 61, 59, 62, 60, 14, 15, 35, 36, 40, 41 ]
],
[ PermutationGroup<64 |  
\[ 2, 9, 8, 7, 10, 1, 11, 12, 27, 28, 29, 30, 16, 23, 3, 26, 20, 22, 4, 25, 5, 31, 32, 6, 33, 34, 49, 50, 51, 52, 53, 54, 55, 56, 38, 13, 14, 47, 15, 43, 17, 18, 46, 19, 21, 57, 58, 24, 37, 39, 45, 59, 48, 60, 63, 61, 64, 62, 35, 36, 40, 41, 42, 44 ],
\[ 14, 23, 35, 21, 3, 37, 5, 38, 32, 8, 10, 47, 40, 13, 59, 43, 42, 6, 45, 18, 15, 1, 16, 49, 22, 46, 54, 12, 28, 58, 2, 26, 31, 57, 17, 61, 36, 20, 52, 19, 63, 24, 4, 51, 39, 7, 25, 27, 60, 30, 50, 62, 9, 34, 53, 64, 11, 33, 41, 56, 44, 55, 48, 29 ],
\[ 18, 22, 21, 40, 4, 42, 43, 5, 31, 7, 46, 10, 37, 6, 45, 14, 59, 17, 61, 35, 19, 20, 1, 63, 38, 23, 53, 11, 57, 28, 25, 2, 47, 32, 15, 49, 24, 3, 51, 36, 52, 41, 13, 56, 44, 16, 8, 55, 48, 29, 64, 50, 33, 9, 58, 54, 26, 12, 39, 27, 60, 30, 62, 34 ]:
 Order := 64 > |
[ 6, 1, 15, 19, 21, 24, 4, 3, 2, 5, 7, 8, 36, 37, 39, 13, 41, 42, 44, 17, 45, 18, 14, 48, 20, 16, 9, 10, 11, 12, 22, 23, 25, 26, 59, 60, 49, 35, 50, 61, 62, 63, 40, 64, 51, 43, 38, 53, 27, 28, 29, 30, 31, 32, 33, 34, 46, 47, 52, 54, 56, 58, 55, 57 ],
[ 64, 44, 53, 58, 55, 57, 62, 48, 19, 63, 41, 24, 28, 29, 31, 50, 32, 34, 47, 54, 33, 56, 51, 46, 60, 39, 4, 42, 17, 6, 61, 45, 36, 15, 9, 10, 11, 27, 22, 12, 23, 26, 30, 38, 25, 52, 49, 43, 7, 18, 20, 1, 40, 21, 13, 3, 59, 37, 2, 5, 8, 14, 16, 35 ],
[ 59, 35, 61, 49, 36, 52, 37, 40, 38, 13, 14, 43, 63, 41, 56, 42, 51, 39, 27, 45, 60, 15, 17, 30, 21, 18, 47, 16, 23, 46, 3, 20, 5, 22, 44, 55, 62, 19, 34, 48, 29, 50, 24, 9, 54, 6, 4, 12, 58, 26, 32, 57, 8, 25, 10, 31, 1, 7, 64, 33, 53, 11, 28, 2 ]
],
[ PermutationGroup<64 |  
\[ 2, 9, 8, 7, 10, 1, 11, 12, 27, 28, 29, 30, 16, 23, 3, 26, 20, 22, 4, 25, 5, 31, 32, 6, 33, 34, 49, 50, 51, 52, 53, 54, 55, 56, 38, 13, 14, 47, 15, 43, 17, 18, 46, 19, 21, 57, 58, 24, 37, 39, 45, 59, 48, 60, 63, 61, 64, 62, 35, 36, 40, 41, 42, 44 ],
\[ 14, 23, 35, 21, 3, 37, 5, 38, 32, 8, 10, 47, 40, 13, 59, 43, 42, 6, 45, 18, 15, 1, 16, 49, 22, 46, 54, 12, 28, 58, 2, 26, 31, 57, 17, 61, 36, 20, 52, 19, 63, 24, 4, 51, 39, 7, 25, 27, 60, 30, 50, 62, 9, 34, 53, 64, 11, 33, 41, 56, 44, 55, 48, 29 ],
\[ 18, 22, 21, 40, 4, 42, 43, 5, 31, 7, 46, 10, 37, 6, 45, 14, 59, 17, 61, 35, 19, 20, 1, 63, 38, 23, 53, 11, 57, 28, 25, 2, 47, 32, 15, 49, 24, 3, 51, 36, 52, 41, 13, 56, 44, 16, 8, 55, 48, 29, 64, 50, 33, 9, 58, 54, 26, 12, 39, 27, 60, 30, 62, 34 ]:
 Order := 64 > |
[ 6, 1, 15, 19, 21, 24, 4, 3, 2, 5, 7, 8, 36, 37, 39, 13, 41, 42, 44, 17, 45, 18, 14, 48, 20, 16, 9, 10, 11, 12, 22, 23, 25, 26, 59, 60, 49, 35, 50, 61, 62, 63, 40, 64, 51, 43, 38, 53, 27, 28, 29, 30, 31, 32, 33, 34, 46, 47, 52, 54, 56, 58, 55, 57 ],
[ 17, 20, 19, 36, 40, 41, 13, 4, 25, 43, 16, 7, 24, 42, 44, 6, 39, 59, 60, 15, 61, 35, 18, 62, 3, 1, 33, 46, 26, 11, 38, 22, 8, 2, 45, 48, 63, 21, 64, 49, 50, 52, 37, 54, 56, 14, 5, 58, 55, 57, 34, 29, 47, 31, 12, 9, 23, 10, 51, 53, 27, 28, 30, 32 ],
[ 34, 56, 33, 12, 58, 26, 30, 55, 61, 62, 52, 63, 11, 57, 25, 29, 2, 32, 8, 9, 47, 54, 64, 16, 27, 51, 40, 41, 59, 42, 60, 44, 49, 45, 31, 7, 46, 53, 20, 10, 1, 23, 28, 3, 38, 50, 48, 13, 43, 17, 35, 18, 36, 19, 37, 21, 39, 24, 22, 4, 5, 6, 14, 15 ]
],
[ PermutationGroup<64 |  
\[ 2, 9, 8, 7, 10, 1, 11, 12, 27, 28, 29, 30, 16, 23, 3, 26, 20, 22, 4, 25, 5, 31, 32, 6, 33, 34, 49, 50, 51, 52, 53, 54, 55, 56, 38, 13, 14, 47, 15, 43, 17, 18, 46, 19, 21, 57, 58, 24, 37, 39, 45, 59, 48, 60, 63, 61, 64, 62, 35, 36, 40, 41, 42, 44 ],
\[ 14, 23, 35, 21, 3, 37, 5, 38, 32, 8, 10, 47, 40, 13, 59, 43, 42, 6, 45, 18, 15, 1, 16, 49, 22, 46, 54, 12, 28, 58, 2, 26, 31, 57, 17, 61, 36, 20, 52, 19, 63, 24, 4, 51, 39, 7, 25, 27, 60, 30, 50, 62, 9, 34, 53, 64, 11, 33, 41, 56, 44, 55, 48, 29 ],
\[ 18, 22, 21, 40, 4, 42, 43, 5, 31, 7, 46, 10, 37, 6, 45, 14, 59, 17, 61, 35, 19, 20, 1, 63, 38, 23, 53, 11, 57, 28, 25, 2, 47, 32, 15, 49, 24, 3, 51, 36, 52, 41, 13, 56, 44, 16, 8, 55, 48, 29, 64, 50, 33, 9, 58, 54, 26, 12, 39, 27, 60, 30, 62, 34 ]:
 Order := 64 > |
[ 6, 1, 15, 19, 21, 24, 4, 3, 2, 5, 7, 8, 36, 37, 39, 13, 41, 42, 44, 17, 45, 18, 14, 48, 20, 16, 9, 10, 11, 12, 22, 23, 25, 26, 59, 60, 49, 35, 50, 61, 62, 63, 40, 64, 51, 43, 38, 53, 27, 28, 29, 30, 31, 32, 33, 34, 46, 47, 52, 54, 56, 58, 55, 57 ],
[ 28, 50, 32, 31, 9, 10, 53, 54, 39, 27, 48, 60, 47, 12, 23, 58, 46, 11, 22, 57, 2, 29, 30, 5, 64, 62, 15, 49, 24, 36, 51, 52, 44, 41, 26, 38, 8, 34, 14, 25, 43, 7, 33, 18, 1, 55, 56, 21, 3, 37, 6, 13, 45, 59, 19, 17, 63, 61, 16, 35, 20, 40, 4, 42 ],
[ 21, 5, 37, 42, 6, 45, 18, 14, 10, 1, 22, 23, 59, 15, 49, 35, 61, 19, 63, 40, 24, 4, 3, 51, 43, 38, 28, 2, 31, 32, 7, 8, 46, 47, 36, 52, 39, 13, 27, 41, 56, 44, 17, 55, 48, 20, 16, 29, 50, 9, 53, 54, 11, 12, 57, 58, 25, 26, 60, 30, 62, 34, 64, 33 ]
],
[ PermutationGroup<64 |  
\[ 2, 9, 8, 7, 10, 1, 11, 12, 27, 28, 29, 30, 16, 23, 3, 26, 20, 22, 4, 25, 5, 31, 32, 6, 33, 34, 49, 50, 51, 52, 53, 54, 55, 56, 38, 13, 14, 47, 15, 43, 17, 18, 46, 19, 21, 57, 58, 24, 37, 39, 45, 59, 48, 60, 63, 61, 64, 62, 35, 36, 40, 41, 42, 44 ],
\[ 14, 23, 35, 21, 3, 37, 5, 38, 32, 8, 10, 47, 40, 13, 59, 43, 42, 6, 45, 18, 15, 1, 16, 49, 22, 46, 54, 12, 28, 58, 2, 26, 31, 57, 17, 61, 36, 20, 52, 19, 63, 24, 4, 51, 39, 7, 25, 27, 60, 30, 50, 62, 9, 34, 53, 64, 11, 33, 41, 56, 44, 55, 48, 29 ],
\[ 18, 22, 21, 40, 4, 42, 43, 5, 31, 7, 46, 10, 37, 6, 45, 14, 59, 17, 61, 35, 19, 20, 1, 63, 38, 23, 53, 11, 57, 28, 25, 2, 47, 32, 15, 49, 24, 3, 51, 36, 52, 41, 13, 56, 44, 16, 8, 55, 48, 29, 64, 50, 33, 9, 58, 54, 26, 12, 39, 27, 60, 30, 62, 34 ]:
 Order := 64 > |
[ 6, 1, 15, 19, 21, 24, 4, 3, 2, 5, 7, 8, 36, 37, 39, 13, 41, 42, 44, 17, 45, 18, 14, 48, 20, 16, 9, 10, 11, 12, 22, 23, 25, 26, 59, 60, 49, 35, 50, 61, 62, 63, 40, 64, 51, 43, 38, 53, 27, 28, 29, 30, 31, 32, 33, 34, 46, 47, 52, 54, 56, 58, 55, 57 ],
[ 40, 43, 42, 59, 17, 61, 35, 18, 46, 20, 38, 22, 45, 19, 63, 21, 49, 36, 52, 37, 41, 13, 4, 56, 14, 5, 57, 25, 47, 31, 16, 7, 23, 10, 24, 51, 44, 6, 55, 39, 27, 60, 15, 30, 62, 3, 1, 34, 64, 33, 58, 53, 26, 11, 32, 28, 8, 2, 48, 29, 50, 9, 54, 12 ],
[ 58, 62, 57, 32, 34, 47, 54, 64, 41, 56, 60, 44, 31, 33, 46, 53, 10, 12, 23, 28, 26, 30, 55, 38, 50, 48, 17, 61, 36, 19, 52, 63, 39, 24, 11, 22, 25, 29, 43, 2, 5, 8, 9, 14, 16, 27, 51, 35, 20, 40, 13, 4, 59, 42, 15, 6, 49, 45, 7, 18, 1, 21, 3, 37 ]
],
[ PermutationGroup<64 |  
\[ 2, 9, 8, 7, 10, 1, 11, 12, 27, 28, 29, 30, 16, 23, 3, 26, 20, 22, 4, 25, 5, 31, 32, 6, 33, 34, 49, 50, 51, 52, 53, 54, 55, 56, 38, 13, 14, 47, 15, 43, 17, 18, 46, 19, 21, 57, 58, 24, 37, 39, 45, 59, 48, 60, 63, 61, 64, 62, 35, 36, 40, 41, 42, 44 ],
\[ 14, 23, 35, 21, 3, 37, 5, 38, 32, 8, 10, 47, 40, 13, 59, 43, 42, 6, 45, 18, 15, 1, 16, 49, 22, 46, 54, 12, 28, 58, 2, 26, 31, 57, 17, 61, 36, 20, 52, 19, 63, 24, 4, 51, 39, 7, 25, 27, 60, 30, 50, 62, 9, 34, 53, 64, 11, 33, 41, 56, 44, 55, 48, 29 ],
\[ 18, 22, 21, 40, 4, 42, 43, 5, 31, 7, 46, 10, 37, 6, 45, 14, 59, 17, 61, 35, 19, 20, 1, 63, 38, 23, 53, 11, 57, 28, 25, 2, 47, 32, 15, 49, 24, 3, 51, 36, 52, 41, 13, 56, 44, 16, 8, 55, 48, 29, 64, 50, 33, 9, 58, 54, 26, 12, 39, 27, 60, 30, 62, 34 ]:
 Order := 64 > |
[ 6, 1, 15, 19, 21, 24, 4, 3, 2, 5, 7, 8, 36, 37, 39, 13, 41, 42, 44, 17, 45, 18, 14, 48, 20, 16, 9, 10, 11, 12, 22, 23, 25, 26, 59, 60, 49, 35, 50, 61, 62, 63, 40, 64, 51, 43, 38, 53, 27, 28, 29, 30, 31, 32, 33, 34, 46, 47, 52, 54, 56, 58, 55, 57 ],
[ 24, 6, 39, 44, 45, 48, 19, 15, 1, 21, 4, 3, 60, 49, 50, 36, 62, 63, 64, 41, 51, 42, 37, 53, 17, 13, 2, 5, 7, 8, 18, 14, 20, 16, 52, 54, 27, 59, 28, 56, 58, 55, 61, 57, 29, 40, 35, 31, 9, 10, 11, 12, 22, 23, 25, 26, 43, 38, 30, 32, 34, 47, 33, 46 ],
[ 27, 49, 30, 29, 50, 9, 51, 52, 37, 39, 45, 59, 34, 54, 12, 56, 33, 53, 11, 55, 28, 48, 60, 2, 63, 61, 14, 15, 21, 35, 24, 36, 42, 40, 58, 26, 32, 62, 8, 57, 25, 31, 64, 7, 10, 44, 41, 1, 23, 3, 5, 38, 6, 13, 18, 43, 19, 17, 47, 16, 46, 20, 22, 4 ]
],
[ PermutationGroup<64 |  
\[ 2, 9, 8, 7, 10, 1, 11, 12, 27, 28, 29, 30, 16, 23, 3, 26, 20, 22, 4, 25, 5, 31, 32, 6, 33, 34, 49, 50, 51, 52, 53, 54, 55, 56, 38, 13, 14, 47, 15, 43, 17, 18, 46, 19, 21, 57, 58, 24, 37, 39, 45, 59, 48, 60, 63, 61, 64, 62, 35, 36, 40, 41, 42, 44 ],
\[ 14, 23, 35, 21, 3, 37, 5, 38, 32, 8, 10, 47, 40, 13, 59, 43, 42, 6, 45, 18, 15, 1, 16, 49, 22, 46, 54, 12, 28, 58, 2, 26, 31, 57, 17, 61, 36, 20, 52, 19, 63, 24, 4, 51, 39, 7, 25, 27, 60, 30, 50, 62, 9, 34, 53, 64, 11, 33, 41, 56, 44, 55, 48, 29 ],
\[ 18, 22, 21, 40, 4, 42, 43, 5, 31, 7, 46, 10, 37, 6, 45, 14, 59, 17, 61, 35, 19, 20, 1, 63, 38, 23, 53, 11, 57, 28, 25, 2, 47, 32, 15, 49, 24, 3, 51, 36, 52, 41, 13, 56, 44, 16, 8, 55, 48, 29, 64, 50, 33, 9, 58, 54, 26, 12, 39, 27, 60, 30, 62, 34 ]:
 Order := 64 > |
[ 6, 1, 15, 19, 21, 24, 4, 3, 2, 5, 7, 8, 36, 37, 39, 13, 41, 42, 44, 17, 45, 18, 14, 48, 20, 16, 9, 10, 11, 12, 22, 23, 25, 26, 59, 60, 49, 35, 50, 61, 62, 63, 40, 64, 51, 43, 38, 53, 27, 28, 29, 30, 31, 32, 33, 34, 46, 47, 52, 54, 56, 58, 55, 57 ],
[ 47, 58, 46, 23, 26, 38, 32, 57, 62, 34, 54, 64, 22, 25, 43, 31, 5, 8, 14, 10, 16, 12, 33, 35, 28, 53, 41, 56, 60, 44, 30, 55, 50, 48, 7, 18, 20, 11, 40, 1, 21, 3, 2, 37, 13, 9, 29, 59, 17, 61, 36, 19, 52, 63, 39, 24, 27, 51, 4, 42, 6, 45, 15, 49 ],
[ 43, 46, 18, 35, 20, 40, 38, 22, 57, 25, 47, 31, 21, 4, 42, 5, 37, 13, 59, 14, 17, 16, 7, 61, 23, 10, 64, 33, 58, 53, 26, 11, 32, 28, 6, 45, 19, 1, 63, 15, 49, 36, 3, 52, 41, 8, 2, 56, 44, 55, 62, 48, 34, 29, 54, 50, 12, 9, 24, 51, 39, 27, 60, 30 ]
],
[ PermutationGroup<64 |  
\[ 2, 9, 8, 7, 10, 1, 11, 12, 27, 28, 29, 30, 16, 23, 3, 26, 20, 22, 4, 25, 5, 31, 32, 6, 33, 34, 49, 50, 51, 52, 53, 54, 55, 56, 38, 13, 14, 47, 15, 43, 17, 18, 46, 19, 21, 57, 58, 24, 37, 39, 45, 59, 48, 60, 63, 61, 64, 62, 35, 36, 40, 41, 42, 44 ],
\[ 14, 23, 35, 21, 3, 37, 5, 38, 32, 8, 10, 47, 40, 13, 59, 43, 42, 6, 45, 18, 15, 1, 16, 49, 22, 46, 54, 12, 28, 58, 2, 26, 31, 57, 17, 61, 36, 20, 52, 19, 63, 24, 4, 51, 39, 7, 25, 27, 60, 30, 50, 62, 9, 34, 53, 64, 11, 33, 41, 56, 44, 55, 48, 29 ],
\[ 18, 22, 21, 40, 4, 42, 43, 5, 31, 7, 46, 10, 37, 6, 45, 14, 59, 17, 61, 35, 19, 20, 1, 63, 38, 23, 53, 11, 57, 28, 25, 2, 47, 32, 15, 49, 24, 3, 51, 36, 52, 41, 13, 56, 44, 16, 8, 55, 48, 29, 64, 50, 33, 9, 58, 54, 26, 12, 39, 27, 60, 30, 62, 34 ]:
 Order := 64 > |
[ 6, 1, 15, 19, 21, 24, 4, 3, 2, 5, 7, 8, 36, 37, 39, 13, 41, 42, 44, 17, 45, 18, 14, 48, 20, 16, 9, 10, 11, 12, 22, 23, 25, 26, 59, 60, 49, 35, 50, 61, 62, 63, 40, 64, 51, 43, 38, 53, 27, 28, 29, 30, 31, 32, 33, 34, 46, 47, 52, 54, 56, 58, 55, 57 ],
[ 45, 21, 49, 63, 24, 51, 42, 37, 5, 6, 18, 14, 52, 39, 27, 59, 56, 44, 55, 61, 48, 19, 15, 29, 40, 35, 10, 1, 22, 23, 4, 3, 43, 38, 60, 30, 50, 36, 9, 62, 34, 64, 41, 33, 53, 17, 13, 11, 28, 2, 31, 32, 7, 8, 46, 47, 20, 16, 54, 12, 58, 26, 57, 25 ],
[ 50, 39, 54, 53, 27, 28, 48, 60, 15, 49, 24, 36, 58, 30, 32, 62, 57, 29, 31, 64, 9, 51, 52, 10, 44, 41, 3, 37, 6, 13, 45, 59, 19, 17, 34, 47, 12, 56, 23, 33, 46, 11, 55, 22, 2, 63, 61, 5, 8, 14, 1, 16, 21, 35, 4, 20, 42, 40, 26, 38, 25, 43, 7, 18 ]
],
[ PermutationGroup<64 |  
\[ 2, 9, 8, 7, 10, 1, 11, 12, 27, 28, 29, 30, 16, 23, 3, 26, 20, 22, 4, 25, 5, 31, 32, 6, 33, 34, 49, 50, 51, 52, 53, 54, 55, 56, 38, 13, 14, 47, 15, 43, 17, 18, 46, 19, 21, 57, 58, 24, 37, 39, 45, 59, 48, 60, 63, 61, 64, 62, 35, 36, 40, 41, 42, 44 ],
\[ 14, 23, 35, 21, 3, 37, 5, 38, 32, 8, 10, 47, 40, 13, 59, 43, 42, 6, 45, 18, 15, 1, 16, 49, 22, 46, 54, 12, 28, 58, 2, 26, 31, 57, 17, 61, 36, 20, 52, 19, 63, 24, 4, 51, 39, 7, 25, 27, 60, 30, 50, 62, 9, 34, 53, 64, 11, 33, 41, 56, 44, 55, 48, 29 ],
\[ 18, 22, 21, 40, 4, 42, 43, 5, 31, 7, 46, 10, 37, 6, 45, 14, 59, 17, 61, 35, 19, 20, 1, 63, 38, 23, 53, 11, 57, 28, 25, 2, 47, 32, 15, 49, 24, 3, 51, 36, 52, 41, 13, 56, 44, 16, 8, 55, 48, 29, 64, 50, 33, 9, 58, 54, 26, 12, 39, 27, 60, 30, 62, 34 ]:
 Order := 64 > |
[ 6, 1, 15, 19, 21, 24, 4, 3, 2, 5, 7, 8, 36, 37, 39, 13, 41, 42, 44, 17, 45, 18, 14, 48, 20, 16, 9, 10, 11, 12, 22, 23, 25, 26, 59, 60, 49, 35, 50, 61, 62, 63, 40, 64, 51, 43, 38, 53, 27, 28, 29, 30, 31, 32, 33, 34, 46, 47, 52, 54, 56, 58, 55, 57 ],
[ 7, 11, 1, 20, 22, 4, 25, 2, 29, 31, 33, 9, 3, 5, 6, 8, 13, 43, 17, 16, 18, 46, 10, 19, 26, 12, 51, 53, 55, 27, 57, 28, 34, 30, 14, 15, 21, 23, 24, 35, 36, 40, 38, 41, 42, 47, 32, 44, 45, 48, 63, 49, 64, 50, 56, 52, 58, 54, 37, 39, 59, 60, 61, 62 ],
[ 8, 12, 16, 1, 23, 3, 2, 26, 30, 32, 9, 34, 20, 38, 13, 25, 4, 5, 6, 7, 14, 10, 47, 15, 11, 33, 52, 54, 27, 56, 28, 58, 29, 55, 43, 17, 35, 46, 36, 18, 19, 21, 22, 24, 37, 31, 57, 39, 59, 60, 49, 61, 50, 62, 51, 63, 53, 64, 40, 41, 42, 44, 45, 48 ]
],
[ PermutationGroup<64 |  
\[ 2, 9, 8, 7, 10, 1, 11, 12, 27, 28, 29, 30, 16, 23, 3, 26, 20, 22, 4, 25, 5, 31, 32, 6, 33, 34, 49, 50, 51, 52, 53, 54, 55, 56, 38, 13, 14, 47, 15, 43, 17, 18, 46, 19, 21, 57, 58, 24, 37, 39, 45, 59, 48, 60, 63, 61, 64, 62, 35, 36, 40, 41, 42, 44 ],
\[ 14, 23, 35, 21, 3, 37, 5, 38, 32, 8, 10, 47, 40, 13, 59, 43, 42, 6, 45, 18, 15, 1, 16, 49, 22, 46, 54, 12, 28, 58, 2, 26, 31, 57, 17, 61, 36, 20, 52, 19, 63, 24, 4, 51, 39, 7, 25, 27, 60, 30, 50, 62, 9, 34, 53, 64, 11, 33, 41, 56, 44, 55, 48, 29 ],
\[ 18, 22, 21, 40, 4, 42, 43, 5, 31, 7, 46, 10, 37, 6, 45, 14, 59, 17, 61, 35, 19, 20, 1, 63, 38, 23, 53, 11, 57, 28, 25, 2, 47, 32, 15, 49, 24, 3, 51, 36, 52, 41, 13, 56, 44, 16, 8, 55, 48, 29, 64, 50, 33, 9, 58, 54, 26, 12, 39, 27, 60, 30, 62, 34 ]:
 Order := 64 > |
[ 6, 1, 15, 19, 21, 24, 4, 3, 2, 5, 7, 8, 36, 37, 39, 13, 41, 42, 44, 17, 45, 18, 14, 48, 20, 16, 9, 10, 11, 12, 22, 23, 25, 26, 59, 60, 49, 35, 50, 61, 62, 63, 40, 64, 51, 43, 38, 53, 27, 28, 29, 30, 31, 32, 33, 34, 46, 47, 52, 54, 56, 58, 55, 57 ],
[ 60, 36, 62, 50, 52, 54, 39, 41, 13, 59, 15, 17, 64, 56, 58, 44, 53, 27, 28, 48, 30, 49, 61, 32, 24, 19, 16, 35, 3, 20, 37, 40, 6, 4, 55, 57, 34, 63, 47, 29, 31, 9, 51, 10, 12, 45, 42, 23, 26, 38, 8, 25, 14, 43, 1, 7, 21, 18, 33, 46, 11, 22, 2, 5 ],
[ 63, 42, 51, 56, 44, 55, 61, 45, 18, 19, 40, 21, 27, 48, 29, 49, 30, 62, 34, 52, 64, 41, 24, 33, 59, 37, 22, 4, 43, 5, 17, 6, 35, 14, 50, 9, 53, 39, 11, 54, 12, 58, 60, 26, 57, 36, 15, 25, 31, 7, 46, 10, 20, 1, 38, 23, 13, 3, 28, 2, 32, 8, 47, 16 ]
],
[ PermutationGroup<64 |  
\[ 2, 9, 8, 7, 10, 1, 11, 12, 27, 28, 29, 30, 16, 23, 3, 26, 20, 22, 4, 25, 5, 31, 32, 6, 33, 34, 49, 50, 51, 52, 53, 54, 55, 56, 38, 13, 14, 47, 15, 43, 17, 18, 46, 19, 21, 57, 58, 24, 37, 39, 45, 59, 48, 60, 63, 61, 64, 62, 35, 36, 40, 41, 42, 44 ],
\[ 14, 23, 35, 21, 3, 37, 5, 38, 32, 8, 10, 47, 40, 13, 59, 43, 42, 6, 45, 18, 15, 1, 16, 49, 22, 46, 54, 12, 28, 58, 2, 26, 31, 57, 17, 61, 36, 20, 52, 19, 63, 24, 4, 51, 39, 7, 25, 27, 60, 30, 50, 62, 9, 34, 53, 64, 11, 33, 41, 56, 44, 55, 48, 29 ],
\[ 18, 22, 21, 40, 4, 42, 43, 5, 31, 7, 46, 10, 37, 6, 45, 14, 59, 17, 61, 35, 19, 20, 1, 63, 38, 23, 53, 11, 57, 28, 25, 2, 47, 32, 15, 49, 24, 3, 51, 36, 52, 41, 13, 56, 44, 16, 8, 55, 48, 29, 64, 50, 33, 9, 58, 54, 26, 12, 39, 27, 60, 30, 62, 34 ]:
 Order := 64 > |
[ 6, 1, 15, 19, 21, 24, 4, 3, 2, 5, 7, 8, 36, 37, 39, 13, 41, 42, 44, 17, 45, 18, 14, 48, 20, 16, 9, 10, 11, 12, 22, 23, 25, 26, 59, 60, 49, 35, 50, 61, 62, 63, 40, 64, 51, 43, 38, 53, 27, 28, 29, 30, 31, 32, 33, 34, 46, 47, 52, 54, 56, 58, 55, 57 ],
[ 14, 23, 35, 21, 3, 37, 5, 38, 32, 8, 10, 47, 40, 13, 59, 43, 42, 6, 45, 18, 15, 1, 16, 49, 22, 46, 54, 12, 28, 58, 2, 26, 31, 57, 17, 61, 36, 20, 52, 19, 63, 24, 4, 51, 39, 7, 25, 27, 60, 30, 50, 62, 9, 34, 53, 64, 11, 33, 41, 56, 44, 55, 48, 29 ],
[ 31, 53, 10, 46, 11, 22, 57, 28, 48, 29, 64, 50, 23, 2, 5, 32, 38, 25, 43, 47, 7, 33, 9, 18, 58, 54, 24, 51, 44, 39, 55, 27, 62, 60, 8, 14, 1, 12, 21, 16, 35, 20, 26, 40, 4, 34, 30, 42, 6, 45, 19, 15, 63, 49, 41, 36, 56, 52, 3, 37, 13, 59, 17, 61 ]
],
[ PermutationGroup<64 |  
\[ 2, 9, 8, 7, 10, 1, 11, 12, 27, 28, 29, 30, 16, 23, 3, 26, 20, 22, 4, 25, 5, 31, 32, 6, 33, 34, 49, 50, 51, 52, 53, 54, 55, 56, 38, 13, 14, 47, 15, 43, 17, 18, 46, 19, 21, 57, 58, 24, 37, 39, 45, 59, 48, 60, 63, 61, 64, 62, 35, 36, 40, 41, 42, 44 ],
\[ 14, 23, 35, 21, 3, 37, 5, 38, 32, 8, 10, 47, 40, 13, 59, 43, 42, 6, 45, 18, 15, 1, 16, 49, 22, 46, 54, 12, 28, 58, 2, 26, 31, 57, 17, 61, 36, 20, 52, 19, 63, 24, 4, 51, 39, 7, 25, 27, 60, 30, 50, 62, 9, 34, 53, 64, 11, 33, 41, 56, 44, 55, 48, 29 ],
\[ 18, 22, 21, 40, 4, 42, 43, 5, 31, 7, 46, 10, 37, 6, 45, 14, 59, 17, 61, 35, 19, 20, 1, 63, 38, 23, 53, 11, 57, 28, 25, 2, 47, 32, 15, 49, 24, 3, 51, 36, 52, 41, 13, 56, 44, 16, 8, 55, 48, 29, 64, 50, 33, 9, 58, 54, 26, 12, 39, 27, 60, 30, 62, 34 ]:
 Order := 64 > |
[ 6, 1, 15, 19, 21, 24, 4, 3, 2, 5, 7, 8, 36, 37, 39, 13, 41, 42, 44, 17, 45, 18, 14, 48, 20, 16, 9, 10, 11, 12, 22, 23, 25, 26, 59, 60, 49, 35, 50, 61, 62, 63, 40, 64, 51, 43, 38, 53, 27, 28, 29, 30, 31, 32, 33, 34, 46, 47, 52, 54, 56, 58, 55, 57 ],
[ 55, 63, 29, 34, 64, 33, 56, 51, 42, 44, 61, 45, 9, 53, 11, 27, 12, 58, 26, 30, 57, 62, 48, 25, 52, 49, 18, 19, 40, 21, 41, 24, 59, 37, 28, 2, 31, 50, 7, 32, 8, 47, 54, 16, 46, 60, 39, 20, 22, 4, 43, 5, 17, 6, 35, 14, 36, 15, 10, 1, 23, 3, 38, 13 ],
[ 36, 13, 41, 39, 59, 60, 15, 17, 16, 35, 3, 20, 44, 61, 62, 19, 48, 49, 50, 24, 52, 37, 40, 54, 6, 4, 26, 38, 8, 25, 14, 43, 1, 7, 63, 64, 56, 42, 58, 51, 53, 27, 45, 28, 30, 21, 18, 32, 34, 47, 12, 33, 23, 46, 2, 11, 5, 22, 55, 57, 29, 31, 9, 10 ]
]
];
s`SolvableDBPointedPassport := [ PowerSequence(PermutationGroup<64 |  
\[ 2, 3, 4, 5, 6, 7, 8, 9, 10, 11, 12, 13, 14, 15, 16, 17, 18, 19, 20, 21, 22, 23, 24, 25, 26, 27, 28, 29, 30, 31, 32, 33, 34, 35, 36, 37, 38, 39, 40, 41, 42, 43, 44, 45, 46, 47, 48, 49, 50, 51, 52, 53, 54, 55, 56, 57, 58, 59, 60, 61, 62, 63, 64, 1 ],
\[ 2, 1, 3, 4, 5, 6, 7, 8, 9, 10, 11, 12, 13, 14, 15, 16, 17, 18, 19, 20, 21, 22, 23, 24, 25, 26, 27, 28, 29, 30, 31, 32, 33, 34, 35, 36, 37, 38, 39, 40, 41, 42, 43, 44, 45, 46, 47, 48, 49, 50, 51, 52, 53, 54, 55, 56, 57, 58, 59, 60, 61, 62, 63, 64 ]:
 Order := 126886932185884164103433389335161480802865516174545192198801894375214704230400000000000000 >) |
[ PermutationGroup<64 |  
\[ 2, 3, 4, 5, 6, 7, 8, 9, 10, 11, 12, 13, 14, 15, 16, 17, 18, 19, 20, 21, 22, 23, 24, 25, 26, 27, 28, 29, 30, 31, 32, 33, 34, 35, 36, 37, 38, 39, 40, 41, 42, 43, 44, 45, 46, 47, 48, 49, 50, 51, 52, 53, 54, 55, 56, 57, 58, 59, 60, 61, 62, 63, 64, 1 ],
\[ 2, 1, 3, 4, 5, 6, 7, 8, 9, 10, 11, 12, 13, 14, 15, 16, 17, 18, 19, 20, 21, 22, 23, 24, 25, 26, 27, 28, 29, 30, 31, 32, 33, 34, 35, 36, 37, 38, 39, 40, 41, 42, 43, 44, 45, 46, 47, 48, 49, 50, 51, 52, 53, 54, 55, 56, 57, 58, 59, 60, 61, 62, 63, 64 ]:
 Order := 126886932185884164103433389335161480802865516174545192198801894375214704230400000000000000 > |
[ 6, 1, 15, 19, 21, 24, 4, 3, 2, 5, 7, 8, 36, 37, 39, 13, 41, 42, 44, 17, 45, 18, 14, 48, 20, 16, 9, 10, 11, 12, 22, 23, 25, 26, 59, 60, 49, 35, 50, 61, 62, 63, 40, 64, 51, 43, 38, 53, 27, 28, 29, 30, 31, 32, 33, 34, 46, 47, 52, 54, 56, 58, 55, 57 ],
[ 9, 27, 12, 11, 28, 2, 29, 30, 49, 50, 51, 52, 26, 32, 8, 34, 25, 31, 7, 33, 10, 53, 54, 1, 55, 56, 37, 39, 45, 59, 48, 60, 63, 61, 47, 16, 23, 58, 3, 46, 20, 22, 57, 4, 5, 64, 62, 6, 14, 15, 21, 35, 24, 36, 42, 40, 44, 41, 38, 13, 43, 17, 18, 19 ],
[ 6, 1, 15, 19, 21, 24, 4, 3, 2, 5, 7, 8, 36, 37, 39, 13, 41, 42, 44, 17, 45, 18, 14, 48, 20, 16, 9, 10, 11, 12, 22, 23, 25, 26, 59, 60, 49, 35, 50, 61, 62, 63, 40, 64, 51, 43, 38, 53, 27, 28, 29, 30, 31, 32, 33, 34, 46, 47, 52, 54, 56, 58, 55, 57 ]
],
[ PermutationGroup<64 |  
\[ 2, 3, 4, 5, 6, 7, 8, 9, 10, 11, 12, 13, 14, 15, 16, 17, 18, 19, 20, 21, 22, 23, 24, 25, 26, 27, 28, 29, 30, 31, 32, 33, 34, 35, 36, 37, 38, 39, 40, 41, 42, 43, 44, 45, 46, 47, 48, 49, 50, 51, 52, 53, 54, 55, 56, 57, 58, 59, 60, 61, 62, 63, 64, 1 ],
\[ 2, 1, 3, 4, 5, 6, 7, 8, 9, 10, 11, 12, 13, 14, 15, 16, 17, 18, 19, 20, 21, 22, 23, 24, 25, 26, 27, 28, 29, 30, 31, 32, 33, 34, 35, 36, 37, 38, 39, 40, 41, 42, 43, 44, 45, 46, 47, 48, 49, 50, 51, 52, 53, 54, 55, 56, 57, 58, 59, 60, 61, 62, 63, 64 ]:
 Order := 126886932185884164103433389335161480802865516174545192198801894375214704230400000000000000 > |
[ 6, 1, 15, 19, 21, 24, 4, 3, 2, 5, 7, 8, 36, 37, 39, 13, 41, 42, 44, 17, 45, 18, 14, 48, 20, 16, 9, 10, 11, 12, 22, 23, 25, 26, 59, 60, 49, 35, 50, 61, 62, 63, 40, 64, 51, 43, 38, 53, 27, 28, 29, 30, 31, 32, 33, 34, 46, 47, 52, 54, 56, 58, 55, 57 ],
[ 26, 34, 25, 8, 47, 16, 12, 33, 56, 58, 30, 55, 7, 46, 20, 11, 1, 23, 3, 2, 38, 32, 57, 13, 9, 29, 61, 62, 52, 63, 54, 64, 27, 51, 22, 4, 43, 31, 17, 5, 6, 14, 10, 15, 35, 28, 53, 36, 40, 41, 59, 42, 60, 44, 49, 45, 50, 48, 18, 19, 21, 24, 37, 39 ],
[ 20, 25, 4, 13, 43, 17, 16, 7, 33, 46, 26, 11, 6, 18, 19, 1, 15, 35, 36, 3, 40, 38, 22, 41, 8, 2, 55, 57, 34, 29, 47, 31, 12, 9, 21, 24, 42, 5, 44, 37, 39, 59, 14, 60, 61, 23, 10, 62, 63, 64, 56, 51, 58, 53, 30, 27, 32, 28, 45, 48, 49, 50, 52, 54 ]
],
[ PermutationGroup<64 |  
\[ 2, 3, 4, 5, 6, 7, 8, 9, 10, 11, 12, 13, 14, 15, 16, 17, 18, 19, 20, 21, 22, 23, 24, 25, 26, 27, 28, 29, 30, 31, 32, 33, 34, 35, 36, 37, 38, 39, 40, 41, 42, 43, 44, 45, 46, 47, 48, 49, 50, 51, 52, 53, 54, 55, 56, 57, 58, 59, 60, 61, 62, 63, 64, 1 ],
\[ 2, 1, 3, 4, 5, 6, 7, 8, 9, 10, 11, 12, 13, 14, 15, 16, 17, 18, 19, 20, 21, 22, 23, 24, 25, 26, 27, 28, 29, 30, 31, 32, 33, 34, 35, 36, 37, 38, 39, 40, 41, 42, 43, 44, 45, 46, 47, 48, 49, 50, 51, 52, 53, 54, 55, 56, 57, 58, 59, 60, 61, 62, 63, 64 ]:
 Order := 126886932185884164103433389335161480802865516174545192198801894375214704230400000000000000 > |
[ 6, 1, 15, 19, 21, 24, 4, 3, 2, 5, 7, 8, 36, 37, 39, 13, 41, 42, 44, 17, 45, 18, 14, 48, 20, 16, 9, 10, 11, 12, 22, 23, 25, 26, 59, 60, 49, 35, 50, 61, 62, 63, 40, 64, 51, 43, 38, 53, 27, 28, 29, 30, 31, 32, 33, 34, 46, 47, 52, 54, 56, 58, 55, 57 ],
[ 22, 31, 5, 43, 7, 18, 46, 10, 53, 11, 57, 28, 14, 1, 21, 23, 35, 20, 40, 38, 4, 25, 2, 42, 47, 32, 48, 29, 64, 50, 33, 9, 58, 54, 3, 37, 6, 8, 45, 13, 59, 17, 16, 61, 19, 26, 12, 63, 24, 51, 44, 39, 55, 27, 62, 60, 34, 30, 15, 49, 36, 52, 41, 56 ],
[ 23, 32, 38, 5, 8, 14, 10, 47, 54, 12, 28, 58, 43, 16, 35, 46, 18, 1, 21, 22, 3, 2, 26, 37, 31, 57, 60, 30, 50, 62, 9, 34, 53, 64, 20, 40, 13, 25, 59, 4, 42, 6, 7, 45, 15, 11, 33, 49, 36, 52, 39, 41, 27, 56, 48, 44, 29, 55, 17, 61, 19, 63, 24, 51 ]
],
[ PermutationGroup<64 |  
\[ 2, 3, 4, 5, 6, 7, 8, 9, 10, 11, 12, 13, 14, 15, 16, 17, 18, 19, 20, 21, 22, 23, 24, 25, 26, 27, 28, 29, 30, 31, 32, 33, 34, 35, 36, 37, 38, 39, 40, 41, 42, 43, 44, 45, 46, 47, 48, 49, 50, 51, 52, 53, 54, 55, 56, 57, 58, 59, 60, 61, 62, 63, 64, 1 ],
\[ 2, 1, 3, 4, 5, 6, 7, 8, 9, 10, 11, 12, 13, 14, 15, 16, 17, 18, 19, 20, 21, 22, 23, 24, 25, 26, 27, 28, 29, 30, 31, 32, 33, 34, 35, 36, 37, 38, 39, 40, 41, 42, 43, 44, 45, 46, 47, 48, 49, 50, 51, 52, 53, 54, 55, 56, 57, 58, 59, 60, 61, 62, 63, 64 ]:
 Order := 126886932185884164103433389335161480802865516174545192198801894375214704230400000000000000 > |
[ 6, 1, 15, 19, 21, 24, 4, 3, 2, 5, 7, 8, 36, 37, 39, 13, 41, 42, 44, 17, 45, 18, 14, 48, 20, 16, 9, 10, 11, 12, 22, 23, 25, 26, 59, 60, 49, 35, 50, 61, 62, 63, 40, 64, 51, 43, 38, 53, 27, 28, 29, 30, 31, 32, 33, 34, 46, 47, 52, 54, 56, 58, 55, 57 ],
[ 52, 59, 56, 27, 60, 30, 49, 61, 35, 36, 37, 40, 55, 62, 34, 63, 29, 50, 9, 51, 54, 39, 41, 12, 45, 42, 38, 13, 14, 43, 15, 17, 21, 18, 64, 33, 58, 44, 26, 53, 11, 28, 48, 2, 32, 24, 19, 8, 47, 16, 23, 46, 3, 20, 5, 22, 6, 4, 57, 25, 31, 7, 10, 1 ],
[ 44, 19, 48, 62, 63, 64, 41, 24, 4, 42, 17, 6, 50, 51, 53, 39, 54, 56, 58, 60, 55, 61, 45, 57, 36, 15, 7, 18, 20, 1, 40, 21, 13, 3, 27, 28, 29, 49, 31, 30, 32, 34, 52, 47, 33, 59, 37, 46, 11, 22, 25, 2, 43, 5, 16, 8, 35, 14, 9, 10, 12, 23, 26, 38 ]
],
[ PermutationGroup<64 |  
\[ 2, 3, 4, 5, 6, 7, 8, 9, 10, 11, 12, 13, 14, 15, 16, 17, 18, 19, 20, 21, 22, 23, 24, 25, 26, 27, 28, 29, 30, 31, 32, 33, 34, 35, 36, 37, 38, 39, 40, 41, 42, 43, 44, 45, 46, 47, 48, 49, 50, 51, 52, 53, 54, 55, 56, 57, 58, 59, 60, 61, 62, 63, 64, 1 ],
\[ 2, 1, 3, 4, 5, 6, 7, 8, 9, 10, 11, 12, 13, 14, 15, 16, 17, 18, 19, 20, 21, 22, 23, 24, 25, 26, 27, 28, 29, 30, 31, 32, 33, 34, 35, 36, 37, 38, 39, 40, 41, 42, 43, 44, 45, 46, 47, 48, 49, 50, 51, 52, 53, 54, 55, 56, 57, 58, 59, 60, 61, 62, 63, 64 ]:
 Order := 126886932185884164103433389335161480802865516174545192198801894375214704230400000000000000 > |
[ 6, 1, 15, 19, 21, 24, 4, 3, 2, 5, 7, 8, 36, 37, 39, 13, 41, 42, 44, 17, 45, 18, 14, 48, 20, 16, 9, 10, 11, 12, 22, 23, 25, 26, 59, 60, 49, 35, 50, 61, 62, 63, 40, 64, 51, 43, 38, 53, 27, 28, 29, 30, 31, 32, 33, 34, 46, 47, 52, 54, 56, 58, 55, 57 ],
[ 3, 8, 13, 6, 14, 15, 1, 16, 12, 23, 2, 26, 17, 35, 36, 20, 19, 21, 24, 4, 37, 5, 38, 39, 7, 25, 30, 32, 9, 34, 10, 47, 11, 33, 40, 41, 59, 43, 60, 42, 44, 45, 18, 48, 49, 22, 46, 50, 52, 54, 27, 56, 28, 58, 29, 55, 31, 57, 61, 62, 63, 64, 51, 53 ],
[ 11, 29, 2, 25, 31, 7, 33, 9, 51, 53, 55, 27, 8, 10, 1, 12, 16, 46, 20, 26, 22, 57, 28, 4, 34, 30, 45, 48, 63, 49, 64, 50, 56, 52, 23, 3, 5, 32, 6, 38, 13, 43, 47, 17, 18, 58, 54, 19, 21, 24, 42, 37, 44, 39, 61, 59, 62, 60, 14, 15, 35, 36, 40, 41 ]
],
[ PermutationGroup<64 |  
\[ 2, 3, 4, 5, 6, 7, 8, 9, 10, 11, 12, 13, 14, 15, 16, 17, 18, 19, 20, 21, 22, 23, 24, 25, 26, 27, 28, 29, 30, 31, 32, 33, 34, 35, 36, 37, 38, 39, 40, 41, 42, 43, 44, 45, 46, 47, 48, 49, 50, 51, 52, 53, 54, 55, 56, 57, 58, 59, 60, 61, 62, 63, 64, 1 ],
\[ 2, 1, 3, 4, 5, 6, 7, 8, 9, 10, 11, 12, 13, 14, 15, 16, 17, 18, 19, 20, 21, 22, 23, 24, 25, 26, 27, 28, 29, 30, 31, 32, 33, 34, 35, 36, 37, 38, 39, 40, 41, 42, 43, 44, 45, 46, 47, 48, 49, 50, 51, 52, 53, 54, 55, 56, 57, 58, 59, 60, 61, 62, 63, 64 ]:
 Order := 126886932185884164103433389335161480802865516174545192198801894375214704230400000000000000 > |
[ 6, 1, 15, 19, 21, 24, 4, 3, 2, 5, 7, 8, 36, 37, 39, 13, 41, 42, 44, 17, 45, 18, 14, 48, 20, 16, 9, 10, 11, 12, 22, 23, 25, 26, 59, 60, 49, 35, 50, 61, 62, 63, 40, 64, 51, 43, 38, 53, 27, 28, 29, 30, 31, 32, 33, 34, 46, 47, 52, 54, 56, 58, 55, 57 ],
[ 64, 44, 53, 58, 55, 57, 62, 48, 19, 63, 41, 24, 28, 29, 31, 50, 32, 34, 47, 54, 33, 56, 51, 46, 60, 39, 4, 42, 17, 6, 61, 45, 36, 15, 9, 10, 11, 27, 22, 12, 23, 26, 30, 38, 25, 52, 49, 43, 7, 18, 20, 1, 40, 21, 13, 3, 59, 37, 2, 5, 8, 14, 16, 35 ],
[ 59, 35, 61, 49, 36, 52, 37, 40, 38, 13, 14, 43, 63, 41, 56, 42, 51, 39, 27, 45, 60, 15, 17, 30, 21, 18, 47, 16, 23, 46, 3, 20, 5, 22, 44, 55, 62, 19, 34, 48, 29, 50, 24, 9, 54, 6, 4, 12, 58, 26, 32, 57, 8, 25, 10, 31, 1, 7, 64, 33, 53, 11, 28, 2 ]
],
[ PermutationGroup<64 |  
\[ 2, 3, 4, 5, 6, 7, 8, 9, 10, 11, 12, 13, 14, 15, 16, 17, 18, 19, 20, 21, 22, 23, 24, 25, 26, 27, 28, 29, 30, 31, 32, 33, 34, 35, 36, 37, 38, 39, 40, 41, 42, 43, 44, 45, 46, 47, 48, 49, 50, 51, 52, 53, 54, 55, 56, 57, 58, 59, 60, 61, 62, 63, 64, 1 ],
