s := SolvableDBInitialize();

/*
Magma printing
*/

s`SolvableDBName := "64S27-16,16,8-g25-path29";
s`SolvableDBFilename := "64S27-16,16,8-g25-path29.m";
s`SolvableDBPassportName := "64S27-16,16,8-g25";
s`SolvableDBPathNumber := 29;
s`SolvableDBDegree := 64;
s`SolvableDBOrders := \[ 16, 16, 8 ];
s`SolvableDBType := "Hyperbolic";
s`SolvableDBGenus := 25;
s`SolvableDBGaloisOrbitSize := 1;
s`SolvableDBPassportSize := 1;
s`SolvableDBPointedPassportSize := 1;
s`SolvableDBLevel := 6;
s`SolvableDBBlocks := {@ PowerSet(IntegerRing()) |
{ IntegerRing() | 1, 5 },
{ IntegerRing() | 2, 11 },
{ IntegerRing() | 3, 16 },
{ IntegerRing() | 4, 21 },
{ IntegerRing() | 6, 15 },
{ IntegerRing() | 7, 19 },
{ IntegerRing() | 8, 10 },
{ IntegerRing() | 9, 34 },
{ IntegerRing() | 12, 27 },
{ IntegerRing() | 13, 30 },
{ IntegerRing() | 14, 42 },
{ IntegerRing() | 17, 24 },
{ IntegerRing() | 18, 31 },
{ IntegerRing() | 20, 32 },
{ IntegerRing() | 22, 25 },
{ IntegerRing() | 23, 28 },
{ IntegerRing() | 26, 45 },
{ IntegerRing() | 29, 38 },
{ IntegerRing() | 33, 54 },
{ IntegerRing() | 35, 37 },
{ IntegerRing() | 36, 40 },
{ IntegerRing() | 39, 51 },
{ IntegerRing() | 41, 61 },
{ IntegerRing() | 43, 46 },
{ IntegerRing() | 44, 48 },
{ IntegerRing() | 47, 49 },
{ IntegerRing() | 50, 62 },
{ IntegerRing() | 52, 58 },
{ IntegerRing() | 53, 64 },
{ IntegerRing() | 55, 56 },
{ IntegerRing() | 57, 59 },
{ IntegerRing() | 60, 63 }
@};
s`SolvableDBIsRamifiedAtEveryLevel := true;
s`SolvableDBGaloisOrbit := [ PowerSequence(PermutationGroup<64 |  
\[ 2, 3, 4, 5, 6, 7, 8, 9, 10, 11, 12, 13, 14, 15, 16, 17, 18, 19, 20, 21, 22, 23, 24, 25, 26, 27, 28, 29, 30, 31, 32, 33, 34, 35, 36, 37, 38, 39, 40, 41, 42, 43, 44, 45, 46, 47, 48, 49, 50, 51, 52, 53, 54, 55, 56, 57, 58, 59, 60, 61, 62, 63, 64, 1 ],
\[ 2, 1, 3, 4, 5, 6, 7, 8, 9, 10, 11, 12, 13, 14, 15, 16, 17, 18, 19, 20, 21, 22, 23, 24, 25, 26, 27, 28, 29, 30, 31, 32, 33, 34, 35, 36, 37, 38, 39, 40, 41, 42, 43, 44, 45, 46, 47, 48, 49, 50, 51, 52, 53, 54, 55, 56, 57, 58, 59, 60, 61, 62, 63, 64 ]:
 Order := 126886932185884164103433389335161480802865516174545192198801894375214704230400000000000000 >) |
[ PermutationGroup<64 |  
\[ 2, 3, 4, 5, 6, 7, 8, 9, 10, 11, 12, 13, 14, 15, 16, 17, 18, 19, 20, 21, 22, 23, 24, 25, 26, 27, 28, 29, 30, 31, 32, 33, 34, 35, 36, 37, 38, 39, 40, 41, 42, 43, 44, 45, 46, 47, 48, 49, 50, 51, 52, 53, 54, 55, 56, 57, 58, 59, 60, 61, 62, 63, 64, 1 ],
\[ 2, 1, 3, 4, 5, 6, 7, 8, 9, 10, 11, 12, 13, 14, 15, 16, 17, 18, 19, 20, 21, 22, 23, 24, 25, 26, 27, 28, 29, 30, 31, 32, 33, 34, 35, 36, 37, 38, 39, 40, 41, 42, 43, 44, 45, 46, 47, 48, 49, 50, 51, 52, 53, 54, 55, 56, 57, 58, 59, 60, 61, 62, 63, 64 ]:
 Order := 126886932185884164103433389335161480802865516174545192198801894375214704230400000000000000 > |
[ 2, 9, 8, 19, 11, 1, 27, 30, 33, 13, 34, 37, 40, 18, 5, 10, 3, 20, 12, 28, 7, 4, 29, 16, 21, 6, 35, 38, 39, 36, 32, 23, 53, 54, 56, 58, 55, 51, 57, 52, 44, 31, 14, 22, 15, 42, 17, 25, 24, 26, 59, 63, 62, 64, 61, 41, 43, 60, 46, 49, 48, 45, 47, 50 ],
[ 3, 10, 14, 6, 16, 24, 1, 31, 30, 18, 8, 2, 32, 41, 17, 42, 46, 48, 5, 22, 15, 45, 4, 43, 26, 47, 11, 21, 7, 20, 44, 25, 40, 13, 9, 23, 34, 19, 12, 28, 53, 61, 55, 50, 49, 56, 57, 62, 59, 60, 27, 29, 58, 36, 33, 54, 35, 38, 37, 39, 64, 63, 51, 52 ],
[ 4, 7, 15, 20, 21, 25, 28, 1, 12, 5, 19, 38, 2, 24, 22, 6, 26, 3, 23, 10, 32, 31, 13, 45, 18, 44, 29, 30, 36, 11, 16, 8, 35, 27, 51, 9, 39, 40, 52, 34, 46, 17, 47, 14, 48, 49, 62, 42, 50, 61, 58, 33, 55, 37, 59, 57, 60, 54, 63, 53, 43, 41, 64, 56 ]
]
];
s`SolvableDBPassport := [ PowerSequence(PermutationGroup<64 |  
\[ 2, 9, 8, 19, 11, 1, 27, 30, 33, 13, 34, 37, 40, 18, 5, 10, 3, 20, 12, 28, 7, 4, 29, 16, 21, 6, 35, 38, 39, 36, 32, 23, 53, 54, 56, 58, 55, 51, 57, 52, 44, 31, 14, 22, 15, 42, 17, 25, 24, 26, 59, 63, 62, 64, 61, 41, 43, 60, 46, 49, 48, 45, 47, 50 ],
\[ 3, 10, 14, 6, 16, 24, 1, 31, 30, 18, 8, 2, 32, 41, 17, 42, 46, 48, 5, 22, 15, 45, 4, 43, 26, 47, 11, 21, 7, 20, 44, 25, 40, 13, 9, 23, 34, 19, 12, 28, 53, 61, 55, 50, 49, 56, 57, 62, 59, 60, 27, 29, 58, 36, 33, 54, 35, 38, 37, 39, 64, 63, 51, 52 ],
\[ 4, 7, 15, 20, 21, 25, 28, 1, 12, 5, 19, 38, 2, 24, 22, 6, 26, 3, 23, 10, 32, 31, 13, 45, 18, 44, 29, 30, 36, 11, 16, 8, 35, 27, 51, 9, 39, 40, 52, 34, 46, 17, 47, 14, 48, 49, 62, 42, 50, 61, 58, 33, 55, 37, 59, 57, 60, 54, 63, 53, 43, 41, 64, 56 ]:
 Order := 64 >) |
[ PermutationGroup<64 |  
\[ 2, 9, 8, 19, 11, 1, 27, 30, 33, 13, 34, 37, 40, 18, 5, 10, 3, 20, 12, 28, 7, 4, 29, 16, 21, 6, 35, 38, 39, 36, 32, 23, 53, 54, 56, 58, 55, 51, 57, 52, 44, 31, 14, 22, 15, 42, 17, 25, 24, 26, 59, 63, 62, 64, 61, 41, 43, 60, 46, 49, 48, 45, 47, 50 ],
\[ 3, 10, 14, 6, 16, 24, 1, 31, 30, 18, 8, 2, 32, 41, 17, 42, 46, 48, 5, 22, 15, 45, 4, 43, 26, 47, 11, 21, 7, 20, 44, 25, 40, 13, 9, 23, 34, 19, 12, 28, 53, 61, 55, 50, 49, 56, 57, 62, 59, 60, 27, 29, 58, 36, 33, 54, 35, 38, 37, 39, 64, 63, 51, 52 ],
\[ 4, 7, 15, 20, 21, 25, 28, 1, 12, 5, 19, 38, 2, 24, 22, 6, 26, 3, 23, 10, 32, 31, 13, 45, 18, 44, 29, 30, 36, 11, 16, 8, 35, 27, 51, 9, 39, 40, 52, 34, 46, 17, 47, 14, 48, 49, 62, 42, 50, 61, 58, 33, 55, 37, 59, 57, 60, 54, 63, 53, 43, 41, 64, 56 ]:
 Order := 64 > |
[ 2, 9, 8, 19, 11, 1, 27, 30, 33, 13, 34, 37, 40, 18, 5, 10, 3, 20, 12, 28, 7, 4, 29, 16, 21, 6, 35, 38, 39, 36, 32, 23, 53, 54, 56, 58, 55, 51, 57, 52, 44, 31, 14, 22, 15, 42, 17, 25, 24, 26, 59, 63, 62, 64, 61, 41, 43, 60, 46, 49, 48, 45, 47, 50 ],
[ 3, 10, 14, 6, 16, 24, 1, 31, 30, 18, 8, 2, 32, 41, 17, 42, 46, 48, 5, 22, 15, 45, 4, 43, 26, 47, 11, 21, 7, 20, 44, 25, 40, 13, 9, 23, 34, 19, 12, 28, 53, 61, 55, 50, 49, 56, 57, 62, 59, 60, 27, 29, 58, 36, 33, 54, 35, 38, 37, 39, 64, 63, 51, 52 ],
[ 4, 7, 15, 20, 21, 25, 28, 1, 12, 5, 19, 38, 2, 24, 22, 6, 26, 3, 23, 10, 32, 31, 13, 45, 18, 44, 29, 30, 36, 11, 16, 8, 35, 27, 51, 9, 39, 40, 52, 34, 46, 17, 47, 14, 48, 49, 62, 42, 50, 61, 58, 33, 55, 37, 59, 57, 60, 54, 63, 53, 43, 41, 64, 56 ]
]
];
s`SolvableDBPointedPassport := [ PowerSequence(PermutationGroup<64 |  
\[ 2, 3, 4, 5, 6, 7, 8, 9, 10, 11, 12, 13, 14, 15, 16, 17, 18, 19, 20, 21, 22, 23, 24, 25, 26, 27, 28, 29, 30, 31, 32, 33, 34, 35, 36, 37, 38, 39, 40, 41, 42, 43, 44, 45, 46, 47, 48, 49, 50, 51, 52, 53, 54, 55, 56, 57, 58, 59, 60, 61, 62, 63, 64, 1 ],
\[ 2, 1, 3, 4, 5, 6, 7, 8, 9, 10, 11, 12, 13, 14, 15, 16, 17, 18, 19, 20, 21, 22, 23, 24, 25, 26, 27, 28, 29, 30, 31, 32, 33, 34, 35, 36, 37, 38, 39, 40, 41, 42, 43, 44, 45, 46, 47, 48, 49, 50, 51, 52, 53, 54, 55, 56, 57, 58, 59, 60, 61, 62, 63, 64 ]:
 Order := 126886932185884164103433389335161480802865516174545192198801894375214704230400000000000000 >) |
[ PermutationGroup<64 |  
\[ 2, 3, 4, 5, 6, 7, 8, 9, 10, 11, 12, 13, 14, 15, 16, 17, 18, 19, 20, 21, 22, 23, 24, 25, 26, 27, 28, 29, 30, 31, 32, 33, 34, 35, 36, 37, 38, 39, 40, 41, 42, 43, 44, 45, 46, 47, 48, 49, 50, 51, 52, 53, 54, 55, 56, 57, 58, 59, 60, 61, 62, 63, 64, 1 ],
\[ 2, 1, 3, 4, 5, 6, 7, 8, 9, 10, 11, 12, 13, 14, 15, 16, 17, 18, 19, 20, 21, 22, 23, 24, 25, 26, 27, 28, 29, 30, 31, 32, 33, 34, 35, 36, 37, 38, 39, 40, 41, 42, 43, 44, 45, 46, 47, 48, 49, 50, 51, 52, 53, 54, 55, 56, 57, 58, 59, 60, 61, 62, 63, 64 ]:
 Order := 126886932185884164103433389335161480802865516174545192198801894375214704230400000000000000 > |
[ 11, 34, 10, 7, 2, 5, 12, 13, 54, 30, 9, 35, 36, 31, 1, 8, 16, 32, 27, 23, 19, 21, 38, 3, 4, 15, 37, 29, 51, 40, 20, 28, 64, 33, 55, 52, 56, 39, 59, 58, 48, 18, 42, 25, 6, 14, 24, 22, 17, 45, 57, 60, 50, 53, 41, 61, 46, 63, 43, 47, 44, 26, 49, 62 ],
[ 16, 8, 42, 15, 3, 17, 5, 18, 13, 31, 10, 11, 20, 61, 24, 14, 43, 44, 1, 25, 6, 26, 21, 46, 45, 49, 2, 4, 19, 32, 48, 22, 36, 30, 34, 28, 9, 7, 27, 23, 64, 41, 56, 62, 47, 55, 59, 50, 57, 63, 12, 38, 52, 40, 54, 33, 37, 29, 35, 51, 53, 60, 39, 58 ],
[ 4, 7, 15, 20, 21, 25, 28, 1, 12, 5, 19, 38, 2, 24, 22, 6, 26, 3, 23, 10, 32, 31, 13, 45, 18, 44, 29, 30, 36, 11, 16, 8, 35, 27, 51, 9, 39, 40, 52, 34, 46, 17, 47, 14, 48, 49, 62, 42, 50, 61, 58, 33, 55, 37, 59, 57, 60, 54, 63, 53, 43, 41, 64, 56 ]
]
];
s`SolvableDBMonodromyGroup := PermutationGroup<64 |  
\[ 2, 9, 8, 19, 11, 1, 27, 30, 33, 13, 34, 37, 40, 18, 5, 10, 3, 20, 12, 28, 7, 4, 29, 16, 21, 6, 35, 38, 39, 36, 32, 23, 53, 54, 56, 58, 55, 51, 57, 52, 44, 31, 14, 22, 15, 42, 17, 25, 24, 26, 59, 63, 62, 64, 61, 41, 43, 60, 46, 49, 48, 45, 47, 50 ],
\[ 3, 10, 14, 6, 16, 24, 1, 31, 30, 18, 8, 2, 32, 41, 17, 42, 46, 48, 5, 22, 15, 45, 4, 43, 26, 47, 11, 21, 7, 20, 44, 25, 40, 13, 9, 23, 34, 19, 12, 28, 53, 61, 55, 50, 49, 56, 57, 62, 59, 60, 27, 29, 58, 36, 33, 54, 35, 38, 37, 39, 64, 63, 51, 52 ],
\[ 4, 7, 15, 20, 21, 25, 28, 1, 12, 5, 19, 38, 2, 24, 22, 6, 26, 3, 23, 10, 32, 31, 13, 45, 18, 44, 29, 30, 36, 11, 16, 8, 35, 27, 51, 9, 39, 40, 52, 34, 46, 17, 47, 14, 48, 49, 62, 42, 50, 61, 58, 33, 55, 37, 59, 57, 60, 54, 63, 53, 43, 41, 64, 56 ] >;
s`SolvableDBAutomorphismGroup := PermutationGroup<64 |  
\[ 64, 50, 52, 56, 53, 54, 61, 63, 26, 60, 62, 44, 49, 29, 33, 58, 40, 39, 41, 57, 55, 35, 46, 36, 37, 34, 48, 43, 42, 47, 51, 59, 6, 45, 25, 17, 22, 14, 31, 24, 7, 38, 23, 27, 9, 28, 13, 12, 30, 11, 18, 16, 1, 15, 4, 21, 32, 3, 20, 8, 19, 2, 10, 5 ],
\[ 2, 9, 10, 7, 11, 1, 12, 13, 33, 30, 34, 35, 36, 18, 5, 8, 16, 20, 27, 28, 19, 21, 29, 3, 4, 6, 37, 38, 39, 40, 32, 23, 53, 54, 55, 52, 56, 51, 57, 58, 48, 31, 14, 25, 15, 42, 24, 22, 17, 26, 59, 60, 62, 64, 41, 61, 43, 63, 46, 47, 44, 45, 49, 50 ],
\[ 63, 47, 51, 64, 60, 52, 62, 59, 17, 57, 49, 26, 43, 27, 58, 39, 38, 35, 50, 56, 53, 54, 61, 29, 33, 40, 45, 41, 48, 46, 37, 55, 3, 24, 15, 42, 6, 44, 25, 14, 11, 12, 7, 34, 36, 19, 28, 9, 23, 13, 22, 18, 8, 16, 1, 5, 21, 31, 4, 32, 2, 30, 20, 10 ]:
 Order := 64 >;
s`SolvableDBPointedAutomorphismGroup := PermutationGroup<64 |  
\[ 53, 62, 58, 55, 64, 33, 41, 60, 45, 63, 50, 48, 47, 38, 54, 52, 36, 51, 61, 59, 56, 37, 43, 40, 35, 9, 44, 46, 14, 49, 39, 57, 15, 26, 22, 24, 25, 42, 18, 17, 19, 29, 28, 12, 34, 23, 30, 27, 13, 2, 31, 3, 5, 6, 21, 4, 20, 16, 32, 10, 7, 11, 8, 1 ],
\[ 6, 1, 24, 25, 15, 26, 4, 16, 2, 3, 5, 7, 8, 43, 45, 17, 49, 14, 21, 18, 22, 48, 32, 47, 44, 50, 19, 20, 23, 10, 42, 31, 9, 11, 12, 13, 27, 28, 29, 30, 55, 46, 57, 61, 62, 59, 60, 41, 63, 64, 38, 36, 33, 34, 35, 37, 39, 40, 51, 52, 56, 53, 58, 54 ]:
 Order := 16 >;
s`SolvableDBPathToPP1 := [ Strings() | "PP1", "2T1-2,1,2-g0-path1", "4T2-2,2,2-g0-path2", "8T2-2,4,4-g1-path4", "16T4-4,4,4-g3-path1", "32S3-8,8,4-g9-path9", "64S27-16,16,8-g25-path29" ];
s`SolvableDBChild := "32S3-8,8,4-g9-path9";

/*
Return for eval
*/

return s;
