s := SolvableDBObjectInitialize();

/*
Basic Information about the Passport
*/

s`SolvableDBName := "64S22-8,8,8-g21-path47";
s`SolvableDBFilename := "64S22-8,8,8-g21-path47.m";
s`SolvableDBPathNumber := 47;
s`SolvableDBDegree := 64;
s`SolvableDBABC := \[ 8, 8, 8 ];
s`SolvableDBType := "Hyperbolic";
s`SolvableDBGenus := 21;
s`SolvableDBGaloisOrbitSize := 1;
s`SolvableDBPassportSize := 3;
s`SolvableDBPointedPassportSize := 3;
s`SolvableDBLevel := 6;
s`SolvableDBBlocks := {@ PowerSet(IntegerRing()) |
{ IntegerRing() | 1, 5 },
{ IntegerRing() | 2, 12 },
{ IntegerRing() | 3, 16 },
{ IntegerRing() | 4, 22 },
{ IntegerRing() | 6, 20 },
{ IntegerRing() | 7, 11 },
{ IntegerRing() | 8, 14 },
{ IntegerRing() | 9, 35 },
{ IntegerRing() | 10, 17 },
{ IntegerRing() | 13, 28 },
{ IntegerRing() | 15, 32 },
{ IntegerRing() | 18, 37 },
{ IntegerRing() | 19, 24 },
{ IntegerRing() | 21, 29 },
{ IntegerRing() | 23, 49 },
{ IntegerRing() | 25, 50 },
{ IntegerRing() | 26, 30 },
{ IntegerRing() | 27, 40 },
{ IntegerRing() | 31, 43 },
{ IntegerRing() | 33, 62 },
{ IntegerRing() | 34, 38 },
{ IntegerRing() | 36, 42 },
{ IntegerRing() | 39, 46 },
{ IntegerRing() | 41, 58 },
{ IntegerRing() | 44, 48 },
{ IntegerRing() | 45, 60 },
{ IntegerRing() | 47, 54 },
{ IntegerRing() | 51, 53 },
{ IntegerRing() | 52, 59 },
{ IntegerRing() | 55, 63 },
{ IntegerRing() | 56, 57 },
{ IntegerRing() | 61, 64 }
@};

/*
Permutations and Passports
*/

s`SolvableDBGaloisOrbit := [ PowerSequence(PermutationGroup<64 |  
\[ 2, 3, 4, 5, 6, 7, 8, 9, 10, 11, 12, 13, 14, 15, 16, 17, 18, 19, 20, 21, 22, 23, 24, 25, 26, 27, 28, 29, 30, 31, 32, 33, 34, 35, 36, 37, 38, 39, 40, 41, 42, 43, 44, 45, 46, 47, 48, 49, 50, 51, 52, 53, 54, 55, 56, 57, 58, 59, 60, 61, 62, 63, 64, 1 ],
\[ 2, 1, 3, 4, 5, 6, 7, 8, 9, 10, 11, 12, 13, 14, 15, 16, 17, 18, 19, 20, 21, 22, 23, 24, 25, 26, 27, 28, 29, 30, 31, 32, 33, 34, 35, 36, 37, 38, 39, 40, 41, 42, 43, 44, 45, 46, 47, 48, 49, 50, 51, 52, 53, 54, 55, 56, 57, 58, 59, 60, 61, 62, 63, 64 ]:
 Order := 126886932185884164103433389335161480802865516174545192198801894375214704230400000000000000 >) |
[ PermutationGroup<64 |  
\[ 2, 3, 4, 5, 6, 7, 8, 9, 10, 11, 12, 13, 14, 15, 16, 17, 18, 19, 20, 21, 22, 23, 24, 25, 26, 27, 28, 29, 30, 31, 32, 33, 34, 35, 36, 37, 38, 39, 40, 41, 42, 43, 44, 45, 46, 47, 48, 49, 50, 51, 52, 53, 54, 55, 56, 57, 58, 59, 60, 61, 62, 63, 64, 1 ],
\[ 2, 1, 3, 4, 5, 6, 7, 8, 9, 10, 11, 12, 13, 14, 15, 16, 17, 18, 19, 20, 21, 22, 23, 24, 25, 26, 27, 28, 29, 30, 31, 32, 33, 34, 35, 36, 37, 38, 39, 40, 41, 42, 43, 44, 45, 46, 47, 48, 49, 50, 51, 52, 53, 54, 55, 56, 57, 58, 59, 60, 61, 62, 63, 64 ]:
 Order := 126886932185884164103433389335161480802865516174545192198801894375214704230400000000000000 > |
[ 12, 35, 8, 24, 2, 5, 22, 26, 62, 3, 4, 9, 7, 30, 18, 14, 16, 46, 54, 1, 27, 19, 29, 47, 20, 56, 58, 11, 40, 57, 32, 37, 64, 10, 33, 13, 39, 17, 49, 41, 43, 28, 15, 45, 36, 23, 48, 60, 21, 6, 34, 53, 38, 44, 50, 59, 52, 31, 51, 42, 63, 61, 25, 55 ],
[ 3, 10, 15, 20, 16, 8, 1, 31, 34, 37, 5, 17, 2, 43, 44, 32, 18, 47, 25, 14, 11, 6, 4, 50, 26, 41, 13, 12, 7, 58, 45, 48, 51, 46, 38, 9, 54, 39, 24, 28, 36, 35, 60, 61, 33, 19, 63, 64, 22, 30, 49, 21, 23, 55, 56, 27, 40, 42, 29, 62, 59, 53, 57, 52 ],
[ 4, 11, 2, 21, 22, 24, 27, 1, 28, 9, 40, 7, 41, 5, 14, 12, 35, 3, 49, 19, 51, 29, 34, 23, 47, 6, 52, 58, 53, 20, 30, 8, 42, 33, 13, 31, 16, 62, 10, 59, 57, 43, 26, 37, 15, 17, 39, 18, 38, 54, 61, 63, 64, 46, 48, 25, 50, 56, 55, 32, 60, 36, 44, 45 ]
]
];
s`SolvableDBPassport := [ PowerSequence(PermutationGroup<64 |  
\[ 12, 35, 8, 24, 2, 5, 22, 26, 62, 3, 4, 9, 7, 30, 18, 14, 16, 46, 54, 1, 27, 19, 29, 47, 20, 56, 58, 11, 40, 57, 32, 37, 64, 10, 33, 13, 39, 17, 49, 41, 43, 28, 15, 45, 36, 23, 48, 60, 21, 6, 34, 53, 38, 44, 50, 59, 52, 31, 51, 42, 63, 61, 25, 55 ],
\[ 3, 10, 15, 20, 16, 8, 1, 31, 34, 37, 5, 17, 2, 43, 44, 32, 18, 47, 25, 14, 11, 6, 4, 50, 26, 41, 13, 12, 7, 58, 45, 48, 51, 46, 38, 9, 54, 39, 24, 28, 36, 35, 60, 61, 33, 19, 63, 64, 22, 30, 49, 21, 23, 55, 56, 27, 40, 42, 29, 62, 59, 53, 57, 52 ],
\[ 4, 11, 2, 21, 22, 24, 27, 1, 28, 9, 40, 7, 41, 5, 14, 12, 35, 3, 49, 19, 51, 29, 34, 23, 47, 6, 52, 58, 53, 20, 30, 8, 42, 33, 13, 31, 16, 62, 10, 59, 57, 43, 26, 37, 15, 17, 39, 18, 38, 54, 61, 63, 64, 46, 48, 25, 50, 56, 55, 32, 60, 36, 44, 45 ]:
 Order := 64 >) |
[ PermutationGroup<64 |  
\[ 12, 35, 8, 24, 2, 5, 22, 26, 62, 3, 4, 9, 7, 30, 18, 14, 16, 46, 54, 1, 27, 19, 29, 47, 20, 56, 58, 11, 40, 57, 32, 37, 64, 10, 33, 13, 39, 17, 49, 41, 43, 28, 15, 45, 36, 23, 48, 60, 21, 6, 34, 53, 38, 44, 50, 59, 52, 31, 51, 42, 63, 61, 25, 55 ],
\[ 3, 10, 15, 20, 16, 8, 1, 31, 34, 37, 5, 17, 2, 43, 44, 32, 18, 47, 25, 14, 11, 6, 4, 50, 26, 41, 13, 12, 7, 58, 45, 48, 51, 46, 38, 9, 54, 39, 24, 28, 36, 35, 60, 61, 33, 19, 63, 64, 22, 30, 49, 21, 23, 55, 56, 27, 40, 42, 29, 62, 59, 53, 57, 52 ],
\[ 4, 11, 2, 21, 22, 24, 27, 1, 28, 9, 40, 7, 41, 5, 14, 12, 35, 3, 49, 19, 51, 29, 34, 23, 47, 6, 52, 58, 53, 20, 30, 8, 42, 33, 13, 31, 16, 62, 10, 59, 57, 43, 26, 37, 15, 17, 39, 18, 38, 54, 61, 63, 64, 46, 48, 25, 50, 56, 55, 32, 60, 36, 44, 45 ]:
 Order := 64 > |
[ 12, 35, 8, 24, 2, 5, 22, 26, 62, 3, 4, 9, 7, 30, 18, 14, 16, 46, 54, 1, 27, 19, 29, 47, 20, 56, 58, 11, 40, 57, 32, 37, 64, 10, 33, 13, 39, 17, 49, 41, 43, 28, 15, 45, 36, 23, 48, 60, 21, 6, 34, 53, 38, 44, 50, 59, 52, 31, 51, 42, 63, 61, 25, 55 ],
[ 3, 10, 15, 20, 16, 8, 1, 31, 34, 37, 5, 17, 2, 43, 44, 32, 18, 47, 25, 14, 11, 6, 4, 50, 26, 41, 13, 12, 7, 58, 45, 48, 51, 46, 38, 9, 54, 39, 24, 28, 36, 35, 60, 61, 33, 19, 63, 64, 22, 30, 49, 21, 23, 55, 56, 27, 40, 42, 29, 62, 59, 53, 57, 52 ],
[ 4, 11, 2, 21, 22, 24, 27, 1, 28, 9, 40, 7, 41, 5, 14, 12, 35, 3, 49, 19, 51, 29, 34, 23, 47, 6, 52, 58, 53, 20, 30, 8, 42, 33, 13, 31, 16, 62, 10, 59, 57, 43, 26, 37, 15, 17, 39, 18, 38, 54, 61, 63, 64, 46, 48, 25, 50, 56, 55, 32, 60, 36, 44, 45 ]
],
[ PermutationGroup<64 |  
\[ 12, 35, 8, 24, 2, 5, 22, 26, 62, 3, 4, 9, 7, 30, 18, 14, 16, 46, 54, 1, 27, 19, 29, 47, 20, 56, 58, 11, 40, 57, 32, 37, 64, 10, 33, 13, 39, 17, 49, 41, 43, 28, 15, 45, 36, 23, 48, 60, 21, 6, 34, 53, 38, 44, 50, 59, 52, 31, 51, 42, 63, 61, 25, 55 ],
\[ 3, 10, 15, 20, 16, 8, 1, 31, 34, 37, 5, 17, 2, 43, 44, 32, 18, 47, 25, 14, 11, 6, 4, 50, 26, 41, 13, 12, 7, 58, 45, 48, 51, 46, 38, 9, 54, 39, 24, 28, 36, 35, 60, 61, 33, 19, 63, 64, 22, 30, 49, 21, 23, 55, 56, 27, 40, 42, 29, 62, 59, 53, 57, 52 ],
\[ 4, 11, 2, 21, 22, 24, 27, 1, 28, 9, 40, 7, 41, 5, 14, 12, 35, 3, 49, 19, 51, 29, 34, 23, 47, 6, 52, 58, 53, 20, 30, 8, 42, 33, 13, 31, 16, 62, 10, 59, 57, 43, 26, 37, 15, 17, 39, 18, 38, 54, 61, 63, 64, 46, 48, 25, 50, 56, 55, 32, 60, 36, 44, 45 ]:
 Order := 64 > |
[ 3, 10, 15, 20, 16, 8, 1, 31, 34, 37, 5, 17, 2, 43, 44, 32, 18, 47, 25, 14, 11, 6, 4, 50, 26, 41, 13, 12, 7, 58, 45, 48, 51, 46, 38, 9, 54, 39, 24, 28, 36, 35, 60, 61, 33, 19, 63, 64, 22, 30, 49, 21, 23, 55, 56, 27, 40, 42, 29, 62, 59, 53, 57, 52 ],
[ 12, 35, 8, 24, 2, 5, 22, 26, 62, 3, 4, 9, 7, 30, 18, 14, 16, 46, 54, 1, 27, 19, 29, 47, 20, 56, 58, 11, 40, 57, 32, 37, 64, 10, 33, 13, 39, 17, 49, 41, 43, 28, 15, 45, 36, 23, 48, 60, 21, 6, 34, 53, 38, 44, 50, 59, 52, 31, 51, 42, 63, 61, 25, 55 ],
[ 13, 36, 20, 46, 28, 7, 23, 50, 45, 5, 49, 42, 21, 25, 10, 6, 1, 38, 18, 11, 57, 39, 52, 37, 22, 63, 26, 29, 56, 55, 3, 17, 44, 12, 60, 40, 34, 2, 53, 30, 8, 27, 16, 43, 58, 51, 15, 31, 59, 4, 35, 33, 9, 32, 19, 64, 61, 14, 62, 41, 54, 48, 24, 47 ]
],
[ PermutationGroup<64 |  
\[ 12, 35, 8, 24, 2, 5, 22, 26, 62, 3, 4, 9, 7, 30, 18, 14, 16, 46, 54, 1, 27, 19, 29, 47, 20, 56, 58, 11, 40, 57, 32, 37, 64, 10, 33, 13, 39, 17, 49, 41, 43, 28, 15, 45, 36, 23, 48, 60, 21, 6, 34, 53, 38, 44, 50, 59, 52, 31, 51, 42, 63, 61, 25, 55 ],
\[ 3, 10, 15, 20, 16, 8, 1, 31, 34, 37, 5, 17, 2, 43, 44, 32, 18, 47, 25, 14, 11, 6, 4, 50, 26, 41, 13, 12, 7, 58, 45, 48, 51, 46, 38, 9, 54, 39, 24, 28, 36, 35, 60, 61, 33, 19, 63, 64, 22, 30, 49, 21, 23, 55, 56, 27, 40, 42, 29, 62, 59, 53, 57, 52 ],
\[ 4, 11, 2, 21, 22, 24, 27, 1, 28, 9, 40, 7, 41, 5, 14, 12, 35, 3, 49, 19, 51, 29, 34, 23, 47, 6, 52, 58, 53, 20, 30, 8, 42, 33, 13, 31, 16, 62, 10, 59, 57, 43, 26, 37, 15, 17, 39, 18, 38, 54, 61, 63, 64, 46, 48, 25, 50, 56, 55, 32, 60, 36, 44, 45 ]:
 Order := 64 > |
[ 3, 10, 15, 20, 16, 8, 1, 31, 34, 37, 5, 17, 2, 43, 44, 32, 18, 47, 25, 14, 11, 6, 4, 50, 26, 41, 13, 12, 7, 58, 45, 48, 51, 46, 38, 9, 54, 39, 24, 28, 36, 35, 60, 61, 33, 19, 63, 64, 22, 30, 49, 21, 23, 55, 56, 27, 40, 42, 29, 62, 59, 53, 57, 52 ],
[ 17, 38, 31, 50, 10, 16, 6, 41, 53, 15, 20, 34, 1, 58, 47, 43, 32, 19, 55, 3, 13, 25, 7, 63, 14, 27, 42, 5, 28, 40, 48, 54, 52, 37, 51, 2, 24, 18, 22, 36, 60, 12, 44, 33, 9, 4, 64, 62, 11, 8, 46, 23, 39, 61, 30, 29, 21, 45, 49, 35, 57, 59, 26, 56 ],
[ 23, 21, 13, 52, 49, 39, 56, 7, 40, 36, 57, 29, 26, 11, 20, 28, 42, 1, 51, 46, 33, 59, 9, 53, 18, 22, 64, 30, 62, 4, 50, 6, 58, 45, 27, 8, 5, 60, 2, 61, 63, 14, 25, 10, 3, 12, 38, 17, 35, 37, 44, 47, 48, 34, 32, 19, 24, 55, 54, 16, 43, 41, 15, 31 ]
]
];
s`SolvableDBPointedPassport := [ PowerSequence(PermutationGroup<64 |  
\[ 12, 35, 8, 24, 2, 5, 22, 26, 62, 3, 4, 9, 7, 30, 18, 14, 16, 46, 54, 1, 27, 19, 29, 47, 20, 56, 58, 11, 40, 57, 32, 37, 64, 10, 33, 13, 39, 17, 49, 41, 43, 28, 15, 45, 36, 23, 48, 60, 21, 6, 34, 53, 38, 44, 50, 59, 52, 31, 51, 42, 63, 61, 25, 55 ],
\[ 3, 10, 15, 20, 16, 8, 1, 31, 34, 37, 5, 17, 2, 43, 44, 32, 18, 47, 25, 14, 11, 6, 4, 50, 26, 41, 13, 12, 7, 58, 45, 48, 51, 46, 38, 9, 54, 39, 24, 28, 36, 35, 60, 61, 33, 19, 63, 64, 22, 30, 49, 21, 23, 55, 56, 27, 40, 42, 29, 62, 59, 53, 57, 52 ],
\[ 4, 11, 2, 21, 22, 24, 27, 1, 28, 9, 40, 7, 41, 5, 14, 12, 35, 3, 49, 19, 51, 29, 34, 23, 47, 6, 52, 58, 53, 20, 30, 8, 42, 33, 13, 31, 16, 62, 10, 59, 57, 43, 26, 37, 15, 17, 39, 18, 38, 54, 61, 63, 64, 46, 48, 25, 50, 56, 55, 32, 60, 36, 44, 45 ]:
 Order := 64 >) |
[ PermutationGroup<64 |  
\[ 12, 35, 8, 24, 2, 5, 22, 26, 62, 3, 4, 9, 7, 30, 18, 14, 16, 46, 54, 1, 27, 19, 29, 47, 20, 56, 58, 11, 40, 57, 32, 37, 64, 10, 33, 13, 39, 17, 49, 41, 43, 28, 15, 45, 36, 23, 48, 60, 21, 6, 34, 53, 38, 44, 50, 59, 52, 31, 51, 42, 63, 61, 25, 55 ],
\[ 3, 10, 15, 20, 16, 8, 1, 31, 34, 37, 5, 17, 2, 43, 44, 32, 18, 47, 25, 14, 11, 6, 4, 50, 26, 41, 13, 12, 7, 58, 45, 48, 51, 46, 38, 9, 54, 39, 24, 28, 36, 35, 60, 61, 33, 19, 63, 64, 22, 30, 49, 21, 23, 55, 56, 27, 40, 42, 29, 62, 59, 53, 57, 52 ],
\[ 4, 11, 2, 21, 22, 24, 27, 1, 28, 9, 40, 7, 41, 5, 14, 12, 35, 3, 49, 19, 51, 29, 34, 23, 47, 6, 52, 58, 53, 20, 30, 8, 42, 33, 13, 31, 16, 62, 10, 59, 57, 43, 26, 37, 15, 17, 39, 18, 38, 54, 61, 63, 64, 46, 48, 25, 50, 56, 55, 32, 60, 36, 44, 45 ]:
 Order := 64 > |
[ 6, 1, 17, 7, 20, 25, 28, 16, 2, 38, 13, 5, 42, 3, 31, 10, 34, 32, 4, 50, 23, 11, 39, 22, 55, 14, 29, 36, 49, 8, 41, 43, 9, 53, 12, 60, 15, 51, 18, 21, 27, 45, 58, 47, 48, 37, 19, 54, 46, 63, 52, 56, 59, 24, 61, 30, 26, 40, 57, 44, 33, 35, 64, 62 ],
[ 30, 14, 39, 2, 26, 57, 35, 18, 16, 23, 9, 8, 62, 37, 42, 46, 49, 45, 5, 56, 19, 12, 54, 1, 52, 32, 4, 33, 24, 15, 28, 36, 17, 21, 3, 64, 60, 29, 44, 22, 11, 61, 13, 50, 63, 48, 6, 25, 47, 59, 40, 41, 27, 20, 53, 43, 31, 7, 58, 55, 38, 10, 51, 34 ],
[ 4, 11, 2, 21, 22, 24, 27, 1, 28, 9, 40, 7, 41, 5, 14, 12, 35, 3, 49, 19, 51, 29, 34, 23, 47, 6, 52, 58, 53, 20, 30, 8, 42, 33, 13, 31, 16, 62, 10, 59, 57, 43, 26, 37, 15, 17, 39, 18, 38, 54, 61, 63, 64, 46, 48, 25, 50, 56, 55, 32, 60, 36, 44, 45 ]
],
[ PermutationGroup<64 |  
\[ 12, 35, 8, 24, 2, 5, 22, 26, 62, 3, 4, 9, 7, 30, 18, 14, 16, 46, 54, 1, 27, 19, 29, 47, 20, 56, 58, 11, 40, 57, 32, 37, 64, 10, 33, 13, 39, 17, 49, 41, 43, 28, 15, 45, 36, 23, 48, 60, 21, 6, 34, 53, 38, 44, 50, 59, 52, 31, 51, 42, 63, 61, 25, 55 ],
\[ 3, 10, 15, 20, 16, 8, 1, 31, 34, 37, 5, 17, 2, 43, 44, 32, 18, 47, 25, 14, 11, 6, 4, 50, 26, 41, 13, 12, 7, 58, 45, 48, 51, 46, 38, 9, 54, 39, 24, 28, 36, 35, 60, 61, 33, 19, 63, 64, 22, 30, 49, 21, 23, 55, 56, 27, 40, 42, 29, 62, 59, 53, 57, 52 ],
\[ 4, 11, 2, 21, 22, 24, 27, 1, 28, 9, 40, 7, 41, 5, 14, 12, 35, 3, 49, 19, 51, 29, 34, 23, 47, 6, 52, 58, 53, 20, 30, 8, 42, 33, 13, 31, 16, 62, 10, 59, 57, 43, 26, 37, 15, 17, 39, 18, 38, 54, 61, 63, 64, 46, 48, 25, 50, 56, 55, 32, 60, 36, 44, 45 ]:
 Order := 64 > |
[ 59, 56, 29, 62, 52, 51, 61, 49, 26, 27, 64, 57, 55, 23, 7, 21, 40, 28, 9, 53, 48, 33, 60, 35, 34, 46, 54, 63, 44, 39, 22, 11, 8, 41, 30, 25, 13, 58, 42, 47, 19, 50, 4, 1, 6, 36, 12, 5, 45, 38, 31, 32, 43, 2, 10, 37, 18, 24, 15, 20, 3, 14, 17, 16 ],
[ 12, 35, 8, 24, 2, 5, 22, 26, 62, 3, 4, 9, 7, 30, 18, 14, 16, 46, 54, 1, 27, 19, 29, 47, 20, 56, 58, 11, 40, 57, 32, 37, 64, 10, 33, 13, 39, 17, 49, 41, 43, 28, 15, 45, 36, 23, 48, 60, 21, 6, 34, 53, 38, 44, 50, 59, 52, 31, 51, 42, 63, 61, 25, 55 ],
[ 54, 19, 62, 41, 47, 44, 43, 35, 22, 64, 31, 24, 32, 9, 56, 33, 61, 30, 40, 48, 17, 58, 16, 27, 45, 12, 34, 15, 10, 2, 59, 57, 7, 63, 4, 18, 26, 55, 14, 38, 51, 37, 52, 23, 39, 8, 29, 49, 3, 60, 50, 6, 25, 21, 36, 5, 1, 53, 20, 46, 13, 11, 42, 28 ]
],
[ PermutationGroup<64 |  
\[ 12, 35, 8, 24, 2, 5, 22, 26, 62, 3, 4, 9, 7, 30, 18, 14, 16, 46, 54, 1, 27, 19, 29, 47, 20, 56, 58, 11, 40, 57, 32, 37, 64, 10, 33, 13, 39, 17, 49, 41, 43, 28, 15, 45, 36, 23, 48, 60, 21, 6, 34, 53, 38, 44, 50, 59, 52, 31, 51, 42, 63, 61, 25, 55 ],
\[ 3, 10, 15, 20, 16, 8, 1, 31, 34, 37, 5, 17, 2, 43, 44, 32, 18, 47, 25, 14, 11, 6, 4, 50, 26, 41, 13, 12, 7, 58, 45, 48, 51, 46, 38, 9, 54, 39, 24, 28, 36, 35, 60, 61, 33, 19, 63, 64, 22, 30, 49, 21, 23, 55, 56, 27, 40, 42, 29, 62, 59, 53, 57, 52 ],
\[ 4, 11, 2, 21, 22, 24, 27, 1, 28, 9, 40, 7, 41, 5, 14, 12, 35, 3, 49, 19, 51, 29, 34, 23, 47, 6, 52, 58, 53, 20, 30, 8, 42, 33, 13, 31, 16, 62, 10, 59, 57, 43, 26, 37, 15, 17, 39, 18, 38, 54, 61, 63, 64, 46, 48, 25, 50, 56, 55, 32, 60, 36, 44, 45 ]:
 Order := 64 > |
[ 59, 56, 29, 62, 52, 51, 61, 49, 26, 27, 64, 57, 55, 23, 7, 21, 40, 28, 9, 53, 48, 33, 60, 35, 34, 46, 54, 63, 44, 39, 22, 11, 8, 41, 30, 25, 13, 58, 42, 47, 19, 50, 4, 1, 6, 36, 12, 5, 45, 38, 31, 32, 43, 2, 10, 37, 18, 24, 15, 20, 3, 14, 17, 16 ],
[ 57, 30, 49, 35, 56, 52, 33, 46, 14, 29, 62, 26, 61, 39, 28, 23, 21, 36, 2, 59, 54, 9, 44, 12, 53, 37, 24, 64, 47, 18, 11, 13, 16, 27, 8, 55, 42, 40, 45, 19, 4, 63, 7, 6, 25, 60, 5, 20, 48, 51, 41, 43, 58, 1, 38, 15, 32, 22, 31, 50, 17, 3, 34, 10 ],
[ 23, 21, 13, 52, 49, 39, 56, 7, 40, 36, 57, 29, 26, 11, 20, 28, 42, 1, 51, 46, 33, 59, 9, 53, 18, 22, 64, 30, 62, 4, 50, 6, 58, 45, 27, 8, 5, 60, 2, 61, 63, 14, 25, 10, 3, 12, 38, 17, 35, 37, 44, 47, 48, 34, 32, 19, 24, 55, 54, 16, 43, 41, 15, 31 ]
]
];
s`SolvableDBMonodromyGroup := PermutationGroup<64 |  
\[ 12, 35, 8, 24, 2, 5, 22, 26, 62, 3, 4, 9, 7, 30, 18, 14, 16, 46, 54, 1, 27, 19, 29, 47, 20, 56, 58, 11, 40, 57, 32, 37, 64, 10, 33, 13, 39, 17, 49, 41, 43, 28, 15, 45, 36, 23, 48, 60, 21, 6, 34, 53, 38, 44, 50, 59, 52, 31, 51, 42, 63, 61, 25, 55 ],
\[ 3, 10, 15, 20, 16, 8, 1, 31, 34, 37, 5, 17, 2, 43, 44, 32, 18, 47, 25, 14, 11, 6, 4, 50, 26, 41, 13, 12, 7, 58, 45, 48, 51, 46, 38, 9, 54, 39, 24, 28, 36, 35, 60, 61, 33, 19, 63, 64, 22, 30, 49, 21, 23, 55, 56, 27, 40, 42, 29, 62, 59, 53, 57, 52 ],
\[ 4, 11, 2, 21, 22, 24, 27, 1, 28, 9, 40, 7, 41, 5, 14, 12, 35, 3, 49, 19, 51, 29, 34, 23, 47, 6, 52, 58, 53, 20, 30, 8, 42, 33, 13, 31, 16, 62, 10, 59, 57, 43, 26, 37, 15, 17, 39, 18, 38, 54, 61, 63, 64, 46, 48, 25, 50, 56, 55, 32, 60, 36, 44, 45 ] >;
s`SolvableDBAutomorphismGroup := PermutationGroup<64 |  
\[ 63, 50, 57, 44, 55, 64, 47, 52, 20, 30, 54, 25, 24, 59, 40, 56, 26, 41, 60, 61, 37, 48, 15, 45, 62, 53, 39, 19, 18, 51, 21, 27, 5, 14, 6, 4, 58, 8, 31, 46, 23, 22, 29, 28, 11, 43, 36, 13, 32, 33, 16, 10, 3, 42, 35, 38, 34, 49, 17, 7, 12, 1, 9, 2 ],
\[ 60, 36, 62, 32, 45, 44, 43, 61, 28, 9, 31, 42, 41, 64, 53, 33, 35, 38, 18, 48, 8, 15, 16, 37, 47, 63, 26, 58, 14, 55, 59, 51, 7, 12, 13, 40, 34, 2, 10, 30, 57, 27, 52, 23, 29, 17, 39, 49, 3, 54, 1, 6, 5, 46, 19, 25, 50, 56, 20, 21, 4, 11, 24, 22 ]:
 Order := 64 >;
s`SolvableDBPointedAutomorphismGroup := PermutationGroup<64 |  
\[ 62, 64, 53, 36, 33, 35, 60, 38, 63, 52, 45, 61, 48, 34, 23, 51, 59, 29, 28, 9, 31, 42, 41, 13, 12, 17, 32, 44, 43, 10, 39, 49, 50, 57, 55, 47, 21, 56, 27, 15, 18, 54, 46, 4, 24, 40, 7, 22, 58, 2, 30, 8, 26, 11, 5, 16, 3, 37, 14, 19, 20, 25, 1, 6 ]:
 Order := 8 >;

/*
Top Level Belyi Curve/Map
*/


/*
Graph Data
*/

s`SolvableDBPathToPP1 := [ Strings() | "PP1", "2T1-2,2,1-g0-path1", "4T2-2,2,2-g0-path3", "8T5-4,4,4-g2-path3", "16T8-4,4,4-g3-path32", "32S15-8,8,8-g11-path51", "64S22-8,8,8-g21-path47" ];
s`SolvableDBChildren := [ Strings() | "32S15-8,8,8-g11-path51" ];

/*
Return for eval
*/

return s;
