s := SolvableDBInitialize();

/*
Magma printing
*/

s`SolvableDBName := "64S27-8,16,16-g25-path2-notcomputed";
s`SolvableDBFilename := "64S27-8,16,16-g25-path2-notcomputed.m";
s`SolvableDBPassportName := "64S27-8,16,16-g25";
s`SolvableDBPathNumber := 2;
s`SolvableDBDegree := 64;
s`SolvableDBOrders := \[ 8, 16, 16 ];
s`SolvableDBType := "Hyperbolic";
s`SolvableDBGenus := 25;
s`SolvableDBGaloisOrbitSize := 1;
s`SolvableDBPassportSize := 1;
s`SolvableDBPointedPassportSize := 1;
s`SolvableDBLevel := 6;
s`SolvableDBBlocks := {@ PowerSet(IntegerRing()) |
{ IntegerRing() | 1, 5 },
{ IntegerRing() | 2, 11 },
{ IntegerRing() | 3, 16 },
{ IntegerRing() | 4, 21 },
{ IntegerRing() | 6, 24 },
{ IntegerRing() | 7, 25 },
{ IntegerRing() | 8, 26 },
{ IntegerRing() | 9, 39 },
{ IntegerRing() | 10, 41 },
{ IntegerRing() | 12, 43 },
{ IntegerRing() | 13, 44 },
{ IntegerRing() | 14, 49 },
{ IntegerRing() | 15, 51 },
{ IntegerRing() | 17, 52 },
{ IntegerRing() | 18, 23 },
{ IntegerRing() | 19, 55 },
{ IntegerRing() | 20, 54 },
{ IntegerRing() | 22, 57 },
{ IntegerRing() | 27, 59 },
{ IntegerRing() | 28, 48 },
{ IntegerRing() | 29, 60 },
{ IntegerRing() | 30, 56 },
{ IntegerRing() | 31, 61 },
{ IntegerRing() | 32, 36 },
{ IntegerRing() | 33, 50 },
{ IntegerRing() | 34, 42 },
{ IntegerRing() | 35, 62 },
{ IntegerRing() | 37, 63 },
{ IntegerRing() | 38, 45 },
{ IntegerRing() | 40, 64 },
{ IntegerRing() | 46, 53 },
{ IntegerRing() | 47, 58 }
@};
s`SolvableDBIsRamifiedAtEveryLevel := false;
s`SolvableDBGaloisOrbit := [ PowerSequence(PermutationGroup<64 |  
\[ 2, 3, 4, 5, 6, 7, 8, 9, 10, 11, 12, 13, 14, 15, 16, 17, 18, 19, 20, 21, 22, 23, 24, 25, 26, 27, 28, 29, 30, 31, 32, 33, 34, 35, 36, 37, 38, 39, 40, 41, 42, 43, 44, 45, 46, 47, 48, 49, 50, 51, 52, 53, 54, 55, 56, 57, 58, 59, 60, 61, 62, 63, 64, 1 ],
\[ 2, 1, 3, 4, 5, 6, 7, 8, 9, 10, 11, 12, 13, 14, 15, 16, 17, 18, 19, 20, 21, 22, 23, 24, 25, 26, 27, 28, 29, 30, 31, 32, 33, 34, 35, 36, 37, 38, 39, 40, 41, 42, 43, 44, 45, 46, 47, 48, 49, 50, 51, 52, 53, 54, 55, 56, 57, 58, 59, 60, 61, 62, 63, 64 ]:
 Order := 126886932185884164103433389335161480802865516174545192198801894375214704230400000000000000 >) |
[ PermutationGroup<64 |  
\[ 2, 3, 4, 5, 6, 7, 8, 9, 10, 11, 12, 13, 14, 15, 16, 17, 18, 19, 20, 21, 22, 23, 24, 25, 26, 27, 28, 29, 30, 31, 32, 33, 34, 35, 36, 37, 38, 39, 40, 41, 42, 43, 44, 45, 46, 47, 48, 49, 50, 51, 52, 53, 54, 55, 56, 57, 58, 59, 60, 61, 62, 63, 64, 1 ],
\[ 2, 1, 3, 4, 5, 6, 7, 8, 9, 10, 11, 12, 13, 14, 15, 16, 17, 18, 19, 20, 21, 22, 23, 24, 25, 26, 27, 28, 29, 30, 31, 32, 33, 34, 35, 36, 37, 38, 39, 40, 41, 42, 43, 44, 45, 46, 47, 48, 49, 50, 51, 52, 53, 54, 55, 56, 57, 58, 59, 60, 61, 62, 63, 64 ]:
 Order := 126886932185884164103433389335161480802865516174545192198801894375214704230400000000000000 > |
[ 2, 9, 8, 19, 11, 1, 31, 35, 15, 13, 39, 28, 17, 18, 40, 26, 3, 42, 12, 32, 55, 4, 34, 5, 61, 62, 30, 33, 6, 10, 22, 45, 7, 46, 27, 38, 29, 47, 51, 37, 44, 53, 48, 52, 58, 20, 14, 50, 23, 25, 64, 16, 54, 36, 43, 41, 21, 49, 56, 24, 57, 59, 60, 63 ],
[ 3, 10, 14, 6, 16, 27, 1, 36, 35, 18, 41, 2, 38, 48, 17, 49, 53, 21, 40, 22, 24, 9, 4, 59, 5, 32, 47, 29, 13, 54, 37, 33, 15, 7, 42, 50, 8, 55, 62, 30, 23, 25, 11, 45, 19, 12, 61, 60, 28, 51, 52, 46, 43, 57, 64, 20, 39, 31, 58, 44, 63, 34, 26, 56 ],
[ 4, 7, 15, 20, 21, 28, 32, 1, 12, 40, 25, 45, 2, 27, 22, 51, 29, 3, 23, 52, 54, 58, 16, 48, 36, 5, 9, 46, 31, 6, 34, 56, 49, 41, 37, 30, 19, 8, 43, 33, 64, 10, 38, 11, 26, 62, 13, 53, 59, 14, 57, 60, 35, 17, 18, 24, 47, 44, 39, 61, 42, 63, 55, 50 ]
]
];
s`SolvableDBPassport := [ PowerSequence(PermutationGroup<64 |  
\[ 2, 9, 8, 19, 11, 1, 31, 35, 15, 13, 39, 28, 17, 18, 40, 26, 3, 42, 12, 32, 55, 4, 34, 5, 61, 62, 30, 33, 6, 10, 22, 45, 7, 46, 27, 38, 29, 47, 51, 37, 44, 53, 48, 52, 58, 20, 14, 50, 23, 25, 64, 16, 54, 36, 43, 41, 21, 49, 56, 24, 57, 59, 60, 63 ],
\[ 3, 10, 14, 6, 16, 27, 1, 36, 35, 18, 41, 2, 38, 48, 17, 49, 53, 21, 40, 22, 24, 9, 4, 59, 5, 32, 47, 29, 13, 54, 37, 33, 15, 7, 42, 50, 8, 55, 62, 30, 23, 25, 11, 45, 19, 12, 61, 60, 28, 51, 52, 46, 43, 57, 64, 20, 39, 31, 58, 44, 63, 34, 26, 56 ],
\[ 4, 7, 15, 20, 21, 28, 32, 1, 12, 40, 25, 45, 2, 27, 22, 51, 29, 3, 23, 52, 54, 58, 16, 48, 36, 5, 9, 46, 31, 6, 34, 56, 49, 41, 37, 30, 19, 8, 43, 33, 64, 10, 38, 11, 26, 62, 13, 53, 59, 14, 57, 60, 35, 17, 18, 24, 47, 44, 39, 61, 42, 63, 55, 50 ]:
 Order := 64 >) |
[ PermutationGroup<64 |  
\[ 2, 9, 8, 19, 11, 1, 31, 35, 15, 13, 39, 28, 17, 18, 40, 26, 3, 42, 12, 32, 55, 4, 34, 5, 61, 62, 30, 33, 6, 10, 22, 45, 7, 46, 27, 38, 29, 47, 51, 37, 44, 53, 48, 52, 58, 20, 14, 50, 23, 25, 64, 16, 54, 36, 43, 41, 21, 49, 56, 24, 57, 59, 60, 63 ],
\[ 3, 10, 14, 6, 16, 27, 1, 36, 35, 18, 41, 2, 38, 48, 17, 49, 53, 21, 40, 22, 24, 9, 4, 59, 5, 32, 47, 29, 13, 54, 37, 33, 15, 7, 42, 50, 8, 55, 62, 30, 23, 25, 11, 45, 19, 12, 61, 60, 28, 51, 52, 46, 43, 57, 64, 20, 39, 31, 58, 44, 63, 34, 26, 56 ],
\[ 4, 7, 15, 20, 21, 28, 32, 1, 12, 40, 25, 45, 2, 27, 22, 51, 29, 3, 23, 52, 54, 58, 16, 48, 36, 5, 9, 46, 31, 6, 34, 56, 49, 41, 37, 30, 19, 8, 43, 33, 64, 10, 38, 11, 26, 62, 13, 53, 59, 14, 57, 60, 35, 17, 18, 24, 47, 44, 39, 61, 42, 63, 55, 50 ]:
 Order := 64 > |
[ 63, 60, 41, 25, 37, 64, 43, 44, 24, 62, 29, 57, 59, 32, 5, 10, 56, 45, 61, 18, 7, 50, 38, 40, 12, 13, 16, 21, 51, 26, 48, 42, 55, 47, 52, 34, 39, 46, 6, 11, 35, 58, 22, 27, 53, 14, 20, 4, 36, 19, 1, 30, 49, 23, 31, 8, 33, 54, 3, 15, 28, 17, 9, 2 ],
[ 3, 10, 14, 6, 16, 27, 1, 36, 35, 18, 41, 2, 38, 48, 17, 49, 53, 21, 40, 22, 24, 9, 4, 59, 5, 32, 47, 29, 13, 54, 37, 33, 15, 7, 42, 50, 8, 55, 62, 30, 23, 25, 11, 45, 19, 12, 61, 60, 28, 51, 52, 46, 43, 57, 64, 20, 39, 31, 58, 44, 63, 34, 26, 56 ],
[ 50, 55, 24, 14, 33, 57, 18, 64, 61, 5, 19, 42, 63, 52, 48, 6, 39, 56, 36, 27, 49, 53, 30, 22, 23, 40, 60, 47, 43, 51, 38, 3, 54, 8, 11, 16, 25, 41, 31, 21, 1, 26, 34, 37, 10, 13, 62, 58, 17, 20, 28, 9, 44, 59, 32, 15, 46, 35, 29, 12, 45, 2, 7, 4 ]
]
];
s`SolvableDBPointedPassport := [ PowerSequence(PermutationGroup<64 |  
\[ 2, 3, 4, 5, 6, 7, 8, 9, 10, 11, 12, 13, 14, 15, 16, 17, 18, 19, 20, 21, 22, 23, 24, 25, 26, 27, 28, 29, 30, 31, 32, 33, 34, 35, 36, 37, 38, 39, 40, 41, 42, 43, 44, 45, 46, 47, 48, 49, 50, 51, 52, 53, 54, 55, 56, 57, 58, 59, 60, 61, 62, 63, 64, 1 ],
\[ 2, 1, 3, 4, 5, 6, 7, 8, 9, 10, 11, 12, 13, 14, 15, 16, 17, 18, 19, 20, 21, 22, 23, 24, 25, 26, 27, 28, 29, 30, 31, 32, 33, 34, 35, 36, 37, 38, 39, 40, 41, 42, 43, 44, 45, 46, 47, 48, 49, 50, 51, 52, 53, 54, 55, 56, 57, 58, 59, 60, 61, 62, 63, 64 ]:
 Order := 126886932185884164103433389335161480802865516174545192198801894375214704230400000000000000 >) |
[ PermutationGroup<64 |  
\[ 2, 3, 4, 5, 6, 7, 8, 9, 10, 11, 12, 13, 14, 15, 16, 17, 18, 19, 20, 21, 22, 23, 24, 25, 26, 27, 28, 29, 30, 31, 32, 33, 34, 35, 36, 37, 38, 39, 40, 41, 42, 43, 44, 45, 46, 47, 48, 49, 50, 51, 52, 53, 54, 55, 56, 57, 58, 59, 60, 61, 62, 63, 64, 1 ],
\[ 2, 1, 3, 4, 5, 6, 7, 8, 9, 10, 11, 12, 13, 14, 15, 16, 17, 18, 19, 20, 21, 22, 23, 24, 25, 26, 27, 28, 29, 30, 31, 32, 33, 34, 35, 36, 37, 38, 39, 40, 41, 42, 43, 44, 45, 46, 47, 48, 49, 50, 51, 52, 53, 54, 55, 56, 57, 58, 59, 60, 61, 62, 63, 64 ]:
 Order := 126886932185884164103433389335161480802865516174545192198801894375214704230400000000000000 > |
[ 6, 1, 17, 22, 24, 29, 33, 3, 2, 30, 5, 19, 10, 47, 9, 52, 13, 14, 4, 46, 57, 31, 49, 60, 50, 16, 35, 12, 37, 27, 7, 20, 28, 23, 8, 54, 40, 36, 11, 15, 56, 18, 55, 41, 32, 34, 38, 43, 58, 48, 39, 44, 42, 53, 21, 59, 61, 45, 62, 63, 25, 26, 64, 51 ],
[ 3, 10, 14, 6, 16, 27, 1, 36, 35, 18, 41, 2, 38, 48, 17, 49, 53, 21, 40, 22, 24, 9, 4, 59, 5, 32, 47, 29, 13, 54, 37, 33, 15, 7, 42, 50, 8, 55, 62, 30, 23, 25, 11, 45, 19, 12, 61, 60, 28, 51, 52, 46, 43, 57, 64, 20, 39, 31, 58, 44, 63, 34, 26, 56 ],
[ 12, 22, 37, 45, 43, 7, 58, 9, 33, 29, 57, 49, 15, 10, 19, 63, 1, 35, 46, 26, 38, 23, 62, 25, 47, 39, 40, 32, 4, 2, 20, 44, 34, 52, 6, 13, 28, 27, 50, 31, 60, 17, 14, 51, 59, 56, 3, 36, 41, 42, 55, 5, 30, 8, 53, 11, 18, 16, 64, 21, 54, 24, 48, 61 ]
]
];
s`SolvableDBMonodromyGroup := PermutationGroup<64 |  
\[ 2, 9, 8, 19, 11, 1, 31, 35, 15, 13, 39, 28, 17, 18, 40, 26, 3, 42, 12, 32, 55, 4, 34, 5, 61, 62, 30, 33, 6, 10, 22, 45, 7, 46, 27, 38, 29, 47, 51, 37, 44, 53, 48, 52, 58, 20, 14, 50, 23, 25, 64, 16, 54, 36, 43, 41, 21, 49, 56, 24, 57, 59, 60, 63 ],
\[ 3, 10, 14, 6, 16, 27, 1, 36, 35, 18, 41, 2, 38, 48, 17, 49, 53, 21, 40, 22, 24, 9, 4, 59, 5, 32, 47, 29, 13, 54, 37, 33, 15, 7, 42, 50, 8, 55, 62, 30, 23, 25, 11, 45, 19, 12, 61, 60, 28, 51, 52, 46, 43, 57, 64, 20, 39, 31, 58, 44, 63, 34, 26, 56 ],
\[ 4, 7, 15, 20, 21, 28, 32, 1, 12, 40, 25, 45, 2, 27, 22, 51, 29, 3, 23, 52, 54, 58, 16, 48, 36, 5, 9, 46, 31, 6, 34, 56, 49, 41, 37, 30, 19, 8, 43, 33, 64, 10, 38, 11, 26, 62, 13, 53, 59, 14, 57, 60, 35, 17, 18, 24, 47, 44, 39, 61, 42, 63, 55, 50 ] >;
s`SolvableDBAutomorphismGroup := PermutationGroup<64 |  
\[ 62, 59, 34, 63, 35, 26, 39, 46, 56, 58, 27, 24, 49, 7, 41, 42, 23, 31, 60, 55, 37, 64, 61, 8, 9, 53, 32, 5, 16, 45, 51, 43, 11, 57, 20, 12, 52, 28, 30, 44, 47, 22, 6, 14, 48, 21, 33, 1, 25, 2, 10, 18, 4, 19, 29, 38, 40, 50, 36, 3, 15, 54, 17, 13 ],
\[ 64, 63, 56, 50, 40, 51, 55, 41, 60, 26, 37, 61, 62, 20, 24, 30, 59, 32, 25, 14, 33, 48, 36, 15, 19, 10, 52, 57, 39, 16, 43, 18, 21, 38, 44, 23, 11, 34, 29, 5, 8, 45, 31, 35, 42, 47, 46, 22, 54, 4, 6, 27, 58, 49, 7, 3, 28, 53, 17, 9, 12, 13, 2, 1 ],
\[ 2, 9, 10, 7, 11, 1, 12, 13, 15, 35, 39, 22, 27, 18, 40, 41, 30, 42, 31, 32, 25, 33, 34, 5, 43, 44, 3, 4, 6, 8, 28, 45, 19, 46, 17, 38, 29, 47, 51, 37, 62, 53, 57, 59, 58, 20, 14, 21, 23, 55, 64, 56, 54, 36, 61, 26, 50, 49, 16, 24, 48, 52, 60, 63 ]:
 Order := 64 >;
s`SolvableDBPointedAutomorphismGroup := PermutationGroup<64 |  
\[ 6, 1, 27, 28, 24, 29, 4, 30, 2, 3, 5, 7, 8, 47, 9, 59, 35, 14, 33, 46, 48, 12, 49, 60, 21, 56, 13, 31, 37, 17, 19, 20, 22, 23, 10, 54, 40, 36, 11, 15, 16, 18, 25, 26, 32, 34, 38, 61, 58, 57, 39, 62, 42, 53, 50, 52, 43, 45, 44, 63, 55, 41, 64, 51 ]:
 Order := 8 >;
s`SolvableDBPathToPP1 := [ Strings() | "PP1", "2T1-2,1,2-g0-path1-computed", "4T2-2,2,2-g0-path2-notcomputed", "8T2-2,4,4-g1-path4-notcomputed", "16T5-4,8,8-g5-path3-notcomputed", "32S17-8,16,16-g13-path4-notcomputed", "64S27-8,16,16-g25-path2-notcomputed" ];
s`SolvableDBParents := [ Strings() | "128S130-16,32,32-g57-path1-notcomputed", "128S130-16,32,32-g57-path2-notcomputed", "128S130-16,32,32-g57-path3-notcomputed", "128S130-16,32,32-g57-path4-notcomputed", "128S106-8,16,16-g49-path9-notcomputed", "128S44-8,16,16-g49-path9-notcomputed", "128S43-8,16,16-g49-path4-notcomputed" ];
s`SolvableDBChild := "32S17-8,16,16-g13-path4-notcomputed";

/*
Return for eval
*/

return s;
