s := SolvableDBObjectInitialize();

/*
Basic Information about the Passport
*/

s`SolvableDBName := "64S29-16,8,16-g25-path31";
s`SolvableDBFilename := "64S29-16,8,16-g25-path31.m";
s`SolvableDBPathNumber := 31;
s`SolvableDBDegree := 64;
s`SolvableDBABC := \[ 16, 8, 16 ];
s`SolvableDBType := "Hyperbolic";
s`SolvableDBGenus := 25;
s`SolvableDBGaloisOrbitSize := 1;
s`SolvableDBPassportSize := 2;
s`SolvableDBPointedPassportSize := 2;
s`SolvableDBLevel := 6;
s`SolvableDBBlocks := {@ PowerSet(IntegerRing()) |
{ IntegerRing() | 1, 5 },
{ IntegerRing() | 2, 12 },
{ IntegerRing() | 3, 18 },
{ IntegerRing() | 4, 24 },
{ IntegerRing() | 6, 22 },
{ IntegerRing() | 7, 11 },
{ IntegerRing() | 8, 15 },
{ IntegerRing() | 9, 40 },
{ IntegerRing() | 10, 46 },
{ IntegerRing() | 13, 39 },
{ IntegerRing() | 14, 43 },
{ IntegerRing() | 16, 60 },
{ IntegerRing() | 17, 56 },
{ IntegerRing() | 19, 61 },
{ IntegerRing() | 20, 44 },
{ IntegerRing() | 21, 53 },
{ IntegerRing() | 23, 55 },
{ IntegerRing() | 25, 37 },
{ IntegerRing() | 26, 59 },
{ IntegerRing() | 27, 38 },
{ IntegerRing() | 28, 48 },
{ IntegerRing() | 29, 47 },
{ IntegerRing() | 30, 49 },
{ IntegerRing() | 31, 50 },
{ IntegerRing() | 32, 42 },
{ IntegerRing() | 33, 51 },
{ IntegerRing() | 34, 57 },
{ IntegerRing() | 35, 58 },
{ IntegerRing() | 36, 54 },
{ IntegerRing() | 41, 63 },
{ IntegerRing() | 45, 64 },
{ IntegerRing() | 52, 62 }
@};

/*
Permutations and Passports
*/

s`SolvableDBGaloisOrbit := [ PowerSequence(PermutationGroup<64 |  
\[ 2, 3, 4, 5, 6, 7, 8, 9, 10, 11, 12, 13, 14, 15, 16, 17, 18, 19, 20, 21, 22, 23, 24, 25, 26, 27, 28, 29, 30, 31, 32, 33, 34, 35, 36, 37, 38, 39, 40, 41, 42, 43, 44, 45, 46, 47, 48, 49, 50, 51, 52, 53, 54, 55, 56, 57, 58, 59, 60, 61, 62, 63, 64, 1 ],
\[ 2, 1, 3, 4, 5, 6, 7, 8, 9, 10, 11, 12, 13, 14, 15, 16, 17, 18, 19, 20, 21, 22, 23, 24, 25, 26, 27, 28, 29, 30, 31, 32, 33, 34, 35, 36, 37, 38, 39, 40, 41, 42, 43, 44, 45, 46, 47, 48, 49, 50, 51, 52, 53, 54, 55, 56, 57, 58, 59, 60, 61, 62, 63, 64 ]:
 Order := 126886932185884164103433389335161480802865516174545192198801894375214704230400000000000000 >) |
[ PermutationGroup<64 |  
\[ 2, 3, 4, 5, 6, 7, 8, 9, 10, 11, 12, 13, 14, 15, 16, 17, 18, 19, 20, 21, 22, 23, 24, 25, 26, 27, 28, 29, 30, 31, 32, 33, 34, 35, 36, 37, 38, 39, 40, 41, 42, 43, 44, 45, 46, 47, 48, 49, 50, 51, 52, 53, 54, 55, 56, 57, 58, 59, 60, 61, 62, 63, 64, 1 ],
\[ 2, 1, 3, 4, 5, 6, 7, 8, 9, 10, 11, 12, 13, 14, 15, 16, 17, 18, 19, 20, 21, 22, 23, 24, 25, 26, 27, 28, 29, 30, 31, 32, 33, 34, 35, 36, 37, 38, 39, 40, 41, 42, 43, 44, 45, 46, 47, 48, 49, 50, 51, 52, 53, 54, 55, 56, 57, 58, 59, 60, 61, 62, 63, 64 ]:
 Order := 126886932185884164103433389335161480802865516174545192198801894375214704230400000000000000 > |
[ 12, 40, 8, 53, 2, 5, 49, 38, 25, 14, 30, 9, 62, 24, 27, 20, 64, 15, 18, 28, 13, 1, 31, 21, 33, 29, 32, 22, 10, 63, 60, 11, 57, 36, 23, 17, 51, 42, 52, 37, 26, 7, 4, 48, 58, 43, 46, 6, 41, 16, 34, 19, 39, 56, 50, 45, 54, 55, 47, 44, 3, 61, 59, 35 ],
[ 3, 10, 16, 22, 18, 26, 1, 34, 38, 44, 5, 46, 2, 54, 57, 21, 61, 60, 25, 30, 45, 59, 43, 6, 4, 31, 48, 62, 33, 58, 42, 56, 7, 13, 8, 63, 24, 28, 12, 27, 9, 17, 36, 49, 29, 20, 51, 52, 35, 32, 11, 23, 64, 41, 14, 19, 39, 15, 50, 53, 37, 55, 40, 47 ],
[ 4, 11, 17, 23, 24, 27, 31, 1, 39, 45, 50, 7, 16, 2, 5, 59, 43, 56, 48, 3, 37, 38, 49, 55, 41, 54, 58, 46, 6, 51, 52, 40, 19, 47, 53, 8, 63, 35, 60, 13, 44, 9, 12, 18, 32, 64, 22, 10, 33, 62, 61, 57, 25, 15, 30, 14, 29, 21, 36, 26, 28, 34, 20, 42 ]
]
];
s`SolvableDBPassport := [ PowerSequence(PermutationGroup<64 |  
\[ 12, 40, 8, 53, 2, 5, 49, 38, 25, 14, 30, 9, 62, 24, 27, 20, 64, 15, 18, 28, 13, 1, 31, 21, 33, 29, 32, 22, 10, 63, 60, 11, 57, 36, 23, 17, 51, 42, 52, 37, 26, 7, 4, 48, 58, 43, 46, 6, 41, 16, 34, 19, 39, 56, 50, 45, 54, 55, 47, 44, 3, 61, 59, 35 ],
\[ 3, 10, 16, 22, 18, 26, 1, 34, 38, 44, 5, 46, 2, 54, 57, 21, 61, 60, 25, 30, 45, 59, 43, 6, 4, 31, 48, 62, 33, 58, 42, 56, 7, 13, 8, 63, 24, 28, 12, 27, 9, 17, 36, 49, 29, 20, 51, 52, 35, 32, 11, 23, 64, 41, 14, 19, 39, 15, 50, 53, 37, 55, 40, 47 ],
\[ 4, 11, 17, 23, 24, 27, 31, 1, 39, 45, 50, 7, 16, 2, 5, 59, 43, 56, 48, 3, 37, 38, 49, 55, 41, 54, 58, 46, 6, 51, 52, 40, 19, 47, 53, 8, 63, 35, 60, 13, 44, 9, 12, 18, 32, 64, 22, 10, 33, 62, 61, 57, 25, 15, 30, 14, 29, 21, 36, 26, 28, 34, 20, 42 ]:
 Order := 64 >) |
[ PermutationGroup<64 |  
\[ 12, 40, 8, 53, 2, 5, 49, 38, 25, 14, 30, 9, 62, 24, 27, 20, 64, 15, 18, 28, 13, 1, 31, 21, 33, 29, 32, 22, 10, 63, 60, 11, 57, 36, 23, 17, 51, 42, 52, 37, 26, 7, 4, 48, 58, 43, 46, 6, 41, 16, 34, 19, 39, 56, 50, 45, 54, 55, 47, 44, 3, 61, 59, 35 ],
\[ 3, 10, 16, 22, 18, 26, 1, 34, 38, 44, 5, 46, 2, 54, 57, 21, 61, 60, 25, 30, 45, 59, 43, 6, 4, 31, 48, 62, 33, 58, 42, 56, 7, 13, 8, 63, 24, 28, 12, 27, 9, 17, 36, 49, 29, 20, 51, 52, 35, 32, 11, 23, 64, 41, 14, 19, 39, 15, 50, 53, 37, 55, 40, 47 ],
\[ 4, 11, 17, 23, 24, 27, 31, 1, 39, 45, 50, 7, 16, 2, 5, 59, 43, 56, 48, 3, 37, 38, 49, 55, 41, 54, 58, 46, 6, 51, 52, 40, 19, 47, 53, 8, 63, 35, 60, 13, 44, 9, 12, 18, 32, 64, 22, 10, 33, 62, 61, 57, 25, 15, 30, 14, 29, 21, 36, 26, 28, 34, 20, 42 ]:
 Order := 64 > |
[ 22, 5, 61, 43, 6, 48, 42, 3, 12, 29, 32, 1, 21, 10, 18, 50, 36, 19, 52, 16, 24, 28, 35, 14, 9, 41, 15, 20, 26, 11, 23, 27, 25, 51, 64, 34, 40, 8, 53, 2, 49, 38, 46, 60, 56, 47, 59, 44, 7, 55, 37, 39, 4, 57, 58, 54, 33, 45, 63, 31, 62, 13, 30, 17 ],
[ 21, 49, 45, 50, 53, 42, 16, 2, 62, 35, 60, 30, 44, 9, 12, 29, 24, 64, 22, 15, 33, 32, 63, 31, 59, 17, 23, 14, 1, 57, 61, 25, 3, 10, 13, 27, 26, 55, 20, 52, 28, 37, 40, 8, 7, 58, 5, 43, 34, 19, 18, 36, 51, 38, 41, 4, 46, 39, 56, 47, 6, 54, 48, 11 ],
[ 15, 43, 44, 5, 8, 47, 2, 54, 32, 28, 12, 14, 9, 17, 36, 39, 18, 20, 51, 41, 35, 29, 24, 1, 21, 16, 22, 19, 34, 23, 11, 64, 30, 52, 27, 26, 53, 6, 40, 42, 37, 45, 56, 63, 46, 48, 57, 61, 55, 7, 49, 50, 58, 59, 4, 3, 62, 38, 60, 13, 33, 31, 25, 10 ]
],
[ PermutationGroup<64 |  
\[ 12, 40, 8, 53, 2, 5, 49, 38, 25, 14, 30, 9, 62, 24, 27, 20, 64, 15, 18, 28, 13, 1, 31, 21, 33, 29, 32, 22, 10, 63, 60, 11, 57, 36, 23, 17, 51, 42, 52, 37, 26, 7, 4, 48, 58, 43, 46, 6, 41, 16, 34, 19, 39, 56, 50, 45, 54, 55, 47, 44, 3, 61, 59, 35 ],
\[ 3, 10, 16, 22, 18, 26, 1, 34, 38, 44, 5, 46, 2, 54, 57, 21, 61, 60, 25, 30, 45, 59, 43, 6, 4, 31, 48, 62, 33, 58, 42, 56, 7, 13, 8, 63, 24, 28, 12, 27, 9, 17, 36, 49, 29, 20, 51, 52, 35, 32, 11, 23, 64, 41, 14, 19, 39, 15, 50, 53, 37, 55, 40, 47 ],
\[ 4, 11, 17, 23, 24, 27, 31, 1, 39, 45, 50, 7, 16, 2, 5, 59, 43, 56, 48, 3, 37, 38, 49, 55, 41, 54, 58, 46, 6, 51, 52, 40, 19, 47, 53, 8, 63, 35, 60, 13, 44, 9, 12, 18, 32, 64, 22, 10, 33, 62, 61, 57, 25, 15, 30, 14, 29, 21, 36, 26, 28, 34, 20, 42 ]:
 Order := 64 > |
[ 22, 5, 61, 43, 6, 48, 42, 3, 12, 29, 32, 1, 21, 10, 18, 50, 36, 19, 52, 16, 24, 28, 35, 14, 9, 41, 15, 20, 26, 11, 23, 27, 25, 51, 64, 34, 40, 8, 53, 2, 49, 38, 46, 60, 56, 47, 59, 44, 7, 55, 37, 39, 4, 57, 58, 54, 33, 45, 63, 31, 62, 13, 30, 17 ],
[ 3, 10, 16, 22, 18, 26, 1, 34, 38, 44, 5, 46, 2, 54, 57, 21, 61, 60, 25, 30, 45, 59, 43, 6, 4, 31, 48, 62, 33, 58, 42, 56, 7, 13, 8, 63, 24, 28, 12, 27, 9, 17, 36, 49, 29, 20, 51, 52, 35, 32, 11, 23, 64, 41, 14, 19, 39, 15, 50, 53, 37, 55, 40, 47 ],
[ 39, 63, 35, 60, 13, 11, 44, 9, 19, 55, 20, 41, 28, 37, 40, 46, 53, 58, 5, 38, 34, 7, 26, 16, 29, 45, 50, 4, 2, 36, 18, 51, 15, 43, 52, 42, 47, 31, 48, 61, 6, 33, 25, 27, 30, 23, 12, 24, 54, 3, 8, 56, 57, 32, 59, 21, 14, 62, 64, 10, 1, 17, 22, 49 ]
]
];
s`SolvableDBPointedPassport := [ PowerSequence(PermutationGroup<64 |  
\[ 12, 40, 8, 53, 2, 5, 49, 38, 25, 14, 30, 9, 62, 24, 27, 20, 64, 15, 18, 28, 13, 1, 31, 21, 33, 29, 32, 22, 10, 63, 60, 11, 57, 36, 23, 17, 51, 42, 52, 37, 26, 7, 4, 48, 58, 43, 46, 6, 41, 16, 34, 19, 39, 56, 50, 45, 54, 55, 47, 44, 3, 61, 59, 35 ],
\[ 3, 10, 16, 22, 18, 26, 1, 34, 38, 44, 5, 46, 2, 54, 57, 21, 61, 60, 25, 30, 45, 59, 43, 6, 4, 31, 48, 62, 33, 58, 42, 56, 7, 13, 8, 63, 24, 28, 12, 27, 9, 17, 36, 49, 29, 20, 51, 52, 35, 32, 11, 23, 64, 41, 14, 19, 39, 15, 50, 53, 37, 55, 40, 47 ],
\[ 4, 11, 17, 23, 24, 27, 31, 1, 39, 45, 50, 7, 16, 2, 5, 59, 43, 56, 48, 3, 37, 38, 49, 55, 41, 54, 58, 46, 6, 51, 52, 40, 19, 47, 53, 8, 63, 35, 60, 13, 44, 9, 12, 18, 32, 64, 22, 10, 33, 62, 61, 57, 25, 15, 30, 14, 29, 21, 36, 26, 28, 34, 20, 42 ]:
 Order := 64 >) |
[ PermutationGroup<64 |  
\[ 12, 40, 8, 53, 2, 5, 49, 38, 25, 14, 30, 9, 62, 24, 27, 20, 64, 15, 18, 28, 13, 1, 31, 21, 33, 29, 32, 22, 10, 63, 60, 11, 57, 36, 23, 17, 51, 42, 52, 37, 26, 7, 4, 48, 58, 43, 46, 6, 41, 16, 34, 19, 39, 56, 50, 45, 54, 55, 47, 44, 3, 61, 59, 35 ],
\[ 3, 10, 16, 22, 18, 26, 1, 34, 38, 44, 5, 46, 2, 54, 57, 21, 61, 60, 25, 30, 45, 59, 43, 6, 4, 31, 48, 62, 33, 58, 42, 56, 7, 13, 8, 63, 24, 28, 12, 27, 9, 17, 36, 49, 29, 20, 51, 52, 35, 32, 11, 23, 64, 41, 14, 19, 39, 15, 50, 53, 37, 55, 40, 47 ],
\[ 4, 11, 17, 23, 24, 27, 31, 1, 39, 45, 50, 7, 16, 2, 5, 59, 43, 56, 48, 3, 37, 38, 49, 55, 41, 54, 58, 46, 6, 51, 52, 40, 19, 47, 53, 8, 63, 35, 60, 13, 44, 9, 12, 18, 32, 64, 22, 10, 33, 62, 61, 57, 25, 15, 30, 14, 29, 21, 36, 26, 28, 34, 20, 42 ]:
 Order := 64 > |
[ 17, 45, 59, 38, 56, 54, 4, 47, 35, 18, 24, 64, 11, 15, 29, 37, 28, 26, 41, 51, 32, 36, 12, 27, 23, 52, 10, 34, 19, 21, 9, 14, 31, 16, 1, 20, 55, 46, 7, 58, 39, 43, 8, 33, 6, 3, 61, 57, 53, 40, 50, 49, 42, 44, 2, 48, 60, 5, 62, 25, 63, 30, 13, 22 ],
[ 29, 8, 33, 56, 47, 61, 45, 44, 14, 34, 64, 15, 35, 28, 20, 7, 26, 51, 50, 39, 1, 19, 27, 17, 32, 37, 36, 41, 16, 12, 24, 22, 21, 49, 10, 52, 42, 54, 58, 43, 55, 6, 48, 13, 3, 57, 60, 63, 2, 4, 53, 40, 5, 62, 38, 59, 30, 46, 25, 11, 31, 9, 23, 18 ],
[ 13, 41, 58, 16, 39, 7, 20, 40, 61, 23, 44, 63, 48, 25, 9, 10, 21, 35, 1, 27, 57, 11, 59, 60, 47, 64, 31, 24, 12, 54, 3, 33, 8, 14, 62, 32, 29, 50, 28, 19, 22, 51, 37, 38, 49, 55, 2, 4, 36, 18, 15, 17, 34, 42, 26, 53, 43, 52, 45, 46, 5, 56, 6, 30 ]
],
[ PermutationGroup<64 |  
\[ 12, 40, 8, 53, 2, 5, 49, 38, 25, 14, 30, 9, 62, 24, 27, 20, 64, 15, 18, 28, 13, 1, 31, 21, 33, 29, 32, 22, 10, 63, 60, 11, 57, 36, 23, 17, 51, 42, 52, 37, 26, 7, 4, 48, 58, 43, 46, 6, 41, 16, 34, 19, 39, 56, 50, 45, 54, 55, 47, 44, 3, 61, 59, 35 ],
\[ 3, 10, 16, 22, 18, 26, 1, 34, 38, 44, 5, 46, 2, 54, 57, 21, 61, 60, 25, 30, 45, 59, 43, 6, 4, 31, 48, 62, 33, 58, 42, 56, 7, 13, 8, 63, 24, 28, 12, 27, 9, 17, 36, 49, 29, 20, 51, 52, 35, 32, 11, 23, 64, 41, 14, 19, 39, 15, 50, 53, 37, 55, 40, 47 ],
\[ 4, 11, 17, 23, 24, 27, 31, 1, 39, 45, 50, 7, 16, 2, 5, 59, 43, 56, 48, 3, 37, 38, 49, 55, 41, 54, 58, 46, 6, 51, 52, 40, 19, 47, 53, 8, 63, 35, 60, 13, 44, 9, 12, 18, 32, 64, 22, 10, 33, 62, 61, 57, 25, 15, 30, 14, 29, 21, 36, 26, 28, 34, 20, 42 ]:
 Order := 64 > |
[ 17, 45, 59, 38, 56, 54, 4, 47, 35, 18, 24, 64, 11, 15, 29, 37, 28, 26, 41, 51, 32, 36, 12, 27, 23, 52, 10, 34, 19, 21, 9, 14, 31, 16, 1, 20, 55, 46, 7, 58, 39, 43, 8, 33, 6, 3, 61, 57, 53, 40, 50, 49, 42, 44, 2, 48, 60, 5, 62, 25, 63, 30, 13, 22 ],
[ 21, 49, 45, 50, 53, 42, 16, 2, 62, 35, 60, 30, 44, 9, 12, 29, 24, 64, 22, 15, 33, 32, 63, 31, 59, 17, 23, 14, 1, 57, 61, 25, 3, 10, 13, 27, 26, 55, 20, 52, 28, 37, 40, 8, 7, 58, 5, 43, 34, 19, 18, 36, 51, 38, 41, 4, 46, 39, 56, 47, 6, 54, 48, 11 ],
[ 10, 38, 57, 45, 46, 3, 58, 48, 24, 36, 35, 27, 23, 22, 28, 49, 29, 34, 16, 52, 12, 18, 32, 64, 11, 51, 17, 26, 20, 9, 21, 1, 13, 41, 14, 19, 7, 56, 55, 4, 50, 5, 6, 62, 8, 54, 44, 59, 40, 53, 39, 37, 2, 61, 42, 47, 63, 43, 33, 30, 60, 25, 31, 15 ]
]
];
s`SolvableDBMonodromyGroup := PermutationGroup<64 |  
\[ 12, 40, 8, 53, 2, 5, 49, 38, 25, 14, 30, 9, 62, 24, 27, 20, 64, 15, 18, 28, 13, 1, 31, 21, 33, 29, 32, 22, 10, 63, 60, 11, 57, 36, 23, 17, 51, 42, 52, 37, 26, 7, 4, 48, 58, 43, 46, 6, 41, 16, 34, 19, 39, 56, 50, 45, 54, 55, 47, 44, 3, 61, 59, 35 ],
\[ 3, 10, 16, 22, 18, 26, 1, 34, 38, 44, 5, 46, 2, 54, 57, 21, 61, 60, 25, 30, 45, 59, 43, 6, 4, 31, 48, 62, 33, 58, 42, 56, 7, 13, 8, 63, 24, 28, 12, 27, 9, 17, 36, 49, 29, 20, 51, 52, 35, 32, 11, 23, 64, 41, 14, 19, 39, 15, 50, 53, 37, 55, 40, 47 ],
\[ 4, 11, 17, 23, 24, 27, 31, 1, 39, 45, 50, 7, 16, 2, 5, 59, 43, 56, 48, 3, 37, 38, 49, 55, 41, 54, 58, 46, 6, 51, 52, 40, 19, 47, 53, 8, 63, 35, 60, 13, 44, 9, 12, 18, 32, 64, 22, 10, 33, 62, 61, 57, 25, 15, 30, 14, 29, 21, 36, 26, 28, 34, 20, 42 ] >;
s`SolvableDBAutomorphismGroup := PermutationGroup<64 |  
\[ 58, 23, 15, 21, 35, 64, 30, 27, 50, 43, 49, 55, 52, 4, 38, 57, 5, 8, 3, 54, 39, 45, 37, 53, 16, 47, 42, 56, 46, 41, 51, 7, 20, 48, 40, 6, 60, 32, 62, 31, 59, 11, 24, 36, 12, 14, 10, 17, 63, 33, 44, 61, 13, 22, 25, 1, 28, 9, 29, 34, 18, 19, 26, 2 ],
\[ 62, 19, 55, 34, 52, 39, 28, 50, 3, 25, 48, 61, 56, 33, 31, 14, 30, 23, 35, 24, 54, 13, 47, 57, 8, 12, 60, 21, 9, 6, 46, 44, 38, 32, 59, 11, 15, 16, 17, 18, 1, 20, 51, 4, 41, 37, 40, 53, 22, 10, 27, 64, 36, 7, 29, 49, 42, 26, 2, 43, 58, 45, 5, 63 ]:
 Order := 64 >;
s`SolvableDBPointedAutomorphismGroup := PermutationGroup<64 |  
\[ 56, 64, 19, 14, 17, 36, 32, 18, 58, 47, 42, 45, 53, 46, 3, 25, 48, 61, 62, 33, 4, 54, 2, 43, 55, 63, 8, 57, 59, 7, 40, 38, 50, 60, 5, 44, 23, 15, 21, 35, 30, 27, 10, 51, 22, 29, 26, 34, 11, 9, 31, 13, 24, 20, 12, 28, 16, 1, 41, 37, 52, 39, 49, 6 ]:
 Order := 16 >;

/*
Top Level Belyi Curve/Map
*/


/*
Graph Data
*/

s`SolvableDBPathToPP1 := [ Strings() | "PP1", "2T1-2,1,2-g0-path1", "4T1-4,2,4-g1-path1", "8T2-4,2,4-g1-path2", "16T5-8,4,8-g5-path4", "32S17-16,8,16-g13-path8", "64S29-16,8,16-g25-path31" ];
s`SolvableDBChildren := [ Strings() | "32S17-16,8,16-g13-path8" ];

/*
Return for eval
*/

return s;
