s := SolvableDBObjectInitialize();

/*
Basic Information about the Passport
*/

s`SolvableDBName := "64S21-8,4,4-g13-path15";
s`SolvableDBFilename := "64S21-8,4,4-g13-path15.m";
s`SolvableDBPathNumber := 15;
s`SolvableDBDegree := 64;
s`SolvableDBABC := \[ 8, 4, 4 ];
s`SolvableDBType := "Hyperbolic";
s`SolvableDBGenus := 13;
s`SolvableDBGaloisOrbitSize := 1;
s`SolvableDBPassportSize := 1;
s`SolvableDBPointedPassportSize := 1;
s`SolvableDBLevel := 6;
s`SolvableDBBlocks := {@ PowerSet(IntegerRing()) |
{ IntegerRing() | 1, 5 },
{ IntegerRing() | 2, 12 },
{ IntegerRing() | 3, 18 },
{ IntegerRing() | 4, 24 },
{ IntegerRing() | 6, 22 },
{ IntegerRing() | 7, 11 },
{ IntegerRing() | 8, 15 },
{ IntegerRing() | 9, 38 },
{ IntegerRing() | 10, 43 },
{ IntegerRing() | 13, 37 },
{ IntegerRing() | 14, 40 },
{ IntegerRing() | 16, 48 },
{ IntegerRing() | 17, 57 },
{ IntegerRing() | 19, 39 },
{ IntegerRing() | 20, 41 },
{ IntegerRing() | 21, 59 },
{ IntegerRing() | 23, 51 },
{ IntegerRing() | 25, 49 },
{ IntegerRing() | 26, 56 },
{ IntegerRing() | 27, 50 },
{ IntegerRing() | 28, 60 },
{ IntegerRing() | 29, 61 },
{ IntegerRing() | 30, 62 },
{ IntegerRing() | 31, 45 },
{ IntegerRing() | 32, 46 },
{ IntegerRing() | 33, 47 },
{ IntegerRing() | 34, 53 },
{ IntegerRing() | 35, 54 },
{ IntegerRing() | 36, 55 },
{ IntegerRing() | 42, 63 },
{ IntegerRing() | 44, 58 },
{ IntegerRing() | 52, 64 }
@};

/*
Permutations and Passports
*/

s`SolvableDBGaloisOrbit := [ PowerSequence(PermutationGroup<64 |  
\[ 2, 3, 4, 5, 6, 7, 8, 9, 10, 11, 12, 13, 14, 15, 16, 17, 18, 19, 20, 21, 22, 23, 24, 25, 26, 27, 28, 29, 30, 31, 32, 33, 34, 35, 36, 37, 38, 39, 40, 41, 42, 43, 44, 45, 46, 47, 48, 49, 50, 51, 52, 53, 54, 55, 56, 57, 58, 59, 60, 61, 62, 63, 64, 1 ],
\[ 2, 1, 3, 4, 5, 6, 7, 8, 9, 10, 11, 12, 13, 14, 15, 16, 17, 18, 19, 20, 21, 22, 23, 24, 25, 26, 27, 28, 29, 30, 31, 32, 33, 34, 35, 36, 37, 38, 39, 40, 41, 42, 43, 44, 45, 46, 47, 48, 49, 50, 51, 52, 53, 54, 55, 56, 57, 58, 59, 60, 61, 62, 63, 64 ]:
 Order := 126886932185884164103433389335161480802865516174545192198801894375214704230400000000000000 >) |
[ PermutationGroup<64 |  
\[ 2, 3, 4, 5, 6, 7, 8, 9, 10, 11, 12, 13, 14, 15, 16, 17, 18, 19, 20, 21, 22, 23, 24, 25, 26, 27, 28, 29, 30, 31, 32, 33, 34, 35, 36, 37, 38, 39, 40, 41, 42, 43, 44, 45, 46, 47, 48, 49, 50, 51, 52, 53, 54, 55, 56, 57, 58, 59, 60, 61, 62, 63, 64, 1 ],
\[ 2, 1, 3, 4, 5, 6, 7, 8, 9, 10, 11, 12, 13, 14, 15, 16, 17, 18, 19, 20, 21, 22, 23, 24, 25, 26, 27, 28, 29, 30, 31, 32, 33, 34, 35, 36, 37, 38, 39, 40, 41, 42, 43, 44, 45, 46, 47, 48, 49, 50, 51, 52, 53, 54, 55, 56, 57, 58, 59, 60, 61, 62, 63, 64 ]:
 Order := 126886932185884164103433389335161480802865516174545192198801894375214704230400000000000000 > |
[ 12, 38, 8, 59, 2, 5, 45, 53, 54, 14, 31, 9, 25, 27, 34, 20, 63, 15, 18, 58, 39, 1, 32, 21, 24, 16, 30, 43, 22, 47, 28, 61, 11, 37, 23, 64, 49, 35, 3, 50, 44, 26, 40, 36, 60, 29, 7, 41, 4, 62, 46, 57, 13, 51, 52, 48, 42, 55, 19, 10, 6, 33, 56, 17 ],
[ 3, 10, 16, 22, 18, 27, 1, 35, 21, 41, 5, 43, 2, 51, 54, 7, 39, 48, 46, 37, 58, 50, 49, 6, 52, 4, 56, 61, 53, 9, 55, 47, 57, 63, 45, 8, 12, 59, 32, 23, 13, 60, 20, 62, 36, 33, 17, 11, 64, 26, 25, 14, 42, 31, 15, 24, 19, 30, 44, 29, 34, 38, 28, 40 ],
[ 4, 11, 17, 23, 24, 28, 32, 1, 37, 42, 46, 7, 29, 2, 5, 50, 49, 57, 38, 3, 56, 60, 8, 51, 41, 53, 52, 54, 19, 6, 48, 40, 44, 55, 62, 59, 61, 13, 9, 12, 18, 33, 63, 10, 16, 14, 58, 27, 20, 64, 15, 31, 36, 30, 21, 34, 25, 43, 26, 35, 39, 22, 47, 45 ]
]
];
s`SolvableDBPassport := [ PowerSequence(PermutationGroup<64 |  
\[ 12, 38, 8, 59, 2, 5, 45, 53, 54, 14, 31, 9, 25, 27, 34, 20, 63, 15, 18, 58, 39, 1, 32, 21, 24, 16, 30, 43, 22, 47, 28, 61, 11, 37, 23, 64, 49, 35, 3, 50, 44, 26, 40, 36, 60, 29, 7, 41, 4, 62, 46, 57, 13, 51, 52, 48, 42, 55, 19, 10, 6, 33, 56, 17 ],
\[ 3, 10, 16, 22, 18, 27, 1, 35, 21, 41, 5, 43, 2, 51, 54, 7, 39, 48, 46, 37, 58, 50, 49, 6, 52, 4, 56, 61, 53, 9, 55, 47, 57, 63, 45, 8, 12, 59, 32, 23, 13, 60, 20, 62, 36, 33, 17, 11, 64, 26, 25, 14, 42, 31, 15, 24, 19, 30, 44, 29, 34, 38, 28, 40 ],
\[ 4, 11, 17, 23, 24, 28, 32, 1, 37, 42, 46, 7, 29, 2, 5, 50, 49, 57, 38, 3, 56, 60, 8, 51, 41, 53, 52, 54, 19, 6, 48, 40, 44, 55, 62, 59, 61, 13, 9, 12, 18, 33, 63, 10, 16, 14, 58, 27, 20, 64, 15, 31, 36, 30, 21, 34, 25, 43, 26, 35, 39, 22, 47, 45 ]:
 Order := 64 >) |
[ PermutationGroup<64 |  
\[ 12, 38, 8, 59, 2, 5, 45, 53, 54, 14, 31, 9, 25, 27, 34, 20, 63, 15, 18, 58, 39, 1, 32, 21, 24, 16, 30, 43, 22, 47, 28, 61, 11, 37, 23, 64, 49, 35, 3, 50, 44, 26, 40, 36, 60, 29, 7, 41, 4, 62, 46, 57, 13, 51, 52, 48, 42, 55, 19, 10, 6, 33, 56, 17 ],
\[ 3, 10, 16, 22, 18, 27, 1, 35, 21, 41, 5, 43, 2, 51, 54, 7, 39, 48, 46, 37, 58, 50, 49, 6, 52, 4, 56, 61, 53, 9, 55, 47, 57, 63, 45, 8, 12, 59, 32, 23, 13, 60, 20, 62, 36, 33, 17, 11, 64, 26, 25, 14, 42, 31, 15, 24, 19, 30, 44, 29, 34, 38, 28, 40 ],
\[ 4, 11, 17, 23, 24, 28, 32, 1, 37, 42, 46, 7, 29, 2, 5, 50, 49, 57, 38, 3, 56, 60, 8, 51, 41, 53, 52, 54, 19, 6, 48, 40, 44, 55, 62, 59, 61, 13, 9, 12, 18, 33, 63, 10, 16, 14, 58, 27, 20, 64, 15, 31, 36, 30, 21, 34, 25, 43, 26, 35, 39, 22, 47, 45 ]:
 Order := 64 > |
[ 12, 38, 8, 59, 2, 5, 45, 53, 54, 14, 31, 9, 25, 27, 34, 20, 63, 15, 18, 58, 39, 1, 32, 21, 24, 16, 30, 43, 22, 47, 28, 61, 11, 37, 23, 64, 49, 35, 3, 50, 44, 26, 40, 36, 60, 29, 7, 41, 4, 62, 46, 57, 13, 51, 52, 48, 42, 55, 19, 10, 6, 33, 56, 17 ],
[ 3, 10, 16, 22, 18, 27, 1, 35, 21, 41, 5, 43, 2, 51, 54, 7, 39, 48, 46, 37, 58, 50, 49, 6, 52, 4, 56, 61, 53, 9, 55, 47, 57, 63, 45, 8, 12, 59, 32, 23, 13, 60, 20, 62, 36, 33, 17, 11, 64, 26, 25, 14, 42, 31, 15, 24, 19, 30, 44, 29, 34, 38, 28, 40 ],
[ 4, 11, 17, 23, 24, 28, 32, 1, 37, 42, 46, 7, 29, 2, 5, 50, 49, 57, 38, 3, 56, 60, 8, 51, 41, 53, 52, 54, 19, 6, 48, 40, 44, 55, 62, 59, 61, 13, 9, 12, 18, 33, 63, 10, 16, 14, 58, 27, 20, 64, 15, 31, 36, 30, 21, 34, 25, 43, 26, 35, 39, 22, 47, 45 ]
]
];
s`SolvableDBPointedPassport := [ PowerSequence(PermutationGroup<64 |  
\[ 12, 38, 8, 59, 2, 5, 45, 53, 54, 14, 31, 9, 25, 27, 34, 20, 63, 15, 18, 58, 39, 1, 32, 21, 24, 16, 30, 43, 22, 47, 28, 61, 11, 37, 23, 64, 49, 35, 3, 50, 44, 26, 40, 36, 60, 29, 7, 41, 4, 62, 46, 57, 13, 51, 52, 48, 42, 55, 19, 10, 6, 33, 56, 17 ],
\[ 3, 10, 16, 22, 18, 27, 1, 35, 21, 41, 5, 43, 2, 51, 54, 7, 39, 48, 46, 37, 58, 50, 49, 6, 52, 4, 56, 61, 53, 9, 55, 47, 57, 63, 45, 8, 12, 59, 32, 23, 13, 60, 20, 62, 36, 33, 17, 11, 64, 26, 25, 14, 42, 31, 15, 24, 19, 30, 44, 29, 34, 38, 28, 40 ],
\[ 4, 11, 17, 23, 24, 28, 32, 1, 37, 42, 46, 7, 29, 2, 5, 50, 49, 57, 38, 3, 56, 60, 8, 51, 41, 53, 52, 54, 19, 6, 48, 40, 44, 55, 62, 59, 61, 13, 9, 12, 18, 33, 63, 10, 16, 14, 58, 27, 20, 64, 15, 31, 36, 30, 21, 34, 25, 43, 26, 35, 39, 22, 47, 45 ]:
 Order := 64 >) |
[ PermutationGroup<64 |  
\[ 12, 38, 8, 59, 2, 5, 45, 53, 54, 14, 31, 9, 25, 27, 34, 20, 63, 15, 18, 58, 39, 1, 32, 21, 24, 16, 30, 43, 22, 47, 28, 61, 11, 37, 23, 64, 49, 35, 3, 50, 44, 26, 40, 36, 60, 29, 7, 41, 4, 62, 46, 57, 13, 51, 52, 48, 42, 55, 19, 10, 6, 33, 56, 17 ],
\[ 3, 10, 16, 22, 18, 27, 1, 35, 21, 41, 5, 43, 2, 51, 54, 7, 39, 48, 46, 37, 58, 50, 49, 6, 52, 4, 56, 61, 53, 9, 55, 47, 57, 63, 45, 8, 12, 59, 32, 23, 13, 60, 20, 62, 36, 33, 17, 11, 64, 26, 25, 14, 42, 31, 15, 24, 19, 30, 44, 29, 34, 38, 28, 40 ],
\[ 4, 11, 17, 23, 24, 28, 32, 1, 37, 42, 46, 7, 29, 2, 5, 50, 49, 57, 38, 3, 56, 60, 8, 51, 41, 53, 52, 54, 19, 6, 48, 40, 44, 55, 62, 59, 61, 13, 9, 12, 18, 33, 63, 10, 16, 14, 58, 27, 20, 64, 15, 31, 36, 30, 21, 34, 25, 43, 26, 35, 39, 22, 47, 45 ]:
 Order := 64 > |
[ 12, 38, 8, 59, 2, 5, 45, 53, 54, 14, 31, 9, 25, 27, 34, 20, 63, 15, 18, 58, 39, 1, 32, 21, 24, 16, 30, 43, 22, 47, 28, 61, 11, 37, 23, 64, 49, 35, 3, 50, 44, 26, 40, 36, 60, 29, 7, 41, 4, 62, 46, 57, 13, 51, 52, 48, 42, 55, 19, 10, 6, 33, 56, 17 ],
[ 28, 4, 38, 41, 60, 19, 44, 57, 11, 54, 58, 24, 55, 63, 17, 34, 31, 9, 56, 27, 23, 39, 30, 20, 61, 47, 12, 16, 40, 64, 32, 15, 6, 1, 37, 43, 36, 7, 26, 42, 50, 49, 35, 3, 46, 8, 22, 53, 29, 2, 62, 59, 5, 13, 10, 33, 45, 18, 51, 48, 14, 52, 25, 21 ],
[ 47, 53, 22, 42, 33, 25, 26, 44, 27, 5, 56, 34, 48, 55, 58, 39, 30, 6, 52, 28, 12, 49, 43, 63, 54, 40, 61, 17, 45, 20, 9, 21, 51, 32, 3, 7, 16, 50, 64, 36, 60, 8, 1, 4, 38, 59, 23, 19, 35, 29, 10, 13, 46, 18, 11, 14, 62, 24, 2, 57, 31, 41, 15, 37 ]
]
];
s`SolvableDBMonodromyGroup := PermutationGroup<64 |  
\[ 12, 38, 8, 59, 2, 5, 45, 53, 54, 14, 31, 9, 25, 27, 34, 20, 63, 15, 18, 58, 39, 1, 32, 21, 24, 16, 30, 43, 22, 47, 28, 61, 11, 37, 23, 64, 49, 35, 3, 50, 44, 26, 40, 36, 60, 29, 7, 41, 4, 62, 46, 57, 13, 51, 52, 48, 42, 55, 19, 10, 6, 33, 56, 17 ],
\[ 3, 10, 16, 22, 18, 27, 1, 35, 21, 41, 5, 43, 2, 51, 54, 7, 39, 48, 46, 37, 58, 50, 49, 6, 52, 4, 56, 61, 53, 9, 55, 47, 57, 63, 45, 8, 12, 59, 32, 23, 13, 60, 20, 62, 36, 33, 17, 11, 64, 26, 25, 14, 42, 31, 15, 24, 19, 30, 44, 29, 34, 38, 28, 40 ],
\[ 4, 11, 17, 23, 24, 28, 32, 1, 37, 42, 46, 7, 29, 2, 5, 50, 49, 57, 38, 3, 56, 60, 8, 51, 41, 53, 52, 54, 19, 6, 48, 40, 44, 55, 62, 59, 61, 13, 9, 12, 18, 33, 63, 10, 16, 14, 58, 27, 20, 64, 15, 31, 36, 30, 21, 34, 25, 43, 26, 35, 39, 22, 47, 45 ] >;
s`SolvableDBAutomorphismGroup := PermutationGroup<64 |  
\[ 54, 23, 31, 30, 35, 38, 15, 28, 46, 49, 8, 51, 40, 4, 60, 55, 48, 45, 7, 52, 33, 9, 6, 62, 50, 58, 59, 13, 12, 19, 53, 5, 3, 10, 61, 63, 14, 32, 11, 24, 64, 20, 25, 17, 34, 1, 18, 36, 27, 21, 22, 26, 43, 29, 42, 44, 16, 57, 47, 37, 2, 39, 41, 56 ],
\[ 60, 43, 29, 35, 28, 31, 42, 22, 14, 20, 63, 10, 12, 58, 6, 53, 19, 61, 32, 13, 51, 45, 62, 54, 9, 8, 55, 48, 7, 52, 56, 33, 17, 5, 50, 4, 2, 40, 46, 44, 37, 3, 41, 49, 26, 47, 57, 34, 38, 36, 30, 21, 1, 27, 24, 15, 39, 25, 23, 16, 11, 64, 18, 59 ]:
 Order := 64 >;
s`SolvableDBPointedAutomorphismGroup := PermutationGroup<64 |  
\[ 46, 61, 33, 14, 32, 23, 19, 11, 22, 34, 39, 29, 28, 37, 7, 57, 44, 47, 30, 42, 50, 51, 2, 40, 43, 52, 49, 8, 54, 4, 3, 38, 21, 45, 5, 48, 60, 6, 62, 13, 63, 55, 53, 56, 18, 9, 59, 17, 10, 25, 12, 20, 31, 1, 16, 64, 58, 26, 27, 15, 35, 24, 36, 41 ]:
 Order := 8 >;

/*
Top Level Belyi Curve/Map
*/


/*
Graph Data
*/

s`SolvableDBPathToPP1 := [ Strings() | "PP1", "2T1-1,2,2-g0-path1", "4T2-2,2,2-g0-path1", "8T4-4,2,2-g0-path1", "16T10-4,4,2-g1-path9", "32S10-8,4,4-g7-path22", "64S21-8,4,4-g13-path15" ];
s`SolvableDBChildren := [ Strings() | "32S10-8,4,4-g7-path22" ];

/*
Return for eval
*/

return s;
