s := SolvableDBObjectInitialize();

/*
Basic Information about the Passport
*/

s`SolvableDBName := "64S21-4,8,4-g13-path170";
s`SolvableDBFilename := "64S21-4,8,4-g13-path170.m";
s`SolvableDBPathNumber := 170;
s`SolvableDBDegree := 64;
s`SolvableDBABC := \[ 4, 8, 4 ];
s`SolvableDBType := "Hyperbolic";
s`SolvableDBGenus := 13;
s`SolvableDBGaloisOrbitSize := 1;
s`SolvableDBPassportSize := 1;
s`SolvableDBPointedPassportSize := 1;
s`SolvableDBLevel := 6;
s`SolvableDBBlocks := {@ PowerSet(IntegerRing()) |
{ IntegerRing() | 1, 5 },
{ IntegerRing() | 2, 12 },
{ IntegerRing() | 3, 16 },
{ IntegerRing() | 4, 8 },
{ IntegerRing() | 6, 20 },
{ IntegerRing() | 7, 11 },
{ IntegerRing() | 9, 30 },
{ IntegerRing() | 10, 26 },
{ IntegerRing() | 13, 17 },
{ IntegerRing() | 14, 37 },
{ IntegerRing() | 15, 18 },
{ IntegerRing() | 19, 28 },
{ IntegerRing() | 21, 29 },
{ IntegerRing() | 22, 25 },
{ IntegerRing() | 23, 24 },
{ IntegerRing() | 27, 34 },
{ IntegerRing() | 31, 45 },
{ IntegerRing() | 32, 33 },
{ IntegerRing() | 35, 53 },
{ IntegerRing() | 36, 38 },
{ IntegerRing() | 39, 41 },
{ IntegerRing() | 40, 42 },
{ IntegerRing() | 43, 44 },
{ IntegerRing() | 46, 48 },
{ IntegerRing() | 47, 61 },
{ IntegerRing() | 49, 50 },
{ IntegerRing() | 51, 64 },
{ IntegerRing() | 52, 54 },
{ IntegerRing() | 55, 57 },
{ IntegerRing() | 56, 58 },
{ IntegerRing() | 59, 60 },
{ IntegerRing() | 62, 63 }
@};

/*
Permutations and Passports
*/

s`SolvableDBGaloisOrbit := [ PowerSequence(PermutationGroup<64 |  
\[ 2, 3, 4, 5, 6, 7, 8, 9, 10, 11, 12, 13, 14, 15, 16, 17, 18, 19, 20, 21, 22, 23, 24, 25, 26, 27, 28, 29, 30, 31, 32, 33, 34, 35, 36, 37, 38, 39, 40, 41, 42, 43, 44, 45, 46, 47, 48, 49, 50, 51, 52, 53, 54, 55, 56, 57, 58, 59, 60, 61, 62, 63, 64, 1 ],
\[ 2, 1, 3, 4, 5, 6, 7, 8, 9, 10, 11, 12, 13, 14, 15, 16, 17, 18, 19, 20, 21, 22, 23, 24, 25, 26, 27, 28, 29, 30, 31, 32, 33, 34, 35, 36, 37, 38, 39, 40, 41, 42, 43, 44, 45, 46, 47, 48, 49, 50, 51, 52, 53, 54, 55, 56, 57, 58, 59, 60, 61, 62, 63, 64 ]:
 Order := 126886932185884164103433389335161480802865516174545192198801894375214704230400000000000000 >) |
[ PermutationGroup<64 |  
\[ 2, 3, 4, 5, 6, 7, 8, 9, 10, 11, 12, 13, 14, 15, 16, 17, 18, 19, 20, 21, 22, 23, 24, 25, 26, 27, 28, 29, 30, 31, 32, 33, 34, 35, 36, 37, 38, 39, 40, 41, 42, 43, 44, 45, 46, 47, 48, 49, 50, 51, 52, 53, 54, 55, 56, 57, 58, 59, 60, 61, 62, 63, 64, 1 ],
\[ 2, 1, 3, 4, 5, 6, 7, 8, 9, 10, 11, 12, 13, 14, 15, 16, 17, 18, 19, 20, 21, 22, 23, 24, 25, 26, 27, 28, 29, 30, 31, 32, 33, 34, 35, 36, 37, 38, 39, 40, 41, 42, 43, 44, 45, 46, 47, 48, 49, 50, 51, 52, 53, 54, 55, 56, 57, 58, 59, 60, 61, 62, 63, 64 ]:
 Order := 126886932185884164103433389335161480802865516174545192198801894375214704230400000000000000 > |
[ 12, 30, 8, 28, 2, 5, 22, 19, 20, 7, 25, 9, 3, 18, 41, 4, 16, 39, 13, 1, 14, 24, 26, 10, 23, 11, 45, 17, 37, 6, 33, 44, 43, 31, 38, 57, 15, 55, 21, 35, 29, 53, 34, 27, 32, 59, 46, 60, 47, 61, 54, 63, 36, 62, 40, 51, 42, 64, 49, 50, 48, 56, 58, 52 ],
[ 3, 10, 14, 20, 16, 22, 1, 6, 19, 31, 5, 26, 2, 35, 13, 37, 12, 17, 39, 25, 4, 43, 30, 9, 44, 45, 7, 41, 8, 28, 47, 24, 23, 11, 51, 21, 53, 29, 55, 15, 57, 18, 59, 60, 61, 27, 52, 34, 32, 33, 46, 40, 64, 42, 62, 36, 63, 38, 58, 56, 54, 49, 50, 48 ],
[ 4, 11, 15, 5, 8, 23, 2, 1, 17, 32, 12, 7, 9, 36, 16, 18, 30, 3, 29, 24, 19, 27, 20, 6, 34, 33, 25, 21, 28, 13, 48, 26, 10, 22, 52, 37, 38, 14, 42, 39, 40, 41, 50, 49, 46, 31, 62, 45, 43, 44, 60, 53, 54, 35, 58, 55, 56, 57, 51, 64, 63, 61, 47, 59 ]
]
];
s`SolvableDBPassport := [ PowerSequence(PermutationGroup<64 |  
\[ 12, 30, 8, 28, 2, 5, 22, 19, 20, 7, 25, 9, 3, 18, 41, 4, 16, 39, 13, 1, 14, 24, 26, 10, 23, 11, 45, 17, 37, 6, 33, 44, 43, 31, 38, 57, 15, 55, 21, 35, 29, 53, 34, 27, 32, 59, 46, 60, 47, 61, 54, 63, 36, 62, 40, 51, 42, 64, 49, 50, 48, 56, 58, 52 ],
\[ 3, 10, 14, 20, 16, 22, 1, 6, 19, 31, 5, 26, 2, 35, 13, 37, 12, 17, 39, 25, 4, 43, 30, 9, 44, 45, 7, 41, 8, 28, 47, 24, 23, 11, 51, 21, 53, 29, 55, 15, 57, 18, 59, 60, 61, 27, 52, 34, 32, 33, 46, 40, 64, 42, 62, 36, 63, 38, 58, 56, 54, 49, 50, 48 ],
\[ 4, 11, 15, 5, 8, 23, 2, 1, 17, 32, 12, 7, 9, 36, 16, 18, 30, 3, 29, 24, 19, 27, 20, 6, 34, 33, 25, 21, 28, 13, 48, 26, 10, 22, 52, 37, 38, 14, 42, 39, 40, 41, 50, 49, 46, 31, 62, 45, 43, 44, 60, 53, 54, 35, 58, 55, 56, 57, 51, 64, 63, 61, 47, 59 ]:
 Order := 64 >) |
[ PermutationGroup<64 |  
\[ 12, 30, 8, 28, 2, 5, 22, 19, 20, 7, 25, 9, 3, 18, 41, 4, 16, 39, 13, 1, 14, 24, 26, 10, 23, 11, 45, 17, 37, 6, 33, 44, 43, 31, 38, 57, 15, 55, 21, 35, 29, 53, 34, 27, 32, 59, 46, 60, 47, 61, 54, 63, 36, 62, 40, 51, 42, 64, 49, 50, 48, 56, 58, 52 ],
\[ 3, 10, 14, 20, 16, 22, 1, 6, 19, 31, 5, 26, 2, 35, 13, 37, 12, 17, 39, 25, 4, 43, 30, 9, 44, 45, 7, 41, 8, 28, 47, 24, 23, 11, 51, 21, 53, 29, 55, 15, 57, 18, 59, 60, 61, 27, 52, 34, 32, 33, 46, 40, 64, 42, 62, 36, 63, 38, 58, 56, 54, 49, 50, 48 ],
\[ 4, 11, 15, 5, 8, 23, 2, 1, 17, 32, 12, 7, 9, 36, 16, 18, 30, 3, 29, 24, 19, 27, 20, 6, 34, 33, 25, 21, 28, 13, 48, 26, 10, 22, 52, 37, 38, 14, 42, 39, 40, 41, 50, 49, 46, 31, 62, 45, 43, 44, 60, 53, 54, 35, 58, 55, 56, 57, 51, 64, 63, 61, 47, 59 ]:
 Order := 64 > |
[ 20, 5, 13, 16, 6, 30, 10, 3, 12, 24, 26, 1, 19, 21, 37, 17, 28, 14, 8, 9, 39, 7, 25, 22, 11, 23, 44, 4, 41, 2, 34, 45, 31, 43, 40, 53, 29, 35, 18, 55, 15, 57, 33, 32, 27, 47, 49, 61, 59, 60, 56, 64, 42, 51, 38, 62, 36, 63, 46, 48, 50, 54, 52, 58 ],
[ 7, 13, 1, 21, 11, 8, 27, 29, 24, 2, 34, 17, 15, 3, 40, 5, 18, 42, 9, 4, 36, 6, 33, 32, 20, 12, 46, 30, 38, 23, 10, 49, 50, 48, 14, 56, 16, 58, 19, 52, 28, 54, 22, 25, 26, 51, 31, 64, 62, 63, 35, 47, 37, 61, 39, 60, 41, 59, 43, 44, 45, 55, 57, 53 ],
[ 26, 28, 6, 41, 10, 16, 43, 39, 25, 1, 44, 19, 14, 17, 57, 20, 37, 55, 2, 3, 35, 9, 45, 31, 30, 5, 61, 12, 53, 22, 23, 60, 59, 47, 29, 63, 13, 62, 4, 51, 8, 64, 11, 7, 24, 58, 27, 56, 52, 54, 42, 50, 21, 49, 15, 46, 18, 48, 32, 33, 34, 36, 38, 40 ]
]
];
s`SolvableDBPointedPassport := [ PowerSequence(PermutationGroup<64 |  
\[ 12, 30, 8, 28, 2, 5, 22, 19, 20, 7, 25, 9, 3, 18, 41, 4, 16, 39, 13, 1, 14, 24, 26, 10, 23, 11, 45, 17, 37, 6, 33, 44, 43, 31, 38, 57, 15, 55, 21, 35, 29, 53, 34, 27, 32, 59, 46, 60, 47, 61, 54, 63, 36, 62, 40, 51, 42, 64, 49, 50, 48, 56, 58, 52 ],
\[ 3, 10, 14, 20, 16, 22, 1, 6, 19, 31, 5, 26, 2, 35, 13, 37, 12, 17, 39, 25, 4, 43, 30, 9, 44, 45, 7, 41, 8, 28, 47, 24, 23, 11, 51, 21, 53, 29, 55, 15, 57, 18, 59, 60, 61, 27, 52, 34, 32, 33, 46, 40, 64, 42, 62, 36, 63, 38, 58, 56, 54, 49, 50, 48 ],
\[ 4, 11, 15, 5, 8, 23, 2, 1, 17, 32, 12, 7, 9, 36, 16, 18, 30, 3, 29, 24, 19, 27, 20, 6, 34, 33, 25, 21, 28, 13, 48, 26, 10, 22, 52, 37, 38, 14, 42, 39, 40, 41, 50, 49, 46, 31, 62, 45, 43, 44, 60, 53, 54, 35, 58, 55, 56, 57, 51, 64, 63, 61, 47, 59 ]:
 Order := 64 >) |
[ PermutationGroup<64 |  
\[ 12, 30, 8, 28, 2, 5, 22, 19, 20, 7, 25, 9, 3, 18, 41, 4, 16, 39, 13, 1, 14, 24, 26, 10, 23, 11, 45, 17, 37, 6, 33, 44, 43, 31, 38, 57, 15, 55, 21, 35, 29, 53, 34, 27, 32, 59, 46, 60, 47, 61, 54, 63, 36, 62, 40, 51, 42, 64, 49, 50, 48, 56, 58, 52 ],
\[ 3, 10, 14, 20, 16, 22, 1, 6, 19, 31, 5, 26, 2, 35, 13, 37, 12, 17, 39, 25, 4, 43, 30, 9, 44, 45, 7, 41, 8, 28, 47, 24, 23, 11, 51, 21, 53, 29, 55, 15, 57, 18, 59, 60, 61, 27, 52, 34, 32, 33, 46, 40, 64, 42, 62, 36, 63, 38, 58, 56, 54, 49, 50, 48 ],
\[ 4, 11, 15, 5, 8, 23, 2, 1, 17, 32, 12, 7, 9, 36, 16, 18, 30, 3, 29, 24, 19, 27, 20, 6, 34, 33, 25, 21, 28, 13, 48, 26, 10, 22, 52, 37, 38, 14, 42, 39, 40, 41, 50, 49, 46, 31, 62, 45, 43, 44, 60, 53, 54, 35, 58, 55, 56, 57, 51, 64, 63, 61, 47, 59 ]:
 Order := 64 > |
[ 28, 25, 41, 2, 19, 26, 30, 12, 16, 44, 9, 22, 20, 57, 4, 39, 6, 8, 37, 10, 13, 45, 1, 5, 31, 43, 23, 14, 17, 3, 60, 11, 7, 24, 63, 15, 55, 18, 53, 21, 35, 29, 61, 47, 59, 33, 56, 32, 34, 27, 50, 36, 62, 38, 64, 40, 51, 42, 54, 52, 58, 48, 46, 49 ],
[ 8, 7, 18, 1, 4, 24, 12, 5, 13, 33, 2, 11, 30, 38, 3, 15, 9, 16, 21, 23, 28, 34, 6, 20, 27, 32, 22, 29, 19, 17, 46, 10, 26, 25, 54, 14, 36, 37, 40, 41, 42, 39, 49, 50, 48, 45, 63, 31, 44, 43, 59, 35, 52, 53, 56, 57, 58, 55, 64, 51, 62, 47, 61, 60 ],
[ 20, 5, 13, 16, 6, 30, 10, 3, 12, 24, 26, 1, 19, 21, 37, 17, 28, 14, 8, 9, 39, 7, 25, 22, 11, 23, 44, 4, 41, 2, 34, 45, 31, 43, 40, 53, 29, 35, 18, 55, 15, 57, 33, 32, 27, 47, 49, 61, 59, 60, 56, 64, 42, 51, 38, 62, 36, 63, 46, 48, 50, 54, 52, 58 ]
]
];
s`SolvableDBMonodromyGroup := PermutationGroup<64 |  
\[ 12, 30, 8, 28, 2, 5, 22, 19, 20, 7, 25, 9, 3, 18, 41, 4, 16, 39, 13, 1, 14, 24, 26, 10, 23, 11, 45, 17, 37, 6, 33, 44, 43, 31, 38, 57, 15, 55, 21, 35, 29, 53, 34, 27, 32, 59, 46, 60, 47, 61, 54, 63, 36, 62, 40, 51, 42, 64, 49, 50, 48, 56, 58, 52 ],
\[ 3, 10, 14, 20, 16, 22, 1, 6, 19, 31, 5, 26, 2, 35, 13, 37, 12, 17, 39, 25, 4, 43, 30, 9, 44, 45, 7, 41, 8, 28, 47, 24, 23, 11, 51, 21, 53, 29, 55, 15, 57, 18, 59, 60, 61, 27, 52, 34, 32, 33, 46, 40, 64, 42, 62, 36, 63, 38, 58, 56, 54, 49, 50, 48 ],
\[ 4, 11, 15, 5, 8, 23, 2, 1, 17, 32, 12, 7, 9, 36, 16, 18, 30, 3, 29, 24, 19, 27, 20, 6, 34, 33, 25, 21, 28, 13, 48, 26, 10, 22, 52, 37, 38, 14, 42, 39, 40, 41, 50, 49, 46, 31, 62, 45, 43, 44, 60, 53, 54, 35, 58, 55, 56, 57, 51, 64, 63, 61, 47, 59 ] >;
s`SolvableDBAutomorphismGroup := PermutationGroup<64 |  
\[ 51, 52, 46, 60, 64, 58, 35, 59, 62, 40, 53, 54, 47, 27, 31, 48, 61, 45, 49, 56, 44, 38, 57, 55, 36, 42, 14, 50, 43, 63, 15, 39, 41, 37, 7, 25, 34, 22, 32, 10, 33, 26, 29, 21, 18, 3, 13, 16, 19, 28, 1, 2, 11, 12, 24, 20, 23, 6, 8, 4, 17, 9, 30, 5 ],
\[ 46, 60, 27, 31, 48, 61, 51, 45, 49, 56, 64, 59, 44, 7, 25, 34, 43, 22, 32, 47, 10, 54, 63, 62, 52, 58, 35, 33, 26, 50, 36, 55, 57, 53, 1, 2, 11, 12, 24, 20, 23, 6, 42, 40, 38, 14, 21, 37, 39, 41, 3, 4, 5, 8, 9, 13, 30, 17, 18, 15, 29, 19, 28, 16 ],
\[ 62, 58, 49, 61, 63, 52, 55, 47, 51, 38, 57, 56, 59, 32, 43, 50, 60, 44, 46, 54, 45, 40, 53, 35, 42, 36, 39, 48, 31, 64, 29, 14, 37, 41, 24, 26, 33, 10, 27, 22, 34, 25, 15, 18, 21, 19, 8, 28, 3, 16, 9, 6, 23, 20, 7, 12, 11, 2, 13, 17, 4, 1, 5, 30 ],
\[ 59, 50, 58, 51, 60, 48, 43, 64, 47, 33, 44, 49, 63, 38, 57, 56, 62, 55, 52, 46, 35, 34, 45, 31, 27, 32, 22, 54, 53, 61, 23, 10, 26, 25, 29, 14, 36, 37, 40, 41, 42, 39, 11, 7, 24, 6, 30, 20, 2, 12, 8, 28, 21, 19, 15, 3, 18, 16, 5, 1, 9, 13, 17, 4 ]:
 Order := 64 >;
s`SolvableDBPointedAutomorphismGroup := PermutationGroup<64 |  
\[ 9, 6, 19, 17, 30, 2, 24, 13, 1, 22, 23, 20, 8, 39, 29, 28, 4, 21, 3, 12, 18, 10, 11, 7, 26, 25, 32, 16, 15, 5, 43, 27, 34, 33, 55, 42, 41, 40, 14, 38, 37, 36, 31, 45, 44, 49, 59, 50, 46, 48, 62, 58, 57, 56, 35, 54, 53, 52, 47, 61, 60, 51, 64, 63 ],
\[ 20, 5, 25, 24, 6, 30, 4, 23, 12, 16, 8, 1, 11, 44, 34, 22, 7, 27, 26, 9, 32, 28, 13, 17, 19, 3, 21, 10, 33, 2, 37, 18, 15, 29, 60, 49, 43, 50, 45, 48, 31, 46, 41, 39, 14, 36, 53, 38, 42, 40, 56, 64, 59, 51, 61, 62, 47, 63, 57, 55, 35, 54, 52, 58 ]:
 Order := 4 >;

/*
Top Level Belyi Curve/Map
*/


/*
Graph Data
*/

s`SolvableDBPathToPP1 := [ Strings() | "PP1", "2T1-1,2,2-g0-path1", "4T2-2,2,2-g0-path1", "8T4-2,4,2-g0-path1", "16T12-4,8,2-g2-path1", "32S9-4,8,2-g3-path12", "64S21-4,8,4-g13-path170" ];
s`SolvableDBChildren := [ Strings() | "32S9-4,8,2-g3-path12" ];

/*
Return for eval
*/

return s;
