s := SolvableDBInitialize();

/*
Magma printing
*/

s`SolvableDBName := "64S29-8,16,16-g25-path3";
s`SolvableDBFilename := "64S29-8,16,16-g25-path3.m";
s`SolvableDBPassportName := "64S29-8,16,16-g25";
s`SolvableDBPathNumber := 3;
s`SolvableDBDegree := 64;
s`SolvableDBOrders := \[ 8, 16, 16 ];
s`SolvableDBType := "Hyperbolic";
s`SolvableDBGenus := 25;
s`SolvableDBGaloisOrbitSize := 1;
s`SolvableDBPassportSize := 2;
s`SolvableDBPointedPassportSize := 2;
s`SolvableDBLevel := 6;
s`SolvableDBBlocks := {@ PowerSet(IntegerRing()) |
{ IntegerRing() | 1, 5 },
{ IntegerRing() | 2, 11 },
{ IntegerRing() | 3, 16 },
{ IntegerRing() | 4, 21 },
{ IntegerRing() | 6, 15 },
{ IntegerRing() | 7, 19 },
{ IntegerRing() | 8, 10 },
{ IntegerRing() | 9, 34 },
{ IntegerRing() | 12, 27 },
{ IntegerRing() | 13, 30 },
{ IntegerRing() | 14, 43 },
{ IntegerRing() | 17, 24 },
{ IntegerRing() | 18, 31 },
{ IntegerRing() | 20, 50 },
{ IntegerRing() | 22, 25 },
{ IntegerRing() | 23, 28 },
{ IntegerRing() | 26, 45 },
{ IntegerRing() | 29, 39 },
{ IntegerRing() | 32, 37 },
{ IntegerRing() | 33, 62 },
{ IntegerRing() | 35, 38 },
{ IntegerRing() | 36, 41 },
{ IntegerRing() | 40, 46 },
{ IntegerRing() | 42, 52 },
{ IntegerRing() | 44, 48 },
{ IntegerRing() | 47, 56 },
{ IntegerRing() | 49, 60 },
{ IntegerRing() | 51, 54 },
{ IntegerRing() | 53, 57 },
{ IntegerRing() | 55, 59 },
{ IntegerRing() | 58, 64 },
{ IntegerRing() | 61, 63 }
@};
s`SolvableDBIsRamifiedAtEveryLevel := false;
s`SolvableDBGaloisOrbit := [ PowerSequence(PermutationGroup<64 |  
\[ 2, 3, 4, 5, 6, 7, 8, 9, 10, 11, 12, 13, 14, 15, 16, 17, 18, 19, 20, 21, 22, 23, 24, 25, 26, 27, 28, 29, 30, 31, 32, 33, 34, 35, 36, 37, 38, 39, 40, 41, 42, 43, 44, 45, 46, 47, 48, 49, 50, 51, 52, 53, 54, 55, 56, 57, 58, 59, 60, 61, 62, 63, 64, 1 ],
\[ 2, 1, 3, 4, 5, 6, 7, 8, 9, 10, 11, 12, 13, 14, 15, 16, 17, 18, 19, 20, 21, 22, 23, 24, 25, 26, 27, 28, 29, 30, 31, 32, 33, 34, 35, 36, 37, 38, 39, 40, 41, 42, 43, 44, 45, 46, 47, 48, 49, 50, 51, 52, 53, 54, 55, 56, 57, 58, 59, 60, 61, 62, 63, 64 ]:
 Order := 126886932185884164103433389335161480802865516174545192198801894375214704230400000000000000 >) |
[ PermutationGroup<64 |  
\[ 2, 3, 4, 5, 6, 7, 8, 9, 10, 11, 12, 13, 14, 15, 16, 17, 18, 19, 20, 21, 22, 23, 24, 25, 26, 27, 28, 29, 30, 31, 32, 33, 34, 35, 36, 37, 38, 39, 40, 41, 42, 43, 44, 45, 46, 47, 48, 49, 50, 51, 52, 53, 54, 55, 56, 57, 58, 59, 60, 61, 62, 63, 64, 1 ],
\[ 2, 1, 3, 4, 5, 6, 7, 8, 9, 10, 11, 12, 13, 14, 15, 16, 17, 18, 19, 20, 21, 22, 23, 24, 25, 26, 27, 28, 29, 30, 31, 32, 33, 34, 35, 36, 37, 38, 39, 40, 41, 42, 43, 44, 45, 46, 47, 48, 49, 50, 51, 52, 53, 54, 55, 56, 57, 58, 59, 60, 61, 62, 63, 64 ]:
 Order := 126886932185884164103433389335161480802865516174545192198801894375214704230400000000000000 > |
[ 2, 9, 8, 19, 11, 1, 27, 30, 33, 13, 34, 38, 41, 18, 5, 10, 3, 37, 12, 28, 7, 4, 29, 16, 21, 6, 35, 39, 40, 36, 32, 42, 61, 62, 44, 54, 52, 48, 46, 14, 51, 20, 31, 60, 15, 43, 17, 49, 53, 23, 55, 50, 22, 59, 56, 24, 25, 26, 47, 57, 58, 63, 64, 45 ],
[ 3, 10, 14, 6, 16, 24, 1, 31, 30, 18, 8, 2, 32, 35, 17, 43, 46, 48, 5, 22, 15, 45, 4, 40, 26, 47, 11, 21, 7, 37, 44, 49, 41, 13, 9, 42, 60, 34, 19, 12, 52, 57, 38, 62, 56, 27, 29, 33, 63, 25, 20, 53, 58, 50, 23, 39, 64, 55, 28, 61, 54, 36, 51, 59 ],
[ 4, 7, 15, 20, 21, 25, 28, 1, 12, 5, 19, 39, 2, 24, 22, 6, 26, 3, 23, 36, 50, 52, 54, 45, 42, 53, 29, 51, 55, 11, 16, 8, 35, 27, 46, 9, 10, 40, 59, 47, 34, 13, 17, 14, 57, 56, 64, 43, 18, 41, 33, 30, 32, 62, 63, 58, 37, 60, 61, 31, 48, 38, 44, 49 ]
]
];
s`SolvableDBPassport := [ PowerSequence(PermutationGroup<64 |  
\[ 2, 9, 8, 19, 11, 1, 27, 30, 33, 13, 34, 38, 41, 18, 5, 10, 3, 37, 12, 28, 7, 4, 29, 16, 21, 6, 35, 39, 40, 36, 32, 42, 61, 62, 44, 54, 52, 48, 46, 14, 51, 20, 31, 60, 15, 43, 17, 49, 53, 23, 55, 50, 22, 59, 56, 24, 25, 26, 47, 57, 58, 63, 64, 45 ],
\[ 3, 10, 14, 6, 16, 24, 1, 31, 30, 18, 8, 2, 32, 35, 17, 43, 46, 48, 5, 22, 15, 45, 4, 40, 26, 47, 11, 21, 7, 37, 44, 49, 41, 13, 9, 42, 60, 34, 19, 12, 52, 57, 38, 62, 56, 27, 29, 33, 63, 25, 20, 53, 58, 50, 23, 39, 64, 55, 28, 61, 54, 36, 51, 59 ],
\[ 4, 7, 15, 20, 21, 25, 28, 1, 12, 5, 19, 39, 2, 24, 22, 6, 26, 3, 23, 36, 50, 52, 54, 45, 42, 53, 29, 51, 55, 11, 16, 8, 35, 27, 46, 9, 10, 40, 59, 47, 34, 13, 17, 14, 57, 56, 64, 43, 18, 41, 33, 30, 32, 62, 63, 58, 37, 60, 61, 31, 48, 38, 44, 49 ]:
 Order := 64 >) |
[ PermutationGroup<64 |  
\[ 2, 9, 8, 19, 11, 1, 27, 30, 33, 13, 34, 38, 41, 18, 5, 10, 3, 37, 12, 28, 7, 4, 29, 16, 21, 6, 35, 39, 40, 36, 32, 42, 61, 62, 44, 54, 52, 48, 46, 14, 51, 20, 31, 60, 15, 43, 17, 49, 53, 23, 55, 50, 22, 59, 56, 24, 25, 26, 47, 57, 58, 63, 64, 45 ],
\[ 3, 10, 14, 6, 16, 24, 1, 31, 30, 18, 8, 2, 32, 35, 17, 43, 46, 48, 5, 22, 15, 45, 4, 40, 26, 47, 11, 21, 7, 37, 44, 49, 41, 13, 9, 42, 60, 34, 19, 12, 52, 57, 38, 62, 56, 27, 29, 33, 63, 25, 20, 53, 58, 50, 23, 39, 64, 55, 28, 61, 54, 36, 51, 59 ],
\[ 4, 7, 15, 20, 21, 25, 28, 1, 12, 5, 19, 39, 2, 24, 22, 6, 26, 3, 23, 36, 50, 52, 54, 45, 42, 53, 29, 51, 55, 11, 16, 8, 35, 27, 46, 9, 10, 40, 59, 47, 34, 13, 17, 14, 57, 56, 64, 43, 18, 41, 33, 30, 32, 62, 63, 58, 37, 60, 61, 31, 48, 38, 44, 49 ]:
 Order := 64 > |
[ 58, 26, 59, 49, 64, 61, 57, 47, 6, 56, 45, 22, 24, 23, 63, 55, 54, 29, 53, 31, 60, 48, 37, 51, 44, 33, 25, 32, 52, 17, 39, 46, 1, 15, 21, 3, 40, 4, 42, 50, 16, 43, 28, 7, 62, 20, 36, 19, 12, 18, 10, 14, 38, 8, 13, 41, 35, 9, 30, 27, 2, 5, 11, 34 ],
[ 3, 10, 14, 6, 16, 24, 1, 31, 30, 18, 8, 2, 32, 35, 17, 43, 46, 48, 5, 22, 15, 45, 4, 40, 26, 47, 11, 21, 7, 37, 44, 49, 41, 13, 9, 42, 60, 34, 19, 12, 52, 57, 38, 62, 56, 27, 29, 33, 63, 25, 20, 53, 58, 50, 23, 39, 64, 55, 28, 61, 54, 36, 51, 59 ],
[ 48, 60, 62, 43, 44, 35, 31, 61, 53, 63, 49, 32, 58, 41, 38, 33, 9, 54, 18, 17, 14, 40, 3, 34, 46, 12, 37, 16, 10, 64, 51, 59, 25, 57, 42, 26, 55, 52, 8, 30, 45, 56, 36, 50, 27, 13, 11, 20, 23, 24, 6, 47, 39, 15, 5, 2, 29, 7, 1, 28, 4, 22, 21, 19 ]
],
[ PermutationGroup<64 |  
\[ 2, 9, 8, 19, 11, 1, 27, 30, 33, 13, 34, 38, 41, 18, 5, 10, 3, 37, 12, 28, 7, 4, 29, 16, 21, 6, 35, 39, 40, 36, 32, 42, 61, 62, 44, 54, 52, 48, 46, 14, 51, 20, 31, 60, 15, 43, 17, 49, 53, 23, 55, 50, 22, 59, 56, 24, 25, 26, 47, 57, 58, 63, 64, 45 ],
\[ 3, 10, 14, 6, 16, 24, 1, 31, 30, 18, 8, 2, 32, 35, 17, 43, 46, 48, 5, 22, 15, 45, 4, 40, 26, 47, 11, 21, 7, 37, 44, 49, 41, 13, 9, 42, 60, 34, 19, 12, 52, 57, 38, 62, 56, 27, 29, 33, 63, 25, 20, 53, 58, 50, 23, 39, 64, 55, 28, 61, 54, 36, 51, 59 ],
\[ 4, 7, 15, 20, 21, 25, 28, 1, 12, 5, 19, 39, 2, 24, 22, 6, 26, 3, 23, 36, 50, 52, 54, 45, 42, 53, 29, 51, 55, 11, 16, 8, 35, 27, 46, 9, 10, 40, 59, 47, 34, 13, 17, 14, 57, 56, 64, 43, 18, 41, 33, 30, 32, 62, 63, 58, 37, 60, 61, 31, 48, 38, 44, 49 ]:
 Order := 64 > |
[ 33, 61, 36, 38, 62, 9, 44, 54, 58, 51, 63, 49, 55, 52, 34, 41, 30, 50, 48, 46, 35, 12, 14, 13, 27, 2, 60, 43, 18, 59, 20, 28, 26, 64, 57, 47, 23, 53, 31, 37, 56, 39, 42, 25, 11, 32, 8, 22, 4, 40, 24, 29, 19, 17, 16, 10, 7, 1, 3, 21, 6, 45, 15, 5 ],
[ 3, 10, 14, 6, 16, 24, 1, 31, 30, 18, 8, 2, 32, 35, 17, 43, 46, 48, 5, 22, 15, 45, 4, 40, 26, 47, 11, 21, 7, 37, 44, 49, 41, 13, 9, 42, 60, 34, 19, 12, 52, 57, 38, 62, 56, 27, 29, 33, 63, 25, 20, 53, 58, 50, 23, 39, 64, 55, 28, 61, 54, 36, 51, 59 ],
[ 53, 25, 64, 32, 57, 60, 42, 26, 4, 45, 22, 20, 6, 55, 49, 58, 61, 47, 52, 8, 37, 18, 30, 63, 31, 48, 50, 13, 41, 15, 56, 17, 7, 21, 28, 1, 24, 23, 36, 54, 5, 16, 59, 29, 44, 51, 62, 39, 40, 10, 2, 3, 43, 11, 34, 33, 14, 35, 9, 46, 12, 19, 27, 38 ]
]
];
s`SolvableDBPointedPassport := [ PowerSequence(PermutationGroup<64 |  
\[ 2, 3, 4, 5, 6, 7, 8, 9, 10, 11, 12, 13, 14, 15, 16, 17, 18, 19, 20, 21, 22, 23, 24, 25, 26, 27, 28, 29, 30, 31, 32, 33, 34, 35, 36, 37, 38, 39, 40, 41, 42, 43, 44, 45, 46, 47, 48, 49, 50, 51, 52, 53, 54, 55, 56, 57, 58, 59, 60, 61, 62, 63, 64, 1 ],
\[ 2, 1, 3, 4, 5, 6, 7, 8, 9, 10, 11, 12, 13, 14, 15, 16, 17, 18, 19, 20, 21, 22, 23, 24, 25, 26, 27, 28, 29, 30, 31, 32, 33, 34, 35, 36, 37, 38, 39, 40, 41, 42, 43, 44, 45, 46, 47, 48, 49, 50, 51, 52, 53, 54, 55, 56, 57, 58, 59, 60, 61, 62, 63, 64 ]:
 Order := 126886932185884164103433389335161480802865516174545192198801894375214704230400000000000000 >) |
[ PermutationGroup<64 |  
\[ 2, 3, 4, 5, 6, 7, 8, 9, 10, 11, 12, 13, 14, 15, 16, 17, 18, 19, 20, 21, 22, 23, 24, 25, 26, 27, 28, 29, 30, 31, 32, 33, 34, 35, 36, 37, 38, 39, 40, 41, 42, 43, 44, 45, 46, 47, 48, 49, 50, 51, 52, 53, 54, 55, 56, 57, 58, 59, 60, 61, 62, 63, 64, 1 ],
\[ 2, 1, 3, 4, 5, 6, 7, 8, 9, 10, 11, 12, 13, 14, 15, 16, 17, 18, 19, 20, 21, 22, 23, 24, 25, 26, 27, 28, 29, 30, 31, 32, 33, 34, 35, 36, 37, 38, 39, 40, 41, 42, 43, 44, 45, 46, 47, 48, 49, 50, 51, 52, 53, 54, 55, 56, 57, 58, 59, 60, 61, 62, 63, 64 ]:
 Order := 126886932185884164103433389335161480802865516174545192198801894375214704230400000000000000 > |
[ 11, 34, 10, 7, 2, 5, 12, 13, 62, 30, 9, 35, 36, 31, 1, 8, 16, 32, 27, 23, 19, 21, 39, 3, 4, 15, 38, 29, 46, 41, 37, 52, 63, 33, 48, 51, 42, 44, 40, 43, 54, 50, 18, 49, 6, 14, 24, 60, 57, 28, 59, 20, 25, 55, 47, 17, 22, 45, 56, 53, 64, 61, 58, 26 ],
[ 16, 8, 43, 15, 3, 17, 5, 18, 13, 31, 10, 11, 37, 38, 24, 14, 40, 44, 1, 25, 6, 26, 21, 46, 45, 56, 2, 4, 19, 32, 48, 60, 36, 30, 34, 52, 49, 9, 7, 27, 42, 53, 35, 33, 47, 12, 39, 62, 61, 22, 50, 57, 64, 20, 28, 29, 58, 59, 23, 63, 51, 41, 54, 55 ],
[ 4, 7, 15, 20, 21, 25, 28, 1, 12, 5, 19, 39, 2, 24, 22, 6, 26, 3, 23, 36, 50, 52, 54, 45, 42, 53, 29, 51, 55, 11, 16, 8, 35, 27, 46, 9, 10, 40, 59, 47, 34, 13, 17, 14, 57, 56, 64, 43, 18, 41, 33, 30, 32, 62, 63, 58, 37, 60, 61, 31, 48, 38, 44, 49 ]
],
[ PermutationGroup<64 |  
\[ 2, 3, 4, 5, 6, 7, 8, 9, 10, 11, 12, 13, 14, 15, 16, 17, 18, 19, 20, 21, 22, 23, 24, 25, 26, 27, 28, 29, 30, 31, 32, 33, 34, 35, 36, 37, 38, 39, 40, 41, 42, 43, 44, 45, 46, 47, 48, 49, 50, 51, 52, 53, 54, 55, 56, 57, 58, 59, 60, 61, 62, 63, 64, 1 ],
\[ 2, 1, 3, 4, 5, 6, 7, 8, 9, 10, 11, 12, 13, 14, 15, 16, 17, 18, 19, 20, 21, 22, 23, 24, 25, 26, 27, 28, 29, 30, 31, 32, 33, 34, 35, 36, 37, 38, 39, 40, 41, 42, 43, 44, 45, 46, 47, 48, 49, 50, 51, 52, 53, 54, 55, 56, 57, 58, 59, 60, 61, 62, 63, 64 ]:
 Order := 126886932185884164103433389335161480802865516174545192198801894375214704230400000000000000 > |
[ 15, 5, 24, 25, 6, 45, 4, 16, 11, 3, 1, 7, 8, 46, 26, 17, 56, 43, 21, 52, 22, 57, 20, 47, 53, 64, 19, 50, 28, 10, 14, 18, 34, 2, 12, 13, 31, 27, 23, 39, 30, 37, 40, 38, 58, 29, 55, 35, 44, 42, 36, 32, 60, 41, 54, 59, 49, 63, 51, 48, 62, 9, 33, 61 ],
[ 16, 8, 43, 15, 3, 17, 5, 18, 13, 31, 10, 11, 37, 38, 24, 14, 40, 44, 1, 25, 6, 26, 21, 46, 45, 56, 2, 4, 19, 32, 48, 60, 36, 30, 34, 52, 49, 9, 7, 27, 42, 53, 35, 33, 47, 12, 39, 62, 61, 22, 50, 57, 64, 20, 28, 29, 58, 59, 23, 63, 51, 41, 54, 55 ],
[ 12, 35, 11, 39, 27, 7, 46, 9, 48, 34, 38, 43, 33, 10, 19, 2, 1, 30, 40, 59, 29, 23, 47, 5, 28, 4, 14, 56, 24, 62, 13, 36, 60, 44, 31, 61, 41, 18, 17, 3, 63, 51, 8, 37, 21, 16, 15, 32, 52, 55, 58, 54, 20, 64, 45, 6, 50, 25, 26, 42, 53, 49, 57, 22 ]
]
];
s`SolvableDBMonodromyGroup := PermutationGroup<64 |  
\[ 2, 9, 8, 19, 11, 1, 27, 30, 33, 13, 34, 38, 41, 18, 5, 10, 3, 37, 12, 28, 7, 4, 29, 16, 21, 6, 35, 39, 40, 36, 32, 42, 61, 62, 44, 54, 52, 48, 46, 14, 51, 20, 31, 60, 15, 43, 17, 49, 53, 23, 55, 50, 22, 59, 56, 24, 25, 26, 47, 57, 58, 63, 64, 45 ],
\[ 3, 10, 14, 6, 16, 24, 1, 31, 30, 18, 8, 2, 32, 35, 17, 43, 46, 48, 5, 22, 15, 45, 4, 40, 26, 47, 11, 21, 7, 37, 44, 49, 41, 13, 9, 42, 60, 34, 19, 12, 52, 57, 38, 62, 56, 27, 29, 33, 63, 25, 20, 53, 58, 50, 23, 39, 64, 55, 28, 61, 54, 36, 51, 59 ],
\[ 4, 7, 15, 20, 21, 25, 28, 1, 12, 5, 19, 39, 2, 24, 22, 6, 26, 3, 23, 36, 50, 52, 54, 45, 42, 53, 29, 51, 55, 11, 16, 8, 35, 27, 46, 9, 10, 40, 59, 47, 34, 13, 17, 14, 57, 56, 64, 43, 18, 41, 33, 30, 32, 62, 63, 58, 37, 60, 61, 31, 48, 38, 44, 49 ] >;
s`SolvableDBAutomorphismGroup := PermutationGroup<64 |  
\[ 61, 58, 54, 48, 63, 33, 60, 59, 26, 55, 64, 53, 56, 50, 62, 51, 36, 23, 49, 43, 44, 38, 18, 41, 35, 9, 57, 31, 37, 47, 28, 39, 6, 45, 25, 17, 29, 22, 32, 52, 24, 46, 20, 21, 34, 42, 30, 4, 19, 14, 16, 40, 12, 3, 10, 13, 27, 2, 8, 7, 1, 15, 5, 11 ],
\[ 60, 57, 61, 31, 49, 44, 37, 58, 25, 64, 53, 42, 45, 54, 48, 63, 33, 59, 32, 16, 18, 43, 8, 62, 14, 35, 52, 10, 30, 26, 55, 56, 21, 22, 50, 6, 47, 20, 13, 36, 15, 24, 51, 23, 38, 41, 9, 28, 39, 3, 5, 17, 46, 1, 11, 34, 40, 27, 2, 29, 7, 4, 19, 12 ],
\[ 59, 47, 28, 61, 55, 54, 64, 39, 17, 29, 56, 26, 40, 21, 51, 23, 20, 7, 58, 48, 63, 33, 60, 50, 62, 36, 45, 49, 57, 46, 19, 12, 3, 24, 15, 43, 27, 6, 53, 25, 14, 38, 4, 5, 41, 22, 42, 1, 2, 44, 18, 35, 9, 31, 37, 52, 34, 30, 32, 11, 8, 16, 10, 13 ]:
 Order := 64 >;
s`SolvableDBPointedAutomorphismGroup := PermutationGroup<64 |  
\[ 61, 58, 54, 48, 63, 33, 60, 59, 26, 55, 64, 53, 56, 50, 62, 51, 36, 23, 49, 43, 44, 38, 18, 41, 35, 9, 57, 31, 37, 47, 28, 39, 6, 45, 25, 17, 29, 22, 32, 52, 24, 46, 20, 21, 34, 42, 30, 4, 19, 14, 16, 40, 12, 3, 10, 13, 27, 2, 8, 7, 1, 15, 5, 11 ],
\[ 6, 1, 24, 25, 15, 26, 4, 16, 2, 3, 5, 7, 8, 40, 45, 17, 56, 14, 21, 42, 22, 57, 50, 47, 53, 58, 19, 20, 23, 10, 43, 31, 9, 11, 12, 13, 18, 27, 28, 29, 30, 32, 46, 38, 64, 39, 55, 35, 44, 52, 36, 37, 60, 41, 54, 59, 49, 61, 51, 48, 33, 34, 62, 63 ]:
 Order := 8 >;
s`SolvableDBPathToPP1 := [ Strings() | "PP1", "2T1-1,2,2-g0-path1", "4T1-2,4,4-g1-path1", "8T1-4,8,8-g3-path1", "16T5-4,8,8-g5-path1", "32S16-8,16,16-g13-path10", "64S29-8,16,16-g25-path3" ];
s`SolvableDBParents := [ Strings() | "128S133-16,32,32-g57-path9", "128S133-16,32,32-g57-path10", "128S131-16,32,32-g57-path5", "128S132-16,32,32-g57-path5", "128S131-16,32,32-g57-path6", "128S132-16,32,32-g57-path6", "128S133-16,32,32-g57-path11", "128S133-16,32,32-g57-path12", "128S54-8,16,16-g49-path3", "128S61-8,16,16-g49-path5", "128S69-8,16,16-g49-path5", "128S69-8,16,16-g49-path6", "128S61-8,16,16-g49-path6", "128S106-8,16,16-g49-path320", "128S46-8,16,16-g49-path3" ];
s`SolvableDBChild := "32S16-8,16,16-g13-path10";

/*
Return for eval
*/

return s;
