s := SolvableDBObjectInitialize();

/*
Basic Information about the Passport
*/

s`SolvableDBName := "64S29-4,16,16-g21-path26";
s`SolvableDBFilename := "64S29-4,16,16-g21-path26.m";
s`SolvableDBPathNumber := 26;
s`SolvableDBDegree := 64;
s`SolvableDBABC := \[ 4, 16, 16 ];
s`SolvableDBType := "Hyperbolic";
s`SolvableDBGenus := 21;
s`SolvableDBGaloisOrbitSize := 1;
s`SolvableDBPassportSize := 1;
s`SolvableDBPointedPassportSize := 1;
s`SolvableDBLevel := 6;
s`SolvableDBBlocks := {@ PowerSet(IntegerRing()) |
{ IntegerRing() | 1, 5 },
{ IntegerRing() | 2, 6 },
{ IntegerRing() | 3, 15 },
{ IntegerRing() | 4, 19 },
{ IntegerRing() | 7, 10 },
{ IntegerRing() | 8, 12 },
{ IntegerRing() | 9, 22 },
{ IntegerRing() | 11, 23 },
{ IntegerRing() | 13, 39 },
{ IntegerRing() | 14, 29 },
{ IntegerRing() | 16, 31 },
{ IntegerRing() | 17, 20 },
{ IntegerRing() | 18, 45 },
{ IntegerRing() | 21, 43 },
{ IntegerRing() | 24, 26 },
{ IntegerRing() | 25, 33 },
{ IntegerRing() | 27, 34 },
{ IntegerRing() | 28, 37 },
{ IntegerRing() | 30, 35 },
{ IntegerRing() | 32, 36 },
{ IntegerRing() | 38, 51 },
{ IntegerRing() | 40, 56 },
{ IntegerRing() | 41, 52 },
{ IntegerRing() | 42, 53 },
{ IntegerRing() | 44, 49 },
{ IntegerRing() | 46, 54 },
{ IntegerRing() | 47, 50 },
{ IntegerRing() | 48, 55 },
{ IntegerRing() | 57, 61 },
{ IntegerRing() | 58, 63 },
{ IntegerRing() | 59, 62 },
{ IntegerRing() | 60, 64 }
@};

/*
Permutations and Passports
*/

s`SolvableDBGaloisOrbit := [ PowerSequence(PermutationGroup<64 |  
\[ 2, 3, 4, 5, 6, 7, 8, 9, 10, 11, 12, 13, 14, 15, 16, 17, 18, 19, 20, 21, 22, 23, 24, 25, 26, 27, 28, 29, 30, 31, 32, 33, 34, 35, 36, 37, 38, 39, 40, 41, 42, 43, 44, 45, 46, 47, 48, 49, 50, 51, 52, 53, 54, 55, 56, 57, 58, 59, 60, 61, 62, 63, 64, 1 ],
\[ 2, 1, 3, 4, 5, 6, 7, 8, 9, 10, 11, 12, 13, 14, 15, 16, 17, 18, 19, 20, 21, 22, 23, 24, 25, 26, 27, 28, 29, 30, 31, 32, 33, 34, 35, 36, 37, 38, 39, 40, 41, 42, 43, 44, 45, 46, 47, 48, 49, 50, 51, 52, 53, 54, 55, 56, 57, 58, 59, 60, 61, 62, 63, 64 ]:
 Order := 126886932185884164103433389335161480802865516174545192198801894375214704230400000000000000 >) |
[ PermutationGroup<64 |  
\[ 2, 3, 4, 5, 6, 7, 8, 9, 10, 11, 12, 13, 14, 15, 16, 17, 18, 19, 20, 21, 22, 23, 24, 25, 26, 27, 28, 29, 30, 31, 32, 33, 34, 35, 36, 37, 38, 39, 40, 41, 42, 43, 44, 45, 46, 47, 48, 49, 50, 51, 52, 53, 54, 55, 56, 57, 58, 59, 60, 61, 62, 63, 64, 1 ],
\[ 2, 1, 3, 4, 5, 6, 7, 8, 9, 10, 11, 12, 13, 14, 15, 16, 17, 18, 19, 20, 21, 22, 23, 24, 25, 26, 27, 28, 29, 30, 31, 32, 33, 34, 35, 36, 37, 38, 39, 40, 41, 42, 43, 44, 45, 46, 47, 48, 49, 50, 51, 52, 53, 54, 55, 56, 57, 58, 59, 60, 61, 62, 63, 64 ]:
 Order := 126886932185884164103433389335161480802865516174545192198801894375214704230400000000000000 > |
[ 6, 1, 8, 20, 2, 5, 26, 15, 11, 24, 22, 3, 16, 36, 12, 39, 4, 25, 17, 19, 27, 23, 9, 7, 45, 10, 43, 30, 32, 37, 13, 14, 18, 21, 28, 29, 35, 40, 31, 51, 42, 52, 34, 47, 33, 48, 49, 54, 50, 44, 56, 53, 41, 55, 46, 38, 58, 61, 60, 62, 63, 64, 57, 59 ],
[ 3, 9, 13, 2, 15, 22, 1, 28, 31, 5, 35, 37, 38, 12, 39, 41, 32, 17, 6, 36, 4, 16, 30, 14, 24, 29, 7, 40, 8, 42, 52, 23, 26, 10, 53, 11, 56, 57, 51, 59, 58, 60, 19, 33, 20, 18, 34, 21, 25, 27, 61, 63, 64, 45, 43, 62, 47, 48, 49, 54, 50, 44, 55, 46 ],
[ 4, 10, 14, 18, 19, 7, 25, 1, 32, 33, 2, 5, 9, 17, 29, 3, 43, 44, 45, 21, 47, 36, 6, 34, 46, 27, 48, 11, 20, 8, 15, 26, 54, 55, 12, 24, 23, 37, 22, 13, 35, 16, 50, 61, 49, 63, 62, 64, 57, 59, 28, 30, 31, 58, 60, 39, 52, 38, 53, 40, 41, 42, 51, 56 ]
]
];
s`SolvableDBPassport := [ PowerSequence(PermutationGroup<64 |  
\[ 6, 1, 8, 20, 2, 5, 26, 15, 11, 24, 22, 3, 16, 36, 12, 39, 4, 25, 17, 19, 27, 23, 9, 7, 45, 10, 43, 30, 32, 37, 13, 14, 18, 21, 28, 29, 35, 40, 31, 51, 42, 52, 34, 47, 33, 48, 49, 54, 50, 44, 56, 53, 41, 55, 46, 38, 58, 61, 60, 62, 63, 64, 57, 59 ],
\[ 3, 9, 13, 2, 15, 22, 1, 28, 31, 5, 35, 37, 38, 12, 39, 41, 32, 17, 6, 36, 4, 16, 30, 14, 24, 29, 7, 40, 8, 42, 52, 23, 26, 10, 53, 11, 56, 57, 51, 59, 58, 60, 19, 33, 20, 18, 34, 21, 25, 27, 61, 63, 64, 45, 43, 62, 47, 48, 49, 54, 50, 44, 55, 46 ],
\[ 4, 10, 14, 18, 19, 7, 25, 1, 32, 33, 2, 5, 9, 17, 29, 3, 43, 44, 45, 21, 47, 36, 6, 34, 46, 27, 48, 11, 20, 8, 15, 26, 54, 55, 12, 24, 23, 37, 22, 13, 35, 16, 50, 61, 49, 63, 62, 64, 57, 59, 28, 30, 31, 58, 60, 39, 52, 38, 53, 40, 41, 42, 51, 56 ]:
 Order := 64 >) |
[ PermutationGroup<64 |  
\[ 6, 1, 8, 20, 2, 5, 26, 15, 11, 24, 22, 3, 16, 36, 12, 39, 4, 25, 17, 19, 27, 23, 9, 7, 45, 10, 43, 30, 32, 37, 13, 14, 18, 21, 28, 29, 35, 40, 31, 51, 42, 52, 34, 47, 33, 48, 49, 54, 50, 44, 56, 53, 41, 55, 46, 38, 58, 61, 60, 62, 63, 64, 57, 59 ],
\[ 3, 9, 13, 2, 15, 22, 1, 28, 31, 5, 35, 37, 38, 12, 39, 41, 32, 17, 6, 36, 4, 16, 30, 14, 24, 29, 7, 40, 8, 42, 52, 23, 26, 10, 53, 11, 56, 57, 51, 59, 58, 60, 19, 33, 20, 18, 34, 21, 25, 27, 61, 63, 64, 45, 43, 62, 47, 48, 49, 54, 50, 44, 55, 46 ],
\[ 4, 10, 14, 18, 19, 7, 25, 1, 32, 33, 2, 5, 9, 17, 29, 3, 43, 44, 45, 21, 47, 36, 6, 34, 46, 27, 48, 11, 20, 8, 15, 26, 54, 55, 12, 24, 23, 37, 22, 13, 35, 16, 50, 61, 49, 63, 62, 64, 57, 59, 28, 30, 31, 58, 60, 39, 52, 38, 53, 40, 41, 42, 51, 56 ]:
 Order := 64 > |
[ 6, 1, 8, 20, 2, 5, 26, 15, 11, 24, 22, 3, 16, 36, 12, 39, 4, 25, 17, 19, 27, 23, 9, 7, 45, 10, 43, 30, 32, 37, 13, 14, 18, 21, 28, 29, 35, 40, 31, 51, 42, 52, 34, 47, 33, 48, 49, 54, 50, 44, 56, 53, 41, 55, 46, 38, 58, 61, 60, 62, 63, 64, 57, 59 ],
[ 3, 9, 13, 2, 15, 22, 1, 28, 31, 5, 35, 37, 38, 12, 39, 41, 32, 17, 6, 36, 4, 16, 30, 14, 24, 29, 7, 40, 8, 42, 52, 23, 26, 10, 53, 11, 56, 57, 51, 59, 58, 60, 19, 33, 20, 18, 34, 21, 25, 27, 61, 63, 64, 45, 43, 62, 47, 48, 49, 54, 50, 44, 55, 46 ],
[ 4, 10, 14, 18, 19, 7, 25, 1, 32, 33, 2, 5, 9, 17, 29, 3, 43, 44, 45, 21, 47, 36, 6, 34, 46, 27, 48, 11, 20, 8, 15, 26, 54, 55, 12, 24, 23, 37, 22, 13, 35, 16, 50, 61, 49, 63, 62, 64, 57, 59, 28, 30, 31, 58, 60, 39, 52, 38, 53, 40, 41, 42, 51, 56 ]
]
];
s`SolvableDBPointedPassport := [ PowerSequence(PermutationGroup<64 |  
\[ 6, 1, 8, 20, 2, 5, 26, 15, 11, 24, 22, 3, 16, 36, 12, 39, 4, 25, 17, 19, 27, 23, 9, 7, 45, 10, 43, 30, 32, 37, 13, 14, 18, 21, 28, 29, 35, 40, 31, 51, 42, 52, 34, 47, 33, 48, 49, 54, 50, 44, 56, 53, 41, 55, 46, 38, 58, 61, 60, 62, 63, 64, 57, 59 ],
\[ 3, 9, 13, 2, 15, 22, 1, 28, 31, 5, 35, 37, 38, 12, 39, 41, 32, 17, 6, 36, 4, 16, 30, 14, 24, 29, 7, 40, 8, 42, 52, 23, 26, 10, 53, 11, 56, 57, 51, 59, 58, 60, 19, 33, 20, 18, 34, 21, 25, 27, 61, 63, 64, 45, 43, 62, 47, 48, 49, 54, 50, 44, 55, 46 ],
\[ 4, 10, 14, 18, 19, 7, 25, 1, 32, 33, 2, 5, 9, 17, 29, 3, 43, 44, 45, 21, 47, 36, 6, 34, 46, 27, 48, 11, 20, 8, 15, 26, 54, 55, 12, 24, 23, 37, 22, 13, 35, 16, 50, 61, 49, 63, 62, 64, 57, 59, 28, 30, 31, 58, 60, 39, 52, 38, 53, 40, 41, 42, 51, 56 ]:
 Order := 64 >) |
[ PermutationGroup<64 |  
\[ 6, 1, 8, 20, 2, 5, 26, 15, 11, 24, 22, 3, 16, 36, 12, 39, 4, 25, 17, 19, 27, 23, 9, 7, 45, 10, 43, 30, 32, 37, 13, 14, 18, 21, 28, 29, 35, 40, 31, 51, 42, 52, 34, 47, 33, 48, 49, 54, 50, 44, 56, 53, 41, 55, 46, 38, 58, 61, 60, 62, 63, 64, 57, 59 ],
\[ 3, 9, 13, 2, 15, 22, 1, 28, 31, 5, 35, 37, 38, 12, 39, 41, 32, 17, 6, 36, 4, 16, 30, 14, 24, 29, 7, 40, 8, 42, 52, 23, 26, 10, 53, 11, 56, 57, 51, 59, 58, 60, 19, 33, 20, 18, 34, 21, 25, 27, 61, 63, 64, 45, 43, 62, 47, 48, 49, 54, 50, 44, 55, 46 ],
\[ 4, 10, 14, 18, 19, 7, 25, 1, 32, 33, 2, 5, 9, 17, 29, 3, 43, 44, 45, 21, 47, 36, 6, 34, 46, 27, 48, 11, 20, 8, 15, 26, 54, 55, 12, 24, 23, 37, 22, 13, 35, 16, 50, 61, 49, 63, 62, 64, 57, 59, 28, 30, 31, 58, 60, 39, 52, 38, 53, 40, 41, 42, 51, 56 ]:
 Order := 64 > |
[ 11, 12, 35, 14, 23, 8, 36, 16, 37, 32, 13, 31, 53, 9, 30, 40, 5, 10, 29, 1, 24, 28, 39, 2, 4, 6, 20, 41, 22, 51, 56, 15, 19, 17, 38, 3, 52, 64, 42, 58, 59, 61, 26, 43, 7, 34, 18, 25, 21, 45, 60, 62, 57, 27, 33, 63, 46, 49, 48, 50, 54, 55, 44, 47 ],
[ 24, 17, 2, 34, 26, 20, 21, 36, 5, 43, 14, 32, 12, 10, 6, 11, 33, 55, 27, 25, 46, 1, 29, 18, 47, 45, 49, 3, 7, 22, 23, 19, 50, 44, 9, 4, 15, 31, 8, 35, 13, 28, 54, 60, 48, 62, 63, 57, 64, 58, 16, 39, 37, 59, 61, 30, 56, 53, 38, 41, 40, 51, 42, 52 ],
[ 6, 1, 8, 20, 2, 5, 26, 15, 11, 24, 22, 3, 16, 36, 12, 39, 4, 25, 17, 19, 27, 23, 9, 7, 45, 10, 43, 30, 32, 37, 13, 14, 18, 21, 28, 29, 35, 40, 31, 51, 42, 52, 34, 47, 33, 48, 49, 54, 50, 44, 56, 53, 41, 55, 46, 38, 58, 61, 60, 62, 63, 64, 57, 59 ]
]
];
s`SolvableDBMonodromyGroup := PermutationGroup<64 |  
\[ 6, 1, 8, 20, 2, 5, 26, 15, 11, 24, 22, 3, 16, 36, 12, 39, 4, 25, 17, 19, 27, 23, 9, 7, 45, 10, 43, 30, 32, 37, 13, 14, 18, 21, 28, 29, 35, 40, 31, 51, 42, 52, 34, 47, 33, 48, 49, 54, 50, 44, 56, 53, 41, 55, 46, 38, 58, 61, 60, 62, 63, 64, 57, 59 ],
\[ 3, 9, 13, 2, 15, 22, 1, 28, 31, 5, 35, 37, 38, 12, 39, 41, 32, 17, 6, 36, 4, 16, 30, 14, 24, 29, 7, 40, 8, 42, 52, 23, 26, 10, 53, 11, 56, 57, 51, 59, 58, 60, 19, 33, 20, 18, 34, 21, 25, 27, 61, 63, 64, 45, 43, 62, 47, 48, 49, 54, 50, 44, 55, 46 ],
\[ 4, 10, 14, 18, 19, 7, 25, 1, 32, 33, 2, 5, 9, 17, 29, 3, 43, 44, 45, 21, 47, 36, 6, 34, 46, 27, 48, 11, 20, 8, 15, 26, 54, 55, 12, 24, 23, 37, 22, 13, 35, 16, 50, 61, 49, 63, 62, 64, 57, 59, 28, 30, 31, 58, 60, 39, 52, 38, 53, 40, 41, 42, 51, 56 ] >;
s`SolvableDBAutomorphismGroup := PermutationGroup<64 |  
\[ 61, 58, 50, 41, 57, 63, 51, 44, 48, 38, 54, 49, 27, 59, 47, 43, 53, 35, 52, 42, 16, 55, 46, 40, 28, 56, 39, 33, 62, 18, 21, 64, 37, 13, 45, 60, 25, 7, 34, 26, 19, 17, 31, 12, 30, 11, 3, 22, 8, 15, 10, 4, 20, 23, 9, 24, 1, 6, 29, 32, 5, 14, 2, 36 ],
\[ 51, 40, 61, 28, 38, 56, 39, 63, 59, 13, 60, 58, 50, 41, 57, 44, 35, 11, 37, 30, 8, 62, 64, 16, 22, 31, 15, 55, 52, 46, 49, 53, 9, 3, 54, 42, 48, 27, 47, 43, 33, 18, 12, 2, 23, 36, 1, 29, 6, 5, 34, 25, 45, 32, 14, 21, 7, 26, 19, 17, 10, 4, 24, 20 ],
\[ 63, 61, 55, 51, 58, 57, 52, 46, 50, 41, 44, 54, 43, 60, 48, 34, 40, 28, 38, 56, 39, 47, 49, 42, 30, 53, 31, 18, 64, 25, 27, 59, 35, 16, 33, 62, 45, 19, 21, 17, 10, 24, 13, 11, 37, 8, 22, 15, 23, 9, 4, 7, 26, 12, 3, 20, 6, 5, 32, 14, 2, 36, 1, 29 ]:
 Order := 64 >;
s`SolvableDBPointedAutomorphismGroup := PermutationGroup<64 |  
\[ 5, 6, 15, 19, 1, 2, 10, 12, 22, 7, 23, 8, 39, 29, 3, 31, 20, 45, 4, 17, 43, 9, 11, 26, 33, 24, 34, 37, 14, 35, 16, 36, 25, 27, 30, 32, 28, 51, 13, 56, 52, 53, 21, 49, 18, 54, 50, 55, 44, 47, 38, 41, 42, 46, 48, 40, 61, 63, 62, 64, 57, 59, 58, 60 ],
\[ 6, 1, 22, 7, 2, 5, 19, 23, 3, 4, 8, 11, 16, 36, 9, 39, 24, 25, 10, 26, 27, 15, 12, 20, 45, 17, 43, 30, 32, 37, 13, 14, 18, 21, 28, 29, 35, 41, 31, 42, 51, 56, 34, 46, 33, 49, 48, 50, 54, 55, 52, 38, 40, 44, 47, 53, 58, 61, 60, 62, 63, 64, 57, 59 ]:
 Order := 4 >;

/*
Top Level Belyi Curve/Map
*/


/*
Graph Data
*/

s`SolvableDBPathToPP1 := [ Strings() | "PP1", "2T1-2,2,1-g0-path1", "4T2-2,2,2-g0-path3", "8T2-2,4,4-g1-path5", "16T5-2,8,8-g3-path7", "32S5-2,8,8-g5-path18", "64S29-4,16,16-g21-path26" ];
s`SolvableDBChildren := [ Strings() | "32S5-2,8,8-g5-path18" ];

/*
Return for eval
*/

return s;
