s := SolvableDBInitialize();

/*
Magma printing
*/

s`SolvableDBName := "64S29-16,2,16-g13-path3";
s`SolvableDBFilename := "64S29-16,2,16-g13-path3.m";
s`SolvableDBPassportName := "64S29-16,2,16-g13";
s`SolvableDBPathNumber := 3;
s`SolvableDBDegree := 64;
s`SolvableDBOrders := \[ 16, 2, 16 ];
s`SolvableDBType := "Hyperbolic";
s`SolvableDBGenus := 13;
s`SolvableDBGaloisOrbitSize := 1;
s`SolvableDBPassportSize := 1;
s`SolvableDBPointedPassportSize := 1;
s`SolvableDBLevel := 6;
s`SolvableDBBlocks := {@ PowerSet(IntegerRing()) |
{ IntegerRing() | 1, 5 },
{ IntegerRing() | 2, 10 },
{ IntegerRing() | 3, 13 },
{ IntegerRing() | 4, 14 },
{ IntegerRing() | 6, 12 },
{ IntegerRing() | 7, 9 },
{ IntegerRing() | 8, 20 },
{ IntegerRing() | 11, 19 },
{ IntegerRing() | 15, 18 },
{ IntegerRing() | 16, 17 },
{ IntegerRing() | 21, 24 },
{ IntegerRing() | 22, 23 },
{ IntegerRing() | 25, 28 },
{ IntegerRing() | 26, 27 },
{ IntegerRing() | 29, 32 },
{ IntegerRing() | 30, 31 },
{ IntegerRing() | 33, 36 },
{ IntegerRing() | 34, 35 },
{ IntegerRing() | 37, 40 },
{ IntegerRing() | 38, 39 },
{ IntegerRing() | 41, 44 },
{ IntegerRing() | 42, 43 },
{ IntegerRing() | 45, 48 },
{ IntegerRing() | 46, 47 },
{ IntegerRing() | 49, 52 },
{ IntegerRing() | 50, 51 },
{ IntegerRing() | 53, 56 },
{ IntegerRing() | 54, 55 },
{ IntegerRing() | 57, 60 },
{ IntegerRing() | 58, 59 },
{ IntegerRing() | 61, 64 },
{ IntegerRing() | 62, 63 }
@};
s`SolvableDBIsRamifiedAtEveryLevel := false;
s`SolvableDBGaloisOrbit := [ PowerSequence(PermutationGroup<64 |  
\[ 2, 3, 4, 5, 6, 7, 8, 9, 10, 11, 12, 13, 14, 15, 16, 17, 18, 19, 20, 21, 22, 23, 24, 25, 26, 27, 28, 29, 30, 31, 32, 33, 34, 35, 36, 37, 38, 39, 40, 41, 42, 43, 44, 45, 46, 47, 48, 49, 50, 51, 52, 53, 54, 55, 56, 57, 58, 59, 60, 61, 62, 63, 64, 1 ],
\[ 2, 1, 3, 4, 5, 6, 7, 8, 9, 10, 11, 12, 13, 14, 15, 16, 17, 18, 19, 20, 21, 22, 23, 24, 25, 26, 27, 28, 29, 30, 31, 32, 33, 34, 35, 36, 37, 38, 39, 40, 41, 42, 43, 44, 45, 46, 47, 48, 49, 50, 51, 52, 53, 54, 55, 56, 57, 58, 59, 60, 61, 62, 63, 64 ]:
 Order := 126886932185884164103433389335161480802865516174545192198801894375214704230400000000000000 >) |
[ PermutationGroup<64 |  
\[ 2, 3, 4, 5, 6, 7, 8, 9, 10, 11, 12, 13, 14, 15, 16, 17, 18, 19, 20, 21, 22, 23, 24, 25, 26, 27, 28, 29, 30, 31, 32, 33, 34, 35, 36, 37, 38, 39, 40, 41, 42, 43, 44, 45, 46, 47, 48, 49, 50, 51, 52, 53, 54, 55, 56, 57, 58, 59, 60, 61, 62, 63, 64, 1 ],
\[ 2, 1, 3, 4, 5, 6, 7, 8, 9, 10, 11, 12, 13, 14, 15, 16, 17, 18, 19, 20, 21, 22, 23, 24, 25, 26, 27, 28, 29, 30, 31, 32, 33, 34, 35, 36, 37, 38, 39, 40, 41, 42, 43, 44, 45, 46, 47, 48, 49, 50, 51, 52, 53, 54, 55, 56, 57, 58, 59, 60, 61, 62, 63, 64 ]:
 Order := 126886932185884164103433389335161480802865516174545192198801894375214704230400000000000000 > |
[ 2, 8, 7, 13, 10, 1, 19, 21, 11, 20, 23, 5, 9, 3, 12, 4, 14, 6, 22, 24, 29, 31, 30, 32, 17, 15, 18, 16, 37, 39, 38, 40, 27, 25, 28, 26, 45, 47, 46, 48, 35, 33, 36, 34, 53, 55, 54, 56, 43, 41, 44, 42, 61, 63, 62, 64, 51, 49, 52, 50, 59, 60, 57, 58 ],
[ 3, 9, 1, 6, 13, 4, 10, 19, 2, 7, 20, 14, 5, 12, 16, 15, 18, 17, 8, 11, 23, 24, 21, 22, 26, 25, 28, 27, 31, 32, 29, 30, 34, 33, 36, 35, 39, 40, 37, 38, 42, 41, 44, 43, 47, 48, 45, 46, 50, 49, 52, 51, 55, 56, 53, 54, 58, 57, 60, 59, 63, 64, 61, 62 ],
[ 4, 3, 12, 15, 14, 17, 1, 9, 5, 13, 2, 16, 6, 18, 25, 27, 26, 28, 10, 7, 19, 8, 20, 11, 33, 35, 34, 36, 23, 21, 24, 22, 41, 43, 42, 44, 31, 29, 32, 30, 49, 51, 50, 52, 39, 37, 40, 38, 57, 59, 58, 60, 47, 45, 48, 46, 61, 62, 63, 64, 55, 53, 56, 54 ]
]
];
s`SolvableDBPassport := [ PowerSequence(PermutationGroup<64 |  
\[ 2, 8, 7, 13, 10, 1, 19, 21, 11, 20, 23, 5, 9, 3, 12, 4, 14, 6, 22, 24, 29, 31, 30, 32, 17, 15, 18, 16, 37, 39, 38, 40, 27, 25, 28, 26, 45, 47, 46, 48, 35, 33, 36, 34, 53, 55, 54, 56, 43, 41, 44, 42, 61, 63, 62, 64, 51, 49, 52, 50, 59, 60, 57, 58 ],
\[ 3, 9, 1, 6, 13, 4, 10, 19, 2, 7, 20, 14, 5, 12, 16, 15, 18, 17, 8, 11, 23, 24, 21, 22, 26, 25, 28, 27, 31, 32, 29, 30, 34, 33, 36, 35, 39, 40, 37, 38, 42, 41, 44, 43, 47, 48, 45, 46, 50, 49, 52, 51, 55, 56, 53, 54, 58, 57, 60, 59, 63, 64, 61, 62 ],
\[ 4, 3, 12, 15, 14, 17, 1, 9, 5, 13, 2, 16, 6, 18, 25, 27, 26, 28, 10, 7, 19, 8, 20, 11, 33, 35, 34, 36, 23, 21, 24, 22, 41, 43, 42, 44, 31, 29, 32, 30, 49, 51, 50, 52, 39, 37, 40, 38, 57, 59, 58, 60, 47, 45, 48, 46, 61, 62, 63, 64, 55, 53, 56, 54 ]:
 Order := 64 >) |
[ PermutationGroup<64 |  
\[ 2, 8, 7, 13, 10, 1, 19, 21, 11, 20, 23, 5, 9, 3, 12, 4, 14, 6, 22, 24, 29, 31, 30, 32, 17, 15, 18, 16, 37, 39, 38, 40, 27, 25, 28, 26, 45, 47, 46, 48, 35, 33, 36, 34, 53, 55, 54, 56, 43, 41, 44, 42, 61, 63, 62, 64, 51, 49, 52, 50, 59, 60, 57, 58 ],
\[ 3, 9, 1, 6, 13, 4, 10, 19, 2, 7, 20, 14, 5, 12, 16, 15, 18, 17, 8, 11, 23, 24, 21, 22, 26, 25, 28, 27, 31, 32, 29, 30, 34, 33, 36, 35, 39, 40, 37, 38, 42, 41, 44, 43, 47, 48, 45, 46, 50, 49, 52, 51, 55, 56, 53, 54, 58, 57, 60, 59, 63, 64, 61, 62 ],
\[ 4, 3, 12, 15, 14, 17, 1, 9, 5, 13, 2, 16, 6, 18, 25, 27, 26, 28, 10, 7, 19, 8, 20, 11, 33, 35, 34, 36, 23, 21, 24, 22, 41, 43, 42, 44, 31, 29, 32, 30, 49, 51, 50, 52, 39, 37, 40, 38, 57, 59, 58, 60, 47, 45, 48, 46, 61, 62, 63, 64, 55, 53, 56, 54 ]:
 Order := 64 > |
[ 6, 1, 14, 16, 12, 18, 3, 2, 13, 5, 9, 15, 4, 17, 26, 28, 25, 27, 7, 10, 8, 19, 11, 20, 34, 36, 33, 35, 21, 23, 22, 24, 42, 44, 41, 43, 29, 31, 30, 32, 50, 52, 49, 51, 37, 39, 38, 40, 58, 60, 57, 59, 45, 47, 46, 48, 63, 64, 61, 62, 53, 55, 54, 56 ],
[ 63, 60, 61, 53, 62, 55, 58, 51, 59, 57, 49, 54, 64, 56, 46, 48, 45, 47, 52, 50, 41, 43, 42, 44, 40, 38, 39, 37, 34, 36, 33, 35, 31, 29, 32, 30, 28, 26, 27, 25, 21, 23, 22, 24, 17, 15, 18, 16, 11, 20, 8, 19, 4, 12, 6, 14, 10, 7, 9, 2, 3, 5, 1, 13 ],
[ 60, 51, 58, 64, 57, 63, 52, 41, 49, 50, 42, 62, 59, 61, 54, 53, 56, 55, 43, 44, 34, 33, 36, 35, 45, 46, 47, 48, 28, 27, 26, 25, 39, 40, 37, 38, 17, 18, 15, 16, 32, 31, 30, 29, 4, 6, 12, 14, 22, 21, 24, 23, 3, 1, 5, 13, 8, 11, 19, 20, 9, 2, 10, 7 ]
]
];
s`SolvableDBPointedPassport := [ PowerSequence(PermutationGroup<64 |  
\[ 2, 3, 4, 5, 6, 7, 8, 9, 10, 11, 12, 13, 14, 15, 16, 17, 18, 19, 20, 21, 22, 23, 24, 25, 26, 27, 28, 29, 30, 31, 32, 33, 34, 35, 36, 37, 38, 39, 40, 41, 42, 43, 44, 45, 46, 47, 48, 49, 50, 51, 52, 53, 54, 55, 56, 57, 58, 59, 60, 61, 62, 63, 64, 1 ],
\[ 2, 1, 3, 4, 5, 6, 7, 8, 9, 10, 11, 12, 13, 14, 15, 16, 17, 18, 19, 20, 21, 22, 23, 24, 25, 26, 27, 28, 29, 30, 31, 32, 33, 34, 35, 36, 37, 38, 39, 40, 41, 42, 43, 44, 45, 46, 47, 48, 49, 50, 51, 52, 53, 54, 55, 56, 57, 58, 59, 60, 61, 62, 63, 64 ]:
 Order := 126886932185884164103433389335161480802865516174545192198801894375214704230400000000000000 >) |
[ PermutationGroup<64 |  
\[ 2, 3, 4, 5, 6, 7, 8, 9, 10, 11, 12, 13, 14, 15, 16, 17, 18, 19, 20, 21, 22, 23, 24, 25, 26, 27, 28, 29, 30, 31, 32, 33, 34, 35, 36, 37, 38, 39, 40, 41, 42, 43, 44, 45, 46, 47, 48, 49, 50, 51, 52, 53, 54, 55, 56, 57, 58, 59, 60, 61, 62, 63, 64, 1 ],
\[ 2, 1, 3, 4, 5, 6, 7, 8, 9, 10, 11, 12, 13, 14, 15, 16, 17, 18, 19, 20, 21, 22, 23, 24, 25, 26, 27, 28, 29, 30, 31, 32, 33, 34, 35, 36, 37, 38, 39, 40, 41, 42, 43, 44, 45, 46, 47, 48, 49, 50, 51, 52, 53, 54, 55, 56, 57, 58, 59, 60, 61, 62, 63, 64 ]:
 Order := 126886932185884164103433389335161480802865516174545192198801894375214704230400000000000000 > |
[ 6, 1, 14, 16, 12, 18, 3, 2, 13, 5, 9, 15, 4, 17, 26, 28, 25, 27, 7, 10, 8, 19, 11, 20, 34, 36, 33, 35, 21, 23, 22, 24, 42, 44, 41, 43, 29, 31, 30, 32, 50, 52, 49, 51, 37, 39, 38, 40, 58, 60, 57, 59, 45, 47, 46, 48, 63, 64, 61, 62, 53, 55, 54, 56 ],
[ 13, 7, 5, 12, 3, 14, 2, 11, 10, 9, 8, 4, 1, 6, 17, 18, 15, 16, 20, 19, 22, 21, 24, 23, 27, 28, 25, 26, 30, 29, 32, 31, 35, 36, 33, 34, 38, 37, 40, 39, 43, 44, 41, 42, 46, 45, 48, 47, 51, 52, 49, 50, 54, 53, 56, 55, 59, 60, 57, 58, 62, 61, 64, 63 ],
[ 7, 11, 2, 1, 9, 13, 20, 22, 8, 19, 24, 3, 10, 5, 4, 12, 6, 14, 21, 23, 30, 32, 29, 31, 15, 17, 16, 18, 38, 40, 37, 39, 25, 27, 26, 28, 46, 48, 45, 47, 33, 35, 34, 36, 54, 56, 53, 55, 41, 43, 42, 44, 62, 64, 61, 63, 49, 51, 50, 52, 57, 58, 59, 60 ]
]
];
s`SolvableDBMonodromyGroup := PermutationGroup<64 |  
\[ 2, 8, 7, 13, 10, 1, 19, 21, 11, 20, 23, 5, 9, 3, 12, 4, 14, 6, 22, 24, 29, 31, 30, 32, 17, 15, 18, 16, 37, 39, 38, 40, 27, 25, 28, 26, 45, 47, 46, 48, 35, 33, 36, 34, 53, 55, 54, 56, 43, 41, 44, 42, 61, 63, 62, 64, 51, 49, 52, 50, 59, 60, 57, 58 ],
\[ 3, 9, 1, 6, 13, 4, 10, 19, 2, 7, 20, 14, 5, 12, 16, 15, 18, 17, 8, 11, 23, 24, 21, 22, 26, 25, 28, 27, 31, 32, 29, 30, 34, 33, 36, 35, 39, 40, 37, 38, 42, 41, 44, 43, 47, 48, 45, 46, 50, 49, 52, 51, 55, 56, 53, 54, 58, 57, 60, 59, 63, 64, 61, 62 ],
\[ 4, 3, 12, 15, 14, 17, 1, 9, 5, 13, 2, 16, 6, 18, 25, 27, 26, 28, 10, 7, 19, 8, 20, 11, 33, 35, 34, 36, 23, 21, 24, 22, 41, 43, 42, 44, 31, 29, 32, 30, 49, 51, 50, 52, 39, 37, 40, 38, 57, 59, 58, 60, 47, 45, 48, 46, 61, 62, 63, 64, 55, 53, 56, 54 ] >;
s`SolvableDBAutomorphismGroup := PermutationGroup<64 |  
\[ 61, 59, 63, 55, 64, 53, 57, 52, 60, 58, 50, 56, 62, 54, 48, 46, 47, 45, 51, 49, 42, 44, 41, 43, 38, 40, 37, 39, 33, 35, 34, 36, 29, 31, 30, 32, 27, 25, 28, 26, 23, 21, 24, 22, 18, 16, 17, 15, 20, 11, 19, 8, 6, 14, 4, 12, 7, 10, 2, 9, 1, 13, 3, 5 ],
\[ 2, 8, 9, 3, 10, 1, 11, 21, 19, 20, 22, 5, 7, 13, 12, 14, 4, 6, 23, 24, 29, 30, 31, 32, 16, 15, 18, 17, 37, 38, 39, 40, 27, 28, 25, 26, 45, 46, 47, 48, 34, 33, 36, 35, 53, 54, 55, 56, 43, 44, 41, 42, 61, 62, 63, 64, 50, 49, 52, 51, 59, 57, 60, 58 ],
\[ 63, 57, 61, 56, 62, 54, 59, 51, 58, 60, 49, 55, 64, 53, 46, 48, 45, 47, 52, 50, 44, 42, 43, 41, 37, 39, 38, 40, 34, 36, 33, 35, 31, 29, 32, 30, 25, 27, 26, 28, 24, 22, 23, 21, 17, 15, 18, 16, 11, 20, 8, 19, 14, 6, 12, 4, 2, 9, 7, 10, 3, 5, 1, 13 ]:
 Order := 64 >;
s`SolvableDBPointedAutomorphismGroup := PermutationGroup<64 |  
\[ 61, 59, 63, 55, 64, 53, 57, 52, 60, 58, 50, 56, 62, 54, 48, 46, 47, 45, 51, 49, 42, 44, 41, 43, 38, 40, 37, 39, 33, 35, 34, 36, 29, 31, 30, 32, 27, 25, 28, 26, 23, 21, 24, 22, 18, 16, 17, 15, 20, 11, 19, 8, 6, 14, 4, 12, 7, 10, 2, 9, 1, 13, 3, 5 ],
\[ 6, 1, 4, 17, 12, 18, 13, 2, 3, 5, 7, 15, 14, 16, 26, 25, 28, 27, 9, 10, 8, 11, 19, 20, 35, 36, 33, 34, 21, 22, 23, 24, 42, 41, 44, 43, 29, 30, 31, 32, 51, 52, 49, 50, 37, 38, 39, 40, 58, 57, 60, 59, 45, 46, 47, 48, 62, 64, 61, 63, 53, 54, 55, 56 ]:
 Order := 16 >;
s`SolvableDBPathToPP1 := [ Strings() | "PP1", "2T1-2,1,2-g0-path1", "4T1-4,1,4-g0-path1", "8T1-8,1,8-g0-path1", "16T1-16,2,16-g4-path1", "32S16-16,2,16-g7-path2", "64S29-16,2,16-g13-path3" ];
s`SolvableDBChild := "32S16-16,2,16-g7-path2";

/*
Return for eval
*/

return s;
