s := SolvableDBObjectInitialize();

/*
Basic Information about the Passport
*/

s`SolvableDBName := "64S27-4,16,16-g21-path26";
s`SolvableDBFilename := "64S27-4,16,16-g21-path26.m";
s`SolvableDBPathNumber := 26;
s`SolvableDBDegree := 64;
s`SolvableDBABC := \[ 4, 16, 16 ];
s`SolvableDBType := "Hyperbolic";
s`SolvableDBGenus := 21;
s`SolvableDBGaloisOrbitSize := 1;
s`SolvableDBPassportSize := 1;
s`SolvableDBPointedPassportSize := 1;
s`SolvableDBLevel := 6;
s`SolvableDBBlocks := {@ PowerSet(IntegerRing()) |
{ IntegerRing() | 1, 5 },
{ IntegerRing() | 2, 11 },
{ IntegerRing() | 3, 16 },
{ IntegerRing() | 4, 21 },
{ IntegerRing() | 6, 15 },
{ IntegerRing() | 7, 19 },
{ IntegerRing() | 8, 10 },
{ IntegerRing() | 9, 32 },
{ IntegerRing() | 12, 26 },
{ IntegerRing() | 13, 29 },
{ IntegerRing() | 14, 38 },
{ IntegerRing() | 17, 24 },
{ IntegerRing() | 18, 30 },
{ IntegerRing() | 20, 44 },
{ IntegerRing() | 22, 25 },
{ IntegerRing() | 23, 27 },
{ IntegerRing() | 28, 34 },
{ IntegerRing() | 31, 33 },
{ IntegerRing() | 35, 45 },
{ IntegerRing() | 36, 39 },
{ IntegerRing() | 37, 57 },
{ IntegerRing() | 40, 41 },
{ IntegerRing() | 42, 51 },
{ IntegerRing() | 43, 55 },
{ IntegerRing() | 46, 47 },
{ IntegerRing() | 48, 49 },
{ IntegerRing() | 50, 54 },
{ IntegerRing() | 52, 53 },
{ IntegerRing() | 56, 63 },
{ IntegerRing() | 58, 59 },
{ IntegerRing() | 60, 61 },
{ IntegerRing() | 62, 64 }
@};

/*
Permutations and Passports
*/

s`SolvableDBGaloisOrbit := [ PowerSequence(PermutationGroup<64 |  
\[ 2, 3, 4, 5, 6, 7, 8, 9, 10, 11, 12, 13, 14, 15, 16, 17, 18, 19, 20, 21, 22, 23, 24, 25, 26, 27, 28, 29, 30, 31, 32, 33, 34, 35, 36, 37, 38, 39, 40, 41, 42, 43, 44, 45, 46, 47, 48, 49, 50, 51, 52, 53, 54, 55, 56, 57, 58, 59, 60, 61, 62, 63, 64, 1 ],
\[ 2, 1, 3, 4, 5, 6, 7, 8, 9, 10, 11, 12, 13, 14, 15, 16, 17, 18, 19, 20, 21, 22, 23, 24, 25, 26, 27, 28, 29, 30, 31, 32, 33, 34, 35, 36, 37, 38, 39, 40, 41, 42, 43, 44, 45, 46, 47, 48, 49, 50, 51, 52, 53, 54, 55, 56, 57, 58, 59, 60, 61, 62, 63, 64 ]:
 Order := 126886932185884164103433389335161480802865516174545192198801894375214704230400000000000000 >) |
[ PermutationGroup<64 |  
\[ 2, 3, 4, 5, 6, 7, 8, 9, 10, 11, 12, 13, 14, 15, 16, 17, 18, 19, 20, 21, 22, 23, 24, 25, 26, 27, 28, 29, 30, 31, 32, 33, 34, 35, 36, 37, 38, 39, 40, 41, 42, 43, 44, 45, 46, 47, 48, 49, 50, 51, 52, 53, 54, 55, 56, 57, 58, 59, 60, 61, 62, 63, 64, 1 ],
\[ 2, 1, 3, 4, 5, 6, 7, 8, 9, 10, 11, 12, 13, 14, 15, 16, 17, 18, 19, 20, 21, 22, 23, 24, 25, 26, 27, 28, 29, 30, 31, 32, 33, 34, 35, 36, 37, 38, 39, 40, 41, 42, 43, 44, 45, 46, 47, 48, 49, 50, 51, 52, 53, 54, 55, 56, 57, 58, 59, 60, 61, 62, 63, 64 ]:
 Order := 126886932185884164103433389335161480802865516174545192198801894375214704230400000000000000 > |
[ 2, 9, 8, 19, 11, 1, 26, 29, 6, 13, 32, 22, 24, 18, 5, 10, 3, 33, 12, 27, 7, 4, 28, 16, 21, 25, 34, 35, 17, 31, 36, 15, 39, 45, 44, 38, 40, 30, 14, 51, 42, 52, 47, 23, 20, 48, 49, 54, 50, 43, 53, 57, 37, 55, 46, 58, 41, 61, 60, 62, 64, 63, 59, 56 ],
[ 3, 10, 14, 6, 16, 24, 1, 30, 29, 18, 8, 2, 31, 37, 17, 38, 36, 41, 5, 22, 15, 32, 4, 39, 9, 11, 21, 7, 33, 40, 42, 13, 51, 19, 12, 53, 56, 57, 52, 59, 58, 60, 45, 25, 26, 20, 44, 23, 27, 28, 61, 64, 62, 34, 35, 54, 63, 43, 55, 47, 46, 48, 50, 49 ],
[ 4, 7, 15, 20, 21, 25, 27, 1, 12, 5, 19, 34, 2, 24, 22, 6, 9, 3, 23, 43, 44, 35, 47, 32, 45, 28, 46, 48, 11, 16, 8, 26, 10, 49, 50, 13, 36, 17, 29, 14, 38, 18, 63, 55, 54, 59, 58, 61, 60, 64, 30, 31, 33, 62, 56, 52, 39, 37, 57, 40, 41, 42, 53, 51 ]
]
];
s`SolvableDBPassport := [ PowerSequence(PermutationGroup<64 |  
\[ 2, 9, 8, 19, 11, 1, 26, 29, 6, 13, 32, 22, 24, 18, 5, 10, 3, 33, 12, 27, 7, 4, 28, 16, 21, 25, 34, 35, 17, 31, 36, 15, 39, 45, 44, 38, 40, 30, 14, 51, 42, 52, 47, 23, 20, 48, 49, 54, 50, 43, 53, 57, 37, 55, 46, 58, 41, 61, 60, 62, 64, 63, 59, 56 ],
\[ 3, 10, 14, 6, 16, 24, 1, 30, 29, 18, 8, 2, 31, 37, 17, 38, 36, 41, 5, 22, 15, 32, 4, 39, 9, 11, 21, 7, 33, 40, 42, 13, 51, 19, 12, 53, 56, 57, 52, 59, 58, 60, 45, 25, 26, 20, 44, 23, 27, 28, 61, 64, 62, 34, 35, 54, 63, 43, 55, 47, 46, 48, 50, 49 ],
\[ 4, 7, 15, 20, 21, 25, 27, 1, 12, 5, 19, 34, 2, 24, 22, 6, 9, 3, 23, 43, 44, 35, 47, 32, 45, 28, 46, 48, 11, 16, 8, 26, 10, 49, 50, 13, 36, 17, 29, 14, 38, 18, 63, 55, 54, 59, 58, 61, 60, 64, 30, 31, 33, 62, 56, 52, 39, 37, 57, 40, 41, 42, 53, 51 ]:
 Order := 64 >) |
[ PermutationGroup<64 |  
\[ 2, 9, 8, 19, 11, 1, 26, 29, 6, 13, 32, 22, 24, 18, 5, 10, 3, 33, 12, 27, 7, 4, 28, 16, 21, 25, 34, 35, 17, 31, 36, 15, 39, 45, 44, 38, 40, 30, 14, 51, 42, 52, 47, 23, 20, 48, 49, 54, 50, 43, 53, 57, 37, 55, 46, 58, 41, 61, 60, 62, 64, 63, 59, 56 ],
\[ 3, 10, 14, 6, 16, 24, 1, 30, 29, 18, 8, 2, 31, 37, 17, 38, 36, 41, 5, 22, 15, 32, 4, 39, 9, 11, 21, 7, 33, 40, 42, 13, 51, 19, 12, 53, 56, 57, 52, 59, 58, 60, 45, 25, 26, 20, 44, 23, 27, 28, 61, 64, 62, 34, 35, 54, 63, 43, 55, 47, 46, 48, 50, 49 ],
\[ 4, 7, 15, 20, 21, 25, 27, 1, 12, 5, 19, 34, 2, 24, 22, 6, 9, 3, 23, 43, 44, 35, 47, 32, 45, 28, 46, 48, 11, 16, 8, 26, 10, 49, 50, 13, 36, 17, 29, 14, 38, 18, 63, 55, 54, 59, 58, 61, 60, 64, 30, 31, 33, 62, 56, 52, 39, 37, 57, 40, 41, 42, 53, 51 ]:
 Order := 64 > |
[ 64, 56, 48, 42, 62, 61, 53, 54, 58, 50, 63, 57, 43, 27, 60, 49, 46, 34, 52, 30, 51, 41, 33, 47, 40, 37, 31, 39, 55, 28, 35, 59, 45, 36, 14, 44, 4, 23, 20, 19, 7, 26, 3, 18, 38, 10, 8, 13, 29, 17, 12, 25, 22, 24, 16, 15, 21, 5, 1, 2, 11, 9, 6, 32 ],
[ 3, 10, 14, 6, 16, 24, 1, 30, 29, 18, 8, 2, 31, 37, 17, 38, 36, 41, 5, 22, 15, 32, 4, 39, 9, 11, 21, 7, 33, 40, 42, 13, 51, 19, 12, 53, 56, 57, 52, 59, 58, 60, 45, 25, 26, 20, 44, 23, 27, 28, 61, 64, 62, 34, 35, 54, 63, 43, 55, 47, 46, 48, 50, 49 ],
[ 40, 42, 58, 14, 41, 57, 18, 60, 53, 61, 51, 33, 62, 55, 37, 59, 63, 47, 30, 24, 38, 36, 16, 56, 39, 31, 3, 8, 64, 46, 49, 52, 48, 10, 13, 54, 45, 43, 50, 44, 20, 23, 32, 17, 29, 15, 6, 1, 5, 2, 27, 34, 28, 11, 9, 12, 35, 25, 22, 21, 4, 19, 26, 7 ]
]
];
s`SolvableDBPointedPassport := [ PowerSequence(PermutationGroup<64 |  
\[ 2, 9, 8, 19, 11, 1, 26, 29, 6, 13, 32, 22, 24, 18, 5, 10, 3, 33, 12, 27, 7, 4, 28, 16, 21, 25, 34, 35, 17, 31, 36, 15, 39, 45, 44, 38, 40, 30, 14, 51, 42, 52, 47, 23, 20, 48, 49, 54, 50, 43, 53, 57, 37, 55, 46, 58, 41, 61, 60, 62, 64, 63, 59, 56 ],
\[ 3, 10, 14, 6, 16, 24, 1, 30, 29, 18, 8, 2, 31, 37, 17, 38, 36, 41, 5, 22, 15, 32, 4, 39, 9, 11, 21, 7, 33, 40, 42, 13, 51, 19, 12, 53, 56, 57, 52, 59, 58, 60, 45, 25, 26, 20, 44, 23, 27, 28, 61, 64, 62, 34, 35, 54, 63, 43, 55, 47, 46, 48, 50, 49 ],
\[ 4, 7, 15, 20, 21, 25, 27, 1, 12, 5, 19, 34, 2, 24, 22, 6, 9, 3, 23, 43, 44, 35, 47, 32, 45, 28, 46, 48, 11, 16, 8, 26, 10, 49, 50, 13, 36, 17, 29, 14, 38, 18, 63, 55, 54, 59, 58, 61, 60, 64, 30, 31, 33, 62, 56, 52, 39, 37, 57, 40, 41, 42, 53, 51 ]:
 Order := 64 >) |
[ PermutationGroup<64 |  
\[ 2, 9, 8, 19, 11, 1, 26, 29, 6, 13, 32, 22, 24, 18, 5, 10, 3, 33, 12, 27, 7, 4, 28, 16, 21, 25, 34, 35, 17, 31, 36, 15, 39, 45, 44, 38, 40, 30, 14, 51, 42, 52, 47, 23, 20, 48, 49, 54, 50, 43, 53, 57, 37, 55, 46, 58, 41, 61, 60, 62, 64, 63, 59, 56 ],
\[ 3, 10, 14, 6, 16, 24, 1, 30, 29, 18, 8, 2, 31, 37, 17, 38, 36, 41, 5, 22, 15, 32, 4, 39, 9, 11, 21, 7, 33, 40, 42, 13, 51, 19, 12, 53, 56, 57, 52, 59, 58, 60, 45, 25, 26, 20, 44, 23, 27, 28, 61, 64, 62, 34, 35, 54, 63, 43, 55, 47, 46, 48, 50, 49 ],
\[ 4, 7, 15, 20, 21, 25, 27, 1, 12, 5, 19, 34, 2, 24, 22, 6, 9, 3, 23, 43, 44, 35, 47, 32, 45, 28, 46, 48, 11, 16, 8, 26, 10, 49, 50, 13, 36, 17, 29, 14, 38, 18, 63, 55, 54, 59, 58, 61, 60, 64, 30, 31, 33, 62, 56, 52, 39, 37, 57, 40, 41, 42, 53, 51 ]:
 Order := 64 > |
[ 3, 10, 14, 6, 16, 24, 1, 30, 29, 18, 8, 2, 31, 37, 17, 38, 36, 41, 5, 22, 15, 32, 4, 39, 9, 11, 21, 7, 33, 40, 42, 13, 51, 19, 12, 53, 56, 57, 52, 59, 58, 60, 45, 25, 26, 20, 44, 23, 27, 28, 61, 64, 62, 34, 35, 54, 63, 43, 55, 47, 46, 48, 50, 49 ],
[ 40, 42, 58, 14, 41, 57, 18, 60, 53, 61, 51, 33, 62, 55, 37, 59, 63, 47, 30, 24, 38, 36, 16, 56, 39, 31, 3, 8, 64, 46, 49, 52, 48, 10, 13, 54, 45, 43, 50, 44, 20, 23, 32, 17, 29, 15, 6, 1, 5, 2, 27, 34, 28, 11, 9, 12, 35, 25, 22, 21, 4, 19, 26, 7 ],
[ 64, 56, 48, 42, 62, 61, 53, 54, 58, 50, 63, 57, 43, 27, 60, 49, 46, 34, 52, 30, 51, 41, 33, 47, 40, 37, 31, 39, 55, 28, 35, 59, 45, 36, 14, 44, 4, 23, 20, 19, 7, 26, 3, 18, 38, 10, 8, 13, 29, 17, 12, 25, 22, 24, 16, 15, 21, 5, 1, 2, 11, 9, 6, 32 ]
]
];
s`SolvableDBMonodromyGroup := PermutationGroup<64 |  
\[ 2, 9, 8, 19, 11, 1, 26, 29, 6, 13, 32, 22, 24, 18, 5, 10, 3, 33, 12, 27, 7, 4, 28, 16, 21, 25, 34, 35, 17, 31, 36, 15, 39, 45, 44, 38, 40, 30, 14, 51, 42, 52, 47, 23, 20, 48, 49, 54, 50, 43, 53, 57, 37, 55, 46, 58, 41, 61, 60, 62, 64, 63, 59, 56 ],
\[ 3, 10, 14, 6, 16, 24, 1, 30, 29, 18, 8, 2, 31, 37, 17, 38, 36, 41, 5, 22, 15, 32, 4, 39, 9, 11, 21, 7, 33, 40, 42, 13, 51, 19, 12, 53, 56, 57, 52, 59, 58, 60, 45, 25, 26, 20, 44, 23, 27, 28, 61, 64, 62, 34, 35, 54, 63, 43, 55, 47, 46, 48, 50, 49 ],
\[ 4, 7, 15, 20, 21, 25, 27, 1, 12, 5, 19, 34, 2, 24, 22, 6, 9, 3, 23, 43, 44, 35, 47, 32, 45, 28, 46, 48, 11, 16, 8, 26, 10, 49, 50, 13, 36, 17, 29, 14, 38, 18, 63, 55, 54, 59, 58, 61, 60, 64, 30, 31, 33, 62, 56, 52, 39, 37, 57, 40, 41, 42, 53, 51 ] >;
s`SolvableDBAutomorphismGroup := PermutationGroup<64 |  
\[ 63, 59, 50, 53, 56, 62, 57, 43, 60, 55, 58, 40, 46, 28, 64, 54, 49, 35, 37, 33, 52, 51, 36, 48, 42, 41, 39, 38, 47, 45, 20, 61, 44, 14, 30, 27, 7, 34, 23, 26, 12, 22, 10, 31, 18, 29, 13, 17, 24, 16, 25, 4, 21, 3, 8, 1, 19, 2, 11, 32, 9, 15, 5, 6 ],
\[ 57, 41, 63, 39, 37, 52, 38, 59, 42, 58, 40, 18, 61, 50, 53, 56, 62, 43, 14, 29, 36, 33, 24, 64, 31, 30, 17, 16, 60, 55, 46, 51, 47, 3, 10, 48, 28, 54, 49, 35, 45, 20, 11, 13, 8, 9, 32, 6, 15, 5, 44, 27, 23, 1, 2, 7, 34, 26, 12, 22, 25, 4, 19, 21 ],
\[ 64, 56, 49, 51, 62, 61, 52, 50, 58, 54, 63, 37, 55, 27, 60, 48, 47, 34, 53, 30, 42, 40, 33, 46, 41, 57, 31, 39, 43, 28, 35, 59, 45, 36, 14, 44, 21, 23, 20, 7, 19, 12, 16, 18, 38, 8, 10, 29, 13, 24, 26, 22, 25, 17, 3, 15, 4, 5, 1, 2, 11, 9, 6, 32 ]:
 Order := 64 >;
s`SolvableDBPointedAutomorphismGroup := PermutationGroup<64 |  
\[ 2, 9, 10, 7, 11, 1, 12, 13, 6, 29, 32, 25, 17, 18, 5, 8, 16, 33, 26, 27, 19, 21, 28, 3, 4, 22, 34, 35, 24, 31, 36, 15, 39, 45, 44, 38, 41, 30, 14, 42, 51, 53, 46, 23, 20, 49, 48, 50, 54, 55, 52, 37, 57, 43, 47, 58, 40, 61, 60, 62, 64, 63, 59, 56 ]:
 Order := 4 >;

/*
Top Level Belyi Curve/Map
*/


/*
Graph Data
*/

s`SolvableDBPathToPP1 := [ Strings() | "PP1", "2T1-2,2,1-g0-path1", "4T2-2,2,2-g0-path3", "8T2-4,2,4-g1-path5", "16T4-4,4,4-g3-path10", "32S3-4,8,8-g9-path2", "64S27-4,16,16-g21-path26" ];
s`SolvableDBChildren := [ Strings() | "32S3-4,8,8-g9-path2" ];

/*
Return for eval
*/

return s;
