s := SolvableDBObjectInitialize();

/*
Basic Information about the Passport
*/

s`SolvableDBName := "64S22-8,8,8-g21-path29";
s`SolvableDBFilename := "64S22-8,8,8-g21-path29.m";
s`SolvableDBPathNumber := 29;
s`SolvableDBDegree := 64;
s`SolvableDBABC := \[ 8, 8, 8 ];
s`SolvableDBType := "Hyperbolic";
s`SolvableDBGenus := 21;
s`SolvableDBGaloisOrbitSize := 1;
s`SolvableDBPassportSize := 3;
s`SolvableDBPointedPassportSize := 3;
s`SolvableDBLevel := 6;
s`SolvableDBBlocks := {@ PowerSet(IntegerRing()) |
{ IntegerRing() | 1, 5 },
{ IntegerRing() | 2, 11 },
{ IntegerRing() | 3, 16 },
{ IntegerRing() | 4, 10 },
{ IntegerRing() | 6, 18 },
{ IntegerRing() | 7, 22 },
{ IntegerRing() | 8, 23 },
{ IntegerRing() | 9, 29 },
{ IntegerRing() | 12, 37 },
{ IntegerRing() | 13, 19 },
{ IntegerRing() | 14, 25 },
{ IntegerRing() | 15, 30 },
{ IntegerRing() | 17, 45 },
{ IntegerRing() | 20, 36 },
{ IntegerRing() | 21, 26 },
{ IntegerRing() | 24, 48 },
{ IntegerRing() | 27, 35 },
{ IntegerRing() | 28, 31 },
{ IntegerRing() | 32, 46 },
{ IntegerRing() | 33, 40 },
{ IntegerRing() | 34, 57 },
{ IntegerRing() | 38, 58 },
{ IntegerRing() | 39, 41 },
{ IntegerRing() | 42, 49 },
{ IntegerRing() | 43, 47 },
{ IntegerRing() | 44, 55 },
{ IntegerRing() | 50, 62 },
{ IntegerRing() | 51, 53 },
{ IntegerRing() | 52, 56 },
{ IntegerRing() | 54, 59 },
{ IntegerRing() | 60, 64 },
{ IntegerRing() | 61, 63 }
@};

/*
Permutations and Passports
*/

s`SolvableDBGaloisOrbit := [ PowerSequence(PermutationGroup<64 |  
\[ 2, 3, 4, 5, 6, 7, 8, 9, 10, 11, 12, 13, 14, 15, 16, 17, 18, 19, 20, 21, 22, 23, 24, 25, 26, 27, 28, 29, 30, 31, 32, 33, 34, 35, 36, 37, 38, 39, 40, 41, 42, 43, 44, 45, 46, 47, 48, 49, 50, 51, 52, 53, 54, 55, 56, 57, 58, 59, 60, 61, 62, 63, 64, 1 ],
\[ 2, 1, 3, 4, 5, 6, 7, 8, 9, 10, 11, 12, 13, 14, 15, 16, 17, 18, 19, 20, 21, 22, 23, 24, 25, 26, 27, 28, 29, 30, 31, 32, 33, 34, 35, 36, 37, 38, 39, 40, 41, 42, 43, 44, 45, 46, 47, 48, 49, 50, 51, 52, 53, 54, 55, 56, 57, 58, 59, 60, 61, 62, 63, 64 ]:
 Order := 126886932185884164103433389335161480802865516174545192198801894375214704230400000000000000 >) |
[ PermutationGroup<64 |  
\[ 2, 3, 4, 5, 6, 7, 8, 9, 10, 11, 12, 13, 14, 15, 16, 17, 18, 19, 20, 21, 22, 23, 24, 25, 26, 27, 28, 29, 30, 31, 32, 33, 34, 35, 36, 37, 38, 39, 40, 41, 42, 43, 44, 45, 46, 47, 48, 49, 50, 51, 52, 53, 54, 55, 56, 57, 58, 59, 60, 61, 62, 63, 64, 1 ],
\[ 2, 1, 3, 4, 5, 6, 7, 8, 9, 10, 11, 12, 13, 14, 15, 16, 17, 18, 19, 20, 21, 22, 23, 24, 25, 26, 27, 28, 29, 30, 31, 32, 33, 34, 35, 36, 37, 38, 39, 40, 41, 42, 43, 44, 45, 46, 47, 48, 49, 50, 51, 52, 53, 54, 55, 56, 57, 58, 59, 60, 61, 62, 63, 64 ]:
 Order := 126886932185884164103433389335161480802865516174545192198801894375214704230400000000000000 > |
[ 2, 9, 8, 19, 11, 1, 27, 22, 33, 13, 29, 38, 37, 18, 46, 23, 3, 5, 12, 42, 4, 35, 7, 26, 6, 10, 34, 56, 40, 32, 52, 28, 61, 62, 57, 49, 58, 60, 30, 63, 15, 39, 45, 14, 16, 31, 17, 21, 41, 47, 20, 53, 36, 24, 25, 51, 50, 64, 48, 59, 55, 43, 44, 54 ],
[ 3, 10, 14, 6, 16, 24, 1, 30, 22, 18, 4, 2, 20, 43, 17, 25, 42, 48, 36, 21, 52, 5, 15, 44, 47, 56, 31, 23, 7, 45, 8, 38, 37, 9, 28, 26, 11, 41, 19, 12, 13, 62, 61, 60, 49, 58, 63, 55, 50, 51, 27, 54, 35, 32, 64, 59, 29, 39, 46, 33, 57, 53, 34, 40 ],
[ 4, 7, 15, 20, 10, 16, 28, 1, 12, 36, 22, 39, 2, 24, 38, 30, 25, 3, 11, 50, 18, 31, 5, 52, 48, 6, 29, 54, 37, 58, 59, 8, 34, 51, 9, 62, 41, 40, 17, 57, 45, 13, 42, 47, 14, 23, 49, 56, 19, 61, 26, 27, 21, 55, 43, 35, 53, 33, 44, 32, 60, 63, 64, 46 ]
]
];
s`SolvableDBPassport := [ PowerSequence(PermutationGroup<64 |  
\[ 2, 9, 8, 19, 11, 1, 27, 22, 33, 13, 29, 38, 37, 18, 46, 23, 3, 5, 12, 42, 4, 35, 7, 26, 6, 10, 34, 56, 40, 32, 52, 28, 61, 62, 57, 49, 58, 60, 30, 63, 15, 39, 45, 14, 16, 31, 17, 21, 41, 47, 20, 53, 36, 24, 25, 51, 50, 64, 48, 59, 55, 43, 44, 54 ],
\[ 3, 10, 14, 6, 16, 24, 1, 30, 22, 18, 4, 2, 20, 43, 17, 25, 42, 48, 36, 21, 52, 5, 15, 44, 47, 56, 31, 23, 7, 45, 8, 38, 37, 9, 28, 26, 11, 41, 19, 12, 13, 62, 61, 60, 49, 58, 63, 55, 50, 51, 27, 54, 35, 32, 64, 59, 29, 39, 46, 33, 57, 53, 34, 40 ],
\[ 4, 7, 15, 20, 10, 16, 28, 1, 12, 36, 22, 39, 2, 24, 38, 30, 25, 3, 11, 50, 18, 31, 5, 52, 48, 6, 29, 54, 37, 58, 59, 8, 34, 51, 9, 62, 41, 40, 17, 57, 45, 13, 42, 47, 14, 23, 49, 56, 19, 61, 26, 27, 21, 55, 43, 35, 53, 33, 44, 32, 60, 63, 64, 46 ]:
 Order := 64 >) |
[ PermutationGroup<64 |  
\[ 2, 9, 8, 19, 11, 1, 27, 22, 33, 13, 29, 38, 37, 18, 46, 23, 3, 5, 12, 42, 4, 35, 7, 26, 6, 10, 34, 56, 40, 32, 52, 28, 61, 62, 57, 49, 58, 60, 30, 63, 15, 39, 45, 14, 16, 31, 17, 21, 41, 47, 20, 53, 36, 24, 25, 51, 50, 64, 48, 59, 55, 43, 44, 54 ],
\[ 3, 10, 14, 6, 16, 24, 1, 30, 22, 18, 4, 2, 20, 43, 17, 25, 42, 48, 36, 21, 52, 5, 15, 44, 47, 56, 31, 23, 7, 45, 8, 38, 37, 9, 28, 26, 11, 41, 19, 12, 13, 62, 61, 60, 49, 58, 63, 55, 50, 51, 27, 54, 35, 32, 64, 59, 29, 39, 46, 33, 57, 53, 34, 40 ],
\[ 4, 7, 15, 20, 10, 16, 28, 1, 12, 36, 22, 39, 2, 24, 38, 30, 25, 3, 11, 50, 18, 31, 5, 52, 48, 6, 29, 54, 37, 58, 59, 8, 34, 51, 9, 62, 41, 40, 17, 57, 45, 13, 42, 47, 14, 23, 49, 56, 19, 61, 26, 27, 21, 55, 43, 35, 53, 33, 44, 32, 60, 63, 64, 46 ]:
 Order := 64 > |
[ 4, 7, 15, 20, 10, 16, 28, 1, 12, 36, 22, 39, 2, 24, 38, 30, 25, 3, 11, 50, 18, 31, 5, 52, 48, 6, 29, 54, 37, 58, 59, 8, 34, 51, 9, 62, 41, 40, 17, 57, 45, 13, 42, 47, 14, 23, 49, 56, 19, 61, 26, 27, 21, 55, 43, 35, 53, 33, 44, 32, 60, 63, 64, 46 ],
[ 2, 9, 8, 19, 11, 1, 27, 22, 33, 13, 29, 38, 37, 18, 46, 23, 3, 5, 12, 42, 4, 35, 7, 26, 6, 10, 34, 56, 40, 32, 52, 28, 61, 62, 57, 49, 58, 60, 30, 63, 15, 39, 45, 14, 16, 31, 17, 21, 41, 47, 20, 53, 36, 24, 25, 51, 50, 64, 48, 59, 55, 43, 44, 54 ],
[ 3, 10, 14, 6, 16, 24, 1, 30, 22, 18, 4, 2, 20, 43, 17, 25, 42, 48, 36, 21, 52, 5, 15, 44, 47, 56, 31, 23, 7, 45, 8, 38, 37, 9, 28, 26, 11, 41, 19, 12, 13, 62, 61, 60, 49, 58, 63, 55, 50, 51, 27, 54, 35, 32, 64, 59, 29, 39, 46, 33, 57, 53, 34, 40 ]
],
[ PermutationGroup<64 |  
\[ 2, 9, 8, 19, 11, 1, 27, 22, 33, 13, 29, 38, 37, 18, 46, 23, 3, 5, 12, 42, 4, 35, 7, 26, 6, 10, 34, 56, 40, 32, 52, 28, 61, 62, 57, 49, 58, 60, 30, 63, 15, 39, 45, 14, 16, 31, 17, 21, 41, 47, 20, 53, 36, 24, 25, 51, 50, 64, 48, 59, 55, 43, 44, 54 ],
\[ 3, 10, 14, 6, 16, 24, 1, 30, 22, 18, 4, 2, 20, 43, 17, 25, 42, 48, 36, 21, 52, 5, 15, 44, 47, 56, 31, 23, 7, 45, 8, 38, 37, 9, 28, 26, 11, 41, 19, 12, 13, 62, 61, 60, 49, 58, 63, 55, 50, 51, 27, 54, 35, 32, 64, 59, 29, 39, 46, 33, 57, 53, 34, 40 ],
\[ 4, 7, 15, 20, 10, 16, 28, 1, 12, 36, 22, 39, 2, 24, 38, 30, 25, 3, 11, 50, 18, 31, 5, 52, 48, 6, 29, 54, 37, 58, 59, 8, 34, 51, 9, 62, 41, 40, 17, 57, 45, 13, 42, 47, 14, 23, 49, 56, 19, 61, 26, 27, 21, 55, 43, 35, 53, 33, 44, 32, 60, 63, 64, 46 ]:
 Order := 64 > |
[ 2, 9, 8, 19, 11, 1, 27, 22, 33, 13, 29, 38, 37, 18, 46, 23, 3, 5, 12, 42, 4, 35, 7, 26, 6, 10, 34, 56, 40, 32, 52, 28, 61, 62, 57, 49, 58, 60, 30, 63, 15, 39, 45, 14, 16, 31, 17, 21, 41, 47, 20, 53, 36, 24, 25, 51, 50, 64, 48, 59, 55, 43, 44, 54 ],
[ 4, 7, 15, 20, 10, 16, 28, 1, 12, 36, 22, 39, 2, 24, 38, 30, 25, 3, 11, 50, 18, 31, 5, 52, 48, 6, 29, 54, 37, 58, 59, 8, 34, 51, 9, 62, 41, 40, 17, 57, 45, 13, 42, 47, 14, 23, 49, 56, 19, 61, 26, 27, 21, 55, 43, 35, 53, 33, 44, 32, 60, 63, 64, 46 ],
[ 26, 8, 39, 53, 21, 17, 46, 18, 13, 51, 23, 49, 5, 59, 37, 41, 44, 45, 1, 34, 25, 32, 6, 28, 54, 14, 2, 60, 19, 12, 64, 16, 35, 52, 11, 57, 42, 9, 43, 27, 47, 4, 36, 62, 55, 3, 20, 31, 10, 40, 48, 22, 24, 63, 50, 7, 56, 29, 61, 15, 58, 33, 38, 30 ]
],
[ PermutationGroup<64 |  
\[ 2, 9, 8, 19, 11, 1, 27, 22, 33, 13, 29, 38, 37, 18, 46, 23, 3, 5, 12, 42, 4, 35, 7, 26, 6, 10, 34, 56, 40, 32, 52, 28, 61, 62, 57, 49, 58, 60, 30, 63, 15, 39, 45, 14, 16, 31, 17, 21, 41, 47, 20, 53, 36, 24, 25, 51, 50, 64, 48, 59, 55, 43, 44, 54 ],
\[ 3, 10, 14, 6, 16, 24, 1, 30, 22, 18, 4, 2, 20, 43, 17, 25, 42, 48, 36, 21, 52, 5, 15, 44, 47, 56, 31, 23, 7, 45, 8, 38, 37, 9, 28, 26, 11, 41, 19, 12, 13, 62, 61, 60, 49, 58, 63, 55, 50, 51, 27, 54, 35, 32, 64, 59, 29, 39, 46, 33, 57, 53, 34, 40 ],
\[ 4, 7, 15, 20, 10, 16, 28, 1, 12, 36, 22, 39, 2, 24, 38, 30, 25, 3, 11, 50, 18, 31, 5, 52, 48, 6, 29, 54, 37, 58, 59, 8, 34, 51, 9, 62, 41, 40, 17, 57, 45, 13, 42, 47, 14, 23, 49, 56, 19, 61, 26, 27, 21, 55, 43, 35, 53, 33, 44, 32, 60, 63, 64, 46 ]:
 Order := 64 > |
[ 2, 9, 8, 19, 11, 1, 27, 22, 33, 13, 29, 38, 37, 18, 46, 23, 3, 5, 12, 42, 4, 35, 7, 26, 6, 10, 34, 56, 40, 32, 52, 28, 61, 62, 57, 49, 58, 60, 30, 63, 15, 39, 45, 14, 16, 31, 17, 21, 41, 47, 20, 53, 36, 24, 25, 51, 50, 64, 48, 59, 55, 43, 44, 54 ],
[ 3, 10, 14, 6, 16, 24, 1, 30, 22, 18, 4, 2, 20, 43, 17, 25, 42, 48, 36, 21, 52, 5, 15, 44, 47, 56, 31, 23, 7, 45, 8, 38, 37, 9, 28, 26, 11, 41, 19, 12, 13, 62, 61, 60, 49, 58, 63, 55, 50, 51, 27, 54, 35, 32, 64, 59, 29, 39, 46, 33, 57, 53, 34, 40 ],
[ 4, 7, 15, 20, 10, 16, 28, 1, 12, 36, 22, 39, 2, 24, 38, 30, 25, 3, 11, 50, 18, 31, 5, 52, 48, 6, 29, 54, 37, 58, 59, 8, 34, 51, 9, 62, 41, 40, 17, 57, 45, 13, 42, 47, 14, 23, 49, 56, 19, 61, 26, 27, 21, 55, 43, 35, 53, 33, 44, 32, 60, 63, 64, 46 ]
]
];
s`SolvableDBPointedPassport := [ PowerSequence(PermutationGroup<64 |  
\[ 2, 9, 8, 19, 11, 1, 27, 22, 33, 13, 29, 38, 37, 18, 46, 23, 3, 5, 12, 42, 4, 35, 7, 26, 6, 10, 34, 56, 40, 32, 52, 28, 61, 62, 57, 49, 58, 60, 30, 63, 15, 39, 45, 14, 16, 31, 17, 21, 41, 47, 20, 53, 36, 24, 25, 51, 50, 64, 48, 59, 55, 43, 44, 54 ],
\[ 3, 10, 14, 6, 16, 24, 1, 30, 22, 18, 4, 2, 20, 43, 17, 25, 42, 48, 36, 21, 52, 5, 15, 44, 47, 56, 31, 23, 7, 45, 8, 38, 37, 9, 28, 26, 11, 41, 19, 12, 13, 62, 61, 60, 49, 58, 63, 55, 50, 51, 27, 54, 35, 32, 64, 59, 29, 39, 46, 33, 57, 53, 34, 40 ],
\[ 4, 7, 15, 20, 10, 16, 28, 1, 12, 36, 22, 39, 2, 24, 38, 30, 25, 3, 11, 50, 18, 31, 5, 52, 48, 6, 29, 54, 37, 58, 59, 8, 34, 51, 9, 62, 41, 40, 17, 57, 45, 13, 42, 47, 14, 23, 49, 56, 19, 61, 26, 27, 21, 55, 43, 35, 53, 33, 44, 32, 60, 63, 64, 46 ]:
 Order := 64 >) |
[ PermutationGroup<64 |  
\[ 2, 9, 8, 19, 11, 1, 27, 22, 33, 13, 29, 38, 37, 18, 46, 23, 3, 5, 12, 42, 4, 35, 7, 26, 6, 10, 34, 56, 40, 32, 52, 28, 61, 62, 57, 49, 58, 60, 30, 63, 15, 39, 45, 14, 16, 31, 17, 21, 41, 47, 20, 53, 36, 24, 25, 51, 50, 64, 48, 59, 55, 43, 44, 54 ],
\[ 3, 10, 14, 6, 16, 24, 1, 30, 22, 18, 4, 2, 20, 43, 17, 25, 42, 48, 36, 21, 52, 5, 15, 44, 47, 56, 31, 23, 7, 45, 8, 38, 37, 9, 28, 26, 11, 41, 19, 12, 13, 62, 61, 60, 49, 58, 63, 55, 50, 51, 27, 54, 35, 32, 64, 59, 29, 39, 46, 33, 57, 53, 34, 40 ],
\[ 4, 7, 15, 20, 10, 16, 28, 1, 12, 36, 22, 39, 2, 24, 38, 30, 25, 3, 11, 50, 18, 31, 5, 52, 48, 6, 29, 54, 37, 58, 59, 8, 34, 51, 9, 62, 41, 40, 17, 57, 45, 13, 42, 47, 14, 23, 49, 56, 19, 61, 26, 27, 21, 55, 43, 35, 53, 33, 44, 32, 60, 63, 64, 46 ]:
 Order := 64 > |
[ 23, 19, 6, 5, 8, 21, 11, 46, 27, 1, 13, 29, 49, 17, 16, 18, 41, 26, 42, 10, 51, 2, 32, 25, 45, 53, 56, 22, 35, 3, 7, 64, 38, 40, 52, 4, 9, 30, 37, 58, 12, 47, 44, 54, 39, 60, 55, 14, 43, 36, 57, 48, 34, 31, 59, 24, 33, 15, 28, 63, 62, 20, 50, 61 ],
[ 2, 9, 8, 19, 11, 1, 27, 22, 33, 13, 29, 38, 37, 18, 46, 23, 3, 5, 12, 42, 4, 35, 7, 26, 6, 10, 34, 56, 40, 32, 52, 28, 61, 62, 57, 49, 58, 60, 30, 63, 15, 39, 45, 14, 16, 31, 17, 21, 41, 47, 20, 53, 36, 24, 25, 51, 50, 64, 48, 59, 55, 43, 44, 54 ],
[ 26, 8, 39, 53, 21, 17, 46, 18, 13, 51, 23, 49, 5, 59, 37, 41, 44, 45, 1, 34, 25, 32, 6, 28, 54, 14, 2, 60, 19, 12, 64, 16, 35, 52, 11, 57, 42, 9, 43, 27, 47, 4, 36, 62, 55, 3, 20, 31, 10, 40, 48, 22, 24, 63, 50, 7, 56, 29, 61, 15, 58, 33, 38, 30 ]
],
[ PermutationGroup<64 |  
\[ 2, 9, 8, 19, 11, 1, 27, 22, 33, 13, 29, 38, 37, 18, 46, 23, 3, 5, 12, 42, 4, 35, 7, 26, 6, 10, 34, 56, 40, 32, 52, 28, 61, 62, 57, 49, 58, 60, 30, 63, 15, 39, 45, 14, 16, 31, 17, 21, 41, 47, 20, 53, 36, 24, 25, 51, 50, 64, 48, 59, 55, 43, 44, 54 ],
\[ 3, 10, 14, 6, 16, 24, 1, 30, 22, 18, 4, 2, 20, 43, 17, 25, 42, 48, 36, 21, 52, 5, 15, 44, 47, 56, 31, 23, 7, 45, 8, 38, 37, 9, 28, 26, 11, 41, 19, 12, 13, 62, 61, 60, 49, 58, 63, 55, 50, 51, 27, 54, 35, 32, 64, 59, 29, 39, 46, 33, 57, 53, 34, 40 ],
\[ 4, 7, 15, 20, 10, 16, 28, 1, 12, 36, 22, 39, 2, 24, 38, 30, 25, 3, 11, 50, 18, 31, 5, 52, 48, 6, 29, 54, 37, 58, 59, 8, 34, 51, 9, 62, 41, 40, 17, 57, 45, 13, 42, 47, 14, 23, 49, 56, 19, 61, 26, 27, 21, 55, 43, 35, 53, 33, 44, 32, 60, 63, 64, 46 ]:
 Order := 64 > |
[ 49, 52, 64, 43, 42, 46, 48, 13, 15, 47, 56, 16, 35, 51, 61, 60, 26, 32, 27, 44, 23, 24, 19, 57, 53, 8, 38, 14, 30, 63, 25, 11, 36, 4, 58, 55, 3, 62, 18, 20, 6, 29, 12, 39, 21, 2, 37, 34, 9, 54, 5, 33, 1, 17, 41, 40, 10, 50, 45, 7, 31, 59, 28, 22 ],
[ 4, 7, 15, 20, 10, 16, 28, 1, 12, 36, 22, 39, 2, 24, 38, 30, 25, 3, 11, 50, 18, 31, 5, 52, 48, 6, 29, 54, 37, 58, 59, 8, 34, 51, 9, 62, 41, 40, 17, 57, 45, 13, 42, 47, 14, 23, 49, 56, 19, 61, 26, 27, 21, 55, 43, 35, 53, 33, 44, 32, 60, 63, 64, 46 ],
[ 57, 64, 29, 33, 34, 37, 61, 51, 47, 40, 60, 55, 32, 7, 35, 9, 28, 12, 46, 38, 41, 63, 53, 11, 22, 39, 49, 62, 43, 27, 50, 21, 24, 25, 42, 58, 44, 52, 59, 48, 54, 23, 1, 4, 31, 26, 5, 2, 8, 30, 45, 13, 17, 20, 10, 19, 14, 56, 36, 6, 3, 15, 16, 18 ]
],
[ PermutationGroup<64 |  
\[ 2, 9, 8, 19, 11, 1, 27, 22, 33, 13, 29, 38, 37, 18, 46, 23, 3, 5, 12, 42, 4, 35, 7, 26, 6, 10, 34, 56, 40, 32, 52, 28, 61, 62, 57, 49, 58, 60, 30, 63, 15, 39, 45, 14, 16, 31, 17, 21, 41, 47, 20, 53, 36, 24, 25, 51, 50, 64, 48, 59, 55, 43, 44, 54 ],
\[ 3, 10, 14, 6, 16, 24, 1, 30, 22, 18, 4, 2, 20, 43, 17, 25, 42, 48, 36, 21, 52, 5, 15, 44, 47, 56, 31, 23, 7, 45, 8, 38, 37, 9, 28, 26, 11, 41, 19, 12, 13, 62, 61, 60, 49, 58, 63, 55, 50, 51, 27, 54, 35, 32, 64, 59, 29, 39, 46, 33, 57, 53, 34, 40 ],
\[ 4, 7, 15, 20, 10, 16, 28, 1, 12, 36, 22, 39, 2, 24, 38, 30, 25, 3, 11, 50, 18, 31, 5, 52, 48, 6, 29, 54, 37, 58, 59, 8, 34, 51, 9, 62, 41, 40, 17, 57, 45, 13, 42, 47, 14, 23, 49, 56, 19, 61, 26, 27, 21, 55, 43, 35, 53, 33, 44, 32, 60, 63, 64, 46 ]:
 Order := 64 > |
[ 49, 52, 64, 43, 42, 46, 48, 13, 15, 47, 56, 16, 35, 51, 61, 60, 26, 32, 27, 44, 23, 24, 19, 57, 53, 8, 38, 14, 30, 63, 25, 11, 36, 4, 58, 55, 3, 62, 18, 20, 6, 29, 12, 39, 21, 2, 37, 34, 9, 54, 5, 33, 1, 17, 41, 40, 10, 50, 45, 7, 31, 59, 28, 22 ],
[ 26, 8, 39, 53, 21, 17, 46, 18, 13, 51, 23, 49, 5, 59, 37, 41, 44, 45, 1, 34, 25, 32, 6, 28, 54, 14, 2, 60, 19, 12, 64, 16, 35, 52, 11, 57, 42, 9, 43, 27, 47, 4, 36, 62, 55, 3, 20, 31, 10, 40, 48, 22, 24, 63, 50, 7, 56, 29, 61, 15, 58, 33, 38, 30 ],
[ 4, 7, 15, 20, 10, 16, 28, 1, 12, 36, 22, 39, 2, 24, 38, 30, 25, 3, 11, 50, 18, 31, 5, 52, 48, 6, 29, 54, 37, 58, 59, 8, 34, 51, 9, 62, 41, 40, 17, 57, 45, 13, 42, 47, 14, 23, 49, 56, 19, 61, 26, 27, 21, 55, 43, 35, 53, 33, 44, 32, 60, 63, 64, 46 ]
]
];
s`SolvableDBMonodromyGroup := PermutationGroup<64 |  
\[ 2, 9, 8, 19, 11, 1, 27, 22, 33, 13, 29, 38, 37, 18, 46, 23, 3, 5, 12, 42, 4, 35, 7, 26, 6, 10, 34, 56, 40, 32, 52, 28, 61, 62, 57, 49, 58, 60, 30, 63, 15, 39, 45, 14, 16, 31, 17, 21, 41, 47, 20, 53, 36, 24, 25, 51, 50, 64, 48, 59, 55, 43, 44, 54 ],
\[ 3, 10, 14, 6, 16, 24, 1, 30, 22, 18, 4, 2, 20, 43, 17, 25, 42, 48, 36, 21, 52, 5, 15, 44, 47, 56, 31, 23, 7, 45, 8, 38, 37, 9, 28, 26, 11, 41, 19, 12, 13, 62, 61, 60, 49, 58, 63, 55, 50, 51, 27, 54, 35, 32, 64, 59, 29, 39, 46, 33, 57, 53, 34, 40 ],
\[ 4, 7, 15, 20, 10, 16, 28, 1, 12, 36, 22, 39, 2, 24, 38, 30, 25, 3, 11, 50, 18, 31, 5, 52, 48, 6, 29, 54, 37, 58, 59, 8, 34, 51, 9, 62, 41, 40, 17, 57, 45, 13, 42, 47, 14, 23, 49, 56, 19, 61, 26, 27, 21, 55, 43, 35, 53, 33, 44, 32, 60, 63, 64, 46 ] >;
s`SolvableDBAutomorphismGroup := PermutationGroup<64 |  
\[ 61, 55, 57, 60, 63, 33, 43, 50, 25, 64, 44, 48, 54, 29, 53, 34, 35, 40, 59, 32, 38, 47, 62, 37, 9, 58, 45, 42, 14, 51, 49, 20, 6, 16, 17, 46, 24, 21, 56, 18, 52, 28, 7, 11, 27, 36, 22, 12, 31, 8, 30, 41, 15, 13, 2, 39, 3, 26, 19, 4, 1, 23, 5, 10 ],
\[ 2, 9, 10, 7, 11, 1, 12, 13, 33, 22, 29, 34, 35, 18, 36, 4, 26, 5, 27, 28, 23, 37, 19, 3, 6, 8, 38, 39, 40, 20, 41, 42, 61, 60, 58, 31, 57, 62, 51, 63, 53, 56, 48, 14, 21, 49, 24, 16, 52, 54, 32, 15, 46, 17, 25, 30, 64, 50, 45, 43, 55, 59, 44, 47 ],
\[ 64, 54, 40, 46, 60, 58, 55, 63, 24, 32, 59, 52, 28, 12, 57, 33, 29, 38, 31, 23, 15, 44, 61, 39, 37, 30, 25, 43, 48, 34, 47, 62, 26, 6, 14, 8, 56, 53, 27, 21, 35, 7, 2, 19, 9, 50, 11, 41, 22, 5, 16, 17, 3, 42, 13, 45, 18, 51, 49, 36, 10, 1, 4, 20 ]:
 Order := 64 >;
s`SolvableDBPointedAutomorphismGroup := PermutationGroup<64 |  
\[ 61, 55, 57, 60, 63, 33, 43, 50, 25, 64, 44, 48, 54, 29, 53, 34, 35, 40, 59, 32, 38, 47, 62, 37, 9, 58, 45, 42, 14, 51, 49, 20, 6, 16, 17, 46, 24, 21, 56, 18, 52, 28, 7, 11, 27, 36, 22, 12, 31, 8, 30, 41, 15, 13, 2, 39, 3, 26, 19, 4, 1, 23, 5, 10 ],
\[ 6, 1, 24, 16, 18, 25, 4, 26, 2, 3, 5, 7, 8, 44, 52, 48, 54, 14, 23, 30, 45, 10, 21, 47, 55, 17, 19, 20, 11, 56, 36, 51, 9, 12, 13, 15, 22, 27, 28, 29, 31, 32, 60, 63, 59, 53, 64, 43, 46, 58, 39, 49, 41, 50, 61, 42, 37, 35, 62, 34, 33, 38, 40, 57 ]:
 Order := 8 >;

/*
Top Level Belyi Curve/Map
*/


/*
Graph Data
*/

s`SolvableDBPathToPP1 := [ Strings() | "PP1", "2T1-1,2,2-g0-path1", "4T2-2,2,2-g0-path1", "8T5-4,4,4-g2-path1", "16T8-4,4,4-g3-path25", "32S15-8,8,8-g11-path35", "64S22-8,8,8-g21-path29" ];
s`SolvableDBChildren := [ Strings() | "32S15-8,8,8-g11-path35" ];

/*
Return for eval
*/

return s;
