s := SolvableDBObjectInitialize();

/*
Basic Information about the Passport
*/

s`SolvableDBName := "64S26-16,4,16-g21-path13";
s`SolvableDBFilename := "64S26-16,4,16-g21-path13.m";
s`SolvableDBPathNumber := 13;
s`SolvableDBDegree := 64;
s`SolvableDBABC := \[ 16, 4, 16 ];
s`SolvableDBType := "Hyperbolic";
s`SolvableDBGenus := 21;
s`SolvableDBGaloisOrbitSize := 1;
s`SolvableDBPassportSize := 1;
s`SolvableDBPointedPassportSize := 1;
s`SolvableDBLevel := 6;
s`SolvableDBBlocks := {@ PowerSet(IntegerRing()) |
{ IntegerRing() | 1, 5 },
{ IntegerRing() | 2, 10 },
{ IntegerRing() | 3, 14 },
{ IntegerRing() | 4, 18 },
{ IntegerRing() | 6, 21 },
{ IntegerRing() | 7, 22 },
{ IntegerRing() | 8, 23 },
{ IntegerRing() | 9, 27 },
{ IntegerRing() | 11, 30 },
{ IntegerRing() | 12, 31 },
{ IntegerRing() | 13, 33 },
{ IntegerRing() | 15, 34 },
{ IntegerRing() | 16, 35 },
{ IntegerRing() | 17, 38 },
{ IntegerRing() | 19, 40 },
{ IntegerRing() | 20, 41 },
{ IntegerRing() | 24, 43 },
{ IntegerRing() | 25, 44 },
{ IntegerRing() | 26, 48 },
{ IntegerRing() | 28, 50 },
{ IntegerRing() | 29, 51 },
{ IntegerRing() | 32, 53 },
{ IntegerRing() | 36, 55 },
{ IntegerRing() | 37, 57 },
{ IntegerRing() | 39, 59 },
{ IntegerRing() | 42, 61 },
{ IntegerRing() | 45, 63 },
{ IntegerRing() | 46, 64 },
{ IntegerRing() | 47, 60 },
{ IntegerRing() | 49, 62 },
{ IntegerRing() | 52, 56 },
{ IntegerRing() | 54, 58 }
@};

/*
Permutations and Passports
*/

s`SolvableDBGaloisOrbit := [ PowerSequence(PermutationGroup<64 |  
\[ 2, 3, 4, 5, 6, 7, 8, 9, 10, 11, 12, 13, 14, 15, 16, 17, 18, 19, 20, 21, 22, 23, 24, 25, 26, 27, 28, 29, 30, 31, 32, 33, 34, 35, 36, 37, 38, 39, 40, 41, 42, 43, 44, 45, 46, 47, 48, 49, 50, 51, 52, 53, 54, 55, 56, 57, 58, 59, 60, 61, 62, 63, 64, 1 ],
\[ 2, 1, 3, 4, 5, 6, 7, 8, 9, 10, 11, 12, 13, 14, 15, 16, 17, 18, 19, 20, 21, 22, 23, 24, 25, 26, 27, 28, 29, 30, 31, 32, 33, 34, 35, 36, 37, 38, 39, 40, 41, 42, 43, 44, 45, 46, 47, 48, 49, 50, 51, 52, 53, 54, 55, 56, 57, 58, 59, 60, 61, 62, 63, 64 ]:
 Order := 126886932185884164103433389335161480802865516174545192198801894375214704230400000000000000 >) |
[ PermutationGroup<64 |  
\[ 2, 3, 4, 5, 6, 7, 8, 9, 10, 11, 12, 13, 14, 15, 16, 17, 18, 19, 20, 21, 22, 23, 24, 25, 26, 27, 28, 29, 30, 31, 32, 33, 34, 35, 36, 37, 38, 39, 40, 41, 42, 43, 44, 45, 46, 47, 48, 49, 50, 51, 52, 53, 54, 55, 56, 57, 58, 59, 60, 61, 62, 63, 64, 1 ],
\[ 2, 1, 3, 4, 5, 6, 7, 8, 9, 10, 11, 12, 13, 14, 15, 16, 17, 18, 19, 20, 21, 22, 23, 24, 25, 26, 27, 28, 29, 30, 31, 32, 33, 34, 35, 36, 37, 38, 39, 40, 41, 42, 43, 44, 45, 46, 47, 48, 49, 50, 51, 52, 53, 54, 55, 56, 57, 58, 59, 60, 61, 62, 63, 64 ]:
 Order := 126886932185884164103433389335161480802865516174545192198801894375214704230400000000000000 > |
[ 2, 9, 8, 7, 10, 1, 11, 12, 26, 27, 28, 29, 16, 23, 3, 25, 20, 22, 4, 13, 5, 30, 31, 6, 32, 47, 48, 46, 49, 50, 51, 52, 35, 14, 44, 15, 36, 41, 17, 18, 33, 19, 21, 53, 24, 54, 59, 60, 61, 64, 62, 63, 56, 57, 34, 45, 55, 37, 38, 39, 40, 42, 43, 58 ],
[ 3, 8, 13, 6, 14, 15, 1, 16, 12, 23, 2, 25, 7, 33, 20, 11, 19, 21, 24, 4, 34, 5, 35, 36, 28, 29, 31, 9, 32, 10, 44, 46, 22, 41, 30, 17, 39, 40, 42, 43, 18, 45, 55, 50, 37, 26, 49, 51, 52, 27, 53, 54, 64, 47, 38, 58, 59, 60, 61, 62, 63, 56, 57, 48 ],
[ 4, 7, 6, 17, 18, 19, 20, 1, 11, 22, 13, 2, 15, 21, 24, 3, 37, 38, 39, 36, 40, 41, 5, 42, 8, 28, 30, 16, 9, 33, 10, 12, 34, 43, 14, 45, 56, 57, 58, 59, 55, 60, 61, 23, 62, 25, 46, 50, 26, 35, 27, 29, 31, 32, 63, 51, 52, 53, 54, 64, 47, 48, 49, 44 ]
]
];
s`SolvableDBPassport := [ PowerSequence(PermutationGroup<64 |  
\[ 2, 9, 8, 7, 10, 1, 11, 12, 26, 27, 28, 29, 16, 23, 3, 25, 20, 22, 4, 13, 5, 30, 31, 6, 32, 47, 48, 46, 49, 50, 51, 52, 35, 14, 44, 15, 36, 41, 17, 18, 33, 19, 21, 53, 24, 54, 59, 60, 61, 64, 62, 63, 56, 57, 34, 45, 55, 37, 38, 39, 40, 42, 43, 58 ],
\[ 3, 8, 13, 6, 14, 15, 1, 16, 12, 23, 2, 25, 7, 33, 20, 11, 19, 21, 24, 4, 34, 5, 35, 36, 28, 29, 31, 9, 32, 10, 44, 46, 22, 41, 30, 17, 39, 40, 42, 43, 18, 45, 55, 50, 37, 26, 49, 51, 52, 27, 53, 54, 64, 47, 38, 58, 59, 60, 61, 62, 63, 56, 57, 48 ],
\[ 4, 7, 6, 17, 18, 19, 20, 1, 11, 22, 13, 2, 15, 21, 24, 3, 37, 38, 39, 36, 40, 41, 5, 42, 8, 28, 30, 16, 9, 33, 10, 12, 34, 43, 14, 45, 56, 57, 58, 59, 55, 60, 61, 23, 62, 25, 46, 50, 26, 35, 27, 29, 31, 32, 63, 51, 52, 53, 54, 64, 47, 48, 49, 44 ]:
 Order := 64 >) |
[ PermutationGroup<64 |  
\[ 2, 9, 8, 7, 10, 1, 11, 12, 26, 27, 28, 29, 16, 23, 3, 25, 20, 22, 4, 13, 5, 30, 31, 6, 32, 47, 48, 46, 49, 50, 51, 52, 35, 14, 44, 15, 36, 41, 17, 18, 33, 19, 21, 53, 24, 54, 59, 60, 61, 64, 62, 63, 56, 57, 34, 45, 55, 37, 38, 39, 40, 42, 43, 58 ],
\[ 3, 8, 13, 6, 14, 15, 1, 16, 12, 23, 2, 25, 7, 33, 20, 11, 19, 21, 24, 4, 34, 5, 35, 36, 28, 29, 31, 9, 32, 10, 44, 46, 22, 41, 30, 17, 39, 40, 42, 43, 18, 45, 55, 50, 37, 26, 49, 51, 52, 27, 53, 54, 64, 47, 38, 58, 59, 60, 61, 62, 63, 56, 57, 48 ],
\[ 4, 7, 6, 17, 18, 19, 20, 1, 11, 22, 13, 2, 15, 21, 24, 3, 37, 38, 39, 36, 40, 41, 5, 42, 8, 28, 30, 16, 9, 33, 10, 12, 34, 43, 14, 45, 56, 57, 58, 59, 55, 60, 61, 23, 62, 25, 46, 50, 26, 35, 27, 29, 31, 32, 63, 51, 52, 53, 54, 64, 47, 48, 49, 44 ]:
 Order := 64 > |
[ 6, 1, 15, 19, 21, 24, 4, 3, 2, 5, 7, 8, 20, 34, 36, 13, 39, 40, 42, 17, 43, 18, 14, 45, 16, 9, 10, 11, 12, 22, 23, 25, 41, 55, 33, 37, 58, 59, 60, 61, 38, 62, 63, 35, 56, 28, 26, 27, 29, 30, 31, 32, 44, 46, 57, 53, 54, 64, 47, 48, 49, 51, 52, 50 ],
[ 58, 37, 60, 53, 54, 64, 56, 39, 36, 57, 45, 17, 62, 47, 48, 42, 31, 32, 44, 51, 46, 52, 59, 50, 19, 15, 55, 24, 20, 63, 38, 4, 49, 26, 61, 27, 10, 12, 23, 25, 29, 35, 28, 40, 30, 6, 3, 34, 13, 43, 41, 7, 18, 1, 9, 22, 2, 5, 8, 14, 16, 33, 11, 21 ],
[ 57, 55, 59, 52, 37, 54, 63, 38, 34, 36, 43, 41, 61, 39, 47, 40, 29, 56, 32, 49, 58, 45, 17, 46, 18, 14, 15, 21, 33, 24, 20, 22, 42, 60, 19, 26, 9, 51, 12, 53, 62, 25, 64, 4, 28, 5, 23, 3, 35, 6, 13, 30, 7, 10, 48, 11, 27, 2, 31, 8, 44, 16, 50, 1 ]
]
];
s`SolvableDBPointedPassport := [ PowerSequence(PermutationGroup<64 |  
\[ 2, 9, 8, 7, 10, 1, 11, 12, 26, 27, 28, 29, 16, 23, 3, 25, 20, 22, 4, 13, 5, 30, 31, 6, 32, 47, 48, 46, 49, 50, 51, 52, 35, 14, 44, 15, 36, 41, 17, 18, 33, 19, 21, 53, 24, 54, 59, 60, 61, 64, 62, 63, 56, 57, 34, 45, 55, 37, 38, 39, 40, 42, 43, 58 ],
\[ 3, 8, 13, 6, 14, 15, 1, 16, 12, 23, 2, 25, 7, 33, 20, 11, 19, 21, 24, 4, 34, 5, 35, 36, 28, 29, 31, 9, 32, 10, 44, 46, 22, 41, 30, 17, 39, 40, 42, 43, 18, 45, 55, 50, 37, 26, 49, 51, 52, 27, 53, 54, 64, 47, 38, 58, 59, 60, 61, 62, 63, 56, 57, 48 ],
\[ 4, 7, 6, 17, 18, 19, 20, 1, 11, 22, 13, 2, 15, 21, 24, 3, 37, 38, 39, 36, 40, 41, 5, 42, 8, 28, 30, 16, 9, 33, 10, 12, 34, 43, 14, 45, 56, 57, 58, 59, 55, 60, 61, 23, 62, 25, 46, 50, 26, 35, 27, 29, 31, 32, 63, 51, 52, 53, 54, 64, 47, 48, 49, 44 ]:
 Order := 64 >) |
[ PermutationGroup<64 |  
\[ 2, 9, 8, 7, 10, 1, 11, 12, 26, 27, 28, 29, 16, 23, 3, 25, 20, 22, 4, 13, 5, 30, 31, 6, 32, 47, 48, 46, 49, 50, 51, 52, 35, 14, 44, 15, 36, 41, 17, 18, 33, 19, 21, 53, 24, 54, 59, 60, 61, 64, 62, 63, 56, 57, 34, 45, 55, 37, 38, 39, 40, 42, 43, 58 ],
\[ 3, 8, 13, 6, 14, 15, 1, 16, 12, 23, 2, 25, 7, 33, 20, 11, 19, 21, 24, 4, 34, 5, 35, 36, 28, 29, 31, 9, 32, 10, 44, 46, 22, 41, 30, 17, 39, 40, 42, 43, 18, 45, 55, 50, 37, 26, 49, 51, 52, 27, 53, 54, 64, 47, 38, 58, 59, 60, 61, 62, 63, 56, 57, 48 ],
\[ 4, 7, 6, 17, 18, 19, 20, 1, 11, 22, 13, 2, 15, 21, 24, 3, 37, 38, 39, 36, 40, 41, 5, 42, 8, 28, 30, 16, 9, 33, 10, 12, 34, 43, 14, 45, 56, 57, 58, 59, 55, 60, 61, 23, 62, 25, 46, 50, 26, 35, 27, 29, 31, 32, 63, 51, 52, 53, 54, 64, 47, 48, 49, 44 ]:
 Order := 64 > |
[ 6, 1, 15, 19, 21, 24, 4, 3, 2, 5, 7, 8, 20, 34, 36, 13, 39, 40, 42, 17, 43, 18, 14, 45, 16, 9, 10, 11, 12, 22, 23, 25, 41, 55, 33, 37, 58, 59, 60, 61, 38, 62, 63, 35, 56, 28, 26, 27, 29, 30, 31, 32, 44, 46, 57, 53, 54, 64, 47, 48, 49, 51, 52, 50 ],
[ 3, 8, 13, 6, 14, 15, 1, 16, 12, 23, 2, 25, 7, 33, 20, 11, 19, 21, 24, 4, 34, 5, 35, 36, 28, 29, 31, 9, 32, 10, 44, 46, 22, 41, 30, 17, 39, 40, 42, 43, 18, 45, 55, 50, 37, 26, 49, 51, 52, 27, 53, 54, 64, 47, 38, 58, 59, 60, 61, 62, 63, 56, 57, 48 ],
[ 11, 28, 2, 13, 30, 7, 16, 9, 46, 50, 25, 26, 8, 10, 1, 12, 15, 33, 20, 3, 22, 35, 27, 4, 29, 54, 64, 32, 47, 44, 48, 49, 23, 5, 31, 6, 24, 34, 36, 41, 14, 17, 18, 51, 19, 52, 57, 58, 59, 53, 60, 61, 62, 63, 21, 42, 43, 45, 55, 37, 38, 39, 40, 56 ]
]
];
s`SolvableDBMonodromyGroup := PermutationGroup<64 |  
\[ 2, 9, 8, 7, 10, 1, 11, 12, 26, 27, 28, 29, 16, 23, 3, 25, 20, 22, 4, 13, 5, 30, 31, 6, 32, 47, 48, 46, 49, 50, 51, 52, 35, 14, 44, 15, 36, 41, 17, 18, 33, 19, 21, 53, 24, 54, 59, 60, 61, 64, 62, 63, 56, 57, 34, 45, 55, 37, 38, 39, 40, 42, 43, 58 ],
\[ 3, 8, 13, 6, 14, 15, 1, 16, 12, 23, 2, 25, 7, 33, 20, 11, 19, 21, 24, 4, 34, 5, 35, 36, 28, 29, 31, 9, 32, 10, 44, 46, 22, 41, 30, 17, 39, 40, 42, 43, 18, 45, 55, 50, 37, 26, 49, 51, 52, 27, 53, 54, 64, 47, 38, 58, 59, 60, 61, 62, 63, 56, 57, 48 ],
\[ 4, 7, 6, 17, 18, 19, 20, 1, 11, 22, 13, 2, 15, 21, 24, 3, 37, 38, 39, 36, 40, 41, 5, 42, 8, 28, 30, 16, 9, 33, 10, 12, 34, 43, 14, 45, 56, 57, 58, 59, 55, 60, 61, 23, 62, 25, 46, 50, 26, 35, 27, 29, 31, 32, 63, 51, 52, 53, 54, 64, 47, 48, 49, 44 ] >;
s`SolvableDBAutomorphismGroup := PermutationGroup<64 |  
\[ 59, 38, 61, 54, 39, 47, 57, 40, 41, 17, 55, 18, 63, 42, 49, 43, 32, 58, 46, 52, 60, 37, 19, 26, 21, 33, 20, 34, 22, 36, 4, 5, 45, 62, 24, 29, 12, 53, 25, 64, 56, 28, 48, 6, 9, 14, 35, 13, 30, 15, 7, 10, 1, 23, 51, 2, 31, 8, 44, 16, 50, 11, 27, 3 ],
\[ 64, 58, 48, 44, 46, 50, 53, 60, 37, 54, 56, 39, 51, 26, 27, 62, 23, 25, 35, 31, 28, 32, 47, 30, 42, 36, 57, 45, 17, 52, 59, 19, 29, 9, 49, 10, 5, 8, 14, 16, 12, 33, 11, 61, 22, 24, 15, 55, 20, 63, 38, 4, 40, 6, 2, 18, 1, 21, 3, 34, 13, 41, 7, 43 ]:
 Order := 64 >;
s`SolvableDBPointedAutomorphismGroup := PermutationGroup<64 |  
\[ 53, 56, 64, 31, 32, 44, 51, 58, 45, 52, 62, 37, 48, 46, 50, 60, 10, 12, 23, 27, 25, 29, 54, 35, 39, 24, 63, 42, 36, 49, 57, 17, 26, 28, 47, 30, 22, 2, 5, 8, 9, 14, 16, 59, 33, 19, 6, 43, 15, 61, 55, 20, 38, 4, 11, 41, 7, 18, 1, 21, 3, 34, 13, 40 ]:
 Order := 16 >;

/*
Top Level Belyi Curve/Map
*/


/*
Graph Data
*/

s`SolvableDBPathToPP1 := [ Strings() | "PP1", "2T1-2,1,2-g0-path1", "4T1-4,1,4-g0-path1", "8T1-8,2,8-g2-path1", "16T5-8,2,8-g3-path2", "32S16-16,4,16-g11-path4", "64S26-16,4,16-g21-path13" ];
s`SolvableDBChildren := [ Strings() | "32S16-16,4,16-g11-path4" ];

/*
Return for eval
*/

return s;
