s := SolvableDBInitialize();

/*
Magma printing
*/

s`SolvableDBName := "64S28-8,16,16-g25-path32";
s`SolvableDBFilename := "64S28-8,16,16-g25-path32.m";
s`SolvableDBPassportName := "64S28-8,16,16-g25";
s`SolvableDBPathNumber := 32;
s`SolvableDBDegree := 64;
s`SolvableDBOrders := \[ 8, 16, 16 ];
s`SolvableDBType := "Hyperbolic";
s`SolvableDBGenus := 25;
s`SolvableDBGaloisOrbitSize := 1;
s`SolvableDBPassportSize := 2;
s`SolvableDBPointedPassportSize := 2;
s`SolvableDBLevel := 6;
s`SolvableDBBlocks := {@ PowerSet(IntegerRing()) |
{ IntegerRing() | 1, 5 },
{ IntegerRing() | 2, 12 },
{ IntegerRing() | 3, 18 },
{ IntegerRing() | 4, 24 },
{ IntegerRing() | 6, 22 },
{ IntegerRing() | 7, 11 },
{ IntegerRing() | 8, 15 },
{ IntegerRing() | 9, 29 },
{ IntegerRing() | 10, 43 },
{ IntegerRing() | 13, 39 },
{ IntegerRing() | 14, 41 },
{ IntegerRing() | 16, 58 },
{ IntegerRing() | 17, 59 },
{ IntegerRing() | 19, 40 },
{ IntegerRing() | 20, 56 },
{ IntegerRing() | 21, 57 },
{ IntegerRing() | 23, 60 },
{ IntegerRing() | 25, 48 },
{ IntegerRing() | 26, 52 },
{ IntegerRing() | 27, 50 },
{ IntegerRing() | 28, 61 },
{ IntegerRing() | 30, 62 },
{ IntegerRing() | 31, 44 },
{ IntegerRing() | 32, 45 },
{ IntegerRing() | 33, 46 },
{ IntegerRing() | 34, 47 },
{ IntegerRing() | 35, 53 },
{ IntegerRing() | 36, 49 },
{ IntegerRing() | 37, 54 },
{ IntegerRing() | 38, 55 },
{ IntegerRing() | 42, 64 },
{ IntegerRing() | 51, 63 }
@};
s`SolvableDBIsRamifiedAtEveryLevel := false;
s`SolvableDBGaloisOrbit := [ PowerSequence(PermutationGroup<64 |  
\[ 2, 3, 4, 5, 6, 7, 8, 9, 10, 11, 12, 13, 14, 15, 16, 17, 18, 19, 20, 21, 22, 23, 24, 25, 26, 27, 28, 29, 30, 31, 32, 33, 34, 35, 36, 37, 38, 39, 40, 41, 42, 43, 44, 45, 46, 47, 48, 49, 50, 51, 52, 53, 54, 55, 56, 57, 58, 59, 60, 61, 62, 63, 64, 1 ],
\[ 2, 1, 3, 4, 5, 6, 7, 8, 9, 10, 11, 12, 13, 14, 15, 16, 17, 18, 19, 20, 21, 22, 23, 24, 25, 26, 27, 28, 29, 30, 31, 32, 33, 34, 35, 36, 37, 38, 39, 40, 41, 42, 43, 44, 45, 46, 47, 48, 49, 50, 51, 52, 53, 54, 55, 56, 57, 58, 59, 60, 61, 62, 63, 64 ]:
 Order := 126886932185884164103433389335161480802865516174545192198801894375214704230400000000000000 >) |
[ PermutationGroup<64 |  
\[ 2, 3, 4, 5, 6, 7, 8, 9, 10, 11, 12, 13, 14, 15, 16, 17, 18, 19, 20, 21, 22, 23, 24, 25, 26, 27, 28, 29, 30, 31, 32, 33, 34, 35, 36, 37, 38, 39, 40, 41, 42, 43, 44, 45, 46, 47, 48, 49, 50, 51, 52, 53, 54, 55, 56, 57, 58, 59, 60, 61, 62, 63, 64, 1 ],
\[ 2, 1, 3, 4, 5, 6, 7, 8, 9, 10, 11, 12, 13, 14, 15, 16, 17, 18, 19, 20, 21, 22, 23, 24, 25, 26, 27, 28, 29, 30, 31, 32, 33, 34, 35, 36, 37, 38, 39, 40, 41, 42, 43, 44, 45, 46, 47, 48, 49, 50, 51, 52, 53, 54, 55, 56, 57, 58, 59, 60, 61, 62, 63, 64 ]:
 Order := 126886932185884164103433389335161480802865516174545192198801894375214704230400000000000000 > |
[ 12, 29, 8, 57, 2, 5, 44, 53, 6, 14, 31, 9, 25, 27, 35, 20, 64, 15, 18, 23, 39, 1, 45, 21, 24, 47, 30, 46, 22, 43, 28, 16, 11, 49, 40, 38, 63, 52, 48, 3, 50, 37, 41, 61, 58, 7, 36, 4, 55, 62, 59, 34, 19, 51, 26, 60, 13, 56, 42, 32, 33, 10, 17, 54 ],
[ 3, 10, 16, 22, 18, 27, 1, 36, 35, 20, 5, 43, 2, 38, 49, 57, 40, 58, 26, 31, 42, 50, 48, 6, 63, 4, 32, 9, 53, 47, 37, 46, 17, 7, 23, 39, 8, 61, 12, 52, 55, 62, 56, 54, 33, 59, 11, 51, 13, 45, 14, 24, 60, 15, 28, 44, 64, 21, 19, 25, 29, 34, 41, 30 ],
[ 4, 11, 17, 23, 24, 28, 32, 1, 39, 42, 45, 7, 16, 2, 5, 27, 25, 59, 29, 3, 52, 61, 10, 60, 49, 41, 51, 20, 13, 6, 47, 53, 38, 40, 54, 30, 21, 8, 58, 9, 12, 46, 64, 34, 35, 55, 19, 36, 62, 63, 44, 14, 37, 57, 15, 18, 26, 50, 48, 43, 56, 22, 31, 33 ]
]
];
s`SolvableDBPassport := [ PowerSequence(PermutationGroup<64 |  
\[ 12, 29, 8, 57, 2, 5, 44, 53, 6, 14, 31, 9, 25, 27, 35, 20, 64, 15, 18, 23, 39, 1, 45, 21, 24, 47, 30, 46, 22, 43, 28, 16, 11, 49, 40, 38, 63, 52, 48, 3, 50, 37, 41, 61, 58, 7, 36, 4, 55, 62, 59, 34, 19, 51, 26, 60, 13, 56, 42, 32, 33, 10, 17, 54 ],
\[ 3, 10, 16, 22, 18, 27, 1, 36, 35, 20, 5, 43, 2, 38, 49, 57, 40, 58, 26, 31, 42, 50, 48, 6, 63, 4, 32, 9, 53, 47, 37, 46, 17, 7, 23, 39, 8, 61, 12, 52, 55, 62, 56, 54, 33, 59, 11, 51, 13, 45, 14, 24, 60, 15, 28, 44, 64, 21, 19, 25, 29, 34, 41, 30 ],
\[ 4, 11, 17, 23, 24, 28, 32, 1, 39, 42, 45, 7, 16, 2, 5, 27, 25, 59, 29, 3, 52, 61, 10, 60, 49, 41, 51, 20, 13, 6, 47, 53, 38, 40, 54, 30, 21, 8, 58, 9, 12, 46, 64, 34, 35, 55, 19, 36, 62, 63, 44, 14, 37, 57, 15, 18, 26, 50, 48, 43, 56, 22, 31, 33 ]:
 Order := 64 >) |
[ PermutationGroup<64 |  
\[ 12, 29, 8, 57, 2, 5, 44, 53, 6, 14, 31, 9, 25, 27, 35, 20, 64, 15, 18, 23, 39, 1, 45, 21, 24, 47, 30, 46, 22, 43, 28, 16, 11, 49, 40, 38, 63, 52, 48, 3, 50, 37, 41, 61, 58, 7, 36, 4, 55, 62, 59, 34, 19, 51, 26, 60, 13, 56, 42, 32, 33, 10, 17, 54 ],
\[ 3, 10, 16, 22, 18, 27, 1, 36, 35, 20, 5, 43, 2, 38, 49, 57, 40, 58, 26, 31, 42, 50, 48, 6, 63, 4, 32, 9, 53, 47, 37, 46, 17, 7, 23, 39, 8, 61, 12, 52, 55, 62, 56, 54, 33, 59, 11, 51, 13, 45, 14, 24, 60, 15, 28, 44, 64, 21, 19, 25, 29, 34, 41, 30 ],
\[ 4, 11, 17, 23, 24, 28, 32, 1, 39, 42, 45, 7, 16, 2, 5, 27, 25, 59, 29, 3, 52, 61, 10, 60, 49, 41, 51, 20, 13, 6, 47, 53, 38, 40, 54, 30, 21, 8, 58, 9, 12, 46, 64, 34, 35, 55, 19, 36, 62, 63, 44, 14, 37, 57, 15, 18, 26, 50, 48, 43, 56, 22, 31, 33 ]:
 Order := 64 > |
[ 37, 51, 10, 7, 54, 64, 39, 14, 17, 35, 13, 63, 61, 40, 41, 49, 1, 43, 30, 55, 31, 42, 26, 11, 33, 16, 3, 24, 59, 8, 25, 34, 57, 56, 50, 23, 29, 45, 28, 62, 19, 2, 53, 48, 47, 21, 20, 46, 60, 18, 6, 58, 27, 9, 32, 38, 44, 36, 5, 52, 4, 15, 22, 12 ],
[ 3, 10, 16, 22, 18, 27, 1, 36, 35, 20, 5, 43, 2, 38, 49, 57, 40, 58, 26, 31, 42, 50, 48, 6, 63, 4, 32, 9, 53, 47, 37, 46, 17, 7, 23, 39, 8, 61, 12, 52, 55, 62, 56, 54, 33, 59, 11, 51, 13, 45, 14, 24, 60, 15, 28, 44, 64, 21, 19, 25, 29, 34, 41, 30 ],
[ 33, 21, 6, 38, 46, 48, 26, 64, 44, 1, 52, 57, 47, 37, 42, 19, 28, 22, 63, 30, 32, 25, 8, 55, 20, 35, 29, 36, 31, 59, 58, 41, 60, 27, 2, 18, 7, 43, 34, 51, 54, 4, 5, 16, 14, 23, 50, 56, 3, 9, 13, 53, 12, 11, 10, 62, 45, 40, 61, 15, 49, 17, 39, 24 ]
],
[ PermutationGroup<64 |  
\[ 12, 29, 8, 57, 2, 5, 44, 53, 6, 14, 31, 9, 25, 27, 35, 20, 64, 15, 18, 23, 39, 1, 45, 21, 24, 47, 30, 46, 22, 43, 28, 16, 11, 49, 40, 38, 63, 52, 48, 3, 50, 37, 41, 61, 58, 7, 36, 4, 55, 62, 59, 34, 19, 51, 26, 60, 13, 56, 42, 32, 33, 10, 17, 54 ],
\[ 3, 10, 16, 22, 18, 27, 1, 36, 35, 20, 5, 43, 2, 38, 49, 57, 40, 58, 26, 31, 42, 50, 48, 6, 63, 4, 32, 9, 53, 47, 37, 46, 17, 7, 23, 39, 8, 61, 12, 52, 55, 62, 56, 54, 33, 59, 11, 51, 13, 45, 14, 24, 60, 15, 28, 44, 64, 21, 19, 25, 29, 34, 41, 30 ],
\[ 4, 11, 17, 23, 24, 28, 32, 1, 39, 42, 45, 7, 16, 2, 5, 27, 25, 59, 29, 3, 52, 61, 10, 60, 49, 41, 51, 20, 13, 6, 47, 53, 38, 40, 54, 30, 21, 8, 58, 9, 12, 46, 64, 34, 35, 55, 19, 36, 62, 63, 44, 14, 37, 57, 15, 18, 26, 50, 48, 43, 56, 22, 31, 33 ]:
 Order := 64 > |
[ 6, 1, 19, 25, 22, 29, 33, 18, 2, 30, 46, 5, 21, 43, 3, 45, 51, 40, 35, 58, 4, 9, 56, 48, 39, 38, 41, 44, 12, 50, 7, 23, 28, 26, 8, 34, 64, 49, 57, 53, 10, 17, 62, 11, 60, 61, 52, 13, 47, 14, 37, 55, 15, 42, 36, 16, 24, 32, 63, 20, 31, 27, 54, 59 ],
[ 3, 10, 16, 22, 18, 27, 1, 36, 35, 20, 5, 43, 2, 38, 49, 57, 40, 58, 26, 31, 42, 50, 48, 6, 63, 4, 32, 9, 53, 47, 37, 46, 17, 7, 23, 39, 8, 61, 12, 52, 55, 62, 56, 54, 33, 59, 11, 51, 13, 45, 14, 24, 60, 15, 28, 44, 64, 21, 19, 25, 29, 34, 41, 30 ],
[ 13, 28, 54, 58, 39, 7, 20, 9, 4, 63, 56, 61, 23, 22, 29, 43, 21, 37, 1, 53, 49, 11, 27, 16, 26, 62, 42, 45, 24, 2, 38, 18, 34, 8, 59, 41, 48, 19, 60, 5, 6, 44, 51, 55, 3, 47, 15, 52, 14, 64, 33, 30, 17, 25, 40, 35, 36, 10, 57, 50, 32, 12, 46, 31 ]
]
];
s`SolvableDBPointedPassport := [ PowerSequence(PermutationGroup<64 |  
\[ 2, 3, 4, 5, 6, 7, 8, 9, 10, 11, 12, 13, 14, 15, 16, 17, 18, 19, 20, 21, 22, 23, 24, 25, 26, 27, 28, 29, 30, 31, 32, 33, 34, 35, 36, 37, 38, 39, 40, 41, 42, 43, 44, 45, 46, 47, 48, 49, 50, 51, 52, 53, 54, 55, 56, 57, 58, 59, 60, 61, 62, 63, 64, 1 ],
\[ 2, 1, 3, 4, 5, 6, 7, 8, 9, 10, 11, 12, 13, 14, 15, 16, 17, 18, 19, 20, 21, 22, 23, 24, 25, 26, 27, 28, 29, 30, 31, 32, 33, 34, 35, 36, 37, 38, 39, 40, 41, 42, 43, 44, 45, 46, 47, 48, 49, 50, 51, 52, 53, 54, 55, 56, 57, 58, 59, 60, 61, 62, 63, 64 ]:
 Order := 126886932185884164103433389335161480802865516174545192198801894375214704230400000000000000 >) |
[ PermutationGroup<64 |  
\[ 2, 3, 4, 5, 6, 7, 8, 9, 10, 11, 12, 13, 14, 15, 16, 17, 18, 19, 20, 21, 22, 23, 24, 25, 26, 27, 28, 29, 30, 31, 32, 33, 34, 35, 36, 37, 38, 39, 40, 41, 42, 43, 44, 45, 46, 47, 48, 49, 50, 51, 52, 53, 54, 55, 56, 57, 58, 59, 60, 61, 62, 63, 64, 1 ],
\[ 2, 1, 3, 4, 5, 6, 7, 8, 9, 10, 11, 12, 13, 14, 15, 16, 17, 18, 19, 20, 21, 22, 23, 24, 25, 26, 27, 28, 29, 30, 31, 32, 33, 34, 35, 36, 37, 38, 39, 40, 41, 42, 43, 44, 45, 46, 47, 48, 49, 50, 51, 52, 53, 54, 55, 56, 57, 58, 59, 60, 61, 62, 63, 64 ]:
 Order := 126886932185884164103433389335161480802865516174545192198801894375214704230400000000000000 > |
[ 6, 1, 19, 25, 22, 29, 33, 18, 2, 30, 46, 5, 21, 43, 3, 45, 51, 40, 35, 58, 4, 9, 56, 48, 39, 38, 41, 44, 12, 50, 7, 23, 28, 26, 8, 34, 64, 49, 57, 53, 10, 17, 62, 11, 60, 61, 52, 13, 47, 14, 37, 55, 15, 42, 36, 16, 24, 32, 63, 20, 31, 27, 54, 59 ],
[ 62, 15, 34, 59, 30, 40, 42, 20, 41, 49, 64, 8, 54, 23, 56, 7, 50, 47, 32, 13, 5, 19, 28, 17, 29, 46, 52, 63, 14, 16, 2, 24, 22, 21, 55, 31, 10, 48, 37, 45, 60, 18, 36, 12, 4, 6, 57, 9, 44, 26, 35, 33, 38, 43, 25, 39, 1, 11, 27, 61, 51, 58, 53, 3 ],
[ 31, 48, 2, 34, 44, 57, 36, 51, 33, 9, 49, 25, 38, 17, 63, 15, 7, 12, 64, 41, 20, 21, 19, 47, 45, 3, 1, 52, 46, 37, 60, 62, 16, 43, 22, 35, 61, 50, 55, 42, 59, 13, 29, 23, 30, 58, 10, 32, 53, 5, 24, 18, 6, 28, 27, 14, 56, 8, 11, 40, 26, 54, 4, 39 ]
],
[ PermutationGroup<64 |  
\[ 2, 3, 4, 5, 6, 7, 8, 9, 10, 11, 12, 13, 14, 15, 16, 17, 18, 19, 20, 21, 22, 23, 24, 25, 26, 27, 28, 29, 30, 31, 32, 33, 34, 35, 36, 37, 38, 39, 40, 41, 42, 43, 44, 45, 46, 47, 48, 49, 50, 51, 52, 53, 54, 55, 56, 57, 58, 59, 60, 61, 62, 63, 64, 1 ],
\[ 2, 1, 3, 4, 5, 6, 7, 8, 9, 10, 11, 12, 13, 14, 15, 16, 17, 18, 19, 20, 21, 22, 23, 24, 25, 26, 27, 28, 29, 30, 31, 32, 33, 34, 35, 36, 37, 38, 39, 40, 41, 42, 43, 44, 45, 46, 47, 48, 49, 50, 51, 52, 53, 54, 55, 56, 57, 58, 59, 60, 61, 62, 63, 64 ]:
 Order := 126886932185884164103433389335161480802865516174545192198801894375214704230400000000000000 > |
[ 12, 29, 8, 57, 2, 5, 44, 53, 6, 14, 31, 9, 25, 27, 35, 20, 64, 15, 18, 23, 39, 1, 45, 21, 24, 47, 30, 46, 22, 43, 28, 16, 11, 49, 40, 38, 63, 52, 48, 3, 50, 37, 41, 61, 58, 7, 36, 4, 55, 62, 59, 34, 19, 51, 26, 60, 13, 56, 42, 32, 33, 10, 17, 54 ],
[ 62, 15, 34, 59, 30, 40, 42, 20, 41, 49, 64, 8, 54, 23, 56, 7, 50, 47, 32, 13, 5, 19, 28, 17, 29, 46, 52, 63, 14, 16, 2, 24, 22, 21, 55, 31, 10, 48, 37, 45, 60, 18, 36, 12, 4, 6, 57, 9, 44, 26, 35, 33, 38, 43, 25, 39, 1, 11, 27, 61, 51, 58, 53, 3 ],
[ 33, 21, 6, 38, 46, 48, 26, 64, 44, 1, 52, 57, 47, 37, 42, 19, 28, 22, 63, 30, 32, 25, 8, 55, 20, 35, 29, 36, 31, 59, 58, 41, 60, 27, 2, 18, 7, 43, 34, 51, 54, 4, 5, 16, 14, 23, 50, 56, 3, 9, 13, 53, 12, 11, 10, 62, 45, 40, 61, 15, 49, 17, 39, 24 ]
]
];
s`SolvableDBMonodromyGroup := PermutationGroup<64 |  
\[ 12, 29, 8, 57, 2, 5, 44, 53, 6, 14, 31, 9, 25, 27, 35, 20, 64, 15, 18, 23, 39, 1, 45, 21, 24, 47, 30, 46, 22, 43, 28, 16, 11, 49, 40, 38, 63, 52, 48, 3, 50, 37, 41, 61, 58, 7, 36, 4, 55, 62, 59, 34, 19, 51, 26, 60, 13, 56, 42, 32, 33, 10, 17, 54 ],
\[ 3, 10, 16, 22, 18, 27, 1, 36, 35, 20, 5, 43, 2, 38, 49, 57, 40, 58, 26, 31, 42, 50, 48, 6, 63, 4, 32, 9, 53, 47, 37, 46, 17, 7, 23, 39, 8, 61, 12, 52, 55, 62, 56, 54, 33, 59, 11, 51, 13, 45, 14, 24, 60, 15, 28, 44, 64, 21, 19, 25, 29, 34, 41, 30 ],
\[ 4, 11, 17, 23, 24, 28, 32, 1, 39, 42, 45, 7, 16, 2, 5, 27, 25, 59, 29, 3, 52, 61, 10, 60, 49, 41, 51, 20, 13, 6, 47, 53, 38, 40, 54, 30, 21, 8, 58, 9, 12, 46, 64, 34, 35, 55, 19, 36, 62, 63, 44, 14, 37, 57, 15, 18, 26, 50, 48, 43, 56, 22, 31, 33 ] >;
s`SolvableDBAutomorphismGroup := PermutationGroup<64 |  
\[ 64, 37, 30, 33, 42, 59, 57, 43, 51, 8, 21, 54, 31, 53, 10, 47, 6, 62, 50, 36, 7, 17, 38, 46, 28, 45, 19, 48, 63, 18, 39, 26, 24, 16, 14, 56, 12, 60, 44, 27, 35, 1, 15, 13, 52, 4, 58, 61, 20, 40, 29, 32, 41, 2, 23, 49, 11, 34, 22, 55, 25, 3, 9, 5 ],
\[ 62, 43, 34, 22, 30, 27, 42, 49, 14, 56, 64, 10, 12, 60, 36, 7, 40, 47, 26, 44, 5, 50, 61, 6, 9, 4, 32, 51, 41, 16, 54, 46, 17, 21, 38, 13, 15, 25, 2, 52, 23, 18, 20, 37, 33, 59, 57, 29, 39, 45, 53, 24, 55, 8, 48, 31, 1, 11, 19, 28, 63, 58, 35, 3 ],
\[ 63, 59, 41, 31, 51, 54, 25, 50, 64, 19, 48, 17, 46, 18, 27, 55, 12, 14, 10, 26, 61, 37, 47, 44, 7, 20, 15, 57, 42, 35, 4, 49, 39, 60, 30, 45, 22, 58, 33, 43, 3, 29, 40, 24, 36, 13, 23, 11, 32, 8, 5, 56, 62, 6, 16, 52, 28, 38, 2, 34, 21, 53, 1, 9 ],
\[ 2, 9, 10, 11, 12, 1, 13, 14, 22, 35, 39, 29, 28, 40, 41, 20, 42, 43, 30, 23, 44, 5, 45, 7, 46, 47, 3, 4, 6, 8, 48, 16, 21, 49, 50, 38, 51, 52, 61, 62, 19, 54, 53, 25, 58, 57, 36, 33, 55, 18, 17, 34, 27, 63, 26, 60, 31, 56, 64, 32, 24, 15, 59, 37 ]:
 Order := 64 >;
s`SolvableDBPointedAutomorphismGroup := PermutationGroup<64 |  
\[ 6, 1, 27, 28, 22, 29, 24, 30, 2, 3, 4, 5, 7, 8, 62, 32, 51, 50, 41, 16, 33, 9, 20, 61, 44, 55, 53, 13, 12, 19, 57, 60, 48, 52, 10, 47, 64, 36, 11, 14, 15, 17, 18, 21, 23, 25, 26, 31, 34, 35, 37, 38, 43, 42, 49, 58, 46, 45, 63, 56, 39, 40, 54, 59 ]:
 Order := 8 >;
s`SolvableDBPathToPP1 := [ Strings() | "PP1", "2T1-1,2,2-g0-path1", "4T2-2,2,2-g0-path1", "8T2-2,4,4-g1-path3", "16T6-4,8,8-g5-path4", "32S4-4,8,8-g9-path23", "64S28-8,16,16-g25-path32" ];
s`SolvableDBChild := "32S4-4,8,8-g9-path23";

/*
Return for eval
*/

return s;
