s := SolvableDBInitialize();

/*
Magma printing
*/

s`SolvableDBName := "64S29-16,8,16-g25-path5";
s`SolvableDBFilename := "64S29-16,8,16-g25-path5.m";
s`SolvableDBPassportName := "64S29-16,8,16-g25";
s`SolvableDBPathNumber := 5;
s`SolvableDBDegree := 64;
s`SolvableDBOrders := \[ 16, 8, 16 ];
s`SolvableDBType := "Hyperbolic";
s`SolvableDBGenus := 25;
s`SolvableDBGaloisOrbitSize := 1;
s`SolvableDBPassportSize := 2;
s`SolvableDBPointedPassportSize := 2;
s`SolvableDBLevel := 6;
s`SolvableDBBlocks := {@ PowerSet(IntegerRing()) |
{ IntegerRing() | 1, 5 },
{ IntegerRing() | 2, 12 },
{ IntegerRing() | 3, 18 },
{ IntegerRing() | 4, 24 },
{ IntegerRing() | 6, 22 },
{ IntegerRing() | 7, 11 },
{ IntegerRing() | 8, 15 },
{ IntegerRing() | 9, 23 },
{ IntegerRing() | 10, 43 },
{ IntegerRing() | 13, 39 },
{ IntegerRing() | 14, 28 },
{ IntegerRing() | 16, 56 },
{ IntegerRing() | 17, 58 },
{ IntegerRing() | 19, 57 },
{ IntegerRing() | 20, 41 },
{ IntegerRing() | 21, 51 },
{ IntegerRing() | 25, 35 },
{ IntegerRing() | 26, 61 },
{ IntegerRing() | 27, 55 },
{ IntegerRing() | 29, 38 },
{ IntegerRing() | 30, 44 },
{ IntegerRing() | 31, 46 },
{ IntegerRing() | 32, 47 },
{ IntegerRing() | 33, 48 },
{ IntegerRing() | 34, 49 },
{ IntegerRing() | 36, 53 },
{ IntegerRing() | 37, 54 },
{ IntegerRing() | 40, 60 },
{ IntegerRing() | 42, 64 },
{ IntegerRing() | 45, 59 },
{ IntegerRing() | 50, 62 },
{ IntegerRing() | 52, 63 }
@};
s`SolvableDBIsRamifiedAtEveryLevel := false;
s`SolvableDBGaloisOrbit := [ PowerSequence(PermutationGroup<64 |  
\[ 2, 3, 4, 5, 6, 7, 8, 9, 10, 11, 12, 13, 14, 15, 16, 17, 18, 19, 20, 21, 22, 23, 24, 25, 26, 27, 28, 29, 30, 31, 32, 33, 34, 35, 36, 37, 38, 39, 40, 41, 42, 43, 44, 45, 46, 47, 48, 49, 50, 51, 52, 53, 54, 55, 56, 57, 58, 59, 60, 61, 62, 63, 64, 1 ],
\[ 2, 1, 3, 4, 5, 6, 7, 8, 9, 10, 11, 12, 13, 14, 15, 16, 17, 18, 19, 20, 21, 22, 23, 24, 25, 26, 27, 28, 29, 30, 31, 32, 33, 34, 35, 36, 37, 38, 39, 40, 41, 42, 43, 44, 45, 46, 47, 48, 49, 50, 51, 52, 53, 54, 55, 56, 57, 58, 59, 60, 61, 62, 63, 64 ]:
 Order := 126886932185884164103433389335161480802865516174545192198801894375214704230400000000000000 >) |
[ PermutationGroup<64 |  
\[ 2, 3, 4, 5, 6, 7, 8, 9, 10, 11, 12, 13, 14, 15, 16, 17, 18, 19, 20, 21, 22, 23, 24, 25, 26, 27, 28, 29, 30, 31, 32, 33, 34, 35, 36, 37, 38, 39, 40, 41, 42, 43, 44, 45, 46, 47, 48, 49, 50, 51, 52, 53, 54, 55, 56, 57, 58, 59, 60, 61, 62, 63, 64, 1 ],
\[ 2, 1, 3, 4, 5, 6, 7, 8, 9, 10, 11, 12, 13, 14, 15, 16, 17, 18, 19, 20, 21, 22, 23, 24, 25, 26, 27, 28, 29, 30, 31, 32, 33, 34, 35, 36, 37, 38, 39, 40, 41, 42, 43, 44, 45, 46, 47, 48, 49, 50, 51, 52, 53, 54, 55, 56, 57, 58, 59, 60, 61, 62, 63, 64 ]:
 Order := 126886932185884164103433389335161480802865516174545192198801894375214704230400000000000000 > |
[ 12, 23, 8, 51, 2, 5, 46, 25, 47, 14, 31, 9, 62, 48, 35, 20, 64, 15, 18, 59, 13, 1, 32, 21, 24, 34, 30, 33, 22, 10, 60, 56, 11, 53, 4, 38, 63, 6, 50, 57, 45, 54, 28, 43, 17, 40, 16, 7, 36, 55, 39, 26, 29, 52, 44, 41, 3, 42, 58, 19, 49, 27, 61, 37 ],
[ 3, 10, 16, 22, 18, 27, 1, 36, 25, 41, 5, 43, 2, 29, 53, 21, 57, 56, 26, 31, 42, 55, 35, 6, 59, 4, 32, 38, 40, 34, 54, 48, 58, 7, 45, 13, 8, 60, 12, 9, 46, 30, 20, 49, 50, 37, 33, 17, 11, 63, 64, 14, 39, 15, 47, 51, 61, 19, 62, 23, 24, 52, 28, 44 ],
[ 4, 11, 17, 23, 24, 28, 32, 1, 39, 42, 47, 7, 16, 2, 5, 55, 35, 58, 38, 3, 61, 14, 13, 9, 37, 62, 59, 12, 15, 6, 49, 60, 63, 19, 54, 44, 51, 8, 56, 41, 18, 33, 64, 22, 10, 34, 40, 52, 57, 53, 26, 31, 30, 21, 45, 27, 29, 25, 43, 20, 50, 36, 46, 48 ]
]
];
s`SolvableDBPassport := [ PowerSequence(PermutationGroup<64 |  
\[ 12, 23, 8, 51, 2, 5, 46, 25, 47, 14, 31, 9, 62, 48, 35, 20, 64, 15, 18, 59, 13, 1, 32, 21, 24, 34, 30, 33, 22, 10, 60, 56, 11, 53, 4, 38, 63, 6, 50, 57, 45, 54, 28, 43, 17, 40, 16, 7, 36, 55, 39, 26, 29, 52, 44, 41, 3, 42, 58, 19, 49, 27, 61, 37 ],
\[ 3, 10, 16, 22, 18, 27, 1, 36, 25, 41, 5, 43, 2, 29, 53, 21, 57, 56, 26, 31, 42, 55, 35, 6, 59, 4, 32, 38, 40, 34, 54, 48, 58, 7, 45, 13, 8, 60, 12, 9, 46, 30, 20, 49, 50, 37, 33, 17, 11, 63, 64, 14, 39, 15, 47, 51, 61, 19, 62, 23, 24, 52, 28, 44 ],
\[ 4, 11, 17, 23, 24, 28, 32, 1, 39, 42, 47, 7, 16, 2, 5, 55, 35, 58, 38, 3, 61, 14, 13, 9, 37, 62, 59, 12, 15, 6, 49, 60, 63, 19, 54, 44, 51, 8, 56, 41, 18, 33, 64, 22, 10, 34, 40, 52, 57, 53, 26, 31, 30, 21, 45, 27, 29, 25, 43, 20, 50, 36, 46, 48 ]:
 Order := 64 >) |
[ PermutationGroup<64 |  
\[ 12, 23, 8, 51, 2, 5, 46, 25, 47, 14, 31, 9, 62, 48, 35, 20, 64, 15, 18, 59, 13, 1, 32, 21, 24, 34, 30, 33, 22, 10, 60, 56, 11, 53, 4, 38, 63, 6, 50, 57, 45, 54, 28, 43, 17, 40, 16, 7, 36, 55, 39, 26, 29, 52, 44, 41, 3, 42, 58, 19, 49, 27, 61, 37 ],
\[ 3, 10, 16, 22, 18, 27, 1, 36, 25, 41, 5, 43, 2, 29, 53, 21, 57, 56, 26, 31, 42, 55, 35, 6, 59, 4, 32, 38, 40, 34, 54, 48, 58, 7, 45, 13, 8, 60, 12, 9, 46, 30, 20, 49, 50, 37, 33, 17, 11, 63, 64, 14, 39, 15, 47, 51, 61, 19, 62, 23, 24, 52, 28, 44 ],
\[ 4, 11, 17, 23, 24, 28, 32, 1, 39, 42, 47, 7, 16, 2, 5, 55, 35, 58, 38, 3, 61, 14, 13, 9, 37, 62, 59, 12, 15, 6, 49, 60, 63, 19, 54, 44, 51, 8, 56, 41, 18, 33, 64, 22, 10, 34, 40, 52, 57, 53, 26, 31, 30, 21, 45, 27, 29, 25, 43, 20, 50, 36, 46, 48 ]:
 Order := 64 > |
[ 22, 5, 57, 35, 6, 38, 48, 3, 12, 30, 33, 1, 21, 10, 18, 47, 45, 19, 60, 16, 24, 29, 2, 25, 8, 52, 62, 43, 53, 27, 11, 23, 28, 26, 15, 49, 64, 36, 51, 46, 56, 58, 44, 55, 41, 7, 9, 14, 61, 39, 4, 54, 34, 42, 50, 32, 40, 59, 20, 31, 63, 13, 37, 17 ],
[ 21, 46, 42, 47, 51, 48, 16, 2, 62, 37, 56, 31, 41, 9, 12, 30, 24, 64, 22, 15, 34, 33, 50, 32, 52, 55, 17, 23, 25, 1, 53, 57, 26, 3, 63, 10, 13, 35, 20, 59, 8, 7, 54, 5, 28, 36, 19, 61, 18, 38, 49, 40, 43, 39, 58, 44, 6, 4, 14, 45, 27, 29, 60, 11 ],
[ 15, 28, 41, 5, 8, 44, 2, 29, 4, 59, 12, 14, 9, 6, 38, 39, 18, 20, 49, 40, 37, 30, 24, 1, 17, 21, 16, 22, 19, 36, 63, 11, 64, 31, 58, 50, 35, 57, 23, 32, 60, 43, 45, 53, 27, 52, 7, 42, 46, 26, 54, 33, 62, 25, 56, 13, 34, 3, 55, 47, 51, 61, 48, 10 ]
],
[ PermutationGroup<64 |  
\[ 12, 23, 8, 51, 2, 5, 46, 25, 47, 14, 31, 9, 62, 48, 35, 20, 64, 15, 18, 59, 13, 1, 32, 21, 24, 34, 30, 33, 22, 10, 60, 56, 11, 53, 4, 38, 63, 6, 50, 57, 45, 54, 28, 43, 17, 40, 16, 7, 36, 55, 39, 26, 29, 52, 44, 41, 3, 42, 58, 19, 49, 27, 61, 37 ],
\[ 3, 10, 16, 22, 18, 27, 1, 36, 25, 41, 5, 43, 2, 29, 53, 21, 57, 56, 26, 31, 42, 55, 35, 6, 59, 4, 32, 38, 40, 34, 54, 48, 58, 7, 45, 13, 8, 60, 12, 9, 46, 30, 20, 49, 50, 37, 33, 17, 11, 63, 64, 14, 39, 15, 47, 51, 61, 19, 62, 23, 24, 52, 28, 44 ],
\[ 4, 11, 17, 23, 24, 28, 32, 1, 39, 42, 47, 7, 16, 2, 5, 55, 35, 58, 38, 3, 61, 14, 13, 9, 37, 62, 59, 12, 15, 6, 49, 60, 63, 19, 54, 44, 51, 8, 56, 41, 18, 33, 64, 22, 10, 34, 40, 52, 57, 53, 26, 31, 30, 21, 45, 27, 29, 25, 43, 20, 50, 36, 46, 48 ]:
 Order := 64 > |
[ 22, 5, 57, 35, 6, 38, 48, 3, 12, 30, 33, 1, 21, 10, 18, 47, 45, 19, 60, 16, 24, 29, 2, 25, 8, 52, 62, 43, 53, 27, 11, 23, 28, 26, 15, 49, 64, 36, 51, 46, 56, 58, 44, 55, 41, 7, 9, 14, 61, 39, 4, 54, 34, 42, 50, 32, 40, 59, 20, 31, 63, 13, 37, 17 ],
[ 30, 8, 34, 58, 44, 57, 42, 41, 14, 36, 64, 15, 37, 59, 20, 7, 27, 49, 47, 39, 1, 19, 28, 17, 29, 33, 61, 45, 62, 16, 12, 24, 22, 21, 38, 46, 10, 50, 54, 52, 13, 3, 53, 56, 60, 2, 4, 6, 51, 23, 5, 25, 31, 43, 26, 11, 32, 55, 40, 63, 48, 9, 35, 18 ],
[ 31, 50, 2, 49, 46, 51, 36, 52, 19, 9, 53, 62, 29, 61, 63, 15, 11, 12, 64, 14, 41, 21, 57, 34, 32, 3, 1, 26, 33, 37, 45, 44, 56, 43, 47, 35, 60, 48, 38, 6, 28, 39, 23, 54, 24, 59, 30, 16, 10, 58, 20, 55, 25, 40, 5, 8, 42, 7, 4, 22, 18, 17, 27, 13 ]
]
];
s`SolvableDBPointedPassport := [ PowerSequence(PermutationGroup<64 |  
\[ 2, 3, 4, 5, 6, 7, 8, 9, 10, 11, 12, 13, 14, 15, 16, 17, 18, 19, 20, 21, 22, 23, 24, 25, 26, 27, 28, 29, 30, 31, 32, 33, 34, 35, 36, 37, 38, 39, 40, 41, 42, 43, 44, 45, 46, 47, 48, 49, 50, 51, 52, 53, 54, 55, 56, 57, 58, 59, 60, 61, 62, 63, 64, 1 ],
\[ 2, 1, 3, 4, 5, 6, 7, 8, 9, 10, 11, 12, 13, 14, 15, 16, 17, 18, 19, 20, 21, 22, 23, 24, 25, 26, 27, 28, 29, 30, 31, 32, 33, 34, 35, 36, 37, 38, 39, 40, 41, 42, 43, 44, 45, 46, 47, 48, 49, 50, 51, 52, 53, 54, 55, 56, 57, 58, 59, 60, 61, 62, 63, 64 ]:
 Order := 126886932185884164103433389335161480802865516174545192198801894375214704230400000000000000 >) |
[ PermutationGroup<64 |  
\[ 2, 3, 4, 5, 6, 7, 8, 9, 10, 11, 12, 13, 14, 15, 16, 17, 18, 19, 20, 21, 22, 23, 24, 25, 26, 27, 28, 29, 30, 31, 32, 33, 34, 35, 36, 37, 38, 39, 40, 41, 42, 43, 44, 45, 46, 47, 48, 49, 50, 51, 52, 53, 54, 55, 56, 57, 58, 59, 60, 61, 62, 63, 64, 1 ],
\[ 2, 1, 3, 4, 5, 6, 7, 8, 9, 10, 11, 12, 13, 14, 15, 16, 17, 18, 19, 20, 21, 22, 23, 24, 25, 26, 27, 28, 29, 30, 31, 32, 33, 34, 35, 36, 37, 38, 39, 40, 41, 42, 43, 44, 45, 46, 47, 48, 49, 50, 51, 52, 53, 54, 55, 56, 57, 58, 59, 60, 61, 62, 63, 64 ]:
 Order := 126886932185884164103433389335161480802865516174545192198801894375214704230400000000000000 > |
[ 22, 5, 57, 35, 6, 38, 48, 3, 12, 30, 33, 1, 21, 10, 18, 47, 45, 19, 60, 16, 24, 29, 2, 25, 8, 52, 62, 43, 53, 27, 11, 23, 28, 26, 15, 49, 64, 36, 51, 46, 56, 58, 44, 55, 41, 7, 9, 14, 61, 39, 4, 54, 34, 42, 50, 32, 40, 59, 20, 31, 63, 13, 37, 17 ],
[ 7, 13, 1, 26, 11, 24, 34, 37, 40, 2, 49, 39, 36, 52, 54, 3, 48, 5, 58, 43, 16, 4, 60, 61, 9, 19, 6, 63, 14, 42, 20, 27, 47, 30, 23, 8, 46, 28, 53, 29, 10, 21, 12, 64, 35, 41, 55, 32, 44, 45, 56, 62, 15, 31, 22, 18, 17, 33, 25, 38, 57, 59, 50, 51 ],
[ 43, 35, 36, 64, 10, 18, 37, 59, 33, 29, 54, 25, 52, 17, 45, 31, 44, 53, 56, 62, 2, 3, 48, 42, 6, 7, 34, 58, 55, 41, 23, 51, 5, 39, 22, 60, 28, 27, 63, 61, 50, 15, 38, 20, 57, 9, 21, 1, 13, 47, 12, 4, 40, 14, 49, 46, 16, 30, 19, 26, 11, 32, 24, 8 ]
],
[ PermutationGroup<64 |  
\[ 2, 3, 4, 5, 6, 7, 8, 9, 10, 11, 12, 13, 14, 15, 16, 17, 18, 19, 20, 21, 22, 23, 24, 25, 26, 27, 28, 29, 30, 31, 32, 33, 34, 35, 36, 37, 38, 39, 40, 41, 42, 43, 44, 45, 46, 47, 48, 49, 50, 51, 52, 53, 54, 55, 56, 57, 58, 59, 60, 61, 62, 63, 64, 1 ],
\[ 2, 1, 3, 4, 5, 6, 7, 8, 9, 10, 11, 12, 13, 14, 15, 16, 17, 18, 19, 20, 21, 22, 23, 24, 25, 26, 27, 28, 29, 30, 31, 32, 33, 34, 35, 36, 37, 38, 39, 40, 41, 42, 43, 44, 45, 46, 47, 48, 49, 50, 51, 52, 53, 54, 55, 56, 57, 58, 59, 60, 61, 62, 63, 64 ]:
 Order := 126886932185884164103433389335161480802865516174545192198801894375214704230400000000000000 > |
[ 22, 5, 57, 35, 6, 38, 48, 3, 12, 30, 33, 1, 21, 10, 18, 47, 45, 19, 60, 16, 24, 29, 2, 25, 8, 52, 62, 43, 53, 27, 11, 23, 28, 26, 15, 49, 64, 36, 51, 46, 56, 58, 44, 55, 41, 7, 9, 14, 61, 39, 4, 54, 34, 42, 50, 32, 40, 59, 20, 31, 63, 13, 37, 17 ],
[ 3, 10, 16, 22, 18, 27, 1, 36, 25, 41, 5, 43, 2, 29, 53, 21, 57, 56, 26, 31, 42, 55, 35, 6, 59, 4, 32, 38, 40, 34, 54, 48, 58, 7, 45, 13, 8, 60, 12, 9, 46, 30, 20, 49, 50, 37, 33, 17, 11, 63, 64, 14, 39, 15, 47, 51, 61, 19, 62, 23, 24, 52, 28, 44 ],
[ 39, 60, 37, 56, 13, 11, 41, 9, 55, 52, 20, 40, 59, 32, 23, 43, 51, 54, 5, 25, 36, 7, 27, 16, 61, 30, 42, 47, 4, 2, 38, 18, 49, 15, 26, 28, 50, 24, 45, 17, 35, 31, 63, 12, 48, 29, 3, 34, 8, 22, 53, 19, 14, 62, 64, 10, 1, 21, 33, 58, 44, 6, 57, 46 ]
]
];
s`SolvableDBMonodromyGroup := PermutationGroup<64 |  
\[ 12, 23, 8, 51, 2, 5, 46, 25, 47, 14, 31, 9, 62, 48, 35, 20, 64, 15, 18, 59, 13, 1, 32, 21, 24, 34, 30, 33, 22, 10, 60, 56, 11, 53, 4, 38, 63, 6, 50, 57, 45, 54, 28, 43, 17, 40, 16, 7, 36, 55, 39, 26, 29, 52, 44, 41, 3, 42, 58, 19, 49, 27, 61, 37 ],
\[ 3, 10, 16, 22, 18, 27, 1, 36, 25, 41, 5, 43, 2, 29, 53, 21, 57, 56, 26, 31, 42, 55, 35, 6, 59, 4, 32, 38, 40, 34, 54, 48, 58, 7, 45, 13, 8, 60, 12, 9, 46, 30, 20, 49, 50, 37, 33, 17, 11, 63, 64, 14, 39, 15, 47, 51, 61, 19, 62, 23, 24, 52, 28, 44 ],
\[ 4, 11, 17, 23, 24, 28, 32, 1, 39, 42, 47, 7, 16, 2, 5, 55, 35, 58, 38, 3, 61, 14, 13, 9, 37, 62, 59, 12, 15, 6, 49, 60, 63, 19, 54, 44, 51, 8, 56, 41, 18, 33, 64, 22, 10, 34, 40, 52, 57, 53, 26, 31, 30, 21, 45, 27, 29, 25, 43, 20, 50, 36, 46, 48 ] >;
s`SolvableDBAutomorphismGroup := PermutationGroup<64 |  
\[ 59, 17, 62, 43, 45, 41, 25, 27, 42, 57, 35, 58, 48, 3, 55, 52, 36, 50, 39, 26, 14, 20, 64, 10, 30, 12, 46, 18, 16, 40, 4, 37, 15, 9, 44, 32, 6, 56, 33, 21, 61, 29, 19, 60, 49, 24, 54, 8, 23, 11, 28, 1, 47, 22, 31, 63, 13, 53, 34, 51, 2, 7, 5, 38 ],
\[ 58, 64, 19, 25, 17, 45, 33, 18, 54, 44, 48, 42, 51, 43, 3, 26, 38, 57, 40, 34, 4, 59, 37, 35, 15, 9, 50, 10, 20, 55, 7, 63, 14, 47, 8, 56, 5, 41, 21, 31, 49, 22, 30, 27, 36, 11, 52, 28, 32, 13, 24, 12, 16, 1, 62, 61, 60, 29, 53, 46, 23, 39, 2, 6 ],
\[ 62, 55, 52, 36, 50, 39, 59, 26, 30, 47, 45, 27, 22, 16, 61, 14, 31, 63, 37, 48, 29, 13, 44, 53, 34, 8, 12, 56, 21, 9, 17, 43, 41, 25, 49, 4, 19, 51, 6, 42, 33, 40, 32, 23, 11, 58, 10, 20, 35, 5, 38, 3, 24, 57, 2, 28, 54, 46, 7, 64, 15, 1, 18, 60 ]:
 Order := 64 >;
s`SolvableDBPointedAutomorphismGroup := PermutationGroup<64 |  
\[ 52, 61, 14, 31, 63, 37, 62, 48, 34, 24, 50, 26, 57, 21, 33, 29, 2, 28, 43, 22, 40, 54, 49, 46, 7, 20, 8, 51, 42, 25, 55, 36, 39, 59, 11, 17, 32, 64, 19, 30, 6, 9, 4, 35, 5, 27, 53, 13, 45, 18, 60, 16, 58, 47, 15, 38, 10, 12, 1, 44, 41, 3, 56, 23 ],
\[ 54, 63, 15, 21, 37, 64, 31, 35, 26, 28, 46, 52, 50, 33, 25, 53, 5, 8, 3, 29, 39, 42, 61, 51, 4, 16, 44, 48, 58, 43, 40, 49, 7, 20, 24, 45, 23, 17, 62, 19, 38, 12, 14, 10, 6, 60, 34, 11, 41, 27, 13, 47, 59, 9, 30, 36, 18, 1, 22, 57, 56, 55, 32, 2 ]:
 Order := 16 >;
s`SolvableDBPathToPP1 := [ Strings() | "PP1", "2T1-2,2,1-g0-path1", "4T2-2,2,2-g0-path3", "8T2-4,2,4-g1-path5", "16T5-8,4,8-g5-path3", "32S17-16,8,16-g13-path1", "64S29-16,8,16-g25-path5" ];
s`SolvableDBParents := [ Strings() | "128S133-32,16,32-g57-path21", "128S133-32,16,32-g57-path22", "128S131-32,16,32-g57-path11", "128S132-32,16,32-g57-path11", "128S131-32,16,32-g57-path12", "128S132-32,16,32-g57-path12", "128S133-32,16,32-g57-path23", "128S133-32,16,32-g57-path24", "128S54-16,8,16-g49-path6", "128S61-16,8,16-g49-path11", "128S69-16,8,16-g49-path11", "128S69-16,8,16-g49-path12", "128S61-16,8,16-g49-path12", "128S106-16,8,16-g49-path16", "128S46-16,8,16-g49-path6" ];
s`SolvableDBChild := "32S17-16,8,16-g13-path1";

/*
Return for eval
*/

return s;
