s := SolvableDBObjectInitialize();

/*
Basic Information about the Passport
*/

s`SolvableDBName := "64S20-4,8,4-g13-path32";
s`SolvableDBFilename := "64S20-4,8,4-g13-path32.m";
s`SolvableDBPathNumber := 32;
s`SolvableDBDegree := 64;
s`SolvableDBABC := \[ 4, 8, 4 ];
s`SolvableDBType := "Hyperbolic";
s`SolvableDBGenus := 13;
s`SolvableDBGaloisOrbitSize := 1;
s`SolvableDBPassportSize := 2;
s`SolvableDBPointedPassportSize := 2;
s`SolvableDBLevel := 6;
s`SolvableDBBlocks := {@ PowerSet(IntegerRing()) |
{ IntegerRing() | 1, 5 },
{ IntegerRing() | 2, 11 },
{ IntegerRing() | 3, 16 },
{ IntegerRing() | 4, 21 },
{ IntegerRing() | 6, 24 },
{ IntegerRing() | 7, 25 },
{ IntegerRing() | 8, 26 },
{ IntegerRing() | 9, 38 },
{ IntegerRing() | 10, 41 },
{ IntegerRing() | 12, 17 },
{ IntegerRing() | 13, 44 },
{ IntegerRing() | 14, 49 },
{ IntegerRing() | 15, 47 },
{ IntegerRing() | 18, 53 },
{ IntegerRing() | 19, 37 },
{ IntegerRing() | 20, 57 },
{ IntegerRing() | 22, 58 },
{ IntegerRing() | 23, 59 },
{ IntegerRing() | 27, 30 },
{ IntegerRing() | 28, 42 },
{ IntegerRing() | 29, 61 },
{ IntegerRing() | 31, 62 },
{ IntegerRing() | 32, 63 },
{ IntegerRing() | 33, 52 },
{ IntegerRing() | 34, 46 },
{ IntegerRing() | 35, 64 },
{ IntegerRing() | 36, 50 },
{ IntegerRing() | 39, 55 },
{ IntegerRing() | 40, 60 },
{ IntegerRing() | 43, 56 },
{ IntegerRing() | 45, 54 },
{ IntegerRing() | 48, 51 }
@};

/*
Permutations and Passports
*/

s`SolvableDBGaloisOrbit := [ PowerSequence(PermutationGroup<64 |  
\[ 2, 3, 4, 5, 6, 7, 8, 9, 10, 11, 12, 13, 14, 15, 16, 17, 18, 19, 20, 21, 22, 23, 24, 25, 26, 27, 28, 29, 30, 31, 32, 33, 34, 35, 36, 37, 38, 39, 40, 41, 42, 43, 44, 45, 46, 47, 48, 49, 50, 51, 52, 53, 54, 55, 56, 57, 58, 59, 60, 61, 62, 63, 64, 1 ],
\[ 2, 1, 3, 4, 5, 6, 7, 8, 9, 10, 11, 12, 13, 14, 15, 16, 17, 18, 19, 20, 21, 22, 23, 24, 25, 26, 27, 28, 29, 30, 31, 32, 33, 34, 35, 36, 37, 38, 39, 40, 41, 42, 43, 44, 45, 46, 47, 48, 49, 50, 51, 52, 53, 54, 55, 56, 57, 58, 59, 60, 61, 62, 63, 64 ]:
 Order := 126886932185884164103433389335161480802865516174545192198801894375214704230400000000000000 >) |
[ PermutationGroup<64 |  
\[ 2, 3, 4, 5, 6, 7, 8, 9, 10, 11, 12, 13, 14, 15, 16, 17, 18, 19, 20, 21, 22, 23, 24, 25, 26, 27, 28, 29, 30, 31, 32, 33, 34, 35, 36, 37, 38, 39, 40, 41, 42, 43, 44, 45, 46, 47, 48, 49, 50, 51, 52, 53, 54, 55, 56, 57, 58, 59, 60, 61, 62, 63, 64, 1 ],
\[ 2, 1, 3, 4, 5, 6, 7, 8, 9, 10, 11, 12, 13, 14, 15, 16, 17, 18, 19, 20, 21, 22, 23, 24, 25, 26, 27, 28, 29, 30, 31, 32, 33, 34, 35, 36, 37, 38, 39, 40, 41, 42, 43, 44, 45, 46, 47, 48, 49, 50, 51, 52, 53, 54, 55, 56, 57, 58, 59, 60, 61, 62, 63, 64 ]:
 Order := 126886932185884164103433389335161480802865516174545192198801894375214704230400000000000000 > |
[ 2, 9, 8, 19, 11, 1, 30, 34, 6, 13, 38, 16, 48, 18, 40, 26, 3, 43, 55, 31, 37, 4, 33, 5, 27, 46, 29, 41, 63, 61, 45, 7, 47, 17, 20, 49, 39, 24, 58, 59, 44, 10, 50, 51, 35, 12, 60, 42, 53, 14, 28, 15, 56, 64, 22, 36, 62, 21, 52, 23, 32, 54, 25, 57 ],
[ 3, 10, 14, 6, 16, 27, 1, 35, 37, 18, 41, 2, 20, 44, 17, 49, 11, 55, 56, 22, 24, 52, 4, 30, 5, 64, 50, 9, 45, 36, 32, 15, 7, 60, 51, 8, 43, 19, 31, 42, 53, 38, 61, 57, 46, 40, 12, 23, 13, 26, 59, 25, 39, 34, 62, 29, 58, 33, 21, 28, 54, 63, 47, 48 ],
[ 4, 7, 15, 20, 21, 28, 31, 1, 12, 40, 25, 45, 2, 27, 22, 47, 54, 3, 23, 8, 57, 18, 34, 42, 62, 5, 52, 35, 6, 33, 13, 43, 48, 36, 29, 19, 59, 17, 9, 32, 60, 64, 10, 11, 39, 50, 58, 49, 30, 37, 14, 51, 16, 55, 38, 41, 26, 53, 46, 63, 24, 44, 56, 61 ]
]
];
s`SolvableDBPassport := [ PowerSequence(PermutationGroup<64 |  
\[ 2, 9, 8, 19, 11, 1, 30, 34, 6, 13, 38, 16, 48, 18, 40, 26, 3, 43, 55, 31, 37, 4, 33, 5, 27, 46, 29, 41, 63, 61, 45, 7, 47, 17, 20, 49, 39, 24, 58, 59, 44, 10, 50, 51, 35, 12, 60, 42, 53, 14, 28, 15, 56, 64, 22, 36, 62, 21, 52, 23, 32, 54, 25, 57 ],
\[ 3, 10, 14, 6, 16, 27, 1, 35, 37, 18, 41, 2, 20, 44, 17, 49, 11, 55, 56, 22, 24, 52, 4, 30, 5, 64, 50, 9, 45, 36, 32, 15, 7, 60, 51, 8, 43, 19, 31, 42, 53, 38, 61, 57, 46, 40, 12, 23, 13, 26, 59, 25, 39, 34, 62, 29, 58, 33, 21, 28, 54, 63, 47, 48 ],
\[ 4, 7, 15, 20, 21, 28, 31, 1, 12, 40, 25, 45, 2, 27, 22, 47, 54, 3, 23, 8, 57, 18, 34, 42, 62, 5, 52, 35, 6, 33, 13, 43, 48, 36, 29, 19, 59, 17, 9, 32, 60, 64, 10, 11, 39, 50, 58, 49, 30, 37, 14, 51, 16, 55, 38, 41, 26, 53, 46, 63, 24, 44, 56, 61 ]:
 Order := 64 >) |
[ PermutationGroup<64 |  
\[ 2, 9, 8, 19, 11, 1, 30, 34, 6, 13, 38, 16, 48, 18, 40, 26, 3, 43, 55, 31, 37, 4, 33, 5, 27, 46, 29, 41, 63, 61, 45, 7, 47, 17, 20, 49, 39, 24, 58, 59, 44, 10, 50, 51, 35, 12, 60, 42, 53, 14, 28, 15, 56, 64, 22, 36, 62, 21, 52, 23, 32, 54, 25, 57 ],
\[ 3, 10, 14, 6, 16, 27, 1, 35, 37, 18, 41, 2, 20, 44, 17, 49, 11, 55, 56, 22, 24, 52, 4, 30, 5, 64, 50, 9, 45, 36, 32, 15, 7, 60, 51, 8, 43, 19, 31, 42, 53, 38, 61, 57, 46, 40, 12, 23, 13, 26, 59, 25, 39, 34, 62, 29, 58, 33, 21, 28, 54, 63, 47, 48 ],
\[ 4, 7, 15, 20, 21, 28, 31, 1, 12, 40, 25, 45, 2, 27, 22, 47, 54, 3, 23, 8, 57, 18, 34, 42, 62, 5, 52, 35, 6, 33, 13, 43, 48, 36, 29, 19, 59, 17, 9, 32, 60, 64, 10, 11, 39, 50, 58, 49, 30, 37, 14, 51, 16, 55, 38, 41, 26, 53, 46, 63, 24, 44, 56, 61 ]:
 Order := 64 > |
[ 6, 1, 17, 22, 24, 9, 32, 3, 2, 42, 5, 46, 10, 50, 52, 12, 34, 14, 4, 35, 58, 55, 60, 38, 63, 16, 25, 51, 27, 7, 20, 61, 23, 8, 45, 56, 21, 11, 37, 15, 28, 48, 18, 41, 31, 26, 33, 13, 36, 43, 44, 59, 49, 62, 19, 53, 64, 39, 40, 47, 30, 57, 29, 54 ],
[ 7, 12, 1, 23, 25, 4, 33, 36, 28, 2, 17, 47, 49, 3, 32, 5, 15, 10, 38, 13, 59, 20, 48, 21, 52, 50, 6, 60, 56, 24, 39, 31, 58, 54, 8, 30, 9, 42, 53, 46, 11, 40, 37, 14, 29, 45, 63, 64, 16, 27, 35, 22, 41, 61, 18, 19, 44, 57, 51, 34, 43, 55, 62, 26 ],
[ 10, 37, 35, 56, 41, 3, 36, 60, 27, 20, 19, 49, 23, 55, 42, 64, 14, 61, 62, 32, 43, 6, 7, 16, 50, 40, 45, 53, 47, 54, 46, 1, 12, 11, 22, 13, 31, 30, 33, 21, 57, 18, 26, 59, 51, 2, 28, 38, 39, 44, 9, 17, 29, 48, 52, 8, 63, 24, 25, 4, 15, 34, 5, 58 ]
],
[ PermutationGroup<64 |  
\[ 2, 9, 8, 19, 11, 1, 30, 34, 6, 13, 38, 16, 48, 18, 40, 26, 3, 43, 55, 31, 37, 4, 33, 5, 27, 46, 29, 41, 63, 61, 45, 7, 47, 17, 20, 49, 39, 24, 58, 59, 44, 10, 50, 51, 35, 12, 60, 42, 53, 14, 28, 15, 56, 64, 22, 36, 62, 21, 52, 23, 32, 54, 25, 57 ],
\[ 3, 10, 14, 6, 16, 27, 1, 35, 37, 18, 41, 2, 20, 44, 17, 49, 11, 55, 56, 22, 24, 52, 4, 30, 5, 64, 50, 9, 45, 36, 32, 15, 7, 60, 51, 8, 43, 19, 31, 42, 53, 38, 61, 57, 46, 40, 12, 23, 13, 26, 59, 25, 39, 34, 62, 29, 58, 33, 21, 28, 54, 63, 47, 48 ],
\[ 4, 7, 15, 20, 21, 28, 31, 1, 12, 40, 25, 45, 2, 27, 22, 47, 54, 3, 23, 8, 57, 18, 34, 42, 62, 5, 52, 35, 6, 33, 13, 43, 48, 36, 29, 19, 59, 17, 9, 32, 60, 64, 10, 11, 39, 50, 58, 49, 30, 37, 14, 51, 16, 55, 38, 41, 26, 53, 46, 63, 24, 44, 56, 61 ]:
 Order := 64 > |
[ 8, 13, 18, 1, 26, 29, 2, 20, 39, 43, 44, 9, 31, 51, 3, 53, 38, 22, 36, 4, 5, 15, 19, 61, 11, 57, 14, 6, 35, 49, 7, 40, 30, 23, 28, 34, 50, 55, 45, 10, 56, 24, 32, 62, 12, 59, 16, 33, 48, 46, 52, 27, 58, 17, 54, 63, 21, 47, 37, 41, 64, 25, 60, 42 ],
[ 7, 12, 1, 23, 25, 4, 33, 36, 28, 2, 17, 47, 49, 3, 32, 5, 15, 10, 38, 13, 59, 20, 48, 21, 52, 50, 6, 60, 56, 24, 39, 31, 58, 54, 8, 30, 9, 42, 53, 46, 11, 40, 37, 14, 29, 45, 63, 64, 16, 27, 35, 22, 41, 61, 18, 19, 44, 57, 51, 34, 43, 55, 62, 26 ],
[ 6, 1, 17, 22, 24, 9, 32, 3, 2, 42, 5, 46, 10, 50, 52, 12, 34, 14, 4, 35, 58, 55, 60, 38, 63, 16, 25, 51, 27, 7, 20, 61, 23, 8, 45, 56, 21, 11, 37, 15, 28, 48, 18, 41, 31, 26, 33, 13, 36, 43, 44, 59, 49, 62, 19, 53, 64, 39, 40, 47, 30, 57, 29, 54 ]
]
];
s`SolvableDBPointedPassport := [ PowerSequence(PermutationGroup<64 |  
\[ 2, 9, 8, 19, 11, 1, 30, 34, 6, 13, 38, 16, 48, 18, 40, 26, 3, 43, 55, 31, 37, 4, 33, 5, 27, 46, 29, 41, 63, 61, 45, 7, 47, 17, 20, 49, 39, 24, 58, 59, 44, 10, 50, 51, 35, 12, 60, 42, 53, 14, 28, 15, 56, 64, 22, 36, 62, 21, 52, 23, 32, 54, 25, 57 ],
\[ 3, 10, 14, 6, 16, 27, 1, 35, 37, 18, 41, 2, 20, 44, 17, 49, 11, 55, 56, 22, 24, 52, 4, 30, 5, 64, 50, 9, 45, 36, 32, 15, 7, 60, 51, 8, 43, 19, 31, 42, 53, 38, 61, 57, 46, 40, 12, 23, 13, 26, 59, 25, 39, 34, 62, 29, 58, 33, 21, 28, 54, 63, 47, 48 ],
\[ 4, 7, 15, 20, 21, 28, 31, 1, 12, 40, 25, 45, 2, 27, 22, 47, 54, 3, 23, 8, 57, 18, 34, 42, 62, 5, 52, 35, 6, 33, 13, 43, 48, 36, 29, 19, 59, 17, 9, 32, 60, 64, 10, 11, 39, 50, 58, 49, 30, 37, 14, 51, 16, 55, 38, 41, 26, 53, 46, 63, 24, 44, 56, 61 ]:
 Order := 64 >) |
[ PermutationGroup<64 |  
\[ 2, 9, 8, 19, 11, 1, 30, 34, 6, 13, 38, 16, 48, 18, 40, 26, 3, 43, 55, 31, 37, 4, 33, 5, 27, 46, 29, 41, 63, 61, 45, 7, 47, 17, 20, 49, 39, 24, 58, 59, 44, 10, 50, 51, 35, 12, 60, 42, 53, 14, 28, 15, 56, 64, 22, 36, 62, 21, 52, 23, 32, 54, 25, 57 ],
\[ 3, 10, 14, 6, 16, 27, 1, 35, 37, 18, 41, 2, 20, 44, 17, 49, 11, 55, 56, 22, 24, 52, 4, 30, 5, 64, 50, 9, 45, 36, 32, 15, 7, 60, 51, 8, 43, 19, 31, 42, 53, 38, 61, 57, 46, 40, 12, 23, 13, 26, 59, 25, 39, 34, 62, 29, 58, 33, 21, 28, 54, 63, 47, 48 ],
\[ 4, 7, 15, 20, 21, 28, 31, 1, 12, 40, 25, 45, 2, 27, 22, 47, 54, 3, 23, 8, 57, 18, 34, 42, 62, 5, 52, 35, 6, 33, 13, 43, 48, 36, 29, 19, 59, 17, 9, 32, 60, 64, 10, 11, 39, 50, 58, 49, 30, 37, 14, 51, 16, 55, 38, 41, 26, 53, 46, 63, 24, 44, 56, 61 ]:
 Order := 64 > |
[ 19, 30, 40, 31, 37, 41, 45, 2, 16, 59, 27, 35, 9, 29, 4, 60, 64, 8, 33, 34, 62, 43, 17, 10, 54, 11, 15, 20, 1, 47, 48, 50, 42, 49, 63, 55, 52, 3, 6, 7, 23, 57, 13, 38, 58, 14, 21, 53, 61, 39, 18, 28, 26, 22, 24, 44, 46, 56, 12, 25, 5, 51, 36, 32 ],
[ 63, 34, 24, 40, 32, 58, 59, 43, 48, 5, 46, 52, 50, 12, 29, 6, 33, 28, 2, 41, 60, 64, 44, 22, 23, 56, 38, 15, 18, 9, 19, 57, 55, 31, 16, 25, 11, 51, 14, 8, 1, 47, 4, 36, 30, 62, 61, 45, 17, 7, 54, 39, 42, 27, 49, 21, 10, 35, 13, 26, 53, 37, 20, 3 ],
[ 15, 40, 27, 28, 47, 52, 4, 29, 59, 3, 60, 7, 8, 11, 54, 30, 25, 38, 41, 18, 42, 51, 20, 33, 21, 61, 37, 12, 39, 19, 43, 22, 31, 63, 14, 1, 10, 23, 13, 64, 16, 17, 24, 26, 50, 32, 45, 34, 2, 5, 46, 62, 9, 36, 44, 6, 53, 48, 57, 35, 55, 56, 58, 49 ]
],
[ PermutationGroup<64 |  
\[ 2, 9, 8, 19, 11, 1, 30, 34, 6, 13, 38, 16, 48, 18, 40, 26, 3, 43, 55, 31, 37, 4, 33, 5, 27, 46, 29, 41, 63, 61, 45, 7, 47, 17, 20, 49, 39, 24, 58, 59, 44, 10, 50, 51, 35, 12, 60, 42, 53, 14, 28, 15, 56, 64, 22, 36, 62, 21, 52, 23, 32, 54, 25, 57 ],
\[ 3, 10, 14, 6, 16, 27, 1, 35, 37, 18, 41, 2, 20, 44, 17, 49, 11, 55, 56, 22, 24, 52, 4, 30, 5, 64, 50, 9, 45, 36, 32, 15, 7, 60, 51, 8, 43, 19, 31, 42, 53, 38, 61, 57, 46, 40, 12, 23, 13, 26, 59, 25, 39, 34, 62, 29, 58, 33, 21, 28, 54, 63, 47, 48 ],
\[ 4, 7, 15, 20, 21, 28, 31, 1, 12, 40, 25, 45, 2, 27, 22, 47, 54, 3, 23, 8, 57, 18, 34, 42, 62, 5, 52, 35, 6, 33, 13, 43, 48, 36, 29, 19, 59, 17, 9, 32, 60, 64, 10, 11, 39, 50, 58, 49, 30, 37, 14, 51, 16, 55, 38, 41, 26, 53, 46, 63, 24, 44, 56, 61 ]:
 Order := 64 > |
[ 19, 30, 40, 31, 37, 41, 45, 2, 16, 59, 27, 35, 9, 29, 4, 60, 64, 8, 33, 34, 62, 43, 17, 10, 54, 11, 15, 20, 1, 47, 48, 50, 42, 49, 63, 55, 52, 3, 6, 7, 23, 57, 13, 38, 58, 14, 21, 53, 61, 39, 18, 28, 26, 22, 24, 44, 46, 56, 12, 25, 5, 51, 36, 32 ],
[ 15, 40, 27, 28, 47, 52, 4, 29, 59, 3, 60, 7, 8, 11, 54, 30, 25, 38, 41, 18, 42, 51, 20, 33, 21, 61, 37, 12, 39, 19, 43, 22, 31, 63, 14, 1, 10, 23, 13, 64, 16, 17, 24, 26, 50, 32, 45, 34, 2, 5, 46, 62, 9, 36, 44, 6, 53, 48, 57, 35, 55, 56, 58, 49 ],
[ 8, 13, 18, 1, 26, 29, 2, 20, 39, 43, 44, 9, 31, 51, 3, 53, 38, 22, 36, 4, 5, 15, 19, 61, 11, 57, 14, 6, 35, 49, 7, 40, 30, 23, 28, 34, 50, 55, 45, 10, 56, 24, 32, 62, 12, 59, 16, 33, 48, 46, 52, 27, 58, 17, 54, 63, 21, 47, 37, 41, 64, 25, 60, 42 ]
]
];
s`SolvableDBMonodromyGroup := PermutationGroup<64 |  
\[ 2, 9, 8, 19, 11, 1, 30, 34, 6, 13, 38, 16, 48, 18, 40, 26, 3, 43, 55, 31, 37, 4, 33, 5, 27, 46, 29, 41, 63, 61, 45, 7, 47, 17, 20, 49, 39, 24, 58, 59, 44, 10, 50, 51, 35, 12, 60, 42, 53, 14, 28, 15, 56, 64, 22, 36, 62, 21, 52, 23, 32, 54, 25, 57 ],
\[ 3, 10, 14, 6, 16, 27, 1, 35, 37, 18, 41, 2, 20, 44, 17, 49, 11, 55, 56, 22, 24, 52, 4, 30, 5, 64, 50, 9, 45, 36, 32, 15, 7, 60, 51, 8, 43, 19, 31, 42, 53, 38, 61, 57, 46, 40, 12, 23, 13, 26, 59, 25, 39, 34, 62, 29, 58, 33, 21, 28, 54, 63, 47, 48 ],
\[ 4, 7, 15, 20, 21, 28, 31, 1, 12, 40, 25, 45, 2, 27, 22, 47, 54, 3, 23, 8, 57, 18, 34, 42, 62, 5, 52, 35, 6, 33, 13, 43, 48, 36, 29, 19, 59, 17, 9, 32, 60, 64, 10, 11, 39, 50, 58, 49, 30, 37, 14, 51, 16, 55, 38, 41, 26, 53, 46, 63, 24, 44, 56, 61 ] >;
s`SolvableDBAutomorphismGroup := PermutationGroup<64 |  
\[ 58, 21, 33, 53, 22, 39, 57, 47, 37, 24, 4, 59, 5, 7, 48, 52, 23, 30, 56, 16, 18, 49, 41, 55, 20, 15, 31, 9, 45, 62, 26, 64, 44, 60, 12, 63, 43, 19, 50, 42, 6, 38, 61, 1, 46, 40, 51, 11, 25, 32, 2, 13, 27, 34, 36, 29, 3, 14, 10, 28, 54, 8, 35, 17 ],
\[ 64, 57, 48, 61, 35, 54, 26, 42, 62, 58, 20, 44, 21, 23, 49, 51, 13, 33, 32, 24, 29, 30, 43, 45, 8, 28, 34, 55, 17, 46, 5, 16, 50, 10, 38, 40, 63, 31, 25, 53, 22, 39, 47, 4, 11, 41, 14, 37, 59, 60, 19, 36, 52, 2, 7, 15, 6, 27, 56, 18, 12, 1, 3, 9 ]:
 Order := 64 >;
s`SolvableDBPointedAutomorphismGroup := PermutationGroup<64 |  
\[ 9, 6, 37, 12, 38, 2, 28, 39, 1, 27, 24, 4, 29, 43, 59, 19, 21, 50, 16, 45, 17, 46, 47, 11, 42, 55, 10, 7, 13, 41, 35, 51, 60, 58, 31, 53, 3, 5, 8, 52, 30, 25, 14, 61, 20, 22, 23, 63, 56, 18, 32, 40, 36, 57, 26, 49, 54, 34, 15, 33, 44, 64, 48, 62 ],
\[ 2, 9, 10, 7, 11, 1, 12, 13, 6, 37, 38, 28, 39, 18, 40, 41, 42, 43, 30, 31, 25, 32, 33, 5, 17, 44, 3, 4, 8, 16, 45, 46, 47, 48, 20, 49, 27, 24, 29, 59, 19, 21, 50, 55, 35, 51, 60, 58, 53, 14, 22, 15, 56, 64, 61, 36, 62, 63, 52, 23, 26, 54, 34, 57 ]:
 Order := 4 >;

/*
Top Level Belyi Curve/Map
*/


/*
Graph Data
*/

s`SolvableDBPathToPP1 := [ Strings() | "PP1", "2T1-2,2,1-g0-path1", "4T2-2,2,2-g0-path3", "8T2-4,4,2-g1-path5", "16T10-4,4,2-g1-path5", "32S11-4,8,4-g7-path18", "64S20-4,8,4-g13-path32" ];
s`SolvableDBChildren := [ Strings() | "32S11-4,8,4-g7-path18" ];

/*
Return for eval
*/

return s;
