s := SolvableDBObjectInitialize();

/*
Basic Information about the Passport
*/

s`SolvableDBName := "64S28-16,16,4-g21-path30";
s`SolvableDBFilename := "64S28-16,16,4-g21-path30.m";
s`SolvableDBPathNumber := 30;
s`SolvableDBDegree := 64;
s`SolvableDBABC := \[ 16, 16, 4 ];
s`SolvableDBType := "Hyperbolic";
s`SolvableDBGenus := 21;
s`SolvableDBGaloisOrbitSize := 1;
s`SolvableDBPassportSize := 2;
s`SolvableDBPointedPassportSize := 2;
s`SolvableDBLevel := 6;
s`SolvableDBBlocks := {@ PowerSet(IntegerRing()) |
{ IntegerRing() | 1, 5 },
{ IntegerRing() | 2, 12 },
{ IntegerRing() | 3, 18 },
{ IntegerRing() | 4, 24 },
{ IntegerRing() | 6, 22 },
{ IntegerRing() | 7, 11 },
{ IntegerRing() | 8, 15 },
{ IntegerRing() | 9, 39 },
{ IntegerRing() | 10, 43 },
{ IntegerRing() | 13, 38 },
{ IntegerRing() | 14, 41 },
{ IntegerRing() | 16, 50 },
{ IntegerRing() | 17, 57 },
{ IntegerRing() | 19, 51 },
{ IntegerRing() | 20, 56 },
{ IntegerRing() | 21, 60 },
{ IntegerRing() | 23, 55 },
{ IntegerRing() | 25, 40 },
{ IntegerRing() | 26, 58 },
{ IntegerRing() | 27, 61 },
{ IntegerRing() | 28, 49 },
{ IntegerRing() | 29, 62 },
{ IntegerRing() | 30, 63 },
{ IntegerRing() | 31, 45 },
{ IntegerRing() | 32, 46 },
{ IntegerRing() | 33, 47 },
{ IntegerRing() | 34, 48 },
{ IntegerRing() | 35, 52 },
{ IntegerRing() | 36, 53 },
{ IntegerRing() | 37, 54 },
{ IntegerRing() | 42, 64 },
{ IntegerRing() | 44, 59 }
@};

/*
Permutations and Passports
*/

s`SolvableDBGaloisOrbit := [ PowerSequence(PermutationGroup<64 |  
\[ 2, 3, 4, 5, 6, 7, 8, 9, 10, 11, 12, 13, 14, 15, 16, 17, 18, 19, 20, 21, 22, 23, 24, 25, 26, 27, 28, 29, 30, 31, 32, 33, 34, 35, 36, 37, 38, 39, 40, 41, 42, 43, 44, 45, 46, 47, 48, 49, 50, 51, 52, 53, 54, 55, 56, 57, 58, 59, 60, 61, 62, 63, 64, 1 ],
\[ 2, 1, 3, 4, 5, 6, 7, 8, 9, 10, 11, 12, 13, 14, 15, 16, 17, 18, 19, 20, 21, 22, 23, 24, 25, 26, 27, 28, 29, 30, 31, 32, 33, 34, 35, 36, 37, 38, 39, 40, 41, 42, 43, 44, 45, 46, 47, 48, 49, 50, 51, 52, 53, 54, 55, 56, 57, 58, 59, 60, 61, 62, 63, 64 ]:
 Order := 126886932185884164103433389335161480802865516174545192198801894375214704230400000000000000 >) |
[ PermutationGroup<64 |  
\[ 2, 3, 4, 5, 6, 7, 8, 9, 10, 11, 12, 13, 14, 15, 16, 17, 18, 19, 20, 21, 22, 23, 24, 25, 26, 27, 28, 29, 30, 31, 32, 33, 34, 35, 36, 37, 38, 39, 40, 41, 42, 43, 44, 45, 46, 47, 48, 49, 50, 51, 52, 53, 54, 55, 56, 57, 58, 59, 60, 61, 62, 63, 64, 1 ],
\[ 2, 1, 3, 4, 5, 6, 7, 8, 9, 10, 11, 12, 13, 14, 15, 16, 17, 18, 19, 20, 21, 22, 23, 24, 25, 26, 27, 28, 29, 30, 31, 32, 33, 34, 35, 36, 37, 38, 39, 40, 41, 42, 43, 44, 45, 46, 47, 48, 49, 50, 51, 52, 53, 54, 55, 56, 57, 58, 59, 60, 61, 62, 63, 64 ]:
 Order := 126886932185884164103433389335161480802865516174545192198801894375214704230400000000000000 > |
[ 12, 39, 8, 60, 2, 5, 45, 52, 57, 14, 31, 9, 28, 19, 35, 20, 64, 15, 18, 44, 38, 1, 46, 21, 24, 48, 30, 47, 22, 43, 40, 50, 11, 36, 27, 23, 62, 49, 17, 4, 51, 37, 41, 26, 25, 16, 7, 53, 33, 56, 3, 61, 55, 29, 32, 59, 42, 34, 58, 13, 63, 6, 10, 54 ],
[ 3, 10, 16, 22, 18, 27, 1, 36, 35, 20, 5, 43, 2, 23, 53, 21, 51, 50, 58, 45, 42, 61, 40, 6, 39, 4, 46, 62, 14, 34, 37, 47, 17, 7, 44, 13, 8, 12, 52, 9, 55, 63, 56, 28, 54, 33, 57, 11, 29, 60, 26, 59, 38, 15, 25, 31, 19, 24, 49, 64, 32, 41, 48, 30 ],
[ 4, 11, 17, 23, 24, 28, 32, 1, 38, 42, 46, 7, 50, 2, 5, 27, 25, 57, 29, 3, 58, 49, 8, 55, 20, 35, 9, 36, 45, 6, 48, 41, 59, 19, 54, 30, 21, 16, 13, 56, 12, 47, 64, 10, 34, 14, 44, 51, 53, 61, 62, 37, 63, 60, 15, 18, 40, 52, 43, 26, 39, 31, 22, 33 ]
]
];
s`SolvableDBPassport := [ PowerSequence(PermutationGroup<64 |  
\[ 12, 39, 8, 60, 2, 5, 45, 52, 57, 14, 31, 9, 28, 19, 35, 20, 64, 15, 18, 44, 38, 1, 46, 21, 24, 48, 30, 47, 22, 43, 40, 50, 11, 36, 27, 23, 62, 49, 17, 4, 51, 37, 41, 26, 25, 16, 7, 53, 33, 56, 3, 61, 55, 29, 32, 59, 42, 34, 58, 13, 63, 6, 10, 54 ],
\[ 3, 10, 16, 22, 18, 27, 1, 36, 35, 20, 5, 43, 2, 23, 53, 21, 51, 50, 58, 45, 42, 61, 40, 6, 39, 4, 46, 62, 14, 34, 37, 47, 17, 7, 44, 13, 8, 12, 52, 9, 55, 63, 56, 28, 54, 33, 57, 11, 29, 60, 26, 59, 38, 15, 25, 31, 19, 24, 49, 64, 32, 41, 48, 30 ],
\[ 4, 11, 17, 23, 24, 28, 32, 1, 38, 42, 46, 7, 50, 2, 5, 27, 25, 57, 29, 3, 58, 49, 8, 55, 20, 35, 9, 36, 45, 6, 48, 41, 59, 19, 54, 30, 21, 16, 13, 56, 12, 47, 64, 10, 34, 14, 44, 51, 53, 61, 62, 37, 63, 60, 15, 18, 40, 52, 43, 26, 39, 31, 22, 33 ]:
 Order := 64 >) |
[ PermutationGroup<64 |  
\[ 12, 39, 8, 60, 2, 5, 45, 52, 57, 14, 31, 9, 28, 19, 35, 20, 64, 15, 18, 44, 38, 1, 46, 21, 24, 48, 30, 47, 22, 43, 40, 50, 11, 36, 27, 23, 62, 49, 17, 4, 51, 37, 41, 26, 25, 16, 7, 53, 33, 56, 3, 61, 55, 29, 32, 59, 42, 34, 58, 13, 63, 6, 10, 54 ],
\[ 3, 10, 16, 22, 18, 27, 1, 36, 35, 20, 5, 43, 2, 23, 53, 21, 51, 50, 58, 45, 42, 61, 40, 6, 39, 4, 46, 62, 14, 34, 37, 47, 17, 7, 44, 13, 8, 12, 52, 9, 55, 63, 56, 28, 54, 33, 57, 11, 29, 60, 26, 59, 38, 15, 25, 31, 19, 24, 49, 64, 32, 41, 48, 30 ],
\[ 4, 11, 17, 23, 24, 28, 32, 1, 38, 42, 46, 7, 50, 2, 5, 27, 25, 57, 29, 3, 58, 49, 8, 55, 20, 35, 9, 36, 45, 6, 48, 41, 59, 19, 54, 30, 21, 16, 13, 56, 12, 47, 64, 10, 34, 14, 44, 51, 53, 61, 62, 37, 63, 60, 15, 18, 40, 52, 43, 26, 39, 31, 22, 33 ]:
 Order := 64 > |
[ 12, 39, 8, 60, 2, 5, 45, 52, 57, 14, 31, 9, 28, 19, 35, 20, 64, 15, 18, 44, 38, 1, 46, 21, 24, 48, 30, 47, 22, 43, 40, 50, 11, 36, 27, 23, 62, 49, 17, 4, 51, 37, 41, 26, 25, 16, 7, 53, 33, 56, 3, 61, 55, 29, 32, 59, 42, 34, 58, 13, 63, 6, 10, 54 ],
[ 25, 47, 9, 53, 40, 38, 23, 6, 60, 17, 55, 33, 46, 1, 22, 52, 31, 39, 37, 19, 44, 13, 18, 36, 50, 8, 2, 48, 11, 29, 58, 10, 20, 41, 42, 61, 4, 32, 21, 16, 5, 49, 57, 30, 26, 43, 56, 14, 34, 35, 54, 64, 27, 24, 3, 51, 45, 15, 63, 59, 12, 7, 62, 28 ],
[ 15, 41, 56, 5, 8, 63, 2, 55, 61, 59, 12, 14, 9, 32, 23, 13, 18, 20, 48, 40, 54, 30, 24, 1, 57, 21, 50, 22, 51, 53, 29, 11, 42, 31, 58, 49, 35, 39, 27, 17, 46, 43, 44, 33, 62, 7, 64, 45, 6, 38, 34, 26, 28, 52, 4, 25, 3, 60, 47, 37, 16, 19, 36, 10 ]
],
[ PermutationGroup<64 |  
\[ 12, 39, 8, 60, 2, 5, 45, 52, 57, 14, 31, 9, 28, 19, 35, 20, 64, 15, 18, 44, 38, 1, 46, 21, 24, 48, 30, 47, 22, 43, 40, 50, 11, 36, 27, 23, 62, 49, 17, 4, 51, 37, 41, 26, 25, 16, 7, 53, 33, 56, 3, 61, 55, 29, 32, 59, 42, 34, 58, 13, 63, 6, 10, 54 ],
\[ 3, 10, 16, 22, 18, 27, 1, 36, 35, 20, 5, 43, 2, 23, 53, 21, 51, 50, 58, 45, 42, 61, 40, 6, 39, 4, 46, 62, 14, 34, 37, 47, 17, 7, 44, 13, 8, 12, 52, 9, 55, 63, 56, 28, 54, 33, 57, 11, 29, 60, 26, 59, 38, 15, 25, 31, 19, 24, 49, 64, 32, 41, 48, 30 ],
\[ 4, 11, 17, 23, 24, 28, 32, 1, 38, 42, 46, 7, 50, 2, 5, 27, 25, 57, 29, 3, 58, 49, 8, 55, 20, 35, 9, 36, 45, 6, 48, 41, 59, 19, 54, 30, 21, 16, 13, 56, 12, 47, 64, 10, 34, 14, 44, 51, 53, 61, 62, 37, 63, 60, 15, 18, 40, 52, 43, 26, 39, 31, 22, 33 ]:
 Order := 64 > |
[ 12, 39, 8, 60, 2, 5, 45, 52, 57, 14, 31, 9, 28, 19, 35, 20, 64, 15, 18, 44, 38, 1, 46, 21, 24, 48, 30, 47, 22, 43, 40, 50, 11, 36, 27, 23, 62, 49, 17, 4, 51, 37, 41, 26, 25, 16, 7, 53, 33, 56, 3, 61, 55, 29, 32, 59, 42, 34, 58, 13, 63, 6, 10, 54 ],
[ 63, 15, 48, 57, 30, 51, 42, 20, 41, 53, 64, 8, 54, 44, 56, 11, 61, 34, 46, 38, 5, 19, 28, 17, 29, 47, 26, 39, 35, 16, 2, 24, 22, 21, 55, 45, 10, 37, 14, 62, 59, 18, 36, 25, 12, 4, 6, 60, 9, 7, 32, 23, 31, 43, 49, 13, 27, 33, 40, 1, 58, 52, 50, 3 ],
[ 33, 21, 6, 59, 47, 40, 26, 64, 45, 1, 58, 60, 48, 37, 42, 19, 28, 22, 39, 30, 32, 25, 43, 44, 36, 14, 29, 56, 13, 57, 16, 35, 55, 61, 2, 18, 7, 34, 31, 53, 54, 4, 5, 8, 50, 52, 23, 27, 20, 51, 9, 12, 3, 11, 10, 63, 49, 41, 15, 46, 62, 38, 17, 24 ]
]
];
s`SolvableDBPointedPassport := [ PowerSequence(PermutationGroup<64 |  
\[ 12, 39, 8, 60, 2, 5, 45, 52, 57, 14, 31, 9, 28, 19, 35, 20, 64, 15, 18, 44, 38, 1, 46, 21, 24, 48, 30, 47, 22, 43, 40, 50, 11, 36, 27, 23, 62, 49, 17, 4, 51, 37, 41, 26, 25, 16, 7, 53, 33, 56, 3, 61, 55, 29, 32, 59, 42, 34, 58, 13, 63, 6, 10, 54 ],
\[ 3, 10, 16, 22, 18, 27, 1, 36, 35, 20, 5, 43, 2, 23, 53, 21, 51, 50, 58, 45, 42, 61, 40, 6, 39, 4, 46, 62, 14, 34, 37, 47, 17, 7, 44, 13, 8, 12, 52, 9, 55, 63, 56, 28, 54, 33, 57, 11, 29, 60, 26, 59, 38, 15, 25, 31, 19, 24, 49, 64, 32, 41, 48, 30 ],
\[ 4, 11, 17, 23, 24, 28, 32, 1, 38, 42, 46, 7, 50, 2, 5, 27, 25, 57, 29, 3, 58, 49, 8, 55, 20, 35, 9, 36, 45, 6, 48, 41, 59, 19, 54, 30, 21, 16, 13, 56, 12, 47, 64, 10, 34, 14, 44, 51, 53, 61, 62, 37, 63, 60, 15, 18, 40, 52, 43, 26, 39, 31, 22, 33 ]:
 Order := 64 >) |
[ PermutationGroup<64 |  
\[ 12, 39, 8, 60, 2, 5, 45, 52, 57, 14, 31, 9, 28, 19, 35, 20, 64, 15, 18, 44, 38, 1, 46, 21, 24, 48, 30, 47, 22, 43, 40, 50, 11, 36, 27, 23, 62, 49, 17, 4, 51, 37, 41, 26, 25, 16, 7, 53, 33, 56, 3, 61, 55, 29, 32, 59, 42, 34, 58, 13, 63, 6, 10, 54 ],
\[ 3, 10, 16, 22, 18, 27, 1, 36, 35, 20, 5, 43, 2, 23, 53, 21, 51, 50, 58, 45, 42, 61, 40, 6, 39, 4, 46, 62, 14, 34, 37, 47, 17, 7, 44, 13, 8, 12, 52, 9, 55, 63, 56, 28, 54, 33, 57, 11, 29, 60, 26, 59, 38, 15, 25, 31, 19, 24, 49, 64, 32, 41, 48, 30 ],
\[ 4, 11, 17, 23, 24, 28, 32, 1, 38, 42, 46, 7, 50, 2, 5, 27, 25, 57, 29, 3, 58, 49, 8, 55, 20, 35, 9, 36, 45, 6, 48, 41, 59, 19, 54, 30, 21, 16, 13, 56, 12, 47, 64, 10, 34, 14, 44, 51, 53, 61, 62, 37, 63, 60, 15, 18, 40, 52, 43, 26, 39, 31, 22, 33 ]:
 Order := 64 > |
[ 54, 62, 43, 11, 37, 42, 13, 41, 22, 52, 38, 29, 40, 61, 14, 36, 5, 10, 63, 23, 45, 64, 58, 7, 47, 16, 18, 4, 17, 15, 49, 48, 21, 56, 19, 59, 9, 25, 6, 33, 27, 12, 35, 46, 28, 34, 60, 20, 24, 53, 30, 51, 44, 39, 26, 55, 1, 50, 32, 31, 3, 57, 8, 2 ],
[ 25, 47, 9, 53, 40, 38, 23, 6, 60, 17, 55, 33, 46, 1, 22, 52, 31, 39, 37, 19, 44, 13, 18, 36, 50, 8, 2, 48, 11, 29, 58, 10, 20, 41, 42, 61, 4, 32, 21, 16, 5, 49, 57, 30, 26, 43, 56, 14, 34, 35, 54, 64, 27, 24, 3, 51, 45, 15, 63, 59, 12, 7, 62, 28 ],
[ 43, 52, 36, 64, 10, 18, 54, 59, 19, 23, 37, 35, 62, 58, 44, 45, 30, 53, 50, 28, 12, 3, 33, 42, 6, 11, 34, 57, 61, 56, 9, 60, 5, 13, 46, 40, 41, 29, 51, 22, 26, 8, 55, 4, 39, 21, 1, 38, 17, 31, 16, 32, 25, 14, 47, 49, 63, 7, 24, 2, 48, 27, 20, 15 ]
],
[ PermutationGroup<64 |  
\[ 12, 39, 8, 60, 2, 5, 45, 52, 57, 14, 31, 9, 28, 19, 35, 20, 64, 15, 18, 44, 38, 1, 46, 21, 24, 48, 30, 47, 22, 43, 40, 50, 11, 36, 27, 23, 62, 49, 17, 4, 51, 37, 41, 26, 25, 16, 7, 53, 33, 56, 3, 61, 55, 29, 32, 59, 42, 34, 58, 13, 63, 6, 10, 54 ],
\[ 3, 10, 16, 22, 18, 27, 1, 36, 35, 20, 5, 43, 2, 23, 53, 21, 51, 50, 58, 45, 42, 61, 40, 6, 39, 4, 46, 62, 14, 34, 37, 47, 17, 7, 44, 13, 8, 12, 52, 9, 55, 63, 56, 28, 54, 33, 57, 11, 29, 60, 26, 59, 38, 15, 25, 31, 19, 24, 49, 64, 32, 41, 48, 30 ],
\[ 4, 11, 17, 23, 24, 28, 32, 1, 38, 42, 46, 7, 50, 2, 5, 27, 25, 57, 29, 3, 58, 49, 8, 55, 20, 35, 9, 36, 45, 6, 48, 41, 59, 19, 54, 30, 21, 16, 13, 56, 12, 47, 64, 10, 34, 14, 44, 51, 53, 61, 62, 37, 63, 60, 15, 18, 40, 52, 43, 26, 39, 31, 22, 33 ]:
 Order := 64 > |
[ 54, 62, 43, 11, 37, 42, 13, 41, 22, 52, 38, 29, 40, 61, 14, 36, 5, 10, 63, 23, 45, 64, 58, 7, 47, 16, 18, 4, 17, 15, 49, 48, 21, 56, 19, 59, 9, 25, 6, 33, 27, 12, 35, 46, 28, 34, 60, 20, 24, 53, 30, 51, 44, 39, 26, 55, 1, 50, 32, 31, 3, 57, 8, 2 ],
[ 30, 8, 34, 17, 63, 19, 64, 56, 14, 36, 42, 15, 37, 59, 20, 7, 27, 48, 32, 13, 1, 51, 49, 57, 62, 33, 58, 9, 52, 50, 12, 4, 6, 60, 23, 31, 43, 54, 41, 29, 44, 3, 53, 40, 2, 24, 22, 21, 39, 11, 46, 55, 45, 10, 28, 38, 61, 47, 25, 5, 26, 35, 16, 18 ],
[ 24, 7, 57, 55, 4, 49, 46, 5, 13, 64, 32, 11, 16, 12, 1, 61, 40, 17, 62, 18, 26, 28, 15, 23, 56, 52, 39, 53, 31, 22, 34, 14, 44, 51, 37, 63, 60, 50, 38, 20, 2, 33, 42, 43, 48, 41, 59, 19, 36, 27, 29, 54, 30, 21, 8, 3, 25, 35, 10, 58, 9, 45, 6, 47 ]
]
];
s`SolvableDBMonodromyGroup := PermutationGroup<64 |  
\[ 12, 39, 8, 60, 2, 5, 45, 52, 57, 14, 31, 9, 28, 19, 35, 20, 64, 15, 18, 44, 38, 1, 46, 21, 24, 48, 30, 47, 22, 43, 40, 50, 11, 36, 27, 23, 62, 49, 17, 4, 51, 37, 41, 26, 25, 16, 7, 53, 33, 56, 3, 61, 55, 29, 32, 59, 42, 34, 58, 13, 63, 6, 10, 54 ],
\[ 3, 10, 16, 22, 18, 27, 1, 36, 35, 20, 5, 43, 2, 23, 53, 21, 51, 50, 58, 45, 42, 61, 40, 6, 39, 4, 46, 62, 14, 34, 37, 47, 17, 7, 44, 13, 8, 12, 52, 9, 55, 63, 56, 28, 54, 33, 57, 11, 29, 60, 26, 59, 38, 15, 25, 31, 19, 24, 49, 64, 32, 41, 48, 30 ],
\[ 4, 11, 17, 23, 24, 28, 32, 1, 38, 42, 46, 7, 50, 2, 5, 27, 25, 57, 29, 3, 58, 49, 8, 55, 20, 35, 9, 36, 45, 6, 48, 41, 59, 19, 54, 30, 21, 16, 13, 56, 12, 47, 64, 10, 34, 14, 44, 51, 53, 61, 62, 37, 63, 60, 15, 18, 40, 52, 43, 26, 39, 31, 22, 33 ] >;
s`SolvableDBAutomorphismGroup := PermutationGroup<64 |  
\[ 64, 37, 30, 33, 42, 57, 60, 43, 29, 8, 21, 54, 31, 52, 10, 34, 6, 63, 61, 36, 7, 17, 59, 47, 28, 46, 19, 40, 39, 18, 38, 26, 24, 50, 14, 56, 12, 45, 62, 49, 35, 1, 15, 23, 13, 58, 4, 16, 25, 48, 27, 41, 20, 2, 44, 53, 22, 32, 55, 11, 51, 9, 3, 5 ],
\[ 2, 9, 10, 11, 12, 1, 13, 14, 17, 35, 38, 39, 40, 27, 41, 20, 42, 43, 30, 44, 45, 5, 46, 7, 47, 48, 3, 4, 6, 8, 49, 50, 21, 36, 51, 23, 29, 25, 57, 33, 61, 54, 52, 26, 28, 16, 60, 53, 24, 56, 63, 19, 55, 62, 32, 59, 64, 34, 58, 31, 18, 22, 15, 37 ],
\[ 63, 43, 48, 22, 30, 27, 42, 53, 14, 56, 64, 10, 12, 59, 36, 11, 51, 34, 58, 31, 5, 61, 49, 6, 62, 4, 46, 9, 52, 16, 54, 47, 17, 21, 23, 38, 15, 2, 41, 29, 44, 18, 20, 40, 37, 33, 57, 60, 39, 7, 26, 55, 13, 8, 28, 45, 19, 24, 25, 1, 32, 35, 50, 3 ]:
 Order := 64 >;
s`SolvableDBPointedAutomorphismGroup := PermutationGroup<64 |  
\[ 42, 54, 63, 47, 64, 17, 21, 10, 62, 15, 60, 37, 45, 35, 43, 48, 22, 30, 27, 53, 11, 57, 44, 33, 49, 32, 51, 25, 9, 3, 13, 58, 4, 16, 41, 20, 2, 31, 29, 28, 52, 5, 8, 55, 38, 26, 24, 50, 40, 34, 61, 14, 56, 12, 59, 36, 6, 46, 23, 7, 19, 39, 18, 1 ],
\[ 6, 1, 27, 28, 22, 29, 24, 30, 2, 3, 4, 5, 7, 8, 63, 46, 9, 61, 52, 16, 33, 62, 36, 49, 38, 44, 14, 45, 37, 19, 60, 55, 40, 58, 10, 34, 64, 11, 12, 13, 15, 17, 18, 20, 21, 23, 25, 26, 31, 32, 35, 43, 48, 42, 53, 50, 39, 59, 56, 47, 41, 54, 51, 57 ]:
 Order := 16 >;

/*
Top Level Belyi Curve/Map
*/


/*
Graph Data
*/

s`SolvableDBPathToPP1 := [ Strings() | "PP1", "2T1-2,2,1-g0-path1", "4T1-4,4,2-g1-path1", "8T2-4,4,2-g1-path2", "16T6-8,8,4-g5-path2", "32S4-8,8,4-g9-path22", "64S28-16,16,4-g21-path30" ];
s`SolvableDBChildren := [ Strings() | "32S4-8,8,4-g9-path22" ];

/*
Return for eval
*/

return s;
