s := SolvableDBObjectInitialize();

/*
Basic Information about the Passport
*/

s`SolvableDBName := "64S23-4,4,4-g9-path190";
s`SolvableDBFilename := "64S23-4,4,4-g9-path190.m";
s`SolvableDBPathNumber := 190;
s`SolvableDBDegree := 64;
s`SolvableDBABC := \[ 4, 4, 4 ];
s`SolvableDBType := "Hyperbolic";
s`SolvableDBGenus := 9;
s`SolvableDBGaloisOrbitSize := 1;
s`SolvableDBPassportSize := 3;
s`SolvableDBPointedPassportSize := 3;
s`SolvableDBLevel := 6;
s`SolvableDBBlocks := {@ PowerSet(IntegerRing()) |
{ IntegerRing() | 1, 5 },
{ IntegerRing() | 2, 11 },
{ IntegerRing() | 3, 16 },
{ IntegerRing() | 4, 21 },
{ IntegerRing() | 6, 24 },
{ IntegerRing() | 7, 25 },
{ IntegerRing() | 8, 26 },
{ IntegerRing() | 9, 37 },
{ IntegerRing() | 10, 40 },
{ IntegerRing() | 12, 43 },
{ IntegerRing() | 13, 44 },
{ IntegerRing() | 14, 51 },
{ IntegerRing() | 15, 53 },
{ IntegerRing() | 17, 38 },
{ IntegerRing() | 18, 54 },
{ IntegerRing() | 19, 47 },
{ IntegerRing() | 20, 49 },
{ IntegerRing() | 22, 45 },
{ IntegerRing() | 23, 58 },
{ IntegerRing() | 27, 48 },
{ IntegerRing() | 28, 60 },
{ IntegerRing() | 29, 41 },
{ IntegerRing() | 30, 61 },
{ IntegerRing() | 31, 57 },
{ IntegerRing() | 32, 62 },
{ IntegerRing() | 33, 36 },
{ IntegerRing() | 34, 63 },
{ IntegerRing() | 35, 56 },
{ IntegerRing() | 39, 52 },
{ IntegerRing() | 42, 64 },
{ IntegerRing() | 46, 55 },
{ IntegerRing() | 50, 59 }
@};

/*
Permutations and Passports
*/

s`SolvableDBGaloisOrbit := [ PowerSequence(PermutationGroup<64 |  
\[ 2, 3, 4, 5, 6, 7, 8, 9, 10, 11, 12, 13, 14, 15, 16, 17, 18, 19, 20, 21, 22, 23, 24, 25, 26, 27, 28, 29, 30, 31, 32, 33, 34, 35, 36, 37, 38, 39, 40, 41, 42, 43, 44, 45, 46, 47, 48, 49, 50, 51, 52, 53, 54, 55, 56, 57, 58, 59, 60, 61, 62, 63, 64, 1 ],
\[ 2, 1, 3, 4, 5, 6, 7, 8, 9, 10, 11, 12, 13, 14, 15, 16, 17, 18, 19, 20, 21, 22, 23, 24, 25, 26, 27, 28, 29, 30, 31, 32, 33, 34, 35, 36, 37, 38, 39, 40, 41, 42, 43, 44, 45, 46, 47, 48, 49, 50, 51, 52, 53, 54, 55, 56, 57, 58, 59, 60, 61, 62, 63, 64 ]:
 Order := 126886932185884164103433389335161480802865516174545192198801894375214704230400000000000000 >) |
[ PermutationGroup<64 |  
\[ 2, 3, 4, 5, 6, 7, 8, 9, 10, 11, 12, 13, 14, 15, 16, 17, 18, 19, 20, 21, 22, 23, 24, 25, 26, 27, 28, 29, 30, 31, 32, 33, 34, 35, 36, 37, 38, 39, 40, 41, 42, 43, 44, 45, 46, 47, 48, 49, 50, 51, 52, 53, 54, 55, 56, 57, 58, 59, 60, 61, 62, 63, 64, 1 ],
\[ 2, 1, 3, 4, 5, 6, 7, 8, 9, 10, 11, 12, 13, 14, 15, 16, 17, 18, 19, 20, 21, 22, 23, 24, 25, 26, 27, 28, 29, 30, 31, 32, 33, 34, 35, 36, 37, 38, 39, 40, 41, 42, 43, 44, 45, 46, 47, 48, 49, 50, 51, 52, 53, 54, 55, 56, 57, 58, 59, 60, 61, 62, 63, 64 ]:
 Order := 126886932185884164103433389335161480802865516174545192198801894375214704230400000000000000 > |
[ 2, 9, 8, 19, 11, 1, 30, 33, 6, 13, 37, 45, 48, 18, 52, 26, 3, 42, 43, 57, 47, 4, 14, 5, 61, 36, 29, 62, 40, 60, 55, 7, 17, 20, 59, 38, 24, 16, 35, 44, 10, 23, 22, 27, 21, 34, 12, 41, 31, 15, 54, 56, 39, 64, 63, 50, 46, 51, 53, 32, 28, 25, 49, 58 ],
[ 3, 10, 14, 6, 16, 27, 1, 34, 36, 18, 40, 2, 49, 7, 17, 51, 31, 12, 52, 22, 24, 59, 4, 48, 5, 63, 23, 9, 55, 35, 32, 15, 64, 30, 8, 42, 33, 57, 41, 54, 46, 28, 11, 20, 50, 47, 39, 58, 45, 13, 25, 29, 38, 43, 19, 26, 62, 21, 44, 37, 56, 53, 61, 60 ],
[ 4, 7, 15, 20, 21, 28, 31, 1, 12, 39, 25, 46, 2, 27, 45, 53, 37, 3, 23, 8, 49, 54, 36, 60, 57, 5, 59, 63, 6, 14, 13, 64, 35, 41, 47, 56, 43, 9, 62, 52, 24, 10, 55, 11, 18, 38, 58, 50, 26, 61, 48, 32, 22, 16, 17, 19, 44, 33, 30, 34, 51, 42, 29, 40 ]
]
];
s`SolvableDBPassport := [ PowerSequence(PermutationGroup<64 |  
\[ 2, 9, 8, 19, 11, 1, 30, 33, 6, 13, 37, 45, 48, 18, 52, 26, 3, 42, 43, 57, 47, 4, 14, 5, 61, 36, 29, 62, 40, 60, 55, 7, 17, 20, 59, 38, 24, 16, 35, 44, 10, 23, 22, 27, 21, 34, 12, 41, 31, 15, 54, 56, 39, 64, 63, 50, 46, 51, 53, 32, 28, 25, 49, 58 ],
\[ 3, 10, 14, 6, 16, 27, 1, 34, 36, 18, 40, 2, 49, 7, 17, 51, 31, 12, 52, 22, 24, 59, 4, 48, 5, 63, 23, 9, 55, 35, 32, 15, 64, 30, 8, 42, 33, 57, 41, 54, 46, 28, 11, 20, 50, 47, 39, 58, 45, 13, 25, 29, 38, 43, 19, 26, 62, 21, 44, 37, 56, 53, 61, 60 ],
\[ 4, 7, 15, 20, 21, 28, 31, 1, 12, 39, 25, 46, 2, 27, 45, 53, 37, 3, 23, 8, 49, 54, 36, 60, 57, 5, 59, 63, 6, 14, 13, 64, 35, 41, 47, 56, 43, 9, 62, 52, 24, 10, 55, 11, 18, 38, 58, 50, 26, 61, 48, 32, 22, 16, 17, 19, 44, 33, 30, 34, 51, 42, 29, 40 ]:
 Order := 64 >) |
[ PermutationGroup<64 |  
\[ 2, 9, 8, 19, 11, 1, 30, 33, 6, 13, 37, 45, 48, 18, 52, 26, 3, 42, 43, 57, 47, 4, 14, 5, 61, 36, 29, 62, 40, 60, 55, 7, 17, 20, 59, 38, 24, 16, 35, 44, 10, 23, 22, 27, 21, 34, 12, 41, 31, 15, 54, 56, 39, 64, 63, 50, 46, 51, 53, 32, 28, 25, 49, 58 ],
\[ 3, 10, 14, 6, 16, 27, 1, 34, 36, 18, 40, 2, 49, 7, 17, 51, 31, 12, 52, 22, 24, 59, 4, 48, 5, 63, 23, 9, 55, 35, 32, 15, 64, 30, 8, 42, 33, 57, 41, 54, 46, 28, 11, 20, 50, 47, 39, 58, 45, 13, 25, 29, 38, 43, 19, 26, 62, 21, 44, 37, 56, 53, 61, 60 ],
\[ 4, 7, 15, 20, 21, 28, 31, 1, 12, 39, 25, 46, 2, 27, 45, 53, 37, 3, 23, 8, 49, 54, 36, 60, 57, 5, 59, 63, 6, 14, 13, 64, 35, 41, 47, 56, 43, 9, 62, 52, 24, 10, 55, 11, 18, 38, 58, 50, 26, 61, 48, 32, 22, 16, 17, 19, 44, 33, 30, 34, 51, 42, 29, 40 ]:
 Order := 64 > |
[ 2, 9, 8, 19, 11, 1, 30, 33, 6, 13, 37, 45, 48, 18, 52, 26, 3, 42, 43, 57, 47, 4, 14, 5, 61, 36, 29, 62, 40, 60, 55, 7, 17, 20, 59, 38, 24, 16, 35, 44, 10, 23, 22, 27, 21, 34, 12, 41, 31, 15, 54, 56, 39, 64, 63, 50, 46, 51, 53, 32, 28, 25, 49, 58 ],
[ 30, 45, 2, 14, 61, 19, 18, 59, 62, 9, 22, 42, 15, 8, 7, 11, 52, 13, 63, 27, 51, 57, 29, 47, 54, 50, 1, 23, 56, 20, 3, 55, 24, 33, 60, 6, 32, 39, 12, 37, 35, 38, 64, 53, 31, 10, 34, 5, 48, 21, 26, 43, 25, 44, 40, 28, 16, 41, 4, 58, 49, 46, 36, 17 ],
[ 36, 27, 64, 11, 33, 10, 37, 31, 3, 58, 48, 24, 46, 28, 26, 42, 34, 4, 59, 47, 2, 52, 12, 40, 9, 57, 54, 5, 20, 15, 61, 35, 14, 62, 38, 51, 16, 63, 44, 23, 49, 7, 6, 55, 39, 22, 50, 18, 19, 29, 60, 13, 8, 21, 45, 17, 30, 43, 41, 1, 53, 56, 32, 25 ]
],
[ PermutationGroup<64 |  
\[ 2, 9, 8, 19, 11, 1, 30, 33, 6, 13, 37, 45, 48, 18, 52, 26, 3, 42, 43, 57, 47, 4, 14, 5, 61, 36, 29, 62, 40, 60, 55, 7, 17, 20, 59, 38, 24, 16, 35, 44, 10, 23, 22, 27, 21, 34, 12, 41, 31, 15, 54, 56, 39, 64, 63, 50, 46, 51, 53, 32, 28, 25, 49, 58 ],
\[ 3, 10, 14, 6, 16, 27, 1, 34, 36, 18, 40, 2, 49, 7, 17, 51, 31, 12, 52, 22, 24, 59, 4, 48, 5, 63, 23, 9, 55, 35, 32, 15, 64, 30, 8, 42, 33, 57, 41, 54, 46, 28, 11, 20, 50, 47, 39, 58, 45, 13, 25, 29, 38, 43, 19, 26, 62, 21, 44, 37, 56, 53, 61, 60 ],
\[ 4, 7, 15, 20, 21, 28, 31, 1, 12, 39, 25, 46, 2, 27, 45, 53, 37, 3, 23, 8, 49, 54, 36, 60, 57, 5, 59, 63, 6, 14, 13, 64, 35, 41, 47, 56, 43, 9, 62, 52, 24, 10, 55, 11, 18, 38, 58, 50, 26, 61, 48, 32, 22, 16, 17, 19, 44, 33, 30, 34, 51, 42, 29, 40 ]:
 Order := 64 > |
[ 2, 9, 8, 19, 11, 1, 30, 33, 6, 13, 37, 45, 48, 18, 52, 26, 3, 42, 43, 57, 47, 4, 14, 5, 61, 36, 29, 62, 40, 60, 55, 7, 17, 20, 59, 38, 24, 16, 35, 44, 10, 23, 22, 27, 21, 34, 12, 41, 31, 15, 54, 56, 39, 64, 63, 50, 46, 51, 53, 32, 28, 25, 49, 58 ],
[ 3, 10, 14, 6, 16, 27, 1, 34, 36, 18, 40, 2, 49, 7, 17, 51, 31, 12, 52, 22, 24, 59, 4, 48, 5, 63, 23, 9, 55, 35, 32, 15, 64, 30, 8, 42, 33, 57, 41, 54, 46, 28, 11, 20, 50, 47, 39, 58, 45, 13, 25, 29, 38, 43, 19, 26, 62, 21, 44, 37, 56, 53, 61, 60 ],
[ 4, 7, 15, 20, 21, 28, 31, 1, 12, 39, 25, 46, 2, 27, 45, 53, 37, 3, 23, 8, 49, 54, 36, 60, 57, 5, 59, 63, 6, 14, 13, 64, 35, 41, 47, 56, 43, 9, 62, 52, 24, 10, 55, 11, 18, 38, 58, 50, 26, 61, 48, 32, 22, 16, 17, 19, 44, 33, 30, 34, 51, 42, 29, 40 ]
],
[ PermutationGroup<64 |  
\[ 2, 9, 8, 19, 11, 1, 30, 33, 6, 13, 37, 45, 48, 18, 52, 26, 3, 42, 43, 57, 47, 4, 14, 5, 61, 36, 29, 62, 40, 60, 55, 7, 17, 20, 59, 38, 24, 16, 35, 44, 10, 23, 22, 27, 21, 34, 12, 41, 31, 15, 54, 56, 39, 64, 63, 50, 46, 51, 53, 32, 28, 25, 49, 58 ],
\[ 3, 10, 14, 6, 16, 27, 1, 34, 36, 18, 40, 2, 49, 7, 17, 51, 31, 12, 52, 22, 24, 59, 4, 48, 5, 63, 23, 9, 55, 35, 32, 15, 64, 30, 8, 42, 33, 57, 41, 54, 46, 28, 11, 20, 50, 47, 39, 58, 45, 13, 25, 29, 38, 43, 19, 26, 62, 21, 44, 37, 56, 53, 61, 60 ],
\[ 4, 7, 15, 20, 21, 28, 31, 1, 12, 39, 25, 46, 2, 27, 45, 53, 37, 3, 23, 8, 49, 54, 36, 60, 57, 5, 59, 63, 6, 14, 13, 64, 35, 41, 47, 56, 43, 9, 62, 52, 24, 10, 55, 11, 18, 38, 58, 50, 26, 61, 48, 32, 22, 16, 17, 19, 44, 33, 30, 34, 51, 42, 29, 40 ]:
 Order := 64 > |
[ 3, 10, 14, 6, 16, 27, 1, 34, 36, 18, 40, 2, 49, 7, 17, 51, 31, 12, 52, 22, 24, 59, 4, 48, 5, 63, 23, 9, 55, 35, 32, 15, 64, 30, 8, 42, 33, 57, 41, 54, 46, 28, 11, 20, 50, 47, 39, 58, 45, 13, 25, 29, 38, 43, 19, 26, 62, 21, 44, 37, 56, 53, 61, 60 ],
[ 2, 9, 8, 19, 11, 1, 30, 33, 6, 13, 37, 45, 48, 18, 52, 26, 3, 42, 43, 57, 47, 4, 14, 5, 61, 36, 29, 62, 40, 60, 55, 7, 17, 20, 59, 38, 24, 16, 35, 44, 10, 23, 22, 27, 21, 34, 12, 41, 31, 15, 54, 56, 39, 64, 63, 50, 46, 51, 53, 32, 28, 25, 49, 58 ],
[ 32, 47, 6, 42, 62, 22, 23, 39, 61, 1, 19, 14, 56, 17, 60, 24, 50, 41, 31, 40, 64, 34, 44, 45, 58, 52, 9, 18, 15, 46, 33, 49, 11, 3, 7, 2, 30, 59, 21, 5, 53, 26, 51, 35, 63, 48, 57, 37, 10, 12, 38, 4, 28, 29, 27, 25, 36, 13, 43, 54, 55, 20, 16, 8 ]
]
];
s`SolvableDBPointedPassport := [ PowerSequence(PermutationGroup<64 |  
\[ 2, 9, 8, 19, 11, 1, 30, 33, 6, 13, 37, 45, 48, 18, 52, 26, 3, 42, 43, 57, 47, 4, 14, 5, 61, 36, 29, 62, 40, 60, 55, 7, 17, 20, 59, 38, 24, 16, 35, 44, 10, 23, 22, 27, 21, 34, 12, 41, 31, 15, 54, 56, 39, 64, 63, 50, 46, 51, 53, 32, 28, 25, 49, 58 ],
\[ 3, 10, 14, 6, 16, 27, 1, 34, 36, 18, 40, 2, 49, 7, 17, 51, 31, 12, 52, 22, 24, 59, 4, 48, 5, 63, 23, 9, 55, 35, 32, 15, 64, 30, 8, 42, 33, 57, 41, 54, 46, 28, 11, 20, 50, 47, 39, 58, 45, 13, 25, 29, 38, 43, 19, 26, 62, 21, 44, 37, 56, 53, 61, 60 ],
\[ 4, 7, 15, 20, 21, 28, 31, 1, 12, 39, 25, 46, 2, 27, 45, 53, 37, 3, 23, 8, 49, 54, 36, 60, 57, 5, 59, 63, 6, 14, 13, 64, 35, 41, 47, 56, 43, 9, 62, 52, 24, 10, 55, 11, 18, 38, 58, 50, 26, 61, 48, 32, 22, 16, 17, 19, 44, 33, 30, 34, 51, 42, 29, 40 ]:
 Order := 64 >) |
[ PermutationGroup<64 |  
\[ 2, 9, 8, 19, 11, 1, 30, 33, 6, 13, 37, 45, 48, 18, 52, 26, 3, 42, 43, 57, 47, 4, 14, 5, 61, 36, 29, 62, 40, 60, 55, 7, 17, 20, 59, 38, 24, 16, 35, 44, 10, 23, 22, 27, 21, 34, 12, 41, 31, 15, 54, 56, 39, 64, 63, 50, 46, 51, 53, 32, 28, 25, 49, 58 ],
\[ 3, 10, 14, 6, 16, 27, 1, 34, 36, 18, 40, 2, 49, 7, 17, 51, 31, 12, 52, 22, 24, 59, 4, 48, 5, 63, 23, 9, 55, 35, 32, 15, 64, 30, 8, 42, 33, 57, 41, 54, 46, 28, 11, 20, 50, 47, 39, 58, 45, 13, 25, 29, 38, 43, 19, 26, 62, 21, 44, 37, 56, 53, 61, 60 ],
\[ 4, 7, 15, 20, 21, 28, 31, 1, 12, 39, 25, 46, 2, 27, 45, 53, 37, 3, 23, 8, 49, 54, 36, 60, 57, 5, 59, 63, 6, 14, 13, 64, 35, 41, 47, 56, 43, 9, 62, 52, 24, 10, 55, 11, 18, 38, 58, 50, 26, 61, 48, 32, 22, 16, 17, 19, 44, 33, 30, 34, 51, 42, 29, 40 ]:
 Order := 64 > |
[ 2, 9, 8, 19, 11, 1, 30, 33, 6, 13, 37, 45, 48, 18, 52, 26, 3, 42, 43, 57, 47, 4, 14, 5, 61, 36, 29, 62, 40, 60, 55, 7, 17, 20, 59, 38, 24, 16, 35, 44, 10, 23, 22, 27, 21, 34, 12, 41, 31, 15, 54, 56, 39, 64, 63, 50, 46, 51, 53, 32, 28, 25, 49, 58 ],
[ 30, 45, 2, 14, 61, 19, 18, 59, 62, 9, 22, 42, 15, 8, 7, 11, 52, 13, 63, 27, 51, 57, 29, 47, 54, 50, 1, 23, 56, 20, 3, 55, 24, 33, 60, 6, 32, 39, 12, 37, 35, 38, 64, 53, 31, 10, 34, 5, 48, 21, 26, 43, 25, 44, 40, 28, 16, 41, 4, 58, 49, 46, 36, 17 ],
[ 36, 27, 64, 11, 33, 10, 37, 31, 3, 58, 48, 24, 46, 28, 26, 42, 34, 4, 59, 47, 2, 52, 12, 40, 9, 57, 54, 5, 20, 15, 61, 35, 14, 62, 38, 51, 16, 63, 44, 23, 49, 7, 6, 55, 39, 22, 50, 18, 19, 29, 60, 13, 8, 21, 45, 17, 30, 43, 41, 1, 53, 56, 32, 25 ]
],
[ PermutationGroup<64 |  
\[ 2, 9, 8, 19, 11, 1, 30, 33, 6, 13, 37, 45, 48, 18, 52, 26, 3, 42, 43, 57, 47, 4, 14, 5, 61, 36, 29, 62, 40, 60, 55, 7, 17, 20, 59, 38, 24, 16, 35, 44, 10, 23, 22, 27, 21, 34, 12, 41, 31, 15, 54, 56, 39, 64, 63, 50, 46, 51, 53, 32, 28, 25, 49, 58 ],
\[ 3, 10, 14, 6, 16, 27, 1, 34, 36, 18, 40, 2, 49, 7, 17, 51, 31, 12, 52, 22, 24, 59, 4, 48, 5, 63, 23, 9, 55, 35, 32, 15, 64, 30, 8, 42, 33, 57, 41, 54, 46, 28, 11, 20, 50, 47, 39, 58, 45, 13, 25, 29, 38, 43, 19, 26, 62, 21, 44, 37, 56, 53, 61, 60 ],
\[ 4, 7, 15, 20, 21, 28, 31, 1, 12, 39, 25, 46, 2, 27, 45, 53, 37, 3, 23, 8, 49, 54, 36, 60, 57, 5, 59, 63, 6, 14, 13, 64, 35, 41, 47, 56, 43, 9, 62, 52, 24, 10, 55, 11, 18, 38, 58, 50, 26, 61, 48, 32, 22, 16, 17, 19, 44, 33, 30, 34, 51, 42, 29, 40 ]:
 Order := 64 > |
[ 2, 9, 8, 19, 11, 1, 30, 33, 6, 13, 37, 45, 48, 18, 52, 26, 3, 42, 43, 57, 47, 4, 14, 5, 61, 36, 29, 62, 40, 60, 55, 7, 17, 20, 59, 38, 24, 16, 35, 44, 10, 23, 22, 27, 21, 34, 12, 41, 31, 15, 54, 56, 39, 64, 63, 50, 46, 51, 53, 32, 28, 25, 49, 58 ],
[ 3, 10, 14, 6, 16, 27, 1, 34, 36, 18, 40, 2, 49, 7, 17, 51, 31, 12, 52, 22, 24, 59, 4, 48, 5, 63, 23, 9, 55, 35, 32, 15, 64, 30, 8, 42, 33, 57, 41, 54, 46, 28, 11, 20, 50, 47, 39, 58, 45, 13, 25, 29, 38, 43, 19, 26, 62, 21, 44, 37, 56, 53, 61, 60 ],
[ 4, 7, 15, 20, 21, 28, 31, 1, 12, 39, 25, 46, 2, 27, 45, 53, 37, 3, 23, 8, 49, 54, 36, 60, 57, 5, 59, 63, 6, 14, 13, 64, 35, 41, 47, 56, 43, 9, 62, 52, 24, 10, 55, 11, 18, 38, 58, 50, 26, 61, 48, 32, 22, 16, 17, 19, 44, 33, 30, 34, 51, 42, 29, 40 ]
],
[ PermutationGroup<64 |  
\[ 2, 9, 8, 19, 11, 1, 30, 33, 6, 13, 37, 45, 48, 18, 52, 26, 3, 42, 43, 57, 47, 4, 14, 5, 61, 36, 29, 62, 40, 60, 55, 7, 17, 20, 59, 38, 24, 16, 35, 44, 10, 23, 22, 27, 21, 34, 12, 41, 31, 15, 54, 56, 39, 64, 63, 50, 46, 51, 53, 32, 28, 25, 49, 58 ],
\[ 3, 10, 14, 6, 16, 27, 1, 34, 36, 18, 40, 2, 49, 7, 17, 51, 31, 12, 52, 22, 24, 59, 4, 48, 5, 63, 23, 9, 55, 35, 32, 15, 64, 30, 8, 42, 33, 57, 41, 54, 46, 28, 11, 20, 50, 47, 39, 58, 45, 13, 25, 29, 38, 43, 19, 26, 62, 21, 44, 37, 56, 53, 61, 60 ],
\[ 4, 7, 15, 20, 21, 28, 31, 1, 12, 39, 25, 46, 2, 27, 45, 53, 37, 3, 23, 8, 49, 54, 36, 60, 57, 5, 59, 63, 6, 14, 13, 64, 35, 41, 47, 56, 43, 9, 62, 52, 24, 10, 55, 11, 18, 38, 58, 50, 26, 61, 48, 32, 22, 16, 17, 19, 44, 33, 30, 34, 51, 42, 29, 40 ]:
 Order := 64 > |
[ 16, 40, 51, 24, 3, 48, 5, 63, 33, 54, 10, 11, 20, 25, 38, 14, 57, 43, 39, 45, 6, 50, 21, 27, 1, 34, 58, 37, 46, 56, 62, 53, 42, 61, 26, 64, 36, 31, 29, 18, 55, 60, 2, 49, 59, 19, 52, 23, 22, 44, 7, 41, 17, 12, 47, 8, 32, 4, 13, 9, 35, 15, 30, 28 ],
[ 2, 9, 8, 19, 11, 1, 30, 33, 6, 13, 37, 45, 48, 18, 52, 26, 3, 42, 43, 57, 47, 4, 14, 5, 61, 36, 29, 62, 40, 60, 55, 7, 17, 20, 59, 38, 24, 16, 35, 44, 10, 23, 22, 27, 21, 34, 12, 41, 31, 15, 54, 56, 39, 64, 63, 50, 46, 51, 53, 32, 28, 25, 49, 58 ],
[ 62, 19, 24, 64, 32, 45, 58, 52, 30, 5, 47, 51, 35, 38, 28, 6, 59, 29, 57, 10, 42, 63, 13, 22, 23, 39, 37, 54, 53, 55, 36, 20, 2, 16, 25, 11, 61, 50, 4, 1, 15, 8, 14, 56, 34, 27, 31, 9, 40, 43, 17, 21, 60, 41, 48, 7, 33, 44, 12, 18, 46, 49, 3, 26 ]
]
];
s`SolvableDBMonodromyGroup := PermutationGroup<64 |  
\[ 2, 9, 8, 19, 11, 1, 30, 33, 6, 13, 37, 45, 48, 18, 52, 26, 3, 42, 43, 57, 47, 4, 14, 5, 61, 36, 29, 62, 40, 60, 55, 7, 17, 20, 59, 38, 24, 16, 35, 44, 10, 23, 22, 27, 21, 34, 12, 41, 31, 15, 54, 56, 39, 64, 63, 50, 46, 51, 53, 32, 28, 25, 49, 58 ],
\[ 3, 10, 14, 6, 16, 27, 1, 34, 36, 18, 40, 2, 49, 7, 17, 51, 31, 12, 52, 22, 24, 59, 4, 48, 5, 63, 23, 9, 55, 35, 32, 15, 64, 30, 8, 42, 33, 57, 41, 54, 46, 28, 11, 20, 50, 47, 39, 58, 45, 13, 25, 29, 38, 43, 19, 26, 62, 21, 44, 37, 56, 53, 61, 60 ],
\[ 4, 7, 15, 20, 21, 28, 31, 1, 12, 39, 25, 46, 2, 27, 45, 53, 37, 3, 23, 8, 49, 54, 36, 60, 57, 5, 59, 63, 6, 14, 13, 64, 35, 41, 47, 56, 43, 9, 62, 52, 24, 10, 55, 11, 18, 38, 58, 50, 26, 61, 48, 32, 22, 16, 17, 19, 44, 33, 30, 34, 51, 42, 29, 40 ] >;
s`SolvableDBAutomorphismGroup := PermutationGroup<64 |  
\[ 9, 6, 36, 12, 37, 2, 28, 38, 1, 27, 24, 4, 29, 42, 56, 33, 26, 23, 45, 46, 43, 47, 18, 11, 60, 17, 10, 7, 13, 62, 63, 61, 16, 57, 53, 3, 5, 8, 59, 48, 44, 14, 21, 41, 19, 20, 22, 40, 55, 52, 64, 50, 35, 58, 49, 15, 34, 54, 39, 25, 32, 30, 31, 51 ],
\[ 2, 9, 10, 7, 11, 1, 12, 13, 6, 36, 37, 28, 38, 18, 39, 40, 41, 42, 30, 31, 25, 32, 14, 5, 43, 44, 3, 4, 8, 45, 46, 47, 48, 49, 50, 27, 24, 29, 56, 33, 26, 23, 60, 17, 62, 63, 61, 16, 57, 53, 54, 35, 52, 64, 34, 59, 55, 51, 15, 21, 22, 19, 20, 58 ],
\[ 42, 23, 28, 10, 64, 18, 36, 62, 14, 4, 58, 27, 19, 9, 63, 60, 61, 6, 13, 39, 40, 41, 2, 54, 33, 32, 12, 3, 45, 38, 56, 26, 25, 53, 57, 7, 51, 30, 20, 21, 22, 1, 48, 47, 29, 59, 44, 43, 52, 55, 37, 49, 34, 24, 50, 31, 35, 11, 46, 16, 17, 8, 15, 5 ],
\[ 3, 8, 14, 15, 16, 17, 1, 18, 33, 34, 26, 35, 20, 7, 27, 51, 23, 30, 52, 45, 53, 50, 32, 38, 5, 54, 31, 37, 55, 2, 4, 6, 42, 12, 10, 64, 36, 58, 41, 63, 46, 60, 56, 49, 59, 47, 39, 57, 22, 44, 25, 29, 48, 61, 19, 40, 21, 62, 13, 9, 11, 24, 43, 28 ]:
 Order := 64 >;
s`SolvableDBPointedAutomorphismGroup := PermutationGroup<64 |  
\[ 9, 6, 36, 12, 37, 2, 28, 38, 1, 27, 24, 4, 29, 42, 56, 33, 26, 23, 45, 46, 43, 47, 18, 11, 60, 17, 10, 7, 13, 62, 63, 61, 16, 57, 53, 3, 5, 8, 59, 48, 44, 14, 21, 41, 19, 20, 22, 40, 55, 52, 64, 50, 35, 58, 49, 15, 34, 54, 39, 25, 32, 30, 31, 51 ],
\[ 6, 1, 27, 28, 24, 9, 4, 29, 2, 3, 5, 7, 8, 23, 59, 48, 44, 14, 62, 63, 60, 61, 42, 37, 21, 41, 36, 12, 38, 19, 20, 22, 40, 55, 52, 10, 11, 13, 15, 16, 17, 18, 25, 26, 30, 31, 32, 33, 34, 35, 58, 53, 50, 51, 57, 39, 49, 64, 56, 43, 47, 45, 46, 54 ]:
 Order := 4 >;

/*
Top Level Belyi Curve/Map
*/


/*
Graph Data
*/

s`SolvableDBPathToPP1 := [ Strings() | "PP1", "2T1-1,2,2-g0-path1", "4T2-2,2,2-g0-path1", "8T5-4,4,4-g2-path1", "16T8-4,4,4-g3-path26", "32S2-4,4,4-g5-path67", "64S23-4,4,4-g9-path190" ];
s`SolvableDBChildren := [ Strings() | "32S2-4,4,4-g5-path67" ];

/*
Return for eval
*/

return s;
