s := SolvableDBInitialize();

/*
Magma printing
*/

s`SolvableDBName := "64S26-4,16,16-g21-path2-notcomputed";
s`SolvableDBFilename := "64S26-4,16,16-g21-path2-notcomputed.m";
s`SolvableDBPassportName := "64S26-4,16,16-g21";
s`SolvableDBPathNumber := 2;
s`SolvableDBDegree := 64;
s`SolvableDBOrders := \[ 4, 16, 16 ];
s`SolvableDBType := "Hyperbolic";
s`SolvableDBGenus := 21;
s`SolvableDBGaloisOrbitSize := 1;
s`SolvableDBPassportSize := 1;
s`SolvableDBPointedPassportSize := 1;
s`SolvableDBLevel := 6;
s`SolvableDBBlocks := {@ PowerSet(IntegerRing()) |
{ IntegerRing() | 1, 5 },
{ IntegerRing() | 2, 6 },
{ IntegerRing() | 3, 12 },
{ IntegerRing() | 4, 15 },
{ IntegerRing() | 7, 10 },
{ IntegerRing() | 8, 9 },
{ IntegerRing() | 11, 18 },
{ IntegerRing() | 13, 19 },
{ IntegerRing() | 14, 17 },
{ IntegerRing() | 16, 20 },
{ IntegerRing() | 21, 23 },
{ IntegerRing() | 22, 28 },
{ IntegerRing() | 24, 26 },
{ IntegerRing() | 25, 27 },
{ IntegerRing() | 29, 31 },
{ IntegerRing() | 30, 32 },
{ IntegerRing() | 33, 35 },
{ IntegerRing() | 34, 36 },
{ IntegerRing() | 37, 39 },
{ IntegerRing() | 38, 40 },
{ IntegerRing() | 41, 43 },
{ IntegerRing() | 42, 44 },
{ IntegerRing() | 45, 47 },
{ IntegerRing() | 46, 48 },
{ IntegerRing() | 49, 51 },
{ IntegerRing() | 50, 52 },
{ IntegerRing() | 53, 55 },
{ IntegerRing() | 54, 56 },
{ IntegerRing() | 57, 59 },
{ IntegerRing() | 58, 60 },
{ IntegerRing() | 61, 63 },
{ IntegerRing() | 62, 64 }
@};
s`SolvableDBIsRamifiedAtEveryLevel := false;
s`SolvableDBGaloisOrbit := [ PowerSequence(PermutationGroup<64 |  
\[ 2, 3, 4, 5, 6, 7, 8, 9, 10, 11, 12, 13, 14, 15, 16, 17, 18, 19, 20, 21, 22, 23, 24, 25, 26, 27, 28, 29, 30, 31, 32, 33, 34, 35, 36, 37, 38, 39, 40, 41, 42, 43, 44, 45, 46, 47, 48, 49, 50, 51, 52, 53, 54, 55, 56, 57, 58, 59, 60, 61, 62, 63, 64, 1 ],
\[ 2, 1, 3, 4, 5, 6, 7, 8, 9, 10, 11, 12, 13, 14, 15, 16, 17, 18, 19, 20, 21, 22, 23, 24, 25, 26, 27, 28, 29, 30, 31, 32, 33, 34, 35, 36, 37, 38, 39, 40, 41, 42, 43, 44, 45, 46, 47, 48, 49, 50, 51, 52, 53, 54, 55, 56, 57, 58, 59, 60, 61, 62, 63, 64 ]:
 Order := 126886932185884164103433389335161480802865516174545192198801894375214704230400000000000000 >) |
[ PermutationGroup<64 |  
\[ 2, 3, 4, 5, 6, 7, 8, 9, 10, 11, 12, 13, 14, 15, 16, 17, 18, 19, 20, 21, 22, 23, 24, 25, 26, 27, 28, 29, 30, 31, 32, 33, 34, 35, 36, 37, 38, 39, 40, 41, 42, 43, 44, 45, 46, 47, 48, 49, 50, 51, 52, 53, 54, 55, 56, 57, 58, 59, 60, 61, 62, 63, 64, 1 ],
\[ 2, 1, 3, 4, 5, 6, 7, 8, 9, 10, 11, 12, 13, 14, 15, 16, 17, 18, 19, 20, 21, 22, 23, 24, 25, 26, 27, 28, 29, 30, 31, 32, 33, 34, 35, 36, 37, 38, 39, 40, 41, 42, 43, 44, 45, 46, 47, 48, 49, 50, 51, 52, 53, 54, 55, 56, 57, 58, 59, 60, 61, 62, 63, 64 ]:
 Order := 126886932185884164103433389335161480802865516174545192198801894375214704230400000000000000 > |
[ 6, 1, 8, 7, 2, 5, 15, 12, 3, 4, 13, 9, 18, 16, 10, 17, 20, 19, 11, 14, 22, 23, 28, 25, 26, 27, 24, 21, 30, 31, 32, 29, 34, 35, 36, 33, 38, 39, 40, 37, 42, 43, 44, 41, 46, 47, 48, 45, 50, 51, 52, 49, 54, 55, 56, 53, 58, 59, 60, 57, 62, 63, 64, 61 ],
[ 3, 9, 11, 2, 12, 8, 1, 13, 19, 5, 21, 18, 22, 10, 6, 4, 7, 23, 28, 15, 29, 30, 31, 20, 14, 16, 17, 32, 37, 38, 39, 40, 27, 24, 25, 26, 45, 46, 47, 48, 36, 33, 34, 35, 53, 54, 55, 56, 44, 41, 42, 43, 61, 62, 63, 64, 52, 49, 50, 51, 60, 57, 58, 59 ],
[ 4, 10, 2, 14, 15, 7, 16, 1, 5, 20, 9, 6, 3, 24, 17, 25, 26, 8, 12, 27, 19, 11, 13, 33, 34, 35, 36, 18, 28, 21, 22, 23, 41, 42, 43, 44, 32, 29, 30, 31, 49, 50, 51, 52, 40, 37, 38, 39, 57, 58, 59, 60, 48, 45, 46, 47, 61, 62, 63, 64, 56, 53, 54, 55 ]
]
];
s`SolvableDBPassport := [ PowerSequence(PermutationGroup<64 |  
\[ 6, 1, 8, 7, 2, 5, 15, 12, 3, 4, 13, 9, 18, 16, 10, 17, 20, 19, 11, 14, 22, 23, 28, 25, 26, 27, 24, 21, 30, 31, 32, 29, 34, 35, 36, 33, 38, 39, 40, 37, 42, 43, 44, 41, 46, 47, 48, 45, 50, 51, 52, 49, 54, 55, 56, 53, 58, 59, 60, 57, 62, 63, 64, 61 ],
\[ 3, 9, 11, 2, 12, 8, 1, 13, 19, 5, 21, 18, 22, 10, 6, 4, 7, 23, 28, 15, 29, 30, 31, 20, 14, 16, 17, 32, 37, 38, 39, 40, 27, 24, 25, 26, 45, 46, 47, 48, 36, 33, 34, 35, 53, 54, 55, 56, 44, 41, 42, 43, 61, 62, 63, 64, 52, 49, 50, 51, 60, 57, 58, 59 ],
\[ 4, 10, 2, 14, 15, 7, 16, 1, 5, 20, 9, 6, 3, 24, 17, 25, 26, 8, 12, 27, 19, 11, 13, 33, 34, 35, 36, 18, 28, 21, 22, 23, 41, 42, 43, 44, 32, 29, 30, 31, 49, 50, 51, 52, 40, 37, 38, 39, 57, 58, 59, 60, 48, 45, 46, 47, 61, 62, 63, 64, 56, 53, 54, 55 ]:
 Order := 64 >) |
[ PermutationGroup<64 |  
\[ 6, 1, 8, 7, 2, 5, 15, 12, 3, 4, 13, 9, 18, 16, 10, 17, 20, 19, 11, 14, 22, 23, 28, 25, 26, 27, 24, 21, 30, 31, 32, 29, 34, 35, 36, 33, 38, 39, 40, 37, 42, 43, 44, 41, 46, 47, 48, 45, 50, 51, 52, 49, 54, 55, 56, 53, 58, 59, 60, 57, 62, 63, 64, 61 ],
\[ 3, 9, 11, 2, 12, 8, 1, 13, 19, 5, 21, 18, 22, 10, 6, 4, 7, 23, 28, 15, 29, 30, 31, 20, 14, 16, 17, 32, 37, 38, 39, 40, 27, 24, 25, 26, 45, 46, 47, 48, 36, 33, 34, 35, 53, 54, 55, 56, 44, 41, 42, 43, 61, 62, 63, 64, 52, 49, 50, 51, 60, 57, 58, 59 ],
\[ 4, 10, 2, 14, 15, 7, 16, 1, 5, 20, 9, 6, 3, 24, 17, 25, 26, 8, 12, 27, 19, 11, 13, 33, 34, 35, 36, 18, 28, 21, 22, 23, 41, 42, 43, 44, 32, 29, 30, 31, 49, 50, 51, 52, 40, 37, 38, 39, 57, 58, 59, 60, 48, 45, 46, 47, 61, 62, 63, 64, 56, 53, 54, 55 ]:
 Order := 64 > |
[ 30, 29, 38, 21, 32, 31, 22, 39, 37, 28, 46, 40, 47, 19, 23, 11, 13, 48, 45, 18, 54, 55, 56, 12, 9, 3, 8, 53, 62, 63, 64, 61, 6, 5, 2, 1, 57, 58, 59, 60, 7, 15, 10, 4, 52, 49, 50, 51, 16, 17, 20, 14, 43, 44, 41, 42, 25, 26, 27, 24, 34, 35, 36, 33 ],
[ 3, 9, 11, 2, 12, 8, 1, 13, 19, 5, 21, 18, 22, 10, 6, 4, 7, 23, 28, 15, 29, 30, 31, 20, 14, 16, 17, 32, 37, 38, 39, 40, 27, 24, 25, 26, 45, 46, 47, 48, 36, 33, 34, 35, 53, 54, 55, 56, 44, 41, 42, 43, 61, 62, 63, 64, 52, 49, 50, 51, 60, 57, 58, 59 ],
[ 41, 44, 36, 49, 43, 42, 50, 33, 35, 52, 26, 34, 27, 57, 51, 58, 59, 24, 25, 60, 16, 17, 20, 61, 62, 63, 64, 14, 4, 7, 15, 10, 56, 53, 54, 55, 2, 1, 6, 5, 47, 48, 45, 46, 9, 3, 8, 12, 38, 39, 40, 37, 19, 11, 13, 18, 29, 30, 31, 32, 28, 21, 22, 23 ]
]
];
s`SolvableDBPointedPassport := [ PowerSequence(PermutationGroup<64 |  
\[ 2, 3, 4, 5, 6, 7, 8, 9, 10, 11, 12, 13, 14, 15, 16, 17, 18, 19, 20, 21, 22, 23, 24, 25, 26, 27, 28, 29, 30, 31, 32, 33, 34, 35, 36, 37, 38, 39, 40, 41, 42, 43, 44, 45, 46, 47, 48, 49, 50, 51, 52, 53, 54, 55, 56, 57, 58, 59, 60, 61, 62, 63, 64, 1 ],
\[ 2, 1, 3, 4, 5, 6, 7, 8, 9, 10, 11, 12, 13, 14, 15, 16, 17, 18, 19, 20, 21, 22, 23, 24, 25, 26, 27, 28, 29, 30, 31, 32, 33, 34, 35, 36, 37, 38, 39, 40, 41, 42, 43, 44, 45, 46, 47, 48, 49, 50, 51, 52, 53, 54, 55, 56, 57, 58, 59, 60, 61, 62, 63, 64 ]:
 Order := 126886932185884164103433389335161480802865516174545192198801894375214704230400000000000000 >) |
[ PermutationGroup<64 |  
\[ 2, 3, 4, 5, 6, 7, 8, 9, 10, 11, 12, 13, 14, 15, 16, 17, 18, 19, 20, 21, 22, 23, 24, 25, 26, 27, 28, 29, 30, 31, 32, 33, 34, 35, 36, 37, 38, 39, 40, 41, 42, 43, 44, 45, 46, 47, 48, 49, 50, 51, 52, 53, 54, 55, 56, 57, 58, 59, 60, 61, 62, 63, 64, 1 ],
\[ 2, 1, 3, 4, 5, 6, 7, 8, 9, 10, 11, 12, 13, 14, 15, 16, 17, 18, 19, 20, 21, 22, 23, 24, 25, 26, 27, 28, 29, 30, 31, 32, 33, 34, 35, 36, 37, 38, 39, 40, 41, 42, 43, 44, 45, 46, 47, 48, 49, 50, 51, 52, 53, 54, 55, 56, 57, 58, 59, 60, 61, 62, 63, 64 ]:
 Order := 126886932185884164103433389335161480802865516174545192198801894375214704230400000000000000 > |
[ 32, 31, 40, 23, 30, 29, 28, 37, 39, 22, 48, 38, 45, 13, 21, 18, 19, 46, 47, 11, 56, 53, 54, 3, 8, 12, 9, 55, 64, 61, 62, 63, 2, 1, 6, 5, 59, 60, 57, 58, 10, 4, 7, 15, 50, 51, 52, 49, 20, 14, 16, 17, 41, 42, 43, 44, 27, 24, 25, 26, 36, 33, 34, 35 ],
[ 3, 9, 11, 2, 12, 8, 1, 13, 19, 5, 21, 18, 22, 10, 6, 4, 7, 23, 28, 15, 29, 30, 31, 20, 14, 16, 17, 32, 37, 38, 39, 40, 27, 24, 25, 26, 45, 46, 47, 48, 36, 33, 34, 35, 53, 54, 55, 56, 44, 41, 42, 43, 61, 62, 63, 64, 52, 49, 50, 51, 60, 57, 58, 59 ],
[ 43, 42, 34, 51, 41, 44, 52, 35, 33, 50, 24, 36, 25, 59, 49, 60, 57, 26, 27, 58, 20, 14, 16, 63, 64, 61, 62, 17, 15, 10, 4, 7, 54, 55, 56, 53, 6, 5, 2, 1, 45, 46, 47, 48, 8, 12, 9, 3, 40, 37, 38, 39, 13, 18, 19, 11, 31, 32, 29, 30, 22, 23, 28, 21 ]
]
];
s`SolvableDBMonodromyGroup := PermutationGroup<64 |  
\[ 6, 1, 8, 7, 2, 5, 15, 12, 3, 4, 13, 9, 18, 16, 10, 17, 20, 19, 11, 14, 22, 23, 28, 25, 26, 27, 24, 21, 30, 31, 32, 29, 34, 35, 36, 33, 38, 39, 40, 37, 42, 43, 44, 41, 46, 47, 48, 45, 50, 51, 52, 49, 54, 55, 56, 53, 58, 59, 60, 57, 62, 63, 64, 61 ],
\[ 3, 9, 11, 2, 12, 8, 1, 13, 19, 5, 21, 18, 22, 10, 6, 4, 7, 23, 28, 15, 29, 30, 31, 20, 14, 16, 17, 32, 37, 38, 39, 40, 27, 24, 25, 26, 45, 46, 47, 48, 36, 33, 34, 35, 53, 54, 55, 56, 44, 41, 42, 43, 61, 62, 63, 64, 52, 49, 50, 51, 60, 57, 58, 59 ],
\[ 4, 10, 2, 14, 15, 7, 16, 1, 5, 20, 9, 6, 3, 24, 17, 25, 26, 8, 12, 27, 19, 11, 13, 33, 34, 35, 36, 18, 28, 21, 22, 23, 41, 42, 43, 44, 32, 29, 30, 31, 49, 50, 51, 52, 40, 37, 38, 39, 57, 58, 59, 60, 48, 45, 46, 47, 61, 62, 63, 64, 56, 53, 54, 55 ] >;
s`SolvableDBAutomorphismGroup := PermutationGroup<64 |  
\[ 61, 64, 60, 56, 63, 62, 53, 57, 59, 55, 51, 58, 52, 47, 54, 48, 45, 49, 50, 46, 42, 43, 44, 38, 39, 40, 37, 41, 33, 34, 35, 36, 29, 30, 31, 32, 27, 24, 25, 26, 28, 21, 22, 23, 17, 20, 14, 16, 18, 19, 11, 13, 7, 15, 10, 4, 8, 12, 9, 3, 1, 6, 5, 2 ],
\[ 60, 59, 51, 64, 58, 57, 61, 52, 50, 63, 42, 49, 43, 55, 62, 56, 53, 44, 41, 54, 33, 34, 35, 46, 47, 48, 45, 36, 27, 24, 25, 26, 37, 38, 39, 40, 17, 20, 14, 16, 32, 29, 30, 31, 7, 15, 10, 4, 23, 28, 21, 22, 1, 6, 5, 2, 13, 18, 19, 11, 3, 8, 12, 9 ],
\[ 64, 63, 59, 55, 62, 61, 56, 60, 58, 54, 50, 57, 51, 46, 53, 47, 48, 52, 49, 45, 41, 42, 43, 37, 38, 39, 40, 44, 36, 33, 34, 35, 32, 29, 30, 31, 26, 27, 24, 25, 23, 28, 21, 22, 16, 17, 20, 14, 13, 18, 19, 11, 4, 7, 15, 10, 3, 8, 12, 9, 2, 1, 6, 5 ]:
 Order := 64 >;
s`SolvableDBPointedAutomorphismGroup := PermutationGroup<64 |  
\[ 6, 1, 8, 7, 2, 5, 15, 12, 3, 4, 13, 9, 18, 16, 10, 17, 20, 19, 11, 14, 22, 23, 28, 25, 26, 27, 24, 21, 30, 31, 32, 29, 34, 35, 36, 33, 38, 39, 40, 37, 42, 43, 44, 41, 46, 47, 48, 45, 50, 51, 52, 49, 54, 55, 56, 53, 58, 59, 60, 57, 62, 63, 64, 61 ]:
 Order := 4 >;
s`SolvableDBPathToPP1 := [ Strings() | "PP1", "2T1-1,2,2-g0-path1-computed", "4T1-2,4,4-g1-path1-notcomputed", "8T2-2,4,4-g1-path2-notcomputed", "16T5-2,8,8-g3-path5-notcomputed", "32S16-2,16,16-g7-path4-notcomputed", "64S26-4,16,16-g21-path2-notcomputed" ];
s`SolvableDBChild := "32S16-2,16,16-g7-path4-notcomputed";

/*
Return for eval
*/

return s;
