s := SolvableDBInitialize();

/*
Magma printing
*/

s`SolvableDBName := "64S25-8,8,4-g17-path75";
s`SolvableDBFilename := "64S25-8,8,4-g17-path75.m";
s`SolvableDBPassportName := "64S25-8,8,4-g17";
s`SolvableDBPathNumber := 75;
s`SolvableDBDegree := 64;
s`SolvableDBOrders := \[ 8, 8, 4 ];
s`SolvableDBType := "Hyperbolic";
s`SolvableDBGenus := 17;
s`SolvableDBGaloisOrbitSize := 1;
s`SolvableDBPassportSize := 2;
s`SolvableDBPointedPassportSize := 2;
s`SolvableDBLevel := 6;
s`SolvableDBBlocks := {@ PowerSet(IntegerRing()) |
{ IntegerRing() | 1, 5 },
{ IntegerRing() | 2, 11 },
{ IntegerRing() | 3, 16 },
{ IntegerRing() | 4, 21 },
{ IntegerRing() | 6, 24 },
{ IntegerRing() | 7, 25 },
{ IntegerRing() | 8, 26 },
{ IntegerRing() | 9, 29 },
{ IntegerRing() | 10, 42 },
{ IntegerRing() | 12, 44 },
{ IntegerRing() | 13, 45 },
{ IntegerRing() | 14, 34 },
{ IntegerRing() | 15, 52 },
{ IntegerRing() | 17, 39 },
{ IntegerRing() | 18, 40 },
{ IntegerRing() | 19, 59 },
{ IntegerRing() | 20, 49 },
{ IntegerRing() | 22, 46 },
{ IntegerRing() | 23, 62 },
{ IntegerRing() | 27, 48 },
{ IntegerRing() | 28, 38 },
{ IntegerRing() | 30, 63 },
{ IntegerRing() | 31, 51 },
{ IntegerRing() | 32, 61 },
{ IntegerRing() | 33, 54 },
{ IntegerRing() | 35, 55 },
{ IntegerRing() | 36, 64 },
{ IntegerRing() | 37, 60 },
{ IntegerRing() | 41, 58 },
{ IntegerRing() | 43, 57 },
{ IntegerRing() | 47, 56 },
{ IntegerRing() | 50, 53 }
@};
s`SolvableDBIsRamifiedAtEveryLevel := false;
s`SolvableDBGaloisOrbit := [ PowerSequence(PermutationGroup<64 |  
\[ 2, 3, 4, 5, 6, 7, 8, 9, 10, 11, 12, 13, 14, 15, 16, 17, 18, 19, 20, 21, 22, 23, 24, 25, 26, 27, 28, 29, 30, 31, 32, 33, 34, 35, 36, 37, 38, 39, 40, 41, 42, 43, 44, 45, 46, 47, 48, 49, 50, 51, 52, 53, 54, 55, 56, 57, 58, 59, 60, 61, 62, 63, 64, 1 ],
\[ 2, 1, 3, 4, 5, 6, 7, 8, 9, 10, 11, 12, 13, 14, 15, 16, 17, 18, 19, 20, 21, 22, 23, 24, 25, 26, 27, 28, 29, 30, 31, 32, 33, 34, 35, 36, 37, 38, 39, 40, 41, 42, 43, 44, 45, 46, 47, 48, 49, 50, 51, 52, 53, 54, 55, 56, 57, 58, 59, 60, 61, 62, 63, 64 ]:
 Order := 126886932185884164103433389335161480802865516174545192198801894375214704230400000000000000 >) |
[ PermutationGroup<64 |  
\[ 2, 3, 4, 5, 6, 7, 8, 9, 10, 11, 12, 13, 14, 15, 16, 17, 18, 19, 20, 21, 22, 23, 24, 25, 26, 27, 28, 29, 30, 31, 32, 33, 34, 35, 36, 37, 38, 39, 40, 41, 42, 43, 44, 45, 46, 47, 48, 49, 50, 51, 52, 53, 54, 55, 56, 57, 58, 59, 60, 61, 62, 63, 64, 1 ],
\[ 2, 1, 3, 4, 5, 6, 7, 8, 9, 10, 11, 12, 13, 14, 15, 16, 17, 18, 19, 20, 21, 22, 23, 24, 25, 26, 27, 28, 29, 30, 31, 32, 33, 34, 35, 36, 37, 38, 39, 40, 41, 42, 43, 44, 45, 46, 47, 48, 49, 50, 51, 52, 53, 54, 55, 56, 57, 58, 59, 60, 61, 62, 63, 64 ]:
 Order := 126886932185884164103433389335161480802865516174545192198801894375214704230400000000000000 > |
[ 2, 9, 8, 19, 11, 1, 31, 35, 24, 13, 29, 46, 48, 18, 41, 26, 3, 57, 12, 61, 59, 4, 14, 5, 51, 55, 30, 33, 6, 10, 38, 56, 7, 40, 39, 20, 50, 54, 16, 43, 37, 45, 23, 22, 27, 21, 64, 63, 32, 52, 28, 58, 15, 25, 17, 36, 62, 60, 44, 53, 47, 34, 42, 49 ],
[ 3, 10, 14, 6, 16, 27, 1, 36, 35, 40, 42, 2, 49, 25, 17, 34, 32, 12, 58, 22, 24, 50, 4, 48, 5, 64, 62, 29, 55, 47, 60, 33, 52, 7, 57, 31, 8, 9, 61, 44, 30, 18, 38, 11, 20, 53, 19, 23, 46, 13, 37, 39, 45, 15, 43, 59, 28, 63, 41, 26, 54, 21, 56, 51 ],
[ 4, 7, 15, 20, 21, 28, 32, 1, 12, 41, 25, 47, 2, 48, 46, 52, 29, 3, 23, 8, 49, 40, 55, 38, 61, 5, 53, 64, 44, 6, 34, 13, 57, 27, 37, 63, 59, 36, 9, 16, 54, 58, 10, 56, 11, 18, 39, 50, 26, 51, 14, 22, 31, 43, 60, 17, 42, 33, 62, 19, 45, 35, 24, 30 ]
]
];
s`SolvableDBPassport := [ PowerSequence(PermutationGroup<64 |  
\[ 2, 9, 8, 19, 11, 1, 31, 35, 24, 13, 29, 46, 48, 18, 41, 26, 3, 57, 12, 61, 59, 4, 14, 5, 51, 55, 30, 33, 6, 10, 38, 56, 7, 40, 39, 20, 50, 54, 16, 43, 37, 45, 23, 22, 27, 21, 64, 63, 32, 52, 28, 58, 15, 25, 17, 36, 62, 60, 44, 53, 47, 34, 42, 49 ],
\[ 3, 10, 14, 6, 16, 27, 1, 36, 35, 40, 42, 2, 49, 25, 17, 34, 32, 12, 58, 22, 24, 50, 4, 48, 5, 64, 62, 29, 55, 47, 60, 33, 52, 7, 57, 31, 8, 9, 61, 44, 30, 18, 38, 11, 20, 53, 19, 23, 46, 13, 37, 39, 45, 15, 43, 59, 28, 63, 41, 26, 54, 21, 56, 51 ],
\[ 4, 7, 15, 20, 21, 28, 32, 1, 12, 41, 25, 47, 2, 48, 46, 52, 29, 3, 23, 8, 49, 40, 55, 38, 61, 5, 53, 64, 44, 6, 34, 13, 57, 27, 37, 63, 59, 36, 9, 16, 54, 58, 10, 56, 11, 18, 39, 50, 26, 51, 14, 22, 31, 43, 60, 17, 42, 33, 62, 19, 45, 35, 24, 30 ]:
 Order := 64 >) |
[ PermutationGroup<64 |  
\[ 2, 9, 8, 19, 11, 1, 31, 35, 24, 13, 29, 46, 48, 18, 41, 26, 3, 57, 12, 61, 59, 4, 14, 5, 51, 55, 30, 33, 6, 10, 38, 56, 7, 40, 39, 20, 50, 54, 16, 43, 37, 45, 23, 22, 27, 21, 64, 63, 32, 52, 28, 58, 15, 25, 17, 36, 62, 60, 44, 53, 47, 34, 42, 49 ],
\[ 3, 10, 14, 6, 16, 27, 1, 36, 35, 40, 42, 2, 49, 25, 17, 34, 32, 12, 58, 22, 24, 50, 4, 48, 5, 64, 62, 29, 55, 47, 60, 33, 52, 7, 57, 31, 8, 9, 61, 44, 30, 18, 38, 11, 20, 53, 19, 23, 46, 13, 37, 39, 45, 15, 43, 59, 28, 63, 41, 26, 54, 21, 56, 51 ],
\[ 4, 7, 15, 20, 21, 28, 32, 1, 12, 41, 25, 47, 2, 48, 46, 52, 29, 3, 23, 8, 49, 40, 55, 38, 61, 5, 53, 64, 44, 6, 34, 13, 57, 27, 37, 63, 59, 36, 9, 16, 54, 58, 10, 56, 11, 18, 39, 50, 26, 51, 14, 22, 31, 43, 60, 17, 42, 33, 62, 19, 45, 35, 24, 30 ]:
 Order := 64 > |
[ 2, 9, 8, 19, 11, 1, 31, 35, 24, 13, 29, 46, 48, 18, 41, 26, 3, 57, 12, 61, 59, 4, 14, 5, 51, 55, 30, 33, 6, 10, 38, 56, 7, 40, 39, 20, 50, 54, 16, 43, 37, 45, 23, 22, 27, 21, 64, 63, 32, 52, 28, 58, 15, 25, 17, 36, 62, 60, 44, 53, 47, 34, 42, 49 ],
[ 3, 10, 14, 6, 16, 27, 1, 36, 35, 40, 42, 2, 49, 25, 17, 34, 32, 12, 58, 22, 24, 50, 4, 48, 5, 64, 62, 29, 55, 47, 60, 33, 52, 7, 57, 31, 8, 9, 61, 44, 30, 18, 38, 11, 20, 53, 19, 23, 46, 13, 37, 39, 45, 15, 43, 59, 28, 63, 41, 26, 54, 21, 56, 51 ],
[ 4, 7, 15, 20, 21, 28, 32, 1, 12, 41, 25, 47, 2, 48, 46, 52, 29, 3, 23, 8, 49, 40, 55, 38, 61, 5, 53, 64, 44, 6, 34, 13, 57, 27, 37, 63, 59, 36, 9, 16, 54, 58, 10, 56, 11, 18, 39, 50, 26, 51, 14, 22, 31, 43, 60, 17, 42, 33, 62, 19, 45, 35, 24, 30 ]
],
[ PermutationGroup<64 |  
\[ 2, 9, 8, 19, 11, 1, 31, 35, 24, 13, 29, 46, 48, 18, 41, 26, 3, 57, 12, 61, 59, 4, 14, 5, 51, 55, 30, 33, 6, 10, 38, 56, 7, 40, 39, 20, 50, 54, 16, 43, 37, 45, 23, 22, 27, 21, 64, 63, 32, 52, 28, 58, 15, 25, 17, 36, 62, 60, 44, 53, 47, 34, 42, 49 ],
\[ 3, 10, 14, 6, 16, 27, 1, 36, 35, 40, 42, 2, 49, 25, 17, 34, 32, 12, 58, 22, 24, 50, 4, 48, 5, 64, 62, 29, 55, 47, 60, 33, 52, 7, 57, 31, 8, 9, 61, 44, 30, 18, 38, 11, 20, 53, 19, 23, 46, 13, 37, 39, 45, 15, 43, 59, 28, 63, 41, 26, 54, 21, 56, 51 ],
\[ 4, 7, 15, 20, 21, 28, 32, 1, 12, 41, 25, 47, 2, 48, 46, 52, 29, 3, 23, 8, 49, 40, 55, 38, 61, 5, 53, 64, 44, 6, 34, 13, 57, 27, 37, 63, 59, 36, 9, 16, 54, 58, 10, 56, 11, 18, 39, 50, 26, 51, 14, 22, 31, 43, 60, 17, 42, 33, 62, 19, 45, 35, 24, 30 ]:
 Order := 64 > |
[ 3, 10, 14, 6, 16, 27, 1, 36, 35, 40, 42, 2, 49, 25, 17, 34, 32, 12, 58, 22, 24, 50, 4, 48, 5, 64, 62, 29, 55, 47, 60, 33, 52, 7, 57, 31, 8, 9, 61, 44, 30, 18, 38, 11, 20, 53, 19, 23, 46, 13, 37, 39, 45, 15, 43, 59, 28, 63, 41, 26, 54, 21, 56, 51 ],
[ 2, 9, 8, 19, 11, 1, 31, 35, 24, 13, 29, 46, 48, 18, 41, 26, 3, 57, 12, 61, 59, 4, 14, 5, 51, 55, 30, 33, 6, 10, 38, 56, 7, 40, 39, 20, 50, 54, 16, 43, 37, 45, 23, 22, 27, 21, 64, 63, 32, 52, 28, 58, 15, 25, 17, 36, 62, 60, 44, 53, 47, 34, 42, 49 ],
[ 33, 19, 6, 43, 54, 22, 62, 41, 31, 1, 59, 14, 37, 17, 38, 24, 53, 63, 61, 42, 57, 36, 13, 46, 23, 58, 29, 18, 51, 15, 56, 55, 49, 39, 2, 3, 25, 40, 50, 30, 21, 5, 26, 34, 60, 64, 27, 9, 10, 44, 47, 28, 12, 20, 11, 48, 8, 4, 32, 7, 35, 45, 52, 16 ]
]
];
s`SolvableDBPointedPassport := [ PowerSequence(PermutationGroup<64 |  
\[ 2, 3, 4, 5, 6, 7, 8, 9, 10, 11, 12, 13, 14, 15, 16, 17, 18, 19, 20, 21, 22, 23, 24, 25, 26, 27, 28, 29, 30, 31, 32, 33, 34, 35, 36, 37, 38, 39, 40, 41, 42, 43, 44, 45, 46, 47, 48, 49, 50, 51, 52, 53, 54, 55, 56, 57, 58, 59, 60, 61, 62, 63, 64, 1 ],
\[ 2, 1, 3, 4, 5, 6, 7, 8, 9, 10, 11, 12, 13, 14, 15, 16, 17, 18, 19, 20, 21, 22, 23, 24, 25, 26, 27, 28, 29, 30, 31, 32, 33, 34, 35, 36, 37, 38, 39, 40, 41, 42, 43, 44, 45, 46, 47, 48, 49, 50, 51, 52, 53, 54, 55, 56, 57, 58, 59, 60, 61, 62, 63, 64 ]:
 Order := 126886932185884164103433389335161480802865516174545192198801894375214704230400000000000000 >) |
[ PermutationGroup<64 |  
\[ 2, 3, 4, 5, 6, 7, 8, 9, 10, 11, 12, 13, 14, 15, 16, 17, 18, 19, 20, 21, 22, 23, 24, 25, 26, 27, 28, 29, 30, 31, 32, 33, 34, 35, 36, 37, 38, 39, 40, 41, 42, 43, 44, 45, 46, 47, 48, 49, 50, 51, 52, 53, 54, 55, 56, 57, 58, 59, 60, 61, 62, 63, 64, 1 ],
\[ 2, 1, 3, 4, 5, 6, 7, 8, 9, 10, 11, 12, 13, 14, 15, 16, 17, 18, 19, 20, 21, 22, 23, 24, 25, 26, 27, 28, 29, 30, 31, 32, 33, 34, 35, 36, 37, 38, 39, 40, 41, 42, 43, 44, 45, 46, 47, 48, 49, 50, 51, 52, 53, 54, 55, 56, 57, 58, 59, 60, 61, 62, 63, 64 ]:
 Order := 126886932185884164103433389335161480802865516174545192198801894375214704230400000000000000 > |
[ 60, 53, 10, 25, 37, 58, 44, 13, 15, 35, 50, 28, 39, 36, 5, 42, 30, 20, 51, 62, 7, 54, 56, 41, 12, 45, 3, 21, 52, 8, 22, 14, 59, 64, 48, 57, 29, 4, 63, 49, 11, 55, 32, 38, 17, 33, 40, 16, 23, 6, 46, 1, 24, 19, 27, 18, 61, 2, 31, 9, 34, 47, 26, 43 ],
[ 63, 26, 47, 15, 30, 39, 41, 40, 45, 36, 8, 37, 57, 59, 48, 56, 62, 31, 5, 28, 52, 9, 33, 17, 58, 18, 32, 53, 13, 14, 11, 4, 24, 19, 49, 12, 42, 50, 23, 51, 16, 64, 46, 60, 43, 29, 7, 61, 38, 55, 2, 27, 35, 6, 20, 25, 22, 3, 1, 10, 21, 54, 34, 44 ],
[ 21, 25, 52, 49, 4, 38, 61, 5, 44, 58, 7, 56, 11, 27, 22, 15, 9, 16, 62, 26, 20, 18, 35, 28, 32, 1, 50, 36, 12, 24, 14, 45, 43, 48, 60, 30, 19, 64, 29, 3, 33, 41, 42, 47, 2, 40, 17, 53, 8, 31, 34, 46, 51, 57, 37, 39, 10, 54, 23, 59, 13, 55, 6, 63 ]
],
[ PermutationGroup<64 |  
\[ 2, 3, 4, 5, 6, 7, 8, 9, 10, 11, 12, 13, 14, 15, 16, 17, 18, 19, 20, 21, 22, 23, 24, 25, 26, 27, 28, 29, 30, 31, 32, 33, 34, 35, 36, 37, 38, 39, 40, 41, 42, 43, 44, 45, 46, 47, 48, 49, 50, 51, 52, 53, 54, 55, 56, 57, 58, 59, 60, 61, 62, 63, 64, 1 ],
\[ 2, 1, 3, 4, 5, 6, 7, 8, 9, 10, 11, 12, 13, 14, 15, 16, 17, 18, 19, 20, 21, 22, 23, 24, 25, 26, 27, 28, 29, 30, 31, 32, 33, 34, 35, 36, 37, 38, 39, 40, 41, 42, 43, 44, 45, 46, 47, 48, 49, 50, 51, 52, 53, 54, 55, 56, 57, 58, 59, 60, 61, 62, 63, 64 ]:
 Order := 126886932185884164103433389335161480802865516174545192198801894375214704230400000000000000 > |
[ 16, 42, 34, 24, 3, 48, 5, 64, 55, 18, 10, 11, 20, 7, 39, 14, 61, 44, 41, 46, 6, 53, 21, 27, 1, 36, 23, 9, 35, 56, 37, 54, 15, 25, 43, 51, 26, 29, 32, 12, 63, 40, 28, 2, 49, 50, 59, 62, 22, 45, 60, 17, 13, 52, 57, 19, 38, 30, 58, 8, 33, 4, 47, 31 ],
[ 60, 53, 10, 25, 37, 58, 44, 13, 15, 35, 50, 28, 39, 36, 5, 42, 30, 20, 51, 62, 7, 54, 56, 41, 12, 45, 3, 21, 52, 8, 22, 14, 59, 64, 48, 57, 29, 4, 63, 49, 11, 55, 32, 38, 17, 33, 40, 16, 23, 6, 46, 1, 24, 19, 27, 18, 61, 2, 31, 9, 34, 47, 26, 43 ],
[ 4, 7, 15, 20, 21, 28, 32, 1, 12, 41, 25, 47, 2, 48, 46, 52, 29, 3, 23, 8, 49, 40, 55, 38, 61, 5, 53, 64, 44, 6, 34, 13, 57, 27, 37, 63, 59, 36, 9, 16, 54, 58, 10, 56, 11, 18, 39, 50, 26, 51, 14, 22, 31, 43, 60, 17, 42, 33, 62, 19, 45, 35, 24, 30 ]
]
];
s`SolvableDBMonodromyGroup := PermutationGroup<64 |  
\[ 2, 9, 8, 19, 11, 1, 31, 35, 24, 13, 29, 46, 48, 18, 41, 26, 3, 57, 12, 61, 59, 4, 14, 5, 51, 55, 30, 33, 6, 10, 38, 56, 7, 40, 39, 20, 50, 54, 16, 43, 37, 45, 23, 22, 27, 21, 64, 63, 32, 52, 28, 58, 15, 25, 17, 36, 62, 60, 44, 53, 47, 34, 42, 49 ],
\[ 3, 10, 14, 6, 16, 27, 1, 36, 35, 40, 42, 2, 49, 25, 17, 34, 32, 12, 58, 22, 24, 50, 4, 48, 5, 64, 62, 29, 55, 47, 60, 33, 52, 7, 57, 31, 8, 9, 61, 44, 30, 18, 38, 11, 20, 53, 19, 23, 46, 13, 37, 39, 45, 15, 43, 59, 28, 63, 41, 26, 54, 21, 56, 51 ],
\[ 4, 7, 15, 20, 21, 28, 32, 1, 12, 41, 25, 47, 2, 48, 46, 52, 29, 3, 23, 8, 49, 40, 55, 38, 61, 5, 53, 64, 44, 6, 34, 13, 57, 27, 37, 63, 59, 36, 9, 16, 54, 58, 10, 56, 11, 18, 39, 50, 26, 51, 14, 22, 31, 43, 60, 17, 42, 33, 62, 19, 45, 35, 24, 30 ] >;
s`SolvableDBAutomorphismGroup := PermutationGroup<64 |  
\[ 29, 6, 55, 44, 9, 11, 28, 17, 1, 27, 24, 4, 30, 43, 60, 35, 26, 23, 22, 56, 12, 59, 40, 2, 38, 39, 42, 25, 5, 45, 33, 64, 51, 57, 3, 32, 15, 7, 8, 62, 53, 48, 34, 21, 63, 19, 20, 10, 47, 41, 54, 37, 58, 31, 16, 49, 14, 50, 46, 52, 36, 18, 13, 61 ],
\[ 2, 9, 10, 7, 11, 1, 12, 13, 24, 35, 29, 38, 39, 40, 41, 42, 30, 43, 31, 32, 25, 33, 34, 5, 44, 45, 3, 4, 6, 8, 46, 47, 19, 18, 48, 49, 50, 21, 63, 57, 37, 55, 62, 28, 17, 54, 36, 16, 61, 52, 22, 58, 15, 59, 27, 64, 23, 60, 51, 53, 56, 14, 26, 20 ],
\[ 62, 34, 21, 35, 23, 57, 27, 59, 40, 7, 14, 16, 31, 24, 49, 4, 46, 5, 39, 37, 55, 8, 9, 43, 48, 19, 28, 42, 18, 33, 30, 53, 45, 6, 44, 41, 56, 10, 22, 1, 32, 25, 2, 3, 51, 26, 52, 38, 60, 36, 63, 20, 64, 13, 12, 15, 11, 61, 17, 47, 50, 29, 54, 58 ],
\[ 3, 8, 14, 15, 16, 17, 1, 18, 35, 36, 26, 37, 20, 25, 48, 34, 23, 51, 41, 46, 52, 53, 54, 39, 5, 40, 32, 29, 55, 56, 2, 4, 6, 7, 57, 12, 42, 9, 62, 31, 63, 64, 38, 60, 49, 50, 59, 61, 22, 45, 11, 27, 13, 24, 43, 19, 28, 30, 58, 10, 21, 33, 47, 44 ]:
 Order := 64 >;
s`SolvableDBPointedAutomorphismGroup := PermutationGroup<64 |  
\[ 9, 24, 35, 12, 29, 2, 38, 39, 5, 48, 6, 21, 63, 57, 37, 55, 8, 62, 46, 47, 44, 19, 18, 11, 28, 17, 10, 7, 1, 13, 54, 36, 31, 43, 16, 61, 52, 25, 26, 23, 50, 27, 14, 4, 30, 59, 49, 42, 56, 58, 33, 60, 41, 51, 3, 20, 34, 53, 22, 15, 64, 40, 45, 32 ],
\[ 6, 1, 27, 28, 24, 29, 4, 30, 2, 3, 5, 7, 8, 62, 53, 48, 45, 34, 33, 64, 38, 51, 57, 9, 21, 63, 55, 44, 11, 17, 19, 20, 22, 23, 10, 47, 41, 12, 13, 14, 15, 16, 18, 25, 26, 31, 32, 35, 36, 37, 59, 50, 60, 46, 42, 61, 40, 52, 54, 58, 49, 43, 39, 56 ]:
 Order := 8 >;
s`SolvableDBPathToPP1 := [ Strings() | "PP1", "2T1-1,2,2-g0-path1", "4T1-2,4,4-g1-path1", "8T2-2,4,4-g1-path2", "16T4-4,4,4-g3-path5", "32S2-4,4,4-g5-path40", "64S25-8,8,4-g17-path75" ];
s`SolvableDBParents := [ Strings() | "128S33-8,8,8-g41-path2046", "128S39-8,8,8-g41-path639", "128S13-8,8,8-g41-path1011", "128S19-8,8,8-g41-path1434", "128S15-8,8,8-g41-path2310", "128S23-8,8,8-g41-path1434", "128S34-8,8,8-g41-path1566", "128S40-8,8,8-g41-path330", "128S18-8,8,4-g33-path534", "128S32-8,8,4-g33-path418", "128S38-8,8,4-g33-path109", "128S35-8,8,4-g33-path578", "128S37-8,8,4-g33-path418", "128S14-8,8,4-g33-path666", "128S20-8,8,4-g33-path374" ];
s`SolvableDBChild := "32S2-4,4,4-g5-path40";

/*
Return for eval
*/

return s;
