s := SolvableDBInitialize();

/*
Magma printing
*/

s`SolvableDBName := "64S27-16,4,16-g21-path1-notcomputed";
s`SolvableDBFilename := "64S27-16,4,16-g21-path1-notcomputed.m";
s`SolvableDBPassportName := "64S27-16,4,16-g21";
s`SolvableDBPathNumber := 1;
s`SolvableDBDegree := 64;
s`SolvableDBOrders := \[ 16, 4, 16 ];
s`SolvableDBType := "Hyperbolic";
s`SolvableDBGenus := 21;
s`SolvableDBGaloisOrbitSize := 1;
s`SolvableDBPassportSize := 1;
s`SolvableDBPointedPassportSize := 1;
s`SolvableDBLevel := 6;
s`SolvableDBBlocks := {@ PowerSet(IntegerRing()) |
{ IntegerRing() | 1, 5 },
{ IntegerRing() | 2, 11 },
{ IntegerRing() | 3, 7 },
{ IntegerRing() | 4, 20 },
{ IntegerRing() | 6, 18 },
{ IntegerRing() | 8, 14 },
{ IntegerRing() | 9, 33 },
{ IntegerRing() | 10, 12 },
{ IntegerRing() | 13, 35 },
{ IntegerRing() | 15, 25 },
{ IntegerRing() | 16, 26 },
{ IntegerRing() | 17, 24 },
{ IntegerRing() | 19, 45 },
{ IntegerRing() | 21, 41 },
{ IntegerRing() | 22, 43 },
{ IntegerRing() | 23, 42 },
{ IntegerRing() | 27, 32 },
{ IntegerRing() | 28, 29 },
{ IntegerRing() | 30, 39 },
{ IntegerRing() | 31, 51 },
{ IntegerRing() | 34, 55 },
{ IntegerRing() | 36, 37 },
{ IntegerRing() | 38, 52 },
{ IntegerRing() | 40, 57 },
{ IntegerRing() | 44, 49 },
{ IntegerRing() | 46, 62 },
{ IntegerRing() | 47, 50 },
{ IntegerRing() | 48, 61 },
{ IntegerRing() | 53, 59 },
{ IntegerRing() | 54, 64 },
{ IntegerRing() | 56, 60 },
{ IntegerRing() | 58, 63 }
@};
s`SolvableDBIsRamifiedAtEveryLevel := false;
s`SolvableDBGaloisOrbit := [ PowerSequence(PermutationGroup<64 |  
\[ 2, 3, 4, 5, 6, 7, 8, 9, 10, 11, 12, 13, 14, 15, 16, 17, 18, 19, 20, 21, 22, 23, 24, 25, 26, 27, 28, 29, 30, 31, 32, 33, 34, 35, 36, 37, 38, 39, 40, 41, 42, 43, 44, 45, 46, 47, 48, 49, 50, 51, 52, 53, 54, 55, 56, 57, 58, 59, 60, 61, 62, 63, 64, 1 ],
\[ 2, 1, 3, 4, 5, 6, 7, 8, 9, 10, 11, 12, 13, 14, 15, 16, 17, 18, 19, 20, 21, 22, 23, 24, 25, 26, 27, 28, 29, 30, 31, 32, 33, 34, 35, 36, 37, 38, 39, 40, 41, 42, 43, 44, 45, 46, 47, 48, 49, 50, 51, 52, 53, 54, 55, 56, 57, 58, 59, 60, 61, 62, 63, 64 ]:
 Order := 126886932185884164103433389335161480802865516174545192198801894375214704230400000000000000 >) |
[ PermutationGroup<64 |  
\[ 2, 3, 4, 5, 6, 7, 8, 9, 10, 11, 12, 13, 14, 15, 16, 17, 18, 19, 20, 21, 22, 23, 24, 25, 26, 27, 28, 29, 30, 31, 32, 33, 34, 35, 36, 37, 38, 39, 40, 41, 42, 43, 44, 45, 46, 47, 48, 49, 50, 51, 52, 53, 54, 55, 56, 57, 58, 59, 60, 61, 62, 63, 64, 1 ],
\[ 2, 1, 3, 4, 5, 6, 7, 8, 9, 10, 11, 12, 13, 14, 15, 16, 17, 18, 19, 20, 21, 22, 23, 24, 25, 26, 27, 28, 29, 30, 31, 32, 33, 34, 35, 36, 37, 38, 39, 40, 41, 42, 43, 44, 45, 46, 47, 48, 49, 50, 51, 52, 53, 54, 55, 56, 57, 58, 59, 60, 61, 62, 63, 64 ]:
 Order := 126886932185884164103433389335161480802865516174545192198801894375214704230400000000000000 > |
[ 11, 33, 8, 24, 2, 5, 14, 32, 51, 13, 9, 35, 52, 27, 37, 7, 12, 1, 25, 17, 20, 26, 18, 10, 36, 3, 55, 30, 39, 57, 59, 34, 31, 60, 38, 28, 29, 64, 40, 63, 4, 6, 16, 22, 15, 45, 23, 41, 43, 42, 53, 54, 46, 49, 56, 48, 58, 50, 62, 61, 21, 19, 47, 44 ],
[ 3, 10, 5, 18, 7, 4, 1, 28, 32, 11, 12, 2, 39, 29, 26, 15, 36, 20, 41, 6, 19, 42, 22, 37, 16, 25, 9, 14, 8, 13, 52, 33, 27, 57, 30, 24, 17, 31, 35, 34, 45, 43, 23, 62, 21, 44, 61, 47, 46, 48, 38, 51, 60, 63, 40, 53, 55, 54, 56, 59, 50, 49, 64, 58 ],
[ 4, 3, 15, 19, 20, 22, 25, 1, 10, 36, 7, 37, 2, 5, 41, 42, 18, 43, 44, 45, 47, 46, 48, 6, 21, 23, 28, 17, 24, 8, 32, 29, 12, 9, 11, 26, 16, 39, 14, 13, 50, 61, 62, 63, 49, 56, 54, 59, 58, 64, 27, 30, 52, 31, 33, 57, 35, 34, 38, 40, 53, 60, 55, 51 ]
]
];
s`SolvableDBPassport := [ PowerSequence(PermutationGroup<64 |  
\[ 11, 33, 8, 24, 2, 5, 14, 32, 51, 13, 9, 35, 52, 27, 37, 7, 12, 1, 25, 17, 20, 26, 18, 10, 36, 3, 55, 30, 39, 57, 59, 34, 31, 60, 38, 28, 29, 64, 40, 63, 4, 6, 16, 22, 15, 45, 23, 41, 43, 42, 53, 54, 46, 49, 56, 48, 58, 50, 62, 61, 21, 19, 47, 44 ],
\[ 3, 10, 5, 18, 7, 4, 1, 28, 32, 11, 12, 2, 39, 29, 26, 15, 36, 20, 41, 6, 19, 42, 22, 37, 16, 25, 9, 14, 8, 13, 52, 33, 27, 57, 30, 24, 17, 31, 35, 34, 45, 43, 23, 62, 21, 44, 61, 47, 46, 48, 38, 51, 60, 63, 40, 53, 55, 54, 56, 59, 50, 49, 64, 58 ],
\[ 4, 3, 15, 19, 20, 22, 25, 1, 10, 36, 7, 37, 2, 5, 41, 42, 18, 43, 44, 45, 47, 46, 48, 6, 21, 23, 28, 17, 24, 8, 32, 29, 12, 9, 11, 26, 16, 39, 14, 13, 50, 61, 62, 63, 49, 56, 54, 59, 58, 64, 27, 30, 52, 31, 33, 57, 35, 34, 38, 40, 53, 60, 55, 51 ]:
 Order := 64 >) |
[ PermutationGroup<64 |  
\[ 11, 33, 8, 24, 2, 5, 14, 32, 51, 13, 9, 35, 52, 27, 37, 7, 12, 1, 25, 17, 20, 26, 18, 10, 36, 3, 55, 30, 39, 57, 59, 34, 31, 60, 38, 28, 29, 64, 40, 63, 4, 6, 16, 22, 15, 45, 23, 41, 43, 42, 53, 54, 46, 49, 56, 48, 58, 50, 62, 61, 21, 19, 47, 44 ],
\[ 3, 10, 5, 18, 7, 4, 1, 28, 32, 11, 12, 2, 39, 29, 26, 15, 36, 20, 41, 6, 19, 42, 22, 37, 16, 25, 9, 14, 8, 13, 52, 33, 27, 57, 30, 24, 17, 31, 35, 34, 45, 43, 23, 62, 21, 44, 61, 47, 46, 48, 38, 51, 60, 63, 40, 53, 55, 54, 56, 59, 50, 49, 64, 58 ],
\[ 4, 3, 15, 19, 20, 22, 25, 1, 10, 36, 7, 37, 2, 5, 41, 42, 18, 43, 44, 45, 47, 46, 48, 6, 21, 23, 28, 17, 24, 8, 32, 29, 12, 9, 11, 26, 16, 39, 14, 13, 50, 61, 62, 63, 49, 56, 54, 59, 58, 64, 27, 30, 52, 31, 33, 57, 35, 34, 38, 40, 53, 60, 55, 51 ]:
 Order := 64 > |
[ 18, 5, 26, 41, 6, 42, 16, 3, 11, 24, 1, 17, 10, 7, 45, 43, 20, 23, 62, 21, 61, 44, 47, 4, 19, 22, 14, 36, 37, 28, 33, 8, 2, 32, 12, 25, 15, 35, 29, 39, 48, 50, 49, 64, 46, 53, 63, 56, 54, 58, 9, 13, 51, 52, 27, 55, 30, 57, 31, 34, 60, 59, 40, 38 ],
[ 54, 61, 63, 57, 64, 34, 58, 46, 43, 50, 48, 47, 19, 62, 52, 31, 53, 55, 32, 40, 9, 39, 13, 59, 38, 51, 42, 44, 49, 21, 20, 23, 22, 15, 45, 60, 56, 18, 41, 16, 33, 35, 30, 11, 27, 10, 14, 28, 2, 8, 4, 6, 7, 36, 25, 5, 26, 17, 3, 1, 29, 12, 24, 37 ],
[ 44, 41, 50, 63, 49, 56, 47, 19, 26, 23, 21, 42, 15, 45, 64, 53, 62, 60, 55, 58, 31, 57, 38, 46, 54, 59, 18, 43, 22, 4, 24, 6, 16, 36, 25, 48, 61, 5, 20, 3, 51, 52, 40, 33, 34, 35, 32, 39, 9, 27, 17, 1, 8, 29, 37, 11, 7, 10, 14, 2, 30, 13, 12, 28 ]
]
];
s`SolvableDBPointedPassport := [ PowerSequence(PermutationGroup<64 |  
\[ 2, 3, 4, 5, 6, 7, 8, 9, 10, 11, 12, 13, 14, 15, 16, 17, 18, 19, 20, 21, 22, 23, 24, 25, 26, 27, 28, 29, 30, 31, 32, 33, 34, 35, 36, 37, 38, 39, 40, 41, 42, 43, 44, 45, 46, 47, 48, 49, 50, 51, 52, 53, 54, 55, 56, 57, 58, 59, 60, 61, 62, 63, 64, 1 ],
\[ 2, 1, 3, 4, 5, 6, 7, 8, 9, 10, 11, 12, 13, 14, 15, 16, 17, 18, 19, 20, 21, 22, 23, 24, 25, 26, 27, 28, 29, 30, 31, 32, 33, 34, 35, 36, 37, 38, 39, 40, 41, 42, 43, 44, 45, 46, 47, 48, 49, 50, 51, 52, 53, 54, 55, 56, 57, 58, 59, 60, 61, 62, 63, 64 ]:
 Order := 126886932185884164103433389335161480802865516174545192198801894375214704230400000000000000 >) |
[ PermutationGroup<64 |  
\[ 2, 3, 4, 5, 6, 7, 8, 9, 10, 11, 12, 13, 14, 15, 16, 17, 18, 19, 20, 21, 22, 23, 24, 25, 26, 27, 28, 29, 30, 31, 32, 33, 34, 35, 36, 37, 38, 39, 40, 41, 42, 43, 44, 45, 46, 47, 48, 49, 50, 51, 52, 53, 54, 55, 56, 57, 58, 59, 60, 61, 62, 63, 64, 1 ],
\[ 2, 1, 3, 4, 5, 6, 7, 8, 9, 10, 11, 12, 13, 14, 15, 16, 17, 18, 19, 20, 21, 22, 23, 24, 25, 26, 27, 28, 29, 30, 31, 32, 33, 34, 35, 36, 37, 38, 39, 40, 41, 42, 43, 44, 45, 46, 47, 48, 49, 50, 51, 52, 53, 54, 55, 56, 57, 58, 59, 60, 61, 62, 63, 64 ]:
 Order := 126886932185884164103433389335161480802865516174545192198801894375214704230400000000000000 > |
[ 18, 5, 26, 41, 6, 42, 16, 3, 11, 24, 1, 17, 10, 7, 45, 43, 20, 23, 62, 21, 61, 44, 47, 4, 19, 22, 14, 36, 37, 28, 33, 8, 2, 32, 12, 25, 15, 35, 29, 39, 48, 50, 49, 64, 46, 53, 63, 56, 54, 58, 9, 13, 51, 52, 27, 55, 30, 57, 31, 34, 60, 59, 40, 38 ],
[ 24, 8, 37, 25, 17, 26, 36, 11, 13, 28, 14, 29, 33, 2, 4, 6, 1, 16, 22, 15, 23, 45, 41, 5, 20, 18, 30, 12, 10, 32, 34, 39, 35, 51, 9, 3, 7, 40, 27, 52, 42, 21, 19, 47, 43, 48, 49, 62, 50, 44, 55, 57, 54, 59, 31, 58, 38, 60, 64, 63, 46, 61, 56, 53 ],
[ 8, 13, 2, 1, 14, 24, 11, 30, 34, 9, 35, 33, 40, 39, 3, 37, 28, 17, 4, 5, 25, 6, 26, 29, 7, 36, 51, 27, 32, 52, 54, 31, 55, 58, 57, 10, 12, 59, 38, 60, 15, 16, 18, 19, 20, 22, 21, 23, 45, 41, 64, 53, 61, 47, 63, 46, 56, 49, 48, 62, 42, 43, 44, 50 ]
]
];
s`SolvableDBMonodromyGroup := PermutationGroup<64 |  
\[ 11, 33, 8, 24, 2, 5, 14, 32, 51, 13, 9, 35, 52, 27, 37, 7, 12, 1, 25, 17, 20, 26, 18, 10, 36, 3, 55, 30, 39, 57, 59, 34, 31, 60, 38, 28, 29, 64, 40, 63, 4, 6, 16, 22, 15, 45, 23, 41, 43, 42, 53, 54, 46, 49, 56, 48, 58, 50, 62, 61, 21, 19, 47, 44 ],
\[ 3, 10, 5, 18, 7, 4, 1, 28, 32, 11, 12, 2, 39, 29, 26, 15, 36, 20, 41, 6, 19, 42, 22, 37, 16, 25, 9, 14, 8, 13, 52, 33, 27, 57, 30, 24, 17, 31, 35, 34, 45, 43, 23, 62, 21, 44, 61, 47, 46, 48, 38, 51, 60, 63, 40, 53, 55, 54, 56, 59, 50, 49, 64, 58 ],
\[ 4, 3, 15, 19, 20, 22, 25, 1, 10, 36, 7, 37, 2, 5, 41, 42, 18, 43, 44, 45, 47, 46, 48, 6, 21, 23, 28, 17, 24, 8, 32, 29, 12, 9, 11, 26, 16, 39, 14, 13, 50, 61, 62, 63, 49, 56, 54, 59, 58, 64, 27, 30, 52, 31, 33, 57, 35, 34, 38, 40, 53, 60, 55, 51 ] >;
s`SolvableDBAutomorphismGroup := PermutationGroup<64 |  
\[ 63, 50, 64, 55, 58, 57, 54, 44, 23, 48, 47, 61, 41, 49, 51, 52, 60, 40, 33, 34, 32, 35, 39, 56, 31, 38, 43, 62, 46, 19, 6, 22, 42, 26, 21, 59, 53, 20, 45, 15, 27, 30, 13, 12, 9, 11, 29, 14, 10, 28, 18, 4, 1, 24, 16, 7, 25, 36, 5, 3, 8, 2, 37, 17 ],
\[ 51, 59, 38, 27, 31, 33, 52, 64, 46, 56, 53, 60, 48, 54, 39, 13, 34, 9, 28, 32, 8, 12, 11, 55, 30, 35, 49, 58, 63, 50, 19, 44, 62, 22, 61, 57, 40, 21, 47, 23, 14, 2, 10, 17, 29, 37, 1, 7, 24, 5, 45, 41, 15, 4, 43, 16, 42, 6, 25, 26, 3, 36, 18, 20 ],
\[ 64, 49, 58, 51, 54, 52, 63, 50, 22, 46, 44, 62, 45, 47, 34, 40, 59, 38, 27, 31, 33, 30, 35, 53, 55, 57, 23, 48, 61, 41, 16, 42, 43, 6, 19, 56, 60, 25, 21, 20, 9, 13, 39, 28, 32, 8, 12, 11, 29, 10, 26, 15, 3, 37, 18, 1, 4, 24, 7, 5, 2, 14, 17, 36 ]:
 Order := 64 >;
s`SolvableDBPointedAutomorphismGroup := PermutationGroup<64 |  
\[ 53, 62, 60, 52, 59, 31, 56, 61, 45, 49, 46, 44, 43, 48, 40, 55, 64, 51, 30, 38, 35, 32, 9, 54, 57, 34, 41, 50, 47, 42, 25, 21, 19, 20, 22, 58, 63, 26, 23, 18, 13, 33, 27, 8, 39, 29, 11, 10, 14, 2, 15, 16, 37, 7, 4, 24, 6, 5, 36, 17, 12, 28, 1, 3 ],
\[ 47, 42, 61, 54, 50, 58, 48, 21, 18, 43, 23, 22, 16, 41, 53, 56, 44, 63, 31, 64, 38, 34, 40, 49, 59, 60, 4, 19, 45, 25, 5, 20, 6, 17, 26, 62, 46, 3, 15, 37, 52, 57, 55, 32, 51, 9, 39, 13, 27, 30, 1, 7, 11, 14, 24, 10, 36, 28, 2, 12, 35, 33, 29, 8 ]:
 Order := 16 >;
s`SolvableDBPathToPP1 := [ Strings() | "PP1", "2T1-2,1,2-g0-path1", "4T1-4,2,4-g1-path1", "8T2-4,2,4-g1-path2", "16T5-8,2,8-g3-path5", "32S17-16,2,16-g7-path1", "64S27-16,4,16-g21-path1" ];
s`SolvableDBParents := [ Strings() | "128S130-32,8,32-g53-path5-notcomputed", "128S130-32,4,32-g45-path5-notcomputed", "128S44-16,8,16-g49-path8-notcomputed", "128S130-32,8,32-g53-path6-notcomputed", "128S130-32,4,32-g45-path6-notcomputed", "128S43-16,8,16-g49-path3-notcomputed", "128S106-16,4,16-g41-path12-notcomputed" ];
s`SolvableDBChild := "32S17-16,2,16-g7-path1-notcomputed";

/*
Return for eval
*/

return s;
