s := SolvableDBObjectInitialize();

/*
Basic Information about the Passport
*/

s`SolvableDBName := "64S30-16,8,16-g25-path14";
s`SolvableDBFilename := "64S30-16,8,16-g25-path14.m";
s`SolvableDBPathNumber := 14;
s`SolvableDBDegree := 64;
s`SolvableDBABC := \[ 16, 8, 16 ];
s`SolvableDBType := "Hyperbolic";
s`SolvableDBGenus := 25;
s`SolvableDBGaloisOrbitSize := 1;
s`SolvableDBPassportSize := 2;
s`SolvableDBPointedPassportSize := 2;
s`SolvableDBLevel := 6;
s`SolvableDBBlocks := {@ PowerSet(IntegerRing()) |
{ IntegerRing() | 1, 5 },
{ IntegerRing() | 2, 12 },
{ IntegerRing() | 3, 18 },
{ IntegerRing() | 4, 24 },
{ IntegerRing() | 6, 22 },
{ IntegerRing() | 7, 11 },
{ IntegerRing() | 8, 15 },
{ IntegerRing() | 9, 38 },
{ IntegerRing() | 10, 44 },
{ IntegerRing() | 13, 37 },
{ IntegerRing() | 14, 41 },
{ IntegerRing() | 16, 33 },
{ IntegerRing() | 17, 57 },
{ IntegerRing() | 19, 56 },
{ IntegerRing() | 20, 42 },
{ IntegerRing() | 21, 61 },
{ IntegerRing() | 23, 49 },
{ IntegerRing() | 25, 60 },
{ IntegerRing() | 26, 54 },
{ IntegerRing() | 27, 50 },
{ IntegerRing() | 28, 63 },
{ IntegerRing() | 29, 64 },
{ IntegerRing() | 30, 45 },
{ IntegerRing() | 31, 46 },
{ IntegerRing() | 32, 40 },
{ IntegerRing() | 34, 51 },
{ IntegerRing() | 35, 52 },
{ IntegerRing() | 36, 53 },
{ IntegerRing() | 39, 58 },
{ IntegerRing() | 43, 55 },
{ IntegerRing() | 47, 59 },
{ IntegerRing() | 48, 62 }
@};

/*
Permutations and Passports
*/

s`SolvableDBGaloisOrbit := [ PowerSequence(PermutationGroup<64 |  
\[ 2, 3, 4, 5, 6, 7, 8, 9, 10, 11, 12, 13, 14, 15, 16, 17, 18, 19, 20, 21, 22, 23, 24, 25, 26, 27, 28, 29, 30, 31, 32, 33, 34, 35, 36, 37, 38, 39, 40, 41, 42, 43, 44, 45, 46, 47, 48, 49, 50, 51, 52, 53, 54, 55, 56, 57, 58, 59, 60, 61, 62, 63, 64, 1 ],
\[ 2, 1, 3, 4, 5, 6, 7, 8, 9, 10, 11, 12, 13, 14, 15, 16, 17, 18, 19, 20, 21, 22, 23, 24, 25, 26, 27, 28, 29, 30, 31, 32, 33, 34, 35, 36, 37, 38, 39, 40, 41, 42, 43, 44, 45, 46, 47, 48, 49, 50, 51, 52, 53, 54, 55, 56, 57, 58, 59, 60, 61, 62, 63, 64 ]:
 Order := 126886932185884164103433389335161480802865516174545192198801894375214704230400000000000000 >) |
[ PermutationGroup<64 |  
\[ 2, 3, 4, 5, 6, 7, 8, 9, 10, 11, 12, 13, 14, 15, 16, 17, 18, 19, 20, 21, 22, 23, 24, 25, 26, 27, 28, 29, 30, 31, 32, 33, 34, 35, 36, 37, 38, 39, 40, 41, 42, 43, 44, 45, 46, 47, 48, 49, 50, 51, 52, 53, 54, 55, 56, 57, 58, 59, 60, 61, 62, 63, 64, 1 ],
\[ 2, 1, 3, 4, 5, 6, 7, 8, 9, 10, 11, 12, 13, 14, 15, 16, 17, 18, 19, 20, 21, 22, 23, 24, 25, 26, 27, 28, 29, 30, 31, 32, 33, 34, 35, 36, 37, 38, 39, 40, 41, 42, 43, 44, 45, 46, 47, 48, 49, 50, 51, 52, 53, 54, 55, 56, 57, 58, 59, 60, 61, 62, 63, 64 ]:
 Order := 126886932185884164103433389335161480802865516174545192198801894375214704230400000000000000 > |
[ 12, 38, 8, 61, 2, 5, 45, 50, 60, 14, 30, 9, 59, 24, 27, 20, 43, 15, 18, 63, 37, 1, 46, 21, 33, 29, 40, 22, 44, 39, 48, 11, 42, 36, 49, 17, 47, 25, 19, 7, 4, 28, 52, 41, 58, 62, 26, 34, 31, 32, 53, 23, 57, 64, 35, 3, 55, 56, 54, 16, 13, 51, 6, 10 ],
[ 3, 10, 16, 22, 18, 26, 1, 34, 27, 42, 5, 44, 2, 36, 51, 11, 56, 33, 31, 13, 55, 54, 41, 6, 4, 25, 63, 39, 48, 52, 40, 57, 7, 30, 8, 47, 12, 50, 9, 17, 53, 37, 64, 20, 35, 32, 23, 61, 14, 28, 45, 15, 59, 60, 29, 46, 19, 38, 49, 24, 43, 21, 58, 62 ],
[ 4, 11, 17, 23, 24, 27, 31, 1, 37, 43, 46, 7, 48, 2, 5, 54, 14, 57, 28, 3, 60, 50, 30, 49, 58, 36, 52, 10, 6, 16, 59, 38, 26, 29, 21, 8, 62, 13, 34, 9, 12, 18, 40, 55, 33, 47, 42, 19, 45, 35, 64, 61, 15, 53, 32, 63, 41, 51, 20, 39, 25, 56, 44, 22 ]
]
];
s`SolvableDBPassport := [ PowerSequence(PermutationGroup<64 |  
\[ 12, 38, 8, 61, 2, 5, 45, 50, 60, 14, 30, 9, 59, 24, 27, 20, 43, 15, 18, 63, 37, 1, 46, 21, 33, 29, 40, 22, 44, 39, 48, 11, 42, 36, 49, 17, 47, 25, 19, 7, 4, 28, 52, 41, 58, 62, 26, 34, 31, 32, 53, 23, 57, 64, 35, 3, 55, 56, 54, 16, 13, 51, 6, 10 ],
\[ 3, 10, 16, 22, 18, 26, 1, 34, 27, 42, 5, 44, 2, 36, 51, 11, 56, 33, 31, 13, 55, 54, 41, 6, 4, 25, 63, 39, 48, 52, 40, 57, 7, 30, 8, 47, 12, 50, 9, 17, 53, 37, 64, 20, 35, 32, 23, 61, 14, 28, 45, 15, 59, 60, 29, 46, 19, 38, 49, 24, 43, 21, 58, 62 ],
\[ 4, 11, 17, 23, 24, 27, 31, 1, 37, 43, 46, 7, 48, 2, 5, 54, 14, 57, 28, 3, 60, 50, 30, 49, 58, 36, 52, 10, 6, 16, 59, 38, 26, 29, 21, 8, 62, 13, 34, 9, 12, 18, 40, 55, 33, 47, 42, 19, 45, 35, 64, 61, 15, 53, 32, 63, 41, 51, 20, 39, 25, 56, 44, 22 ]:
 Order := 64 >) |
[ PermutationGroup<64 |  
\[ 12, 38, 8, 61, 2, 5, 45, 50, 60, 14, 30, 9, 59, 24, 27, 20, 43, 15, 18, 63, 37, 1, 46, 21, 33, 29, 40, 22, 44, 39, 48, 11, 42, 36, 49, 17, 47, 25, 19, 7, 4, 28, 52, 41, 58, 62, 26, 34, 31, 32, 53, 23, 57, 64, 35, 3, 55, 56, 54, 16, 13, 51, 6, 10 ],
\[ 3, 10, 16, 22, 18, 26, 1, 34, 27, 42, 5, 44, 2, 36, 51, 11, 56, 33, 31, 13, 55, 54, 41, 6, 4, 25, 63, 39, 48, 52, 40, 57, 7, 30, 8, 47, 12, 50, 9, 17, 53, 37, 64, 20, 35, 32, 23, 61, 14, 28, 45, 15, 59, 60, 29, 46, 19, 38, 49, 24, 43, 21, 58, 62 ],
\[ 4, 11, 17, 23, 24, 27, 31, 1, 37, 43, 46, 7, 48, 2, 5, 54, 14, 57, 28, 3, 60, 50, 30, 49, 58, 36, 52, 10, 6, 16, 59, 38, 26, 29, 21, 8, 62, 13, 34, 9, 12, 18, 40, 55, 33, 47, 42, 19, 45, 35, 64, 61, 15, 53, 32, 63, 41, 51, 20, 39, 25, 56, 44, 22 ]:
 Order := 64 > |
[ 22, 5, 56, 41, 6, 63, 40, 3, 12, 64, 32, 1, 61, 10, 18, 60, 36, 19, 39, 16, 24, 28, 52, 14, 38, 47, 15, 42, 26, 11, 49, 50, 25, 48, 55, 34, 21, 2, 30, 27, 44, 33, 17, 29, 7, 23, 37, 31, 35, 8, 62, 43, 51, 59, 57, 58, 53, 45, 13, 9, 4, 46, 20, 54 ],
[ 18, 44, 33, 6, 3, 54, 5, 51, 50, 20, 1, 10, 12, 53, 34, 7, 19, 16, 46, 37, 43, 26, 14, 22, 24, 60, 28, 58, 62, 35, 32, 17, 11, 45, 15, 59, 2, 27, 38, 57, 36, 13, 29, 42, 52, 40, 49, 21, 41, 63, 30, 8, 47, 25, 64, 31, 56, 9, 23, 4, 55, 61, 39, 48 ],
[ 13, 39, 52, 62, 37, 7, 34, 9, 26, 23, 51, 58, 36, 25, 38, 10, 21, 35, 1, 50, 20, 11, 19, 48, 3, 43, 46, 24, 2, 63, 64, 33, 44, 41, 47, 32, 53, 54, 17, 16, 60, 27, 45, 49, 28, 29, 22, 15, 56, 31, 14, 59, 40, 55, 30, 5, 61, 57, 6, 18, 42, 8, 4, 12 ]
],
[ PermutationGroup<64 |  
\[ 12, 38, 8, 61, 2, 5, 45, 50, 60, 14, 30, 9, 59, 24, 27, 20, 43, 15, 18, 63, 37, 1, 46, 21, 33, 29, 40, 22, 44, 39, 48, 11, 42, 36, 49, 17, 47, 25, 19, 7, 4, 28, 52, 41, 58, 62, 26, 34, 31, 32, 53, 23, 57, 64, 35, 3, 55, 56, 54, 16, 13, 51, 6, 10 ],
\[ 3, 10, 16, 22, 18, 26, 1, 34, 27, 42, 5, 44, 2, 36, 51, 11, 56, 33, 31, 13, 55, 54, 41, 6, 4, 25, 63, 39, 48, 52, 40, 57, 7, 30, 8, 47, 12, 50, 9, 17, 53, 37, 64, 20, 35, 32, 23, 61, 14, 28, 45, 15, 59, 60, 29, 46, 19, 38, 49, 24, 43, 21, 58, 62 ],
\[ 4, 11, 17, 23, 24, 27, 31, 1, 37, 43, 46, 7, 48, 2, 5, 54, 14, 57, 28, 3, 60, 50, 30, 49, 58, 36, 52, 10, 6, 16, 59, 38, 26, 29, 21, 8, 62, 13, 34, 9, 12, 18, 40, 55, 33, 47, 42, 19, 45, 35, 64, 61, 15, 53, 32, 63, 41, 51, 20, 39, 25, 56, 44, 22 ]:
 Order := 64 > |
[ 22, 5, 56, 41, 6, 63, 40, 3, 12, 64, 32, 1, 61, 10, 18, 60, 36, 19, 39, 16, 24, 28, 52, 14, 38, 47, 15, 42, 26, 11, 49, 50, 25, 48, 55, 34, 21, 2, 30, 27, 44, 33, 17, 29, 7, 23, 37, 31, 35, 8, 62, 43, 51, 59, 57, 58, 53, 45, 13, 9, 4, 46, 20, 54 ],
[ 7, 13, 1, 25, 11, 24, 33, 35, 39, 2, 16, 37, 20, 49, 52, 3, 40, 5, 57, 44, 62, 4, 47, 60, 26, 6, 9, 50, 55, 34, 19, 46, 18, 8, 45, 14, 42, 58, 28, 31, 23, 10, 61, 12, 51, 56, 36, 29, 59, 38, 15, 30, 41, 22, 21, 17, 32, 63, 53, 54, 48, 64, 27, 43 ],
[ 44, 50, 34, 43, 10, 18, 35, 28, 24, 36, 52, 27, 49, 6, 63, 13, 64, 51, 33, 58, 12, 3, 32, 55, 7, 48, 17, 54, 20, 9, 61, 5, 37, 47, 14, 56, 23, 4, 31, 1, 22, 39, 15, 53, 38, 21, 25, 30, 40, 57, 59, 41, 19, 62, 8, 16, 29, 46, 60, 11, 2, 45, 26, 42 ]
]
];
s`SolvableDBPointedPassport := [ PowerSequence(PermutationGroup<64 |  
\[ 12, 38, 8, 61, 2, 5, 45, 50, 60, 14, 30, 9, 59, 24, 27, 20, 43, 15, 18, 63, 37, 1, 46, 21, 33, 29, 40, 22, 44, 39, 48, 11, 42, 36, 49, 17, 47, 25, 19, 7, 4, 28, 52, 41, 58, 62, 26, 34, 31, 32, 53, 23, 57, 64, 35, 3, 55, 56, 54, 16, 13, 51, 6, 10 ],
\[ 3, 10, 16, 22, 18, 26, 1, 34, 27, 42, 5, 44, 2, 36, 51, 11, 56, 33, 31, 13, 55, 54, 41, 6, 4, 25, 63, 39, 48, 52, 40, 57, 7, 30, 8, 47, 12, 50, 9, 17, 53, 37, 64, 20, 35, 32, 23, 61, 14, 28, 45, 15, 59, 60, 29, 46, 19, 38, 49, 24, 43, 21, 58, 62 ],
\[ 4, 11, 17, 23, 24, 27, 31, 1, 37, 43, 46, 7, 48, 2, 5, 54, 14, 57, 28, 3, 60, 50, 30, 49, 58, 36, 52, 10, 6, 16, 59, 38, 26, 29, 21, 8, 62, 13, 34, 9, 12, 18, 40, 55, 33, 47, 42, 19, 45, 35, 64, 61, 15, 53, 32, 63, 41, 51, 20, 39, 25, 56, 44, 22 ]:
 Order := 64 >) |
[ PermutationGroup<64 |  
\[ 12, 38, 8, 61, 2, 5, 45, 50, 60, 14, 30, 9, 59, 24, 27, 20, 43, 15, 18, 63, 37, 1, 46, 21, 33, 29, 40, 22, 44, 39, 48, 11, 42, 36, 49, 17, 47, 25, 19, 7, 4, 28, 52, 41, 58, 62, 26, 34, 31, 32, 53, 23, 57, 64, 35, 3, 55, 56, 54, 16, 13, 51, 6, 10 ],
\[ 3, 10, 16, 22, 18, 26, 1, 34, 27, 42, 5, 44, 2, 36, 51, 11, 56, 33, 31, 13, 55, 54, 41, 6, 4, 25, 63, 39, 48, 52, 40, 57, 7, 30, 8, 47, 12, 50, 9, 17, 53, 37, 64, 20, 35, 32, 23, 61, 14, 28, 45, 15, 59, 60, 29, 46, 19, 38, 49, 24, 43, 21, 58, 62 ],
\[ 4, 11, 17, 23, 24, 27, 31, 1, 37, 43, 46, 7, 48, 2, 5, 54, 14, 57, 28, 3, 60, 50, 30, 49, 58, 36, 52, 10, 6, 16, 59, 38, 26, 29, 21, 8, 62, 13, 34, 9, 12, 18, 40, 55, 33, 47, 42, 19, 45, 35, 64, 61, 15, 53, 32, 63, 41, 51, 20, 39, 25, 56, 44, 22 ]:
 Order := 64 > |
[ 17, 43, 54, 50, 57, 36, 4, 29, 52, 18, 24, 55, 11, 8, 64, 46, 63, 26, 59, 48, 32, 53, 12, 27, 23, 58, 44, 34, 19, 61, 9, 41, 31, 16, 1, 42, 7, 35, 37, 14, 15, 62, 22, 3, 21, 38, 30, 25, 2, 10, 33, 5, 20, 39, 6, 47, 28, 13, 45, 49, 40, 60, 51, 56 ],
[ 64, 15, 62, 57, 29, 56, 43, 20, 41, 51, 55, 8, 52, 28, 42, 21, 26, 48, 60, 30, 5, 19, 27, 17, 32, 46, 53, 47, 33, 2, 24, 22, 61, 13, 44, 39, 35, 14, 23, 6, 63, 45, 3, 34, 12, 4, 9, 7, 50, 36, 37, 10, 58, 31, 18, 25, 54, 49, 38, 40, 1, 11, 59, 16 ],
[ 37, 58, 35, 48, 13, 11, 51, 38, 54, 49, 34, 39, 53, 60, 9, 44, 61, 52, 5, 27, 42, 7, 56, 62, 18, 55, 31, 4, 12, 28, 29, 16, 10, 14, 59, 40, 36, 26, 57, 33, 25, 50, 30, 23, 63, 64, 6, 8, 19, 46, 41, 47, 32, 43, 45, 1, 21, 17, 22, 3, 20, 15, 24, 2 ]
],
[ PermutationGroup<64 |  
\[ 12, 38, 8, 61, 2, 5, 45, 50, 60, 14, 30, 9, 59, 24, 27, 20, 43, 15, 18, 63, 37, 1, 46, 21, 33, 29, 40, 22, 44, 39, 48, 11, 42, 36, 49, 17, 47, 25, 19, 7, 4, 28, 52, 41, 58, 62, 26, 34, 31, 32, 53, 23, 57, 64, 35, 3, 55, 56, 54, 16, 13, 51, 6, 10 ],
\[ 3, 10, 16, 22, 18, 26, 1, 34, 27, 42, 5, 44, 2, 36, 51, 11, 56, 33, 31, 13, 55, 54, 41, 6, 4, 25, 63, 39, 48, 52, 40, 57, 7, 30, 8, 47, 12, 50, 9, 17, 53, 37, 64, 20, 35, 32, 23, 61, 14, 28, 45, 15, 59, 60, 29, 46, 19, 38, 49, 24, 43, 21, 58, 62 ],
\[ 4, 11, 17, 23, 24, 27, 31, 1, 37, 43, 46, 7, 48, 2, 5, 54, 14, 57, 28, 3, 60, 50, 30, 49, 58, 36, 52, 10, 6, 16, 59, 38, 26, 29, 21, 8, 62, 13, 34, 9, 12, 18, 40, 55, 33, 47, 42, 19, 45, 35, 64, 61, 15, 53, 32, 63, 41, 51, 20, 39, 25, 56, 44, 22 ]:
 Order := 64 > |
[ 17, 43, 54, 50, 57, 36, 4, 29, 52, 18, 24, 55, 11, 8, 64, 46, 63, 26, 59, 48, 32, 53, 12, 27, 23, 58, 44, 34, 19, 61, 9, 41, 31, 16, 1, 42, 7, 35, 37, 14, 15, 62, 22, 3, 21, 38, 30, 25, 2, 10, 33, 5, 20, 39, 6, 47, 28, 13, 45, 49, 40, 60, 51, 56 ],
[ 21, 45, 55, 31, 61, 32, 62, 2, 59, 35, 48, 30, 51, 9, 12, 29, 4, 43, 6, 15, 33, 40, 58, 46, 19, 57, 49, 41, 1, 42, 26, 60, 64, 10, 13, 27, 34, 47, 53, 25, 38, 8, 11, 52, 20, 54, 63, 3, 39, 23, 44, 37, 50, 17, 7, 22, 24, 36, 28, 56, 16, 18, 14, 5 ],
[ 10, 27, 51, 55, 44, 3, 52, 63, 4, 53, 35, 50, 23, 22, 28, 37, 29, 34, 16, 39, 2, 18, 40, 43, 11, 62, 57, 26, 42, 38, 21, 1, 13, 59, 41, 19, 49, 24, 46, 5, 6, 58, 8, 36, 9, 61, 60, 45, 32, 17, 47, 14, 56, 48, 15, 33, 64, 31, 25, 7, 12, 30, 54, 20 ]
]
];
s`SolvableDBMonodromyGroup := PermutationGroup<64 |  
\[ 12, 38, 8, 61, 2, 5, 45, 50, 60, 14, 30, 9, 59, 24, 27, 20, 43, 15, 18, 63, 37, 1, 46, 21, 33, 29, 40, 22, 44, 39, 48, 11, 42, 36, 49, 17, 47, 25, 19, 7, 4, 28, 52, 41, 58, 62, 26, 34, 31, 32, 53, 23, 57, 64, 35, 3, 55, 56, 54, 16, 13, 51, 6, 10 ],
\[ 3, 10, 16, 22, 18, 26, 1, 34, 27, 42, 5, 44, 2, 36, 51, 11, 56, 33, 31, 13, 55, 54, 41, 6, 4, 25, 63, 39, 48, 52, 40, 57, 7, 30, 8, 47, 12, 50, 9, 17, 53, 37, 64, 20, 35, 32, 23, 61, 14, 28, 45, 15, 59, 60, 29, 46, 19, 38, 49, 24, 43, 21, 58, 62 ],
\[ 4, 11, 17, 23, 24, 27, 31, 1, 37, 43, 46, 7, 48, 2, 5, 54, 14, 57, 28, 3, 60, 50, 30, 49, 58, 36, 52, 10, 6, 16, 59, 38, 26, 29, 21, 8, 62, 13, 34, 9, 12, 18, 40, 55, 33, 47, 42, 19, 45, 35, 64, 61, 15, 53, 32, 63, 41, 51, 20, 39, 25, 56, 44, 22 ] >;
s`SolvableDBAutomorphismGroup := PermutationGroup<64 |  
\[ 63, 22, 58, 44, 28, 42, 27, 56, 5, 54, 50, 6, 4, 64, 19, 38, 51, 39, 30, 25, 14, 20, 55, 10, 12, 37, 18, 16, 47, 32, 52, 8, 9, 46, 17, 62, 24, 1, 11, 15, 29, 60, 53, 26, 40, 35, 21, 23, 43, 3, 31, 57, 48, 13, 36, 45, 34, 7, 61, 2, 41, 49, 33, 59 ],
\[ 2, 9, 10, 11, 12, 1, 13, 14, 25, 27, 37, 38, 39, 40, 41, 42, 43, 44, 29, 28, 45, 5, 46, 7, 16, 3, 4, 6, 8, 47, 48, 21, 20, 36, 49, 17, 58, 60, 26, 61, 32, 63, 52, 50, 59, 62, 56, 34, 31, 24, 53, 23, 57, 18, 35, 64, 55, 54, 19, 33, 30, 51, 22, 15 ],
\[ 58, 19, 38, 51, 39, 30, 63, 25, 3, 31, 28, 56, 57, 48, 60, 50, 13, 9, 12, 32, 36, 45, 64, 34, 15, 52, 16, 7, 23, 22, 44, 42, 27, 4, 26, 61, 17, 18, 1, 20, 62, 40, 59, 46, 6, 10, 43, 41, 29, 33, 24, 54, 21, 35, 47, 2, 37, 5, 55, 8, 53, 14, 11, 49 ]:
 Order := 64 >;
s`SolvableDBPointedAutomorphismGroup := PermutationGroup<64 |  
\[ 38, 60, 50, 13, 9, 12, 58, 32, 33, 24, 39, 25, 54, 21, 40, 28, 35, 27, 15, 22, 47, 2, 48, 37, 20, 44, 7, 5, 41, 19, 51, 30, 63, 57, 46, 55, 26, 16, 18, 45, 61, 6, 49, 4, 56, 34, 29, 53, 62, 11, 17, 31, 43, 10, 23, 8, 52, 3, 64, 42, 59, 36, 1, 14 ],
\[ 6, 1, 26, 27, 22, 28, 24, 29, 2, 3, 4, 5, 7, 8, 64, 25, 36, 54, 59, 33, 32, 63, 52, 50, 9, 39, 10, 20, 19, 61, 49, 41, 60, 48, 55, 34, 11, 12, 13, 14, 15, 16, 17, 18, 21, 23, 30, 31, 35, 44, 62, 43, 51, 58, 57, 47, 53, 37, 45, 38, 40, 46, 42, 56 ]:
 Order := 16 >;

/*
Top Level Belyi Curve/Map
*/


/*
Graph Data
*/

s`SolvableDBPathToPP1 := [ Strings() | "PP1", "2T1-2,1,2-g0-path1", "4T1-4,2,4-g1-path1", "8T2-4,2,4-g1-path2", "16T5-8,4,8-g5-path4", "32S5-8,4,8-g9-path15", "64S30-16,8,16-g25-path14" ];
s`SolvableDBChildren := [ Strings() | "32S5-8,4,8-g9-path15" ];

/*
Return for eval
*/

return s;
