s := SolvableDBInitialize();

/*
Magma printing
*/

s`SolvableDBName := "64S36-4,8,8-g17-path1";
s`SolvableDBFilename := "64S36-4,8,8-g17-path1.m";
s`SolvableDBPassportName := "64S36-4,8,8-g17";
s`SolvableDBPathNumber := 1;
s`SolvableDBDegree := 64;
s`SolvableDBOrders := \[ 4, 8, 8 ];
s`SolvableDBType := "Hyperbolic";
s`SolvableDBGenus := 17;
s`SolvableDBGaloisOrbitSize := 1;
s`SolvableDBPassportSize := 1;
s`SolvableDBPointedPassportSize := 1;
s`SolvableDBLevel := 6;
s`SolvableDBBlocks := {@ PowerSet(IntegerRing()) |
{ IntegerRing() | 1, 5 },
{ IntegerRing() | 2, 12 },
{ IntegerRing() | 3, 18 },
{ IntegerRing() | 4, 24 },
{ IntegerRing() | 6, 22 },
{ IntegerRing() | 7, 11 },
{ IntegerRing() | 8, 15 },
{ IntegerRing() | 9, 37 },
{ IntegerRing() | 10, 42 },
{ IntegerRing() | 13, 36 },
{ IntegerRing() | 14, 39 },
{ IntegerRing() | 16, 32 },
{ IntegerRing() | 17, 53 },
{ IntegerRing() | 19, 52 },
{ IntegerRing() | 20, 51 },
{ IntegerRing() | 21, 57 },
{ IntegerRing() | 23, 35 },
{ IntegerRing() | 25, 61 },
{ IntegerRing() | 26, 59 },
{ IntegerRing() | 27, 38 },
{ IntegerRing() | 28, 60 },
{ IntegerRing() | 29, 43 },
{ IntegerRing() | 30, 44 },
{ IntegerRing() | 31, 45 },
{ IntegerRing() | 33, 49 },
{ IntegerRing() | 34, 50 },
{ IntegerRing() | 40, 47 },
{ IntegerRing() | 41, 64 },
{ IntegerRing() | 46, 58 },
{ IntegerRing() | 48, 54 },
{ IntegerRing() | 55, 63 },
{ IntegerRing() | 56, 62 }
@};
s`SolvableDBIsRamifiedAtEveryLevel := true;
s`SolvableDBGaloisOrbit := [ PowerSequence(PermutationGroup<64 |  
\[ 2, 3, 4, 5, 6, 7, 8, 9, 10, 11, 12, 13, 14, 15, 16, 17, 18, 19, 20, 21, 22, 23, 24, 25, 26, 27, 28, 29, 30, 31, 32, 33, 34, 35, 36, 37, 38, 39, 40, 41, 42, 43, 44, 45, 46, 47, 48, 49, 50, 51, 52, 53, 54, 55, 56, 57, 58, 59, 60, 61, 62, 63, 64, 1 ],
\[ 2, 1, 3, 4, 5, 6, 7, 8, 9, 10, 11, 12, 13, 14, 15, 16, 17, 18, 19, 20, 21, 22, 23, 24, 25, 26, 27, 28, 29, 30, 31, 32, 33, 34, 35, 36, 37, 38, 39, 40, 41, 42, 43, 44, 45, 46, 47, 48, 49, 50, 51, 52, 53, 54, 55, 56, 57, 58, 59, 60, 61, 62, 63, 64 ]:
 Order := 126886932185884164103433389335161480802865516174545192198801894375214704230400000000000000 >) |
[ PermutationGroup<64 |  
\[ 2, 3, 4, 5, 6, 7, 8, 9, 10, 11, 12, 13, 14, 15, 16, 17, 18, 19, 20, 21, 22, 23, 24, 25, 26, 27, 28, 29, 30, 31, 32, 33, 34, 35, 36, 37, 38, 39, 40, 41, 42, 43, 44, 45, 46, 47, 48, 49, 50, 51, 52, 53, 54, 55, 56, 57, 58, 59, 60, 61, 62, 63, 64, 1 ],
\[ 2, 1, 3, 4, 5, 6, 7, 8, 9, 10, 11, 12, 13, 14, 15, 16, 17, 18, 19, 20, 21, 22, 23, 24, 25, 26, 27, 28, 29, 30, 31, 32, 33, 34, 35, 36, 37, 38, 39, 40, 41, 42, 43, 44, 45, 46, 47, 48, 49, 50, 51, 52, 53, 54, 55, 56, 57, 58, 59, 60, 61, 62, 63, 64 ]:
 Order := 126886932185884164103433389335161480802865516174545192198801894375214704230400000000000000 > |
[ 12, 37, 8, 57, 2, 5, 43, 49, 22, 14, 29, 9, 61, 59, 33, 20, 64, 15, 18, 62, 36, 1, 63, 21, 24, 28, 45, 42, 38, 35, 11, 51, 19, 54, 55, 25, 6, 31, 26, 16, 34, 39, 27, 23, 7, 30, 32, 17, 52, 48, 56, 3, 41, 53, 46, 47, 13, 44, 60, 10, 4, 40, 58, 50 ],
[ 3, 10, 16, 22, 18, 26, 1, 30, 33, 40, 5, 42, 2, 46, 44, 11, 52, 32, 55, 4, 48, 59, 61, 6, 41, 20, 37, 35, 17, 45, 34, 7, 62, 8, 25, 12, 49, 9, 58, 36, 60, 47, 53, 31, 50, 57, 13, 14, 56, 15, 24, 63, 19, 39, 29, 38, 54, 21, 51, 23, 64, 27, 43, 28 ],
[ 4, 11, 17, 23, 24, 27, 30, 1, 36, 41, 44, 7, 46, 2, 5, 10, 21, 53, 9, 3, 51, 38, 15, 35, 40, 54, 63, 6, 16, 14, 56, 42, 50, 25, 8, 58, 13, 55, 12, 33, 43, 64, 32, 39, 62, 19, 49, 45, 34, 61, 18, 37, 57, 31, 28, 59, 20, 52, 48, 22, 47, 26, 60, 29 ]
]
];
s`SolvableDBPassport := [ PowerSequence(PermutationGroup<64 |  
\[ 12, 37, 8, 57, 2, 5, 43, 49, 22, 14, 29, 9, 61, 59, 33, 20, 64, 15, 18, 62, 36, 1, 63, 21, 24, 28, 45, 42, 38, 35, 11, 51, 19, 54, 55, 25, 6, 31, 26, 16, 34, 39, 27, 23, 7, 30, 32, 17, 52, 48, 56, 3, 41, 53, 46, 47, 13, 44, 60, 10, 4, 40, 58, 50 ],
\[ 3, 10, 16, 22, 18, 26, 1, 30, 33, 40, 5, 42, 2, 46, 44, 11, 52, 32, 55, 4, 48, 59, 61, 6, 41, 20, 37, 35, 17, 45, 34, 7, 62, 8, 25, 12, 49, 9, 58, 36, 60, 47, 53, 31, 50, 57, 13, 14, 56, 15, 24, 63, 19, 39, 29, 38, 54, 21, 51, 23, 64, 27, 43, 28 ],
\[ 4, 11, 17, 23, 24, 27, 30, 1, 36, 41, 44, 7, 46, 2, 5, 10, 21, 53, 9, 3, 51, 38, 15, 35, 40, 54, 63, 6, 16, 14, 56, 42, 50, 25, 8, 58, 13, 55, 12, 33, 43, 64, 32, 39, 62, 19, 49, 45, 34, 61, 18, 37, 57, 31, 28, 59, 20, 52, 48, 22, 47, 26, 60, 29 ]:
 Order := 64 >) |
[ PermutationGroup<64 |  
\[ 12, 37, 8, 57, 2, 5, 43, 49, 22, 14, 29, 9, 61, 59, 33, 20, 64, 15, 18, 62, 36, 1, 63, 21, 24, 28, 45, 42, 38, 35, 11, 51, 19, 54, 55, 25, 6, 31, 26, 16, 34, 39, 27, 23, 7, 30, 32, 17, 52, 48, 56, 3, 41, 53, 46, 47, 13, 44, 60, 10, 4, 40, 58, 50 ],
\[ 3, 10, 16, 22, 18, 26, 1, 30, 33, 40, 5, 42, 2, 46, 44, 11, 52, 32, 55, 4, 48, 59, 61, 6, 41, 20, 37, 35, 17, 45, 34, 7, 62, 8, 25, 12, 49, 9, 58, 36, 60, 47, 53, 31, 50, 57, 13, 14, 56, 15, 24, 63, 19, 39, 29, 38, 54, 21, 51, 23, 64, 27, 43, 28 ],
\[ 4, 11, 17, 23, 24, 27, 30, 1, 36, 41, 44, 7, 46, 2, 5, 10, 21, 53, 9, 3, 51, 38, 15, 35, 40, 54, 63, 6, 16, 14, 56, 42, 50, 25, 8, 58, 13, 55, 12, 33, 43, 64, 32, 39, 62, 19, 49, 45, 34, 61, 18, 37, 57, 31, 28, 59, 20, 52, 48, 22, 47, 26, 60, 29 ]:
 Order := 64 > |
[ 22, 5, 52, 61, 6, 37, 45, 3, 12, 60, 31, 1, 57, 10, 18, 40, 48, 19, 33, 16, 24, 9, 44, 25, 36, 39, 43, 26, 11, 46, 38, 47, 15, 41, 30, 21, 2, 29, 42, 62, 53, 28, 7, 58, 27, 55, 56, 50, 8, 64, 32, 49, 54, 34, 35, 51, 4, 63, 14, 59, 13, 20, 23, 17 ],
[ 3, 10, 16, 22, 18, 26, 1, 30, 33, 40, 5, 42, 2, 46, 44, 11, 52, 32, 55, 4, 48, 59, 61, 6, 41, 20, 37, 35, 17, 45, 34, 7, 62, 8, 25, 12, 49, 9, 58, 36, 60, 47, 53, 31, 50, 57, 13, 14, 56, 15, 24, 63, 19, 39, 29, 38, 54, 21, 51, 23, 64, 27, 43, 28 ],
[ 36, 27, 34, 46, 13, 11, 63, 37, 4, 48, 55, 38, 23, 22, 9, 26, 61, 50, 5, 33, 40, 7, 52, 58, 51, 64, 30, 12, 56, 28, 16, 59, 53, 57, 19, 35, 24, 44, 6, 3, 31, 54, 62, 60, 32, 8, 18, 29, 17, 21, 49, 1, 25, 43, 14, 42, 47, 15, 41, 2, 20, 10, 39, 45 ]
]
];
s`SolvableDBPointedPassport := [ PowerSequence(PermutationGroup<64 |  
\[ 2, 3, 4, 5, 6, 7, 8, 9, 10, 11, 12, 13, 14, 15, 16, 17, 18, 19, 20, 21, 22, 23, 24, 25, 26, 27, 28, 29, 30, 31, 32, 33, 34, 35, 36, 37, 38, 39, 40, 41, 42, 43, 44, 45, 46, 47, 48, 49, 50, 51, 52, 53, 54, 55, 56, 57, 58, 59, 60, 61, 62, 63, 64, 1 ],
\[ 2, 1, 3, 4, 5, 6, 7, 8, 9, 10, 11, 12, 13, 14, 15, 16, 17, 18, 19, 20, 21, 22, 23, 24, 25, 26, 27, 28, 29, 30, 31, 32, 33, 34, 35, 36, 37, 38, 39, 40, 41, 42, 43, 44, 45, 46, 47, 48, 49, 50, 51, 52, 53, 54, 55, 56, 57, 58, 59, 60, 61, 62, 63, 64 ]:
 Order := 126886932185884164103433389335161480802865516174545192198801894375214704230400000000000000 >) |
[ PermutationGroup<64 |  
\[ 2, 3, 4, 5, 6, 7, 8, 9, 10, 11, 12, 13, 14, 15, 16, 17, 18, 19, 20, 21, 22, 23, 24, 25, 26, 27, 28, 29, 30, 31, 32, 33, 34, 35, 36, 37, 38, 39, 40, 41, 42, 43, 44, 45, 46, 47, 48, 49, 50, 51, 52, 53, 54, 55, 56, 57, 58, 59, 60, 61, 62, 63, 64, 1 ],
\[ 2, 1, 3, 4, 5, 6, 7, 8, 9, 10, 11, 12, 13, 14, 15, 16, 17, 18, 19, 20, 21, 22, 23, 24, 25, 26, 27, 28, 29, 30, 31, 32, 33, 34, 35, 36, 37, 38, 39, 40, 41, 42, 43, 44, 45, 46, 47, 48, 49, 50, 51, 52, 53, 54, 55, 56, 57, 58, 59, 60, 61, 62, 63, 64 ]:
 Order := 126886932185884164103433389335161480802865516174545192198801894375214704230400000000000000 > |
[ 17, 41, 10, 38, 53, 54, 4, 14, 50, 33, 24, 64, 11, 19, 39, 44, 37, 42, 28, 23, 45, 48, 47, 27, 43, 3, 13, 8, 21, 62, 25, 30, 26, 1, 40, 7, 34, 36, 52, 58, 22, 49, 57, 56, 61, 20, 46, 2, 59, 5, 35, 60, 9, 12, 16, 55, 31, 51, 18, 15, 29, 63, 32, 6 ],
[ 18, 42, 32, 6, 3, 59, 5, 44, 49, 47, 1, 10, 12, 58, 30, 7, 19, 16, 63, 24, 54, 26, 25, 22, 64, 51, 9, 23, 53, 31, 50, 11, 56, 15, 61, 2, 33, 37, 46, 13, 28, 40, 17, 45, 34, 21, 36, 39, 62, 8, 4, 55, 52, 14, 43, 27, 48, 57, 20, 35, 41, 38, 29, 60 ],
[ 45, 57, 22, 16, 31, 25, 47, 41, 29, 5, 40, 21, 56, 50, 64, 52, 11, 6, 54, 39, 63, 61, 59, 32, 30, 37, 20, 17, 35, 3, 58, 19, 12, 38, 26, 62, 43, 51, 34, 60, 36, 1, 23, 18, 46, 10, 28, 24, 2, 27, 14, 48, 7, 4, 33, 8, 55, 42, 9, 53, 44, 15, 49, 13 ]
]
];
s`SolvableDBMonodromyGroup := PermutationGroup<64 |  
\[ 12, 37, 8, 57, 2, 5, 43, 49, 22, 14, 29, 9, 61, 59, 33, 20, 64, 15, 18, 62, 36, 1, 63, 21, 24, 28, 45, 42, 38, 35, 11, 51, 19, 54, 55, 25, 6, 31, 26, 16, 34, 39, 27, 23, 7, 30, 32, 17, 52, 48, 56, 3, 41, 53, 46, 47, 13, 44, 60, 10, 4, 40, 58, 50 ],
\[ 3, 10, 16, 22, 18, 26, 1, 30, 33, 40, 5, 42, 2, 46, 44, 11, 52, 32, 55, 4, 48, 59, 61, 6, 41, 20, 37, 35, 17, 45, 34, 7, 62, 8, 25, 12, 49, 9, 58, 36, 60, 47, 53, 31, 50, 57, 13, 14, 56, 15, 24, 63, 19, 39, 29, 38, 54, 21, 51, 23, 64, 27, 43, 28 ],
\[ 4, 11, 17, 23, 24, 27, 30, 1, 36, 41, 44, 7, 46, 2, 5, 10, 21, 53, 9, 3, 51, 38, 15, 35, 40, 54, 63, 6, 16, 14, 56, 42, 50, 25, 8, 58, 13, 55, 12, 33, 43, 64, 32, 39, 62, 19, 49, 45, 34, 61, 18, 37, 57, 31, 28, 59, 20, 52, 48, 22, 47, 26, 60, 29 ] >;
s`SolvableDBAutomorphismGroup := PermutationGroup<64 |  
\[ 32, 20, 7, 42, 16, 40, 18, 43, 56, 4, 3, 51, 26, 57, 29, 1, 30, 11, 31, 12, 14, 47, 64, 10, 60, 36, 33, 25, 8, 53, 52, 5, 38, 63, 41, 59, 62, 49, 21, 22, 23, 24, 15, 17, 19, 54, 6, 46, 27, 55, 2, 45, 44, 58, 34, 37, 39, 48, 13, 61, 28, 9, 50, 35 ],
\[ 18, 8, 32, 53, 3, 52, 5, 51, 33, 30, 1, 15, 34, 35, 20, 7, 42, 16, 40, 43, 64, 19, 57, 17, 48, 63, 37, 58, 12, 24, 22, 11, 62, 59, 21, 50, 49, 9, 23, 45, 14, 44, 2, 4, 6, 25, 31, 28, 56, 26, 29, 47, 10, 60, 36, 38, 41, 61, 55, 46, 54, 27, 13, 39 ],
\[ 62, 47, 27, 26, 56, 51, 33, 45, 16, 13, 49, 40, 42, 61, 31, 37, 63, 38, 29, 6, 60, 20, 54, 59, 14, 24, 18, 21, 52, 50, 8, 9, 11, 30, 48, 10, 32, 3, 25, 2, 46, 36, 19, 34, 15, 64, 12, 23, 7, 44, 22, 43, 55, 35, 17, 1, 28, 41, 4, 57, 39, 5, 53, 58 ],
\[ 2, 9, 10, 11, 12, 1, 13, 14, 6, 33, 36, 37, 38, 19, 39, 40, 41, 42, 28, 16, 43, 5, 44, 7, 45, 3, 4, 8, 25, 46, 21, 47, 26, 48, 30, 27, 22, 24, 52, 62, 50, 49, 61, 58, 57, 55, 56, 53, 59, 54, 32, 60, 64, 17, 35, 51, 29, 63, 18, 15, 31, 20, 23, 34 ]:
 Order := 64 >;
s`SolvableDBPointedAutomorphismGroup := PermutationGroup<64 |  
\[ 9, 6, 33, 36, 37, 2, 38, 19, 1, 26, 27, 22, 24, 28, 52, 62, 50, 49, 8, 40, 61, 12, 58, 13, 57, 10, 11, 14, 45, 55, 43, 56, 3, 53, 46, 4, 5, 7, 60, 20, 54, 59, 31, 63, 29, 35, 51, 64, 18, 17, 47, 15, 34, 41, 30, 32, 25, 23, 42, 39, 21, 16, 44, 48 ],
\[ 22, 5, 59, 38, 6, 37, 4, 60, 12, 18, 24, 1, 11, 15, 28, 51, 48, 26, 39, 56, 45, 9, 55, 27, 43, 49, 13, 52, 21, 23, 25, 20, 42, 41, 63, 7, 2, 36, 8, 32, 53, 3, 57, 35, 61, 44, 16, 50, 10, 64, 62, 14, 54, 34, 58, 40, 31, 30, 33, 19, 29, 47, 46, 17 ]:
 Order := 4 >;
s`SolvableDBPathToPP1 := [ Strings() | "PP1", "2T1-2,1,2-g0-path1", "4T2-2,2,2-g0-path2", "8T4-2,4,2-g0-path2", "16T10-2,4,4-g1-path5", "32S6-4,4,4-g5-path3", "64S36-4,8,8-g17-path1" ];
s`SolvableDBChild := "32S6-4,4,4-g5-path3";

/*
Return for eval
*/

return s;
