s := SolvableDBInitialize();

/*
Magma printing
*/

s`SolvableDBName := "64S3-8,8,8-g21-path62";
s`SolvableDBFilename := "64S3-8,8,8-g21-path62.m";
s`SolvableDBPassportName := "64S3-8,8,8-g21";
s`SolvableDBPathNumber := 62;
s`SolvableDBDegree := 64;
s`SolvableDBOrders := \[ 8, 8, 8 ];
s`SolvableDBType := "Hyperbolic";
s`SolvableDBGenus := 21;
s`SolvableDBGaloisOrbitSize := 1;
s`SolvableDBPassportSize := 3;
s`SolvableDBPointedPassportSize := 3;
s`SolvableDBLevel := 6;
s`SolvableDBBlocks := {@ PowerSet(IntegerRing()) |
{ IntegerRing() | 1, 5 },
{ IntegerRing() | 2, 11 },
{ IntegerRing() | 3, 16 },
{ IntegerRing() | 4, 21 },
{ IntegerRing() | 6, 19 },
{ IntegerRing() | 7, 10 },
{ IntegerRing() | 8, 14 },
{ IntegerRing() | 9, 34 },
{ IntegerRing() | 12, 27 },
{ IntegerRing() | 13, 30 },
{ IntegerRing() | 15, 42 },
{ IntegerRing() | 17, 24 },
{ IntegerRing() | 18, 31 },
{ IntegerRing() | 20, 32 },
{ IntegerRing() | 22, 25 },
{ IntegerRing() | 23, 28 },
{ IntegerRing() | 26, 46 },
{ IntegerRing() | 29, 37 },
{ IntegerRing() | 33, 54 },
{ IntegerRing() | 35, 38 },
{ IntegerRing() | 36, 40 },
{ IntegerRing() | 39, 51 },
{ IntegerRing() | 41, 62 },
{ IntegerRing() | 43, 45 },
{ IntegerRing() | 44, 48 },
{ IntegerRing() | 47, 49 },
{ IntegerRing() | 50, 63 },
{ IntegerRing() | 52, 56 },
{ IntegerRing() | 53, 61 },
{ IntegerRing() | 55, 57 },
{ IntegerRing() | 58, 59 },
{ IntegerRing() | 60, 64 }
@};
s`SolvableDBIsRamifiedAtEveryLevel := true;
s`SolvableDBGaloisOrbit := [ PowerSequence(PermutationGroup<64 |  
\[ 2, 3, 4, 5, 6, 7, 8, 9, 10, 11, 12, 13, 14, 15, 16, 17, 18, 19, 20, 21, 22, 23, 24, 25, 26, 27, 28, 29, 30, 31, 32, 33, 34, 35, 36, 37, 38, 39, 40, 41, 42, 43, 44, 45, 46, 47, 48, 49, 50, 51, 52, 53, 54, 55, 56, 57, 58, 59, 60, 61, 62, 63, 64, 1 ],
\[ 2, 1, 3, 4, 5, 6, 7, 8, 9, 10, 11, 12, 13, 14, 15, 16, 17, 18, 19, 20, 21, 22, 23, 24, 25, 26, 27, 28, 29, 30, 31, 32, 33, 34, 35, 36, 37, 38, 39, 40, 41, 42, 43, 44, 45, 46, 47, 48, 49, 50, 51, 52, 53, 54, 55, 56, 57, 58, 59, 60, 61, 62, 63, 64 ]:
 Order := 126886932185884164103433389335161480802865516174545192198801894375214704230400000000000000 >) |
[ PermutationGroup<64 |  
\[ 2, 3, 4, 5, 6, 7, 8, 9, 10, 11, 12, 13, 14, 15, 16, 17, 18, 19, 20, 21, 22, 23, 24, 25, 26, 27, 28, 29, 30, 31, 32, 33, 34, 35, 36, 37, 38, 39, 40, 41, 42, 43, 44, 45, 46, 47, 48, 49, 50, 51, 52, 53, 54, 55, 56, 57, 58, 59, 60, 61, 62, 63, 64, 1 ],
\[ 2, 1, 3, 4, 5, 6, 7, 8, 9, 10, 11, 12, 13, 14, 15, 16, 17, 18, 19, 20, 21, 22, 23, 24, 25, 26, 27, 28, 29, 30, 31, 32, 33, 34, 35, 36, 37, 38, 39, 40, 41, 42, 43, 44, 45, 46, 47, 48, 49, 50, 51, 52, 53, 54, 55, 56, 57, 58, 59, 60, 61, 62, 63, 64 ]:
 Order := 126886932185884164103433389335161480802865516174545192198801894375214704230400000000000000 > |
[ 11, 34, 8, 10, 2, 5, 12, 13, 54, 27, 9, 35, 36, 30, 18, 14, 16, 20, 1, 28, 7, 21, 29, 3, 4, 19, 38, 37, 51, 40, 32, 23, 61, 33, 55, 56, 39, 57, 59, 52, 44, 31, 42, 25, 15, 6, 24, 22, 17, 46, 58, 60, 63, 53, 62, 64, 41, 43, 45, 49, 50, 48, 26, 47 ],
[ 3, 8, 15, 19, 16, 24, 1, 31, 13, 5, 14, 2, 20, 18, 41, 42, 45, 48, 17, 25, 6, 26, 4, 43, 46, 47, 11, 21, 7, 32, 44, 22, 36, 30, 9, 23, 10, 34, 12, 28, 61, 62, 57, 63, 55, 49, 59, 50, 58, 64, 27, 29, 56, 40, 33, 37, 54, 35, 38, 39, 52, 53, 60, 51 ],
[ 4, 10, 6, 20, 21, 25, 28, 1, 27, 23, 7, 29, 2, 5, 17, 19, 46, 3, 22, 14, 32, 18, 30, 26, 31, 44, 37, 13, 36, 11, 16, 8, 38, 12, 39, 9, 40, 51, 56, 34, 43, 24, 49, 15, 47, 48, 50, 42, 63, 41, 52, 54, 57, 35, 58, 33, 59, 64, 60, 61, 55, 45, 62, 53 ]
]
];
s`SolvableDBPassport := [ PowerSequence(PermutationGroup<64 |  
\[ 11, 34, 8, 10, 2, 5, 12, 13, 54, 27, 9, 35, 36, 30, 18, 14, 16, 20, 1, 28, 7, 21, 29, 3, 4, 19, 38, 37, 51, 40, 32, 23, 61, 33, 55, 56, 39, 57, 59, 52, 44, 31, 42, 25, 15, 6, 24, 22, 17, 46, 58, 60, 63, 53, 62, 64, 41, 43, 45, 49, 50, 48, 26, 47 ],
\[ 3, 8, 15, 19, 16, 24, 1, 31, 13, 5, 14, 2, 20, 18, 41, 42, 45, 48, 17, 25, 6, 26, 4, 43, 46, 47, 11, 21, 7, 32, 44, 22, 36, 30, 9, 23, 10, 34, 12, 28, 61, 62, 57, 63, 55, 49, 59, 50, 58, 64, 27, 29, 56, 40, 33, 37, 54, 35, 38, 39, 52, 53, 60, 51 ],
\[ 4, 10, 6, 20, 21, 25, 28, 1, 27, 23, 7, 29, 2, 5, 17, 19, 46, 3, 22, 14, 32, 18, 30, 26, 31, 44, 37, 13, 36, 11, 16, 8, 38, 12, 39, 9, 40, 51, 56, 34, 43, 24, 49, 15, 47, 48, 50, 42, 63, 41, 52, 54, 57, 35, 58, 33, 59, 64, 60, 61, 55, 45, 62, 53 ]:
 Order := 64 >) |
[ PermutationGroup<64 |  
\[ 11, 34, 8, 10, 2, 5, 12, 13, 54, 27, 9, 35, 36, 30, 18, 14, 16, 20, 1, 28, 7, 21, 29, 3, 4, 19, 38, 37, 51, 40, 32, 23, 61, 33, 55, 56, 39, 57, 59, 52, 44, 31, 42, 25, 15, 6, 24, 22, 17, 46, 58, 60, 63, 53, 62, 64, 41, 43, 45, 49, 50, 48, 26, 47 ],
\[ 3, 8, 15, 19, 16, 24, 1, 31, 13, 5, 14, 2, 20, 18, 41, 42, 45, 48, 17, 25, 6, 26, 4, 43, 46, 47, 11, 21, 7, 32, 44, 22, 36, 30, 9, 23, 10, 34, 12, 28, 61, 62, 57, 63, 55, 49, 59, 50, 58, 64, 27, 29, 56, 40, 33, 37, 54, 35, 38, 39, 52, 53, 60, 51 ],
\[ 4, 10, 6, 20, 21, 25, 28, 1, 27, 23, 7, 29, 2, 5, 17, 19, 46, 3, 22, 14, 32, 18, 30, 26, 31, 44, 37, 13, 36, 11, 16, 8, 38, 12, 39, 9, 40, 51, 56, 34, 43, 24, 49, 15, 47, 48, 50, 42, 63, 41, 52, 54, 57, 35, 58, 33, 59, 64, 60, 61, 55, 45, 62, 53 ]:
 Order := 64 > |
[ 11, 34, 8, 10, 2, 5, 12, 13, 54, 27, 9, 35, 36, 30, 18, 14, 16, 20, 1, 28, 7, 21, 29, 3, 4, 19, 38, 37, 51, 40, 32, 23, 61, 33, 55, 56, 39, 57, 59, 52, 44, 31, 42, 25, 15, 6, 24, 22, 17, 46, 58, 60, 63, 53, 62, 64, 41, 43, 45, 49, 50, 48, 26, 47 ],
[ 16, 14, 42, 6, 3, 17, 5, 18, 30, 1, 8, 11, 32, 31, 62, 15, 43, 44, 24, 22, 19, 46, 21, 45, 26, 49, 2, 4, 10, 20, 48, 25, 40, 13, 34, 28, 7, 9, 27, 23, 53, 41, 55, 50, 57, 47, 58, 63, 59, 60, 12, 37, 52, 36, 54, 29, 33, 38, 35, 51, 56, 61, 64, 39 ],
[ 21, 7, 19, 32, 4, 22, 23, 5, 12, 28, 10, 37, 11, 1, 24, 6, 26, 16, 25, 8, 20, 31, 13, 46, 18, 48, 29, 30, 40, 2, 3, 14, 35, 27, 51, 34, 36, 39, 52, 9, 45, 17, 47, 42, 49, 44, 63, 15, 50, 62, 56, 33, 55, 38, 59, 54, 58, 60, 64, 53, 57, 43, 41, 61 ]
],
[ PermutationGroup<64 |  
\[ 11, 34, 8, 10, 2, 5, 12, 13, 54, 27, 9, 35, 36, 30, 18, 14, 16, 20, 1, 28, 7, 21, 29, 3, 4, 19, 38, 37, 51, 40, 32, 23, 61, 33, 55, 56, 39, 57, 59, 52, 44, 31, 42, 25, 15, 6, 24, 22, 17, 46, 58, 60, 63, 53, 62, 64, 41, 43, 45, 49, 50, 48, 26, 47 ],
\[ 3, 8, 15, 19, 16, 24, 1, 31, 13, 5, 14, 2, 20, 18, 41, 42, 45, 48, 17, 25, 6, 26, 4, 43, 46, 47, 11, 21, 7, 32, 44, 22, 36, 30, 9, 23, 10, 34, 12, 28, 61, 62, 57, 63, 55, 49, 59, 50, 58, 64, 27, 29, 56, 40, 33, 37, 54, 35, 38, 39, 52, 53, 60, 51 ],
\[ 4, 10, 6, 20, 21, 25, 28, 1, 27, 23, 7, 29, 2, 5, 17, 19, 46, 3, 22, 14, 32, 18, 30, 26, 31, 44, 37, 13, 36, 11, 16, 8, 38, 12, 39, 9, 40, 51, 56, 34, 43, 24, 49, 15, 47, 48, 50, 42, 63, 41, 52, 54, 57, 35, 58, 33, 59, 64, 60, 61, 55, 45, 62, 53 ]:
 Order := 64 > |
[ 11, 34, 8, 10, 2, 5, 12, 13, 54, 27, 9, 35, 36, 30, 18, 14, 16, 20, 1, 28, 7, 21, 29, 3, 4, 19, 38, 37, 51, 40, 32, 23, 61, 33, 55, 56, 39, 57, 59, 52, 44, 31, 42, 25, 15, 6, 24, 22, 17, 46, 58, 60, 63, 53, 62, 64, 41, 43, 45, 49, 50, 48, 26, 47 ],
[ 4, 10, 6, 20, 21, 25, 28, 1, 27, 23, 7, 29, 2, 5, 17, 19, 46, 3, 22, 14, 32, 18, 30, 26, 31, 44, 37, 13, 36, 11, 16, 8, 38, 12, 39, 9, 40, 51, 56, 34, 43, 24, 49, 15, 47, 48, 50, 42, 63, 41, 52, 54, 57, 35, 58, 33, 59, 64, 60, 61, 55, 45, 62, 53 ],
[ 16, 14, 42, 6, 3, 17, 5, 18, 30, 1, 8, 11, 32, 31, 62, 15, 43, 44, 24, 22, 19, 46, 21, 45, 26, 49, 2, 4, 10, 20, 48, 25, 40, 13, 34, 28, 7, 9, 27, 23, 53, 41, 55, 50, 57, 47, 58, 63, 59, 60, 12, 37, 52, 36, 54, 29, 33, 38, 35, 51, 56, 61, 64, 39 ]
],
[ PermutationGroup<64 |  
\[ 11, 34, 8, 10, 2, 5, 12, 13, 54, 27, 9, 35, 36, 30, 18, 14, 16, 20, 1, 28, 7, 21, 29, 3, 4, 19, 38, 37, 51, 40, 32, 23, 61, 33, 55, 56, 39, 57, 59, 52, 44, 31, 42, 25, 15, 6, 24, 22, 17, 46, 58, 60, 63, 53, 62, 64, 41, 43, 45, 49, 50, 48, 26, 47 ],
\[ 3, 8, 15, 19, 16, 24, 1, 31, 13, 5, 14, 2, 20, 18, 41, 42, 45, 48, 17, 25, 6, 26, 4, 43, 46, 47, 11, 21, 7, 32, 44, 22, 36, 30, 9, 23, 10, 34, 12, 28, 61, 62, 57, 63, 55, 49, 59, 50, 58, 64, 27, 29, 56, 40, 33, 37, 54, 35, 38, 39, 52, 53, 60, 51 ],
\[ 4, 10, 6, 20, 21, 25, 28, 1, 27, 23, 7, 29, 2, 5, 17, 19, 46, 3, 22, 14, 32, 18, 30, 26, 31, 44, 37, 13, 36, 11, 16, 8, 38, 12, 39, 9, 40, 51, 56, 34, 43, 24, 49, 15, 47, 48, 50, 42, 63, 41, 52, 54, 57, 35, 58, 33, 59, 64, 60, 61, 55, 45, 62, 53 ]:
 Order := 64 > |
[ 4, 10, 6, 20, 21, 25, 28, 1, 27, 23, 7, 29, 2, 5, 17, 19, 46, 3, 22, 14, 32, 18, 30, 26, 31, 44, 37, 13, 36, 11, 16, 8, 38, 12, 39, 9, 40, 51, 56, 34, 43, 24, 49, 15, 47, 48, 50, 42, 63, 41, 52, 54, 57, 35, 58, 33, 59, 64, 60, 61, 55, 45, 62, 53 ],
[ 11, 34, 8, 10, 2, 5, 12, 13, 54, 27, 9, 35, 36, 30, 18, 14, 16, 20, 1, 28, 7, 21, 29, 3, 4, 19, 38, 37, 51, 40, 32, 23, 61, 33, 55, 56, 39, 57, 59, 52, 44, 31, 42, 25, 15, 6, 24, 22, 17, 46, 58, 60, 63, 53, 62, 64, 41, 43, 45, 49, 50, 48, 26, 47 ],
[ 3, 8, 15, 19, 16, 24, 1, 31, 13, 5, 14, 2, 20, 18, 41, 42, 45, 48, 17, 25, 6, 26, 4, 43, 46, 47, 11, 21, 7, 32, 44, 22, 36, 30, 9, 23, 10, 34, 12, 28, 61, 62, 57, 63, 55, 49, 59, 50, 58, 64, 27, 29, 56, 40, 33, 37, 54, 35, 38, 39, 52, 53, 60, 51 ]
]
];
s`SolvableDBPointedPassport := [ PowerSequence(PermutationGroup<64 |  
\[ 2, 3, 4, 5, 6, 7, 8, 9, 10, 11, 12, 13, 14, 15, 16, 17, 18, 19, 20, 21, 22, 23, 24, 25, 26, 27, 28, 29, 30, 31, 32, 33, 34, 35, 36, 37, 38, 39, 40, 41, 42, 43, 44, 45, 46, 47, 48, 49, 50, 51, 52, 53, 54, 55, 56, 57, 58, 59, 60, 61, 62, 63, 64, 1 ],
\[ 2, 1, 3, 4, 5, 6, 7, 8, 9, 10, 11, 12, 13, 14, 15, 16, 17, 18, 19, 20, 21, 22, 23, 24, 25, 26, 27, 28, 29, 30, 31, 32, 33, 34, 35, 36, 37, 38, 39, 40, 41, 42, 43, 44, 45, 46, 47, 48, 49, 50, 51, 52, 53, 54, 55, 56, 57, 58, 59, 60, 61, 62, 63, 64 ]:
 Order := 126886932185884164103433389335161480802865516174545192198801894375214704230400000000000000 >) |
[ PermutationGroup<64 |  
\[ 2, 3, 4, 5, 6, 7, 8, 9, 10, 11, 12, 13, 14, 15, 16, 17, 18, 19, 20, 21, 22, 23, 24, 25, 26, 27, 28, 29, 30, 31, 32, 33, 34, 35, 36, 37, 38, 39, 40, 41, 42, 43, 44, 45, 46, 47, 48, 49, 50, 51, 52, 53, 54, 55, 56, 57, 58, 59, 60, 61, 62, 63, 64, 1 ],
\[ 2, 1, 3, 4, 5, 6, 7, 8, 9, 10, 11, 12, 13, 14, 15, 16, 17, 18, 19, 20, 21, 22, 23, 24, 25, 26, 27, 28, 29, 30, 31, 32, 33, 34, 35, 36, 37, 38, 39, 40, 41, 42, 43, 44, 45, 46, 47, 48, 49, 50, 51, 52, 53, 54, 55, 56, 57, 58, 59, 60, 61, 62, 63, 64 ]:
 Order := 126886932185884164103433389335161480802865516174545192198801894375214704230400000000000000 > |
[ 11, 34, 8, 10, 2, 5, 12, 13, 54, 27, 9, 35, 36, 30, 18, 14, 16, 20, 1, 28, 7, 21, 29, 3, 4, 19, 38, 37, 51, 40, 32, 23, 61, 33, 55, 56, 39, 57, 59, 52, 44, 31, 42, 25, 15, 6, 24, 22, 17, 46, 58, 60, 63, 53, 62, 64, 41, 43, 45, 49, 50, 48, 26, 47 ],
[ 3, 8, 15, 19, 16, 24, 1, 31, 13, 5, 14, 2, 20, 18, 41, 42, 45, 48, 17, 25, 6, 26, 4, 43, 46, 47, 11, 21, 7, 32, 44, 22, 36, 30, 9, 23, 10, 34, 12, 28, 61, 62, 57, 63, 55, 49, 59, 50, 58, 64, 27, 29, 56, 40, 33, 37, 54, 35, 38, 39, 52, 53, 60, 51 ],
[ 4, 10, 6, 20, 21, 25, 28, 1, 27, 23, 7, 29, 2, 5, 17, 19, 46, 3, 22, 14, 32, 18, 30, 26, 31, 44, 37, 13, 36, 11, 16, 8, 38, 12, 39, 9, 40, 51, 56, 34, 43, 24, 49, 15, 47, 48, 50, 42, 63, 41, 52, 54, 57, 35, 58, 33, 59, 64, 60, 61, 55, 45, 62, 53 ]
],
[ PermutationGroup<64 |  
\[ 2, 3, 4, 5, 6, 7, 8, 9, 10, 11, 12, 13, 14, 15, 16, 17, 18, 19, 20, 21, 22, 23, 24, 25, 26, 27, 28, 29, 30, 31, 32, 33, 34, 35, 36, 37, 38, 39, 40, 41, 42, 43, 44, 45, 46, 47, 48, 49, 50, 51, 52, 53, 54, 55, 56, 57, 58, 59, 60, 61, 62, 63, 64, 1 ],
\[ 2, 1, 3, 4, 5, 6, 7, 8, 9, 10, 11, 12, 13, 14, 15, 16, 17, 18, 19, 20, 21, 22, 23, 24, 25, 26, 27, 28, 29, 30, 31, 32, 33, 34, 35, 36, 37, 38, 39, 40, 41, 42, 43, 44, 45, 46, 47, 48, 49, 50, 51, 52, 53, 54, 55, 56, 57, 58, 59, 60, 61, 62, 63, 64 ]:
 Order := 126886932185884164103433389335161480802865516174545192198801894375214704230400000000000000 > |
[ 11, 34, 8, 10, 2, 5, 12, 13, 54, 27, 9, 35, 36, 30, 18, 14, 16, 20, 1, 28, 7, 21, 29, 3, 4, 19, 38, 37, 51, 40, 32, 23, 61, 33, 55, 56, 39, 57, 59, 52, 44, 31, 42, 25, 15, 6, 24, 22, 17, 46, 58, 60, 63, 53, 62, 64, 41, 43, 45, 49, 50, 48, 26, 47 ],
[ 21, 7, 19, 32, 4, 22, 23, 5, 12, 28, 10, 37, 11, 1, 24, 6, 26, 16, 25, 8, 20, 31, 13, 46, 18, 48, 29, 30, 40, 2, 3, 14, 35, 27, 51, 34, 36, 39, 52, 9, 45, 17, 47, 42, 49, 44, 63, 15, 50, 62, 56, 33, 55, 38, 59, 54, 58, 60, 64, 53, 57, 43, 41, 61 ],
[ 3, 8, 15, 19, 16, 24, 1, 31, 13, 5, 14, 2, 20, 18, 41, 42, 45, 48, 17, 25, 6, 26, 4, 43, 46, 47, 11, 21, 7, 32, 44, 22, 36, 30, 9, 23, 10, 34, 12, 28, 61, 62, 57, 63, 55, 49, 59, 50, 58, 64, 27, 29, 56, 40, 33, 37, 54, 35, 38, 39, 52, 53, 60, 51 ]
],
[ PermutationGroup<64 |  
\[ 2, 3, 4, 5, 6, 7, 8, 9, 10, 11, 12, 13, 14, 15, 16, 17, 18, 19, 20, 21, 22, 23, 24, 25, 26, 27, 28, 29, 30, 31, 32, 33, 34, 35, 36, 37, 38, 39, 40, 41, 42, 43, 44, 45, 46, 47, 48, 49, 50, 51, 52, 53, 54, 55, 56, 57, 58, 59, 60, 61, 62, 63, 64, 1 ],
\[ 2, 1, 3, 4, 5, 6, 7, 8, 9, 10, 11, 12, 13, 14, 15, 16, 17, 18, 19, 20, 21, 22, 23, 24, 25, 26, 27, 28, 29, 30, 31, 32, 33, 34, 35, 36, 37, 38, 39, 40, 41, 42, 43, 44, 45, 46, 47, 48, 49, 50, 51, 52, 53, 54, 55, 56, 57, 58, 59, 60, 61, 62, 63, 64 ]:
 Order := 126886932185884164103433389335161480802865516174545192198801894375214704230400000000000000 > |
[ 21, 7, 19, 32, 4, 22, 23, 5, 12, 28, 10, 37, 11, 1, 24, 6, 26, 16, 25, 8, 20, 31, 13, 46, 18, 48, 29, 30, 40, 2, 3, 14, 35, 27, 51, 34, 36, 39, 52, 9, 45, 17, 47, 42, 49, 44, 63, 15, 50, 62, 56, 33, 55, 38, 59, 54, 58, 60, 64, 53, 57, 43, 41, 61 ],
[ 11, 34, 8, 10, 2, 5, 12, 13, 54, 27, 9, 35, 36, 30, 18, 14, 16, 20, 1, 28, 7, 21, 29, 3, 4, 19, 38, 37, 51, 40, 32, 23, 61, 33, 55, 56, 39, 57, 59, 52, 44, 31, 42, 25, 15, 6, 24, 22, 17, 46, 58, 60, 63, 53, 62, 64, 41, 43, 45, 49, 50, 48, 26, 47 ],
[ 16, 14, 42, 6, 3, 17, 5, 18, 30, 1, 8, 11, 32, 31, 62, 15, 43, 44, 24, 22, 19, 46, 21, 45, 26, 49, 2, 4, 10, 20, 48, 25, 40, 13, 34, 28, 7, 9, 27, 23, 53, 41, 55, 50, 57, 47, 58, 63, 59, 60, 12, 37, 52, 36, 54, 29, 33, 38, 35, 51, 56, 61, 64, 39 ]
]
];
s`SolvableDBMonodromyGroup := PermutationGroup<64 |  
\[ 11, 34, 8, 10, 2, 5, 12, 13, 54, 27, 9, 35, 36, 30, 18, 14, 16, 20, 1, 28, 7, 21, 29, 3, 4, 19, 38, 37, 51, 40, 32, 23, 61, 33, 55, 56, 39, 57, 59, 52, 44, 31, 42, 25, 15, 6, 24, 22, 17, 46, 58, 60, 63, 53, 62, 64, 41, 43, 45, 49, 50, 48, 26, 47 ],
\[ 3, 8, 15, 19, 16, 24, 1, 31, 13, 5, 14, 2, 20, 18, 41, 42, 45, 48, 17, 25, 6, 26, 4, 43, 46, 47, 11, 21, 7, 32, 44, 22, 36, 30, 9, 23, 10, 34, 12, 28, 61, 62, 57, 63, 55, 49, 59, 50, 58, 64, 27, 29, 56, 40, 33, 37, 54, 35, 38, 39, 52, 53, 60, 51 ],
\[ 4, 10, 6, 20, 21, 25, 28, 1, 27, 23, 7, 29, 2, 5, 17, 19, 46, 3, 22, 14, 32, 18, 30, 26, 31, 44, 37, 13, 36, 11, 16, 8, 38, 12, 39, 9, 40, 51, 56, 34, 43, 24, 49, 15, 47, 48, 50, 42, 63, 41, 52, 54, 57, 35, 58, 33, 59, 64, 60, 61, 55, 45, 62, 53 ] >;
s`SolvableDBAutomorphismGroup := PermutationGroup<64 |  
\[ 63, 46, 60, 62, 50, 61, 44, 49, 19, 48, 26, 25, 17, 47, 39, 64, 56, 59, 53, 45, 41, 57, 42, 52, 55, 54, 22, 15, 31, 24, 58, 43, 5, 6, 4, 16, 18, 21, 20, 3, 12, 51, 29, 35, 37, 33, 40, 38, 36, 34, 32, 8, 11, 1, 10, 14, 7, 23, 28, 13, 2, 27, 9, 30 ],
\[ 64, 49, 51, 53, 60, 52, 50, 58, 24, 63, 47, 46, 43, 59, 27, 39, 37, 38, 56, 57, 61, 33, 62, 29, 54, 36, 26, 41, 48, 45, 35, 55, 16, 17, 6, 42, 44, 19, 25, 15, 11, 12, 7, 9, 10, 40, 23, 34, 28, 30, 22, 18, 8, 3, 5, 31, 1, 21, 4, 20, 14, 2, 13, 32 ]:
 Order := 64 >;
s`SolvableDBPointedAutomorphismGroup := PermutationGroup<64 |  
\[ 54, 61, 40, 35, 33, 34, 57, 52, 63, 55, 53, 41, 60, 56, 28, 36, 13, 37, 9, 39, 38, 27, 58, 30, 12, 11, 62, 59, 43, 64, 29, 51, 46, 50, 44, 49, 45, 48, 15, 47, 21, 23, 32, 7, 20, 2, 14, 10, 8, 5, 42, 24, 19, 26, 25, 17, 22, 31, 18, 3, 6, 4, 1, 16 ]:
 Order := 8 >;
s`SolvableDBPathToPP1 := [ Strings() | "PP1", "2T1-2,2,1-g0-path1", "4T2-2,2,2-g0-path3", "8T2-4,2,4-g1-path5", "16T4-4,4,4-g3-path6", "32S3-8,8,4-g9-path10", "64S3-8,8,8-g21-path62" ];
s`SolvableDBChild := "32S3-8,8,4-g9-path10";

/*
Return for eval
*/

return s;
