s := SolvableDBObjectInitialize();

/*
Basic Information about the Passport
*/

s`SolvableDBName := "64S3-8,8,8-g21-path58";
s`SolvableDBFilename := "64S3-8,8,8-g21-path58.m";
s`SolvableDBPathNumber := 58;
s`SolvableDBDegree := 64;
s`SolvableDBABC := \[ 8, 8, 8 ];
s`SolvableDBType := "Hyperbolic";
s`SolvableDBGenus := 21;
s`SolvableDBGaloisOrbitSize := 1;
s`SolvableDBPassportSize := 3;
s`SolvableDBPointedPassportSize := 3;
s`SolvableDBLevel := 6;
s`SolvableDBBlocks := {@ PowerSet(IntegerRing()) |
{ IntegerRing() | 1, 5 },
{ IntegerRing() | 2, 11 },
{ IntegerRing() | 3, 16 },
{ IntegerRing() | 4, 21 },
{ IntegerRing() | 6, 15 },
{ IntegerRing() | 7, 19 },
{ IntegerRing() | 8, 10 },
{ IntegerRing() | 9, 34 },
{ IntegerRing() | 12, 27 },
{ IntegerRing() | 13, 30 },
{ IntegerRing() | 14, 29 },
{ IntegerRing() | 17, 24 },
{ IntegerRing() | 18, 31 },
{ IntegerRing() | 20, 44 },
{ IntegerRing() | 22, 25 },
{ IntegerRing() | 23, 28 },
{ IntegerRing() | 26, 41 },
{ IntegerRing() | 32, 37 },
{ IntegerRing() | 33, 54 },
{ IntegerRing() | 35, 38 },
{ IntegerRing() | 36, 39 },
{ IntegerRing() | 40, 51 },
{ IntegerRing() | 42, 48 },
{ IntegerRing() | 43, 62 },
{ IntegerRing() | 45, 46 },
{ IntegerRing() | 47, 49 },
{ IntegerRing() | 50, 61 },
{ IntegerRing() | 52, 55 },
{ IntegerRing() | 53, 63 },
{ IntegerRing() | 56, 57 },
{ IntegerRing() | 58, 59 },
{ IntegerRing() | 60, 64 }
@};

/*
Permutations and Passports
*/

s`SolvableDBGaloisOrbit := [ PowerSequence(PermutationGroup<64 |  
\[ 2, 3, 4, 5, 6, 7, 8, 9, 10, 11, 12, 13, 14, 15, 16, 17, 18, 19, 20, 21, 22, 23, 24, 25, 26, 27, 28, 29, 30, 31, 32, 33, 34, 35, 36, 37, 38, 39, 40, 41, 42, 43, 44, 45, 46, 47, 48, 49, 50, 51, 52, 53, 54, 55, 56, 57, 58, 59, 60, 61, 62, 63, 64, 1 ],
\[ 2, 1, 3, 4, 5, 6, 7, 8, 9, 10, 11, 12, 13, 14, 15, 16, 17, 18, 19, 20, 21, 22, 23, 24, 25, 26, 27, 28, 29, 30, 31, 32, 33, 34, 35, 36, 37, 38, 39, 40, 41, 42, 43, 44, 45, 46, 47, 48, 49, 50, 51, 52, 53, 54, 55, 56, 57, 58, 59, 60, 61, 62, 63, 64 ]:
 Order := 126886932185884164103433389335161480802865516174545192198801894375214704230400000000000000 >) |
[ PermutationGroup<64 |  
\[ 2, 3, 4, 5, 6, 7, 8, 9, 10, 11, 12, 13, 14, 15, 16, 17, 18, 19, 20, 21, 22, 23, 24, 25, 26, 27, 28, 29, 30, 31, 32, 33, 34, 35, 36, 37, 38, 39, 40, 41, 42, 43, 44, 45, 46, 47, 48, 49, 50, 51, 52, 53, 54, 55, 56, 57, 58, 59, 60, 61, 62, 63, 64, 1 ],
\[ 2, 1, 3, 4, 5, 6, 7, 8, 9, 10, 11, 12, 13, 14, 15, 16, 17, 18, 19, 20, 21, 22, 23, 24, 25, 26, 27, 28, 29, 30, 31, 32, 33, 34, 35, 36, 37, 38, 39, 40, 41, 42, 43, 44, 45, 46, 47, 48, 49, 50, 51, 52, 53, 54, 55, 56, 57, 58, 59, 60, 61, 62, 63, 64 ]:
 Order := 126886932185884164103433389335161480802865516174545192198801894375214704230400000000000000 > |
[ 2, 9, 8, 19, 11, 1, 27, 30, 33, 13, 34, 38, 39, 18, 5, 10, 3, 37, 12, 28, 7, 4, 29, 16, 21, 6, 35, 14, 31, 36, 32, 40, 53, 54, 52, 57, 51, 55, 56, 58, 15, 17, 48, 23, 20, 44, 22, 24, 25, 26, 59, 64, 50, 63, 60, 43, 62, 46, 45, 47, 41, 42, 61, 49 ],
[ 3, 10, 14, 6, 16, 24, 1, 31, 30, 18, 8, 2, 32, 19, 17, 29, 23, 27, 5, 22, 15, 41, 4, 28, 26, 42, 11, 21, 7, 37, 12, 35, 39, 13, 9, 40, 38, 34, 51, 55, 48, 20, 45, 25, 49, 47, 50, 44, 61, 43, 52, 54, 57, 36, 33, 58, 59, 64, 60, 63, 62, 46, 56, 53 ],
[ 4, 7, 15, 20, 21, 25, 28, 1, 12, 5, 19, 14, 2, 24, 22, 6, 26, 3, 23, 43, 44, 46, 48, 41, 45, 47, 29, 42, 17, 11, 16, 8, 35, 27, 18, 9, 10, 31, 34, 13, 49, 61, 63, 62, 57, 56, 59, 50, 58, 64, 30, 32, 55, 38, 37, 33, 54, 36, 39, 40, 60, 53, 52, 51 ]
]
];
s`SolvableDBPassport := [ PowerSequence(PermutationGroup<64 |  
\[ 2, 9, 8, 19, 11, 1, 27, 30, 33, 13, 34, 38, 39, 18, 5, 10, 3, 37, 12, 28, 7, 4, 29, 16, 21, 6, 35, 14, 31, 36, 32, 40, 53, 54, 52, 57, 51, 55, 56, 58, 15, 17, 48, 23, 20, 44, 22, 24, 25, 26, 59, 64, 50, 63, 60, 43, 62, 46, 45, 47, 41, 42, 61, 49 ],
\[ 3, 10, 14, 6, 16, 24, 1, 31, 30, 18, 8, 2, 32, 19, 17, 29, 23, 27, 5, 22, 15, 41, 4, 28, 26, 42, 11, 21, 7, 37, 12, 35, 39, 13, 9, 40, 38, 34, 51, 55, 48, 20, 45, 25, 49, 47, 50, 44, 61, 43, 52, 54, 57, 36, 33, 58, 59, 64, 60, 63, 62, 46, 56, 53 ],
\[ 4, 7, 15, 20, 21, 25, 28, 1, 12, 5, 19, 14, 2, 24, 22, 6, 26, 3, 23, 43, 44, 46, 48, 41, 45, 47, 29, 42, 17, 11, 16, 8, 35, 27, 18, 9, 10, 31, 34, 13, 49, 61, 63, 62, 57, 56, 59, 50, 58, 64, 30, 32, 55, 38, 37, 33, 54, 36, 39, 40, 60, 53, 52, 51 ]:
 Order := 64 >) |
[ PermutationGroup<64 |  
\[ 2, 9, 8, 19, 11, 1, 27, 30, 33, 13, 34, 38, 39, 18, 5, 10, 3, 37, 12, 28, 7, 4, 29, 16, 21, 6, 35, 14, 31, 36, 32, 40, 53, 54, 52, 57, 51, 55, 56, 58, 15, 17, 48, 23, 20, 44, 22, 24, 25, 26, 59, 64, 50, 63, 60, 43, 62, 46, 45, 47, 41, 42, 61, 49 ],
\[ 3, 10, 14, 6, 16, 24, 1, 31, 30, 18, 8, 2, 32, 19, 17, 29, 23, 27, 5, 22, 15, 41, 4, 28, 26, 42, 11, 21, 7, 37, 12, 35, 39, 13, 9, 40, 38, 34, 51, 55, 48, 20, 45, 25, 49, 47, 50, 44, 61, 43, 52, 54, 57, 36, 33, 58, 59, 64, 60, 63, 62, 46, 56, 53 ],
\[ 4, 7, 15, 20, 21, 25, 28, 1, 12, 5, 19, 14, 2, 24, 22, 6, 26, 3, 23, 43, 44, 46, 48, 41, 45, 47, 29, 42, 17, 11, 16, 8, 35, 27, 18, 9, 10, 31, 34, 13, 49, 61, 63, 62, 57, 56, 59, 50, 58, 64, 30, 32, 55, 38, 37, 33, 54, 36, 39, 40, 60, 53, 52, 51 ]:
 Order := 64 > |
[ 2, 9, 8, 19, 11, 1, 27, 30, 33, 13, 34, 38, 39, 18, 5, 10, 3, 37, 12, 28, 7, 4, 29, 16, 21, 6, 35, 14, 31, 36, 32, 40, 53, 54, 52, 57, 51, 55, 56, 58, 15, 17, 48, 23, 20, 44, 22, 24, 25, 26, 59, 64, 50, 63, 60, 43, 62, 46, 45, 47, 41, 42, 61, 49 ],
[ 27, 38, 2, 29, 12, 19, 31, 34, 52, 9, 35, 32, 54, 8, 7, 11, 5, 13, 18, 17, 14, 28, 3, 1, 23, 21, 37, 16, 10, 33, 30, 39, 60, 55, 40, 63, 36, 51, 53, 57, 4, 6, 26, 24, 48, 42, 44, 15, 20, 22, 56, 59, 49, 64, 58, 61, 50, 43, 62, 45, 25, 41, 47, 46 ],
[ 42, 24, 20, 50, 48, 43, 26, 23, 3, 28, 17, 6, 29, 22, 62, 44, 46, 21, 41, 60, 61, 63, 47, 45, 53, 57, 15, 49, 25, 14, 4, 7, 10, 16, 1, 31, 19, 5, 18, 12, 56, 59, 51, 64, 52, 55, 33, 58, 54, 39, 27, 11, 30, 8, 2, 32, 37, 35, 38, 34, 36, 40, 13, 9 ]
],
[ PermutationGroup<64 |  
\[ 2, 9, 8, 19, 11, 1, 27, 30, 33, 13, 34, 38, 39, 18, 5, 10, 3, 37, 12, 28, 7, 4, 29, 16, 21, 6, 35, 14, 31, 36, 32, 40, 53, 54, 52, 57, 51, 55, 56, 58, 15, 17, 48, 23, 20, 44, 22, 24, 25, 26, 59, 64, 50, 63, 60, 43, 62, 46, 45, 47, 41, 42, 61, 49 ],
\[ 3, 10, 14, 6, 16, 24, 1, 31, 30, 18, 8, 2, 32, 19, 17, 29, 23, 27, 5, 22, 15, 41, 4, 28, 26, 42, 11, 21, 7, 37, 12, 35, 39, 13, 9, 40, 38, 34, 51, 55, 48, 20, 45, 25, 49, 47, 50, 44, 61, 43, 52, 54, 57, 36, 33, 58, 59, 64, 60, 63, 62, 46, 56, 53 ],
\[ 4, 7, 15, 20, 21, 25, 28, 1, 12, 5, 19, 14, 2, 24, 22, 6, 26, 3, 23, 43, 44, 46, 48, 41, 45, 47, 29, 42, 17, 11, 16, 8, 35, 27, 18, 9, 10, 31, 34, 13, 49, 61, 63, 62, 57, 56, 59, 50, 58, 64, 30, 32, 55, 38, 37, 33, 54, 36, 39, 40, 60, 53, 52, 51 ]:
 Order := 64 > |
[ 2, 9, 8, 19, 11, 1, 27, 30, 33, 13, 34, 38, 39, 18, 5, 10, 3, 37, 12, 28, 7, 4, 29, 16, 21, 6, 35, 14, 31, 36, 32, 40, 53, 54, 52, 57, 51, 55, 56, 58, 15, 17, 48, 23, 20, 44, 22, 24, 25, 26, 59, 64, 50, 63, 60, 43, 62, 46, 45, 47, 41, 42, 61, 49 ],
[ 3, 10, 14, 6, 16, 24, 1, 31, 30, 18, 8, 2, 32, 19, 17, 29, 23, 27, 5, 22, 15, 41, 4, 28, 26, 42, 11, 21, 7, 37, 12, 35, 39, 13, 9, 40, 38, 34, 51, 55, 48, 20, 45, 25, 49, 47, 50, 44, 61, 43, 52, 54, 57, 36, 33, 58, 59, 64, 60, 63, 62, 46, 56, 53 ],
[ 4, 7, 15, 20, 21, 25, 28, 1, 12, 5, 19, 14, 2, 24, 22, 6, 26, 3, 23, 43, 44, 46, 48, 41, 45, 47, 29, 42, 17, 11, 16, 8, 35, 27, 18, 9, 10, 31, 34, 13, 49, 61, 63, 62, 57, 56, 59, 50, 58, 64, 30, 32, 55, 38, 37, 33, 54, 36, 39, 40, 60, 53, 52, 51 ]
],
[ PermutationGroup<64 |  
\[ 2, 9, 8, 19, 11, 1, 27, 30, 33, 13, 34, 38, 39, 18, 5, 10, 3, 37, 12, 28, 7, 4, 29, 16, 21, 6, 35, 14, 31, 36, 32, 40, 53, 54, 52, 57, 51, 55, 56, 58, 15, 17, 48, 23, 20, 44, 22, 24, 25, 26, 59, 64, 50, 63, 60, 43, 62, 46, 45, 47, 41, 42, 61, 49 ],
\[ 3, 10, 14, 6, 16, 24, 1, 31, 30, 18, 8, 2, 32, 19, 17, 29, 23, 27, 5, 22, 15, 41, 4, 28, 26, 42, 11, 21, 7, 37, 12, 35, 39, 13, 9, 40, 38, 34, 51, 55, 48, 20, 45, 25, 49, 47, 50, 44, 61, 43, 52, 54, 57, 36, 33, 58, 59, 64, 60, 63, 62, 46, 56, 53 ],
\[ 4, 7, 15, 20, 21, 25, 28, 1, 12, 5, 19, 14, 2, 24, 22, 6, 26, 3, 23, 43, 44, 46, 48, 41, 45, 47, 29, 42, 17, 11, 16, 8, 35, 27, 18, 9, 10, 31, 34, 13, 49, 61, 63, 62, 57, 56, 59, 50, 58, 64, 30, 32, 55, 38, 37, 33, 54, 36, 39, 40, 60, 53, 52, 51 ]:
 Order := 64 > |
[ 3, 10, 14, 6, 16, 24, 1, 31, 30, 18, 8, 2, 32, 19, 17, 29, 23, 27, 5, 22, 15, 41, 4, 28, 26, 42, 11, 21, 7, 37, 12, 35, 39, 13, 9, 40, 38, 34, 51, 55, 48, 20, 45, 25, 49, 47, 50, 44, 61, 43, 52, 54, 57, 36, 33, 58, 59, 64, 60, 63, 62, 46, 56, 53 ],
[ 2, 9, 8, 19, 11, 1, 27, 30, 33, 13, 34, 38, 39, 18, 5, 10, 3, 37, 12, 28, 7, 4, 29, 16, 21, 6, 35, 14, 31, 36, 32, 40, 53, 54, 52, 57, 51, 55, 56, 58, 15, 17, 48, 23, 20, 44, 22, 24, 25, 26, 59, 64, 50, 63, 60, 43, 62, 46, 45, 47, 41, 42, 61, 49 ],
[ 21, 19, 6, 44, 4, 22, 23, 5, 27, 1, 7, 29, 11, 17, 25, 15, 41, 16, 28, 62, 20, 45, 42, 26, 46, 49, 14, 48, 24, 2, 3, 10, 38, 12, 31, 34, 8, 18, 9, 30, 47, 50, 53, 43, 56, 57, 58, 61, 59, 60, 13, 37, 52, 35, 32, 54, 33, 39, 36, 51, 64, 63, 55, 40 ]
]
];
s`SolvableDBPointedPassport := [ PowerSequence(PermutationGroup<64 |  
\[ 2, 9, 8, 19, 11, 1, 27, 30, 33, 13, 34, 38, 39, 18, 5, 10, 3, 37, 12, 28, 7, 4, 29, 16, 21, 6, 35, 14, 31, 36, 32, 40, 53, 54, 52, 57, 51, 55, 56, 58, 15, 17, 48, 23, 20, 44, 22, 24, 25, 26, 59, 64, 50, 63, 60, 43, 62, 46, 45, 47, 41, 42, 61, 49 ],
\[ 3, 10, 14, 6, 16, 24, 1, 31, 30, 18, 8, 2, 32, 19, 17, 29, 23, 27, 5, 22, 15, 41, 4, 28, 26, 42, 11, 21, 7, 37, 12, 35, 39, 13, 9, 40, 38, 34, 51, 55, 48, 20, 45, 25, 49, 47, 50, 44, 61, 43, 52, 54, 57, 36, 33, 58, 59, 64, 60, 63, 62, 46, 56, 53 ],
\[ 4, 7, 15, 20, 21, 25, 28, 1, 12, 5, 19, 14, 2, 24, 22, 6, 26, 3, 23, 43, 44, 46, 48, 41, 45, 47, 29, 42, 17, 11, 16, 8, 35, 27, 18, 9, 10, 31, 34, 13, 49, 61, 63, 62, 57, 56, 59, 50, 58, 64, 30, 32, 55, 38, 37, 33, 54, 36, 39, 40, 60, 53, 52, 51 ]:
 Order := 64 >) |
[ PermutationGroup<64 |  
\[ 2, 9, 8, 19, 11, 1, 27, 30, 33, 13, 34, 38, 39, 18, 5, 10, 3, 37, 12, 28, 7, 4, 29, 16, 21, 6, 35, 14, 31, 36, 32, 40, 53, 54, 52, 57, 51, 55, 56, 58, 15, 17, 48, 23, 20, 44, 22, 24, 25, 26, 59, 64, 50, 63, 60, 43, 62, 46, 45, 47, 41, 42, 61, 49 ],
\[ 3, 10, 14, 6, 16, 24, 1, 31, 30, 18, 8, 2, 32, 19, 17, 29, 23, 27, 5, 22, 15, 41, 4, 28, 26, 42, 11, 21, 7, 37, 12, 35, 39, 13, 9, 40, 38, 34, 51, 55, 48, 20, 45, 25, 49, 47, 50, 44, 61, 43, 52, 54, 57, 36, 33, 58, 59, 64, 60, 63, 62, 46, 56, 53 ],
\[ 4, 7, 15, 20, 21, 25, 28, 1, 12, 5, 19, 14, 2, 24, 22, 6, 26, 3, 23, 43, 44, 46, 48, 41, 45, 47, 29, 42, 17, 11, 16, 8, 35, 27, 18, 9, 10, 31, 34, 13, 49, 61, 63, 62, 57, 56, 59, 50, 58, 64, 30, 32, 55, 38, 37, 33, 54, 36, 39, 40, 60, 53, 52, 51 ]:
 Order := 64 > |
[ 2, 9, 8, 19, 11, 1, 27, 30, 33, 13, 34, 38, 39, 18, 5, 10, 3, 37, 12, 28, 7, 4, 29, 16, 21, 6, 35, 14, 31, 36, 32, 40, 53, 54, 52, 57, 51, 55, 56, 58, 15, 17, 48, 23, 20, 44, 22, 24, 25, 26, 59, 64, 50, 63, 60, 43, 62, 46, 45, 47, 41, 42, 61, 49 ],
[ 27, 38, 2, 29, 12, 19, 31, 34, 52, 9, 35, 32, 54, 8, 7, 11, 5, 13, 18, 17, 14, 28, 3, 1, 23, 21, 37, 16, 10, 33, 30, 39, 60, 55, 40, 63, 36, 51, 53, 57, 4, 6, 26, 24, 48, 42, 44, 15, 20, 22, 56, 59, 49, 64, 58, 61, 50, 43, 62, 45, 25, 41, 47, 46 ],
[ 42, 24, 20, 50, 48, 43, 26, 23, 3, 28, 17, 6, 29, 22, 62, 44, 46, 21, 41, 60, 61, 63, 47, 45, 53, 57, 15, 49, 25, 14, 4, 7, 10, 16, 1, 31, 19, 5, 18, 12, 56, 59, 51, 64, 52, 55, 33, 58, 54, 39, 27, 11, 30, 8, 2, 32, 37, 35, 38, 34, 36, 40, 13, 9 ]
],
[ PermutationGroup<64 |  
\[ 2, 9, 8, 19, 11, 1, 27, 30, 33, 13, 34, 38, 39, 18, 5, 10, 3, 37, 12, 28, 7, 4, 29, 16, 21, 6, 35, 14, 31, 36, 32, 40, 53, 54, 52, 57, 51, 55, 56, 58, 15, 17, 48, 23, 20, 44, 22, 24, 25, 26, 59, 64, 50, 63, 60, 43, 62, 46, 45, 47, 41, 42, 61, 49 ],
\[ 3, 10, 14, 6, 16, 24, 1, 31, 30, 18, 8, 2, 32, 19, 17, 29, 23, 27, 5, 22, 15, 41, 4, 28, 26, 42, 11, 21, 7, 37, 12, 35, 39, 13, 9, 40, 38, 34, 51, 55, 48, 20, 45, 25, 49, 47, 50, 44, 61, 43, 52, 54, 57, 36, 33, 58, 59, 64, 60, 63, 62, 46, 56, 53 ],
\[ 4, 7, 15, 20, 21, 25, 28, 1, 12, 5, 19, 14, 2, 24, 22, 6, 26, 3, 23, 43, 44, 46, 48, 41, 45, 47, 29, 42, 17, 11, 16, 8, 35, 27, 18, 9, 10, 31, 34, 13, 49, 61, 63, 62, 57, 56, 59, 50, 58, 64, 30, 32, 55, 38, 37, 33, 54, 36, 39, 40, 60, 53, 52, 51 ]:
 Order := 64 > |
[ 2, 9, 8, 19, 11, 1, 27, 30, 33, 13, 34, 38, 39, 18, 5, 10, 3, 37, 12, 28, 7, 4, 29, 16, 21, 6, 35, 14, 31, 36, 32, 40, 53, 54, 52, 57, 51, 55, 56, 58, 15, 17, 48, 23, 20, 44, 22, 24, 25, 26, 59, 64, 50, 63, 60, 43, 62, 46, 45, 47, 41, 42, 61, 49 ],
[ 3, 10, 14, 6, 16, 24, 1, 31, 30, 18, 8, 2, 32, 19, 17, 29, 23, 27, 5, 22, 15, 41, 4, 28, 26, 42, 11, 21, 7, 37, 12, 35, 39, 13, 9, 40, 38, 34, 51, 55, 48, 20, 45, 25, 49, 47, 50, 44, 61, 43, 52, 54, 57, 36, 33, 58, 59, 64, 60, 63, 62, 46, 56, 53 ],
[ 4, 7, 15, 20, 21, 25, 28, 1, 12, 5, 19, 14, 2, 24, 22, 6, 26, 3, 23, 43, 44, 46, 48, 41, 45, 47, 29, 42, 17, 11, 16, 8, 35, 27, 18, 9, 10, 31, 34, 13, 49, 61, 63, 62, 57, 56, 59, 50, 58, 64, 30, 32, 55, 38, 37, 33, 54, 36, 39, 40, 60, 53, 52, 51 ]
],
[ PermutationGroup<64 |  
\[ 2, 9, 8, 19, 11, 1, 27, 30, 33, 13, 34, 38, 39, 18, 5, 10, 3, 37, 12, 28, 7, 4, 29, 16, 21, 6, 35, 14, 31, 36, 32, 40, 53, 54, 52, 57, 51, 55, 56, 58, 15, 17, 48, 23, 20, 44, 22, 24, 25, 26, 59, 64, 50, 63, 60, 43, 62, 46, 45, 47, 41, 42, 61, 49 ],
\[ 3, 10, 14, 6, 16, 24, 1, 31, 30, 18, 8, 2, 32, 19, 17, 29, 23, 27, 5, 22, 15, 41, 4, 28, 26, 42, 11, 21, 7, 37, 12, 35, 39, 13, 9, 40, 38, 34, 51, 55, 48, 20, 45, 25, 49, 47, 50, 44, 61, 43, 52, 54, 57, 36, 33, 58, 59, 64, 60, 63, 62, 46, 56, 53 ],
\[ 4, 7, 15, 20, 21, 25, 28, 1, 12, 5, 19, 14, 2, 24, 22, 6, 26, 3, 23, 43, 44, 46, 48, 41, 45, 47, 29, 42, 17, 11, 16, 8, 35, 27, 18, 9, 10, 31, 34, 13, 49, 61, 63, 62, 57, 56, 59, 50, 58, 64, 30, 32, 55, 38, 37, 33, 54, 36, 39, 40, 60, 53, 52, 51 ]:
 Order := 64 > |
[ 3, 10, 14, 6, 16, 24, 1, 31, 30, 18, 8, 2, 32, 19, 17, 29, 23, 27, 5, 22, 15, 41, 4, 28, 26, 42, 11, 21, 7, 37, 12, 35, 39, 13, 9, 40, 38, 34, 51, 55, 48, 20, 45, 25, 49, 47, 50, 44, 61, 43, 52, 54, 57, 36, 33, 58, 59, 64, 60, 63, 62, 46, 56, 53 ],
[ 2, 9, 8, 19, 11, 1, 27, 30, 33, 13, 34, 38, 39, 18, 5, 10, 3, 37, 12, 28, 7, 4, 29, 16, 21, 6, 35, 14, 31, 36, 32, 40, 53, 54, 52, 57, 51, 55, 56, 58, 15, 17, 48, 23, 20, 44, 22, 24, 25, 26, 59, 64, 50, 63, 60, 43, 62, 46, 45, 47, 41, 42, 61, 49 ],
[ 21, 19, 6, 44, 4, 22, 23, 5, 27, 1, 7, 29, 11, 17, 25, 15, 41, 16, 28, 62, 20, 45, 42, 26, 46, 49, 14, 48, 24, 2, 3, 10, 38, 12, 31, 34, 8, 18, 9, 30, 47, 50, 53, 43, 56, 57, 58, 61, 59, 60, 13, 37, 52, 35, 32, 54, 33, 39, 36, 51, 64, 63, 55, 40 ]
]
];
s`SolvableDBMonodromyGroup := PermutationGroup<64 |  
\[ 2, 9, 8, 19, 11, 1, 27, 30, 33, 13, 34, 38, 39, 18, 5, 10, 3, 37, 12, 28, 7, 4, 29, 16, 21, 6, 35, 14, 31, 36, 32, 40, 53, 54, 52, 57, 51, 55, 56, 58, 15, 17, 48, 23, 20, 44, 22, 24, 25, 26, 59, 64, 50, 63, 60, 43, 62, 46, 45, 47, 41, 42, 61, 49 ],
\[ 3, 10, 14, 6, 16, 24, 1, 31, 30, 18, 8, 2, 32, 19, 17, 29, 23, 27, 5, 22, 15, 41, 4, 28, 26, 42, 11, 21, 7, 37, 12, 35, 39, 13, 9, 40, 38, 34, 51, 55, 48, 20, 45, 25, 49, 47, 50, 44, 61, 43, 52, 54, 57, 36, 33, 58, 59, 64, 60, 63, 62, 46, 56, 53 ],
\[ 4, 7, 15, 20, 21, 25, 28, 1, 12, 5, 19, 14, 2, 24, 22, 6, 26, 3, 23, 43, 44, 46, 48, 41, 45, 47, 29, 42, 17, 11, 16, 8, 35, 27, 18, 9, 10, 31, 34, 13, 49, 61, 63, 62, 57, 56, 59, 50, 58, 64, 30, 32, 55, 38, 37, 33, 54, 36, 39, 40, 60, 53, 52, 51 ] >;
s`SolvableDBAutomorphismGroup := PermutationGroup<64 |  
\[ 53, 50, 57, 55, 63, 33, 64, 62, 26, 43, 61, 47, 48, 59, 54, 56, 36, 45, 60, 37, 52, 38, 40, 39, 35, 9, 49, 51, 58, 42, 46, 44, 6, 41, 25, 17, 20, 22, 24, 23, 34, 30, 10, 32, 18, 31, 12, 13, 27, 2, 28, 21, 1, 15, 4, 16, 3, 29, 14, 19, 11, 8, 5, 7 ],
\[ 2, 9, 10, 7, 11, 1, 12, 13, 33, 30, 34, 35, 36, 18, 5, 8, 16, 37, 27, 28, 19, 21, 29, 3, 4, 6, 38, 14, 31, 39, 32, 40, 53, 54, 55, 56, 51, 52, 57, 58, 15, 24, 42, 23, 20, 44, 25, 17, 22, 26, 59, 60, 50, 63, 64, 62, 43, 46, 45, 49, 41, 48, 61, 47 ],
\[ 64, 49, 53, 51, 60, 52, 58, 50, 25, 61, 47, 45, 41, 57, 55, 63, 33, 62, 59, 30, 40, 37, 39, 54, 32, 35, 46, 36, 56, 26, 43, 48, 21, 22, 44, 6, 42, 20, 15, 24, 38, 9, 11, 13, 8, 10, 18, 34, 31, 27, 17, 23, 7, 4, 28, 5, 1, 16, 3, 14, 12, 2, 19, 29 ]:
 Order := 64 >;
s`SolvableDBPointedAutomorphismGroup := PermutationGroup<64 |  
\[ 53, 50, 57, 55, 63, 33, 64, 62, 26, 43, 61, 47, 48, 59, 54, 56, 36, 45, 60, 37, 52, 38, 40, 39, 35, 9, 49, 51, 58, 42, 46, 44, 6, 41, 25, 17, 20, 22, 24, 23, 34, 30, 10, 32, 18, 31, 12, 13, 27, 2, 28, 21, 1, 15, 4, 16, 3, 29, 14, 19, 11, 8, 5, 7 ],
\[ 6, 1, 24, 25, 15, 26, 4, 16, 2, 3, 5, 7, 8, 28, 41, 17, 48, 14, 21, 45, 22, 49, 44, 42, 47, 50, 19, 20, 23, 10, 29, 31, 9, 11, 12, 13, 18, 27, 30, 32, 61, 43, 57, 46, 59, 58, 64, 62, 60, 53, 37, 38, 33, 34, 35, 36, 39, 40, 51, 52, 63, 56, 54, 55 ]:
 Order := 8 >;

/*
Top Level Belyi Curve/Map
*/


/*
Graph Data
*/

s`SolvableDBPathToPP1 := [ Strings() | "PP1", "2T1-1,2,2-g0-path1", "4T2-2,2,2-g0-path1", "8T2-2,4,4-g1-path3", "16T4-4,4,4-g3-path3", "32S3-8,4,8-g9-path9", "64S3-8,8,8-g21-path58" ];
s`SolvableDBChildren := [ Strings() | "32S3-8,4,8-g9-path9" ];

/*
Return for eval
*/

return s;
