s := SolvableDBObjectInitialize();

/*
Basic Information about the Passport
*/

s`SolvableDBName := "64S32-4,4,8-g13-path8";
s`SolvableDBFilename := "64S32-4,4,8-g13-path8.m";
s`SolvableDBPathNumber := 8;
s`SolvableDBDegree := 64;
s`SolvableDBABC := \[ 4, 4, 8 ];
s`SolvableDBType := "Hyperbolic";
s`SolvableDBGenus := 13;
s`SolvableDBGaloisOrbitSize := 1;
s`SolvableDBPassportSize := 2;
s`SolvableDBPointedPassportSize := 2;
s`SolvableDBLevel := 6;
s`SolvableDBBlocks := {@ PowerSet(IntegerRing()) |
{ IntegerRing() | 1, 5 },
{ IntegerRing() | 2, 12 },
{ IntegerRing() | 3, 18 },
{ IntegerRing() | 4, 24 },
{ IntegerRing() | 6, 22 },
{ IntegerRing() | 7, 11 },
{ IntegerRing() | 8, 15 },
{ IntegerRing() | 9, 37 },
{ IntegerRing() | 10, 42 },
{ IntegerRing() | 13, 36 },
{ IntegerRing() | 14, 40 },
{ IntegerRing() | 16, 47 },
{ IntegerRing() | 17, 56 },
{ IntegerRing() | 19, 55 },
{ IntegerRing() | 20, 54 },
{ IntegerRing() | 21, 43 },
{ IntegerRing() | 23, 34 },
{ IntegerRing() | 25, 60 },
{ IntegerRing() | 26, 61 },
{ IntegerRing() | 27, 38 },
{ IntegerRing() | 28, 50 },
{ IntegerRing() | 29, 45 },
{ IntegerRing() | 30, 46 },
{ IntegerRing() | 31, 39 },
{ IntegerRing() | 32, 52 },
{ IntegerRing() | 33, 53 },
{ IntegerRing() | 35, 62 },
{ IntegerRing() | 41, 64 },
{ IntegerRing() | 44, 57 },
{ IntegerRing() | 48, 58 },
{ IntegerRing() | 49, 59 },
{ IntegerRing() | 51, 63 }
@};

/*
Permutations and Passports
*/

s`SolvableDBGaloisOrbit := [ PowerSequence(PermutationGroup<64 |  
\[ 2, 3, 4, 5, 6, 7, 8, 9, 10, 11, 12, 13, 14, 15, 16, 17, 18, 19, 20, 21, 22, 23, 24, 25, 26, 27, 28, 29, 30, 31, 32, 33, 34, 35, 36, 37, 38, 39, 40, 41, 42, 43, 44, 45, 46, 47, 48, 49, 50, 51, 52, 53, 54, 55, 56, 57, 58, 59, 60, 61, 62, 63, 64, 1 ],
\[ 2, 1, 3, 4, 5, 6, 7, 8, 9, 10, 11, 12, 13, 14, 15, 16, 17, 18, 19, 20, 21, 22, 23, 24, 25, 26, 27, 28, 29, 30, 31, 32, 33, 34, 35, 36, 37, 38, 39, 40, 41, 42, 43, 44, 45, 46, 47, 48, 49, 50, 51, 52, 53, 54, 55, 56, 57, 58, 59, 60, 61, 62, 63, 64 ]:
 Order := 126886932185884164103433389335161480802865516174545192198801894375214704230400000000000000 >) |
[ PermutationGroup<64 |  
\[ 2, 3, 4, 5, 6, 7, 8, 9, 10, 11, 12, 13, 14, 15, 16, 17, 18, 19, 20, 21, 22, 23, 24, 25, 26, 27, 28, 29, 30, 31, 32, 33, 34, 35, 36, 37, 38, 39, 40, 41, 42, 43, 44, 45, 46, 47, 48, 49, 50, 51, 52, 53, 54, 55, 56, 57, 58, 59, 60, 61, 62, 63, 64, 1 ],
\[ 2, 1, 3, 4, 5, 6, 7, 8, 9, 10, 11, 12, 13, 14, 15, 16, 17, 18, 19, 20, 21, 22, 23, 24, 25, 26, 27, 28, 29, 30, 31, 32, 33, 34, 35, 36, 37, 38, 39, 40, 41, 42, 43, 44, 45, 46, 47, 48, 49, 50, 51, 52, 53, 54, 55, 56, 57, 58, 59, 60, 61, 62, 63, 64 ]:
 Order := 126886932185884164103433389335161480802865516174545192198801894375214704230400000000000000 > |
[ 12, 37, 8, 43, 2, 5, 45, 38, 22, 14, 29, 9, 58, 24, 27, 20, 59, 15, 18, 44, 10, 1, 56, 21, 47, 28, 19, 13, 62, 41, 11, 34, 63, 17, 39, 48, 6, 55, 7, 4, 53, 40, 42, 60, 35, 64, 54, 61, 52, 36, 30, 23, 51, 57, 3, 49, 25, 26, 32, 16, 50, 31, 46, 33 ],
[ 3, 10, 16, 22, 18, 26, 1, 32, 35, 20, 5, 42, 2, 51, 52, 7, 55, 47, 30, 13, 59, 61, 40, 6, 4, 60, 37, 64, 33, 39, 17, 29, 8, 14, 44, 12, 62, 9, 56, 63, 21, 54, 49, 38, 53, 31, 11, 34, 28, 41, 48, 45, 15, 36, 46, 19, 27, 23, 50, 24, 25, 57, 58, 43 ],
[ 4, 11, 17, 23, 24, 27, 30, 1, 36, 41, 46, 7, 49, 2, 5, 26, 48, 56, 57, 3, 60, 38, 15, 34, 62, 63, 53, 6, 47, 14, 37, 21, 28, 8, 52, 59, 13, 33, 9, 12, 19, 64, 25, 10, 16, 40, 61, 54, 39, 22, 45, 43, 50, 18, 44, 58, 42, 20, 31, 35, 51, 32, 29, 55 ]
]
];
s`SolvableDBPassport := [ PowerSequence(PermutationGroup<64 |  
\[ 12, 37, 8, 43, 2, 5, 45, 38, 22, 14, 29, 9, 58, 24, 27, 20, 59, 15, 18, 44, 10, 1, 56, 21, 47, 28, 19, 13, 62, 41, 11, 34, 63, 17, 39, 48, 6, 55, 7, 4, 53, 40, 42, 60, 35, 64, 54, 61, 52, 36, 30, 23, 51, 57, 3, 49, 25, 26, 32, 16, 50, 31, 46, 33 ],
\[ 3, 10, 16, 22, 18, 26, 1, 32, 35, 20, 5, 42, 2, 51, 52, 7, 55, 47, 30, 13, 59, 61, 40, 6, 4, 60, 37, 64, 33, 39, 17, 29, 8, 14, 44, 12, 62, 9, 56, 63, 21, 54, 49, 38, 53, 31, 11, 34, 28, 41, 48, 45, 15, 36, 46, 19, 27, 23, 50, 24, 25, 57, 58, 43 ],
\[ 4, 11, 17, 23, 24, 27, 30, 1, 36, 41, 46, 7, 49, 2, 5, 26, 48, 56, 57, 3, 60, 38, 15, 34, 62, 63, 53, 6, 47, 14, 37, 21, 28, 8, 52, 59, 13, 33, 9, 12, 19, 64, 25, 10, 16, 40, 61, 54, 39, 22, 45, 43, 50, 18, 44, 58, 42, 20, 31, 35, 51, 32, 29, 55 ]:
 Order := 64 >) |
[ PermutationGroup<64 |  
\[ 12, 37, 8, 43, 2, 5, 45, 38, 22, 14, 29, 9, 58, 24, 27, 20, 59, 15, 18, 44, 10, 1, 56, 21, 47, 28, 19, 13, 62, 41, 11, 34, 63, 17, 39, 48, 6, 55, 7, 4, 53, 40, 42, 60, 35, 64, 54, 61, 52, 36, 30, 23, 51, 57, 3, 49, 25, 26, 32, 16, 50, 31, 46, 33 ],
\[ 3, 10, 16, 22, 18, 26, 1, 32, 35, 20, 5, 42, 2, 51, 52, 7, 55, 47, 30, 13, 59, 61, 40, 6, 4, 60, 37, 64, 33, 39, 17, 29, 8, 14, 44, 12, 62, 9, 56, 63, 21, 54, 49, 38, 53, 31, 11, 34, 28, 41, 48, 45, 15, 36, 46, 19, 27, 23, 50, 24, 25, 57, 58, 43 ],
\[ 4, 11, 17, 23, 24, 27, 30, 1, 36, 41, 46, 7, 49, 2, 5, 26, 48, 56, 57, 3, 60, 38, 15, 34, 62, 63, 53, 6, 47, 14, 37, 21, 28, 8, 52, 59, 13, 33, 9, 12, 19, 64, 25, 10, 16, 40, 61, 54, 39, 22, 45, 43, 50, 18, 44, 58, 42, 20, 31, 35, 51, 32, 29, 55 ]:
 Order := 64 > |
[ 12, 37, 8, 43, 2, 5, 45, 38, 22, 14, 29, 9, 58, 24, 27, 20, 59, 15, 18, 44, 10, 1, 56, 21, 47, 28, 19, 13, 62, 41, 11, 34, 63, 17, 39, 48, 6, 55, 7, 4, 53, 40, 42, 60, 35, 64, 54, 61, 52, 36, 30, 23, 51, 57, 3, 49, 25, 26, 32, 16, 50, 31, 46, 33 ],
[ 3, 10, 16, 22, 18, 26, 1, 32, 35, 20, 5, 42, 2, 51, 52, 7, 55, 47, 30, 13, 59, 61, 40, 6, 4, 60, 37, 64, 33, 39, 17, 29, 8, 14, 44, 12, 62, 9, 56, 63, 21, 54, 49, 38, 53, 31, 11, 34, 28, 41, 48, 45, 15, 36, 46, 19, 27, 23, 50, 24, 25, 57, 58, 43 ],
[ 4, 11, 17, 23, 24, 27, 30, 1, 36, 41, 46, 7, 49, 2, 5, 26, 48, 56, 57, 3, 60, 38, 15, 34, 62, 63, 53, 6, 47, 14, 37, 21, 28, 8, 52, 59, 13, 33, 9, 12, 19, 64, 25, 10, 16, 40, 61, 54, 39, 22, 45, 43, 50, 18, 44, 58, 42, 20, 31, 35, 51, 32, 29, 55 ]
],
[ PermutationGroup<64 |  
\[ 12, 37, 8, 43, 2, 5, 45, 38, 22, 14, 29, 9, 58, 24, 27, 20, 59, 15, 18, 44, 10, 1, 56, 21, 47, 28, 19, 13, 62, 41, 11, 34, 63, 17, 39, 48, 6, 55, 7, 4, 53, 40, 42, 60, 35, 64, 54, 61, 52, 36, 30, 23, 51, 57, 3, 49, 25, 26, 32, 16, 50, 31, 46, 33 ],
\[ 3, 10, 16, 22, 18, 26, 1, 32, 35, 20, 5, 42, 2, 51, 52, 7, 55, 47, 30, 13, 59, 61, 40, 6, 4, 60, 37, 64, 33, 39, 17, 29, 8, 14, 44, 12, 62, 9, 56, 63, 21, 54, 49, 38, 53, 31, 11, 34, 28, 41, 48, 45, 15, 36, 46, 19, 27, 23, 50, 24, 25, 57, 58, 43 ],
\[ 4, 11, 17, 23, 24, 27, 30, 1, 36, 41, 46, 7, 49, 2, 5, 26, 48, 56, 57, 3, 60, 38, 15, 34, 62, 63, 53, 6, 47, 14, 37, 21, 28, 8, 52, 59, 13, 33, 9, 12, 19, 64, 25, 10, 16, 40, 61, 54, 39, 22, 45, 43, 50, 18, 44, 58, 42, 20, 31, 35, 51, 32, 29, 55 ]:
 Order := 64 > |
[ 3, 10, 16, 22, 18, 26, 1, 32, 35, 20, 5, 42, 2, 51, 52, 7, 55, 47, 30, 13, 59, 61, 40, 6, 4, 60, 37, 64, 33, 39, 17, 29, 8, 14, 44, 12, 62, 9, 56, 63, 21, 54, 49, 38, 53, 31, 11, 34, 28, 41, 48, 45, 15, 36, 46, 19, 27, 23, 50, 24, 25, 57, 58, 43 ],
[ 33, 34, 10, 7, 53, 49, 36, 48, 30, 35, 13, 23, 27, 19, 58, 52, 1, 42, 50, 63, 8, 59, 25, 11, 64, 3, 24, 29, 40, 16, 21, 37, 44, 60, 26, 38, 46, 4, 43, 55, 2, 62, 15, 17, 14, 47, 32, 31, 20, 45, 22, 9, 57, 51, 28, 5, 56, 39, 54, 41, 18, 61, 6, 12 ],
[ 4, 11, 17, 23, 24, 27, 30, 1, 36, 41, 46, 7, 49, 2, 5, 26, 48, 56, 57, 3, 60, 38, 15, 34, 62, 63, 53, 6, 47, 14, 37, 21, 28, 8, 52, 59, 13, 33, 9, 12, 19, 64, 25, 10, 16, 40, 61, 54, 39, 22, 45, 43, 50, 18, 44, 58, 42, 20, 31, 35, 51, 32, 29, 55 ]
]
];
s`SolvableDBPointedPassport := [ PowerSequence(PermutationGroup<64 |  
\[ 12, 37, 8, 43, 2, 5, 45, 38, 22, 14, 29, 9, 58, 24, 27, 20, 59, 15, 18, 44, 10, 1, 56, 21, 47, 28, 19, 13, 62, 41, 11, 34, 63, 17, 39, 48, 6, 55, 7, 4, 53, 40, 42, 60, 35, 64, 54, 61, 52, 36, 30, 23, 51, 57, 3, 49, 25, 26, 32, 16, 50, 31, 46, 33 ],
\[ 3, 10, 16, 22, 18, 26, 1, 32, 35, 20, 5, 42, 2, 51, 52, 7, 55, 47, 30, 13, 59, 61, 40, 6, 4, 60, 37, 64, 33, 39, 17, 29, 8, 14, 44, 12, 62, 9, 56, 63, 21, 54, 49, 38, 53, 31, 11, 34, 28, 41, 48, 45, 15, 36, 46, 19, 27, 23, 50, 24, 25, 57, 58, 43 ],
\[ 4, 11, 17, 23, 24, 27, 30, 1, 36, 41, 46, 7, 49, 2, 5, 26, 48, 56, 57, 3, 60, 38, 15, 34, 62, 63, 53, 6, 47, 14, 37, 21, 28, 8, 52, 59, 13, 33, 9, 12, 19, 64, 25, 10, 16, 40, 61, 54, 39, 22, 45, 43, 50, 18, 44, 58, 42, 20, 31, 35, 51, 32, 29, 55 ]:
 Order := 64 >) |
[ PermutationGroup<64 |  
\[ 12, 37, 8, 43, 2, 5, 45, 38, 22, 14, 29, 9, 58, 24, 27, 20, 59, 15, 18, 44, 10, 1, 56, 21, 47, 28, 19, 13, 62, 41, 11, 34, 63, 17, 39, 48, 6, 55, 7, 4, 53, 40, 42, 60, 35, 64, 54, 61, 52, 36, 30, 23, 51, 57, 3, 49, 25, 26, 32, 16, 50, 31, 46, 33 ],
\[ 3, 10, 16, 22, 18, 26, 1, 32, 35, 20, 5, 42, 2, 51, 52, 7, 55, 47, 30, 13, 59, 61, 40, 6, 4, 60, 37, 64, 33, 39, 17, 29, 8, 14, 44, 12, 62, 9, 56, 63, 21, 54, 49, 38, 53, 31, 11, 34, 28, 41, 48, 45, 15, 36, 46, 19, 27, 23, 50, 24, 25, 57, 58, 43 ],
\[ 4, 11, 17, 23, 24, 27, 30, 1, 36, 41, 46, 7, 49, 2, 5, 26, 48, 56, 57, 3, 60, 38, 15, 34, 62, 63, 53, 6, 47, 14, 37, 21, 28, 8, 52, 59, 13, 33, 9, 12, 19, 64, 25, 10, 16, 40, 61, 54, 39, 22, 45, 43, 50, 18, 44, 58, 42, 20, 31, 35, 51, 32, 29, 55 ]:
 Order := 64 > |
[ 39, 28, 22, 57, 31, 14, 60, 64, 8, 5, 25, 50, 16, 32, 41, 55, 62, 6, 23, 21, 30, 40, 13, 44, 48, 37, 54, 56, 59, 27, 63, 3, 11, 36, 12, 47, 15, 20, 51, 52, 61, 1, 46, 45, 49, 38, 19, 53, 4, 17, 10, 18, 7, 43, 34, 35, 29, 33, 24, 58, 9, 2, 42, 26 ],
[ 12, 37, 8, 43, 2, 5, 45, 38, 22, 14, 29, 9, 58, 24, 27, 20, 59, 15, 18, 44, 10, 1, 56, 21, 47, 28, 19, 13, 62, 41, 11, 34, 63, 17, 39, 48, 6, 55, 7, 4, 53, 40, 42, 60, 35, 64, 54, 61, 52, 36, 30, 23, 51, 57, 3, 49, 25, 26, 32, 16, 50, 31, 46, 33 ],
[ 43, 29, 59, 56, 21, 19, 41, 12, 48, 53, 64, 45, 52, 37, 2, 28, 61, 49, 25, 8, 16, 55, 27, 17, 31, 46, 51, 5, 54, 24, 6, 10, 13, 38, 23, 32, 58, 63, 22, 9, 18, 33, 47, 14, 20, 4, 50, 57, 7, 1, 35, 42, 36, 15, 60, 26, 40, 44, 11, 39, 30, 34, 62, 3 ]
],
[ PermutationGroup<64 |  
\[ 12, 37, 8, 43, 2, 5, 45, 38, 22, 14, 29, 9, 58, 24, 27, 20, 59, 15, 18, 44, 10, 1, 56, 21, 47, 28, 19, 13, 62, 41, 11, 34, 63, 17, 39, 48, 6, 55, 7, 4, 53, 40, 42, 60, 35, 64, 54, 61, 52, 36, 30, 23, 51, 57, 3, 49, 25, 26, 32, 16, 50, 31, 46, 33 ],
\[ 3, 10, 16, 22, 18, 26, 1, 32, 35, 20, 5, 42, 2, 51, 52, 7, 55, 47, 30, 13, 59, 61, 40, 6, 4, 60, 37, 64, 33, 39, 17, 29, 8, 14, 44, 12, 62, 9, 56, 63, 21, 54, 49, 38, 53, 31, 11, 34, 28, 41, 48, 45, 15, 36, 46, 19, 27, 23, 50, 24, 25, 57, 58, 43 ],
\[ 4, 11, 17, 23, 24, 27, 30, 1, 36, 41, 46, 7, 49, 2, 5, 26, 48, 56, 57, 3, 60, 38, 15, 34, 62, 63, 53, 6, 47, 14, 37, 21, 28, 8, 52, 59, 13, 33, 9, 12, 19, 64, 25, 10, 16, 40, 61, 54, 39, 22, 45, 43, 50, 18, 44, 58, 42, 20, 31, 35, 51, 32, 29, 55 ]:
 Order := 64 > |
[ 39, 28, 22, 57, 31, 14, 60, 64, 8, 5, 25, 50, 16, 32, 41, 55, 62, 6, 23, 21, 30, 40, 13, 44, 48, 37, 54, 56, 59, 27, 63, 3, 11, 36, 12, 47, 15, 20, 51, 52, 61, 1, 46, 45, 49, 38, 19, 53, 4, 17, 10, 18, 7, 43, 34, 35, 29, 33, 24, 58, 9, 2, 42, 26 ],
[ 43, 29, 59, 56, 21, 19, 41, 12, 48, 53, 64, 45, 52, 37, 2, 28, 61, 49, 25, 8, 16, 55, 27, 17, 31, 46, 51, 5, 54, 24, 6, 10, 13, 38, 23, 32, 58, 63, 22, 9, 18, 33, 47, 14, 20, 4, 50, 57, 7, 1, 35, 42, 36, 15, 60, 26, 40, 44, 11, 39, 30, 34, 62, 3 ],
[ 52, 63, 36, 18, 32, 41, 10, 40, 17, 27, 42, 51, 35, 31, 14, 33, 47, 13, 43, 34, 45, 64, 6, 3, 59, 11, 61, 15, 48, 5, 28, 44, 37, 22, 4, 62, 56, 26, 50, 39, 54, 38, 29, 30, 58, 1, 53, 19, 12, 8, 60, 57, 9, 23, 21, 16, 46, 55, 2, 49, 7, 24, 25, 20 ]
]
];
s`SolvableDBMonodromyGroup := PermutationGroup<64 |  
\[ 12, 37, 8, 43, 2, 5, 45, 38, 22, 14, 29, 9, 58, 24, 27, 20, 59, 15, 18, 44, 10, 1, 56, 21, 47, 28, 19, 13, 62, 41, 11, 34, 63, 17, 39, 48, 6, 55, 7, 4, 53, 40, 42, 60, 35, 64, 54, 61, 52, 36, 30, 23, 51, 57, 3, 49, 25, 26, 32, 16, 50, 31, 46, 33 ],
\[ 3, 10, 16, 22, 18, 26, 1, 32, 35, 20, 5, 42, 2, 51, 52, 7, 55, 47, 30, 13, 59, 61, 40, 6, 4, 60, 37, 64, 33, 39, 17, 29, 8, 14, 44, 12, 62, 9, 56, 63, 21, 54, 49, 38, 53, 31, 11, 34, 28, 41, 48, 45, 15, 36, 46, 19, 27, 23, 50, 24, 25, 57, 58, 43 ],
\[ 4, 11, 17, 23, 24, 27, 30, 1, 36, 41, 46, 7, 49, 2, 5, 26, 48, 56, 57, 3, 60, 38, 15, 34, 62, 63, 53, 6, 47, 14, 37, 21, 28, 8, 52, 59, 13, 33, 9, 12, 19, 64, 25, 10, 16, 40, 61, 54, 39, 22, 45, 43, 50, 18, 44, 58, 42, 20, 31, 35, 51, 32, 29, 55 ] >;
s`SolvableDBAutomorphismGroup := PermutationGroup<64 |  
\[ 22, 5, 61, 38, 6, 37, 4, 50, 12, 18, 24, 1, 11, 15, 28, 25, 51, 26, 58, 47, 19, 9, 33, 27, 44, 62, 13, 31, 21, 23, 14, 41, 59, 53, 42, 7, 2, 36, 40, 8, 56, 3, 55, 54, 43, 34, 60, 45, 46, 39, 52, 64, 49, 16, 48, 63, 20, 29, 30, 57, 35, 10, 32, 17 ],
\[ 61, 28, 25, 51, 26, 58, 22, 47, 36, 64, 6, 50, 49, 33, 16, 4, 62, 60, 44, 43, 46, 48, 45, 63, 14, 23, 20, 56, 5, 38, 37, 11, 18, 29, 12, 59, 13, 54, 9, 53, 55, 41, 30, 42, 1, 27, 24, 32, 39, 17, 8, 7, 3, 21, 57, 35, 10, 52, 31, 40, 34, 2, 15, 19 ]:
 Order := 64 >;
s`SolvableDBPointedAutomorphismGroup := PermutationGroup<64 |  
\[ 12, 37, 42, 7, 2, 5, 36, 40, 22, 62, 13, 9, 27, 31, 14, 54, 64, 10, 21, 57, 29, 1, 30, 11, 16, 18, 24, 15, 58, 59, 28, 63, 23, 46, 61, 38, 6, 4, 50, 39, 32, 35, 45, 25, 48, 49, 20, 55, 53, 8, 17, 51, 34, 44, 43, 41, 60, 19, 33, 47, 3, 26, 56, 52 ]:
 Order := 4 >;

/*
Top Level Belyi Curve/Map
*/


/*
Graph Data
*/

s`SolvableDBPathToPP1 := [ Strings() | "PP1", "2T1-1,2,2-g0-path1", "4T2-2,2,2-g0-path1", "8T2-4,2,4-g1-path3", "16T10-4,2,4-g1-path3", "32S6-4,4,4-g5-path16", "64S32-4,4,8-g13-path8" ];
s`SolvableDBChildren := [ Strings() | "32S6-4,4,4-g5-path16" ];

/*
Return for eval
*/

return s;
