s := SolvableDBInitialize();

/*
Magma printing
*/

s`SolvableDBName := "64S38-2,16,4-g7-path3";
s`SolvableDBFilename := "64S38-2,16,4-g7-path3.m";
s`SolvableDBPassportName := "64S38-2,16,4-g7";
s`SolvableDBPathNumber := 3;
s`SolvableDBDegree := 64;
s`SolvableDBOrders := \[ 2, 16, 4 ];
s`SolvableDBType := "Hyperbolic";
s`SolvableDBGenus := 7;
s`SolvableDBGaloisOrbitSize := 1;
s`SolvableDBPassportSize := 1;
s`SolvableDBPointedPassportSize := 1;
s`SolvableDBLevel := 6;
s`SolvableDBBlocks := {@ PowerSet(IntegerRing()) |
{ IntegerRing() | 1, 5 },
{ IntegerRing() | 2, 10 },
{ IntegerRing() | 3, 13 },
{ IntegerRing() | 4, 7 },
{ IntegerRing() | 6, 9 },
{ IntegerRing() | 8, 15 },
{ IntegerRing() | 11, 21 },
{ IntegerRing() | 12, 14 },
{ IntegerRing() | 16, 18 },
{ IntegerRing() | 17, 23 },
{ IntegerRing() | 19, 29 },
{ IntegerRing() | 20, 22 },
{ IntegerRing() | 24, 26 },
{ IntegerRing() | 25, 31 },
{ IntegerRing() | 27, 37 },
{ IntegerRing() | 28, 30 },
{ IntegerRing() | 32, 34 },
{ IntegerRing() | 33, 39 },
{ IntegerRing() | 35, 45 },
{ IntegerRing() | 36, 38 },
{ IntegerRing() | 40, 42 },
{ IntegerRing() | 41, 47 },
{ IntegerRing() | 43, 53 },
{ IntegerRing() | 44, 46 },
{ IntegerRing() | 48, 50 },
{ IntegerRing() | 49, 55 },
{ IntegerRing() | 51, 61 },
{ IntegerRing() | 52, 54 },
{ IntegerRing() | 56, 58 },
{ IntegerRing() | 57, 63 },
{ IntegerRing() | 59, 64 },
{ IntegerRing() | 60, 62 }
@};
s`SolvableDBIsRamifiedAtEveryLevel := true;
s`SolvableDBGaloisOrbit := [ PowerSequence(PermutationGroup<64 |  
\[ 2, 3, 4, 5, 6, 7, 8, 9, 10, 11, 12, 13, 14, 15, 16, 17, 18, 19, 20, 21, 22, 23, 24, 25, 26, 27, 28, 29, 30, 31, 32, 33, 34, 35, 36, 37, 38, 39, 40, 41, 42, 43, 44, 45, 46, 47, 48, 49, 50, 51, 52, 53, 54, 55, 56, 57, 58, 59, 60, 61, 62, 63, 64, 1 ],
\[ 2, 1, 3, 4, 5, 6, 7, 8, 9, 10, 11, 12, 13, 14, 15, 16, 17, 18, 19, 20, 21, 22, 23, 24, 25, 26, 27, 28, 29, 30, 31, 32, 33, 34, 35, 36, 37, 38, 39, 40, 41, 42, 43, 44, 45, 46, 47, 48, 49, 50, 51, 52, 53, 54, 55, 56, 57, 58, 59, 60, 61, 62, 63, 64 ]:
 Order := 126886932185884164103433389335161480802865516174545192198801894375214704230400000000000000 >) |
[ PermutationGroup<64 |  
\[ 2, 3, 4, 5, 6, 7, 8, 9, 10, 11, 12, 13, 14, 15, 16, 17, 18, 19, 20, 21, 22, 23, 24, 25, 26, 27, 28, 29, 30, 31, 32, 33, 34, 35, 36, 37, 38, 39, 40, 41, 42, 43, 44, 45, 46, 47, 48, 49, 50, 51, 52, 53, 54, 55, 56, 57, 58, 59, 60, 61, 62, 63, 64, 1 ],
\[ 2, 1, 3, 4, 5, 6, 7, 8, 9, 10, 11, 12, 13, 14, 15, 16, 17, 18, 19, 20, 21, 22, 23, 24, 25, 26, 27, 28, 29, 30, 31, 32, 33, 34, 35, 36, 37, 38, 39, 40, 41, 42, 43, 44, 45, 46, 47, 48, 49, 50, 51, 52, 53, 54, 55, 56, 57, 58, 59, 60, 61, 62, 63, 64 ]:
 Order := 126886932185884164103433389335161480802865516174545192198801894375214704230400000000000000 > |
[ 10, 5, 7, 13, 2, 8, 3, 6, 15, 1, 14, 21, 4, 11, 9, 23, 18, 17, 22, 29, 12, 19, 16, 25, 24, 31, 30, 37, 20, 27, 26, 39, 34, 33, 38, 45, 28, 35, 32, 41, 40, 47, 46, 53, 36, 43, 42, 55, 50, 49, 54, 61, 44, 51, 48, 57, 56, 63, 62, 64, 52, 59, 58, 60 ],
[ 3, 8, 11, 10, 13, 1, 2, 17, 5, 15, 19, 7, 21, 4, 23, 6, 25, 9, 27, 14, 29, 12, 31, 16, 33, 18, 35, 22, 37, 20, 39, 24, 41, 26, 43, 30, 45, 28, 47, 32, 49, 34, 51, 38, 53, 36, 55, 40, 57, 42, 59, 46, 61, 44, 63, 48, 60, 50, 56, 54, 64, 52, 62, 58 ],
[ 4, 9, 12, 5, 7, 2, 1, 16, 10, 6, 20, 13, 14, 3, 18, 15, 26, 8, 28, 21, 22, 11, 24, 17, 32, 23, 36, 29, 30, 19, 34, 31, 42, 25, 44, 37, 38, 27, 40, 33, 48, 39, 52, 45, 46, 35, 50, 47, 58, 41, 60, 53, 54, 43, 56, 49, 59, 55, 63, 61, 62, 51, 64, 57 ]
]
];
s`SolvableDBPassport := [ PowerSequence(PermutationGroup<64 |  
\[ 10, 5, 7, 13, 2, 8, 3, 6, 15, 1, 14, 21, 4, 11, 9, 23, 18, 17, 22, 29, 12, 19, 16, 25, 24, 31, 30, 37, 20, 27, 26, 39, 34, 33, 38, 45, 28, 35, 32, 41, 40, 47, 46, 53, 36, 43, 42, 55, 50, 49, 54, 61, 44, 51, 48, 57, 56, 63, 62, 64, 52, 59, 58, 60 ],
\[ 3, 8, 11, 10, 13, 1, 2, 17, 5, 15, 19, 7, 21, 4, 23, 6, 25, 9, 27, 14, 29, 12, 31, 16, 33, 18, 35, 22, 37, 20, 39, 24, 41, 26, 43, 30, 45, 28, 47, 32, 49, 34, 51, 38, 53, 36, 55, 40, 57, 42, 59, 46, 61, 44, 63, 48, 60, 50, 56, 54, 64, 52, 62, 58 ],
\[ 4, 9, 12, 5, 7, 2, 1, 16, 10, 6, 20, 13, 14, 3, 18, 15, 26, 8, 28, 21, 22, 11, 24, 17, 32, 23, 36, 29, 30, 19, 34, 31, 42, 25, 44, 37, 38, 27, 40, 33, 48, 39, 52, 45, 46, 35, 50, 47, 58, 41, 60, 53, 54, 43, 56, 49, 59, 55, 63, 61, 62, 51, 64, 57 ]:
 Order := 64 >) |
[ PermutationGroup<64 |  
\[ 10, 5, 7, 13, 2, 8, 3, 6, 15, 1, 14, 21, 4, 11, 9, 23, 18, 17, 22, 29, 12, 19, 16, 25, 24, 31, 30, 37, 20, 27, 26, 39, 34, 33, 38, 45, 28, 35, 32, 41, 40, 47, 46, 53, 36, 43, 42, 55, 50, 49, 54, 61, 44, 51, 48, 57, 56, 63, 62, 64, 52, 59, 58, 60 ],
\[ 3, 8, 11, 10, 13, 1, 2, 17, 5, 15, 19, 7, 21, 4, 23, 6, 25, 9, 27, 14, 29, 12, 31, 16, 33, 18, 35, 22, 37, 20, 39, 24, 41, 26, 43, 30, 45, 28, 47, 32, 49, 34, 51, 38, 53, 36, 55, 40, 57, 42, 59, 46, 61, 44, 63, 48, 60, 50, 56, 54, 64, 52, 62, 58 ],
\[ 4, 9, 12, 5, 7, 2, 1, 16, 10, 6, 20, 13, 14, 3, 18, 15, 26, 8, 28, 21, 22, 11, 24, 17, 32, 23, 36, 29, 30, 19, 34, 31, 42, 25, 44, 37, 38, 27, 40, 33, 48, 39, 52, 45, 46, 35, 50, 47, 58, 41, 60, 53, 54, 43, 56, 49, 59, 55, 63, 61, 62, 51, 64, 57 ]:
 Order := 64 > |
[ 10, 5, 7, 13, 2, 8, 3, 6, 15, 1, 14, 21, 4, 11, 9, 23, 18, 17, 22, 29, 12, 19, 16, 25, 24, 31, 30, 37, 20, 27, 26, 39, 34, 33, 38, 45, 28, 35, 32, 41, 40, 47, 46, 53, 36, 43, 42, 55, 50, 49, 54, 61, 44, 51, 48, 57, 56, 63, 62, 64, 52, 59, 58, 60 ],
[ 3, 8, 11, 10, 13, 1, 2, 17, 5, 15, 19, 7, 21, 4, 23, 6, 25, 9, 27, 14, 29, 12, 31, 16, 33, 18, 35, 22, 37, 20, 39, 24, 41, 26, 43, 30, 45, 28, 47, 32, 49, 34, 51, 38, 53, 36, 55, 40, 57, 42, 59, 46, 61, 44, 63, 48, 60, 50, 56, 54, 64, 52, 62, 58 ],
[ 4, 9, 12, 5, 7, 2, 1, 16, 10, 6, 20, 13, 14, 3, 18, 15, 26, 8, 28, 21, 22, 11, 24, 17, 32, 23, 36, 29, 30, 19, 34, 31, 42, 25, 44, 37, 38, 27, 40, 33, 48, 39, 52, 45, 46, 35, 50, 47, 58, 41, 60, 53, 54, 43, 56, 49, 59, 55, 63, 61, 62, 51, 64, 57 ]
]
];
s`SolvableDBPointedPassport := [ PowerSequence(PermutationGroup<64 |  
\[ 2, 3, 4, 5, 6, 7, 8, 9, 10, 11, 12, 13, 14, 15, 16, 17, 18, 19, 20, 21, 22, 23, 24, 25, 26, 27, 28, 29, 30, 31, 32, 33, 34, 35, 36, 37, 38, 39, 40, 41, 42, 43, 44, 45, 46, 47, 48, 49, 50, 51, 52, 53, 54, 55, 56, 57, 58, 59, 60, 61, 62, 63, 64, 1 ],
\[ 2, 1, 3, 4, 5, 6, 7, 8, 9, 10, 11, 12, 13, 14, 15, 16, 17, 18, 19, 20, 21, 22, 23, 24, 25, 26, 27, 28, 29, 30, 31, 32, 33, 34, 35, 36, 37, 38, 39, 40, 41, 42, 43, 44, 45, 46, 47, 48, 49, 50, 51, 52, 53, 54, 55, 56, 57, 58, 59, 60, 61, 62, 63, 64 ]:
 Order := 126886932185884164103433389335161480802865516174545192198801894375214704230400000000000000 >) |
[ PermutationGroup<64 |  
\[ 2, 3, 4, 5, 6, 7, 8, 9, 10, 11, 12, 13, 14, 15, 16, 17, 18, 19, 20, 21, 22, 23, 24, 25, 26, 27, 28, 29, 30, 31, 32, 33, 34, 35, 36, 37, 38, 39, 40, 41, 42, 43, 44, 45, 46, 47, 48, 49, 50, 51, 52, 53, 54, 55, 56, 57, 58, 59, 60, 61, 62, 63, 64, 1 ],
\[ 2, 1, 3, 4, 5, 6, 7, 8, 9, 10, 11, 12, 13, 14, 15, 16, 17, 18, 19, 20, 21, 22, 23, 24, 25, 26, 27, 28, 29, 30, 31, 32, 33, 34, 35, 36, 37, 38, 39, 40, 41, 42, 43, 44, 45, 46, 47, 48, 49, 50, 51, 52, 53, 54, 55, 56, 57, 58, 59, 60, 61, 62, 63, 64 ]:
 Order := 126886932185884164103433389335161480802865516174545192198801894375214704230400000000000000 > |
[ 39, 37, 25, 45, 33, 41, 35, 19, 47, 27, 23, 53, 31, 43, 29, 55, 21, 49, 8, 61, 17, 51, 11, 57, 3, 63, 10, 64, 15, 59, 13, 62, 5, 60, 7, 58, 2, 56, 1, 54, 6, 52, 14, 50, 4, 48, 9, 46, 18, 44, 22, 42, 12, 40, 16, 38, 24, 36, 30, 34, 20, 32, 26, 28 ],
[ 9, 4, 5, 12, 6, 18, 14, 10, 16, 7, 13, 20, 1, 22, 2, 26, 15, 24, 21, 28, 3, 30, 8, 34, 23, 32, 29, 36, 11, 38, 17, 42, 31, 40, 37, 44, 19, 46, 25, 50, 39, 48, 45, 52, 27, 54, 33, 58, 47, 56, 53, 60, 35, 62, 41, 64, 55, 59, 61, 63, 43, 57, 49, 51 ],
[ 41, 35, 39, 43, 47, 55, 53, 37, 49, 45, 25, 51, 33, 61, 27, 57, 19, 63, 23, 59, 31, 64, 29, 62, 21, 60, 8, 56, 17, 58, 11, 54, 3, 52, 10, 48, 15, 50, 13, 46, 5, 44, 7, 40, 2, 42, 1, 38, 6, 36, 14, 32, 4, 34, 9, 30, 18, 28, 22, 24, 12, 26, 16, 20 ]
]
];
s`SolvableDBMonodromyGroup := PermutationGroup<64 |  
\[ 10, 5, 7, 13, 2, 8, 3, 6, 15, 1, 14, 21, 4, 11, 9, 23, 18, 17, 22, 29, 12, 19, 16, 25, 24, 31, 30, 37, 20, 27, 26, 39, 34, 33, 38, 45, 28, 35, 32, 41, 40, 47, 46, 53, 36, 43, 42, 55, 50, 49, 54, 61, 44, 51, 48, 57, 56, 63, 62, 64, 52, 59, 58, 60 ],
\[ 3, 8, 11, 10, 13, 1, 2, 17, 5, 15, 19, 7, 21, 4, 23, 6, 25, 9, 27, 14, 29, 12, 31, 16, 33, 18, 35, 22, 37, 20, 39, 24, 41, 26, 43, 30, 45, 28, 47, 32, 49, 34, 51, 38, 53, 36, 55, 40, 57, 42, 59, 46, 61, 44, 63, 48, 60, 50, 56, 54, 64, 52, 62, 58 ],
\[ 4, 9, 12, 5, 7, 2, 1, 16, 10, 6, 20, 13, 14, 3, 18, 15, 26, 8, 28, 21, 22, 11, 24, 17, 32, 23, 36, 29, 30, 19, 34, 31, 42, 25, 44, 37, 38, 27, 40, 33, 48, 39, 52, 45, 46, 35, 50, 47, 58, 41, 60, 53, 54, 43, 56, 49, 59, 55, 63, 61, 62, 51, 64, 57 ] >;
s`SolvableDBAutomorphismGroup := PermutationGroup<64 |  
\[ 59, 60, 56, 63, 64, 51, 57, 54, 61, 62, 48, 49, 58, 55, 52, 43, 44, 53, 40, 47, 50, 41, 46, 35, 38, 45, 32, 33, 42, 39, 36, 27, 28, 37, 24, 31, 34, 25, 30, 19, 22, 29, 16, 17, 26, 23, 20, 11, 12, 21, 6, 15, 18, 8, 14, 3, 7, 13, 1, 2, 9, 10, 4, 5 ],
\[ 56, 63, 48, 49, 58, 59, 55, 62, 64, 57, 40, 47, 50, 41, 60, 51, 52, 61, 32, 33, 42, 39, 54, 43, 46, 53, 24, 31, 34, 25, 44, 35, 36, 45, 16, 17, 26, 23, 38, 27, 30, 37, 6, 15, 18, 8, 28, 19, 20, 29, 1, 2, 9, 10, 22, 11, 14, 21, 3, 4, 5, 7, 12, 13 ],
\[ 62, 64, 52, 51, 60, 63, 61, 58, 57, 59, 46, 53, 54, 43, 56, 55, 50, 49, 36, 35, 44, 45, 48, 47, 42, 41, 30, 37, 38, 27, 40, 39, 34, 33, 20, 19, 28, 29, 32, 31, 26, 25, 14, 21, 22, 11, 24, 23, 18, 17, 4, 3, 12, 13, 16, 15, 9, 8, 10, 5, 7, 1, 6, 2 ]:
 Order := 64 >;
s`SolvableDBPointedAutomorphismGroup := PermutationGroup<64 |  
\[ 10, 5, 15, 6, 2, 4, 9, 13, 7, 1, 23, 18, 8, 16, 3, 14, 21, 12, 31, 24, 17, 26, 11, 20, 29, 22, 39, 34, 25, 32, 19, 30, 37, 28, 47, 40, 33, 42, 27, 36, 45, 38, 55, 50, 41, 48, 35, 46, 53, 44, 63, 56, 49, 58, 43, 52, 61, 54, 62, 64, 57, 59, 51, 60 ]:
 Order := 2 >;
s`SolvableDBPathToPP1 := [ Strings() | "PP1", "2T1-2,2,1-g0-path1", "4T2-2,2,2-g0-path3", "8T4-2,4,2-g0-path3", "16T13-2,8,2-g0-path3", "32S18-2,16,2-g0-path3", "64S38-2,16,4-g7-path3" ];
s`SolvableDBChild := "32S18-2,16,2-g0-path3";

/*
Return for eval
*/

return s;
