s := SolvableDBInitialize();

/*
Magma printing
*/

s`SolvableDBName := "64S37-8,4,8-g17-path16";
s`SolvableDBFilename := "64S37-8,4,8-g17-path16.m";
s`SolvableDBPassportName := "64S37-8,4,8-g17";
s`SolvableDBPathNumber := 16;
s`SolvableDBDegree := 64;
s`SolvableDBOrders := \[ 8, 4, 8 ];
s`SolvableDBType := "Hyperbolic";
s`SolvableDBGenus := 17;
s`SolvableDBGaloisOrbitSize := 1;
s`SolvableDBPassportSize := 2;
s`SolvableDBPointedPassportSize := 2;
s`SolvableDBLevel := 6;
s`SolvableDBBlocks := {@ PowerSet(IntegerRing()) |
{ IntegerRing() | 1, 5 },
{ IntegerRing() | 2, 12 },
{ IntegerRing() | 3, 18 },
{ IntegerRing() | 4, 24 },
{ IntegerRing() | 6, 22 },
{ IntegerRing() | 7, 11 },
{ IntegerRing() | 8, 15 },
{ IntegerRing() | 9, 29 },
{ IntegerRing() | 10, 41 },
{ IntegerRing() | 13, 39 },
{ IntegerRing() | 14, 25 },
{ IntegerRing() | 16, 47 },
{ IntegerRing() | 17, 57 },
{ IntegerRing() | 19, 56 },
{ IntegerRing() | 20, 54 },
{ IntegerRing() | 21, 42 },
{ IntegerRing() | 23, 37 },
{ IntegerRing() | 26, 61 },
{ IntegerRing() | 27, 62 },
{ IntegerRing() | 28, 34 },
{ IntegerRing() | 30, 50 },
{ IntegerRing() | 31, 44 },
{ IntegerRing() | 32, 45 },
{ IntegerRing() | 33, 46 },
{ IntegerRing() | 35, 52 },
{ IntegerRing() | 36, 53 },
{ IntegerRing() | 38, 64 },
{ IntegerRing() | 40, 58 },
{ IntegerRing() | 43, 59 },
{ IntegerRing() | 48, 60 },
{ IntegerRing() | 49, 55 },
{ IntegerRing() | 51, 63 }
@};
s`SolvableDBIsRamifiedAtEveryLevel := true;
s`SolvableDBGaloisOrbit := [ PowerSequence(PermutationGroup<64 |  
\[ 2, 3, 4, 5, 6, 7, 8, 9, 10, 11, 12, 13, 14, 15, 16, 17, 18, 19, 20, 21, 22, 23, 24, 25, 26, 27, 28, 29, 30, 31, 32, 33, 34, 35, 36, 37, 38, 39, 40, 41, 42, 43, 44, 45, 46, 47, 48, 49, 50, 51, 52, 53, 54, 55, 56, 57, 58, 59, 60, 61, 62, 63, 64, 1 ],
\[ 2, 1, 3, 4, 5, 6, 7, 8, 9, 10, 11, 12, 13, 14, 15, 16, 17, 18, 19, 20, 21, 22, 23, 24, 25, 26, 27, 28, 29, 30, 31, 32, 33, 34, 35, 36, 37, 38, 39, 40, 41, 42, 43, 44, 45, 46, 47, 48, 49, 50, 51, 52, 53, 54, 55, 56, 57, 58, 59, 60, 61, 62, 63, 64 ]:
 Order := 126886932185884164103433389335161480802865516174545192198801894375214704230400000000000000 >) |
[ PermutationGroup<64 |  
\[ 2, 3, 4, 5, 6, 7, 8, 9, 10, 11, 12, 13, 14, 15, 16, 17, 18, 19, 20, 21, 22, 23, 24, 25, 26, 27, 28, 29, 30, 31, 32, 33, 34, 35, 36, 37, 38, 39, 40, 41, 42, 43, 44, 45, 46, 47, 48, 49, 50, 51, 52, 53, 54, 55, 56, 57, 58, 59, 60, 61, 62, 63, 64, 1 ],
\[ 2, 1, 3, 4, 5, 6, 7, 8, 9, 10, 11, 12, 13, 14, 15, 16, 17, 18, 19, 20, 21, 22, 23, 24, 25, 26, 27, 28, 29, 30, 31, 32, 33, 34, 35, 36, 37, 38, 39, 40, 41, 42, 43, 44, 45, 46, 47, 48, 49, 50, 51, 52, 53, 54, 55, 56, 57, 58, 59, 60, 61, 62, 63, 64 ]:
 Order := 126886932185884164103433389335161480802865516174545192198801894375214704230400000000000000 > |
[ 12, 29, 8, 42, 2, 5, 44, 28, 6, 14, 31, 9, 60, 4, 34, 20, 49, 15, 18, 43, 10, 1, 17, 21, 24, 47, 30, 19, 22, 13, 64, 58, 11, 56, 37, 51, 57, 33, 48, 36, 25, 41, 26, 38, 40, 7, 54, 27, 35, 39, 32, 23, 63, 59, 52, 3, 55, 53, 61, 62, 16, 50, 45, 46 ],
[ 3, 10, 16, 22, 18, 27, 1, 35, 38, 20, 5, 41, 2, 51, 52, 7, 56, 47, 32, 13, 55, 62, 14, 6, 63, 4, 61, 9, 64, 58, 36, 46, 17, 29, 31, 8, 25, 43, 12, 21, 54, 49, 28, 53, 33, 57, 11, 23, 30, 40, 48, 44, 15, 39, 50, 45, 19, 42, 34, 37, 24, 26, 60, 59 ],
[ 4, 11, 17, 23, 24, 28, 32, 1, 39, 40, 45, 7, 49, 2, 5, 27, 48, 57, 43, 3, 61, 34, 15, 37, 12, 38, 51, 36, 13, 6, 47, 14, 9, 53, 42, 50, 8, 52, 55, 56, 58, 26, 10, 16, 25, 29, 62, 54, 33, 22, 31, 21, 30, 18, 46, 59, 60, 19, 41, 20, 64, 63, 44, 35 ]
]
];
s`SolvableDBPassport := [ PowerSequence(PermutationGroup<64 |  
\[ 12, 29, 8, 42, 2, 5, 44, 28, 6, 14, 31, 9, 60, 4, 34, 20, 49, 15, 18, 43, 10, 1, 17, 21, 24, 47, 30, 19, 22, 13, 64, 58, 11, 56, 37, 51, 57, 33, 48, 36, 25, 41, 26, 38, 40, 7, 54, 27, 35, 39, 32, 23, 63, 59, 52, 3, 55, 53, 61, 62, 16, 50, 45, 46 ],
\[ 3, 10, 16, 22, 18, 27, 1, 35, 38, 20, 5, 41, 2, 51, 52, 7, 56, 47, 32, 13, 55, 62, 14, 6, 63, 4, 61, 9, 64, 58, 36, 46, 17, 29, 31, 8, 25, 43, 12, 21, 54, 49, 28, 53, 33, 57, 11, 23, 30, 40, 48, 44, 15, 39, 50, 45, 19, 42, 34, 37, 24, 26, 60, 59 ],
\[ 4, 11, 17, 23, 24, 28, 32, 1, 39, 40, 45, 7, 49, 2, 5, 27, 48, 57, 43, 3, 61, 34, 15, 37, 12, 38, 51, 36, 13, 6, 47, 14, 9, 53, 42, 50, 8, 52, 55, 56, 58, 26, 10, 16, 25, 29, 62, 54, 33, 22, 31, 21, 30, 18, 46, 59, 60, 19, 41, 20, 64, 63, 44, 35 ]:
 Order := 64 >) |
[ PermutationGroup<64 |  
\[ 12, 29, 8, 42, 2, 5, 44, 28, 6, 14, 31, 9, 60, 4, 34, 20, 49, 15, 18, 43, 10, 1, 17, 21, 24, 47, 30, 19, 22, 13, 64, 58, 11, 56, 37, 51, 57, 33, 48, 36, 25, 41, 26, 38, 40, 7, 54, 27, 35, 39, 32, 23, 63, 59, 52, 3, 55, 53, 61, 62, 16, 50, 45, 46 ],
\[ 3, 10, 16, 22, 18, 27, 1, 35, 38, 20, 5, 41, 2, 51, 52, 7, 56, 47, 32, 13, 55, 62, 14, 6, 63, 4, 61, 9, 64, 58, 36, 46, 17, 29, 31, 8, 25, 43, 12, 21, 54, 49, 28, 53, 33, 57, 11, 23, 30, 40, 48, 44, 15, 39, 50, 45, 19, 42, 34, 37, 24, 26, 60, 59 ],
\[ 4, 11, 17, 23, 24, 28, 32, 1, 39, 40, 45, 7, 49, 2, 5, 27, 48, 57, 43, 3, 61, 34, 15, 37, 12, 38, 51, 36, 13, 6, 47, 14, 9, 53, 42, 50, 8, 52, 55, 56, 58, 26, 10, 16, 25, 29, 62, 54, 33, 22, 31, 21, 30, 18, 46, 59, 60, 19, 41, 20, 64, 63, 44, 35 ]:
 Order := 64 > |
[ 22, 5, 56, 14, 6, 9, 46, 3, 12, 21, 33, 1, 30, 10, 18, 61, 23, 19, 28, 16, 24, 29, 52, 25, 41, 43, 48, 8, 2, 27, 11, 51, 38, 15, 49, 40, 35, 44, 50, 45, 42, 4, 20, 7, 63, 64, 26, 39, 17, 62, 36, 55, 58, 47, 57, 34, 37, 32, 54, 13, 59, 60, 53, 31 ],
[ 64, 27, 29, 20, 38, 41, 59, 45, 3, 6, 43, 62, 61, 55, 32, 34, 44, 9, 35, 24, 63, 10, 50, 54, 49, 13, 12, 16, 18, 23, 17, 8, 53, 47, 56, 33, 30, 1, 26, 60, 22, 51, 7, 57, 15, 36, 28, 40, 14, 37, 21, 19, 46, 4, 25, 52, 31, 48, 11, 58, 39, 2, 42, 5 ],
[ 27, 3, 32, 63, 62, 64, 17, 47, 10, 49, 57, 18, 40, 54, 16, 4, 25, 45, 29, 11, 22, 38, 31, 51, 20, 34, 37, 52, 41, 26, 1, 60, 59, 35, 50, 42, 44, 36, 58, 46, 55, 6, 39, 5, 48, 43, 24, 2, 19, 61, 15, 30, 21, 7, 56, 9, 14, 33, 13, 12, 28, 23, 8, 53 ]
],
[ PermutationGroup<64 |  
\[ 12, 29, 8, 42, 2, 5, 44, 28, 6, 14, 31, 9, 60, 4, 34, 20, 49, 15, 18, 43, 10, 1, 17, 21, 24, 47, 30, 19, 22, 13, 64, 58, 11, 56, 37, 51, 57, 33, 48, 36, 25, 41, 26, 38, 40, 7, 54, 27, 35, 39, 32, 23, 63, 59, 52, 3, 55, 53, 61, 62, 16, 50, 45, 46 ],
\[ 3, 10, 16, 22, 18, 27, 1, 35, 38, 20, 5, 41, 2, 51, 52, 7, 56, 47, 32, 13, 55, 62, 14, 6, 63, 4, 61, 9, 64, 58, 36, 46, 17, 29, 31, 8, 25, 43, 12, 21, 54, 49, 28, 53, 33, 57, 11, 23, 30, 40, 48, 44, 15, 39, 50, 45, 19, 42, 34, 37, 24, 26, 60, 59 ],
\[ 4, 11, 17, 23, 24, 28, 32, 1, 39, 40, 45, 7, 49, 2, 5, 27, 48, 57, 43, 3, 61, 34, 15, 37, 12, 38, 51, 36, 13, 6, 47, 14, 9, 53, 42, 50, 8, 52, 55, 56, 58, 26, 10, 16, 25, 29, 62, 54, 33, 22, 31, 21, 30, 18, 46, 59, 60, 19, 41, 20, 64, 63, 44, 35 ]:
 Order := 64 > |
[ 22, 5, 56, 14, 6, 9, 46, 3, 12, 21, 33, 1, 30, 10, 18, 61, 23, 19, 28, 16, 24, 29, 52, 25, 41, 43, 48, 8, 2, 27, 11, 51, 38, 15, 49, 40, 35, 44, 50, 45, 42, 4, 20, 7, 63, 64, 26, 39, 17, 62, 36, 55, 58, 47, 57, 34, 37, 32, 54, 13, 59, 60, 53, 31 ],
[ 7, 13, 1, 26, 11, 24, 16, 36, 28, 2, 47, 39, 20, 23, 53, 3, 33, 5, 57, 10, 40, 4, 48, 61, 37, 62, 6, 43, 34, 49, 35, 19, 45, 59, 8, 31, 60, 9, 54, 50, 12, 58, 38, 52, 56, 32, 18, 51, 42, 55, 14, 15, 44, 41, 21, 17, 46, 30, 64, 63, 27, 22, 25, 29 ],
[ 41, 64, 35, 49, 10, 18, 53, 9, 27, 51, 36, 38, 37, 22, 29, 13, 30, 52, 47, 28, 20, 3, 56, 55, 6, 11, 58, 32, 62, 2, 59, 42, 5, 45, 25, 48, 19, 17, 23, 8, 63, 54, 4, 43, 21, 1, 39, 61, 31, 12, 46, 14, 60, 34, 44, 16, 50, 15, 24, 26, 7, 40, 33, 57 ]
]
];
s`SolvableDBPointedPassport := [ PowerSequence(PermutationGroup<64 |  
\[ 2, 3, 4, 5, 6, 7, 8, 9, 10, 11, 12, 13, 14, 15, 16, 17, 18, 19, 20, 21, 22, 23, 24, 25, 26, 27, 28, 29, 30, 31, 32, 33, 34, 35, 36, 37, 38, 39, 40, 41, 42, 43, 44, 45, 46, 47, 48, 49, 50, 51, 52, 53, 54, 55, 56, 57, 58, 59, 60, 61, 62, 63, 64, 1 ],
\[ 2, 1, 3, 4, 5, 6, 7, 8, 9, 10, 11, 12, 13, 14, 15, 16, 17, 18, 19, 20, 21, 22, 23, 24, 25, 26, 27, 28, 29, 30, 31, 32, 33, 34, 35, 36, 37, 38, 39, 40, 41, 42, 43, 44, 45, 46, 47, 48, 49, 50, 51, 52, 53, 54, 55, 56, 57, 58, 59, 60, 61, 62, 63, 64 ]:
 Order := 126886932185884164103433389335161480802865516174545192198801894375214704230400000000000000 >) |
[ PermutationGroup<64 |  
\[ 2, 3, 4, 5, 6, 7, 8, 9, 10, 11, 12, 13, 14, 15, 16, 17, 18, 19, 20, 21, 22, 23, 24, 25, 26, 27, 28, 29, 30, 31, 32, 33, 34, 35, 36, 37, 38, 39, 40, 41, 42, 43, 44, 45, 46, 47, 48, 49, 50, 51, 52, 53, 54, 55, 56, 57, 58, 59, 60, 61, 62, 63, 64, 1 ],
\[ 2, 1, 3, 4, 5, 6, 7, 8, 9, 10, 11, 12, 13, 14, 15, 16, 17, 18, 19, 20, 21, 22, 23, 24, 25, 26, 27, 28, 29, 30, 31, 32, 33, 34, 35, 36, 37, 38, 39, 40, 41, 42, 43, 44, 45, 46, 47, 48, 49, 50, 51, 52, 53, 54, 55, 56, 57, 58, 59, 60, 61, 62, 63, 64 ]:
 Order := 126886932185884164103433389335161480802865516174545192198801894375214704230400000000000000 > |
[ 22, 5, 56, 14, 6, 9, 46, 3, 12, 21, 33, 1, 30, 10, 18, 61, 23, 19, 28, 16, 24, 29, 52, 25, 41, 43, 48, 8, 2, 27, 11, 51, 38, 15, 49, 40, 35, 44, 50, 45, 42, 4, 20, 7, 63, 64, 26, 39, 17, 62, 36, 55, 58, 47, 57, 34, 37, 32, 54, 13, 59, 60, 53, 31 ],
[ 25, 46, 37, 35, 14, 15, 63, 6, 30, 32, 51, 33, 57, 1, 22, 60, 13, 23, 54, 19, 43, 8, 3, 52, 5, 31, 53, 58, 50, 29, 61, 41, 2, 40, 24, 27, 18, 49, 17, 28, 45, 59, 42, 26, 10, 12, 48, 16, 64, 9, 7, 4, 62, 56, 38, 20, 39, 34, 21, 47, 44, 36, 11, 55 ],
[ 46, 30, 22, 43, 33, 25, 61, 40, 8, 5, 26, 50, 16, 52, 58, 56, 38, 6, 37, 21, 45, 14, 39, 59, 35, 60, 9, 20, 15, 17, 49, 28, 63, 54, 3, 11, 13, 12, 47, 62, 1, 32, 44, 55, 34, 51, 19, 36, 4, 57, 10, 18, 7, 42, 24, 23, 64, 27, 31, 53, 48, 29, 41, 2 ]
],
[ PermutationGroup<64 |  
\[ 2, 3, 4, 5, 6, 7, 8, 9, 10, 11, 12, 13, 14, 15, 16, 17, 18, 19, 20, 21, 22, 23, 24, 25, 26, 27, 28, 29, 30, 31, 32, 33, 34, 35, 36, 37, 38, 39, 40, 41, 42, 43, 44, 45, 46, 47, 48, 49, 50, 51, 52, 53, 54, 55, 56, 57, 58, 59, 60, 61, 62, 63, 64, 1 ],
\[ 2, 1, 3, 4, 5, 6, 7, 8, 9, 10, 11, 12, 13, 14, 15, 16, 17, 18, 19, 20, 21, 22, 23, 24, 25, 26, 27, 28, 29, 30, 31, 32, 33, 34, 35, 36, 37, 38, 39, 40, 41, 42, 43, 44, 45, 46, 47, 48, 49, 50, 51, 52, 53, 54, 55, 56, 57, 58, 59, 60, 61, 62, 63, 64 ]:
 Order := 126886932185884164103433389335161480802865516174545192198801894375214704230400000000000000 > |
[ 22, 5, 56, 14, 6, 9, 46, 3, 12, 21, 33, 1, 30, 10, 18, 61, 23, 19, 28, 16, 24, 29, 52, 25, 41, 43, 48, 8, 2, 27, 11, 51, 38, 15, 49, 40, 35, 44, 50, 45, 42, 4, 20, 7, 63, 64, 26, 39, 17, 62, 36, 55, 58, 47, 57, 34, 37, 32, 54, 13, 59, 60, 53, 31 ],
[ 21, 44, 55, 57, 42, 56, 40, 2, 60, 53, 58, 31, 52, 9, 12, 50, 62, 49, 61, 15, 47, 19, 28, 17, 29, 46, 45, 63, 48, 1, 20, 24, 22, 51, 10, 13, 34, 37, 35, 18, 36, 16, 25, 54, 4, 6, 30, 43, 7, 5, 38, 41, 39, 8, 11, 26, 27, 3, 14, 59, 33, 32, 64, 23 ],
[ 15, 25, 54, 5, 8, 50, 2, 23, 46, 59, 12, 14, 9, 45, 37, 31, 18, 20, 40, 48, 35, 30, 24, 1, 32, 21, 47, 22, 33, 36, 63, 11, 55, 6, 38, 34, 4, 61, 29, 41, 43, 52, 56, 51, 7, 49, 44, 57, 39, 53, 62, 64, 28, 60, 13, 58, 3, 10, 19, 17, 42, 16, 27, 26 ]
]
];
s`SolvableDBMonodromyGroup := PermutationGroup<64 |  
\[ 12, 29, 8, 42, 2, 5, 44, 28, 6, 14, 31, 9, 60, 4, 34, 20, 49, 15, 18, 43, 10, 1, 17, 21, 24, 47, 30, 19, 22, 13, 64, 58, 11, 56, 37, 51, 57, 33, 48, 36, 25, 41, 26, 38, 40, 7, 54, 27, 35, 39, 32, 23, 63, 59, 52, 3, 55, 53, 61, 62, 16, 50, 45, 46 ],
\[ 3, 10, 16, 22, 18, 27, 1, 35, 38, 20, 5, 41, 2, 51, 52, 7, 56, 47, 32, 13, 55, 62, 14, 6, 63, 4, 61, 9, 64, 58, 36, 46, 17, 29, 31, 8, 25, 43, 12, 21, 54, 49, 28, 53, 33, 57, 11, 23, 30, 40, 48, 44, 15, 39, 50, 45, 19, 42, 34, 37, 24, 26, 60, 59 ],
\[ 4, 11, 17, 23, 24, 28, 32, 1, 39, 40, 45, 7, 49, 2, 5, 27, 48, 57, 43, 3, 61, 34, 15, 37, 12, 38, 51, 36, 13, 6, 47, 14, 9, 53, 42, 50, 8, 52, 55, 56, 58, 26, 10, 16, 25, 29, 62, 54, 33, 22, 31, 21, 30, 18, 46, 59, 60, 19, 41, 20, 64, 63, 44, 35 ] >;
s`SolvableDBAutomorphismGroup := PermutationGroup<64 |  
\[ 29, 6, 64, 13, 9, 12, 34, 46, 1, 27, 28, 22, 24, 30, 33, 59, 35, 38, 44, 61, 48, 2, 49, 39, 50, 20, 41, 7, 5, 25, 19, 53, 8, 11, 57, 32, 55, 3, 4, 51, 62, 60, 16, 56, 36, 15, 43, 42, 37, 14, 58, 17, 45, 26, 23, 31, 52, 63, 47, 21, 54, 10, 40, 18 ],
\[ 2, 9, 10, 11, 12, 1, 13, 14, 22, 38, 39, 29, 28, 33, 25, 20, 40, 41, 42, 43, 44, 5, 45, 7, 46, 47, 3, 4, 6, 8, 48, 49, 50, 24, 51, 23, 32, 62, 34, 52, 64, 31, 26, 60, 55, 30, 54, 56, 36, 15, 17, 63, 37, 59, 53, 21, 58, 35, 61, 19, 16, 18, 57, 27 ],
\[ 64, 33, 59, 35, 38, 44, 29, 61, 7, 17, 9, 46, 45, 49, 26, 34, 41, 43, 20, 56, 23, 31, 42, 52, 55, 8, 53, 16, 11, 63, 6, 13, 12, 47, 24, 27, 21, 1, 32, 48, 57, 37, 3, 22, 39, 2, 28, 58, 25, 51, 30, 4, 62, 19, 14, 54, 10, 60, 18, 40, 15, 36, 50, 5 ]:
 Order := 64 >;
s`SolvableDBPointedAutomorphismGroup := PermutationGroup<64 |  
\[ 9, 22, 38, 39, 29, 2, 28, 33, 5, 62, 34, 6, 4, 50, 46, 43, 52, 64, 31, 26, 60, 12, 55, 13, 30, 54, 10, 11, 1, 14, 56, 36, 15, 7, 17, 45, 49, 18, 24, 63, 27, 48, 47, 19, 53, 8, 59, 21, 23, 25, 40, 57, 32, 61, 37, 44, 35, 51, 16, 42, 20, 41, 58, 3 ],
\[ 6, 1, 27, 28, 22, 29, 24, 30, 2, 3, 4, 5, 7, 8, 50, 61, 51, 62, 60, 16, 56, 9, 36, 34, 15, 43, 64, 13, 12, 46, 42, 37, 14, 39, 58, 49, 53, 10, 11, 17, 18, 19, 20, 21, 23, 25, 26, 31, 32, 33, 35, 40, 55, 47, 45, 48, 63, 57, 54, 44, 59, 38, 52, 41 ]:
 Order := 8 >;
s`SolvableDBPathToPP1 := [ Strings() | "PP1", "2T1-1,2,2-g0-path1", "4T2-2,2,2-g0-path1", "8T4-2,2,4-g0-path1", "16T10-4,2,4-g1-path6", "32S6-4,4,4-g5-path19", "64S37-8,4,8-g17-path16" ];
s`SolvableDBChild := "32S6-4,4,4-g5-path19";

/*
Return for eval
*/

return s;
