s := SolvableDBObjectInitialize();

/*
Basic Information about the Passport
*/

s`SolvableDBName := "64S31-8,16,16-g25-path27";
s`SolvableDBFilename := "64S31-8,16,16-g25-path27.m";
s`SolvableDBPathNumber := 27;
s`SolvableDBDegree := 64;
s`SolvableDBABC := \[ 8, 16, 16 ];
s`SolvableDBType := "Hyperbolic";
s`SolvableDBGenus := 25;
s`SolvableDBGaloisOrbitSize := 1;
s`SolvableDBPassportSize := 4;
s`SolvableDBPointedPassportSize := 4;
s`SolvableDBLevel := 6;
s`SolvableDBBlocks := {@ PowerSet(IntegerRing()) |
{ IntegerRing() | 1, 5 },
{ IntegerRing() | 2, 12 },
{ IntegerRing() | 3, 18 },
{ IntegerRing() | 4, 24 },
{ IntegerRing() | 6, 22 },
{ IntegerRing() | 7, 11 },
{ IntegerRing() | 8, 15 },
{ IntegerRing() | 9, 28 },
{ IntegerRing() | 10, 42 },
{ IntegerRing() | 13, 38 },
{ IntegerRing() | 14, 39 },
{ IntegerRing() | 16, 56 },
{ IntegerRing() | 17, 60 },
{ IntegerRing() | 19, 59 },
{ IntegerRing() | 20, 40 },
{ IntegerRing() | 21, 48 },
{ IntegerRing() | 23, 62 },
{ IntegerRing() | 25, 61 },
{ IntegerRing() | 26, 55 },
{ IntegerRing() | 27, 54 },
{ IntegerRing() | 29, 43 },
{ IntegerRing() | 30, 45 },
{ IntegerRing() | 31, 46 },
{ IntegerRing() | 32, 47 },
{ IntegerRing() | 33, 44 },
{ IntegerRing() | 34, 37 },
{ IntegerRing() | 35, 52 },
{ IntegerRing() | 36, 53 },
{ IntegerRing() | 41, 58 },
{ IntegerRing() | 49, 57 },
{ IntegerRing() | 50, 64 },
{ IntegerRing() | 51, 63 }
@};

/*
Permutations and Passports
*/

s`SolvableDBGaloisOrbit := [ PowerSequence(PermutationGroup<64 |  
\[ 2, 3, 4, 5, 6, 7, 8, 9, 10, 11, 12, 13, 14, 15, 16, 17, 18, 19, 20, 21, 22, 23, 24, 25, 26, 27, 28, 29, 30, 31, 32, 33, 34, 35, 36, 37, 38, 39, 40, 41, 42, 43, 44, 45, 46, 47, 48, 49, 50, 51, 52, 53, 54, 55, 56, 57, 58, 59, 60, 61, 62, 63, 64, 1 ],
\[ 2, 1, 3, 4, 5, 6, 7, 8, 9, 10, 11, 12, 13, 14, 15, 16, 17, 18, 19, 20, 21, 22, 23, 24, 25, 26, 27, 28, 29, 30, 31, 32, 33, 34, 35, 36, 37, 38, 39, 40, 41, 42, 43, 44, 45, 46, 47, 48, 49, 50, 51, 52, 53, 54, 55, 56, 57, 58, 59, 60, 61, 62, 63, 64 ]:
 Order := 126886932185884164103433389335161480802865516174545192198801894375214704230400000000000000 >) |
[ PermutationGroup<64 |  
\[ 2, 3, 4, 5, 6, 7, 8, 9, 10, 11, 12, 13, 14, 15, 16, 17, 18, 19, 20, 21, 22, 23, 24, 25, 26, 27, 28, 29, 30, 31, 32, 33, 34, 35, 36, 37, 38, 39, 40, 41, 42, 43, 44, 45, 46, 47, 48, 49, 50, 51, 52, 53, 54, 55, 56, 57, 58, 59, 60, 61, 62, 63, 64, 1 ],
\[ 2, 1, 3, 4, 5, 6, 7, 8, 9, 10, 11, 12, 13, 14, 15, 16, 17, 18, 19, 20, 21, 22, 23, 24, 25, 26, 27, 28, 29, 30, 31, 32, 33, 34, 35, 36, 37, 38, 39, 40, 41, 42, 43, 44, 45, 46, 47, 48, 49, 50, 51, 52, 53, 54, 55, 56, 57, 58, 59, 60, 61, 62, 63, 64 ]:
 Order := 126886932185884164103433389335161480802865516174545192198801894375214704230400000000000000 > |
[ 12, 28, 8, 48, 2, 5, 45, 37, 6, 14, 30, 9, 61, 55, 34, 20, 41, 15, 18, 33, 13, 1, 46, 21, 24, 29, 32, 22, 10, 54, 36, 11, 57, 59, 50, 51, 19, 25, 26, 44, 35, 39, 42, 49, 27, 53, 7, 38, 16, 60, 23, 64, 63, 47, 43, 40, 56, 52, 3, 58, 4, 31, 62, 17 ],
[ 3, 10, 16, 22, 18, 26, 1, 31, 37, 40, 5, 42, 2, 36, 46, 54, 59, 56, 51, 4, 41, 55, 61, 6, 64, 57, 9, 34, 62, 52, 47, 60, 7, 44, 8, 21, 33, 12, 53, 24, 29, 20, 23, 11, 35, 32, 17, 58, 13, 14, 45, 15, 48, 28, 49, 27, 38, 43, 63, 19, 50, 25, 30, 39 ],
[ 4, 11, 17, 23, 24, 27, 31, 1, 38, 41, 46, 7, 36, 2, 5, 55, 25, 60, 9, 3, 40, 54, 19, 62, 57, 64, 51, 13, 6, 44, 29, 56, 42, 52, 21, 8, 35, 53, 12, 18, 47, 58, 22, 10, 33, 43, 16, 20, 34, 45, 14, 48, 15, 63, 50, 26, 37, 32, 28, 61, 49, 59, 39, 30 ]
]
];
s`SolvableDBPassport := [ PowerSequence(PermutationGroup<64 |  
\[ 12, 28, 8, 48, 2, 5, 45, 37, 6, 14, 30, 9, 61, 55, 34, 20, 41, 15, 18, 33, 13, 1, 46, 21, 24, 29, 32, 22, 10, 54, 36, 11, 57, 59, 50, 51, 19, 25, 26, 44, 35, 39, 42, 49, 27, 53, 7, 38, 16, 60, 23, 64, 63, 47, 43, 40, 56, 52, 3, 58, 4, 31, 62, 17 ],
\[ 3, 10, 16, 22, 18, 26, 1, 31, 37, 40, 5, 42, 2, 36, 46, 54, 59, 56, 51, 4, 41, 55, 61, 6, 64, 57, 9, 34, 62, 52, 47, 60, 7, 44, 8, 21, 33, 12, 53, 24, 29, 20, 23, 11, 35, 32, 17, 58, 13, 14, 45, 15, 48, 28, 49, 27, 38, 43, 63, 19, 50, 25, 30, 39 ],
\[ 4, 11, 17, 23, 24, 27, 31, 1, 38, 41, 46, 7, 36, 2, 5, 55, 25, 60, 9, 3, 40, 54, 19, 62, 57, 64, 51, 13, 6, 44, 29, 56, 42, 52, 21, 8, 35, 53, 12, 18, 47, 58, 22, 10, 33, 43, 16, 20, 34, 45, 14, 48, 15, 63, 50, 26, 37, 32, 28, 61, 49, 59, 39, 30 ]:
 Order := 64 >) |
[ PermutationGroup<64 |  
\[ 12, 28, 8, 48, 2, 5, 45, 37, 6, 14, 30, 9, 61, 55, 34, 20, 41, 15, 18, 33, 13, 1, 46, 21, 24, 29, 32, 22, 10, 54, 36, 11, 57, 59, 50, 51, 19, 25, 26, 44, 35, 39, 42, 49, 27, 53, 7, 38, 16, 60, 23, 64, 63, 47, 43, 40, 56, 52, 3, 58, 4, 31, 62, 17 ],
\[ 3, 10, 16, 22, 18, 26, 1, 31, 37, 40, 5, 42, 2, 36, 46, 54, 59, 56, 51, 4, 41, 55, 61, 6, 64, 57, 9, 34, 62, 52, 47, 60, 7, 44, 8, 21, 33, 12, 53, 24, 29, 20, 23, 11, 35, 32, 17, 58, 13, 14, 45, 15, 48, 28, 49, 27, 38, 43, 63, 19, 50, 25, 30, 39 ],
\[ 4, 11, 17, 23, 24, 27, 31, 1, 38, 41, 46, 7, 36, 2, 5, 55, 25, 60, 9, 3, 40, 54, 19, 62, 57, 64, 51, 13, 6, 44, 29, 56, 42, 52, 21, 8, 35, 53, 12, 18, 47, 58, 22, 10, 33, 43, 16, 20, 34, 45, 14, 48, 15, 63, 50, 26, 37, 32, 28, 61, 49, 59, 39, 30 ]:
 Order := 64 > |
[ 35, 50, 42, 7, 52, 41, 38, 14, 60, 34, 13, 64, 54, 19, 39, 31, 1, 10, 43, 53, 45, 58, 20, 11, 47, 18, 24, 17, 8, 25, 33, 48, 51, 55, 9, 49, 26, 27, 59, 36, 2, 37, 15, 63, 61, 44, 21, 30, 23, 22, 56, 28, 57, 4, 3, 46, 62, 12, 29, 5, 32, 40, 16, 6 ],
[ 4, 11, 17, 23, 24, 27, 31, 1, 38, 41, 46, 7, 36, 2, 5, 55, 25, 60, 9, 3, 40, 54, 19, 62, 57, 64, 51, 13, 6, 44, 29, 56, 42, 52, 21, 8, 35, 53, 12, 18, 47, 58, 22, 10, 33, 43, 16, 20, 34, 45, 14, 48, 15, 63, 50, 26, 37, 32, 28, 61, 49, 59, 39, 30 ],
[ 3, 10, 16, 22, 18, 26, 1, 31, 37, 40, 5, 42, 2, 36, 46, 54, 59, 56, 51, 4, 41, 55, 61, 6, 64, 57, 9, 34, 62, 52, 47, 60, 7, 44, 8, 21, 33, 12, 53, 24, 29, 20, 23, 11, 35, 32, 17, 58, 13, 14, 45, 15, 48, 28, 49, 27, 38, 43, 63, 19, 50, 25, 30, 39 ]
],
[ PermutationGroup<64 |  
\[ 12, 28, 8, 48, 2, 5, 45, 37, 6, 14, 30, 9, 61, 55, 34, 20, 41, 15, 18, 33, 13, 1, 46, 21, 24, 29, 32, 22, 10, 54, 36, 11, 57, 59, 50, 51, 19, 25, 26, 44, 35, 39, 42, 49, 27, 53, 7, 38, 16, 60, 23, 64, 63, 47, 43, 40, 56, 52, 3, 58, 4, 31, 62, 17 ],
\[ 3, 10, 16, 22, 18, 26, 1, 31, 37, 40, 5, 42, 2, 36, 46, 54, 59, 56, 51, 4, 41, 55, 61, 6, 64, 57, 9, 34, 62, 52, 47, 60, 7, 44, 8, 21, 33, 12, 53, 24, 29, 20, 23, 11, 35, 32, 17, 58, 13, 14, 45, 15, 48, 28, 49, 27, 38, 43, 63, 19, 50, 25, 30, 39 ],
\[ 4, 11, 17, 23, 24, 27, 31, 1, 38, 41, 46, 7, 36, 2, 5, 55, 25, 60, 9, 3, 40, 54, 19, 62, 57, 64, 51, 13, 6, 44, 29, 56, 42, 52, 21, 8, 35, 53, 12, 18, 47, 58, 22, 10, 33, 43, 16, 20, 34, 45, 14, 48, 15, 63, 50, 26, 37, 32, 28, 61, 49, 59, 39, 30 ]:
 Order := 64 > |
[ 17, 41, 55, 54, 60, 64, 4, 29, 35, 18, 24, 58, 11, 8, 43, 63, 28, 26, 14, 23, 47, 50, 49, 27, 30, 37, 38, 52, 59, 48, 16, 61, 31, 10, 1, 40, 42, 7, 15, 62, 6, 3, 19, 46, 21, 56, 25, 32, 36, 2, 33, 5, 20, 13, 34, 51, 53, 22, 39, 9, 45, 57, 44, 12 ],
[ 4, 11, 17, 23, 24, 27, 31, 1, 38, 41, 46, 7, 36, 2, 5, 55, 25, 60, 9, 3, 40, 54, 19, 62, 57, 64, 51, 13, 6, 44, 29, 56, 42, 52, 21, 8, 35, 53, 12, 18, 47, 58, 22, 10, 33, 43, 16, 20, 34, 45, 14, 48, 15, 63, 50, 26, 37, 32, 28, 61, 49, 59, 39, 30 ],
[ 37, 55, 33, 12, 34, 10, 9, 51, 18, 49, 28, 26, 22, 23, 63, 7, 8, 44, 46, 38, 50, 42, 48, 2, 41, 40, 5, 3, 36, 17, 45, 52, 27, 16, 19, 61, 56, 6, 62, 13, 14, 57, 53, 54, 60, 30, 35, 64, 4, 43, 32, 59, 25, 1, 20, 11, 24, 39, 31, 15, 58, 21, 47, 29 ]
],
[ PermutationGroup<64 |  
\[ 12, 28, 8, 48, 2, 5, 45, 37, 6, 14, 30, 9, 61, 55, 34, 20, 41, 15, 18, 33, 13, 1, 46, 21, 24, 29, 32, 22, 10, 54, 36, 11, 57, 59, 50, 51, 19, 25, 26, 44, 35, 39, 42, 49, 27, 53, 7, 38, 16, 60, 23, 64, 63, 47, 43, 40, 56, 52, 3, 58, 4, 31, 62, 17 ],
\[ 3, 10, 16, 22, 18, 26, 1, 31, 37, 40, 5, 42, 2, 36, 46, 54, 59, 56, 51, 4, 41, 55, 61, 6, 64, 57, 9, 34, 62, 52, 47, 60, 7, 44, 8, 21, 33, 12, 53, 24, 29, 20, 23, 11, 35, 32, 17, 58, 13, 14, 45, 15, 48, 28, 49, 27, 38, 43, 63, 19, 50, 25, 30, 39 ],
\[ 4, 11, 17, 23, 24, 27, 31, 1, 38, 41, 46, 7, 36, 2, 5, 55, 25, 60, 9, 3, 40, 54, 19, 62, 57, 64, 51, 13, 6, 44, 29, 56, 42, 52, 21, 8, 35, 53, 12, 18, 47, 58, 22, 10, 33, 43, 16, 20, 34, 45, 14, 48, 15, 63, 50, 26, 37, 32, 28, 61, 49, 59, 39, 30 ]:
 Order := 64 > |
[ 12, 28, 8, 48, 2, 5, 45, 37, 6, 14, 30, 9, 61, 55, 34, 20, 41, 15, 18, 33, 13, 1, 46, 21, 24, 29, 32, 22, 10, 54, 36, 11, 57, 59, 50, 51, 19, 25, 26, 44, 35, 39, 42, 49, 27, 53, 7, 38, 16, 60, 23, 64, 63, 47, 43, 40, 56, 52, 3, 58, 4, 31, 62, 17 ],
[ 3, 10, 16, 22, 18, 26, 1, 31, 37, 40, 5, 42, 2, 36, 46, 54, 59, 56, 51, 4, 41, 55, 61, 6, 64, 57, 9, 34, 62, 52, 47, 60, 7, 44, 8, 21, 33, 12, 53, 24, 29, 20, 23, 11, 35, 32, 17, 58, 13, 14, 45, 15, 48, 28, 49, 27, 38, 43, 63, 19, 50, 25, 30, 39 ],
[ 4, 11, 17, 23, 24, 27, 31, 1, 38, 41, 46, 7, 36, 2, 5, 55, 25, 60, 9, 3, 40, 54, 19, 62, 57, 64, 51, 13, 6, 44, 29, 56, 42, 52, 21, 8, 35, 53, 12, 18, 47, 58, 22, 10, 33, 43, 16, 20, 34, 45, 14, 48, 15, 63, 50, 26, 37, 32, 28, 61, 49, 59, 39, 30 ]
],
[ PermutationGroup<64 |  
\[ 12, 28, 8, 48, 2, 5, 45, 37, 6, 14, 30, 9, 61, 55, 34, 20, 41, 15, 18, 33, 13, 1, 46, 21, 24, 29, 32, 22, 10, 54, 36, 11, 57, 59, 50, 51, 19, 25, 26, 44, 35, 39, 42, 49, 27, 53, 7, 38, 16, 60, 23, 64, 63, 47, 43, 40, 56, 52, 3, 58, 4, 31, 62, 17 ],
\[ 3, 10, 16, 22, 18, 26, 1, 31, 37, 40, 5, 42, 2, 36, 46, 54, 59, 56, 51, 4, 41, 55, 61, 6, 64, 57, 9, 34, 62, 52, 47, 60, 7, 44, 8, 21, 33, 12, 53, 24, 29, 20, 23, 11, 35, 32, 17, 58, 13, 14, 45, 15, 48, 28, 49, 27, 38, 43, 63, 19, 50, 25, 30, 39 ],
\[ 4, 11, 17, 23, 24, 27, 31, 1, 38, 41, 46, 7, 36, 2, 5, 55, 25, 60, 9, 3, 40, 54, 19, 62, 57, 64, 51, 13, 6, 44, 29, 56, 42, 52, 21, 8, 35, 53, 12, 18, 47, 58, 22, 10, 33, 43, 16, 20, 34, 45, 14, 48, 15, 63, 50, 26, 37, 32, 28, 61, 49, 59, 39, 30 ]:
 Order := 64 > |
[ 6, 1, 19, 25, 22, 28, 32, 18, 2, 43, 47, 5, 48, 42, 3, 57, 50, 59, 34, 56, 4, 9, 63, 61, 13, 14, 30, 12, 55, 7, 23, 54, 40, 8, 58, 46, 15, 21, 10, 16, 60, 29, 26, 20, 11, 62, 27, 24, 33, 52, 53, 41, 31, 45, 39, 49, 44, 17, 37, 64, 38, 51, 36, 35 ],
[ 3, 10, 16, 22, 18, 26, 1, 31, 37, 40, 5, 42, 2, 36, 46, 54, 59, 56, 51, 4, 41, 55, 61, 6, 64, 57, 9, 34, 62, 52, 47, 60, 7, 44, 8, 21, 33, 12, 53, 24, 29, 20, 23, 11, 35, 32, 17, 58, 13, 14, 45, 15, 48, 28, 49, 27, 38, 43, 63, 19, 50, 25, 30, 39 ],
[ 13, 27, 52, 36, 38, 7, 63, 28, 4, 64, 51, 54, 62, 6, 9, 10, 48, 35, 1, 34, 57, 11, 8, 53, 20, 58, 31, 24, 12, 56, 39, 33, 55, 60, 25, 59, 17, 23, 22, 37, 30, 50, 2, 26, 16, 14, 44, 49, 18, 47, 29, 61, 19, 46, 41, 42, 3, 45, 5, 21, 40, 15, 43, 32 ]
]
];
s`SolvableDBPointedPassport := [ PowerSequence(PermutationGroup<64 |  
\[ 12, 28, 8, 48, 2, 5, 45, 37, 6, 14, 30, 9, 61, 55, 34, 20, 41, 15, 18, 33, 13, 1, 46, 21, 24, 29, 32, 22, 10, 54, 36, 11, 57, 59, 50, 51, 19, 25, 26, 44, 35, 39, 42, 49, 27, 53, 7, 38, 16, 60, 23, 64, 63, 47, 43, 40, 56, 52, 3, 58, 4, 31, 62, 17 ],
\[ 3, 10, 16, 22, 18, 26, 1, 31, 37, 40, 5, 42, 2, 36, 46, 54, 59, 56, 51, 4, 41, 55, 61, 6, 64, 57, 9, 34, 62, 52, 47, 60, 7, 44, 8, 21, 33, 12, 53, 24, 29, 20, 23, 11, 35, 32, 17, 58, 13, 14, 45, 15, 48, 28, 49, 27, 38, 43, 63, 19, 50, 25, 30, 39 ],
\[ 4, 11, 17, 23, 24, 27, 31, 1, 38, 41, 46, 7, 36, 2, 5, 55, 25, 60, 9, 3, 40, 54, 19, 62, 57, 64, 51, 13, 6, 44, 29, 56, 42, 52, 21, 8, 35, 53, 12, 18, 47, 58, 22, 10, 33, 43, 16, 20, 34, 45, 14, 48, 15, 63, 50, 26, 37, 32, 28, 61, 49, 59, 39, 30 ]:
 Order := 64 >) |
[ PermutationGroup<64 |  
\[ 12, 28, 8, 48, 2, 5, 45, 37, 6, 14, 30, 9, 61, 55, 34, 20, 41, 15, 18, 33, 13, 1, 46, 21, 24, 29, 32, 22, 10, 54, 36, 11, 57, 59, 50, 51, 19, 25, 26, 44, 35, 39, 42, 49, 27, 53, 7, 38, 16, 60, 23, 64, 63, 47, 43, 40, 56, 52, 3, 58, 4, 31, 62, 17 ],
\[ 3, 10, 16, 22, 18, 26, 1, 31, 37, 40, 5, 42, 2, 36, 46, 54, 59, 56, 51, 4, 41, 55, 61, 6, 64, 57, 9, 34, 62, 52, 47, 60, 7, 44, 8, 21, 33, 12, 53, 24, 29, 20, 23, 11, 35, 32, 17, 58, 13, 14, 45, 15, 48, 28, 49, 27, 38, 43, 63, 19, 50, 25, 30, 39 ],
\[ 4, 11, 17, 23, 24, 27, 31, 1, 38, 41, 46, 7, 36, 2, 5, 55, 25, 60, 9, 3, 40, 54, 19, 62, 57, 64, 51, 13, 6, 44, 29, 56, 42, 52, 21, 8, 35, 53, 12, 18, 47, 58, 22, 10, 33, 43, 16, 20, 34, 45, 14, 48, 15, 63, 50, 26, 37, 32, 28, 61, 49, 59, 39, 30 ]:
 Order := 64 > |
[ 4, 11, 17, 23, 24, 27, 31, 1, 38, 41, 46, 7, 36, 2, 5, 55, 25, 60, 9, 3, 40, 54, 19, 62, 57, 64, 51, 13, 6, 44, 29, 56, 42, 52, 21, 8, 35, 53, 12, 18, 47, 58, 22, 10, 33, 43, 16, 20, 34, 45, 14, 48, 15, 63, 50, 26, 37, 32, 28, 61, 49, 59, 39, 30 ],
[ 43, 15, 62, 60, 29, 19, 41, 20, 39, 31, 58, 8, 35, 44, 40, 61, 26, 23, 57, 47, 5, 59, 27, 17, 9, 63, 50, 14, 56, 2, 24, 6, 48, 53, 10, 7, 36, 52, 33, 32, 3, 46, 16, 21, 12, 4, 22, 1, 30, 37, 13, 42, 11, 64, 51, 25, 45, 18, 49, 55, 28, 54, 38, 34 ],
[ 12, 28, 8, 48, 2, 5, 45, 37, 6, 14, 30, 9, 61, 55, 34, 20, 41, 15, 18, 33, 13, 1, 46, 21, 24, 29, 32, 22, 10, 54, 36, 11, 57, 59, 50, 51, 19, 25, 26, 44, 35, 39, 42, 49, 27, 53, 7, 38, 16, 60, 23, 64, 63, 47, 43, 40, 56, 52, 3, 58, 4, 31, 62, 17 ]
],
[ PermutationGroup<64 |  
\[ 12, 28, 8, 48, 2, 5, 45, 37, 6, 14, 30, 9, 61, 55, 34, 20, 41, 15, 18, 33, 13, 1, 46, 21, 24, 29, 32, 22, 10, 54, 36, 11, 57, 59, 50, 51, 19, 25, 26, 44, 35, 39, 42, 49, 27, 53, 7, 38, 16, 60, 23, 64, 63, 47, 43, 40, 56, 52, 3, 58, 4, 31, 62, 17 ],
\[ 3, 10, 16, 22, 18, 26, 1, 31, 37, 40, 5, 42, 2, 36, 46, 54, 59, 56, 51, 4, 41, 55, 61, 6, 64, 57, 9, 34, 62, 52, 47, 60, 7, 44, 8, 21, 33, 12, 53, 24, 29, 20, 23, 11, 35, 32, 17, 58, 13, 14, 45, 15, 48, 28, 49, 27, 38, 43, 63, 19, 50, 25, 30, 39 ],
\[ 4, 11, 17, 23, 24, 27, 31, 1, 38, 41, 46, 7, 36, 2, 5, 55, 25, 60, 9, 3, 40, 54, 19, 62, 57, 64, 51, 13, 6, 44, 29, 56, 42, 52, 21, 8, 35, 53, 12, 18, 47, 58, 22, 10, 33, 43, 16, 20, 34, 45, 14, 48, 15, 63, 50, 26, 37, 32, 28, 61, 49, 59, 39, 30 ]:
 Order := 64 > |
[ 4, 11, 17, 23, 24, 27, 31, 1, 38, 41, 46, 7, 36, 2, 5, 55, 25, 60, 9, 3, 40, 54, 19, 62, 57, 64, 51, 13, 6, 44, 29, 56, 42, 52, 21, 8, 35, 53, 12, 18, 47, 58, 22, 10, 33, 43, 16, 20, 34, 45, 14, 48, 15, 63, 50, 26, 37, 32, 28, 61, 49, 59, 39, 30 ],
[ 14, 19, 53, 35, 39, 8, 64, 49, 43, 63, 50, 59, 17, 56, 57, 21, 42, 36, 20, 30, 9, 15, 7, 52, 1, 46, 41, 29, 33, 6, 38, 12, 61, 23, 26, 54, 62, 60, 16, 45, 34, 51, 44, 25, 22, 13, 2, 28, 32, 3, 24, 55, 27, 58, 31, 48, 47, 37, 40, 10, 5, 11, 4, 18 ],
[ 6, 1, 19, 25, 22, 28, 32, 18, 2, 43, 47, 5, 48, 42, 3, 57, 50, 59, 34, 56, 4, 9, 63, 61, 13, 14, 30, 12, 55, 7, 23, 54, 40, 8, 58, 46, 15, 21, 10, 16, 60, 29, 26, 20, 11, 62, 27, 24, 33, 52, 53, 41, 31, 45, 39, 49, 44, 17, 37, 64, 38, 51, 36, 35 ]
],
[ PermutationGroup<64 |  
\[ 12, 28, 8, 48, 2, 5, 45, 37, 6, 14, 30, 9, 61, 55, 34, 20, 41, 15, 18, 33, 13, 1, 46, 21, 24, 29, 32, 22, 10, 54, 36, 11, 57, 59, 50, 51, 19, 25, 26, 44, 35, 39, 42, 49, 27, 53, 7, 38, 16, 60, 23, 64, 63, 47, 43, 40, 56, 52, 3, 58, 4, 31, 62, 17 ],
\[ 3, 10, 16, 22, 18, 26, 1, 31, 37, 40, 5, 42, 2, 36, 46, 54, 59, 56, 51, 4, 41, 55, 61, 6, 64, 57, 9, 34, 62, 52, 47, 60, 7, 44, 8, 21, 33, 12, 53, 24, 29, 20, 23, 11, 35, 32, 17, 58, 13, 14, 45, 15, 48, 28, 49, 27, 38, 43, 63, 19, 50, 25, 30, 39 ],
\[ 4, 11, 17, 23, 24, 27, 31, 1, 38, 41, 46, 7, 36, 2, 5, 55, 25, 60, 9, 3, 40, 54, 19, 62, 57, 64, 51, 13, 6, 44, 29, 56, 42, 52, 21, 8, 35, 53, 12, 18, 47, 58, 22, 10, 33, 43, 16, 20, 34, 45, 14, 48, 15, 63, 50, 26, 37, 32, 28, 61, 49, 59, 39, 30 ]:
 Order := 64 > |
[ 29, 8, 23, 17, 43, 59, 58, 40, 14, 46, 41, 15, 52, 33, 20, 25, 55, 62, 49, 32, 1, 19, 54, 60, 28, 51, 64, 39, 16, 12, 4, 22, 21, 36, 42, 11, 53, 35, 44, 47, 18, 31, 56, 48, 2, 24, 6, 5, 45, 34, 38, 10, 7, 50, 63, 61, 30, 3, 57, 26, 9, 27, 13, 37 ],
[ 4, 11, 17, 23, 24, 27, 31, 1, 38, 41, 46, 7, 36, 2, 5, 55, 25, 60, 9, 3, 40, 54, 19, 62, 57, 64, 51, 13, 6, 44, 29, 56, 42, 52, 21, 8, 35, 53, 12, 18, 47, 58, 22, 10, 33, 43, 16, 20, 34, 45, 14, 48, 15, 63, 50, 26, 37, 32, 28, 61, 49, 59, 39, 30 ],
[ 35, 50, 42, 7, 52, 41, 38, 14, 60, 34, 13, 64, 54, 19, 39, 31, 1, 10, 43, 53, 45, 58, 20, 11, 47, 18, 24, 17, 8, 25, 33, 48, 51, 55, 9, 49, 26, 27, 59, 36, 2, 37, 15, 63, 61, 44, 21, 30, 23, 22, 56, 28, 57, 4, 3, 46, 62, 12, 29, 5, 32, 40, 16, 6 ]
],
[ PermutationGroup<64 |  
\[ 12, 28, 8, 48, 2, 5, 45, 37, 6, 14, 30, 9, 61, 55, 34, 20, 41, 15, 18, 33, 13, 1, 46, 21, 24, 29, 32, 22, 10, 54, 36, 11, 57, 59, 50, 51, 19, 25, 26, 44, 35, 39, 42, 49, 27, 53, 7, 38, 16, 60, 23, 64, 63, 47, 43, 40, 56, 52, 3, 58, 4, 31, 62, 17 ],
\[ 3, 10, 16, 22, 18, 26, 1, 31, 37, 40, 5, 42, 2, 36, 46, 54, 59, 56, 51, 4, 41, 55, 61, 6, 64, 57, 9, 34, 62, 52, 47, 60, 7, 44, 8, 21, 33, 12, 53, 24, 29, 20, 23, 11, 35, 32, 17, 58, 13, 14, 45, 15, 48, 28, 49, 27, 38, 43, 63, 19, 50, 25, 30, 39 ],
\[ 4, 11, 17, 23, 24, 27, 31, 1, 38, 41, 46, 7, 36, 2, 5, 55, 25, 60, 9, 3, 40, 54, 19, 62, 57, 64, 51, 13, 6, 44, 29, 56, 42, 52, 21, 8, 35, 53, 12, 18, 47, 58, 22, 10, 33, 43, 16, 20, 34, 45, 14, 48, 15, 63, 50, 26, 37, 32, 28, 61, 49, 59, 39, 30 ]:
 Order := 64 > |
[ 29, 8, 23, 17, 43, 59, 58, 40, 14, 46, 41, 15, 52, 33, 20, 25, 55, 62, 49, 32, 1, 19, 54, 60, 28, 51, 64, 39, 16, 12, 4, 22, 21, 36, 42, 11, 53, 35, 44, 47, 18, 31, 56, 48, 2, 24, 6, 5, 45, 34, 38, 10, 7, 50, 63, 61, 30, 3, 57, 26, 9, 27, 13, 37 ],
[ 38, 54, 35, 53, 13, 11, 51, 9, 24, 50, 63, 27, 23, 22, 28, 42, 21, 52, 5, 37, 49, 7, 15, 36, 40, 41, 46, 4, 2, 16, 14, 44, 26, 17, 61, 19, 60, 62, 6, 34, 45, 64, 12, 55, 56, 39, 33, 57, 3, 32, 43, 25, 59, 31, 58, 10, 18, 30, 1, 48, 20, 8, 29, 47 ],
[ 17, 41, 55, 54, 60, 64, 4, 29, 35, 18, 24, 58, 11, 8, 43, 63, 28, 26, 14, 23, 47, 50, 49, 27, 30, 37, 38, 52, 59, 48, 16, 61, 31, 10, 1, 40, 42, 7, 15, 62, 6, 3, 19, 46, 21, 56, 25, 32, 36, 2, 33, 5, 20, 13, 34, 51, 53, 22, 39, 9, 45, 57, 44, 12 ]
]
];
s`SolvableDBMonodromyGroup := PermutationGroup<64 |  
\[ 12, 28, 8, 48, 2, 5, 45, 37, 6, 14, 30, 9, 61, 55, 34, 20, 41, 15, 18, 33, 13, 1, 46, 21, 24, 29, 32, 22, 10, 54, 36, 11, 57, 59, 50, 51, 19, 25, 26, 44, 35, 39, 42, 49, 27, 53, 7, 38, 16, 60, 23, 64, 63, 47, 43, 40, 56, 52, 3, 58, 4, 31, 62, 17 ],
\[ 3, 10, 16, 22, 18, 26, 1, 31, 37, 40, 5, 42, 2, 36, 46, 54, 59, 56, 51, 4, 41, 55, 61, 6, 64, 57, 9, 34, 62, 52, 47, 60, 7, 44, 8, 21, 33, 12, 53, 24, 29, 20, 23, 11, 35, 32, 17, 58, 13, 14, 45, 15, 48, 28, 49, 27, 38, 43, 63, 19, 50, 25, 30, 39 ],
\[ 4, 11, 17, 23, 24, 27, 31, 1, 38, 41, 46, 7, 36, 2, 5, 55, 25, 60, 9, 3, 40, 54, 19, 62, 57, 64, 51, 13, 6, 44, 29, 56, 42, 52, 21, 8, 35, 53, 12, 18, 47, 58, 22, 10, 33, 43, 16, 20, 34, 45, 14, 48, 15, 63, 50, 26, 37, 32, 28, 61, 49, 59, 39, 30 ] >;
s`SolvableDBAutomorphismGroup := PermutationGroup<64 |  
\[ 56, 20, 27, 26, 16, 49, 18, 32, 44, 4, 3, 40, 42, 48, 47, 9, 51, 54, 30, 6, 43, 57, 64, 55, 14, 13, 34, 33, 61, 8, 60, 59, 5, 7, 46, 58, 11, 10, 21, 22, 23, 24, 25, 1, 15, 17, 19, 29, 12, 53, 52, 31, 41, 37, 38, 28, 2, 62, 45, 63, 39, 50, 35, 36 ],
\[ 54, 32, 28, 63, 27, 45, 16, 22, 7, 60, 56, 47, 46, 58, 6, 34, 13, 9, 12, 59, 23, 30, 39, 51, 36, 35, 33, 11, 50, 40, 55, 57, 3, 5, 4, 43, 1, 31, 41, 19, 61, 17, 64, 18, 20, 26, 49, 62, 15, 48, 42, 24, 29, 44, 52, 37, 8, 25, 2, 38, 53, 14, 10, 21 ],
\[ 59, 18, 63, 28, 19, 37, 17, 62, 8, 56, 60, 3, 5, 40, 23, 30, 39, 51, 36, 54, 6, 34, 13, 9, 12, 33, 35, 15, 57, 58, 25, 50, 47, 46, 29, 24, 31, 1, 20, 27, 26, 16, 49, 32, 41, 61, 64, 22, 11, 10, 21, 43, 4, 52, 44, 45, 7, 55, 53, 14, 2, 38, 48, 42 ]:
 Order := 64 >;
s`SolvableDBPointedAutomorphismGroup := PermutationGroup<64 |  
\[ 9, 22, 37, 38, 28, 2, 27, 19, 5, 55, 54, 6, 4, 43, 59, 33, 35, 34, 15, 57, 61, 12, 53, 13, 21, 10, 11, 1, 14, 47, 51, 30, 56, 3, 60, 23, 18, 24, 29, 49, 50, 26, 39, 16, 32, 63, 45, 25, 20, 58, 46, 17, 62, 7, 42, 44, 40, 64, 8, 52, 48, 36, 31, 41 ],
\[ 6, 1, 26, 27, 22, 28, 24, 29, 2, 3, 4, 5, 7, 8, 43, 57, 64, 55, 14, 56, 47, 9, 51, 54, 30, 34, 13, 12, 59, 48, 62, 61, 40, 42, 41, 31, 10, 11, 15, 16, 17, 18, 19, 20, 21, 23, 25, 32, 33, 35, 36, 58, 46, 38, 37, 49, 44, 60, 39, 50, 45, 63, 53, 52 ]:
 Order := 8 >;

/*
Top Level Belyi Curve/Map
*/


/*
Graph Data
*/

s`SolvableDBPathToPP1 := [ Strings() | "PP1", "2T1-1,2,2-g0-path1", "4T1-2,4,4-g1-path1", "8T2-2,4,4-g1-path2", "16T5-4,8,8-g5-path4", "32S5-4,8,8-g9-path15", "64S31-8,16,16-g25-path27" ];
s`SolvableDBChildren := [ Strings() | "32S5-4,8,8-g9-path15" ];

/*
Return for eval
*/

return s;
