s := SolvableDBInitialize();

/*
Magma printing
*/

s`SolvableDBName := "64S39-4,16,4-g15-path4";
s`SolvableDBFilename := "64S39-4,16,4-g15-path4.m";
s`SolvableDBPassportName := "64S39-4,16,4-g15";
s`SolvableDBPathNumber := 4;
s`SolvableDBDegree := 64;
s`SolvableDBOrders := \[ 4, 16, 4 ];
s`SolvableDBType := "Hyperbolic";
s`SolvableDBGenus := 15;
s`SolvableDBGaloisOrbitSize := 1;
s`SolvableDBPassportSize := 2;
s`SolvableDBPointedPassportSize := 2;
s`SolvableDBLevel := 6;
s`SolvableDBBlocks := {@ PowerSet(IntegerRing()) |
{ IntegerRing() | 1, 5 },
{ IntegerRing() | 2, 11 },
{ IntegerRing() | 3, 16 },
{ IntegerRing() | 4, 17 },
{ IntegerRing() | 6, 22 },
{ IntegerRing() | 7, 23 },
{ IntegerRing() | 8, 12 },
{ IntegerRing() | 9, 19 },
{ IntegerRing() | 10, 26 },
{ IntegerRing() | 13, 25 },
{ IntegerRing() | 14, 37 },
{ IntegerRing() | 15, 21 },
{ IntegerRing() | 18, 30 },
{ IntegerRing() | 20, 29 },
{ IntegerRing() | 24, 27 },
{ IntegerRing() | 28, 32 },
{ IntegerRing() | 31, 44 },
{ IntegerRing() | 33, 34 },
{ IntegerRing() | 35, 53 },
{ IntegerRing() | 36, 40 },
{ IntegerRing() | 38, 42 },
{ IntegerRing() | 39, 41 },
{ IntegerRing() | 43, 45 },
{ IntegerRing() | 46, 49 },
{ IntegerRing() | 47, 60 },
{ IntegerRing() | 48, 50 },
{ IntegerRing() | 51, 64 },
{ IntegerRing() | 52, 56 },
{ IntegerRing() | 54, 58 },
{ IntegerRing() | 55, 57 },
{ IntegerRing() | 59, 61 },
{ IntegerRing() | 62, 63 }
@};
s`SolvableDBIsRamifiedAtEveryLevel := false;
s`SolvableDBGaloisOrbit := [ PowerSequence(PermutationGroup<64 |  
\[ 2, 3, 4, 5, 6, 7, 8, 9, 10, 11, 12, 13, 14, 15, 16, 17, 18, 19, 20, 21, 22, 23, 24, 25, 26, 27, 28, 29, 30, 31, 32, 33, 34, 35, 36, 37, 38, 39, 40, 41, 42, 43, 44, 45, 46, 47, 48, 49, 50, 51, 52, 53, 54, 55, 56, 57, 58, 59, 60, 61, 62, 63, 64, 1 ],
\[ 2, 1, 3, 4, 5, 6, 7, 8, 9, 10, 11, 12, 13, 14, 15, 16, 17, 18, 19, 20, 21, 22, 23, 24, 25, 26, 27, 28, 29, 30, 31, 32, 33, 34, 35, 36, 37, 38, 39, 40, 41, 42, 43, 44, 45, 46, 47, 48, 49, 50, 51, 52, 53, 54, 55, 56, 57, 58, 59, 60, 61, 62, 63, 64 ]:
 Order := 126886932185884164103433389335161480802865516174545192198801894375214704230400000000000000 >) |
[ PermutationGroup<64 |  
\[ 2, 3, 4, 5, 6, 7, 8, 9, 10, 11, 12, 13, 14, 15, 16, 17, 18, 19, 20, 21, 22, 23, 24, 25, 26, 27, 28, 29, 30, 31, 32, 33, 34, 35, 36, 37, 38, 39, 40, 41, 42, 43, 44, 45, 46, 47, 48, 49, 50, 51, 52, 53, 54, 55, 56, 57, 58, 59, 60, 61, 62, 63, 64, 1 ],
\[ 2, 1, 3, 4, 5, 6, 7, 8, 9, 10, 11, 12, 13, 14, 15, 16, 17, 18, 19, 20, 21, 22, 23, 24, 25, 26, 27, 28, 29, 30, 31, 32, 33, 34, 35, 36, 37, 38, 39, 40, 41, 42, 43, 44, 45, 46, 47, 48, 49, 50, 51, 52, 53, 54, 55, 56, 57, 58, 59, 60, 61, 62, 63, 64 ]:
 Order := 126886932185884164103433389335161480802865516174545192198801894375214704230400000000000000 > |
[ 2, 9, 8, 16, 11, 1, 26, 29, 6, 13, 19, 20, 24, 18, 37, 12, 3, 41, 22, 4, 14, 5, 10, 23, 27, 25, 7, 31, 17, 39, 33, 44, 43, 45, 38, 53, 30, 57, 15, 35, 21, 55, 28, 34, 32, 60, 48, 59, 47, 61, 54, 64, 42, 62, 36, 51, 40, 63, 49, 50, 46, 56, 52, 58 ],
[ 3, 10, 14, 6, 16, 24, 1, 11, 29, 31, 26, 2, 19, 35, 17, 37, 22, 12, 20, 39, 4, 27, 5, 43, 9, 44, 45, 7, 41, 8, 47, 23, 25, 13, 51, 21, 53, 30, 55, 15, 57, 18, 59, 60, 61, 28, 56, 34, 32, 33, 50, 40, 64, 42, 63, 36, 62, 38, 54, 52, 58, 46, 49, 48 ],
[ 4, 7, 15, 19, 17, 25, 22, 1, 12, 32, 23, 5, 2, 36, 20, 21, 9, 3, 8, 18, 29, 13, 6, 34, 11, 28, 33, 24, 30, 16, 46, 27, 10, 26, 52, 39, 40, 14, 38, 41, 42, 37, 50, 49, 48, 45, 63, 31, 43, 44, 47, 55, 56, 35, 54, 57, 58, 53, 64, 62, 51, 59, 61, 60 ]
]
];
s`SolvableDBPassport := [ PowerSequence(PermutationGroup<64 |  
\[ 2, 9, 8, 16, 11, 1, 26, 29, 6, 13, 19, 20, 24, 18, 37, 12, 3, 41, 22, 4, 14, 5, 10, 23, 27, 25, 7, 31, 17, 39, 33, 44, 43, 45, 38, 53, 30, 57, 15, 35, 21, 55, 28, 34, 32, 60, 48, 59, 47, 61, 54, 64, 42, 62, 36, 51, 40, 63, 49, 50, 46, 56, 52, 58 ],
\[ 3, 10, 14, 6, 16, 24, 1, 11, 29, 31, 26, 2, 19, 35, 17, 37, 22, 12, 20, 39, 4, 27, 5, 43, 9, 44, 45, 7, 41, 8, 47, 23, 25, 13, 51, 21, 53, 30, 55, 15, 57, 18, 59, 60, 61, 28, 56, 34, 32, 33, 50, 40, 64, 42, 63, 36, 62, 38, 54, 52, 58, 46, 49, 48 ],
\[ 4, 7, 15, 19, 17, 25, 22, 1, 12, 32, 23, 5, 2, 36, 20, 21, 9, 3, 8, 18, 29, 13, 6, 34, 11, 28, 33, 24, 30, 16, 46, 27, 10, 26, 52, 39, 40, 14, 38, 41, 42, 37, 50, 49, 48, 45, 63, 31, 43, 44, 47, 55, 56, 35, 54, 57, 58, 53, 64, 62, 51, 59, 61, 60 ]:
 Order := 64 >) |
[ PermutationGroup<64 |  
\[ 2, 9, 8, 16, 11, 1, 26, 29, 6, 13, 19, 20, 24, 18, 37, 12, 3, 41, 22, 4, 14, 5, 10, 23, 27, 25, 7, 31, 17, 39, 33, 44, 43, 45, 38, 53, 30, 57, 15, 35, 21, 55, 28, 34, 32, 60, 48, 59, 47, 61, 54, 64, 42, 62, 36, 51, 40, 63, 49, 50, 46, 56, 52, 58 ],
\[ 3, 10, 14, 6, 16, 24, 1, 11, 29, 31, 26, 2, 19, 35, 17, 37, 22, 12, 20, 39, 4, 27, 5, 43, 9, 44, 45, 7, 41, 8, 47, 23, 25, 13, 51, 21, 53, 30, 55, 15, 57, 18, 59, 60, 61, 28, 56, 34, 32, 33, 50, 40, 64, 42, 63, 36, 62, 38, 54, 52, 58, 46, 49, 48 ],
\[ 4, 7, 15, 19, 17, 25, 22, 1, 12, 32, 23, 5, 2, 36, 20, 21, 9, 3, 8, 18, 29, 13, 6, 34, 11, 28, 33, 24, 30, 16, 46, 27, 10, 26, 52, 39, 40, 14, 38, 41, 42, 37, 50, 49, 48, 45, 63, 31, 43, 44, 47, 55, 56, 35, 54, 57, 58, 53, 64, 62, 51, 59, 61, 60 ]:
 Order := 64 > |
[ 6, 1, 17, 20, 22, 9, 27, 3, 2, 23, 5, 16, 10, 21, 39, 4, 29, 14, 11, 12, 41, 19, 24, 13, 26, 7, 25, 43, 8, 37, 28, 45, 31, 44, 40, 55, 15, 35, 30, 57, 18, 53, 33, 32, 34, 61, 49, 47, 59, 60, 56, 63, 36, 51, 42, 62, 38, 64, 48, 46, 50, 54, 58, 52 ],
[ 7, 12, 1, 21, 23, 4, 28, 30, 25, 2, 8, 18, 34, 3, 40, 5, 15, 42, 13, 19, 36, 17, 32, 6, 33, 11, 22, 46, 9, 38, 10, 49, 50, 48, 14, 56, 16, 58, 20, 52, 29, 54, 24, 26, 27, 62, 31, 64, 63, 51, 35, 60, 37, 59, 39, 47, 41, 61, 43, 44, 45, 57, 55, 53 ],
[ 10, 29, 11, 37, 26, 3, 44, 41, 24, 19, 20, 39, 43, 12, 53, 2, 14, 57, 27, 6, 35, 16, 31, 5, 45, 9, 1, 47, 22, 55, 25, 60, 59, 61, 30, 64, 8, 62, 17, 51, 4, 63, 7, 13, 23, 52, 34, 54, 56, 58, 42, 48, 18, 46, 21, 50, 15, 49, 32, 33, 28, 36, 40, 38 ]
],
[ PermutationGroup<64 |  
\[ 2, 9, 8, 16, 11, 1, 26, 29, 6, 13, 19, 20, 24, 18, 37, 12, 3, 41, 22, 4, 14, 5, 10, 23, 27, 25, 7, 31, 17, 39, 33, 44, 43, 45, 38, 53, 30, 57, 15, 35, 21, 55, 28, 34, 32, 60, 48, 59, 47, 61, 54, 64, 42, 62, 36, 51, 40, 63, 49, 50, 46, 56, 52, 58 ],
\[ 3, 10, 14, 6, 16, 24, 1, 11, 29, 31, 26, 2, 19, 35, 17, 37, 22, 12, 20, 39, 4, 27, 5, 43, 9, 44, 45, 7, 41, 8, 47, 23, 25, 13, 51, 21, 53, 30, 55, 15, 57, 18, 59, 60, 61, 28, 56, 34, 32, 33, 50, 40, 64, 42, 63, 36, 62, 38, 54, 52, 58, 46, 49, 48 ],
\[ 4, 7, 15, 19, 17, 25, 22, 1, 12, 32, 23, 5, 2, 36, 20, 21, 9, 3, 8, 18, 29, 13, 6, 34, 11, 28, 33, 24, 30, 16, 46, 27, 10, 26, 52, 39, 40, 14, 38, 41, 42, 37, 50, 49, 48, 45, 63, 31, 43, 44, 47, 55, 56, 35, 54, 57, 58, 53, 64, 62, 51, 59, 61, 60 ]:
 Order := 64 > |
[ 8, 13, 18, 1, 12, 23, 2, 19, 17, 33, 25, 9, 22, 38, 3, 30, 5, 20, 4, 15, 16, 7, 11, 28, 6, 34, 32, 26, 21, 29, 48, 10, 27, 24, 54, 14, 42, 39, 36, 37, 40, 41, 49, 50, 46, 31, 51, 45, 44, 43, 61, 35, 58, 55, 52, 53, 56, 57, 62, 64, 63, 60, 47, 59 ],
[ 7, 12, 1, 21, 23, 4, 28, 30, 25, 2, 8, 18, 34, 3, 40, 5, 15, 42, 13, 19, 36, 17, 32, 6, 33, 11, 22, 46, 9, 38, 10, 49, 50, 48, 14, 56, 16, 58, 20, 52, 29, 54, 24, 26, 27, 62, 31, 64, 63, 51, 35, 60, 37, 59, 39, 47, 41, 61, 43, 44, 45, 57, 55, 53 ],
[ 6, 1, 17, 20, 22, 9, 27, 3, 2, 23, 5, 16, 10, 21, 39, 4, 29, 14, 11, 12, 41, 19, 24, 13, 26, 7, 25, 43, 8, 37, 28, 45, 31, 44, 40, 55, 15, 35, 30, 57, 18, 53, 33, 32, 34, 61, 49, 47, 59, 60, 56, 63, 36, 51, 42, 62, 38, 64, 48, 46, 50, 54, 58, 52 ]
]
];
s`SolvableDBPointedPassport := [ PowerSequence(PermutationGroup<64 |  
\[ 2, 3, 4, 5, 6, 7, 8, 9, 10, 11, 12, 13, 14, 15, 16, 17, 18, 19, 20, 21, 22, 23, 24, 25, 26, 27, 28, 29, 30, 31, 32, 33, 34, 35, 36, 37, 38, 39, 40, 41, 42, 43, 44, 45, 46, 47, 48, 49, 50, 51, 52, 53, 54, 55, 56, 57, 58, 59, 60, 61, 62, 63, 64, 1 ],
\[ 2, 1, 3, 4, 5, 6, 7, 8, 9, 10, 11, 12, 13, 14, 15, 16, 17, 18, 19, 20, 21, 22, 23, 24, 25, 26, 27, 28, 29, 30, 31, 32, 33, 34, 35, 36, 37, 38, 39, 40, 41, 42, 43, 44, 45, 46, 47, 48, 49, 50, 51, 52, 53, 54, 55, 56, 57, 58, 59, 60, 61, 62, 63, 64 ]:
 Order := 126886932185884164103433389335161480802865516174545192198801894375214704230400000000000000 >) |
[ PermutationGroup<64 |  
\[ 2, 3, 4, 5, 6, 7, 8, 9, 10, 11, 12, 13, 14, 15, 16, 17, 18, 19, 20, 21, 22, 23, 24, 25, 26, 27, 28, 29, 30, 31, 32, 33, 34, 35, 36, 37, 38, 39, 40, 41, 42, 43, 44, 45, 46, 47, 48, 49, 50, 51, 52, 53, 54, 55, 56, 57, 58, 59, 60, 61, 62, 63, 64, 1 ],
\[ 2, 1, 3, 4, 5, 6, 7, 8, 9, 10, 11, 12, 13, 14, 15, 16, 17, 18, 19, 20, 21, 22, 23, 24, 25, 26, 27, 28, 29, 30, 31, 32, 33, 34, 35, 36, 37, 38, 39, 40, 41, 42, 43, 44, 45, 46, 47, 48, 49, 50, 51, 52, 53, 54, 55, 56, 57, 58, 59, 60, 61, 62, 63, 64 ]:
 Order := 126886932185884164103433389335161480802865516174545192198801894375214704230400000000000000 > |
[ 30, 34, 42, 7, 18, 32, 12, 13, 15, 50, 33, 25, 17, 58, 1, 38, 23, 19, 21, 40, 5, 28, 8, 46, 4, 48, 49, 11, 36, 9, 64, 2, 22, 6, 59, 3, 54, 20, 56, 16, 52, 29, 63, 51, 62, 10, 35, 27, 26, 24, 45, 14, 61, 39, 60, 37, 47, 41, 57, 53, 55, 44, 31, 43 ],
[ 16, 26, 37, 22, 3, 27, 5, 2, 20, 44, 10, 11, 9, 53, 4, 14, 6, 8, 29, 41, 17, 24, 1, 45, 19, 31, 43, 23, 39, 12, 60, 7, 13, 25, 64, 15, 35, 18, 57, 21, 55, 30, 61, 47, 59, 32, 52, 33, 28, 34, 48, 36, 51, 38, 62, 40, 63, 42, 58, 56, 54, 49, 46, 50 ],
[ 36, 46, 52, 34, 40, 50, 15, 28, 42, 63, 49, 32, 18, 47, 13, 56, 33, 7, 38, 54, 25, 48, 21, 64, 30, 62, 51, 4, 58, 23, 57, 17, 12, 8, 44, 19, 60, 1, 61, 9, 59, 5, 35, 55, 53, 22, 39, 2, 6, 11, 10, 20, 31, 3, 43, 29, 45, 16, 37, 41, 14, 24, 27, 26 ]
],
[ PermutationGroup<64 |  
\[ 2, 3, 4, 5, 6, 7, 8, 9, 10, 11, 12, 13, 14, 15, 16, 17, 18, 19, 20, 21, 22, 23, 24, 25, 26, 27, 28, 29, 30, 31, 32, 33, 34, 35, 36, 37, 38, 39, 40, 41, 42, 43, 44, 45, 46, 47, 48, 49, 50, 51, 52, 53, 54, 55, 56, 57, 58, 59, 60, 61, 62, 63, 64, 1 ],
\[ 2, 1, 3, 4, 5, 6, 7, 8, 9, 10, 11, 12, 13, 14, 15, 16, 17, 18, 19, 20, 21, 22, 23, 24, 25, 26, 27, 28, 29, 30, 31, 32, 33, 34, 35, 36, 37, 38, 39, 40, 41, 42, 43, 44, 45, 46, 47, 48, 49, 50, 51, 52, 53, 54, 55, 56, 57, 58, 59, 60, 61, 62, 63, 64 ]:
 Order := 126886932185884164103433389335161480802865516174545192198801894375214704230400000000000000 > |
[ 60, 55, 31, 51, 47, 53, 56, 63, 61, 41, 57, 62, 58, 26, 50, 44, 64, 49, 59, 45, 48, 35, 52, 14, 54, 39, 37, 40, 43, 46, 20, 36, 38, 42, 2, 33, 10, 32, 24, 34, 27, 28, 16, 29, 3, 21, 9, 30, 15, 18, 8, 25, 11, 23, 22, 13, 6, 7, 1, 19, 5, 17, 4, 12 ],
[ 7, 12, 1, 21, 23, 4, 28, 30, 25, 2, 8, 18, 34, 3, 40, 5, 15, 42, 13, 19, 36, 17, 32, 6, 33, 11, 22, 46, 9, 38, 10, 49, 50, 48, 14, 56, 16, 58, 20, 52, 29, 54, 24, 26, 27, 62, 31, 64, 63, 51, 35, 60, 37, 59, 39, 47, 41, 61, 43, 44, 45, 57, 55, 53 ],
[ 54, 51, 61, 49, 58, 62, 38, 50, 56, 53, 64, 48, 36, 43, 32, 59, 46, 33, 52, 47, 28, 63, 42, 55, 40, 35, 57, 18, 60, 34, 14, 30, 21, 15, 27, 23, 45, 25, 44, 7, 31, 13, 41, 37, 39, 8, 16, 4, 12, 17, 6, 5, 24, 9, 10, 1, 26, 19, 20, 3, 29, 2, 11, 22 ]
]
];
s`SolvableDBMonodromyGroup := PermutationGroup<64 |  
\[ 2, 9, 8, 16, 11, 1, 26, 29, 6, 13, 19, 20, 24, 18, 37, 12, 3, 41, 22, 4, 14, 5, 10, 23, 27, 25, 7, 31, 17, 39, 33, 44, 43, 45, 38, 53, 30, 57, 15, 35, 21, 55, 28, 34, 32, 60, 48, 59, 47, 61, 54, 64, 42, 62, 36, 51, 40, 63, 49, 50, 46, 56, 52, 58 ],
\[ 3, 10, 14, 6, 16, 24, 1, 11, 29, 31, 26, 2, 19, 35, 17, 37, 22, 12, 20, 39, 4, 27, 5, 43, 9, 44, 45, 7, 41, 8, 47, 23, 25, 13, 51, 21, 53, 30, 55, 15, 57, 18, 59, 60, 61, 28, 56, 34, 32, 33, 50, 40, 64, 42, 63, 36, 62, 38, 54, 52, 58, 46, 49, 48 ],
\[ 4, 7, 15, 19, 17, 25, 22, 1, 12, 32, 23, 5, 2, 36, 20, 21, 9, 3, 8, 18, 29, 13, 6, 34, 11, 28, 33, 24, 30, 16, 46, 27, 10, 26, 52, 39, 40, 14, 38, 41, 42, 37, 50, 49, 48, 45, 63, 31, 43, 44, 47, 55, 56, 35, 54, 57, 58, 53, 64, 62, 51, 59, 61, 60 ] >;
s`SolvableDBAutomorphismGroup := PermutationGroup<64 |  
\[ 62, 56, 46, 59, 63, 54, 57, 60, 51, 36, 52, 47, 53, 28, 45, 49, 61, 31, 64, 48, 43, 58, 55, 42, 35, 40, 38, 41, 50, 44, 21, 39, 14, 37, 7, 24, 32, 26, 34, 27, 33, 10, 18, 15, 30, 29, 4, 16, 20, 3, 1, 22, 23, 2, 13, 6, 25, 11, 12, 17, 8, 9, 19, 5 ],
\[ 57, 40, 62, 58, 55, 38, 41, 56, 35, 15, 36, 52, 37, 46, 59, 63, 54, 60, 53, 64, 61, 42, 39, 30, 14, 21, 18, 29, 51, 47, 17, 20, 3, 16, 28, 45, 49, 31, 48, 43, 50, 44, 8, 4, 12, 9, 22, 5, 19, 1, 7, 24, 32, 26, 34, 27, 33, 10, 11, 6, 2, 25, 13, 23 ],
\[ 61, 46, 58, 51, 59, 50, 45, 63, 60, 28, 49, 62, 31, 38, 53, 54, 64, 57, 47, 56, 35, 48, 43, 33, 44, 32, 34, 27, 52, 55, 7, 24, 26, 10, 30, 14, 42, 39, 36, 37, 40, 41, 25, 23, 13, 22, 1, 2, 6, 11, 8, 16, 18, 29, 21, 3, 15, 20, 9, 5, 19, 17, 4, 12 ]:
 Order := 64 >;
s`SolvableDBPointedAutomorphismGroup := PermutationGroup<64 |  
\[ 9, 6, 29, 12, 19, 2, 25, 17, 1, 24, 22, 4, 23, 41, 30, 20, 8, 21, 5, 16, 18, 11, 13, 10, 7, 27, 26, 33, 3, 15, 43, 34, 28, 32, 57, 42, 39, 40, 37, 38, 14, 36, 31, 45, 44, 50, 59, 49, 48, 46, 62, 58, 55, 56, 53, 54, 35, 52, 47, 61, 60, 51, 64, 63 ],
\[ 6, 1, 24, 25, 22, 9, 4, 23, 2, 3, 5, 7, 8, 43, 34, 27, 13, 28, 11, 26, 33, 19, 17, 29, 12, 16, 20, 21, 10, 32, 14, 15, 18, 30, 59, 50, 45, 49, 44, 48, 31, 46, 41, 37, 39, 36, 35, 38, 40, 42, 54, 64, 61, 62, 60, 51, 47, 63, 57, 53, 55, 56, 52, 58 ]:
 Order := 4 >;
s`SolvableDBPathToPP1 := [ Strings() | "PP1", "2T1-2,1,2-g0-path1", "4T2-2,2,2-g0-path2", "8T4-2,4,2-g0-path2", "16T13-2,8,2-g0-path1", "32S20-4,16,4-g8-path1", "64S39-4,16,4-g15-path4" ];
s`SolvableDBParents := [ Strings() | "128S64-4,16,8-g37-path1", "128S97-4,16,8-g37-path4", "128S64-4,16,8-g37-path2", "128S94-4,16,8-g37-path4", "128S80-4,16,4-g29-path1", "128S112-4,16,4-g29-path13", "128S80-4,16,4-g29-path2" ];
s`SolvableDBChild := "32S20-4,16,4-g8-path1";

/*
Return for eval
*/

return s;
