s := SolvableDBInitialize();

/*
Magma printing
*/

s`SolvableDBName := "64S36-2,8,8-g9-path8";
s`SolvableDBFilename := "64S36-2,8,8-g9-path8.m";
s`SolvableDBPassportName := "64S36-2,8,8-g9";
s`SolvableDBPathNumber := 8;
s`SolvableDBDegree := 64;
s`SolvableDBOrders := \[ 2, 8, 8 ];
s`SolvableDBType := "Hyperbolic";
s`SolvableDBGenus := 9;
s`SolvableDBGaloisOrbitSize := 1;
s`SolvableDBPassportSize := 1;
s`SolvableDBPointedPassportSize := 1;
s`SolvableDBLevel := 6;
s`SolvableDBBlocks := {@ PowerSet(IntegerRing()) |
{ IntegerRing() | 1, 5 },
{ IntegerRing() | 2, 10 },
{ IntegerRing() | 3, 16 },
{ IntegerRing() | 4, 11 },
{ IntegerRing() | 6, 9 },
{ IntegerRing() | 7, 13 },
{ IntegerRing() | 8, 28 },
{ IntegerRing() | 12, 26 },
{ IntegerRing() | 14, 23 },
{ IntegerRing() | 15, 36 },
{ IntegerRing() | 17, 37 },
{ IntegerRing() | 18, 32 },
{ IntegerRing() | 19, 25 },
{ IntegerRing() | 20, 33 },
{ IntegerRing() | 21, 30 },
{ IntegerRing() | 22, 31 },
{ IntegerRing() | 24, 35 },
{ IntegerRing() | 27, 39 },
{ IntegerRing() | 29, 47 },
{ IntegerRing() | 34, 51 },
{ IntegerRing() | 38, 53 },
{ IntegerRing() | 40, 43 },
{ IntegerRing() | 41, 54 },
{ IntegerRing() | 42, 60 },
{ IntegerRing() | 44, 50 },
{ IntegerRing() | 45, 49 },
{ IntegerRing() | 46, 55 },
{ IntegerRing() | 48, 58 },
{ IntegerRing() | 52, 57 },
{ IntegerRing() | 56, 59 },
{ IntegerRing() | 61, 62 },
{ IntegerRing() | 63, 64 }
@};
s`SolvableDBIsRamifiedAtEveryLevel := false;
s`SolvableDBGaloisOrbit := [ PowerSequence(PermutationGroup<64 |  
\[ 2, 3, 4, 5, 6, 7, 8, 9, 10, 11, 12, 13, 14, 15, 16, 17, 18, 19, 20, 21, 22, 23, 24, 25, 26, 27, 28, 29, 30, 31, 32, 33, 34, 35, 36, 37, 38, 39, 40, 41, 42, 43, 44, 45, 46, 47, 48, 49, 50, 51, 52, 53, 54, 55, 56, 57, 58, 59, 60, 61, 62, 63, 64, 1 ],
\[ 2, 1, 3, 4, 5, 6, 7, 8, 9, 10, 11, 12, 13, 14, 15, 16, 17, 18, 19, 20, 21, 22, 23, 24, 25, 26, 27, 28, 29, 30, 31, 32, 33, 34, 35, 36, 37, 38, 39, 40, 41, 42, 43, 44, 45, 46, 47, 48, 49, 50, 51, 52, 53, 54, 55, 56, 57, 58, 59, 60, 61, 62, 63, 64 ]:
 Order := 126886932185884164103433389335161480802865516174545192198801894375214704230400000000000000 >) |
[ PermutationGroup<64 |  
\[ 2, 3, 4, 5, 6, 7, 8, 9, 10, 11, 12, 13, 14, 15, 16, 17, 18, 19, 20, 21, 22, 23, 24, 25, 26, 27, 28, 29, 30, 31, 32, 33, 34, 35, 36, 37, 38, 39, 40, 41, 42, 43, 44, 45, 46, 47, 48, 49, 50, 51, 52, 53, 54, 55, 56, 57, 58, 59, 60, 61, 62, 63, 64, 1 ],
\[ 2, 1, 3, 4, 5, 6, 7, 8, 9, 10, 11, 12, 13, 14, 15, 16, 17, 18, 19, 20, 21, 22, 23, 24, 25, 26, 27, 28, 29, 30, 31, 32, 33, 34, 35, 36, 37, 38, 39, 40, 41, 42, 43, 44, 45, 46, 47, 48, 49, 50, 51, 52, 53, 54, 55, 56, 57, 58, 59, 60, 61, 62, 63, 64 ]:
 Order := 126886932185884164103433389335161480802865516174545192198801894375214704230400000000000000 > |
[ 10, 5, 7, 32, 2, 30, 3, 12, 21, 1, 18, 8, 16, 17, 27, 13, 14, 11, 35, 29, 9, 34, 37, 25, 24, 28, 15, 26, 20, 6, 51, 4, 47, 22, 19, 39, 23, 46, 36, 60, 59, 43, 42, 45, 44, 38, 33, 57, 50, 49, 31, 58, 55, 56, 53, 54, 48, 52, 41, 40, 64, 63, 62, 61 ],
[ 3, 8, 14, 10, 16, 1, 24, 20, 5, 28, 2, 34, 35, 9, 7, 23, 42, 44, 32, 4, 49, 30, 6, 54, 18, 51, 12, 33, 56, 45, 21, 50, 11, 43, 41, 13, 60, 17, 26, 27, 15, 62, 39, 46, 57, 19, 59, 29, 52, 55, 40, 22, 37, 36, 25, 64, 31, 47, 63, 61, 38, 53, 48, 58 ],
[ 4, 9, 15, 19, 11, 22, 1, 27, 31, 6, 25, 2, 5, 38, 40, 36, 3, 33, 13, 48, 14, 12, 53, 55, 7, 10, 41, 39, 8, 23, 26, 20, 58, 52, 46, 43, 16, 44, 54, 37, 47, 34, 17, 30, 18, 61, 28, 45, 32, 21, 57, 64, 50, 29, 62, 24, 63, 49, 35, 51, 56, 59, 42, 60 ]
]
];
s`SolvableDBPassport := [ PowerSequence(PermutationGroup<64 |  
\[ 10, 5, 7, 32, 2, 30, 3, 12, 21, 1, 18, 8, 16, 17, 27, 13, 14, 11, 35, 29, 9, 34, 37, 25, 24, 28, 15, 26, 20, 6, 51, 4, 47, 22, 19, 39, 23, 46, 36, 60, 59, 43, 42, 45, 44, 38, 33, 57, 50, 49, 31, 58, 55, 56, 53, 54, 48, 52, 41, 40, 64, 63, 62, 61 ],
\[ 3, 8, 14, 10, 16, 1, 24, 20, 5, 28, 2, 34, 35, 9, 7, 23, 42, 44, 32, 4, 49, 30, 6, 54, 18, 51, 12, 33, 56, 45, 21, 50, 11, 43, 41, 13, 60, 17, 26, 27, 15, 62, 39, 46, 57, 19, 59, 29, 52, 55, 40, 22, 37, 36, 25, 64, 31, 47, 63, 61, 38, 53, 48, 58 ],
\[ 4, 9, 15, 19, 11, 22, 1, 27, 31, 6, 25, 2, 5, 38, 40, 36, 3, 33, 13, 48, 14, 12, 53, 55, 7, 10, 41, 39, 8, 23, 26, 20, 58, 52, 46, 43, 16, 44, 54, 37, 47, 34, 17, 30, 18, 61, 28, 45, 32, 21, 57, 64, 50, 29, 62, 24, 63, 49, 35, 51, 56, 59, 42, 60 ]:
 Order := 64 >) |
[ PermutationGroup<64 |  
\[ 10, 5, 7, 32, 2, 30, 3, 12, 21, 1, 18, 8, 16, 17, 27, 13, 14, 11, 35, 29, 9, 34, 37, 25, 24, 28, 15, 26, 20, 6, 51, 4, 47, 22, 19, 39, 23, 46, 36, 60, 59, 43, 42, 45, 44, 38, 33, 57, 50, 49, 31, 58, 55, 56, 53, 54, 48, 52, 41, 40, 64, 63, 62, 61 ],
\[ 3, 8, 14, 10, 16, 1, 24, 20, 5, 28, 2, 34, 35, 9, 7, 23, 42, 44, 32, 4, 49, 30, 6, 54, 18, 51, 12, 33, 56, 45, 21, 50, 11, 43, 41, 13, 60, 17, 26, 27, 15, 62, 39, 46, 57, 19, 59, 29, 52, 55, 40, 22, 37, 36, 25, 64, 31, 47, 63, 61, 38, 53, 48, 58 ],
\[ 4, 9, 15, 19, 11, 22, 1, 27, 31, 6, 25, 2, 5, 38, 40, 36, 3, 33, 13, 48, 14, 12, 53, 55, 7, 10, 41, 39, 8, 23, 26, 20, 58, 52, 46, 43, 16, 44, 54, 37, 47, 34, 17, 30, 18, 61, 28, 45, 32, 21, 57, 64, 50, 29, 62, 24, 63, 49, 35, 51, 56, 59, 42, 60 ]:
 Order := 64 > |
[ 62, 64, 52, 40, 61, 54, 58, 55, 41, 63, 43, 53, 48, 20, 44, 57, 29, 42, 22, 14, 59, 19, 33, 51, 31, 38, 45, 46, 17, 56, 25, 60, 23, 35, 34, 50, 47, 26, 49, 4, 9, 18, 11, 15, 27, 28, 37, 13, 39, 36, 24, 3, 12, 6, 8, 30, 16, 7, 21, 32, 5, 1, 10, 2 ],
[ 3, 8, 14, 10, 16, 1, 24, 20, 5, 28, 2, 34, 35, 9, 7, 23, 42, 44, 32, 4, 49, 30, 6, 54, 18, 51, 12, 33, 56, 45, 21, 50, 11, 43, 41, 13, 60, 17, 26, 27, 15, 62, 39, 46, 57, 19, 59, 29, 52, 55, 40, 22, 37, 36, 25, 64, 31, 47, 63, 61, 38, 53, 48, 58 ],
[ 42, 56, 49, 51, 60, 24, 64, 50, 35, 59, 34, 62, 63, 8, 18, 45, 48, 17, 52, 3, 47, 46, 28, 26, 57, 61, 30, 44, 38, 29, 55, 37, 16, 13, 12, 32, 58, 39, 21, 20, 14, 25, 33, 41, 40, 10, 53, 36, 43, 54, 7, 1, 27, 23, 2, 22, 5, 15, 31, 19, 9, 6, 4, 11 ]
]
];
s`SolvableDBPointedPassport := [ PowerSequence(PermutationGroup<64 |  
\[ 2, 3, 4, 5, 6, 7, 8, 9, 10, 11, 12, 13, 14, 15, 16, 17, 18, 19, 20, 21, 22, 23, 24, 25, 26, 27, 28, 29, 30, 31, 32, 33, 34, 35, 36, 37, 38, 39, 40, 41, 42, 43, 44, 45, 46, 47, 48, 49, 50, 51, 52, 53, 54, 55, 56, 57, 58, 59, 60, 61, 62, 63, 64, 1 ],
\[ 2, 1, 3, 4, 5, 6, 7, 8, 9, 10, 11, 12, 13, 14, 15, 16, 17, 18, 19, 20, 21, 22, 23, 24, 25, 26, 27, 28, 29, 30, 31, 32, 33, 34, 35, 36, 37, 38, 39, 40, 41, 42, 43, 44, 45, 46, 47, 48, 49, 50, 51, 52, 53, 54, 55, 56, 57, 58, 59, 60, 61, 62, 63, 64 ]:
 Order := 126886932185884164103433389335161480802865516174545192198801894375214704230400000000000000 >) |
[ PermutationGroup<64 |  
\[ 2, 3, 4, 5, 6, 7, 8, 9, 10, 11, 12, 13, 14, 15, 16, 17, 18, 19, 20, 21, 22, 23, 24, 25, 26, 27, 28, 29, 30, 31, 32, 33, 34, 35, 36, 37, 38, 39, 40, 41, 42, 43, 44, 45, 46, 47, 48, 49, 50, 51, 52, 53, 54, 55, 56, 57, 58, 59, 60, 61, 62, 63, 64, 1 ],
\[ 2, 1, 3, 4, 5, 6, 7, 8, 9, 10, 11, 12, 13, 14, 15, 16, 17, 18, 19, 20, 21, 22, 23, 24, 25, 26, 27, 28, 29, 30, 31, 32, 33, 34, 35, 36, 37, 38, 39, 40, 41, 42, 43, 44, 45, 46, 47, 48, 49, 50, 51, 52, 53, 54, 55, 56, 57, 58, 59, 60, 61, 62, 63, 64 ]:
 Order := 126886932185884164103433389335161480802865516174545192198801894375214704230400000000000000 > |
[ 15, 27, 38, 6, 36, 4, 55, 48, 11, 39, 9, 52, 46, 31, 1, 53, 34, 30, 20, 19, 32, 23, 22, 29, 33, 57, 2, 58, 24, 18, 14, 21, 25, 17, 47, 5, 51, 3, 10, 41, 40, 59, 54, 61, 63, 13, 35, 8, 64, 62, 37, 12, 16, 43, 7, 60, 26, 28, 42, 56, 44, 50, 45, 49 ],
[ 26, 13, 25, 49, 12, 44, 17, 22, 50, 7, 45, 29, 37, 43, 8, 19, 21, 5, 59, 54, 2, 42, 40, 11, 56, 47, 3, 31, 32, 10, 60, 1, 41, 6, 4, 28, 30, 35, 16, 64, 62, 36, 63, 48, 38, 14, 18, 51, 53, 58, 9, 33, 24, 61, 23, 39, 20, 34, 27, 15, 52, 57, 55, 46 ],
[ 60, 59, 45, 34, 42, 35, 63, 44, 24, 56, 51, 61, 64, 28, 32, 49, 58, 37, 57, 16, 29, 55, 8, 12, 52, 62, 21, 50, 53, 47, 46, 17, 3, 7, 26, 18, 48, 27, 30, 33, 23, 19, 20, 54, 43, 2, 38, 15, 40, 41, 13, 5, 39, 14, 10, 31, 1, 36, 22, 25, 6, 9, 11, 4 ]
]
];
s`SolvableDBMonodromyGroup := PermutationGroup<64 |  
\[ 10, 5, 7, 32, 2, 30, 3, 12, 21, 1, 18, 8, 16, 17, 27, 13, 14, 11, 35, 29, 9, 34, 37, 25, 24, 28, 15, 26, 20, 6, 51, 4, 47, 22, 19, 39, 23, 46, 36, 60, 59, 43, 42, 45, 44, 38, 33, 57, 50, 49, 31, 58, 55, 56, 53, 54, 48, 52, 41, 40, 64, 63, 62, 61 ],
\[ 3, 8, 14, 10, 16, 1, 24, 20, 5, 28, 2, 34, 35, 9, 7, 23, 42, 44, 32, 4, 49, 30, 6, 54, 18, 51, 12, 33, 56, 45, 21, 50, 11, 43, 41, 13, 60, 17, 26, 27, 15, 62, 39, 46, 57, 19, 59, 29, 52, 55, 40, 22, 37, 36, 25, 64, 31, 47, 63, 61, 38, 53, 48, 58 ],
\[ 4, 9, 15, 19, 11, 22, 1, 27, 31, 6, 25, 2, 5, 38, 40, 36, 3, 33, 13, 48, 14, 12, 53, 55, 7, 10, 41, 39, 8, 23, 26, 20, 58, 52, 46, 43, 16, 44, 54, 37, 47, 34, 17, 30, 18, 61, 28, 45, 32, 21, 57, 64, 50, 29, 62, 24, 63, 49, 35, 51, 56, 59, 42, 60 ] >;
s`SolvableDBAutomorphismGroup := PermutationGroup<64 |  
\[ 23, 17, 6, 53, 14, 16, 30, 42, 3, 37, 38, 43, 21, 1, 22, 9, 10, 46, 50, 62, 7, 36, 5, 45, 44, 40, 34, 60, 63, 13, 15, 55, 61, 39, 49, 31, 2, 4, 51, 12, 52, 28, 26, 19, 35, 32, 64, 59, 24, 25, 27, 54, 11, 57, 18, 48, 41, 56, 58, 8, 20, 33, 47, 29 ],
\[ 16, 7, 23, 36, 3, 5, 37, 24, 1, 13, 15, 25, 17, 6, 53, 14, 30, 27, 43, 54, 10, 11, 9, 60, 40, 19, 55, 35, 56, 2, 4, 39, 41, 18, 42, 38, 21, 22, 46, 50, 62, 45, 44, 12, 8, 34, 59, 29, 28, 26, 32, 33, 31, 61, 51, 64, 20, 47, 63, 49, 52, 57, 48, 58 ],
\[ 37, 14, 60, 16, 17, 53, 40, 9, 38, 23, 3, 21, 43, 61, 51, 42, 64, 7, 36, 5, 46, 50, 62, 27, 15, 30, 31, 6, 2, 55, 44, 13, 1, 49, 39, 34, 63, 56, 22, 57, 26, 58, 52, 24, 25, 54, 10, 11, 19, 35, 45, 32, 59, 12, 41, 8, 18, 4, 28, 48, 29, 47, 33, 20 ]:
 Order := 64 >;
s`SolvableDBPointedAutomorphismGroup := PermutationGroup<64 |  
\[ 10, 5, 28, 6, 2, 4, 26, 16, 11, 1, 9, 13, 12, 33, 39, 8, 47, 21, 22, 23, 18, 19, 20, 51, 31, 7, 36, 3, 37, 32, 25, 30, 14, 35, 34, 27, 29, 58, 15, 54, 43, 59, 41, 49, 50, 52, 17, 53, 44, 45, 24, 46, 48, 40, 57, 60, 55, 38, 42, 56, 64, 63, 62, 61 ]:
 Order := 2 >;
s`SolvableDBPathToPP1 := [ Strings() | "PP1", "2T1-1,2,2-g0-path1", "4T2-2,2,2-g0-path1", "8T2-2,4,4-g1-path3", "16T10-2,4,4-g1-path4", "32S6-2,4,4-g1-path4", "64S36-2,8,8-g9-path8" ];
s`SolvableDBParents := [ Strings() | "128S85-4,8,8-g33-path47", "128S56-4,8,8-g33-path24", "128S85-4,8,8-g33-path48", "128S126-4,8,8-g33-path208", "128S77-2,8,8-g17-path25", "128S50-2,8,8-g17-path13", "128S77-2,8,8-g17-path26" ];
s`SolvableDBChild := "32S6-2,4,4-g1-path4";

/*
Return for eval
*/

return s;
