s := SolvableDBObjectInitialize();

/*
Basic Information about the Passport
*/

s`SolvableDBName := "64S3-8,8,8-g21-path17";
s`SolvableDBFilename := "64S3-8,8,8-g21-path17.m";
s`SolvableDBPathNumber := 17;
s`SolvableDBDegree := 64;
s`SolvableDBABC := \[ 8, 8, 8 ];
s`SolvableDBType := "Hyperbolic";
s`SolvableDBGenus := 21;
s`SolvableDBGaloisOrbitSize := 1;
s`SolvableDBPassportSize := 3;
s`SolvableDBPointedPassportSize := 3;
s`SolvableDBLevel := 6;
s`SolvableDBBlocks := {@ PowerSet(IntegerRing()) |
{ IntegerRing() | 1, 5 },
{ IntegerRing() | 2, 11 },
{ IntegerRing() | 3, 16 },
{ IntegerRing() | 4, 21 },
{ IntegerRing() | 6, 15 },
{ IntegerRing() | 7, 19 },
{ IntegerRing() | 8, 10 },
{ IntegerRing() | 9, 26 },
{ IntegerRing() | 12, 27 },
{ IntegerRing() | 13, 30 },
{ IntegerRing() | 14, 38 },
{ IntegerRing() | 17, 24 },
{ IntegerRing() | 18, 31 },
{ IntegerRing() | 20, 44 },
{ IntegerRing() | 22, 25 },
{ IntegerRing() | 23, 28 },
{ IntegerRing() | 29, 34 },
{ IntegerRing() | 32, 33 },
{ IntegerRing() | 35, 46 },
{ IntegerRing() | 36, 40 },
{ IntegerRing() | 37, 55 },
{ IntegerRing() | 39, 41 },
{ IntegerRing() | 42, 51 },
{ IntegerRing() | 43, 63 },
{ IntegerRing() | 45, 47 },
{ IntegerRing() | 48, 49 },
{ IntegerRing() | 50, 54 },
{ IntegerRing() | 52, 53 },
{ IntegerRing() | 56, 62 },
{ IntegerRing() | 57, 58 },
{ IntegerRing() | 59, 60 },
{ IntegerRing() | 61, 64 }
@};

/*
Permutations and Passports
*/

s`SolvableDBGaloisOrbit := [ PowerSequence(PermutationGroup<64 |  
\[ 2, 3, 4, 5, 6, 7, 8, 9, 10, 11, 12, 13, 14, 15, 16, 17, 18, 19, 20, 21, 22, 23, 24, 25, 26, 27, 28, 29, 30, 31, 32, 33, 34, 35, 36, 37, 38, 39, 40, 41, 42, 43, 44, 45, 46, 47, 48, 49, 50, 51, 52, 53, 54, 55, 56, 57, 58, 59, 60, 61, 62, 63, 64, 1 ],
\[ 2, 1, 3, 4, 5, 6, 7, 8, 9, 10, 11, 12, 13, 14, 15, 16, 17, 18, 19, 20, 21, 22, 23, 24, 25, 26, 27, 28, 29, 30, 31, 32, 33, 34, 35, 36, 37, 38, 39, 40, 41, 42, 43, 44, 45, 46, 47, 48, 49, 50, 51, 52, 53, 54, 55, 56, 57, 58, 59, 60, 61, 62, 63, 64 ]:
 Order := 126886932185884164103433389335161480802865516174545192198801894375214704230400000000000000 >) |
[ PermutationGroup<64 |  
\[ 2, 3, 4, 5, 6, 7, 8, 9, 10, 11, 12, 13, 14, 15, 16, 17, 18, 19, 20, 21, 22, 23, 24, 25, 26, 27, 28, 29, 30, 31, 32, 33, 34, 35, 36, 37, 38, 39, 40, 41, 42, 43, 44, 45, 46, 47, 48, 49, 50, 51, 52, 53, 54, 55, 56, 57, 58, 59, 60, 61, 62, 63, 64, 1 ],
\[ 2, 1, 3, 4, 5, 6, 7, 8, 9, 10, 11, 12, 13, 14, 15, 16, 17, 18, 19, 20, 21, 22, 23, 24, 25, 26, 27, 28, 29, 30, 31, 32, 33, 34, 35, 36, 37, 38, 39, 40, 41, 42, 43, 44, 45, 46, 47, 48, 49, 50, 51, 52, 53, 54, 55, 56, 57, 58, 59, 60, 61, 62, 63, 64 ]:
 Order := 126886932185884164103433389335161480802865516174545192198801894375214704230400000000000000 > |
[ 2, 9, 8, 19, 11, 1, 27, 30, 15, 13, 26, 25, 17, 18, 5, 10, 3, 33, 12, 28, 7, 4, 29, 16, 21, 6, 22, 34, 35, 24, 32, 36, 40, 46, 20, 14, 39, 31, 51, 38, 42, 52, 47, 23, 48, 44, 49, 54, 50, 63, 53, 37, 55, 43, 41, 57, 60, 59, 61, 64, 56, 58, 45, 62 ],
[ 3, 10, 14, 6, 16, 24, 1, 31, 30, 18, 8, 2, 32, 37, 17, 38, 40, 41, 5, 22, 15, 9, 4, 36, 26, 13, 11, 21, 7, 33, 39, 42, 51, 19, 12, 53, 56, 55, 58, 52, 57, 59, 35, 25, 20, 27, 44, 23, 28, 29, 60, 64, 61, 34, 62, 50, 43, 63, 47, 45, 48, 54, 46, 49 ],
[ 4, 7, 15, 20, 21, 25, 28, 1, 12, 5, 19, 34, 2, 24, 22, 6, 26, 3, 23, 43, 44, 46, 47, 9, 35, 27, 29, 45, 48, 11, 16, 8, 10, 49, 50, 13, 40, 17, 14, 30, 38, 18, 62, 63, 58, 54, 57, 60, 59, 64, 31, 32, 33, 61, 36, 53, 37, 55, 39, 41, 42, 52, 56, 51 ]
]
];
s`SolvableDBPassport := [ PowerSequence(PermutationGroup<64 |  
\[ 2, 9, 8, 19, 11, 1, 27, 30, 15, 13, 26, 25, 17, 18, 5, 10, 3, 33, 12, 28, 7, 4, 29, 16, 21, 6, 22, 34, 35, 24, 32, 36, 40, 46, 20, 14, 39, 31, 51, 38, 42, 52, 47, 23, 48, 44, 49, 54, 50, 63, 53, 37, 55, 43, 41, 57, 60, 59, 61, 64, 56, 58, 45, 62 ],
\[ 3, 10, 14, 6, 16, 24, 1, 31, 30, 18, 8, 2, 32, 37, 17, 38, 40, 41, 5, 22, 15, 9, 4, 36, 26, 13, 11, 21, 7, 33, 39, 42, 51, 19, 12, 53, 56, 55, 58, 52, 57, 59, 35, 25, 20, 27, 44, 23, 28, 29, 60, 64, 61, 34, 62, 50, 43, 63, 47, 45, 48, 54, 46, 49 ],
\[ 4, 7, 15, 20, 21, 25, 28, 1, 12, 5, 19, 34, 2, 24, 22, 6, 26, 3, 23, 43, 44, 46, 47, 9, 35, 27, 29, 45, 48, 11, 16, 8, 10, 49, 50, 13, 40, 17, 14, 30, 38, 18, 62, 63, 58, 54, 57, 60, 59, 64, 31, 32, 33, 61, 36, 53, 37, 55, 39, 41, 42, 52, 56, 51 ]:
 Order := 64 >) |
[ PermutationGroup<64 |  
\[ 2, 9, 8, 19, 11, 1, 27, 30, 15, 13, 26, 25, 17, 18, 5, 10, 3, 33, 12, 28, 7, 4, 29, 16, 21, 6, 22, 34, 35, 24, 32, 36, 40, 46, 20, 14, 39, 31, 51, 38, 42, 52, 47, 23, 48, 44, 49, 54, 50, 63, 53, 37, 55, 43, 41, 57, 60, 59, 61, 64, 56, 58, 45, 62 ],
\[ 3, 10, 14, 6, 16, 24, 1, 31, 30, 18, 8, 2, 32, 37, 17, 38, 40, 41, 5, 22, 15, 9, 4, 36, 26, 13, 11, 21, 7, 33, 39, 42, 51, 19, 12, 53, 56, 55, 58, 52, 57, 59, 35, 25, 20, 27, 44, 23, 28, 29, 60, 64, 61, 34, 62, 50, 43, 63, 47, 45, 48, 54, 46, 49 ],
\[ 4, 7, 15, 20, 21, 25, 28, 1, 12, 5, 19, 34, 2, 24, 22, 6, 26, 3, 23, 43, 44, 46, 47, 9, 35, 27, 29, 45, 48, 11, 16, 8, 10, 49, 50, 13, 40, 17, 14, 30, 38, 18, 62, 63, 58, 54, 57, 60, 59, 64, 31, 32, 33, 61, 36, 53, 37, 55, 39, 41, 42, 52, 56, 51 ]:
 Order := 64 > |
[ 2, 9, 8, 19, 11, 1, 27, 30, 15, 13, 26, 25, 17, 18, 5, 10, 3, 33, 12, 28, 7, 4, 29, 16, 21, 6, 22, 34, 35, 24, 32, 36, 40, 46, 20, 14, 39, 31, 51, 38, 42, 52, 47, 23, 48, 44, 49, 54, 50, 63, 53, 37, 55, 43, 41, 57, 60, 59, 61, 64, 56, 58, 45, 62 ],
[ 3, 10, 14, 6, 16, 24, 1, 31, 30, 18, 8, 2, 32, 37, 17, 38, 40, 41, 5, 22, 15, 9, 4, 36, 26, 13, 11, 21, 7, 33, 39, 42, 51, 19, 12, 53, 56, 55, 58, 52, 57, 59, 35, 25, 20, 27, 44, 23, 28, 29, 60, 64, 61, 34, 62, 50, 43, 63, 47, 45, 48, 54, 46, 49 ],
[ 4, 7, 15, 20, 21, 25, 28, 1, 12, 5, 19, 34, 2, 24, 22, 6, 26, 3, 23, 43, 44, 46, 47, 9, 35, 27, 29, 45, 48, 11, 16, 8, 10, 49, 50, 13, 40, 17, 14, 30, 38, 18, 62, 63, 58, 54, 57, 60, 59, 64, 31, 32, 33, 61, 36, 53, 37, 55, 39, 41, 42, 52, 56, 51 ]
],
[ PermutationGroup<64 |  
\[ 2, 9, 8, 19, 11, 1, 27, 30, 15, 13, 26, 25, 17, 18, 5, 10, 3, 33, 12, 28, 7, 4, 29, 16, 21, 6, 22, 34, 35, 24, 32, 36, 40, 46, 20, 14, 39, 31, 51, 38, 42, 52, 47, 23, 48, 44, 49, 54, 50, 63, 53, 37, 55, 43, 41, 57, 60, 59, 61, 64, 56, 58, 45, 62 ],
\[ 3, 10, 14, 6, 16, 24, 1, 31, 30, 18, 8, 2, 32, 37, 17, 38, 40, 41, 5, 22, 15, 9, 4, 36, 26, 13, 11, 21, 7, 33, 39, 42, 51, 19, 12, 53, 56, 55, 58, 52, 57, 59, 35, 25, 20, 27, 44, 23, 28, 29, 60, 64, 61, 34, 62, 50, 43, 63, 47, 45, 48, 54, 46, 49 ],
\[ 4, 7, 15, 20, 21, 25, 28, 1, 12, 5, 19, 34, 2, 24, 22, 6, 26, 3, 23, 43, 44, 46, 47, 9, 35, 27, 29, 45, 48, 11, 16, 8, 10, 49, 50, 13, 40, 17, 14, 30, 38, 18, 62, 63, 58, 54, 57, 60, 59, 64, 31, 32, 33, 61, 36, 53, 37, 55, 39, 41, 42, 52, 56, 51 ]:
 Order := 64 > |
[ 3, 10, 14, 6, 16, 24, 1, 31, 30, 18, 8, 2, 32, 37, 17, 38, 40, 41, 5, 22, 15, 9, 4, 36, 26, 13, 11, 21, 7, 33, 39, 42, 51, 19, 12, 53, 56, 55, 58, 52, 57, 59, 35, 25, 20, 27, 44, 23, 28, 29, 60, 64, 61, 34, 62, 50, 43, 63, 47, 45, 48, 54, 46, 49 ],
[ 2, 9, 8, 19, 11, 1, 27, 30, 15, 13, 26, 25, 17, 18, 5, 10, 3, 33, 12, 28, 7, 4, 29, 16, 21, 6, 22, 34, 35, 24, 32, 36, 40, 46, 20, 14, 39, 31, 51, 38, 42, 52, 47, 23, 48, 44, 49, 54, 50, 63, 53, 37, 55, 43, 41, 57, 60, 59, 61, 64, 56, 58, 45, 62 ],
[ 21, 19, 6, 44, 4, 22, 23, 5, 27, 1, 7, 29, 11, 17, 25, 15, 9, 16, 28, 63, 20, 35, 45, 26, 46, 12, 34, 47, 49, 2, 3, 10, 8, 48, 54, 30, 36, 24, 38, 13, 14, 31, 56, 43, 57, 50, 58, 59, 60, 61, 18, 33, 32, 64, 40, 52, 55, 37, 41, 39, 51, 53, 62, 42 ]
],
[ PermutationGroup<64 |  
\[ 2, 9, 8, 19, 11, 1, 27, 30, 15, 13, 26, 25, 17, 18, 5, 10, 3, 33, 12, 28, 7, 4, 29, 16, 21, 6, 22, 34, 35, 24, 32, 36, 40, 46, 20, 14, 39, 31, 51, 38, 42, 52, 47, 23, 48, 44, 49, 54, 50, 63, 53, 37, 55, 43, 41, 57, 60, 59, 61, 64, 56, 58, 45, 62 ],
\[ 3, 10, 14, 6, 16, 24, 1, 31, 30, 18, 8, 2, 32, 37, 17, 38, 40, 41, 5, 22, 15, 9, 4, 36, 26, 13, 11, 21, 7, 33, 39, 42, 51, 19, 12, 53, 56, 55, 58, 52, 57, 59, 35, 25, 20, 27, 44, 23, 28, 29, 60, 64, 61, 34, 62, 50, 43, 63, 47, 45, 48, 54, 46, 49 ],
\[ 4, 7, 15, 20, 21, 25, 28, 1, 12, 5, 19, 34, 2, 24, 22, 6, 26, 3, 23, 43, 44, 46, 47, 9, 35, 27, 29, 45, 48, 11, 16, 8, 10, 49, 50, 13, 40, 17, 14, 30, 38, 18, 62, 63, 58, 54, 57, 60, 59, 64, 31, 32, 33, 61, 36, 53, 37, 55, 39, 41, 42, 52, 56, 51 ]:
 Order := 64 > |
[ 3, 10, 14, 6, 16, 24, 1, 31, 30, 18, 8, 2, 32, 37, 17, 38, 40, 41, 5, 22, 15, 9, 4, 36, 26, 13, 11, 21, 7, 33, 39, 42, 51, 19, 12, 53, 56, 55, 58, 52, 57, 59, 35, 25, 20, 27, 44, 23, 28, 29, 60, 64, 61, 34, 62, 50, 43, 63, 47, 45, 48, 54, 46, 49 ],
[ 17, 16, 36, 26, 24, 30, 6, 38, 8, 14, 3, 1, 31, 52, 13, 40, 33, 55, 15, 27, 9, 2, 22, 32, 11, 10, 5, 25, 21, 18, 37, 41, 39, 4, 19, 51, 61, 53, 62, 42, 56, 58, 29, 12, 35, 7, 46, 44, 20, 23, 57, 60, 59, 28, 64, 49, 54, 50, 43, 63, 45, 48, 34, 47 ],
[ 46, 44, 12, 50, 35, 34, 43, 25, 23, 22, 20, 45, 4, 11, 29, 27, 19, 26, 63, 61, 54, 49, 62, 7, 48, 28, 47, 56, 58, 21, 9, 15, 6, 57, 59, 5, 10, 2, 13, 1, 30, 24, 51, 64, 52, 60, 53, 37, 55, 41, 17, 16, 3, 39, 8, 31, 32, 33, 40, 36, 38, 18, 42, 14 ]
]
];
s`SolvableDBPointedPassport := [ PowerSequence(PermutationGroup<64 |  
\[ 2, 9, 8, 19, 11, 1, 27, 30, 15, 13, 26, 25, 17, 18, 5, 10, 3, 33, 12, 28, 7, 4, 29, 16, 21, 6, 22, 34, 35, 24, 32, 36, 40, 46, 20, 14, 39, 31, 51, 38, 42, 52, 47, 23, 48, 44, 49, 54, 50, 63, 53, 37, 55, 43, 41, 57, 60, 59, 61, 64, 56, 58, 45, 62 ],
\[ 3, 10, 14, 6, 16, 24, 1, 31, 30, 18, 8, 2, 32, 37, 17, 38, 40, 41, 5, 22, 15, 9, 4, 36, 26, 13, 11, 21, 7, 33, 39, 42, 51, 19, 12, 53, 56, 55, 58, 52, 57, 59, 35, 25, 20, 27, 44, 23, 28, 29, 60, 64, 61, 34, 62, 50, 43, 63, 47, 45, 48, 54, 46, 49 ],
\[ 4, 7, 15, 20, 21, 25, 28, 1, 12, 5, 19, 34, 2, 24, 22, 6, 26, 3, 23, 43, 44, 46, 47, 9, 35, 27, 29, 45, 48, 11, 16, 8, 10, 49, 50, 13, 40, 17, 14, 30, 38, 18, 62, 63, 58, 54, 57, 60, 59, 64, 31, 32, 33, 61, 36, 53, 37, 55, 39, 41, 42, 52, 56, 51 ]:
 Order := 64 >) |
[ PermutationGroup<64 |  
\[ 2, 9, 8, 19, 11, 1, 27, 30, 15, 13, 26, 25, 17, 18, 5, 10, 3, 33, 12, 28, 7, 4, 29, 16, 21, 6, 22, 34, 35, 24, 32, 36, 40, 46, 20, 14, 39, 31, 51, 38, 42, 52, 47, 23, 48, 44, 49, 54, 50, 63, 53, 37, 55, 43, 41, 57, 60, 59, 61, 64, 56, 58, 45, 62 ],
\[ 3, 10, 14, 6, 16, 24, 1, 31, 30, 18, 8, 2, 32, 37, 17, 38, 40, 41, 5, 22, 15, 9, 4, 36, 26, 13, 11, 21, 7, 33, 39, 42, 51, 19, 12, 53, 56, 55, 58, 52, 57, 59, 35, 25, 20, 27, 44, 23, 28, 29, 60, 64, 61, 34, 62, 50, 43, 63, 47, 45, 48, 54, 46, 49 ],
\[ 4, 7, 15, 20, 21, 25, 28, 1, 12, 5, 19, 34, 2, 24, 22, 6, 26, 3, 23, 43, 44, 46, 47, 9, 35, 27, 29, 45, 48, 11, 16, 8, 10, 49, 50, 13, 40, 17, 14, 30, 38, 18, 62, 63, 58, 54, 57, 60, 59, 64, 31, 32, 33, 61, 36, 53, 37, 55, 39, 41, 42, 52, 56, 51 ]:
 Order := 64 > |
[ 2, 9, 8, 19, 11, 1, 27, 30, 15, 13, 26, 25, 17, 18, 5, 10, 3, 33, 12, 28, 7, 4, 29, 16, 21, 6, 22, 34, 35, 24, 32, 36, 40, 46, 20, 14, 39, 31, 51, 38, 42, 52, 47, 23, 48, 44, 49, 54, 50, 63, 53, 37, 55, 43, 41, 57, 60, 59, 61, 64, 56, 58, 45, 62 ],
[ 3, 10, 14, 6, 16, 24, 1, 31, 30, 18, 8, 2, 32, 37, 17, 38, 40, 41, 5, 22, 15, 9, 4, 36, 26, 13, 11, 21, 7, 33, 39, 42, 51, 19, 12, 53, 56, 55, 58, 52, 57, 59, 35, 25, 20, 27, 44, 23, 28, 29, 60, 64, 61, 34, 62, 50, 43, 63, 47, 45, 48, 54, 46, 49 ],
[ 4, 7, 15, 20, 21, 25, 28, 1, 12, 5, 19, 34, 2, 24, 22, 6, 26, 3, 23, 43, 44, 46, 47, 9, 35, 27, 29, 45, 48, 11, 16, 8, 10, 49, 50, 13, 40, 17, 14, 30, 38, 18, 62, 63, 58, 54, 57, 60, 59, 64, 31, 32, 33, 61, 36, 53, 37, 55, 39, 41, 42, 52, 56, 51 ]
],
[ PermutationGroup<64 |  
\[ 2, 9, 8, 19, 11, 1, 27, 30, 15, 13, 26, 25, 17, 18, 5, 10, 3, 33, 12, 28, 7, 4, 29, 16, 21, 6, 22, 34, 35, 24, 32, 36, 40, 46, 20, 14, 39, 31, 51, 38, 42, 52, 47, 23, 48, 44, 49, 54, 50, 63, 53, 37, 55, 43, 41, 57, 60, 59, 61, 64, 56, 58, 45, 62 ],
\[ 3, 10, 14, 6, 16, 24, 1, 31, 30, 18, 8, 2, 32, 37, 17, 38, 40, 41, 5, 22, 15, 9, 4, 36, 26, 13, 11, 21, 7, 33, 39, 42, 51, 19, 12, 53, 56, 55, 58, 52, 57, 59, 35, 25, 20, 27, 44, 23, 28, 29, 60, 64, 61, 34, 62, 50, 43, 63, 47, 45, 48, 54, 46, 49 ],
\[ 4, 7, 15, 20, 21, 25, 28, 1, 12, 5, 19, 34, 2, 24, 22, 6, 26, 3, 23, 43, 44, 46, 47, 9, 35, 27, 29, 45, 48, 11, 16, 8, 10, 49, 50, 13, 40, 17, 14, 30, 38, 18, 62, 63, 58, 54, 57, 60, 59, 64, 31, 32, 33, 61, 36, 53, 37, 55, 39, 41, 42, 52, 56, 51 ]:
 Order := 64 > |
[ 3, 10, 14, 6, 16, 24, 1, 31, 30, 18, 8, 2, 32, 37, 17, 38, 40, 41, 5, 22, 15, 9, 4, 36, 26, 13, 11, 21, 7, 33, 39, 42, 51, 19, 12, 53, 56, 55, 58, 52, 57, 59, 35, 25, 20, 27, 44, 23, 28, 29, 60, 64, 61, 34, 62, 50, 43, 63, 47, 45, 48, 54, 46, 49 ],
[ 11, 26, 10, 7, 2, 5, 12, 13, 6, 30, 9, 22, 24, 31, 1, 8, 16, 32, 27, 23, 19, 21, 34, 3, 4, 15, 25, 29, 46, 17, 33, 40, 36, 35, 44, 38, 41, 18, 42, 14, 51, 53, 45, 28, 49, 20, 48, 50, 54, 43, 52, 55, 37, 63, 39, 58, 59, 60, 64, 61, 62, 57, 47, 56 ],
[ 4, 7, 15, 20, 21, 25, 28, 1, 12, 5, 19, 34, 2, 24, 22, 6, 26, 3, 23, 43, 44, 46, 47, 9, 35, 27, 29, 45, 48, 11, 16, 8, 10, 49, 50, 13, 40, 17, 14, 30, 38, 18, 62, 63, 58, 54, 57, 60, 59, 64, 31, 32, 33, 61, 36, 53, 37, 55, 39, 41, 42, 52, 56, 51 ]
],
[ PermutationGroup<64 |  
\[ 2, 9, 8, 19, 11, 1, 27, 30, 15, 13, 26, 25, 17, 18, 5, 10, 3, 33, 12, 28, 7, 4, 29, 16, 21, 6, 22, 34, 35, 24, 32, 36, 40, 46, 20, 14, 39, 31, 51, 38, 42, 52, 47, 23, 48, 44, 49, 54, 50, 63, 53, 37, 55, 43, 41, 57, 60, 59, 61, 64, 56, 58, 45, 62 ],
\[ 3, 10, 14, 6, 16, 24, 1, 31, 30, 18, 8, 2, 32, 37, 17, 38, 40, 41, 5, 22, 15, 9, 4, 36, 26, 13, 11, 21, 7, 33, 39, 42, 51, 19, 12, 53, 56, 55, 58, 52, 57, 59, 35, 25, 20, 27, 44, 23, 28, 29, 60, 64, 61, 34, 62, 50, 43, 63, 47, 45, 48, 54, 46, 49 ],
\[ 4, 7, 15, 20, 21, 25, 28, 1, 12, 5, 19, 34, 2, 24, 22, 6, 26, 3, 23, 43, 44, 46, 47, 9, 35, 27, 29, 45, 48, 11, 16, 8, 10, 49, 50, 13, 40, 17, 14, 30, 38, 18, 62, 63, 58, 54, 57, 60, 59, 64, 31, 32, 33, 61, 36, 53, 37, 55, 39, 41, 42, 52, 56, 51 ]:
 Order := 64 > |
[ 3, 10, 14, 6, 16, 24, 1, 31, 30, 18, 8, 2, 32, 37, 17, 38, 40, 41, 5, 22, 15, 9, 4, 36, 26, 13, 11, 21, 7, 33, 39, 42, 51, 19, 12, 53, 56, 55, 58, 52, 57, 59, 35, 25, 20, 27, 44, 23, 28, 29, 60, 64, 61, 34, 62, 50, 43, 63, 47, 45, 48, 54, 46, 49 ],
[ 8, 13, 18, 1, 10, 16, 2, 32, 24, 33, 30, 9, 36, 39, 3, 31, 38, 42, 11, 4, 5, 15, 19, 14, 6, 17, 26, 7, 27, 40, 51, 52, 53, 12, 25, 55, 57, 41, 59, 37, 60, 61, 20, 21, 28, 22, 23, 29, 34, 35, 64, 62, 56, 46, 58, 63, 47, 45, 49, 48, 54, 43, 44, 50 ],
[ 28, 34, 4, 47, 23, 20, 48, 19, 46, 7, 29, 50, 27, 15, 44, 21, 22, 5, 49, 58, 45, 43, 60, 25, 63, 35, 54, 59, 64, 12, 1, 2, 11, 61, 62, 9, 24, 6, 16, 26, 3, 8, 37, 57, 41, 56, 39, 42, 51, 53, 10, 30, 13, 52, 17, 40, 38, 14, 18, 31, 33, 36, 55, 32 ]
]
];
s`SolvableDBMonodromyGroup := PermutationGroup<64 |  
\[ 2, 9, 8, 19, 11, 1, 27, 30, 15, 13, 26, 25, 17, 18, 5, 10, 3, 33, 12, 28, 7, 4, 29, 16, 21, 6, 22, 34, 35, 24, 32, 36, 40, 46, 20, 14, 39, 31, 51, 38, 42, 52, 47, 23, 48, 44, 49, 54, 50, 63, 53, 37, 55, 43, 41, 57, 60, 59, 61, 64, 56, 58, 45, 62 ],
\[ 3, 10, 14, 6, 16, 24, 1, 31, 30, 18, 8, 2, 32, 37, 17, 38, 40, 41, 5, 22, 15, 9, 4, 36, 26, 13, 11, 21, 7, 33, 39, 42, 51, 19, 12, 53, 56, 55, 58, 52, 57, 59, 35, 25, 20, 27, 44, 23, 28, 29, 60, 64, 61, 34, 62, 50, 43, 63, 47, 45, 48, 54, 46, 49 ],
\[ 4, 7, 15, 20, 21, 25, 28, 1, 12, 5, 19, 34, 2, 24, 22, 6, 26, 3, 23, 43, 44, 46, 47, 9, 35, 27, 29, 45, 48, 11, 16, 8, 10, 49, 50, 13, 40, 17, 14, 30, 38, 18, 62, 63, 58, 54, 57, 60, 59, 64, 31, 32, 33, 61, 36, 53, 37, 55, 39, 41, 42, 52, 56, 51 ] >;
s`SolvableDBAutomorphismGroup := PermutationGroup<64 |  
\[ 26, 6, 13, 27, 9, 11, 25, 17, 1, 24, 15, 4, 16, 32, 2, 30, 10, 36, 22, 29, 12, 7, 46, 8, 19, 5, 21, 35, 44, 3, 40, 38, 14, 20, 23, 31, 42, 33, 52, 18, 53, 55, 48, 34, 50, 28, 54, 63, 43, 47, 37, 41, 39, 45, 51, 59, 61, 64, 62, 56, 58, 60, 49, 57 ],
\[ 2, 9, 10, 7, 11, 1, 12, 13, 15, 30, 26, 22, 24, 18, 5, 8, 16, 33, 27, 28, 19, 21, 29, 3, 4, 6, 25, 34, 35, 17, 32, 36, 40, 46, 20, 14, 41, 31, 42, 38, 51, 53, 45, 23, 49, 44, 48, 50, 54, 43, 52, 55, 37, 63, 39, 57, 60, 59, 61, 64, 56, 58, 47, 62 ],
\[ 64, 62, 49, 51, 61, 60, 52, 50, 58, 54, 56, 55, 43, 28, 59, 48, 47, 34, 53, 31, 42, 39, 33, 45, 41, 57, 37, 32, 40, 63, 29, 35, 46, 36, 38, 20, 21, 23, 7, 44, 19, 12, 16, 18, 8, 14, 10, 30, 13, 17, 27, 25, 22, 24, 4, 15, 5, 1, 2, 11, 9, 6, 3, 26 ],
\[ 3, 8, 14, 15, 16, 17, 1, 18, 30, 31, 10, 11, 32, 37, 24, 38, 36, 39, 5, 22, 6, 9, 21, 40, 26, 13, 2, 4, 7, 33, 41, 42, 51, 19, 27, 52, 56, 55, 57, 53, 58, 59, 46, 25, 20, 12, 44, 28, 23, 29, 60, 61, 64, 34, 62, 50, 63, 43, 47, 45, 49, 54, 35, 48 ]:
 Order := 64 >;
s`SolvableDBPointedAutomorphismGroup := PermutationGroup<64 |  
\[ 9, 15, 30, 12, 26, 2, 22, 24, 5, 17, 6, 21, 3, 33, 11, 13, 8, 40, 25, 34, 27, 19, 35, 10, 7, 1, 4, 46, 20, 16, 36, 14, 38, 44, 28, 18, 51, 32, 53, 31, 52, 37, 49, 29, 54, 23, 50, 43, 63, 45, 55, 39, 41, 47, 42, 60, 64, 61, 56, 62, 57, 59, 48, 58 ],
\[ 6, 1, 24, 25, 15, 26, 4, 16, 2, 3, 5, 7, 8, 36, 9, 17, 30, 14, 21, 35, 22, 12, 44, 13, 27, 11, 19, 20, 23, 10, 38, 31, 18, 28, 29, 32, 53, 40, 55, 33, 37, 39, 50, 46, 43, 34, 63, 47, 45, 48, 41, 51, 42, 49, 52, 61, 56, 62, 58, 57, 59, 64, 54, 60 ]:
 Order := 8 >;

/*
Top Level Belyi Curve/Map
*/


/*
Graph Data
*/

s`SolvableDBPathToPP1 := [ Strings() | "PP1", "2T1-1,2,2-g0-path1", "4T1-2,4,4-g1-path1", "8T1-4,8,8-g3-path1", "16T5-4,8,8-g5-path2", "32S3-4,8,8-g9-path24", "64S3-8,8,8-g21-path17" ];
s`SolvableDBChildren := [ Strings() | "32S3-4,8,8-g9-path24" ];

/*
Return for eval
*/

return s;
