s := SolvableDBObjectInitialize();

/*
Basic Information about the Passport
*/

s`SolvableDBName := "64S39-4,4,16-g15-path12";
s`SolvableDBFilename := "64S39-4,4,16-g15-path12.m";
s`SolvableDBPathNumber := 12;
s`SolvableDBDegree := 64;
s`SolvableDBABC := \[ 4, 4, 16 ];
s`SolvableDBType := "Hyperbolic";
s`SolvableDBGenus := 15;
s`SolvableDBGaloisOrbitSize := 1;
s`SolvableDBPassportSize := 2;
s`SolvableDBPointedPassportSize := 2;
s`SolvableDBLevel := 6;
s`SolvableDBBlocks := {@ PowerSet(IntegerRing()) |
{ IntegerRing() | 1, 5 },
{ IntegerRing() | 2, 11 },
{ IntegerRing() | 3, 16 },
{ IntegerRing() | 4, 10 },
{ IntegerRing() | 6, 18 },
{ IntegerRing() | 7, 22 },
{ IntegerRing() | 8, 23 },
{ IntegerRing() | 9, 14 },
{ IntegerRing() | 12, 24 },
{ IntegerRing() | 13, 19 },
{ IntegerRing() | 15, 28 },
{ IntegerRing() | 17, 26 },
{ IntegerRing() | 20, 31 },
{ IntegerRing() | 21, 25 },
{ IntegerRing() | 27, 29 },
{ IntegerRing() | 30, 35 },
{ IntegerRing() | 32, 33 },
{ IntegerRing() | 34, 39 },
{ IntegerRing() | 36, 44 },
{ IntegerRing() | 37, 38 },
{ IntegerRing() | 40, 47 },
{ IntegerRing() | 41, 42 },
{ IntegerRing() | 43, 45 },
{ IntegerRing() | 46, 51 },
{ IntegerRing() | 48, 49 },
{ IntegerRing() | 50, 55 },
{ IntegerRing() | 52, 60 },
{ IntegerRing() | 53, 54 },
{ IntegerRing() | 56, 63 },
{ IntegerRing() | 57, 58 },
{ IntegerRing() | 59, 61 },
{ IntegerRing() | 62, 64 }
@};

/*
Permutations and Passports
*/

s`SolvableDBGaloisOrbit := [ PowerSequence(PermutationGroup<64 |  
\[ 2, 3, 4, 5, 6, 7, 8, 9, 10, 11, 12, 13, 14, 15, 16, 17, 18, 19, 20, 21, 22, 23, 24, 25, 26, 27, 28, 29, 30, 31, 32, 33, 34, 35, 36, 37, 38, 39, 40, 41, 42, 43, 44, 45, 46, 47, 48, 49, 50, 51, 52, 53, 54, 55, 56, 57, 58, 59, 60, 61, 62, 63, 64, 1 ],
\[ 2, 1, 3, 4, 5, 6, 7, 8, 9, 10, 11, 12, 13, 14, 15, 16, 17, 18, 19, 20, 21, 22, 23, 24, 25, 26, 27, 28, 29, 30, 31, 32, 33, 34, 35, 36, 37, 38, 39, 40, 41, 42, 43, 44, 45, 46, 47, 48, 49, 50, 51, 52, 53, 54, 55, 56, 57, 58, 59, 60, 61, 62, 63, 64 ]:
 Order := 126886932185884164103433389335161480802865516174545192198801894375214704230400000000000000 >) |
[ PermutationGroup<64 |  
\[ 2, 3, 4, 5, 6, 7, 8, 9, 10, 11, 12, 13, 14, 15, 16, 17, 18, 19, 20, 21, 22, 23, 24, 25, 26, 27, 28, 29, 30, 31, 32, 33, 34, 35, 36, 37, 38, 39, 40, 41, 42, 43, 44, 45, 46, 47, 48, 49, 50, 51, 52, 53, 54, 55, 56, 57, 58, 59, 60, 61, 62, 63, 64, 1 ],
\[ 2, 1, 3, 4, 5, 6, 7, 8, 9, 10, 11, 12, 13, 14, 15, 16, 17, 18, 19, 20, 21, 22, 23, 24, 25, 26, 27, 28, 29, 30, 31, 32, 33, 34, 35, 36, 37, 38, 39, 40, 41, 42, 43, 44, 45, 46, 47, 48, 49, 50, 51, 52, 53, 54, 55, 56, 57, 58, 59, 60, 61, 62, 63, 64 ]:
 Order := 126886932185884164103433389335161480802865516174545192198801894375214704230400000000000000 > |
[ 2, 9, 8, 19, 11, 1, 26, 22, 6, 13, 14, 21, 24, 18, 35, 23, 3, 5, 12, 34, 4, 17, 7, 25, 10, 16, 38, 30, 37, 27, 39, 41, 42, 32, 29, 46, 15, 28, 33, 55, 20, 31, 54, 51, 53, 45, 50, 57, 58, 49, 43, 64, 36, 44, 48, 52, 40, 47, 63, 62, 56, 59, 60, 61 ],
[ 3, 10, 14, 6, 16, 24, 1, 28, 22, 18, 4, 2, 20, 7, 17, 9, 27, 12, 31, 21, 33, 5, 15, 11, 32, 29, 23, 26, 8, 36, 25, 19, 13, 47, 44, 37, 43, 45, 40, 41, 49, 48, 30, 38, 35, 60, 42, 34, 39, 56, 52, 53, 59, 61, 63, 57, 62, 64, 51, 54, 46, 50, 58, 55 ],
[ 4, 7, 15, 20, 10, 16, 27, 1, 12, 31, 22, 32, 2, 24, 36, 28, 9, 3, 11, 40, 18, 29, 5, 33, 6, 14, 43, 44, 45, 8, 47, 48, 49, 13, 23, 52, 26, 17, 19, 56, 25, 21, 59, 60, 61, 30, 63, 64, 62, 34, 35, 50, 38, 37, 39, 54, 42, 41, 57, 55, 58, 46, 53, 51 ]
]
];
s`SolvableDBPassport := [ PowerSequence(PermutationGroup<64 |  
\[ 2, 9, 8, 19, 11, 1, 26, 22, 6, 13, 14, 21, 24, 18, 35, 23, 3, 5, 12, 34, 4, 17, 7, 25, 10, 16, 38, 30, 37, 27, 39, 41, 42, 32, 29, 46, 15, 28, 33, 55, 20, 31, 54, 51, 53, 45, 50, 57, 58, 49, 43, 64, 36, 44, 48, 52, 40, 47, 63, 62, 56, 59, 60, 61 ],
\[ 3, 10, 14, 6, 16, 24, 1, 28, 22, 18, 4, 2, 20, 7, 17, 9, 27, 12, 31, 21, 33, 5, 15, 11, 32, 29, 23, 26, 8, 36, 25, 19, 13, 47, 44, 37, 43, 45, 40, 41, 49, 48, 30, 38, 35, 60, 42, 34, 39, 56, 52, 53, 59, 61, 63, 57, 62, 64, 51, 54, 46, 50, 58, 55 ],
\[ 4, 7, 15, 20, 10, 16, 27, 1, 12, 31, 22, 32, 2, 24, 36, 28, 9, 3, 11, 40, 18, 29, 5, 33, 6, 14, 43, 44, 45, 8, 47, 48, 49, 13, 23, 52, 26, 17, 19, 56, 25, 21, 59, 60, 61, 30, 63, 64, 62, 34, 35, 50, 38, 37, 39, 54, 42, 41, 57, 55, 58, 46, 53, 51 ]:
 Order := 64 >) |
[ PermutationGroup<64 |  
\[ 2, 9, 8, 19, 11, 1, 26, 22, 6, 13, 14, 21, 24, 18, 35, 23, 3, 5, 12, 34, 4, 17, 7, 25, 10, 16, 38, 30, 37, 27, 39, 41, 42, 32, 29, 46, 15, 28, 33, 55, 20, 31, 54, 51, 53, 45, 50, 57, 58, 49, 43, 64, 36, 44, 48, 52, 40, 47, 63, 62, 56, 59, 60, 61 ],
\[ 3, 10, 14, 6, 16, 24, 1, 28, 22, 18, 4, 2, 20, 7, 17, 9, 27, 12, 31, 21, 33, 5, 15, 11, 32, 29, 23, 26, 8, 36, 25, 19, 13, 47, 44, 37, 43, 45, 40, 41, 49, 48, 30, 38, 35, 60, 42, 34, 39, 56, 52, 53, 59, 61, 63, 57, 62, 64, 51, 54, 46, 50, 58, 55 ],
\[ 4, 7, 15, 20, 10, 16, 27, 1, 12, 31, 22, 32, 2, 24, 36, 28, 9, 3, 11, 40, 18, 29, 5, 33, 6, 14, 43, 44, 45, 8, 47, 48, 49, 13, 23, 52, 26, 17, 19, 56, 25, 21, 59, 60, 61, 30, 63, 64, 62, 34, 35, 50, 38, 37, 39, 54, 42, 41, 57, 55, 58, 46, 53, 51 ]:
 Order := 64 > |
[ 2, 9, 8, 19, 11, 1, 26, 22, 6, 13, 14, 21, 24, 18, 35, 23, 3, 5, 12, 34, 4, 17, 7, 25, 10, 16, 38, 30, 37, 27, 39, 41, 42, 32, 29, 46, 15, 28, 33, 55, 20, 31, 54, 51, 53, 45, 50, 57, 58, 49, 43, 64, 36, 44, 48, 52, 40, 47, 63, 62, 56, 59, 60, 61 ],
[ 3, 10, 14, 6, 16, 24, 1, 28, 22, 18, 4, 2, 20, 7, 17, 9, 27, 12, 31, 21, 33, 5, 15, 11, 32, 29, 23, 26, 8, 36, 25, 19, 13, 47, 44, 37, 43, 45, 40, 41, 49, 48, 30, 38, 35, 60, 42, 34, 39, 56, 52, 53, 59, 61, 63, 57, 62, 64, 51, 54, 46, 50, 58, 55 ],
[ 4, 7, 15, 20, 10, 16, 27, 1, 12, 31, 22, 32, 2, 24, 36, 28, 9, 3, 11, 40, 18, 29, 5, 33, 6, 14, 43, 44, 45, 8, 47, 48, 49, 13, 23, 52, 26, 17, 19, 56, 25, 21, 59, 60, 61, 30, 63, 64, 62, 34, 35, 50, 38, 37, 39, 54, 42, 41, 57, 55, 58, 46, 53, 51 ]
],
[ PermutationGroup<64 |  
\[ 2, 9, 8, 19, 11, 1, 26, 22, 6, 13, 14, 21, 24, 18, 35, 23, 3, 5, 12, 34, 4, 17, 7, 25, 10, 16, 38, 30, 37, 27, 39, 41, 42, 32, 29, 46, 15, 28, 33, 55, 20, 31, 54, 51, 53, 45, 50, 57, 58, 49, 43, 64, 36, 44, 48, 52, 40, 47, 63, 62, 56, 59, 60, 61 ],
\[ 3, 10, 14, 6, 16, 24, 1, 28, 22, 18, 4, 2, 20, 7, 17, 9, 27, 12, 31, 21, 33, 5, 15, 11, 32, 29, 23, 26, 8, 36, 25, 19, 13, 47, 44, 37, 43, 45, 40, 41, 49, 48, 30, 38, 35, 60, 42, 34, 39, 56, 52, 53, 59, 61, 63, 57, 62, 64, 51, 54, 46, 50, 58, 55 ],
\[ 4, 7, 15, 20, 10, 16, 27, 1, 12, 31, 22, 32, 2, 24, 36, 28, 9, 3, 11, 40, 18, 29, 5, 33, 6, 14, 43, 44, 45, 8, 47, 48, 49, 13, 23, 52, 26, 17, 19, 56, 25, 21, 59, 60, 61, 30, 63, 64, 62, 34, 35, 50, 38, 37, 39, 54, 42, 41, 57, 55, 58, 46, 53, 51 ]:
 Order := 64 > |
[ 3, 10, 14, 6, 16, 24, 1, 28, 22, 18, 4, 2, 20, 7, 17, 9, 27, 12, 31, 21, 33, 5, 15, 11, 32, 29, 23, 26, 8, 36, 25, 19, 13, 47, 44, 37, 43, 45, 40, 41, 49, 48, 30, 38, 35, 60, 42, 34, 39, 56, 52, 53, 59, 61, 63, 57, 62, 64, 51, 54, 46, 50, 58, 55 ],
[ 29, 33, 10, 7, 27, 31, 12, 43, 15, 22, 32, 16, 48, 28, 1, 4, 44, 20, 49, 11, 47, 24, 45, 3, 40, 36, 14, 5, 9, 61, 2, 18, 6, 62, 59, 23, 60, 52, 64, 13, 63, 56, 17, 8, 26, 57, 19, 25, 21, 51, 58, 30, 55, 50, 46, 39, 53, 54, 37, 35, 38, 41, 34, 42 ],
[ 4, 7, 15, 20, 10, 16, 27, 1, 12, 31, 22, 32, 2, 24, 36, 28, 9, 3, 11, 40, 18, 29, 5, 33, 6, 14, 43, 44, 45, 8, 47, 48, 49, 13, 23, 52, 26, 17, 19, 56, 25, 21, 59, 60, 61, 30, 63, 64, 62, 34, 35, 50, 38, 37, 39, 54, 42, 41, 57, 55, 58, 46, 53, 51 ]
]
];
s`SolvableDBPointedPassport := [ PowerSequence(PermutationGroup<64 |  
\[ 2, 9, 8, 19, 11, 1, 26, 22, 6, 13, 14, 21, 24, 18, 35, 23, 3, 5, 12, 34, 4, 17, 7, 25, 10, 16, 38, 30, 37, 27, 39, 41, 42, 32, 29, 46, 15, 28, 33, 55, 20, 31, 54, 51, 53, 45, 50, 57, 58, 49, 43, 64, 36, 44, 48, 52, 40, 47, 63, 62, 56, 59, 60, 61 ],
\[ 3, 10, 14, 6, 16, 24, 1, 28, 22, 18, 4, 2, 20, 7, 17, 9, 27, 12, 31, 21, 33, 5, 15, 11, 32, 29, 23, 26, 8, 36, 25, 19, 13, 47, 44, 37, 43, 45, 40, 41, 49, 48, 30, 38, 35, 60, 42, 34, 39, 56, 52, 53, 59, 61, 63, 57, 62, 64, 51, 54, 46, 50, 58, 55 ],
\[ 4, 7, 15, 20, 10, 16, 27, 1, 12, 31, 22, 32, 2, 24, 36, 28, 9, 3, 11, 40, 18, 29, 5, 33, 6, 14, 43, 44, 45, 8, 47, 48, 49, 13, 23, 52, 26, 17, 19, 56, 25, 21, 59, 60, 61, 30, 63, 64, 62, 34, 35, 50, 38, 37, 39, 54, 42, 41, 57, 55, 58, 46, 53, 51 ]:
 Order := 64 >) |
[ PermutationGroup<64 |  
\[ 2, 9, 8, 19, 11, 1, 26, 22, 6, 13, 14, 21, 24, 18, 35, 23, 3, 5, 12, 34, 4, 17, 7, 25, 10, 16, 38, 30, 37, 27, 39, 41, 42, 32, 29, 46, 15, 28, 33, 55, 20, 31, 54, 51, 53, 45, 50, 57, 58, 49, 43, 64, 36, 44, 48, 52, 40, 47, 63, 62, 56, 59, 60, 61 ],
\[ 3, 10, 14, 6, 16, 24, 1, 28, 22, 18, 4, 2, 20, 7, 17, 9, 27, 12, 31, 21, 33, 5, 15, 11, 32, 29, 23, 26, 8, 36, 25, 19, 13, 47, 44, 37, 43, 45, 40, 41, 49, 48, 30, 38, 35, 60, 42, 34, 39, 56, 52, 53, 59, 61, 63, 57, 62, 64, 51, 54, 46, 50, 58, 55 ],
\[ 4, 7, 15, 20, 10, 16, 27, 1, 12, 31, 22, 32, 2, 24, 36, 28, 9, 3, 11, 40, 18, 29, 5, 33, 6, 14, 43, 44, 45, 8, 47, 48, 49, 13, 23, 52, 26, 17, 19, 56, 25, 21, 59, 60, 61, 30, 63, 64, 62, 34, 35, 50, 38, 37, 39, 54, 42, 41, 57, 55, 58, 46, 53, 51 ]:
 Order := 64 > |
[ 23, 19, 6, 5, 8, 21, 11, 35, 26, 1, 13, 14, 39, 17, 16, 18, 37, 25, 34, 10, 41, 2, 30, 9, 42, 38, 22, 3, 7, 51, 4, 24, 12, 55, 46, 28, 53, 54, 50, 31, 57, 58, 29, 15, 27, 64, 20, 33, 32, 60, 62, 44, 56, 63, 52, 47, 61, 59, 45, 36, 43, 48, 40, 49 ],
[ 2, 9, 8, 19, 11, 1, 26, 22, 6, 13, 14, 21, 24, 18, 35, 23, 3, 5, 12, 34, 4, 17, 7, 25, 10, 16, 38, 30, 37, 27, 39, 41, 42, 32, 29, 46, 15, 28, 33, 55, 20, 31, 54, 51, 53, 45, 50, 57, 58, 49, 43, 64, 36, 44, 48, 52, 40, 47, 63, 62, 56, 59, 60, 61 ],
[ 25, 8, 38, 42, 21, 17, 35, 18, 13, 41, 23, 39, 5, 19, 54, 37, 11, 26, 1, 58, 9, 30, 6, 34, 14, 2, 46, 53, 51, 16, 57, 50, 55, 4, 3, 63, 22, 7, 10, 59, 12, 24, 64, 56, 62, 15, 61, 60, 52, 31, 28, 40, 29, 27, 20, 45, 32, 33, 49, 47, 48, 44, 43, 36 ]
],
[ PermutationGroup<64 |  
\[ 2, 9, 8, 19, 11, 1, 26, 22, 6, 13, 14, 21, 24, 18, 35, 23, 3, 5, 12, 34, 4, 17, 7, 25, 10, 16, 38, 30, 37, 27, 39, 41, 42, 32, 29, 46, 15, 28, 33, 55, 20, 31, 54, 51, 53, 45, 50, 57, 58, 49, 43, 64, 36, 44, 48, 52, 40, 47, 63, 62, 56, 59, 60, 61 ],
\[ 3, 10, 14, 6, 16, 24, 1, 28, 22, 18, 4, 2, 20, 7, 17, 9, 27, 12, 31, 21, 33, 5, 15, 11, 32, 29, 23, 26, 8, 36, 25, 19, 13, 47, 44, 37, 43, 45, 40, 41, 49, 48, 30, 38, 35, 60, 42, 34, 39, 56, 52, 53, 59, 61, 63, 57, 62, 64, 51, 54, 46, 50, 58, 55 ],
\[ 4, 7, 15, 20, 10, 16, 27, 1, 12, 31, 22, 32, 2, 24, 36, 28, 9, 3, 11, 40, 18, 29, 5, 33, 6, 14, 43, 44, 45, 8, 47, 48, 49, 13, 23, 52, 26, 17, 19, 56, 25, 21, 59, 60, 61, 30, 63, 64, 62, 34, 35, 50, 38, 37, 39, 54, 42, 41, 57, 55, 58, 46, 53, 51 ]:
 Order := 64 > |
[ 23, 19, 6, 5, 8, 21, 11, 35, 26, 1, 13, 14, 39, 17, 16, 18, 37, 25, 34, 10, 41, 2, 30, 9, 42, 38, 22, 3, 7, 51, 4, 24, 12, 55, 46, 28, 53, 54, 50, 31, 57, 58, 29, 15, 27, 64, 20, 33, 32, 60, 62, 44, 56, 63, 52, 47, 61, 59, 45, 36, 43, 48, 40, 49 ],
[ 25, 8, 38, 42, 21, 17, 35, 18, 13, 41, 23, 39, 5, 19, 54, 37, 11, 26, 1, 58, 9, 30, 6, 34, 14, 2, 46, 53, 51, 16, 57, 50, 55, 4, 3, 63, 22, 7, 10, 59, 12, 24, 64, 56, 62, 15, 61, 60, 52, 31, 28, 40, 29, 27, 20, 45, 32, 33, 49, 47, 48, 44, 43, 36 ],
[ 39, 37, 51, 50, 34, 35, 53, 13, 42, 55, 38, 58, 17, 41, 62, 46, 25, 30, 26, 60, 23, 54, 19, 57, 8, 21, 56, 64, 63, 11, 52, 59, 61, 14, 2, 48, 6, 18, 9, 36, 5, 1, 47, 49, 40, 7, 44, 45, 43, 12, 22, 33, 16, 3, 24, 28, 10, 4, 20, 32, 31, 29, 15, 27 ]
]
];
s`SolvableDBMonodromyGroup := PermutationGroup<64 |  
\[ 2, 9, 8, 19, 11, 1, 26, 22, 6, 13, 14, 21, 24, 18, 35, 23, 3, 5, 12, 34, 4, 17, 7, 25, 10, 16, 38, 30, 37, 27, 39, 41, 42, 32, 29, 46, 15, 28, 33, 55, 20, 31, 54, 51, 53, 45, 50, 57, 58, 49, 43, 64, 36, 44, 48, 52, 40, 47, 63, 62, 56, 59, 60, 61 ],
\[ 3, 10, 14, 6, 16, 24, 1, 28, 22, 18, 4, 2, 20, 7, 17, 9, 27, 12, 31, 21, 33, 5, 15, 11, 32, 29, 23, 26, 8, 36, 25, 19, 13, 47, 44, 37, 43, 45, 40, 41, 49, 48, 30, 38, 35, 60, 42, 34, 39, 56, 52, 53, 59, 61, 63, 57, 62, 64, 51, 54, 46, 50, 58, 55 ],
\[ 4, 7, 15, 20, 10, 16, 27, 1, 12, 31, 22, 32, 2, 24, 36, 28, 9, 3, 11, 40, 18, 29, 5, 33, 6, 14, 43, 44, 45, 8, 47, 48, 49, 13, 23, 52, 26, 17, 19, 56, 25, 21, 59, 60, 61, 30, 63, 64, 62, 34, 35, 50, 38, 37, 39, 54, 42, 41, 57, 55, 58, 46, 53, 51 ] >;
s`SolvableDBAutomorphismGroup := PermutationGroup<64 |  
\[ 9, 6, 22, 12, 14, 2, 16, 17, 1, 24, 18, 4, 25, 5, 29, 7, 8, 11, 21, 32, 19, 3, 26, 10, 13, 23, 28, 27, 15, 38, 33, 20, 31, 41, 37, 45, 35, 30, 42, 48, 34, 39, 44, 43, 36, 53, 49, 40, 47, 58, 54, 61, 46, 51, 57, 64, 55, 50, 60, 59, 52, 63, 62, 56 ],
\[ 2, 9, 10, 7, 11, 1, 12, 13, 6, 22, 14, 16, 17, 18, 31, 4, 25, 5, 26, 27, 23, 24, 19, 3, 8, 21, 32, 20, 33, 34, 29, 28, 15, 38, 39, 47, 42, 41, 37, 43, 30, 35, 48, 40, 49, 50, 45, 44, 36, 53, 55, 63, 58, 57, 54, 59, 51, 46, 64, 56, 62, 52, 61, 60 ],
\[ 24, 25, 11, 33, 12, 13, 6, 14, 10, 32, 21, 31, 41, 4, 22, 2, 5, 19, 42, 49, 39, 18, 9, 20, 34, 1, 16, 7, 3, 26, 48, 47, 40, 58, 17, 29, 8, 23, 57, 62, 50, 55, 28, 27, 15, 37, 64, 63, 56, 61, 38, 45, 35, 30, 59, 46, 60, 52, 44, 43, 36, 54, 51, 53 ]:
 Order := 64 >;
s`SolvableDBPointedAutomorphismGroup := PermutationGroup<64 |  
\[ 9, 6, 22, 12, 14, 2, 16, 17, 1, 24, 18, 4, 25, 5, 29, 7, 8, 11, 21, 32, 19, 3, 26, 10, 13, 23, 28, 27, 15, 38, 33, 20, 31, 41, 37, 45, 35, 30, 42, 48, 34, 39, 44, 43, 36, 53, 49, 40, 47, 58, 54, 61, 46, 51, 57, 64, 55, 50, 60, 59, 52, 63, 62, 56 ],
\[ 6, 1, 24, 16, 18, 9, 4, 25, 2, 3, 5, 7, 8, 11, 33, 12, 13, 14, 23, 28, 26, 10, 21, 22, 17, 19, 20, 32, 31, 41, 15, 27, 29, 30, 42, 49, 39, 34, 35, 44, 38, 37, 40, 48, 47, 58, 36, 43, 45, 46, 57, 62, 50, 55, 51, 60, 54, 53, 56, 64, 63, 61, 52, 59 ]:
 Order := 4 >;

/*
Top Level Belyi Curve/Map
*/


/*
Graph Data
*/

s`SolvableDBPathToPP1 := [ Strings() | "PP1", "2T1-2,2,1-g0-path1", "4T2-2,2,2-g0-path3", "8T4-2,2,4-g0-path3", "16T13-2,2,8-g0-path3", "32S20-4,4,16-g8-path3", "64S39-4,4,16-g15-path12" ];
s`SolvableDBChildren := [ Strings() | "32S20-4,4,16-g8-path3" ];

/*
Return for eval
*/

return s;
