s := SolvableDBInitialize();

/*
Magma printing
*/

s`SolvableDBName := "64S48-4,16,4-g15-path4-notcomputed";
s`SolvableDBFilename := "64S48-4,16,4-g15-path4-notcomputed.m";
s`SolvableDBPassportName := "64S48-4,16,4-g15";
s`SolvableDBPathNumber := 4;
s`SolvableDBDegree := 64;
s`SolvableDBOrders := \[ 4, 16, 4 ];
s`SolvableDBType := "Hyperbolic";
s`SolvableDBGenus := 15;
s`SolvableDBGaloisOrbitSize := 1;
s`SolvableDBPassportSize := 1;
s`SolvableDBPointedPassportSize := 1;
s`SolvableDBLevel := 6;
s`SolvableDBBlocks := {@ PowerSet(IntegerRing()) |
{ IntegerRing() | 1, 5 },
{ IntegerRing() | 2, 6 },
{ IntegerRing() | 3, 15 },
{ IntegerRing() | 4, 19 },
{ IntegerRing() | 7, 10 },
{ IntegerRing() | 8, 12 },
{ IntegerRing() | 9, 22 },
{ IntegerRing() | 11, 23 },
{ IntegerRing() | 13, 37 },
{ IntegerRing() | 14, 29 },
{ IntegerRing() | 16, 21 },
{ IntegerRing() | 17, 20 },
{ IntegerRing() | 18, 33 },
{ IntegerRing() | 24, 26 },
{ IntegerRing() | 25, 28 },
{ IntegerRing() | 27, 32 },
{ IntegerRing() | 30, 43 },
{ IntegerRing() | 31, 34 },
{ IntegerRing() | 35, 53 },
{ IntegerRing() | 36, 42 },
{ IntegerRing() | 38, 41 },
{ IntegerRing() | 39, 40 },
{ IntegerRing() | 44, 45 },
{ IntegerRing() | 46, 48 },
{ IntegerRing() | 47, 59 },
{ IntegerRing() | 49, 50 },
{ IntegerRing() | 51, 63 },
{ IntegerRing() | 52, 58 },
{ IntegerRing() | 54, 57 },
{ IntegerRing() | 55, 56 },
{ IntegerRing() | 60, 61 },
{ IntegerRing() | 62, 64 }
@};
s`SolvableDBIsRamifiedAtEveryLevel := true;
s`SolvableDBGaloisOrbit := [ PowerSequence(PermutationGroup<64 |  
\[ 2, 3, 4, 5, 6, 7, 8, 9, 10, 11, 12, 13, 14, 15, 16, 17, 18, 19, 20, 21, 22, 23, 24, 25, 26, 27, 28, 29, 30, 31, 32, 33, 34, 35, 36, 37, 38, 39, 40, 41, 42, 43, 44, 45, 46, 47, 48, 49, 50, 51, 52, 53, 54, 55, 56, 57, 58, 59, 60, 61, 62, 63, 64, 1 ],
\[ 2, 1, 3, 4, 5, 6, 7, 8, 9, 10, 11, 12, 13, 14, 15, 16, 17, 18, 19, 20, 21, 22, 23, 24, 25, 26, 27, 28, 29, 30, 31, 32, 33, 34, 35, 36, 37, 38, 39, 40, 41, 42, 43, 44, 45, 46, 47, 48, 49, 50, 51, 52, 53, 54, 55, 56, 57, 58, 59, 60, 61, 62, 63, 64 ]:
 Order := 126886932185884164103433389335161480802865516174545192198801894375214704230400000000000000 >) |
[ PermutationGroup<64 |  
\[ 2, 3, 4, 5, 6, 7, 8, 9, 10, 11, 12, 13, 14, 15, 16, 17, 18, 19, 20, 21, 22, 23, 24, 25, 26, 27, 28, 29, 30, 31, 32, 33, 34, 35, 36, 37, 38, 39, 40, 41, 42, 43, 44, 45, 46, 47, 48, 49, 50, 51, 52, 53, 54, 55, 56, 57, 58, 59, 60, 61, 62, 63, 64, 1 ],
\[ 2, 1, 3, 4, 5, 6, 7, 8, 9, 10, 11, 12, 13, 14, 15, 16, 17, 18, 19, 20, 21, 22, 23, 24, 25, 26, 27, 28, 29, 30, 31, 32, 33, 34, 35, 36, 37, 38, 39, 40, 41, 42, 43, 44, 45, 46, 47, 48, 49, 50, 51, 52, 53, 54, 55, 56, 57, 58, 59, 60, 61, 62, 63, 64 ]:
 Order := 126886932185884164103433389335161480802865516174545192198801894375214704230400000000000000 > |
[ 6, 1, 8, 20, 2, 5, 26, 15, 11, 24, 22, 3, 16, 40, 12, 37, 4, 25, 17, 19, 13, 23, 9, 7, 33, 10, 43, 18, 39, 27, 44, 30, 28, 45, 38, 56, 21, 53, 14, 29, 35, 55, 32, 34, 31, 61, 49, 60, 59, 47, 54, 62, 41, 63, 36, 42, 51, 64, 50, 46, 48, 58, 57, 52 ],
[ 3, 9, 13, 2, 15, 22, 1, 28, 30, 5, 33, 25, 35, 12, 37, 19, 39, 17, 6, 40, 4, 43, 18, 44, 24, 45, 7, 26, 8, 47, 23, 10, 20, 11, 51, 21, 53, 29, 55, 56, 14, 16, 59, 60, 61, 27, 52, 32, 34, 31, 49, 41, 63, 42, 64, 62, 36, 38, 58, 57, 54, 46, 50, 48 ],
[ 4, 10, 14, 18, 19, 7, 25, 1, 31, 28, 2, 5, 36, 17, 29, 3, 16, 8, 33, 21, 15, 34, 6, 32, 23, 27, 9, 11, 20, 48, 26, 22, 12, 24, 52, 39, 42, 13, 38, 41, 37, 40, 46, 50, 49, 44, 63, 45, 30, 43, 60, 55, 58, 35, 54, 57, 53, 56, 51, 64, 62, 47, 61, 59 ]
]
];
s`SolvableDBPassport := [ PowerSequence(PermutationGroup<64 |  
\[ 6, 1, 8, 20, 2, 5, 26, 15, 11, 24, 22, 3, 16, 40, 12, 37, 4, 25, 17, 19, 13, 23, 9, 7, 33, 10, 43, 18, 39, 27, 44, 30, 28, 45, 38, 56, 21, 53, 14, 29, 35, 55, 32, 34, 31, 61, 49, 60, 59, 47, 54, 62, 41, 63, 36, 42, 51, 64, 50, 46, 48, 58, 57, 52 ],
\[ 3, 9, 13, 2, 15, 22, 1, 28, 30, 5, 33, 25, 35, 12, 37, 19, 39, 17, 6, 40, 4, 43, 18, 44, 24, 45, 7, 26, 8, 47, 23, 10, 20, 11, 51, 21, 53, 29, 55, 56, 14, 16, 59, 60, 61, 27, 52, 32, 34, 31, 49, 41, 63, 42, 64, 62, 36, 38, 58, 57, 54, 46, 50, 48 ],
\[ 4, 10, 14, 18, 19, 7, 25, 1, 31, 28, 2, 5, 36, 17, 29, 3, 16, 8, 33, 21, 15, 34, 6, 32, 23, 27, 9, 11, 20, 48, 26, 22, 12, 24, 52, 39, 42, 13, 38, 41, 37, 40, 46, 50, 49, 44, 63, 45, 30, 43, 60, 55, 58, 35, 54, 57, 53, 56, 51, 64, 62, 47, 61, 59 ]:
 Order := 64 >) |
[ PermutationGroup<64 |  
\[ 6, 1, 8, 20, 2, 5, 26, 15, 11, 24, 22, 3, 16, 40, 12, 37, 4, 25, 17, 19, 13, 23, 9, 7, 33, 10, 43, 18, 39, 27, 44, 30, 28, 45, 38, 56, 21, 53, 14, 29, 35, 55, 32, 34, 31, 61, 49, 60, 59, 47, 54, 62, 41, 63, 36, 42, 51, 64, 50, 46, 48, 58, 57, 52 ],
\[ 3, 9, 13, 2, 15, 22, 1, 28, 30, 5, 33, 25, 35, 12, 37, 19, 39, 17, 6, 40, 4, 43, 18, 44, 24, 45, 7, 26, 8, 47, 23, 10, 20, 11, 51, 21, 53, 29, 55, 56, 14, 16, 59, 60, 61, 27, 52, 32, 34, 31, 49, 41, 63, 42, 64, 62, 36, 38, 58, 57, 54, 46, 50, 48 ],
\[ 4, 10, 14, 18, 19, 7, 25, 1, 31, 28, 2, 5, 36, 17, 29, 3, 16, 8, 33, 21, 15, 34, 6, 32, 23, 27, 9, 11, 20, 48, 26, 22, 12, 24, 52, 39, 42, 13, 38, 41, 37, 40, 46, 50, 49, 44, 63, 45, 30, 43, 60, 55, 58, 35, 54, 57, 53, 56, 51, 64, 62, 47, 61, 59 ]:
 Order := 64 > |
[ 2, 5, 12, 17, 6, 1, 24, 3, 23, 26, 9, 15, 21, 39, 8, 13, 19, 28, 20, 4, 37, 11, 22, 10, 18, 7, 30, 33, 40, 32, 45, 43, 25, 44, 41, 55, 16, 35, 29, 14, 53, 56, 27, 31, 34, 60, 50, 61, 47, 59, 57, 64, 38, 51, 42, 36, 63, 62, 49, 48, 46, 52, 54, 58 ],
[ 7, 4, 1, 21, 10, 19, 27, 29, 2, 32, 34, 14, 3, 41, 5, 42, 18, 23, 16, 33, 36, 6, 31, 25, 12, 28, 46, 8, 38, 9, 50, 48, 11, 49, 13, 57, 15, 58, 17, 20, 52, 54, 22, 24, 26, 62, 30, 64, 51, 63, 35, 47, 37, 61, 39, 40, 60, 59, 43, 44, 45, 56, 53, 55 ],
[ 22, 3, 28, 40, 9, 15, 45, 37, 33, 44, 43, 13, 19, 56, 25, 53, 2, 24, 39, 6, 35, 18, 30, 1, 20, 5, 59, 17, 55, 7, 60, 47, 26, 61, 29, 62, 4, 63, 12, 8, 51, 64, 10, 11, 23, 54, 34, 57, 58, 52, 42, 46, 14, 50, 21, 16, 49, 48, 31, 27, 32, 38, 36, 41 ]
]
];
s`SolvableDBPointedPassport := [ PowerSequence(PermutationGroup<64 |  
\[ 2, 3, 4, 5, 6, 7, 8, 9, 10, 11, 12, 13, 14, 15, 16, 17, 18, 19, 20, 21, 22, 23, 24, 25, 26, 27, 28, 29, 30, 31, 32, 33, 34, 35, 36, 37, 38, 39, 40, 41, 42, 43, 44, 45, 46, 47, 48, 49, 50, 51, 52, 53, 54, 55, 56, 57, 58, 59, 60, 61, 62, 63, 64, 1 ],
\[ 2, 1, 3, 4, 5, 6, 7, 8, 9, 10, 11, 12, 13, 14, 15, 16, 17, 18, 19, 20, 21, 22, 23, 24, 25, 26, 27, 28, 29, 30, 31, 32, 33, 34, 35, 36, 37, 38, 39, 40, 41, 42, 43, 44, 45, 46, 47, 48, 49, 50, 51, 52, 53, 54, 55, 56, 57, 58, 59, 60, 61, 62, 63, 64 ]:
 Order := 126886932185884164103433389335161480802865516174545192198801894375214704230400000000000000 >) |
[ PermutationGroup<64 |  
\[ 2, 3, 4, 5, 6, 7, 8, 9, 10, 11, 12, 13, 14, 15, 16, 17, 18, 19, 20, 21, 22, 23, 24, 25, 26, 27, 28, 29, 30, 31, 32, 33, 34, 35, 36, 37, 38, 39, 40, 41, 42, 43, 44, 45, 46, 47, 48, 49, 50, 51, 52, 53, 54, 55, 56, 57, 58, 59, 60, 61, 62, 63, 64, 1 ],
\[ 2, 1, 3, 4, 5, 6, 7, 8, 9, 10, 11, 12, 13, 14, 15, 16, 17, 18, 19, 20, 21, 22, 23, 24, 25, 26, 27, 28, 29, 30, 31, 32, 33, 34, 35, 36, 37, 38, 39, 40, 41, 42, 43, 44, 45, 46, 47, 48, 49, 50, 51, 52, 53, 54, 55, 56, 57, 58, 59, 60, 61, 62, 63, 64 ]:
 Order := 126886932185884164103433389335161480802865516174545192198801894375214704230400000000000000 > |
[ 14, 31, 36, 10, 29, 34, 4, 11, 48, 19, 12, 23, 52, 5, 42, 33, 38, 16, 7, 41, 18, 46, 8, 50, 32, 49, 25, 27, 1, 63, 6, 28, 21, 2, 60, 15, 58, 20, 54, 57, 17, 3, 51, 64, 62, 9, 55, 22, 24, 26, 30, 37, 61, 40, 59, 47, 39, 13, 56, 53, 35, 44, 43, 45 ],
[ 20, 24, 40, 25, 17, 26, 33, 6, 44, 18, 1, 2, 56, 4, 39, 8, 37, 15, 28, 13, 12, 45, 5, 30, 9, 43, 11, 22, 19, 60, 10, 23, 3, 7, 62, 14, 55, 16, 53, 35, 21, 29, 61, 47, 59, 34, 57, 31, 27, 32, 46, 36, 64, 38, 63, 51, 41, 42, 54, 52, 58, 49, 48, 50 ],
[ 42, 46, 58, 34, 36, 48, 29, 32, 51, 14, 16, 27, 61, 11, 52, 10, 57, 41, 31, 54, 7, 63, 21, 62, 49, 64, 19, 50, 23, 56, 12, 4, 38, 8, 43, 33, 60, 5, 47, 59, 1, 18, 55, 35, 53, 28, 13, 25, 6, 2, 26, 20, 30, 15, 44, 45, 3, 17, 37, 40, 39, 22, 24, 9 ]
]
];
s`SolvableDBMonodromyGroup := PermutationGroup<64 |  
\[ 6, 1, 8, 20, 2, 5, 26, 15, 11, 24, 22, 3, 16, 40, 12, 37, 4, 25, 17, 19, 13, 23, 9, 7, 33, 10, 43, 18, 39, 27, 44, 30, 28, 45, 38, 56, 21, 53, 14, 29, 35, 55, 32, 34, 31, 61, 49, 60, 59, 47, 54, 62, 41, 63, 36, 42, 51, 64, 50, 46, 48, 58, 57, 52 ],
\[ 3, 9, 13, 2, 15, 22, 1, 28, 30, 5, 33, 25, 35, 12, 37, 19, 39, 17, 6, 40, 4, 43, 18, 44, 24, 45, 7, 26, 8, 47, 23, 10, 20, 11, 51, 21, 53, 29, 55, 56, 14, 16, 59, 60, 61, 27, 52, 32, 34, 31, 49, 41, 63, 42, 64, 62, 36, 38, 58, 57, 54, 46, 50, 48 ],
\[ 4, 10, 14, 18, 19, 7, 25, 1, 31, 28, 2, 5, 36, 17, 29, 3, 16, 8, 33, 21, 15, 34, 6, 32, 23, 27, 9, 11, 20, 48, 26, 22, 12, 24, 52, 39, 42, 13, 38, 41, 37, 40, 46, 50, 49, 44, 63, 45, 30, 43, 60, 55, 58, 35, 54, 57, 53, 56, 51, 64, 62, 47, 61, 59 ] >;
s`SolvableDBAutomorphismGroup := PermutationGroup<64 |  
\[ 62, 52, 46, 47, 64, 58, 56, 61, 41, 55, 35, 60, 27, 44, 48, 43, 50, 63, 59, 49, 30, 38, 53, 36, 57, 42, 40, 54, 45, 14, 37, 39, 51, 13, 7, 9, 32, 26, 31, 34, 24, 22, 29, 21, 16, 20, 12, 17, 3, 15, 1, 25, 10, 6, 23, 11, 2, 28, 8, 4, 19, 33, 5, 18 ],
\[ 56, 36, 62, 57, 55, 42, 40, 58, 21, 39, 13, 52, 46, 47, 64, 61, 63, 53, 54, 51, 60, 16, 37, 14, 41, 29, 20, 38, 59, 4, 15, 17, 35, 3, 27, 44, 48, 43, 50, 49, 30, 45, 19, 12, 8, 33, 2, 18, 1, 5, 7, 9, 32, 26, 31, 34, 24, 22, 6, 25, 28, 11, 10, 23 ],
\[ 64, 58, 48, 59, 62, 52, 55, 60, 38, 56, 53, 61, 32, 45, 46, 30, 49, 51, 47, 50, 43, 41, 35, 42, 54, 36, 39, 57, 44, 29, 13, 40, 63, 37, 10, 22, 27, 24, 34, 31, 26, 9, 14, 16, 21, 17, 8, 20, 15, 3, 5, 28, 7, 2, 11, 23, 6, 25, 12, 19, 4, 18, 1, 33 ],
\[ 2, 5, 9, 10, 6, 1, 4, 11, 15, 19, 12, 23, 30, 31, 22, 27, 26, 28, 7, 24, 32, 3, 8, 17, 18, 20, 21, 33, 34, 37, 29, 16, 25, 14, 47, 48, 43, 49, 45, 44, 50, 46, 13, 39, 40, 36, 53, 42, 41, 38, 52, 63, 59, 62, 61, 60, 64, 51, 35, 55, 56, 57, 58, 54 ]:
 Order := 64 >;
s`SolvableDBPointedAutomorphismGroup := PermutationGroup<64 |  
\[ 6, 1, 22, 7, 2, 5, 19, 23, 3, 4, 8, 11, 43, 34, 9, 32, 24, 25, 10, 26, 27, 15, 12, 20, 33, 17, 16, 18, 31, 13, 14, 21, 28, 29, 59, 46, 30, 50, 44, 45, 49, 48, 37, 40, 39, 42, 35, 36, 38, 41, 58, 51, 47, 64, 60, 61, 62, 63, 53, 56, 55, 54, 52, 57 ]:
 Order := 4 >;
s`SolvableDBPathToPP1 := [ Strings() | "PP1", "2T1-2,1,2-g0-path1-computed", "4T2-2,2,2-g0-path2-notcomputed", "8T4-2,4,2-g0-path2-notcomputed", "16T13-2,8,2-g0-path1-notcomputed", "32S19-2,16,4-g4-path1-notcomputed", "64S48-4,16,4-g15-path4-notcomputed" ];
s`SolvableDBParents := [ Strings() | "128S158-8,32,4-g39-path5-notcomputed", "128S158-4,32,8-g39-path5-notcomputed", "128S104-8,16,8-g45-path11-notcomputed", "128S158-8,32,4-g39-path6-notcomputed", "128S158-4,32,8-g39-path6-notcomputed", "128S104-8,16,8-g45-path12-notcomputed", "128S112-4,16,4-g29-path24-notcomputed" ];
s`SolvableDBChild := "32S19-2,16,4-g4-path1-notcomputed";

/*
Return for eval
*/

return s;
