s := SolvableDBInitialize();

/*
Magma printing
*/

s`SolvableDBName := "64S44-4,16,16-g21-path6-notcomputed";
s`SolvableDBFilename := "64S44-4,16,16-g21-path6-notcomputed.m";
s`SolvableDBPassportName := "64S44-4,16,16-g21";
s`SolvableDBPathNumber := 6;
s`SolvableDBDegree := 64;
s`SolvableDBOrders := \[ 4, 16, 16 ];
s`SolvableDBType := "Hyperbolic";
s`SolvableDBGenus := 21;
s`SolvableDBGaloisOrbitSize := 1;
s`SolvableDBPassportSize := 2;
s`SolvableDBPointedPassportSize := 2;
s`SolvableDBLevel := 6;
s`SolvableDBBlocks := {@ PowerSet(IntegerRing()) |
{ IntegerRing() | 1, 5 },
{ IntegerRing() | 2, 6 },
{ IntegerRing() | 3, 12 },
{ IntegerRing() | 4, 10 },
{ IntegerRing() | 7, 14 },
{ IntegerRing() | 8, 9 },
{ IntegerRing() | 11, 19 },
{ IntegerRing() | 13, 18 },
{ IntegerRing() | 15, 20 },
{ IntegerRing() | 16, 17 },
{ IntegerRing() | 21, 28 },
{ IntegerRing() | 22, 23 },
{ IntegerRing() | 24, 27 },
{ IntegerRing() | 25, 26 },
{ IntegerRing() | 29, 32 },
{ IntegerRing() | 30, 31 },
{ IntegerRing() | 33, 36 },
{ IntegerRing() | 34, 35 },
{ IntegerRing() | 37, 40 },
{ IntegerRing() | 38, 39 },
{ IntegerRing() | 41, 44 },
{ IntegerRing() | 42, 43 },
{ IntegerRing() | 45, 48 },
{ IntegerRing() | 46, 47 },
{ IntegerRing() | 49, 52 },
{ IntegerRing() | 50, 51 },
{ IntegerRing() | 53, 56 },
{ IntegerRing() | 54, 55 },
{ IntegerRing() | 57, 60 },
{ IntegerRing() | 58, 59 },
{ IntegerRing() | 61, 64 },
{ IntegerRing() | 62, 63 }
@};
s`SolvableDBIsRamifiedAtEveryLevel := false;
s`SolvableDBGaloisOrbit := [ PowerSequence(PermutationGroup<64 |  
\[ 2, 3, 4, 5, 6, 7, 8, 9, 10, 11, 12, 13, 14, 15, 16, 17, 18, 19, 20, 21, 22, 23, 24, 25, 26, 27, 28, 29, 30, 31, 32, 33, 34, 35, 36, 37, 38, 39, 40, 41, 42, 43, 44, 45, 46, 47, 48, 49, 50, 51, 52, 53, 54, 55, 56, 57, 58, 59, 60, 61, 62, 63, 64, 1 ],
\[ 2, 1, 3, 4, 5, 6, 7, 8, 9, 10, 11, 12, 13, 14, 15, 16, 17, 18, 19, 20, 21, 22, 23, 24, 25, 26, 27, 28, 29, 30, 31, 32, 33, 34, 35, 36, 37, 38, 39, 40, 41, 42, 43, 44, 45, 46, 47, 48, 49, 50, 51, 52, 53, 54, 55, 56, 57, 58, 59, 60, 61, 62, 63, 64 ]:
 Order := 126886932185884164103433389335161480802865516174545192198801894375214704230400000000000000 >) |
[ PermutationGroup<64 |  
\[ 2, 3, 4, 5, 6, 7, 8, 9, 10, 11, 12, 13, 14, 15, 16, 17, 18, 19, 20, 21, 22, 23, 24, 25, 26, 27, 28, 29, 30, 31, 32, 33, 34, 35, 36, 37, 38, 39, 40, 41, 42, 43, 44, 45, 46, 47, 48, 49, 50, 51, 52, 53, 54, 55, 56, 57, 58, 59, 60, 61, 62, 63, 64, 1 ],
\[ 2, 1, 3, 4, 5, 6, 7, 8, 9, 10, 11, 12, 13, 14, 15, 16, 17, 18, 19, 20, 21, 22, 23, 24, 25, 26, 27, 28, 29, 30, 31, 32, 33, 34, 35, 36, 37, 38, 39, 40, 41, 42, 43, 44, 45, 46, 47, 48, 49, 50, 51, 52, 53, 54, 55, 56, 57, 58, 59, 60, 61, 62, 63, 64 ]:
 Order := 126886932185884164103433389335161480802865516174545192198801894375214704230400000000000000 > |
[ 2, 5, 8, 14, 6, 1, 4, 12, 3, 7, 13, 9, 19, 10, 17, 15, 20, 11, 18, 16, 22, 28, 21, 26, 24, 27, 25, 23, 30, 32, 29, 31, 35, 33, 36, 34, 38, 40, 37, 39, 43, 41, 44, 42, 46, 48, 45, 47, 51, 49, 52, 50, 54, 56, 53, 55, 59, 57, 60, 58, 62, 64, 61, 63 ],
[ 3, 9, 11, 6, 12, 8, 1, 18, 13, 2, 21, 19, 23, 5, 7, 4, 10, 22, 28, 14, 29, 31, 30, 16, 15, 20, 17, 32, 37, 39, 38, 40, 25, 24, 27, 26, 45, 47, 46, 48, 34, 33, 36, 35, 53, 55, 54, 56, 42, 41, 44, 43, 61, 63, 62, 64, 50, 49, 52, 51, 58, 60, 57, 59 ],
[ 4, 7, 2, 15, 10, 14, 17, 1, 5, 20, 8, 6, 3, 16, 24, 26, 25, 12, 9, 27, 13, 11, 19, 33, 35, 34, 36, 18, 22, 21, 28, 23, 41, 43, 42, 44, 30, 29, 32, 31, 49, 51, 50, 52, 38, 37, 40, 39, 57, 59, 58, 60, 46, 45, 48, 47, 61, 62, 63, 64, 54, 53, 56, 55 ]
]
];
s`SolvableDBPassport := [ PowerSequence(PermutationGroup<64 |  
\[ 2, 5, 8, 14, 6, 1, 4, 12, 3, 7, 13, 9, 19, 10, 17, 15, 20, 11, 18, 16, 22, 28, 21, 26, 24, 27, 25, 23, 30, 32, 29, 31, 35, 33, 36, 34, 38, 40, 37, 39, 43, 41, 44, 42, 46, 48, 45, 47, 51, 49, 52, 50, 54, 56, 53, 55, 59, 57, 60, 58, 62, 64, 61, 63 ],
\[ 3, 9, 11, 6, 12, 8, 1, 18, 13, 2, 21, 19, 23, 5, 7, 4, 10, 22, 28, 14, 29, 31, 30, 16, 15, 20, 17, 32, 37, 39, 38, 40, 25, 24, 27, 26, 45, 47, 46, 48, 34, 33, 36, 35, 53, 55, 54, 56, 42, 41, 44, 43, 61, 63, 62, 64, 50, 49, 52, 51, 58, 60, 57, 59 ],
\[ 4, 7, 2, 15, 10, 14, 17, 1, 5, 20, 8, 6, 3, 16, 24, 26, 25, 12, 9, 27, 13, 11, 19, 33, 35, 34, 36, 18, 22, 21, 28, 23, 41, 43, 42, 44, 30, 29, 32, 31, 49, 51, 50, 52, 38, 37, 40, 39, 57, 59, 58, 60, 46, 45, 48, 47, 61, 62, 63, 64, 54, 53, 56, 55 ]:
 Order := 64 >) |
[ PermutationGroup<64 |  
\[ 2, 5, 8, 14, 6, 1, 4, 12, 3, 7, 13, 9, 19, 10, 17, 15, 20, 11, 18, 16, 22, 28, 21, 26, 24, 27, 25, 23, 30, 32, 29, 31, 35, 33, 36, 34, 38, 40, 37, 39, 43, 41, 44, 42, 46, 48, 45, 47, 51, 49, 52, 50, 54, 56, 53, 55, 59, 57, 60, 58, 62, 64, 61, 63 ],
\[ 3, 9, 11, 6, 12, 8, 1, 18, 13, 2, 21, 19, 23, 5, 7, 4, 10, 22, 28, 14, 29, 31, 30, 16, 15, 20, 17, 32, 37, 39, 38, 40, 25, 24, 27, 26, 45, 47, 46, 48, 34, 33, 36, 35, 53, 55, 54, 56, 42, 41, 44, 43, 61, 63, 62, 64, 50, 49, 52, 51, 58, 60, 57, 59 ],
\[ 4, 7, 2, 15, 10, 14, 17, 1, 5, 20, 8, 6, 3, 16, 24, 26, 25, 12, 9, 27, 13, 11, 19, 33, 35, 34, 36, 18, 22, 21, 28, 23, 41, 43, 42, 44, 30, 29, 32, 31, 49, 51, 50, 52, 38, 37, 40, 39, 57, 59, 58, 60, 46, 45, 48, 47, 61, 62, 63, 64, 54, 53, 56, 55 ]:
 Order := 64 > |
[ 31, 29, 39, 21, 30, 32, 23, 37, 40, 28, 47, 38, 45, 22, 18, 19, 11, 48, 46, 13, 55, 53, 56, 3, 9, 8, 12, 54, 63, 61, 64, 62, 6, 5, 1, 2, 60, 58, 59, 57, 7, 10, 4, 14, 50, 49, 52, 51, 16, 20, 15, 17, 44, 42, 43, 41, 25, 27, 24, 26, 34, 33, 36, 35 ],
[ 3, 9, 11, 6, 12, 8, 1, 18, 13, 2, 21, 19, 23, 5, 7, 4, 10, 22, 28, 14, 29, 31, 30, 16, 15, 20, 17, 32, 37, 39, 38, 40, 25, 24, 27, 26, 45, 47, 46, 48, 34, 33, 36, 35, 53, 55, 54, 56, 42, 41, 44, 43, 61, 63, 62, 64, 50, 49, 52, 51, 58, 60, 57, 59 ],
[ 44, 43, 34, 52, 41, 42, 50, 36, 33, 49, 27, 35, 26, 51, 60, 58, 59, 25, 24, 57, 16, 20, 15, 64, 63, 62, 61, 17, 10, 14, 7, 4, 55, 53, 56, 54, 6, 5, 1, 2, 48, 47, 46, 45, 9, 12, 3, 8, 39, 37, 40, 38, 18, 19, 11, 13, 32, 31, 30, 29, 23, 28, 21, 22 ]
],
[ PermutationGroup<64 |  
\[ 2, 5, 8, 14, 6, 1, 4, 12, 3, 7, 13, 9, 19, 10, 17, 15, 20, 11, 18, 16, 22, 28, 21, 26, 24, 27, 25, 23, 30, 32, 29, 31, 35, 33, 36, 34, 38, 40, 37, 39, 43, 41, 44, 42, 46, 48, 45, 47, 51, 49, 52, 50, 54, 56, 53, 55, 59, 57, 60, 58, 62, 64, 61, 63 ],
\[ 3, 9, 11, 6, 12, 8, 1, 18, 13, 2, 21, 19, 23, 5, 7, 4, 10, 22, 28, 14, 29, 31, 30, 16, 15, 20, 17, 32, 37, 39, 38, 40, 25, 24, 27, 26, 45, 47, 46, 48, 34, 33, 36, 35, 53, 55, 54, 56, 42, 41, 44, 43, 61, 63, 62, 64, 50, 49, 52, 51, 58, 60, 57, 59 ],
\[ 4, 7, 2, 15, 10, 14, 17, 1, 5, 20, 8, 6, 3, 16, 24, 26, 25, 12, 9, 27, 13, 11, 19, 33, 35, 34, 36, 18, 22, 21, 28, 23, 41, 43, 42, 44, 30, 29, 32, 31, 49, 51, 50, 52, 38, 37, 40, 39, 57, 59, 58, 60, 46, 45, 48, 47, 61, 62, 63, 64, 54, 53, 56, 55 ]:
 Order := 64 > |
[ 6, 1, 9, 7, 2, 5, 10, 3, 12, 14, 18, 8, 11, 4, 16, 20, 15, 19, 13, 17, 23, 21, 28, 25, 27, 24, 26, 22, 31, 29, 32, 30, 34, 36, 33, 35, 39, 37, 40, 38, 42, 44, 41, 43, 47, 45, 48, 46, 50, 52, 49, 51, 55, 53, 56, 54, 58, 60, 57, 59, 63, 61, 64, 62 ],
[ 3, 9, 11, 6, 12, 8, 1, 18, 13, 2, 21, 19, 23, 5, 7, 4, 10, 22, 28, 14, 29, 31, 30, 16, 15, 20, 17, 32, 37, 39, 38, 40, 25, 24, 27, 26, 45, 47, 46, 48, 34, 33, 36, 35, 53, 55, 54, 56, 42, 41, 44, 43, 61, 63, 62, 64, 50, 49, 52, 51, 58, 60, 57, 59 ],
[ 10, 14, 6, 20, 4, 7, 16, 5, 1, 15, 9, 2, 12, 17, 27, 25, 26, 3, 8, 24, 18, 19, 11, 36, 34, 35, 33, 13, 23, 28, 21, 22, 44, 42, 43, 41, 31, 32, 29, 30, 52, 50, 51, 49, 39, 40, 37, 38, 60, 58, 59, 57, 47, 48, 45, 46, 64, 63, 62, 61, 55, 56, 53, 54 ]
]
];
s`SolvableDBPointedPassport := [ PowerSequence(PermutationGroup<64 |  
\[ 2, 3, 4, 5, 6, 7, 8, 9, 10, 11, 12, 13, 14, 15, 16, 17, 18, 19, 20, 21, 22, 23, 24, 25, 26, 27, 28, 29, 30, 31, 32, 33, 34, 35, 36, 37, 38, 39, 40, 41, 42, 43, 44, 45, 46, 47, 48, 49, 50, 51, 52, 53, 54, 55, 56, 57, 58, 59, 60, 61, 62, 63, 64, 1 ],
\[ 2, 1, 3, 4, 5, 6, 7, 8, 9, 10, 11, 12, 13, 14, 15, 16, 17, 18, 19, 20, 21, 22, 23, 24, 25, 26, 27, 28, 29, 30, 31, 32, 33, 34, 35, 36, 37, 38, 39, 40, 41, 42, 43, 44, 45, 46, 47, 48, 49, 50, 51, 52, 53, 54, 55, 56, 57, 58, 59, 60, 61, 62, 63, 64 ]:
 Order := 126886932185884164103433389335161480802865516174545192198801894375214704230400000000000000 >) |
[ PermutationGroup<64 |  
\[ 2, 3, 4, 5, 6, 7, 8, 9, 10, 11, 12, 13, 14, 15, 16, 17, 18, 19, 20, 21, 22, 23, 24, 25, 26, 27, 28, 29, 30, 31, 32, 33, 34, 35, 36, 37, 38, 39, 40, 41, 42, 43, 44, 45, 46, 47, 48, 49, 50, 51, 52, 53, 54, 55, 56, 57, 58, 59, 60, 61, 62, 63, 64, 1 ],
\[ 2, 1, 3, 4, 5, 6, 7, 8, 9, 10, 11, 12, 13, 14, 15, 16, 17, 18, 19, 20, 21, 22, 23, 24, 25, 26, 27, 28, 29, 30, 31, 32, 33, 34, 35, 36, 37, 38, 39, 40, 41, 42, 43, 44, 45, 46, 47, 48, 49, 50, 51, 52, 53, 54, 55, 56, 57, 58, 59, 60, 61, 62, 63, 64 ]:
 Order := 126886932185884164103433389335161480802865516174545192198801894375214704230400000000000000 > |
[ 31, 29, 39, 21, 30, 32, 23, 37, 40, 28, 47, 38, 45, 22, 18, 19, 11, 48, 46, 13, 55, 53, 56, 3, 9, 8, 12, 54, 63, 61, 64, 62, 6, 5, 1, 2, 60, 58, 59, 57, 7, 10, 4, 14, 50, 49, 52, 51, 16, 20, 15, 17, 44, 42, 43, 41, 25, 27, 24, 26, 34, 33, 36, 35 ],
[ 3, 9, 11, 6, 12, 8, 1, 18, 13, 2, 21, 19, 23, 5, 7, 4, 10, 22, 28, 14, 29, 31, 30, 16, 15, 20, 17, 32, 37, 39, 38, 40, 25, 24, 27, 26, 45, 47, 46, 48, 34, 33, 36, 35, 53, 55, 54, 56, 42, 41, 44, 43, 61, 63, 62, 64, 50, 49, 52, 51, 58, 60, 57, 59 ],
[ 44, 43, 34, 52, 41, 42, 50, 36, 33, 49, 27, 35, 26, 51, 60, 58, 59, 25, 24, 57, 16, 20, 15, 64, 63, 62, 61, 17, 10, 14, 7, 4, 55, 53, 56, 54, 6, 5, 1, 2, 48, 47, 46, 45, 9, 12, 3, 8, 39, 37, 40, 38, 18, 19, 11, 13, 32, 31, 30, 29, 23, 28, 21, 22 ]
],
[ PermutationGroup<64 |  
\[ 2, 3, 4, 5, 6, 7, 8, 9, 10, 11, 12, 13, 14, 15, 16, 17, 18, 19, 20, 21, 22, 23, 24, 25, 26, 27, 28, 29, 30, 31, 32, 33, 34, 35, 36, 37, 38, 39, 40, 41, 42, 43, 44, 45, 46, 47, 48, 49, 50, 51, 52, 53, 54, 55, 56, 57, 58, 59, 60, 61, 62, 63, 64, 1 ],
\[ 2, 1, 3, 4, 5, 6, 7, 8, 9, 10, 11, 12, 13, 14, 15, 16, 17, 18, 19, 20, 21, 22, 23, 24, 25, 26, 27, 28, 29, 30, 31, 32, 33, 34, 35, 36, 37, 38, 39, 40, 41, 42, 43, 44, 45, 46, 47, 48, 49, 50, 51, 52, 53, 54, 55, 56, 57, 58, 59, 60, 61, 62, 63, 64 ]:
 Order := 126886932185884164103433389335161480802865516174545192198801894375214704230400000000000000 > |
[ 6, 1, 9, 7, 2, 5, 10, 3, 12, 14, 18, 8, 11, 4, 16, 20, 15, 19, 13, 17, 23, 21, 28, 25, 27, 24, 26, 22, 31, 29, 32, 30, 34, 36, 33, 35, 39, 37, 40, 38, 42, 44, 41, 43, 47, 45, 48, 46, 50, 52, 49, 51, 55, 53, 56, 54, 58, 60, 57, 59, 63, 61, 64, 62 ],
[ 3, 9, 11, 6, 12, 8, 1, 18, 13, 2, 21, 19, 23, 5, 7, 4, 10, 22, 28, 14, 29, 31, 30, 16, 15, 20, 17, 32, 37, 39, 38, 40, 25, 24, 27, 26, 45, 47, 46, 48, 34, 33, 36, 35, 53, 55, 54, 56, 42, 41, 44, 43, 61, 63, 62, 64, 50, 49, 52, 51, 58, 60, 57, 59 ],
[ 10, 14, 6, 20, 4, 7, 16, 5, 1, 15, 9, 2, 12, 17, 27, 25, 26, 3, 8, 24, 18, 19, 11, 36, 34, 35, 33, 13, 23, 28, 21, 22, 44, 42, 43, 41, 31, 32, 29, 30, 52, 50, 51, 49, 39, 40, 37, 38, 60, 58, 59, 57, 47, 48, 45, 46, 64, 63, 62, 61, 55, 56, 53, 54 ]
]
];
s`SolvableDBMonodromyGroup := PermutationGroup<64 |  
\[ 2, 5, 8, 14, 6, 1, 4, 12, 3, 7, 13, 9, 19, 10, 17, 15, 20, 11, 18, 16, 22, 28, 21, 26, 24, 27, 25, 23, 30, 32, 29, 31, 35, 33, 36, 34, 38, 40, 37, 39, 43, 41, 44, 42, 46, 48, 45, 47, 51, 49, 52, 50, 54, 56, 53, 55, 59, 57, 60, 58, 62, 64, 61, 63 ],
\[ 3, 9, 11, 6, 12, 8, 1, 18, 13, 2, 21, 19, 23, 5, 7, 4, 10, 22, 28, 14, 29, 31, 30, 16, 15, 20, 17, 32, 37, 39, 38, 40, 25, 24, 27, 26, 45, 47, 46, 48, 34, 33, 36, 35, 53, 55, 54, 56, 42, 41, 44, 43, 61, 63, 62, 64, 50, 49, 52, 51, 58, 60, 57, 59 ],
\[ 4, 7, 2, 15, 10, 14, 17, 1, 5, 20, 8, 6, 3, 16, 24, 26, 25, 12, 9, 27, 13, 11, 19, 33, 35, 34, 36, 18, 22, 21, 28, 23, 41, 43, 42, 44, 30, 29, 32, 31, 49, 51, 50, 52, 38, 37, 40, 39, 57, 59, 58, 60, 46, 45, 48, 47, 61, 62, 63, 64, 54, 53, 56, 55 ] >;
s`SolvableDBAutomorphismGroup := PermutationGroup<64 |  
\[ 61, 62, 58, 54, 64, 63, 53, 57, 60, 55, 49, 59, 51, 56, 45, 47, 46, 50, 52, 48, 42, 41, 44, 38, 37, 40, 39, 43, 33, 35, 34, 36, 29, 31, 30, 32, 25, 24, 27, 26, 22, 21, 28, 23, 15, 17, 16, 20, 11, 18, 13, 19, 7, 4, 10, 14, 8, 3, 12, 9, 1, 2, 6, 5 ],
\[ 58, 57, 49, 62, 59, 60, 61, 51, 50, 63, 42, 52, 41, 64, 53, 55, 54, 44, 43, 56, 33, 35, 34, 46, 45, 48, 47, 36, 25, 24, 27, 26, 37, 39, 38, 40, 15, 17, 16, 20, 30, 29, 32, 31, 7, 4, 10, 14, 21, 23, 22, 28, 1, 2, 6, 5, 13, 11, 19, 18, 3, 8, 9, 12 ],
\[ 64, 63, 59, 55, 61, 62, 56, 60, 57, 54, 52, 58, 50, 53, 48, 46, 47, 51, 49, 45, 43, 44, 41, 39, 40, 37, 38, 42, 36, 34, 35, 33, 32, 30, 31, 29, 26, 27, 24, 25, 23, 28, 21, 22, 20, 16, 17, 15, 19, 13, 18, 11, 14, 10, 4, 7, 9, 12, 3, 8, 5, 6, 2, 1 ],
\[ 2, 5, 9, 7, 6, 1, 10, 3, 12, 14, 13, 8, 19, 4, 17, 15, 20, 11, 18, 16, 23, 21, 28, 25, 27, 24, 26, 22, 30, 32, 29, 31, 35, 33, 36, 34, 39, 37, 40, 38, 42, 44, 41, 43, 46, 48, 45, 47, 51, 49, 52, 50, 55, 53, 56, 54, 58, 60, 57, 59, 62, 64, 61, 63 ]:
 Order := 64 >;
s`SolvableDBPointedAutomorphismGroup := PermutationGroup<64 |  
\[ 6, 1, 8, 14, 2, 5, 4, 12, 3, 7, 18, 9, 11, 10, 16, 20, 15, 19, 13, 17, 22, 28, 21, 26, 24, 27, 25, 23, 31, 29, 32, 30, 34, 36, 33, 35, 38, 40, 37, 39, 43, 41, 44, 42, 47, 45, 48, 46, 50, 52, 49, 51, 54, 56, 53, 55, 59, 57, 60, 58, 63, 61, 64, 62 ]:
 Order := 4 >;
s`SolvableDBPathToPP1 := [ Strings() | "PP1", "2T1-1,2,2-g0-path1-computed", "4T1-1,4,4-g0-path1-notcomputed", "8T1-2,8,8-g2-path1-notcomputed", "16T5-2,8,8-g3-path2-notcomputed", "32S16-2,16,16-g7-path5-notcomputed", "64S44-4,16,16-g21-path6-notcomputed" ];
s`SolvableDBChild := "32S16-2,16,16-g7-path5-notcomputed";

/*
Return for eval
*/

return s;
