s := SolvableDBObjectInitialize();

/*
Basic Information about the Passport
*/

s`SolvableDBName := "64S44-16,8,16-g25-path56";
s`SolvableDBFilename := "64S44-16,8,16-g25-path56.m";
s`SolvableDBPathNumber := 56;
s`SolvableDBDegree := 64;
s`SolvableDBABC := \[ 16, 8, 16 ];
s`SolvableDBType := "Hyperbolic";
s`SolvableDBGenus := 25;
s`SolvableDBGaloisOrbitSize := 1;
s`SolvableDBPassportSize := 2;
s`SolvableDBPointedPassportSize := 2;
s`SolvableDBLevel := 6;
s`SolvableDBBlocks := {@ PowerSet(IntegerRing()) |
{ IntegerRing() | 1, 5 },
{ IntegerRing() | 2, 11 },
{ IntegerRing() | 3, 16 },
{ IntegerRing() | 4, 21 },
{ IntegerRing() | 6, 15 },
{ IntegerRing() | 7, 19 },
{ IntegerRing() | 8, 10 },
{ IntegerRing() | 9, 34 },
{ IntegerRing() | 12, 27 },
{ IntegerRing() | 13, 30 },
{ IntegerRing() | 14, 44 },
{ IntegerRing() | 17, 24 },
{ IntegerRing() | 18, 31 },
{ IntegerRing() | 20, 50 },
{ IntegerRing() | 22, 25 },
{ IntegerRing() | 23, 28 },
{ IntegerRing() | 26, 47 },
{ IntegerRing() | 29, 39 },
{ IntegerRing() | 32, 37 },
{ IntegerRing() | 33, 45 },
{ IntegerRing() | 35, 38 },
{ IntegerRing() | 36, 41 },
{ IntegerRing() | 40, 57 },
{ IntegerRing() | 42, 60 },
{ IntegerRing() | 43, 61 },
{ IntegerRing() | 46, 48 },
{ IntegerRing() | 49, 52 },
{ IntegerRing() | 51, 53 },
{ IntegerRing() | 54, 56 },
{ IntegerRing() | 55, 58 },
{ IntegerRing() | 59, 63 },
{ IntegerRing() | 62, 64 }
@};

/*
Permutations and Passports
*/

s`SolvableDBGaloisOrbit := [ PowerSequence(PermutationGroup<64 |  
\[ 2, 3, 4, 5, 6, 7, 8, 9, 10, 11, 12, 13, 14, 15, 16, 17, 18, 19, 20, 21, 22, 23, 24, 25, 26, 27, 28, 29, 30, 31, 32, 33, 34, 35, 36, 37, 38, 39, 40, 41, 42, 43, 44, 45, 46, 47, 48, 49, 50, 51, 52, 53, 54, 55, 56, 57, 58, 59, 60, 61, 62, 63, 64, 1 ],
\[ 2, 1, 3, 4, 5, 6, 7, 8, 9, 10, 11, 12, 13, 14, 15, 16, 17, 18, 19, 20, 21, 22, 23, 24, 25, 26, 27, 28, 29, 30, 31, 32, 33, 34, 35, 36, 37, 38, 39, 40, 41, 42, 43, 44, 45, 46, 47, 48, 49, 50, 51, 52, 53, 54, 55, 56, 57, 58, 59, 60, 61, 62, 63, 64 ]:
 Order := 126886932185884164103433389335161480802865516174545192198801894375214704230400000000000000 >) |
[ PermutationGroup<64 |  
\[ 2, 3, 4, 5, 6, 7, 8, 9, 10, 11, 12, 13, 14, 15, 16, 17, 18, 19, 20, 21, 22, 23, 24, 25, 26, 27, 28, 29, 30, 31, 32, 33, 34, 35, 36, 37, 38, 39, 40, 41, 42, 43, 44, 45, 46, 47, 48, 49, 50, 51, 52, 53, 54, 55, 56, 57, 58, 59, 60, 61, 62, 63, 64, 1 ],
\[ 2, 1, 3, 4, 5, 6, 7, 8, 9, 10, 11, 12, 13, 14, 15, 16, 17, 18, 19, 20, 21, 22, 23, 24, 25, 26, 27, 28, 29, 30, 31, 32, 33, 34, 35, 36, 37, 38, 39, 40, 41, 42, 43, 44, 45, 46, 47, 48, 49, 50, 51, 52, 53, 54, 55, 56, 57, 58, 59, 60, 61, 62, 63, 64 ]:
 Order := 126886932185884164103433389335161480802865516174545192198801894375214704230400000000000000 > |
[ 2, 9, 8, 19, 11, 1, 27, 30, 33, 13, 34, 38, 41, 18, 5, 10, 3, 37, 12, 28, 7, 4, 29, 16, 21, 6, 35, 39, 40, 36, 32, 42, 44, 45, 24, 61, 60, 17, 57, 47, 43, 62, 46, 31, 14, 52, 15, 49, 58, 23, 20, 55, 50, 22, 63, 25, 26, 59, 54, 64, 48, 51, 56, 53 ],
[ 3, 10, 14, 6, 16, 24, 1, 31, 30, 18, 8, 2, 32, 43, 17, 44, 33, 48, 5, 22, 15, 47, 4, 45, 26, 38, 11, 21, 7, 37, 46, 49, 41, 13, 9, 42, 52, 34, 19, 12, 60, 55, 62, 61, 36, 53, 35, 51, 50, 25, 56, 20, 54, 57, 23, 40, 27, 28, 29, 58, 64, 59, 39, 63 ],
[ 4, 7, 15, 20, 21, 25, 28, 1, 12, 5, 19, 39, 2, 24, 22, 6, 26, 3, 23, 48, 50, 53, 49, 47, 51, 54, 29, 52, 55, 11, 16, 8, 35, 27, 57, 9, 10, 40, 58, 59, 34, 13, 33, 17, 38, 14, 56, 44, 18, 46, 43, 31, 61, 62, 37, 64, 63, 32, 60, 30, 45, 36, 42, 41 ]
]
];
s`SolvableDBPassport := [ PowerSequence(PermutationGroup<64 |  
\[ 2, 9, 8, 19, 11, 1, 27, 30, 33, 13, 34, 38, 41, 18, 5, 10, 3, 37, 12, 28, 7, 4, 29, 16, 21, 6, 35, 39, 40, 36, 32, 42, 44, 45, 24, 61, 60, 17, 57, 47, 43, 62, 46, 31, 14, 52, 15, 49, 58, 23, 20, 55, 50, 22, 63, 25, 26, 59, 54, 64, 48, 51, 56, 53 ],
\[ 3, 10, 14, 6, 16, 24, 1, 31, 30, 18, 8, 2, 32, 43, 17, 44, 33, 48, 5, 22, 15, 47, 4, 45, 26, 38, 11, 21, 7, 37, 46, 49, 41, 13, 9, 42, 52, 34, 19, 12, 60, 55, 62, 61, 36, 53, 35, 51, 50, 25, 56, 20, 54, 57, 23, 40, 27, 28, 29, 58, 64, 59, 39, 63 ],
\[ 4, 7, 15, 20, 21, 25, 28, 1, 12, 5, 19, 39, 2, 24, 22, 6, 26, 3, 23, 48, 50, 53, 49, 47, 51, 54, 29, 52, 55, 11, 16, 8, 35, 27, 57, 9, 10, 40, 58, 59, 34, 13, 33, 17, 38, 14, 56, 44, 18, 46, 43, 31, 61, 62, 37, 64, 63, 32, 60, 30, 45, 36, 42, 41 ]:
 Order := 64 >) |
[ PermutationGroup<64 |  
\[ 2, 9, 8, 19, 11, 1, 27, 30, 33, 13, 34, 38, 41, 18, 5, 10, 3, 37, 12, 28, 7, 4, 29, 16, 21, 6, 35, 39, 40, 36, 32, 42, 44, 45, 24, 61, 60, 17, 57, 47, 43, 62, 46, 31, 14, 52, 15, 49, 58, 23, 20, 55, 50, 22, 63, 25, 26, 59, 54, 64, 48, 51, 56, 53 ],
\[ 3, 10, 14, 6, 16, 24, 1, 31, 30, 18, 8, 2, 32, 43, 17, 44, 33, 48, 5, 22, 15, 47, 4, 45, 26, 38, 11, 21, 7, 37, 46, 49, 41, 13, 9, 42, 52, 34, 19, 12, 60, 55, 62, 61, 36, 53, 35, 51, 50, 25, 56, 20, 54, 57, 23, 40, 27, 28, 29, 58, 64, 59, 39, 63 ],
\[ 4, 7, 15, 20, 21, 25, 28, 1, 12, 5, 19, 39, 2, 24, 22, 6, 26, 3, 23, 48, 50, 53, 49, 47, 51, 54, 29, 52, 55, 11, 16, 8, 35, 27, 57, 9, 10, 40, 58, 59, 34, 13, 33, 17, 38, 14, 56, 44, 18, 46, 43, 31, 61, 62, 37, 64, 63, 32, 60, 30, 45, 36, 42, 41 ]:
 Order := 64 > |
[ 6, 1, 17, 22, 15, 26, 21, 3, 2, 16, 5, 19, 10, 45, 47, 24, 38, 14, 4, 51, 25, 54, 50, 35, 56, 57, 7, 20, 23, 8, 44, 31, 9, 11, 27, 30, 18, 12, 28, 29, 13, 32, 41, 33, 34, 43, 40, 61, 48, 53, 62, 46, 64, 59, 52, 63, 39, 49, 58, 37, 36, 42, 55, 60 ],
[ 63, 54, 39, 60, 59, 58, 64, 40, 25, 57, 56, 53, 47, 19, 55, 29, 23, 27, 62, 13, 42, 32, 41, 28, 37, 52, 51, 36, 61, 26, 12, 35, 4, 22, 50, 15, 38, 20, 43, 46, 6, 17, 5, 7, 21, 2, 49, 11, 9, 30, 8, 34, 10, 18, 33, 31, 48, 45, 44, 24, 1, 16, 14, 3 ],
[ 46, 49, 51, 14, 48, 61, 18, 50, 55, 20, 52, 37, 23, 54, 43, 53, 64, 25, 31, 24, 44, 33, 16, 62, 45, 41, 32, 3, 8, 28, 22, 21, 59, 58, 60, 29, 4, 42, 10, 13, 39, 19, 40, 56, 63, 26, 36, 47, 6, 17, 38, 15, 35, 34, 1, 9, 30, 5, 2, 7, 57, 27, 11, 12 ]
],
[ PermutationGroup<64 |  
\[ 2, 9, 8, 19, 11, 1, 27, 30, 33, 13, 34, 38, 41, 18, 5, 10, 3, 37, 12, 28, 7, 4, 29, 16, 21, 6, 35, 39, 40, 36, 32, 42, 44, 45, 24, 61, 60, 17, 57, 47, 43, 62, 46, 31, 14, 52, 15, 49, 58, 23, 20, 55, 50, 22, 63, 25, 26, 59, 54, 64, 48, 51, 56, 53 ],
\[ 3, 10, 14, 6, 16, 24, 1, 31, 30, 18, 8, 2, 32, 43, 17, 44, 33, 48, 5, 22, 15, 47, 4, 45, 26, 38, 11, 21, 7, 37, 46, 49, 41, 13, 9, 42, 52, 34, 19, 12, 60, 55, 62, 61, 36, 53, 35, 51, 50, 25, 56, 20, 54, 57, 23, 40, 27, 28, 29, 58, 64, 59, 39, 63 ],
\[ 4, 7, 15, 20, 21, 25, 28, 1, 12, 5, 19, 39, 2, 24, 22, 6, 26, 3, 23, 48, 50, 53, 49, 47, 51, 54, 29, 52, 55, 11, 16, 8, 35, 27, 57, 9, 10, 40, 58, 59, 34, 13, 33, 17, 38, 14, 56, 44, 18, 46, 43, 31, 61, 62, 37, 64, 63, 32, 60, 30, 45, 36, 42, 41 ]:
 Order := 64 > |
[ 6, 1, 17, 22, 15, 26, 21, 3, 2, 16, 5, 19, 10, 45, 47, 24, 38, 14, 4, 51, 25, 54, 50, 35, 56, 57, 7, 20, 23, 8, 44, 31, 9, 11, 27, 30, 18, 12, 28, 29, 13, 32, 41, 33, 34, 43, 40, 61, 48, 53, 62, 46, 64, 59, 52, 63, 39, 49, 58, 37, 36, 42, 55, 60 ],
[ 7, 12, 1, 23, 19, 4, 29, 11, 35, 2, 27, 40, 34, 3, 21, 5, 15, 10, 39, 52, 28, 20, 55, 6, 50, 25, 57, 58, 59, 9, 8, 13, 17, 38, 47, 45, 30, 26, 63, 56, 33, 36, 14, 16, 24, 31, 22, 18, 32, 49, 48, 37, 46, 53, 42, 51, 54, 60, 62, 41, 44, 43, 64, 61 ],
[ 10, 30, 31, 5, 8, 3, 11, 37, 41, 32, 13, 34, 60, 48, 16, 18, 14, 52, 2, 21, 1, 6, 7, 44, 15, 24, 9, 19, 12, 42, 49, 55, 61, 36, 45, 64, 58, 33, 27, 35, 62, 59, 53, 46, 43, 20, 17, 50, 28, 4, 22, 23, 25, 47, 39, 26, 38, 29, 57, 63, 51, 56, 40, 54 ]
]
];
s`SolvableDBPointedPassport := [ PowerSequence(PermutationGroup<64 |  
\[ 2, 9, 8, 19, 11, 1, 27, 30, 33, 13, 34, 38, 41, 18, 5, 10, 3, 37, 12, 28, 7, 4, 29, 16, 21, 6, 35, 39, 40, 36, 32, 42, 44, 45, 24, 61, 60, 17, 57, 47, 43, 62, 46, 31, 14, 52, 15, 49, 58, 23, 20, 55, 50, 22, 63, 25, 26, 59, 54, 64, 48, 51, 56, 53 ],
\[ 3, 10, 14, 6, 16, 24, 1, 31, 30, 18, 8, 2, 32, 43, 17, 44, 33, 48, 5, 22, 15, 47, 4, 45, 26, 38, 11, 21, 7, 37, 46, 49, 41, 13, 9, 42, 52, 34, 19, 12, 60, 55, 62, 61, 36, 53, 35, 51, 50, 25, 56, 20, 54, 57, 23, 40, 27, 28, 29, 58, 64, 59, 39, 63 ],
\[ 4, 7, 15, 20, 21, 25, 28, 1, 12, 5, 19, 39, 2, 24, 22, 6, 26, 3, 23, 48, 50, 53, 49, 47, 51, 54, 29, 52, 55, 11, 16, 8, 35, 27, 57, 9, 10, 40, 58, 59, 34, 13, 33, 17, 38, 14, 56, 44, 18, 46, 43, 31, 61, 62, 37, 64, 63, 32, 60, 30, 45, 36, 42, 41 ]:
 Order := 64 >) |
[ PermutationGroup<64 |  
\[ 2, 9, 8, 19, 11, 1, 27, 30, 33, 13, 34, 38, 41, 18, 5, 10, 3, 37, 12, 28, 7, 4, 29, 16, 21, 6, 35, 39, 40, 36, 32, 42, 44, 45, 24, 61, 60, 17, 57, 47, 43, 62, 46, 31, 14, 52, 15, 49, 58, 23, 20, 55, 50, 22, 63, 25, 26, 59, 54, 64, 48, 51, 56, 53 ],
\[ 3, 10, 14, 6, 16, 24, 1, 31, 30, 18, 8, 2, 32, 43, 17, 44, 33, 48, 5, 22, 15, 47, 4, 45, 26, 38, 11, 21, 7, 37, 46, 49, 41, 13, 9, 42, 52, 34, 19, 12, 60, 55, 62, 61, 36, 53, 35, 51, 50, 25, 56, 20, 54, 57, 23, 40, 27, 28, 29, 58, 64, 59, 39, 63 ],
\[ 4, 7, 15, 20, 21, 25, 28, 1, 12, 5, 19, 39, 2, 24, 22, 6, 26, 3, 23, 48, 50, 53, 49, 47, 51, 54, 29, 52, 55, 11, 16, 8, 35, 27, 57, 9, 10, 40, 58, 59, 34, 13, 33, 17, 38, 14, 56, 44, 18, 46, 43, 31, 61, 62, 37, 64, 63, 32, 60, 30, 45, 36, 42, 41 ]:
 Order := 64 > |
[ 6, 1, 17, 22, 15, 26, 21, 3, 2, 16, 5, 19, 10, 45, 47, 24, 38, 14, 4, 51, 25, 54, 50, 35, 56, 57, 7, 20, 23, 8, 44, 31, 9, 11, 27, 30, 18, 12, 28, 29, 13, 32, 41, 33, 34, 43, 40, 61, 48, 53, 62, 46, 64, 59, 52, 63, 39, 49, 58, 37, 36, 42, 55, 60 ],
[ 63, 54, 39, 60, 59, 58, 64, 40, 25, 57, 56, 53, 47, 19, 55, 29, 23, 27, 62, 13, 42, 32, 41, 28, 37, 52, 51, 36, 61, 26, 12, 35, 4, 22, 50, 15, 38, 20, 43, 46, 6, 17, 5, 7, 21, 2, 49, 11, 9, 30, 8, 34, 10, 18, 33, 31, 48, 45, 44, 24, 1, 16, 14, 3 ],
[ 46, 49, 51, 14, 48, 61, 18, 50, 55, 20, 52, 37, 23, 54, 43, 53, 64, 25, 31, 24, 44, 33, 16, 62, 45, 41, 32, 3, 8, 28, 22, 21, 59, 58, 60, 29, 4, 42, 10, 13, 39, 19, 40, 56, 63, 26, 36, 47, 6, 17, 38, 15, 35, 34, 1, 9, 30, 5, 2, 7, 57, 27, 11, 12 ]
],
[ PermutationGroup<64 |  
\[ 2, 9, 8, 19, 11, 1, 27, 30, 33, 13, 34, 38, 41, 18, 5, 10, 3, 37, 12, 28, 7, 4, 29, 16, 21, 6, 35, 39, 40, 36, 32, 42, 44, 45, 24, 61, 60, 17, 57, 47, 43, 62, 46, 31, 14, 52, 15, 49, 58, 23, 20, 55, 50, 22, 63, 25, 26, 59, 54, 64, 48, 51, 56, 53 ],
\[ 3, 10, 14, 6, 16, 24, 1, 31, 30, 18, 8, 2, 32, 43, 17, 44, 33, 48, 5, 22, 15, 47, 4, 45, 26, 38, 11, 21, 7, 37, 46, 49, 41, 13, 9, 42, 52, 34, 19, 12, 60, 55, 62, 61, 36, 53, 35, 51, 50, 25, 56, 20, 54, 57, 23, 40, 27, 28, 29, 58, 64, 59, 39, 63 ],
\[ 4, 7, 15, 20, 21, 25, 28, 1, 12, 5, 19, 39, 2, 24, 22, 6, 26, 3, 23, 48, 50, 53, 49, 47, 51, 54, 29, 52, 55, 11, 16, 8, 35, 27, 57, 9, 10, 40, 58, 59, 34, 13, 33, 17, 38, 14, 56, 44, 18, 46, 43, 31, 61, 62, 37, 64, 63, 32, 60, 30, 45, 36, 42, 41 ]:
 Order := 64 > |
[ 6, 1, 17, 22, 15, 26, 21, 3, 2, 16, 5, 19, 10, 45, 47, 24, 38, 14, 4, 51, 25, 54, 50, 35, 56, 57, 7, 20, 23, 8, 44, 31, 9, 11, 27, 30, 18, 12, 28, 29, 13, 32, 41, 33, 34, 43, 40, 61, 48, 53, 62, 46, 64, 59, 52, 63, 39, 49, 58, 37, 36, 42, 55, 60 ],
[ 7, 12, 1, 23, 19, 4, 29, 11, 35, 2, 27, 40, 34, 3, 21, 5, 15, 10, 39, 52, 28, 20, 55, 6, 50, 25, 57, 58, 59, 9, 8, 13, 17, 38, 47, 45, 30, 26, 63, 56, 33, 36, 14, 16, 24, 31, 22, 18, 32, 49, 48, 37, 46, 53, 42, 51, 54, 60, 62, 41, 44, 43, 64, 61 ],
[ 10, 30, 31, 5, 8, 3, 11, 37, 41, 32, 13, 34, 60, 48, 16, 18, 14, 52, 2, 21, 1, 6, 7, 44, 15, 24, 9, 19, 12, 42, 49, 55, 61, 36, 45, 64, 58, 33, 27, 35, 62, 59, 53, 46, 43, 20, 17, 50, 28, 4, 22, 23, 25, 47, 39, 26, 38, 29, 57, 63, 51, 56, 40, 54 ]
]
];
s`SolvableDBMonodromyGroup := PermutationGroup<64 |  
\[ 2, 9, 8, 19, 11, 1, 27, 30, 33, 13, 34, 38, 41, 18, 5, 10, 3, 37, 12, 28, 7, 4, 29, 16, 21, 6, 35, 39, 40, 36, 32, 42, 44, 45, 24, 61, 60, 17, 57, 47, 43, 62, 46, 31, 14, 52, 15, 49, 58, 23, 20, 55, 50, 22, 63, 25, 26, 59, 54, 64, 48, 51, 56, 53 ],
\[ 3, 10, 14, 6, 16, 24, 1, 31, 30, 18, 8, 2, 32, 43, 17, 44, 33, 48, 5, 22, 15, 47, 4, 45, 26, 38, 11, 21, 7, 37, 46, 49, 41, 13, 9, 42, 52, 34, 19, 12, 60, 55, 62, 61, 36, 53, 35, 51, 50, 25, 56, 20, 54, 57, 23, 40, 27, 28, 29, 58, 64, 59, 39, 63 ],
\[ 4, 7, 15, 20, 21, 25, 28, 1, 12, 5, 19, 39, 2, 24, 22, 6, 26, 3, 23, 48, 50, 53, 49, 47, 51, 54, 29, 52, 55, 11, 16, 8, 35, 27, 57, 9, 10, 40, 58, 59, 34, 13, 33, 17, 38, 14, 56, 44, 18, 46, 43, 31, 61, 62, 37, 64, 63, 32, 60, 30, 45, 36, 42, 41 ] >;
s`SolvableDBAutomorphismGroup := PermutationGroup<64 |  
\[ 62, 51, 59, 36, 64, 42, 43, 54, 20, 56, 53, 48, 25, 29, 60, 63, 58, 40, 61, 9, 41, 30, 45, 55, 13, 32, 46, 33, 14, 22, 57, 26, 28, 50, 52, 4, 47, 49, 44, 18, 21, 6, 7, 39, 23, 27, 37, 12, 38, 34, 2, 35, 11, 8, 24, 10, 31, 17, 3, 15, 19, 1, 16, 5 ],
\[ 2, 9, 10, 7, 11, 1, 12, 13, 33, 30, 34, 35, 36, 18, 5, 8, 16, 37, 27, 28, 19, 21, 29, 3, 4, 6, 38, 39, 40, 41, 32, 42, 44, 45, 17, 43, 60, 24, 57, 47, 61, 62, 48, 31, 14, 49, 15, 52, 55, 23, 20, 58, 50, 25, 59, 22, 26, 63, 56, 64, 46, 51, 54, 53 ],
\[ 64, 53, 63, 41, 62, 60, 61, 56, 50, 54, 51, 46, 22, 39, 42, 59, 55, 57, 43, 34, 36, 13, 33, 58, 30, 37, 48, 45, 44, 25, 40, 47, 23, 20, 49, 21, 26, 52, 14, 31, 4, 15, 19, 29, 28, 12, 32, 27, 35, 9, 11, 38, 2, 10, 17, 8, 18, 24, 16, 6, 7, 5, 3, 1 ],
\[ 3, 8, 14, 15, 16, 17, 1, 18, 30, 31, 10, 11, 32, 43, 24, 44, 45, 46, 5, 22, 6, 47, 21, 33, 26, 38, 2, 4, 7, 37, 48, 49, 36, 13, 9, 60, 52, 34, 19, 27, 42, 58, 62, 61, 41, 51, 35, 53, 50, 25, 54, 20, 56, 40, 28, 57, 12, 23, 29, 55, 64, 59, 39, 63 ]:
 Order := 64 >;
s`SolvableDBPointedAutomorphismGroup := PermutationGroup<64 |  
\[ 62, 51, 59, 36, 64, 42, 43, 54, 20, 56, 53, 48, 25, 29, 60, 63, 58, 40, 61, 9, 41, 30, 45, 55, 13, 32, 46, 33, 14, 22, 57, 26, 28, 50, 52, 4, 47, 49, 44, 18, 21, 6, 7, 39, 23, 27, 37, 12, 38, 34, 2, 35, 11, 8, 24, 10, 31, 17, 3, 15, 19, 1, 16, 5 ],
\[ 6, 1, 24, 25, 15, 26, 4, 16, 2, 3, 5, 7, 8, 45, 47, 17, 35, 14, 21, 51, 22, 56, 50, 38, 54, 57, 19, 20, 23, 10, 44, 31, 9, 11, 12, 13, 18, 27, 28, 29, 30, 32, 36, 33, 34, 61, 40, 43, 46, 53, 62, 48, 64, 63, 49, 59, 39, 52, 55, 37, 41, 42, 58, 60 ]:
 Order := 16 >;

/*
Top Level Belyi Curve/Map
*/


/*
Graph Data
*/

s`SolvableDBPathToPP1 := [ Strings() | "PP1", "2T1-2,2,1-g0-path1", "4T2-2,2,2-g0-path3", "8T2-4,2,4-g1-path5", "16T5-8,4,8-g5-path7", "32S16-16,8,16-g13-path18", "64S44-16,8,16-g25-path56" ];
s`SolvableDBChildren := [ Strings() | "32S16-16,8,16-g13-path18" ];

/*
Return for eval
*/

return s;
