s := SolvableDBObjectInitialize();

/*
Basic Information about the Passport
*/

s`SolvableDBName := "64S44-16,16,4-g21-path70";
s`SolvableDBFilename := "64S44-16,16,4-g21-path70.m";
s`SolvableDBPathNumber := 70;
s`SolvableDBDegree := 64;
s`SolvableDBABC := \[ 16, 16, 4 ];
s`SolvableDBType := "Hyperbolic";
s`SolvableDBGenus := 21;
s`SolvableDBGaloisOrbitSize := 1;
s`SolvableDBPassportSize := 2;
s`SolvableDBPointedPassportSize := 2;
s`SolvableDBLevel := 6;
s`SolvableDBBlocks := {@ PowerSet(IntegerRing()) |
{ IntegerRing() | 1, 5 },
{ IntegerRing() | 2, 12 },
{ IntegerRing() | 3, 16 },
{ IntegerRing() | 4, 8 },
{ IntegerRing() | 6, 20 },
{ IntegerRing() | 7, 11 },
{ IntegerRing() | 9, 33 },
{ IntegerRing() | 10, 27 },
{ IntegerRing() | 13, 32 },
{ IntegerRing() | 14, 43 },
{ IntegerRing() | 15, 18 },
{ IntegerRing() | 17, 45 },
{ IntegerRing() | 19, 29 },
{ IntegerRing() | 21, 30 },
{ IntegerRing() | 22, 42 },
{ IntegerRing() | 23, 25 },
{ IntegerRing() | 24, 47 },
{ IntegerRing() | 26, 37 },
{ IntegerRing() | 28, 38 },
{ IntegerRing() | 31, 51 },
{ IntegerRing() | 34, 54 },
{ IntegerRing() | 35, 36 },
{ IntegerRing() | 39, 52 },
{ IntegerRing() | 40, 56 },
{ IntegerRing() | 41, 49 },
{ IntegerRing() | 44, 62 },
{ IntegerRing() | 46, 50 },
{ IntegerRing() | 48, 63 },
{ IntegerRing() | 53, 59 },
{ IntegerRing() | 55, 61 },
{ IntegerRing() | 57, 60 },
{ IntegerRing() | 58, 64 }
@};

/*
Permutations and Passports
*/

s`SolvableDBGaloisOrbit := [ PowerSequence(PermutationGroup<64 |  
\[ 2, 3, 4, 5, 6, 7, 8, 9, 10, 11, 12, 13, 14, 15, 16, 17, 18, 19, 20, 21, 22, 23, 24, 25, 26, 27, 28, 29, 30, 31, 32, 33, 34, 35, 36, 37, 38, 39, 40, 41, 42, 43, 44, 45, 46, 47, 48, 49, 50, 51, 52, 53, 54, 55, 56, 57, 58, 59, 60, 61, 62, 63, 64, 1 ],
\[ 2, 1, 3, 4, 5, 6, 7, 8, 9, 10, 11, 12, 13, 14, 15, 16, 17, 18, 19, 20, 21, 22, 23, 24, 25, 26, 27, 28, 29, 30, 31, 32, 33, 34, 35, 36, 37, 38, 39, 40, 41, 42, 43, 44, 45, 46, 47, 48, 49, 50, 51, 52, 53, 54, 55, 56, 57, 58, 59, 60, 61, 62, 63, 64 ]:
 Order := 126886932185884164103433389335161480802865516174545192198801894375214704230400000000000000 >) |
[ PermutationGroup<64 |  
\[ 2, 3, 4, 5, 6, 7, 8, 9, 10, 11, 12, 13, 14, 15, 16, 17, 18, 19, 20, 21, 22, 23, 24, 25, 26, 27, 28, 29, 30, 31, 32, 33, 34, 35, 36, 37, 38, 39, 40, 41, 42, 43, 44, 45, 46, 47, 48, 49, 50, 51, 52, 53, 54, 55, 56, 57, 58, 59, 60, 61, 62, 63, 64, 1 ],
\[ 2, 1, 3, 4, 5, 6, 7, 8, 9, 10, 11, 12, 13, 14, 15, 16, 17, 18, 19, 20, 21, 22, 23, 24, 25, 26, 27, 28, 29, 30, 31, 32, 33, 34, 35, 36, 37, 38, 39, 40, 41, 42, 43, 44, 45, 46, 47, 48, 49, 50, 51, 52, 53, 54, 55, 56, 57, 58, 59, 60, 61, 62, 63, 64 ]:
 Order := 126886932185884164103433389335161480802865516174545192198801894375214704230400000000000000 > |
[ 12, 33, 8, 29, 2, 5, 37, 19, 51, 7, 26, 9, 52, 18, 36, 4, 16, 35, 13, 1, 28, 25, 27, 20, 10, 54, 11, 56, 32, 38, 59, 39, 31, 60, 21, 30, 34, 40, 61, 64, 22, 23, 15, 43, 3, 24, 6, 45, 42, 47, 53, 55, 62, 57, 41, 58, 63, 46, 44, 48, 49, 14, 17, 50 ],
[ 3, 10, 14, 20, 16, 22, 1, 6, 19, 15, 5, 27, 2, 41, 45, 43, 46, 17, 35, 42, 4, 44, 47, 48, 24, 21, 18, 7, 36, 8, 37, 12, 29, 9, 25, 23, 30, 11, 38, 13, 58, 62, 49, 60, 50, 61, 63, 53, 64, 55, 26, 28, 52, 33, 31, 32, 56, 34, 39, 40, 51, 57, 59, 54 ],
[ 4, 11, 15, 5, 8, 23, 2, 1, 32, 35, 12, 7, 9, 42, 16, 18, 47, 3, 30, 25, 19, 14, 20, 17, 6, 38, 36, 26, 21, 29, 54, 33, 13, 31, 27, 10, 28, 37, 56, 39, 50, 43, 22, 63, 24, 41, 45, 44, 46, 49, 34, 40, 61, 51, 53, 52, 64, 57, 55, 58, 59, 48, 62, 60 ]
]
];
s`SolvableDBPassport := [ PowerSequence(PermutationGroup<64 |  
\[ 12, 33, 8, 29, 2, 5, 37, 19, 51, 7, 26, 9, 52, 18, 36, 4, 16, 35, 13, 1, 28, 25, 27, 20, 10, 54, 11, 56, 32, 38, 59, 39, 31, 60, 21, 30, 34, 40, 61, 64, 22, 23, 15, 43, 3, 24, 6, 45, 42, 47, 53, 55, 62, 57, 41, 58, 63, 46, 44, 48, 49, 14, 17, 50 ],
\[ 3, 10, 14, 20, 16, 22, 1, 6, 19, 15, 5, 27, 2, 41, 45, 43, 46, 17, 35, 42, 4, 44, 47, 48, 24, 21, 18, 7, 36, 8, 37, 12, 29, 9, 25, 23, 30, 11, 38, 13, 58, 62, 49, 60, 50, 61, 63, 53, 64, 55, 26, 28, 52, 33, 31, 32, 56, 34, 39, 40, 51, 57, 59, 54 ],
\[ 4, 11, 15, 5, 8, 23, 2, 1, 32, 35, 12, 7, 9, 42, 16, 18, 47, 3, 30, 25, 19, 14, 20, 17, 6, 38, 36, 26, 21, 29, 54, 33, 13, 31, 27, 10, 28, 37, 56, 39, 50, 43, 22, 63, 24, 41, 45, 44, 46, 49, 34, 40, 61, 51, 53, 52, 64, 57, 55, 58, 59, 48, 62, 60 ]:
 Order := 64 >) |
[ PermutationGroup<64 |  
\[ 12, 33, 8, 29, 2, 5, 37, 19, 51, 7, 26, 9, 52, 18, 36, 4, 16, 35, 13, 1, 28, 25, 27, 20, 10, 54, 11, 56, 32, 38, 59, 39, 31, 60, 21, 30, 34, 40, 61, 64, 22, 23, 15, 43, 3, 24, 6, 45, 42, 47, 53, 55, 62, 57, 41, 58, 63, 46, 44, 48, 49, 14, 17, 50 ],
\[ 3, 10, 14, 20, 16, 22, 1, 6, 19, 15, 5, 27, 2, 41, 45, 43, 46, 17, 35, 42, 4, 44, 47, 48, 24, 21, 18, 7, 36, 8, 37, 12, 29, 9, 25, 23, 30, 11, 38, 13, 58, 62, 49, 60, 50, 61, 63, 53, 64, 55, 26, 28, 52, 33, 31, 32, 56, 34, 39, 40, 51, 57, 59, 54 ],
\[ 4, 11, 15, 5, 8, 23, 2, 1, 32, 35, 12, 7, 9, 42, 16, 18, 47, 3, 30, 25, 19, 14, 20, 17, 6, 38, 36, 26, 21, 29, 54, 33, 13, 31, 27, 10, 28, 37, 56, 39, 50, 43, 22, 63, 24, 41, 45, 44, 46, 49, 34, 40, 61, 51, 53, 52, 64, 57, 55, 58, 59, 48, 62, 60 ]:
 Order := 64 > |
[ 12, 33, 8, 29, 2, 5, 37, 19, 51, 7, 26, 9, 52, 18, 36, 4, 16, 35, 13, 1, 28, 25, 27, 20, 10, 54, 11, 56, 32, 38, 59, 39, 31, 60, 21, 30, 34, 40, 61, 64, 22, 23, 15, 43, 3, 24, 6, 45, 42, 47, 53, 55, 62, 57, 41, 58, 63, 46, 44, 48, 49, 14, 17, 50 ],
[ 16, 27, 43, 6, 3, 42, 5, 20, 29, 18, 1, 10, 12, 49, 17, 14, 50, 45, 36, 22, 8, 62, 24, 63, 47, 30, 15, 11, 35, 4, 26, 2, 19, 33, 23, 25, 21, 7, 28, 32, 64, 44, 41, 57, 46, 55, 48, 59, 58, 61, 37, 38, 39, 9, 51, 13, 40, 54, 52, 56, 31, 60, 53, 34 ],
[ 8, 7, 18, 1, 4, 25, 12, 5, 13, 36, 2, 11, 33, 22, 3, 15, 24, 16, 21, 23, 29, 43, 6, 45, 20, 28, 35, 37, 30, 19, 34, 9, 32, 51, 10, 27, 38, 26, 40, 52, 46, 14, 42, 48, 47, 49, 17, 62, 50, 41, 54, 56, 55, 31, 59, 39, 58, 60, 61, 64, 53, 63, 44, 57 ]
],
[ PermutationGroup<64 |  
\[ 12, 33, 8, 29, 2, 5, 37, 19, 51, 7, 26, 9, 52, 18, 36, 4, 16, 35, 13, 1, 28, 25, 27, 20, 10, 54, 11, 56, 32, 38, 59, 39, 31, 60, 21, 30, 34, 40, 61, 64, 22, 23, 15, 43, 3, 24, 6, 45, 42, 47, 53, 55, 62, 57, 41, 58, 63, 46, 44, 48, 49, 14, 17, 50 ],
\[ 3, 10, 14, 20, 16, 22, 1, 6, 19, 15, 5, 27, 2, 41, 45, 43, 46, 17, 35, 42, 4, 44, 47, 48, 24, 21, 18, 7, 36, 8, 37, 12, 29, 9, 25, 23, 30, 11, 38, 13, 58, 62, 49, 60, 50, 61, 63, 53, 64, 55, 26, 28, 52, 33, 31, 32, 56, 34, 39, 40, 51, 57, 59, 54 ],
\[ 4, 11, 15, 5, 8, 23, 2, 1, 32, 35, 12, 7, 9, 42, 16, 18, 47, 3, 30, 25, 19, 14, 20, 17, 6, 38, 36, 26, 21, 29, 54, 33, 13, 31, 27, 10, 28, 37, 56, 39, 50, 43, 22, 63, 24, 41, 45, 44, 46, 49, 34, 40, 61, 51, 53, 52, 64, 57, 55, 58, 59, 48, 62, 60 ]:
 Order := 64 > |
[ 12, 33, 8, 29, 2, 5, 37, 19, 51, 7, 26, 9, 52, 18, 36, 4, 16, 35, 13, 1, 28, 25, 27, 20, 10, 54, 11, 56, 32, 38, 59, 39, 31, 60, 21, 30, 34, 40, 61, 64, 22, 23, 15, 43, 3, 24, 6, 45, 42, 47, 53, 55, 62, 57, 41, 58, 63, 46, 44, 48, 49, 14, 17, 50 ],
[ 54, 61, 33, 40, 34, 32, 64, 56, 63, 51, 58, 55, 46, 29, 26, 9, 30, 37, 59, 13, 60, 12, 28, 11, 38, 44, 31, 49, 53, 57, 42, 50, 48, 47, 39, 52, 62, 41, 14, 17, 36, 2, 19, 27, 21, 8, 7, 5, 35, 4, 22, 43, 16, 24, 20, 45, 15, 23, 3, 18, 6, 10, 1, 25 ],
[ 55, 48, 56, 53, 61, 34, 62, 59, 22, 64, 44, 63, 43, 37, 52, 40, 9, 39, 46, 54, 49, 38, 31, 13, 51, 24, 58, 45, 50, 41, 3, 14, 42, 18, 60, 57, 47, 17, 6, 25, 12, 28, 26, 19, 33, 11, 32, 21, 2, 7, 16, 20, 10, 15, 36, 23, 1, 8, 27, 5, 35, 29, 30, 4 ]
]
];
s`SolvableDBPointedPassport := [ PowerSequence(PermutationGroup<64 |  
\[ 12, 33, 8, 29, 2, 5, 37, 19, 51, 7, 26, 9, 52, 18, 36, 4, 16, 35, 13, 1, 28, 25, 27, 20, 10, 54, 11, 56, 32, 38, 59, 39, 31, 60, 21, 30, 34, 40, 61, 64, 22, 23, 15, 43, 3, 24, 6, 45, 42, 47, 53, 55, 62, 57, 41, 58, 63, 46, 44, 48, 49, 14, 17, 50 ],
\[ 3, 10, 14, 20, 16, 22, 1, 6, 19, 15, 5, 27, 2, 41, 45, 43, 46, 17, 35, 42, 4, 44, 47, 48, 24, 21, 18, 7, 36, 8, 37, 12, 29, 9, 25, 23, 30, 11, 38, 13, 58, 62, 49, 60, 50, 61, 63, 53, 64, 55, 26, 28, 52, 33, 31, 32, 56, 34, 39, 40, 51, 57, 59, 54 ],
\[ 4, 11, 15, 5, 8, 23, 2, 1, 32, 35, 12, 7, 9, 42, 16, 18, 47, 3, 30, 25, 19, 14, 20, 17, 6, 38, 36, 26, 21, 29, 54, 33, 13, 31, 27, 10, 28, 37, 56, 39, 50, 43, 22, 63, 24, 41, 45, 44, 46, 49, 34, 40, 61, 51, 53, 52, 64, 57, 55, 58, 59, 48, 62, 60 ]:
 Order := 64 >) |
[ PermutationGroup<64 |  
\[ 12, 33, 8, 29, 2, 5, 37, 19, 51, 7, 26, 9, 52, 18, 36, 4, 16, 35, 13, 1, 28, 25, 27, 20, 10, 54, 11, 56, 32, 38, 59, 39, 31, 60, 21, 30, 34, 40, 61, 64, 22, 23, 15, 43, 3, 24, 6, 45, 42, 47, 53, 55, 62, 57, 41, 58, 63, 46, 44, 48, 49, 14, 17, 50 ],
\[ 3, 10, 14, 20, 16, 22, 1, 6, 19, 15, 5, 27, 2, 41, 45, 43, 46, 17, 35, 42, 4, 44, 47, 48, 24, 21, 18, 7, 36, 8, 37, 12, 29, 9, 25, 23, 30, 11, 38, 13, 58, 62, 49, 60, 50, 61, 63, 53, 64, 55, 26, 28, 52, 33, 31, 32, 56, 34, 39, 40, 51, 57, 59, 54 ],
\[ 4, 11, 15, 5, 8, 23, 2, 1, 32, 35, 12, 7, 9, 42, 16, 18, 47, 3, 30, 25, 19, 14, 20, 17, 6, 38, 36, 26, 21, 29, 54, 33, 13, 31, 27, 10, 28, 37, 56, 39, 50, 43, 22, 63, 24, 41, 45, 44, 46, 49, 34, 40, 61, 51, 53, 52, 64, 57, 55, 58, 59, 48, 62, 60 ]:
 Order := 64 > |
[ 30, 28, 27, 7, 21, 35, 32, 11, 40, 29, 13, 38, 54, 6, 1, 10, 25, 5, 26, 36, 33, 16, 8, 15, 4, 52, 19, 31, 37, 9, 58, 34, 56, 61, 2, 12, 39, 51, 60, 53, 17, 3, 20, 24, 23, 43, 18, 42, 45, 14, 64, 57, 50, 55, 63, 59, 41, 44, 46, 49, 48, 47, 22, 62 ],
[ 25, 8, 24, 18, 23, 45, 35, 15, 7, 6, 36, 4, 30, 48, 22, 47, 62, 42, 1, 17, 27, 50, 43, 41, 14, 12, 20, 19, 5, 10, 13, 21, 11, 28, 3, 16, 2, 29, 33, 37, 53, 46, 63, 55, 44, 57, 49, 58, 59, 60, 32, 9, 34, 38, 40, 26, 51, 52, 54, 31, 56, 61, 64, 39 ],
[ 8, 7, 18, 1, 4, 25, 12, 5, 13, 36, 2, 11, 33, 22, 3, 15, 24, 16, 21, 23, 29, 43, 6, 45, 20, 28, 35, 37, 30, 19, 34, 9, 32, 51, 10, 27, 38, 26, 40, 52, 46, 14, 42, 48, 47, 49, 17, 62, 50, 41, 54, 56, 55, 31, 59, 39, 58, 60, 61, 64, 53, 63, 44, 57 ]
],
[ PermutationGroup<64 |  
\[ 12, 33, 8, 29, 2, 5, 37, 19, 51, 7, 26, 9, 52, 18, 36, 4, 16, 35, 13, 1, 28, 25, 27, 20, 10, 54, 11, 56, 32, 38, 59, 39, 31, 60, 21, 30, 34, 40, 61, 64, 22, 23, 15, 43, 3, 24, 6, 45, 42, 47, 53, 55, 62, 57, 41, 58, 63, 46, 44, 48, 49, 14, 17, 50 ],
\[ 3, 10, 14, 20, 16, 22, 1, 6, 19, 15, 5, 27, 2, 41, 45, 43, 46, 17, 35, 42, 4, 44, 47, 48, 24, 21, 18, 7, 36, 8, 37, 12, 29, 9, 25, 23, 30, 11, 38, 13, 58, 62, 49, 60, 50, 61, 63, 53, 64, 55, 26, 28, 52, 33, 31, 32, 56, 34, 39, 40, 51, 57, 59, 54 ],
\[ 4, 11, 15, 5, 8, 23, 2, 1, 32, 35, 12, 7, 9, 42, 16, 18, 47, 3, 30, 25, 19, 14, 20, 17, 6, 38, 36, 26, 21, 29, 54, 33, 13, 31, 27, 10, 28, 37, 56, 39, 50, 43, 22, 63, 24, 41, 45, 44, 46, 49, 34, 40, 61, 51, 53, 52, 64, 57, 55, 58, 59, 48, 62, 60 ]:
 Order := 64 > |
[ 30, 28, 27, 7, 21, 35, 32, 11, 40, 29, 13, 38, 54, 6, 1, 10, 25, 5, 26, 36, 33, 16, 8, 15, 4, 52, 19, 31, 37, 9, 58, 34, 56, 61, 2, 12, 39, 51, 60, 53, 17, 3, 20, 24, 23, 43, 18, 42, 45, 14, 64, 57, 50, 55, 63, 59, 41, 44, 46, 49, 48, 47, 22, 62 ],
[ 52, 60, 28, 51, 39, 37, 53, 31, 41, 40, 59, 57, 44, 7, 13, 38, 12, 32, 58, 26, 61, 30, 33, 19, 9, 46, 56, 48, 64, 55, 45, 62, 49, 14, 34, 54, 50, 63, 47, 22, 1, 21, 11, 8, 2, 27, 29, 35, 5, 10, 17, 24, 25, 43, 15, 42, 20, 3, 23, 6, 18, 4, 36, 16 ],
[ 55, 48, 56, 53, 61, 34, 62, 59, 22, 64, 44, 63, 43, 37, 52, 40, 9, 39, 46, 54, 49, 38, 31, 13, 51, 24, 58, 45, 50, 41, 3, 14, 42, 18, 60, 57, 47, 17, 6, 25, 12, 28, 26, 19, 33, 11, 32, 21, 2, 7, 16, 20, 10, 15, 36, 23, 1, 8, 27, 5, 35, 29, 30, 4 ]
]
];
s`SolvableDBMonodromyGroup := PermutationGroup<64 |  
\[ 12, 33, 8, 29, 2, 5, 37, 19, 51, 7, 26, 9, 52, 18, 36, 4, 16, 35, 13, 1, 28, 25, 27, 20, 10, 54, 11, 56, 32, 38, 59, 39, 31, 60, 21, 30, 34, 40, 61, 64, 22, 23, 15, 43, 3, 24, 6, 45, 42, 47, 53, 55, 62, 57, 41, 58, 63, 46, 44, 48, 49, 14, 17, 50 ],
\[ 3, 10, 14, 20, 16, 22, 1, 6, 19, 15, 5, 27, 2, 41, 45, 43, 46, 17, 35, 42, 4, 44, 47, 48, 24, 21, 18, 7, 36, 8, 37, 12, 29, 9, 25, 23, 30, 11, 38, 13, 58, 62, 49, 60, 50, 61, 63, 53, 64, 55, 26, 28, 52, 33, 31, 32, 56, 34, 39, 40, 51, 57, 59, 54 ],
\[ 4, 11, 15, 5, 8, 23, 2, 1, 32, 35, 12, 7, 9, 42, 16, 18, 47, 3, 30, 25, 19, 14, 20, 17, 6, 38, 36, 26, 21, 29, 54, 33, 13, 31, 27, 10, 28, 37, 56, 39, 50, 43, 22, 63, 24, 41, 45, 44, 46, 49, 34, 40, 61, 51, 53, 52, 64, 57, 55, 58, 59, 48, 62, 60 ] >;
s`SolvableDBAutomorphismGroup := PermutationGroup<64 |  
\[ 62, 43, 57, 48, 44, 59, 42, 63, 18, 49, 22, 14, 16, 56, 64, 60, 34, 58, 17, 53, 24, 39, 55, 51, 61, 25, 41, 20, 45, 47, 36, 3, 15, 27, 46, 50, 23, 6, 8, 5, 32, 52, 40, 38, 54, 9, 31, 26, 13, 33, 35, 4, 21, 10, 29, 1, 7, 12, 30, 11, 19, 28, 37, 2 ],
\[ 61, 41, 51, 59, 55, 52, 46, 53, 42, 58, 50, 49, 14, 26, 34, 31, 33, 54, 62, 39, 63, 28, 40, 32, 56, 47, 64, 17, 44, 48, 25, 43, 22, 20, 57, 60, 24, 45, 15, 3, 21, 38, 37, 7, 9, 29, 13, 12, 30, 19, 23, 18, 27, 6, 35, 16, 5, 4, 10, 1, 36, 11, 2, 8 ]:
 Order := 64 >;
s`SolvableDBPointedAutomorphismGroup := PermutationGroup<64 |  
\[ 56, 64, 32, 52, 40, 38, 57, 39, 46, 54, 60, 58, 49, 12, 33, 13, 19, 9, 61, 28, 53, 11, 37, 21, 26, 48, 34, 62, 55, 59, 47, 41, 50, 17, 51, 31, 63, 44, 22, 43, 27, 7, 2, 5, 29, 35, 30, 4, 10, 36, 24, 42, 20, 45, 23, 14, 3, 18, 6, 16, 25, 1, 8, 15 ]:
 Order := 16 >;

/*
Top Level Belyi Curve/Map
*/


/*
Graph Data
*/

s`SolvableDBPathToPP1 := [ Strings() | "PP1", "2T1-2,1,2-g0-path1", "4T2-2,2,2-g0-path2", "8T2-4,4,2-g1-path4", "16T5-8,8,2-g3-path6", "32S17-16,16,2-g7-path6", "64S44-16,16,4-g21-path70" ];
s`SolvableDBChildren := [ Strings() | "32S17-16,16,2-g7-path6" ];

/*
Return for eval
*/

return s;
