s := SolvableDBObjectInitialize();

/*
Basic Information about the Passport
*/

s`SolvableDBName := "64S46-8,16,4-g19-path17";
s`SolvableDBFilename := "64S46-8,16,4-g19-path17.m";
s`SolvableDBPathNumber := 17;
s`SolvableDBDegree := 64;
s`SolvableDBABC := \[ 8, 16, 4 ];
s`SolvableDBType := "Hyperbolic";
s`SolvableDBGenus := 19;
s`SolvableDBGaloisOrbitSize := 1;
s`SolvableDBPassportSize := 2;
s`SolvableDBPointedPassportSize := 2;
s`SolvableDBLevel := 6;
s`SolvableDBBlocks := {@ PowerSet(IntegerRing()) |
{ IntegerRing() | 1, 5 },
{ IntegerRing() | 2, 11 },
{ IntegerRing() | 3, 16 },
{ IntegerRing() | 4, 21 },
{ IntegerRing() | 6, 24 },
{ IntegerRing() | 7, 25 },
{ IntegerRing() | 8, 26 },
{ IntegerRing() | 9, 29 },
{ IntegerRing() | 10, 41 },
{ IntegerRing() | 12, 44 },
{ IntegerRing() | 13, 45 },
{ IntegerRing() | 14, 40 },
{ IntegerRing() | 15, 53 },
{ IntegerRing() | 17, 55 },
{ IntegerRing() | 18, 48 },
{ IntegerRing() | 19, 47 },
{ IntegerRing() | 20, 49 },
{ IntegerRing() | 22, 52 },
{ IntegerRing() | 23, 51 },
{ IntegerRing() | 27, 54 },
{ IntegerRing() | 28, 39 },
{ IntegerRing() | 30, 42 },
{ IntegerRing() | 31, 57 },
{ IntegerRing() | 32, 56 },
{ IntegerRing() | 33, 61 },
{ IntegerRing() | 34, 62 },
{ IntegerRing() | 35, 38 },
{ IntegerRing() | 36, 63 },
{ IntegerRing() | 37, 59 },
{ IntegerRing() | 43, 60 },
{ IntegerRing() | 46, 58 },
{ IntegerRing() | 50, 64 }
@};

/*
Permutations and Passports
*/

s`SolvableDBGaloisOrbit := [ PowerSequence(PermutationGroup<64 |  
\[ 2, 3, 4, 5, 6, 7, 8, 9, 10, 11, 12, 13, 14, 15, 16, 17, 18, 19, 20, 21, 22, 23, 24, 25, 26, 27, 28, 29, 30, 31, 32, 33, 34, 35, 36, 37, 38, 39, 40, 41, 42, 43, 44, 45, 46, 47, 48, 49, 50, 51, 52, 53, 54, 55, 56, 57, 58, 59, 60, 61, 62, 63, 64, 1 ],
\[ 2, 1, 3, 4, 5, 6, 7, 8, 9, 10, 11, 12, 13, 14, 15, 16, 17, 18, 19, 20, 21, 22, 23, 24, 25, 26, 27, 28, 29, 30, 31, 32, 33, 34, 35, 36, 37, 38, 39, 40, 41, 42, 43, 44, 45, 46, 47, 48, 49, 50, 51, 52, 53, 54, 55, 56, 57, 58, 59, 60, 61, 62, 63, 64 ]:
 Order := 126886932185884164103433389335161480802865516174545192198801894375214704230400000000000000 >) |
[ PermutationGroup<64 |  
\[ 2, 3, 4, 5, 6, 7, 8, 9, 10, 11, 12, 13, 14, 15, 16, 17, 18, 19, 20, 21, 22, 23, 24, 25, 26, 27, 28, 29, 30, 31, 32, 33, 34, 35, 36, 37, 38, 39, 40, 41, 42, 43, 44, 45, 46, 47, 48, 49, 50, 51, 52, 53, 54, 55, 56, 57, 58, 59, 60, 61, 62, 63, 64, 1 ],
\[ 2, 1, 3, 4, 5, 6, 7, 8, 9, 10, 11, 12, 13, 14, 15, 16, 17, 18, 19, 20, 21, 22, 23, 24, 25, 26, 27, 28, 29, 30, 31, 32, 33, 34, 35, 36, 37, 38, 39, 40, 41, 42, 43, 44, 45, 46, 47, 48, 49, 50, 51, 52, 53, 54, 55, 56, 57, 58, 59, 60, 61, 62, 63, 64 ]:
 Order := 126886932185884164103433389335161480802865516174545192198801894375214704230400000000000000 > |
[ 2, 9, 8, 19, 11, 1, 31, 35, 24, 13, 29, 22, 27, 18, 34, 26, 3, 50, 44, 56, 47, 4, 40, 5, 57, 38, 30, 61, 6, 41, 28, 58, 7, 59, 55, 20, 43, 17, 33, 48, 45, 10, 15, 52, 54, 63, 12, 64, 32, 23, 14, 21, 62, 42, 16, 46, 39, 36, 60, 53, 25, 37, 49, 51 ],
[ 3, 10, 14, 6, 16, 27, 1, 36, 38, 37, 41, 2, 49, 30, 17, 40, 56, 44, 34, 22, 24, 60, 4, 54, 5, 63, 53, 29, 35, 46, 48, 33, 51, 7, 64, 57, 8, 50, 9, 42, 59, 58, 28, 11, 20, 47, 62, 12, 52, 13, 21, 43, 55, 15, 32, 61, 18, 19, 26, 39, 23, 25, 31, 45 ],
[ 4, 7, 15, 20, 21, 28, 32, 1, 12, 40, 25, 46, 2, 33, 52, 53, 9, 3, 23, 8, 49, 48, 38, 39, 56, 5, 50, 63, 44, 6, 34, 13, 60, 54, 37, 42, 47, 59, 36, 61, 14, 24, 10, 58, 11, 17, 51, 16, 26, 57, 35, 18, 22, 64, 29, 45, 62, 55, 19, 41, 43, 27, 30, 31 ]
]
];
s`SolvableDBPassport := [ PowerSequence(PermutationGroup<64 |  
\[ 2, 9, 8, 19, 11, 1, 31, 35, 24, 13, 29, 22, 27, 18, 34, 26, 3, 50, 44, 56, 47, 4, 40, 5, 57, 38, 30, 61, 6, 41, 28, 58, 7, 59, 55, 20, 43, 17, 33, 48, 45, 10, 15, 52, 54, 63, 12, 64, 32, 23, 14, 21, 62, 42, 16, 46, 39, 36, 60, 53, 25, 37, 49, 51 ],
\[ 3, 10, 14, 6, 16, 27, 1, 36, 38, 37, 41, 2, 49, 30, 17, 40, 56, 44, 34, 22, 24, 60, 4, 54, 5, 63, 53, 29, 35, 46, 48, 33, 51, 7, 64, 57, 8, 50, 9, 42, 59, 58, 28, 11, 20, 47, 62, 12, 52, 13, 21, 43, 55, 15, 32, 61, 18, 19, 26, 39, 23, 25, 31, 45 ],
\[ 4, 7, 15, 20, 21, 28, 32, 1, 12, 40, 25, 46, 2, 33, 52, 53, 9, 3, 23, 8, 49, 48, 38, 39, 56, 5, 50, 63, 44, 6, 34, 13, 60, 54, 37, 42, 47, 59, 36, 61, 14, 24, 10, 58, 11, 17, 51, 16, 26, 57, 35, 18, 22, 64, 29, 45, 62, 55, 19, 41, 43, 27, 30, 31 ]:
 Order := 64 >) |
[ PermutationGroup<64 |  
\[ 2, 9, 8, 19, 11, 1, 31, 35, 24, 13, 29, 22, 27, 18, 34, 26, 3, 50, 44, 56, 47, 4, 40, 5, 57, 38, 30, 61, 6, 41, 28, 58, 7, 59, 55, 20, 43, 17, 33, 48, 45, 10, 15, 52, 54, 63, 12, 64, 32, 23, 14, 21, 62, 42, 16, 46, 39, 36, 60, 53, 25, 37, 49, 51 ],
\[ 3, 10, 14, 6, 16, 27, 1, 36, 38, 37, 41, 2, 49, 30, 17, 40, 56, 44, 34, 22, 24, 60, 4, 54, 5, 63, 53, 29, 35, 46, 48, 33, 51, 7, 64, 57, 8, 50, 9, 42, 59, 58, 28, 11, 20, 47, 62, 12, 52, 13, 21, 43, 55, 15, 32, 61, 18, 19, 26, 39, 23, 25, 31, 45 ],
\[ 4, 7, 15, 20, 21, 28, 32, 1, 12, 40, 25, 46, 2, 33, 52, 53, 9, 3, 23, 8, 49, 48, 38, 39, 56, 5, 50, 63, 44, 6, 34, 13, 60, 54, 37, 42, 47, 59, 36, 61, 14, 24, 10, 58, 11, 17, 51, 16, 26, 57, 35, 18, 22, 64, 29, 45, 62, 55, 19, 41, 43, 27, 30, 31 ]:
 Order := 64 > |
[ 6, 1, 17, 22, 24, 29, 33, 3, 2, 42, 5, 47, 10, 51, 43, 55, 38, 14, 4, 36, 52, 12, 50, 9, 61, 16, 13, 31, 11, 27, 7, 49, 39, 15, 8, 58, 62, 26, 57, 23, 30, 54, 37, 19, 41, 56, 21, 40, 63, 18, 64, 44, 60, 45, 35, 20, 25, 32, 34, 59, 28, 53, 46, 48 ],
[ 7, 12, 1, 23, 25, 4, 34, 37, 39, 2, 44, 48, 50, 3, 54, 5, 15, 57, 58, 45, 51, 20, 61, 21, 62, 59, 6, 43, 28, 14, 63, 55, 32, 19, 29, 8, 10, 9, 60, 16, 11, 40, 52, 18, 64, 30, 46, 31, 13, 38, 33, 49, 27, 24, 53, 17, 36, 42, 41, 22, 56, 47, 26, 35 ],
[ 10, 38, 36, 34, 41, 3, 48, 64, 54, 49, 35, 60, 53, 44, 7, 63, 14, 13, 11, 61, 62, 6, 42, 16, 18, 50, 46, 23, 27, 59, 29, 19, 1, 26, 32, 22, 28, 56, 51, 12, 20, 37, 17, 43, 15, 31, 2, 45, 33, 4, 30, 24, 25, 58, 40, 47, 9, 57, 39, 55, 5, 8, 52, 21 ]
],
[ PermutationGroup<64 |  
\[ 2, 9, 8, 19, 11, 1, 31, 35, 24, 13, 29, 22, 27, 18, 34, 26, 3, 50, 44, 56, 47, 4, 40, 5, 57, 38, 30, 61, 6, 41, 28, 58, 7, 59, 55, 20, 43, 17, 33, 48, 45, 10, 15, 52, 54, 63, 12, 64, 32, 23, 14, 21, 62, 42, 16, 46, 39, 36, 60, 53, 25, 37, 49, 51 ],
\[ 3, 10, 14, 6, 16, 27, 1, 36, 38, 37, 41, 2, 49, 30, 17, 40, 56, 44, 34, 22, 24, 60, 4, 54, 5, 63, 53, 29, 35, 46, 48, 33, 51, 7, 64, 57, 8, 50, 9, 42, 59, 58, 28, 11, 20, 47, 62, 12, 52, 13, 21, 43, 55, 15, 32, 61, 18, 19, 26, 39, 23, 25, 31, 45 ],
\[ 4, 7, 15, 20, 21, 28, 32, 1, 12, 40, 25, 46, 2, 33, 52, 53, 9, 3, 23, 8, 49, 48, 38, 39, 56, 5, 50, 63, 44, 6, 34, 13, 60, 54, 37, 42, 47, 59, 36, 61, 14, 24, 10, 58, 11, 17, 51, 16, 26, 57, 35, 18, 22, 64, 29, 45, 62, 55, 19, 41, 43, 27, 30, 31 ]:
 Order := 64 > |
[ 11, 29, 26, 47, 2, 5, 57, 38, 6, 45, 9, 52, 54, 48, 62, 8, 16, 64, 12, 32, 19, 21, 14, 1, 31, 35, 42, 33, 24, 10, 39, 46, 25, 37, 17, 49, 60, 55, 61, 18, 13, 41, 53, 22, 27, 36, 44, 50, 56, 51, 40, 4, 34, 30, 3, 58, 28, 63, 43, 15, 7, 59, 20, 23 ],
[ 7, 12, 1, 23, 25, 4, 34, 37, 39, 2, 44, 48, 50, 3, 54, 5, 15, 57, 58, 45, 51, 20, 61, 21, 62, 59, 6, 43, 28, 14, 63, 55, 32, 19, 29, 8, 10, 9, 60, 16, 11, 40, 52, 18, 64, 30, 46, 31, 13, 38, 33, 49, 27, 24, 53, 17, 36, 42, 41, 22, 56, 47, 26, 35 ],
[ 54, 16, 32, 43, 27, 38, 23, 40, 41, 46, 3, 34, 59, 4, 39, 56, 64, 42, 24, 31, 60, 11, 45, 35, 51, 14, 20, 18, 10, 15, 5, 22, 29, 55, 63, 47, 7, 36, 48, 21, 58, 53, 26, 62, 37, 33, 6, 30, 57, 12, 13, 2, 28, 49, 50, 52, 1, 61, 25, 8, 9, 17, 19, 44 ]
]
];
s`SolvableDBPointedPassport := [ PowerSequence(PermutationGroup<64 |  
\[ 2, 9, 8, 19, 11, 1, 31, 35, 24, 13, 29, 22, 27, 18, 34, 26, 3, 50, 44, 56, 47, 4, 40, 5, 57, 38, 30, 61, 6, 41, 28, 58, 7, 59, 55, 20, 43, 17, 33, 48, 45, 10, 15, 52, 54, 63, 12, 64, 32, 23, 14, 21, 62, 42, 16, 46, 39, 36, 60, 53, 25, 37, 49, 51 ],
\[ 3, 10, 14, 6, 16, 27, 1, 36, 38, 37, 41, 2, 49, 30, 17, 40, 56, 44, 34, 22, 24, 60, 4, 54, 5, 63, 53, 29, 35, 46, 48, 33, 51, 7, 64, 57, 8, 50, 9, 42, 59, 58, 28, 11, 20, 47, 62, 12, 52, 13, 21, 43, 55, 15, 32, 61, 18, 19, 26, 39, 23, 25, 31, 45 ],
\[ 4, 7, 15, 20, 21, 28, 32, 1, 12, 40, 25, 46, 2, 33, 52, 53, 9, 3, 23, 8, 49, 48, 38, 39, 56, 5, 50, 63, 44, 6, 34, 13, 60, 54, 37, 42, 47, 59, 36, 61, 14, 24, 10, 58, 11, 17, 51, 16, 26, 57, 35, 18, 22, 64, 29, 45, 62, 55, 19, 41, 43, 27, 30, 31 ]:
 Order := 64 >) |
[ PermutationGroup<64 |  
\[ 2, 9, 8, 19, 11, 1, 31, 35, 24, 13, 29, 22, 27, 18, 34, 26, 3, 50, 44, 56, 47, 4, 40, 5, 57, 38, 30, 61, 6, 41, 28, 58, 7, 59, 55, 20, 43, 17, 33, 48, 45, 10, 15, 52, 54, 63, 12, 64, 32, 23, 14, 21, 62, 42, 16, 46, 39, 36, 60, 53, 25, 37, 49, 51 ],
\[ 3, 10, 14, 6, 16, 27, 1, 36, 38, 37, 41, 2, 49, 30, 17, 40, 56, 44, 34, 22, 24, 60, 4, 54, 5, 63, 53, 29, 35, 46, 48, 33, 51, 7, 64, 57, 8, 50, 9, 42, 59, 58, 28, 11, 20, 47, 62, 12, 52, 13, 21, 43, 55, 15, 32, 61, 18, 19, 26, 39, 23, 25, 31, 45 ],
\[ 4, 7, 15, 20, 21, 28, 32, 1, 12, 40, 25, 46, 2, 33, 52, 53, 9, 3, 23, 8, 49, 48, 38, 39, 56, 5, 50, 63, 44, 6, 34, 13, 60, 54, 37, 42, 47, 59, 36, 61, 14, 24, 10, 58, 11, 17, 51, 16, 26, 57, 35, 18, 22, 64, 29, 45, 62, 55, 19, 41, 43, 27, 30, 31 ]:
 Order := 64 > |
[ 47, 57, 62, 32, 19, 33, 46, 11, 52, 18, 31, 36, 29, 25, 4, 34, 6, 26, 14, 38, 56, 50, 55, 61, 58, 2, 51, 20, 22, 5, 37, 54, 15, 30, 60, 41, 44, 43, 49, 7, 48, 1, 45, 63, 9, 16, 40, 8, 35, 28, 17, 64, 21, 23, 24, 27, 59, 3, 12, 13, 53, 42, 10, 39 ],
[ 26, 45, 48, 5, 8, 42, 11, 49, 55, 60, 13, 29, 56, 10, 16, 18, 58, 22, 37, 21, 1, 15, 47, 30, 2, 20, 34, 24, 17, 36, 50, 25, 40, 57, 23, 28, 38, 51, 6, 41, 43, 63, 33, 9, 32, 44, 59, 52, 4, 54, 19, 53, 3, 62, 46, 7, 64, 12, 35, 61, 14, 31, 39, 27 ],
[ 6, 1, 17, 22, 24, 29, 33, 3, 2, 42, 5, 47, 10, 51, 43, 55, 38, 14, 4, 36, 52, 12, 50, 9, 61, 16, 13, 31, 11, 27, 7, 49, 39, 15, 8, 58, 62, 26, 57, 23, 30, 54, 37, 19, 41, 56, 21, 40, 63, 18, 64, 44, 60, 45, 35, 20, 25, 32, 34, 59, 28, 53, 46, 48 ]
],
[ PermutationGroup<64 |  
\[ 2, 9, 8, 19, 11, 1, 31, 35, 24, 13, 29, 22, 27, 18, 34, 26, 3, 50, 44, 56, 47, 4, 40, 5, 57, 38, 30, 61, 6, 41, 28, 58, 7, 59, 55, 20, 43, 17, 33, 48, 45, 10, 15, 52, 54, 63, 12, 64, 32, 23, 14, 21, 62, 42, 16, 46, 39, 36, 60, 53, 25, 37, 49, 51 ],
\[ 3, 10, 14, 6, 16, 27, 1, 36, 38, 37, 41, 2, 49, 30, 17, 40, 56, 44, 34, 22, 24, 60, 4, 54, 5, 63, 53, 29, 35, 46, 48, 33, 51, 7, 64, 57, 8, 50, 9, 42, 59, 58, 28, 11, 20, 47, 62, 12, 52, 13, 21, 43, 55, 15, 32, 61, 18, 19, 26, 39, 23, 25, 31, 45 ],
\[ 4, 7, 15, 20, 21, 28, 32, 1, 12, 40, 25, 46, 2, 33, 52, 53, 9, 3, 23, 8, 49, 48, 38, 39, 56, 5, 50, 63, 44, 6, 34, 13, 60, 54, 37, 42, 47, 59, 36, 61, 14, 24, 10, 58, 11, 17, 51, 16, 26, 57, 35, 18, 22, 64, 29, 45, 62, 55, 19, 41, 43, 27, 30, 31 ]:
 Order := 64 > |
[ 47, 57, 62, 32, 19, 33, 46, 11, 52, 18, 31, 36, 29, 25, 4, 34, 6, 26, 14, 38, 56, 50, 55, 61, 58, 2, 51, 20, 22, 5, 37, 54, 15, 30, 60, 41, 44, 43, 49, 7, 48, 1, 45, 63, 9, 16, 40, 8, 35, 28, 17, 64, 21, 23, 24, 27, 59, 3, 12, 13, 53, 42, 10, 39 ],
[ 55, 30, 23, 9, 17, 45, 24, 46, 8, 34, 42, 5, 36, 54, 35, 51, 49, 47, 53, 44, 29, 37, 52, 13, 6, 58, 43, 2, 26, 32, 14, 28, 50, 61, 18, 7, 16, 48, 11, 27, 62, 56, 57, 1, 63, 4, 15, 19, 12, 41, 22, 59, 38, 60, 20, 39, 40, 21, 3, 31, 64, 33, 25, 10 ],
[ 11, 29, 26, 47, 2, 5, 57, 38, 6, 45, 9, 52, 54, 48, 62, 8, 16, 64, 12, 32, 19, 21, 14, 1, 31, 35, 42, 33, 24, 10, 39, 46, 25, 37, 17, 49, 60, 55, 61, 18, 13, 41, 53, 22, 27, 36, 44, 50, 56, 51, 40, 4, 34, 30, 3, 58, 28, 63, 43, 15, 7, 59, 20, 23 ]
]
];
s`SolvableDBMonodromyGroup := PermutationGroup<64 |  
\[ 2, 9, 8, 19, 11, 1, 31, 35, 24, 13, 29, 22, 27, 18, 34, 26, 3, 50, 44, 56, 47, 4, 40, 5, 57, 38, 30, 61, 6, 41, 28, 58, 7, 59, 55, 20, 43, 17, 33, 48, 45, 10, 15, 52, 54, 63, 12, 64, 32, 23, 14, 21, 62, 42, 16, 46, 39, 36, 60, 53, 25, 37, 49, 51 ],
\[ 3, 10, 14, 6, 16, 27, 1, 36, 38, 37, 41, 2, 49, 30, 17, 40, 56, 44, 34, 22, 24, 60, 4, 54, 5, 63, 53, 29, 35, 46, 48, 33, 51, 7, 64, 57, 8, 50, 9, 42, 59, 58, 28, 11, 20, 47, 62, 12, 52, 13, 21, 43, 55, 15, 32, 61, 18, 19, 26, 39, 23, 25, 31, 45 ],
\[ 4, 7, 15, 20, 21, 28, 32, 1, 12, 40, 25, 46, 2, 33, 52, 53, 9, 3, 23, 8, 49, 48, 38, 39, 56, 5, 50, 63, 44, 6, 34, 13, 60, 54, 37, 42, 47, 59, 36, 61, 14, 24, 10, 58, 11, 17, 51, 16, 26, 57, 35, 18, 22, 64, 29, 45, 62, 55, 19, 41, 43, 27, 30, 31 ] >;
s`SolvableDBAutomorphismGroup := PermutationGroup<64 |  
\[ 62, 37, 25, 27, 34, 53, 47, 57, 43, 8, 59, 10, 35, 5, 56, 7, 61, 11, 30, 50, 54, 13, 6, 15, 19, 31, 55, 22, 60, 16, 12, 51, 21, 46, 39, 18, 36, 28, 52, 1, 26, 3, 20, 41, 38, 40, 42, 2, 64, 29, 24, 45, 32, 17, 33, 23, 44, 14, 63, 49, 4, 58, 48, 9 ],
\[ 47, 12, 62, 51, 19, 21, 46, 37, 22, 2, 44, 48, 9, 25, 27, 34, 53, 57, 14, 35, 23, 64, 33, 4, 58, 59, 24, 49, 52, 5, 63, 17, 56, 30, 43, 8, 10, 60, 20, 7, 11, 1, 13, 18, 29, 16, 40, 31, 38, 39, 61, 50, 54, 6, 15, 55, 36, 3, 41, 45, 32, 42, 26, 28 ],
\[ 64, 51, 45, 31, 50, 48, 35, 54, 14, 21, 23, 33, 47, 20, 11, 13, 41, 56, 28, 34, 57, 7, 63, 18, 38, 27, 12, 16, 40, 22, 55, 37, 8, 29, 42, 15, 24, 30, 3, 49, 4, 52, 5, 61, 19, 60, 39, 32, 62, 46, 36, 25, 2, 44, 10, 59, 17, 43, 6, 1, 26, 9, 53, 58 ],
\[ 2, 9, 10, 7, 11, 1, 12, 13, 24, 38, 29, 39, 17, 37, 40, 41, 42, 43, 31, 32, 25, 33, 34, 5, 44, 45, 3, 4, 6, 8, 22, 46, 47, 48, 27, 49, 50, 54, 21, 59, 35, 26, 23, 28, 55, 36, 57, 60, 56, 15, 62, 61, 14, 16, 30, 58, 52, 63, 64, 51, 19, 18, 20, 53 ]:
 Order := 64 >;
s`SolvableDBPointedAutomorphismGroup := PermutationGroup<64 |  
\[ 6, 1, 27, 28, 24, 29, 4, 30, 2, 3, 5, 7, 8, 53, 50, 54, 13, 62, 61, 63, 39, 31, 43, 9, 21, 42, 35, 44, 11, 55, 19, 20, 22, 23, 41, 46, 14, 10, 12, 15, 16, 17, 18, 25, 26, 32, 33, 34, 36, 37, 60, 57, 64, 38, 45, 49, 47, 56, 40, 48, 52, 51, 58, 59 ]:
 Order := 8 >;

/*
Top Level Belyi Curve/Map
*/


/*
Graph Data
*/

s`SolvableDBPathToPP1 := [ Strings() | "PP1", "2T1-2,1,2-g0-path1", "4T2-2,2,2-g0-path2", "8T2-4,2,4-g1-path4", "16T8-4,4,4-g3-path9", "32S13-4,8,4-g7-path17", "64S46-8,16,4-g19-path17" ];
s`SolvableDBChildren := [ Strings() | "32S13-4,8,4-g7-path17" ];

/*
Return for eval
*/

return s;
