s := SolvableDBInitialize();

/*
Magma printing
*/

s`SolvableDBName := "64S48-4,4,16-g15-path23";
s`SolvableDBFilename := "64S48-4,4,16-g15-path23.m";
s`SolvableDBPassportName := "64S48-4,4,16-g15";
s`SolvableDBPathNumber := 23;
s`SolvableDBDegree := 64;
s`SolvableDBOrders := \[ 4, 4, 16 ];
s`SolvableDBType := "Hyperbolic";
s`SolvableDBGenus := 15;
s`SolvableDBGaloisOrbitSize := 1;
s`SolvableDBPassportSize := 1;
s`SolvableDBPointedPassportSize := 1;
s`SolvableDBLevel := 6;
s`SolvableDBBlocks := {@ PowerSet(IntegerRing()) |
{ IntegerRing() | 1, 5 },
{ IntegerRing() | 2, 11 },
{ IntegerRing() | 3, 7 },
{ IntegerRing() | 4, 20 },
{ IntegerRing() | 6, 18 },
{ IntegerRing() | 8, 14 },
{ IntegerRing() | 9, 30 },
{ IntegerRing() | 10, 12 },
{ IntegerRing() | 13, 21 },
{ IntegerRing() | 15, 24 },
{ IntegerRing() | 16, 25 },
{ IntegerRing() | 17, 23 },
{ IntegerRing() | 19, 33 },
{ IntegerRing() | 22, 26 },
{ IntegerRing() | 27, 28 },
{ IntegerRing() | 29, 35 },
{ IntegerRing() | 31, 32 },
{ IntegerRing() | 34, 42 },
{ IntegerRing() | 36, 38 },
{ IntegerRing() | 37, 43 },
{ IntegerRing() | 39, 41 },
{ IntegerRing() | 40, 49 },
{ IntegerRing() | 44, 45 },
{ IntegerRing() | 46, 51 },
{ IntegerRing() | 47, 48 },
{ IntegerRing() | 50, 57 },
{ IntegerRing() | 52, 54 },
{ IntegerRing() | 53, 59 },
{ IntegerRing() | 55, 58 },
{ IntegerRing() | 56, 64 },
{ IntegerRing() | 60, 61 },
{ IntegerRing() | 62, 63 }
@};
s`SolvableDBIsRamifiedAtEveryLevel := true;
s`SolvableDBGaloisOrbit := [ PowerSequence(PermutationGroup<64 |  
\[ 2, 3, 4, 5, 6, 7, 8, 9, 10, 11, 12, 13, 14, 15, 16, 17, 18, 19, 20, 21, 22, 23, 24, 25, 26, 27, 28, 29, 30, 31, 32, 33, 34, 35, 36, 37, 38, 39, 40, 41, 42, 43, 44, 45, 46, 47, 48, 49, 50, 51, 52, 53, 54, 55, 56, 57, 58, 59, 60, 61, 62, 63, 64, 1 ],
\[ 2, 1, 3, 4, 5, 6, 7, 8, 9, 10, 11, 12, 13, 14, 15, 16, 17, 18, 19, 20, 21, 22, 23, 24, 25, 26, 27, 28, 29, 30, 31, 32, 33, 34, 35, 36, 37, 38, 39, 40, 41, 42, 43, 44, 45, 46, 47, 48, 49, 50, 51, 52, 53, 54, 55, 56, 57, 58, 59, 60, 61, 62, 63, 64 ]:
 Order := 126886932185884164103433389335161480802865516174545192198801894375214704230400000000000000 >) |
[ PermutationGroup<64 |  
\[ 2, 3, 4, 5, 6, 7, 8, 9, 10, 11, 12, 13, 14, 15, 16, 17, 18, 19, 20, 21, 22, 23, 24, 25, 26, 27, 28, 29, 30, 31, 32, 33, 34, 35, 36, 37, 38, 39, 40, 41, 42, 43, 44, 45, 46, 47, 48, 49, 50, 51, 52, 53, 54, 55, 56, 57, 58, 59, 60, 61, 62, 63, 64, 1 ],
\[ 2, 1, 3, 4, 5, 6, 7, 8, 9, 10, 11, 12, 13, 14, 15, 16, 17, 18, 19, 20, 21, 22, 23, 24, 25, 26, 27, 28, 29, 30, 31, 32, 33, 34, 35, 36, 37, 38, 39, 40, 41, 42, 43, 44, 45, 46, 47, 48, 49, 50, 51, 52, 53, 54, 55, 56, 57, 58, 59, 60, 61, 62, 63, 64 ]:
 Order := 126886932185884164103433389335161480802865516174545192198801894375214704230400000000000000 > |
[ 11, 30, 8, 23, 2, 5, 14, 22, 18, 13, 9, 21, 4, 26, 38, 7, 12, 1, 42, 17, 20, 25, 10, 36, 3, 16, 29, 35, 24, 6, 39, 41, 34, 32, 15, 27, 46, 28, 19, 58, 33, 31, 51, 54, 52, 45, 50, 57, 55, 40, 44, 37, 56, 43, 48, 61, 49, 47, 64, 62, 63, 59, 53, 60 ],
[ 3, 10, 5, 18, 7, 4, 1, 27, 22, 11, 12, 2, 33, 28, 25, 15, 31, 20, 13, 6, 19, 30, 32, 16, 24, 9, 14, 8, 37, 26, 23, 17, 21, 47, 43, 45, 35, 44, 49, 39, 40, 48, 29, 36, 38, 60, 42, 34, 41, 64, 61, 59, 52, 53, 63, 50, 56, 62, 54, 51, 46, 55, 58, 57 ],
[ 4, 3, 15, 19, 20, 22, 24, 1, 10, 31, 7, 32, 2, 5, 37, 30, 18, 26, 40, 33, 11, 28, 6, 43, 9, 27, 44, 45, 8, 12, 47, 48, 49, 13, 14, 25, 53, 16, 17, 56, 23, 21, 59, 60, 61, 29, 63, 62, 64, 34, 35, 36, 55, 38, 39, 54, 42, 41, 58, 50, 57, 46, 51, 52 ]
]
];
s`SolvableDBPassport := [ PowerSequence(PermutationGroup<64 |  
\[ 11, 30, 8, 23, 2, 5, 14, 22, 18, 13, 9, 21, 4, 26, 38, 7, 12, 1, 42, 17, 20, 25, 10, 36, 3, 16, 29, 35, 24, 6, 39, 41, 34, 32, 15, 27, 46, 28, 19, 58, 33, 31, 51, 54, 52, 45, 50, 57, 55, 40, 44, 37, 56, 43, 48, 61, 49, 47, 64, 62, 63, 59, 53, 60 ],
\[ 3, 10, 5, 18, 7, 4, 1, 27, 22, 11, 12, 2, 33, 28, 25, 15, 31, 20, 13, 6, 19, 30, 32, 16, 24, 9, 14, 8, 37, 26, 23, 17, 21, 47, 43, 45, 35, 44, 49, 39, 40, 48, 29, 36, 38, 60, 42, 34, 41, 64, 61, 59, 52, 53, 63, 50, 56, 62, 54, 51, 46, 55, 58, 57 ],
\[ 4, 3, 15, 19, 20, 22, 24, 1, 10, 31, 7, 32, 2, 5, 37, 30, 18, 26, 40, 33, 11, 28, 6, 43, 9, 27, 44, 45, 8, 12, 47, 48, 49, 13, 14, 25, 53, 16, 17, 56, 23, 21, 59, 60, 61, 29, 63, 62, 64, 34, 35, 36, 55, 38, 39, 54, 42, 41, 58, 50, 57, 46, 51, 52 ]:
 Order := 64 >) |
[ PermutationGroup<64 |  
\[ 11, 30, 8, 23, 2, 5, 14, 22, 18, 13, 9, 21, 4, 26, 38, 7, 12, 1, 42, 17, 20, 25, 10, 36, 3, 16, 29, 35, 24, 6, 39, 41, 34, 32, 15, 27, 46, 28, 19, 58, 33, 31, 51, 54, 52, 45, 50, 57, 55, 40, 44, 37, 56, 43, 48, 61, 49, 47, 64, 62, 63, 59, 53, 60 ],
\[ 3, 10, 5, 18, 7, 4, 1, 27, 22, 11, 12, 2, 33, 28, 25, 15, 31, 20, 13, 6, 19, 30, 32, 16, 24, 9, 14, 8, 37, 26, 23, 17, 21, 47, 43, 45, 35, 44, 49, 39, 40, 48, 29, 36, 38, 60, 42, 34, 41, 64, 61, 59, 52, 53, 63, 50, 56, 62, 54, 51, 46, 55, 58, 57 ],
\[ 4, 3, 15, 19, 20, 22, 24, 1, 10, 31, 7, 32, 2, 5, 37, 30, 18, 26, 40, 33, 11, 28, 6, 43, 9, 27, 44, 45, 8, 12, 47, 48, 49, 13, 14, 25, 53, 16, 17, 56, 23, 21, 59, 60, 61, 29, 63, 62, 64, 34, 35, 36, 55, 38, 39, 54, 42, 41, 58, 50, 57, 46, 51, 52 ]:
 Order := 64 > |
[ 11, 30, 8, 23, 2, 5, 14, 22, 18, 13, 9, 21, 4, 26, 38, 7, 12, 1, 42, 17, 20, 25, 10, 36, 3, 16, 29, 35, 24, 6, 39, 41, 34, 32, 15, 27, 46, 28, 19, 58, 33, 31, 51, 54, 52, 45, 50, 57, 55, 40, 44, 37, 56, 43, 48, 61, 49, 47, 64, 62, 63, 59, 53, 60 ],
[ 3, 10, 5, 18, 7, 4, 1, 27, 22, 11, 12, 2, 33, 28, 25, 15, 31, 20, 13, 6, 19, 30, 32, 16, 24, 9, 14, 8, 37, 26, 23, 17, 21, 47, 43, 45, 35, 44, 49, 39, 40, 48, 29, 36, 38, 60, 42, 34, 41, 64, 61, 59, 52, 53, 63, 50, 56, 62, 54, 51, 46, 55, 58, 57 ],
[ 4, 3, 15, 19, 20, 22, 24, 1, 10, 31, 7, 32, 2, 5, 37, 30, 18, 26, 40, 33, 11, 28, 6, 43, 9, 27, 44, 45, 8, 12, 47, 48, 49, 13, 14, 25, 53, 16, 17, 56, 23, 21, 59, 60, 61, 29, 63, 62, 64, 34, 35, 36, 55, 38, 39, 54, 42, 41, 58, 50, 57, 46, 51, 52 ]
]
];
s`SolvableDBPointedPassport := [ PowerSequence(PermutationGroup<64 |  
\[ 2, 3, 4, 5, 6, 7, 8, 9, 10, 11, 12, 13, 14, 15, 16, 17, 18, 19, 20, 21, 22, 23, 24, 25, 26, 27, 28, 29, 30, 31, 32, 33, 34, 35, 36, 37, 38, 39, 40, 41, 42, 43, 44, 45, 46, 47, 48, 49, 50, 51, 52, 53, 54, 55, 56, 57, 58, 59, 60, 61, 62, 63, 64, 1 ],
\[ 2, 1, 3, 4, 5, 6, 7, 8, 9, 10, 11, 12, 13, 14, 15, 16, 17, 18, 19, 20, 21, 22, 23, 24, 25, 26, 27, 28, 29, 30, 31, 32, 33, 34, 35, 36, 37, 38, 39, 40, 41, 42, 43, 44, 45, 46, 47, 48, 49, 50, 51, 52, 53, 54, 55, 56, 57, 58, 59, 60, 61, 62, 63, 64 ]:
 Order := 126886932185884164103433389335161480802865516174545192198801894375214704230400000000000000 >) |
[ PermutationGroup<64 |  
\[ 2, 3, 4, 5, 6, 7, 8, 9, 10, 11, 12, 13, 14, 15, 16, 17, 18, 19, 20, 21, 22, 23, 24, 25, 26, 27, 28, 29, 30, 31, 32, 33, 34, 35, 36, 37, 38, 39, 40, 41, 42, 43, 44, 45, 46, 47, 48, 49, 50, 51, 52, 53, 54, 55, 56, 57, 58, 59, 60, 61, 62, 63, 64, 1 ],
\[ 2, 1, 3, 4, 5, 6, 7, 8, 9, 10, 11, 12, 13, 14, 15, 16, 17, 18, 19, 20, 21, 22, 23, 24, 25, 26, 27, 28, 29, 30, 31, 32, 33, 34, 35, 36, 37, 38, 39, 40, 41, 42, 43, 44, 45, 46, 47, 48, 49, 50, 51, 52, 53, 54, 55, 56, 57, 58, 59, 60, 61, 62, 63, 64 ]:
 Order := 126886932185884164103433389335161480802865516174545192198801894375214704230400000000000000 > |
[ 59, 62, 40, 45, 53, 64, 49, 57, 60, 37, 63, 43, 54, 50, 32, 58, 46, 56, 24, 44, 52, 47, 51, 31, 55, 48, 19, 33, 41, 61, 27, 28, 15, 29, 39, 34, 4, 42, 38, 22, 36, 35, 20, 12, 10, 21, 3, 7, 26, 16, 13, 17, 30, 23, 8, 11, 25, 14, 9, 1, 5, 6, 18, 2 ],
[ 55, 51, 64, 60, 58, 54, 56, 34, 57, 59, 46, 53, 36, 42, 47, 39, 35, 52, 37, 61, 38, 62, 29, 48, 41, 63, 49, 40, 17, 50, 45, 44, 43, 14, 23, 21, 33, 13, 25, 27, 16, 8, 19, 31, 32, 2, 24, 15, 28, 9, 11, 6, 10, 18, 5, 3, 30, 1, 12, 20, 4, 26, 22, 7 ],
[ 4, 3, 15, 19, 20, 22, 24, 1, 10, 31, 7, 32, 2, 5, 37, 30, 18, 26, 40, 33, 11, 28, 6, 43, 9, 27, 44, 45, 8, 12, 47, 48, 49, 13, 14, 25, 53, 16, 17, 56, 23, 21, 59, 60, 61, 29, 63, 62, 64, 34, 35, 36, 55, 38, 39, 54, 42, 41, 58, 50, 57, 46, 51, 52 ]
]
];
s`SolvableDBMonodromyGroup := PermutationGroup<64 |  
\[ 11, 30, 8, 23, 2, 5, 14, 22, 18, 13, 9, 21, 4, 26, 38, 7, 12, 1, 42, 17, 20, 25, 10, 36, 3, 16, 29, 35, 24, 6, 39, 41, 34, 32, 15, 27, 46, 28, 19, 58, 33, 31, 51, 54, 52, 45, 50, 57, 55, 40, 44, 37, 56, 43, 48, 61, 49, 47, 64, 62, 63, 59, 53, 60 ],
\[ 3, 10, 5, 18, 7, 4, 1, 27, 22, 11, 12, 2, 33, 28, 25, 15, 31, 20, 13, 6, 19, 30, 32, 16, 24, 9, 14, 8, 37, 26, 23, 17, 21, 47, 43, 45, 35, 44, 49, 39, 40, 48, 29, 36, 38, 60, 42, 34, 41, 64, 61, 59, 52, 53, 63, 50, 56, 62, 54, 51, 46, 55, 58, 57 ],
\[ 4, 3, 15, 19, 20, 22, 24, 1, 10, 31, 7, 32, 2, 5, 37, 30, 18, 26, 40, 33, 11, 28, 6, 43, 9, 27, 44, 45, 8, 12, 47, 48, 49, 13, 14, 25, 53, 16, 17, 56, 23, 21, 59, 60, 61, 29, 63, 62, 64, 34, 35, 36, 55, 38, 39, 54, 42, 41, 58, 50, 57, 46, 51, 52 ] >;
s`SolvableDBAutomorphismGroup := PermutationGroup<64 |  
\[ 18, 5, 20, 26, 6, 30, 4, 17, 11, 7, 1, 3, 14, 23, 33, 13, 25, 9, 27, 22, 8, 12, 16, 19, 21, 10, 31, 32, 39, 2, 24, 15, 28, 35, 41, 42, 49, 34, 36, 44, 38, 29, 40, 47, 48, 55, 43, 37, 45, 51, 58, 57, 64, 50, 52, 60, 46, 54, 56, 63, 62, 53, 59, 61 ],
\[ 30, 18, 26, 12, 9, 11, 22, 16, 5, 20, 6, 4, 17, 25, 27, 8, 13, 2, 32, 10, 23, 7, 21, 28, 14, 3, 15, 24, 38, 1, 33, 19, 31, 39, 36, 35, 44, 29, 34, 48, 42, 41, 45, 37, 43, 54, 49, 40, 47, 55, 52, 51, 60, 46, 50, 62, 58, 57, 61, 53, 59, 56, 64, 63 ],
\[ 26, 25, 9, 27, 22, 8, 30, 18, 7, 24, 16, 15, 36, 6, 10, 2, 35, 14, 44, 28, 38, 1, 29, 12, 11, 5, 20, 4, 17, 3, 43, 37, 45, 52, 23, 21, 31, 13, 51, 60, 46, 54, 32, 33, 19, 39, 59, 53, 61, 64, 41, 42, 47, 34, 63, 50, 56, 62, 48, 49, 40, 55, 58, 57 ]:
 Order := 64 >;
s`SolvableDBPointedAutomorphismGroup := PermutationGroup<64 |  
\[ 11, 30, 12, 7, 2, 5, 10, 21, 18, 26, 9, 22, 16, 13, 32, 23, 8, 1, 24, 3, 25, 20, 14, 31, 17, 4, 19, 33, 42, 6, 27, 28, 15, 38, 34, 39, 48, 41, 29, 43, 35, 36, 47, 40, 49, 57, 44, 45, 37, 54, 50, 55, 62, 58, 46, 59, 52, 51, 63, 56, 64, 61, 60, 53 ]:
 Order := 4 >;
s`SolvableDBPathToPP1 := [ Strings() | "PP1", "2T1-1,2,2-g0-path1", "4T2-2,2,2-g0-path1", "8T4-2,2,4-g0-path1", "16T13-2,2,8-g0-path1", "32S19-4,2,16-g4-path2", "64S48-4,4,16-g15-path23" ];
s`SolvableDBParents := [ Strings() | "128S158-8,4,32-g39-path25", "128S158-4,8,32-g39-path25", "128S104-8,8,16-g45-path127", "128S158-8,4,32-g39-path26", "128S158-4,8,32-g39-path26", "128S104-8,8,16-g45-path128", "128S112-4,4,16-g29-path311" ];
s`SolvableDBChild := "32S19-4,2,16-g4-path2";

/*
Return for eval
*/

return s;
