s := SolvableDBObjectInitialize();

/*
Basic Information about the Passport
*/

s`SolvableDBName := "64S45-8,16,16-g25-path21";
s`SolvableDBFilename := "64S45-8,16,16-g25-path21.m";
s`SolvableDBPathNumber := 21;
s`SolvableDBDegree := 64;
s`SolvableDBABC := \[ 8, 16, 16 ];
s`SolvableDBType := "Hyperbolic";
s`SolvableDBGenus := 25;
s`SolvableDBGaloisOrbitSize := 1;
s`SolvableDBPassportSize := 2;
s`SolvableDBPointedPassportSize := 2;
s`SolvableDBLevel := 6;
s`SolvableDBBlocks := {@ PowerSet(IntegerRing()) |
{ IntegerRing() | 1, 5 },
{ IntegerRing() | 2, 12 },
{ IntegerRing() | 3, 16 },
{ IntegerRing() | 4, 22 },
{ IntegerRing() | 6, 20 },
{ IntegerRing() | 7, 11 },
{ IntegerRing() | 8, 14 },
{ IntegerRing() | 9, 25 },
{ IntegerRing() | 10, 17 },
{ IntegerRing() | 13, 28 },
{ IntegerRing() | 15, 32 },
{ IntegerRing() | 18, 33 },
{ IntegerRing() | 19, 24 },
{ IntegerRing() | 21, 29 },
{ IntegerRing() | 23, 43 },
{ IntegerRing() | 26, 30 },
{ IntegerRing() | 27, 35 },
{ IntegerRing() | 31, 37 },
{ IntegerRing() | 34, 40 },
{ IntegerRing() | 36, 44 },
{ IntegerRing() | 38, 42 },
{ IntegerRing() | 39, 52 },
{ IntegerRing() | 41, 53 },
{ IntegerRing() | 45, 48 },
{ IntegerRing() | 46, 50 },
{ IntegerRing() | 47, 55 },
{ IntegerRing() | 49, 54 },
{ IntegerRing() | 51, 56 },
{ IntegerRing() | 57, 60 },
{ IntegerRing() | 58, 62 },
{ IntegerRing() | 59, 63 },
{ IntegerRing() | 61, 64 }
@};

/*
Permutations and Passports
*/

s`SolvableDBGaloisOrbit := [ PowerSequence(PermutationGroup<64 |  
\[ 2, 3, 4, 5, 6, 7, 8, 9, 10, 11, 12, 13, 14, 15, 16, 17, 18, 19, 20, 21, 22, 23, 24, 25, 26, 27, 28, 29, 30, 31, 32, 33, 34, 35, 36, 37, 38, 39, 40, 41, 42, 43, 44, 45, 46, 47, 48, 49, 50, 51, 52, 53, 54, 55, 56, 57, 58, 59, 60, 61, 62, 63, 64, 1 ],
\[ 2, 1, 3, 4, 5, 6, 7, 8, 9, 10, 11, 12, 13, 14, 15, 16, 17, 18, 19, 20, 21, 22, 23, 24, 25, 26, 27, 28, 29, 30, 31, 32, 33, 34, 35, 36, 37, 38, 39, 40, 41, 42, 43, 44, 45, 46, 47, 48, 49, 50, 51, 52, 53, 54, 55, 56, 57, 58, 59, 60, 61, 62, 63, 64 ]:
 Order := 126886932185884164103433389335161480802865516174545192198801894375214704230400000000000000 >) |
[ PermutationGroup<64 |  
\[ 2, 3, 4, 5, 6, 7, 8, 9, 10, 11, 12, 13, 14, 15, 16, 17, 18, 19, 20, 21, 22, 23, 24, 25, 26, 27, 28, 29, 30, 31, 32, 33, 34, 35, 36, 37, 38, 39, 40, 41, 42, 43, 44, 45, 46, 47, 48, 49, 50, 51, 52, 53, 54, 55, 56, 57, 58, 59, 60, 61, 62, 63, 64, 1 ],
\[ 2, 1, 3, 4, 5, 6, 7, 8, 9, 10, 11, 12, 13, 14, 15, 16, 17, 18, 19, 20, 21, 22, 23, 24, 25, 26, 27, 28, 29, 30, 31, 32, 33, 34, 35, 36, 37, 38, 39, 40, 41, 42, 43, 44, 45, 46, 47, 48, 49, 50, 51, 52, 53, 54, 55, 56, 57, 58, 59, 60, 61, 62, 63, 64 ]:
 Order := 126886932185884164103433389335161480802865516174545192198801894375214704230400000000000000 > |
[ 12, 25, 8, 24, 2, 5, 22, 26, 6, 3, 4, 9, 7, 30, 18, 14, 16, 40, 28, 1, 27, 19, 29, 13, 20, 17, 44, 11, 35, 10, 32, 33, 34, 37, 36, 43, 15, 39, 51, 31, 42, 52, 21, 23, 47, 48, 54, 55, 50, 45, 41, 56, 38, 46, 49, 53, 58, 61, 60, 62, 59, 64, 57, 63 ],
[ 3, 10, 15, 20, 16, 8, 1, 31, 30, 33, 5, 17, 2, 37, 38, 32, 18, 41, 25, 14, 11, 6, 4, 9, 26, 34, 13, 12, 7, 40, 39, 42, 53, 51, 28, 24, 52, 57, 59, 56, 58, 60, 22, 19, 43, 21, 44, 23, 27, 29, 64, 63, 62, 35, 36, 61, 46, 49, 48, 50, 47, 54, 45, 55 ],
[ 4, 11, 2, 21, 22, 24, 27, 1, 28, 9, 35, 7, 36, 5, 14, 12, 25, 3, 43, 19, 45, 29, 47, 23, 13, 6, 46, 44, 48, 20, 30, 8, 16, 10, 50, 54, 26, 33, 15, 17, 34, 18, 55, 49, 60, 62, 63, 57, 64, 58, 31, 32, 40, 61, 59, 37, 52, 38, 56, 39, 41, 42, 51, 53 ]
]
];
s`SolvableDBPassport := [ PowerSequence(PermutationGroup<64 |  
\[ 12, 25, 8, 24, 2, 5, 22, 26, 6, 3, 4, 9, 7, 30, 18, 14, 16, 40, 28, 1, 27, 19, 29, 13, 20, 17, 44, 11, 35, 10, 32, 33, 34, 37, 36, 43, 15, 39, 51, 31, 42, 52, 21, 23, 47, 48, 54, 55, 50, 45, 41, 56, 38, 46, 49, 53, 58, 61, 60, 62, 59, 64, 57, 63 ],
\[ 3, 10, 15, 20, 16, 8, 1, 31, 30, 33, 5, 17, 2, 37, 38, 32, 18, 41, 25, 14, 11, 6, 4, 9, 26, 34, 13, 12, 7, 40, 39, 42, 53, 51, 28, 24, 52, 57, 59, 56, 58, 60, 22, 19, 43, 21, 44, 23, 27, 29, 64, 63, 62, 35, 36, 61, 46, 49, 48, 50, 47, 54, 45, 55 ],
\[ 4, 11, 2, 21, 22, 24, 27, 1, 28, 9, 35, 7, 36, 5, 14, 12, 25, 3, 43, 19, 45, 29, 47, 23, 13, 6, 46, 44, 48, 20, 30, 8, 16, 10, 50, 54, 26, 33, 15, 17, 34, 18, 55, 49, 60, 62, 63, 57, 64, 58, 31, 32, 40, 61, 59, 37, 52, 38, 56, 39, 41, 42, 51, 53 ]:
 Order := 64 >) |
[ PermutationGroup<64 |  
\[ 12, 25, 8, 24, 2, 5, 22, 26, 6, 3, 4, 9, 7, 30, 18, 14, 16, 40, 28, 1, 27, 19, 29, 13, 20, 17, 44, 11, 35, 10, 32, 33, 34, 37, 36, 43, 15, 39, 51, 31, 42, 52, 21, 23, 47, 48, 54, 55, 50, 45, 41, 56, 38, 46, 49, 53, 58, 61, 60, 62, 59, 64, 57, 63 ],
\[ 3, 10, 15, 20, 16, 8, 1, 31, 30, 33, 5, 17, 2, 37, 38, 32, 18, 41, 25, 14, 11, 6, 4, 9, 26, 34, 13, 12, 7, 40, 39, 42, 53, 51, 28, 24, 52, 57, 59, 56, 58, 60, 22, 19, 43, 21, 44, 23, 27, 29, 64, 63, 62, 35, 36, 61, 46, 49, 48, 50, 47, 54, 45, 55 ],
\[ 4, 11, 2, 21, 22, 24, 27, 1, 28, 9, 35, 7, 36, 5, 14, 12, 25, 3, 43, 19, 45, 29, 47, 23, 13, 6, 46, 44, 48, 20, 30, 8, 16, 10, 50, 54, 26, 33, 15, 17, 34, 18, 55, 49, 60, 62, 63, 57, 64, 58, 31, 32, 40, 61, 59, 37, 52, 38, 56, 39, 41, 42, 51, 53 ]:
 Order := 64 > |
[ 62, 61, 45, 51, 58, 57, 52, 47, 63, 50, 39, 64, 42, 55, 35, 48, 46, 36, 53, 60, 18, 56, 32, 41, 59, 54, 40, 38, 33, 49, 21, 27, 44, 23, 34, 37, 29, 22, 19, 43, 11, 4, 15, 31, 30, 8, 10, 26, 16, 14, 28, 24, 7, 3, 17, 13, 12, 9, 5, 2, 6, 25, 1, 20 ],
[ 3, 10, 15, 20, 16, 8, 1, 31, 30, 33, 5, 17, 2, 37, 38, 32, 18, 41, 25, 14, 11, 6, 4, 9, 26, 34, 13, 12, 7, 40, 39, 42, 53, 51, 28, 24, 52, 57, 59, 56, 58, 60, 22, 19, 43, 21, 44, 23, 27, 29, 64, 63, 62, 35, 36, 61, 46, 49, 48, 50, 47, 54, 45, 55 ],
[ 52, 42, 62, 32, 39, 56, 33, 57, 41, 61, 18, 38, 40, 60, 45, 58, 64, 46, 31, 51, 8, 15, 26, 37, 53, 59, 16, 34, 14, 63, 47, 48, 50, 54, 3, 17, 55, 35, 21, 49, 36, 27, 30, 10, 1, 12, 6, 5, 9, 2, 23, 29, 44, 25, 20, 43, 22, 11, 19, 4, 13, 7, 24, 28 ]
],
[ PermutationGroup<64 |  
\[ 12, 25, 8, 24, 2, 5, 22, 26, 6, 3, 4, 9, 7, 30, 18, 14, 16, 40, 28, 1, 27, 19, 29, 13, 20, 17, 44, 11, 35, 10, 32, 33, 34, 37, 36, 43, 15, 39, 51, 31, 42, 52, 21, 23, 47, 48, 54, 55, 50, 45, 41, 56, 38, 46, 49, 53, 58, 61, 60, 62, 59, 64, 57, 63 ],
\[ 3, 10, 15, 20, 16, 8, 1, 31, 30, 33, 5, 17, 2, 37, 38, 32, 18, 41, 25, 14, 11, 6, 4, 9, 26, 34, 13, 12, 7, 40, 39, 42, 53, 51, 28, 24, 52, 57, 59, 56, 58, 60, 22, 19, 43, 21, 44, 23, 27, 29, 64, 63, 62, 35, 36, 61, 46, 49, 48, 50, 47, 54, 45, 55 ],
\[ 4, 11, 2, 21, 22, 24, 27, 1, 28, 9, 35, 7, 36, 5, 14, 12, 25, 3, 43, 19, 45, 29, 47, 23, 13, 6, 46, 44, 48, 20, 30, 8, 16, 10, 50, 54, 26, 33, 15, 17, 34, 18, 55, 49, 60, 62, 63, 57, 64, 58, 31, 32, 40, 61, 59, 37, 52, 38, 56, 39, 41, 42, 51, 53 ]:
 Order := 64 > |
[ 2, 9, 14, 19, 12, 1, 4, 30, 20, 16, 22, 25, 11, 26, 33, 8, 3, 34, 13, 5, 35, 24, 21, 28, 6, 10, 36, 7, 27, 17, 15, 18, 40, 31, 44, 23, 32, 52, 56, 37, 38, 39, 29, 43, 55, 45, 49, 47, 46, 48, 53, 51, 42, 50, 54, 41, 62, 64, 57, 58, 63, 61, 60, 59 ],
[ 3, 10, 15, 20, 16, 8, 1, 31, 30, 33, 5, 17, 2, 37, 38, 32, 18, 41, 25, 14, 11, 6, 4, 9, 26, 34, 13, 12, 7, 40, 39, 42, 53, 51, 28, 24, 52, 57, 59, 56, 58, 60, 22, 19, 43, 21, 44, 23, 27, 29, 64, 63, 62, 35, 36, 61, 46, 49, 48, 50, 47, 54, 45, 55 ],
[ 22, 7, 12, 29, 4, 19, 35, 5, 13, 25, 27, 11, 44, 1, 8, 2, 9, 16, 23, 24, 48, 21, 55, 43, 28, 20, 50, 36, 45, 6, 26, 14, 3, 17, 46, 49, 30, 18, 32, 10, 40, 33, 47, 54, 57, 58, 59, 60, 61, 62, 37, 15, 34, 64, 63, 31, 39, 42, 51, 52, 53, 38, 56, 41 ]
]
];
s`SolvableDBPointedPassport := [ PowerSequence(PermutationGroup<64 |  
\[ 12, 25, 8, 24, 2, 5, 22, 26, 6, 3, 4, 9, 7, 30, 18, 14, 16, 40, 28, 1, 27, 19, 29, 13, 20, 17, 44, 11, 35, 10, 32, 33, 34, 37, 36, 43, 15, 39, 51, 31, 42, 52, 21, 23, 47, 48, 54, 55, 50, 45, 41, 56, 38, 46, 49, 53, 58, 61, 60, 62, 59, 64, 57, 63 ],
\[ 3, 10, 15, 20, 16, 8, 1, 31, 30, 33, 5, 17, 2, 37, 38, 32, 18, 41, 25, 14, 11, 6, 4, 9, 26, 34, 13, 12, 7, 40, 39, 42, 53, 51, 28, 24, 52, 57, 59, 56, 58, 60, 22, 19, 43, 21, 44, 23, 27, 29, 64, 63, 62, 35, 36, 61, 46, 49, 48, 50, 47, 54, 45, 55 ],
\[ 4, 11, 2, 21, 22, 24, 27, 1, 28, 9, 35, 7, 36, 5, 14, 12, 25, 3, 43, 19, 45, 29, 47, 23, 13, 6, 46, 44, 48, 20, 30, 8, 16, 10, 50, 54, 26, 33, 15, 17, 34, 18, 55, 49, 60, 62, 63, 57, 64, 58, 31, 32, 40, 61, 59, 37, 52, 38, 56, 39, 41, 42, 51, 53 ]:
 Order := 64 >) |
[ PermutationGroup<64 |  
\[ 12, 25, 8, 24, 2, 5, 22, 26, 6, 3, 4, 9, 7, 30, 18, 14, 16, 40, 28, 1, 27, 19, 29, 13, 20, 17, 44, 11, 35, 10, 32, 33, 34, 37, 36, 43, 15, 39, 51, 31, 42, 52, 21, 23, 47, 48, 54, 55, 50, 45, 41, 56, 38, 46, 49, 53, 58, 61, 60, 62, 59, 64, 57, 63 ],
\[ 3, 10, 15, 20, 16, 8, 1, 31, 30, 33, 5, 17, 2, 37, 38, 32, 18, 41, 25, 14, 11, 6, 4, 9, 26, 34, 13, 12, 7, 40, 39, 42, 53, 51, 28, 24, 52, 57, 59, 56, 58, 60, 22, 19, 43, 21, 44, 23, 27, 29, 64, 63, 62, 35, 36, 61, 46, 49, 48, 50, 47, 54, 45, 55 ],
\[ 4, 11, 2, 21, 22, 24, 27, 1, 28, 9, 35, 7, 36, 5, 14, 12, 25, 3, 43, 19, 45, 29, 47, 23, 13, 6, 46, 44, 48, 20, 30, 8, 16, 10, 50, 54, 26, 33, 15, 17, 34, 18, 55, 49, 60, 62, 63, 57, 64, 58, 31, 32, 40, 61, 59, 37, 52, 38, 56, 39, 41, 42, 51, 53 ]:
 Order := 64 > |
[ 26, 8, 40, 12, 30, 17, 9, 33, 3, 37, 25, 14, 20, 18, 51, 34, 31, 52, 1, 10, 24, 2, 13, 5, 16, 15, 22, 6, 19, 32, 41, 56, 39, 42, 4, 7, 53, 61, 62, 38, 59, 64, 28, 11, 27, 44, 29, 35, 23, 36, 57, 58, 63, 43, 21, 60, 55, 45, 49, 47, 46, 48, 54, 50 ],
[ 52, 42, 62, 32, 39, 56, 33, 57, 41, 61, 18, 38, 40, 60, 45, 58, 64, 46, 31, 51, 8, 15, 26, 37, 53, 59, 16, 34, 14, 63, 47, 48, 50, 54, 3, 17, 55, 35, 21, 49, 36, 27, 30, 10, 1, 12, 6, 5, 9, 2, 23, 29, 44, 25, 20, 43, 22, 11, 19, 4, 13, 7, 24, 28 ],
[ 59, 57, 49, 38, 63, 64, 41, 50, 62, 55, 53, 60, 51, 46, 23, 54, 47, 29, 52, 61, 37, 42, 40, 39, 58, 45, 15, 56, 31, 48, 36, 43, 21, 27, 32, 33, 44, 13, 7, 35, 19, 28, 34, 18, 16, 10, 14, 3, 26, 17, 22, 11, 24, 30, 8, 4, 20, 1, 9, 6, 12, 5, 25, 2 ]
],
[ PermutationGroup<64 |  
\[ 12, 25, 8, 24, 2, 5, 22, 26, 6, 3, 4, 9, 7, 30, 18, 14, 16, 40, 28, 1, 27, 19, 29, 13, 20, 17, 44, 11, 35, 10, 32, 33, 34, 37, 36, 43, 15, 39, 51, 31, 42, 52, 21, 23, 47, 48, 54, 55, 50, 45, 41, 56, 38, 46, 49, 53, 58, 61, 60, 62, 59, 64, 57, 63 ],
\[ 3, 10, 15, 20, 16, 8, 1, 31, 30, 33, 5, 17, 2, 37, 38, 32, 18, 41, 25, 14, 11, 6, 4, 9, 26, 34, 13, 12, 7, 40, 39, 42, 53, 51, 28, 24, 52, 57, 59, 56, 58, 60, 22, 19, 43, 21, 44, 23, 27, 29, 64, 63, 62, 35, 36, 61, 46, 49, 48, 50, 47, 54, 45, 55 ],
\[ 4, 11, 2, 21, 22, 24, 27, 1, 28, 9, 35, 7, 36, 5, 14, 12, 25, 3, 43, 19, 45, 29, 47, 23, 13, 6, 46, 44, 48, 20, 30, 8, 16, 10, 50, 54, 26, 33, 15, 17, 34, 18, 55, 49, 60, 62, 63, 57, 64, 58, 31, 32, 40, 61, 59, 37, 52, 38, 56, 39, 41, 42, 51, 53 ]:
 Order := 64 > |
[ 26, 8, 40, 12, 30, 17, 9, 33, 3, 37, 25, 14, 20, 18, 51, 34, 31, 52, 1, 10, 24, 2, 13, 5, 16, 15, 22, 6, 19, 32, 41, 56, 39, 42, 4, 7, 53, 61, 62, 38, 59, 64, 28, 11, 27, 44, 29, 35, 23, 36, 57, 58, 63, 43, 21, 60, 55, 45, 49, 47, 46, 48, 54, 50 ],
[ 22, 7, 12, 29, 4, 19, 35, 5, 13, 25, 27, 11, 44, 1, 8, 2, 9, 16, 23, 24, 48, 21, 55, 43, 28, 20, 50, 36, 45, 6, 26, 14, 3, 17, 46, 49, 30, 18, 32, 10, 40, 33, 47, 54, 57, 58, 59, 60, 61, 62, 37, 15, 34, 64, 63, 31, 39, 42, 51, 52, 53, 38, 56, 41 ],
[ 6, 1, 17, 7, 20, 25, 28, 16, 2, 26, 13, 5, 19, 3, 31, 10, 30, 32, 4, 9, 23, 11, 36, 22, 12, 14, 29, 24, 43, 8, 34, 37, 15, 18, 21, 27, 40, 41, 42, 33, 56, 53, 44, 35, 46, 49, 48, 50, 47, 54, 52, 38, 51, 55, 45, 39, 59, 60, 64, 63, 62, 57, 61, 58 ]
]
];
s`SolvableDBMonodromyGroup := PermutationGroup<64 |  
\[ 12, 25, 8, 24, 2, 5, 22, 26, 6, 3, 4, 9, 7, 30, 18, 14, 16, 40, 28, 1, 27, 19, 29, 13, 20, 17, 44, 11, 35, 10, 32, 33, 34, 37, 36, 43, 15, 39, 51, 31, 42, 52, 21, 23, 47, 48, 54, 55, 50, 45, 41, 56, 38, 46, 49, 53, 58, 61, 60, 62, 59, 64, 57, 63 ],
\[ 3, 10, 15, 20, 16, 8, 1, 31, 30, 33, 5, 17, 2, 37, 38, 32, 18, 41, 25, 14, 11, 6, 4, 9, 26, 34, 13, 12, 7, 40, 39, 42, 53, 51, 28, 24, 52, 57, 59, 56, 58, 60, 22, 19, 43, 21, 44, 23, 27, 29, 64, 63, 62, 35, 36, 61, 46, 49, 48, 50, 47, 54, 45, 55 ],
\[ 4, 11, 2, 21, 22, 24, 27, 1, 28, 9, 35, 7, 36, 5, 14, 12, 25, 3, 43, 19, 45, 29, 47, 23, 13, 6, 46, 44, 48, 20, 30, 8, 16, 10, 50, 54, 26, 33, 15, 17, 34, 18, 55, 49, 60, 62, 63, 57, 64, 58, 31, 32, 40, 61, 59, 37, 52, 38, 56, 39, 41, 42, 51, 53 ] >;
s`SolvableDBAutomorphismGroup := PermutationGroup<64 |  
\[ 60, 58, 50, 39, 57, 63, 42, 45, 64, 49, 38, 62, 41, 48, 29, 46, 54, 35, 56, 59, 15, 52, 31, 51, 61, 47, 18, 53, 32, 55, 43, 21, 27, 44, 33, 34, 23, 7, 22, 36, 28, 11, 37, 40, 14, 3, 30, 8, 17, 16, 19, 4, 13, 10, 26, 24, 1, 12, 6, 5, 9, 2, 20, 25 ],
\[ 50, 48, 29, 58, 46, 54, 60, 35, 47, 23, 57, 45, 59, 27, 7, 21, 43, 22, 64, 49, 38, 62, 41, 61, 55, 36, 39, 63, 42, 44, 28, 11, 4, 24, 52, 56, 13, 1, 12, 19, 6, 5, 53, 51, 33, 15, 34, 18, 31, 32, 9, 2, 20, 37, 40, 25, 3, 8, 17, 16, 26, 14, 10, 30 ],
\[ 64, 59, 55, 53, 61, 58, 51, 49, 57, 48, 56, 63, 39, 54, 36, 47, 45, 43, 42, 62, 40, 41, 33, 38, 60, 50, 31, 52, 34, 46, 27, 44, 23, 29, 37, 15, 35, 24, 13, 21, 22, 19, 18, 32, 17, 30, 16, 10, 8, 26, 7, 28, 4, 14, 3, 11, 9, 6, 2, 25, 5, 20, 12, 1 ],
\[ 2, 9, 10, 11, 12, 1, 13, 3, 20, 30, 28, 25, 24, 16, 33, 17, 26, 34, 22, 5, 35, 7, 21, 4, 6, 8, 36, 19, 27, 14, 15, 18, 40, 31, 44, 23, 32, 53, 38, 37, 51, 41, 29, 43, 50, 54, 45, 46, 55, 49, 39, 42, 56, 47, 48, 52, 62, 64, 57, 58, 63, 61, 60, 59 ]:
 Order := 64 >;
s`SolvableDBPointedAutomorphismGroup := PermutationGroup<64 |  
\[ 6, 1, 8, 24, 20, 25, 22, 26, 2, 3, 4, 5, 7, 30, 31, 14, 16, 32, 28, 9, 23, 19, 36, 13, 12, 17, 29, 11, 43, 10, 34, 37, 15, 18, 21, 27, 40, 39, 51, 33, 42, 52, 44, 35, 47, 48, 54, 55, 50, 45, 41, 56, 38, 46, 49, 53, 59, 60, 64, 63, 62, 57, 61, 58 ]:
 Order := 8 >;

/*
Top Level Belyi Curve/Map
*/


/*
Graph Data
*/

s`SolvableDBPathToPP1 := [ Strings() | "PP1", "2T1-1,2,2-g0-path1", "4T1-1,4,4-g0-path1", "8T2-2,4,4-g1-path1", "16T5-2,8,8-g3-path3", "32S12-4,8,8-g9-path3", "64S45-8,16,16-g25-path21" ];
s`SolvableDBChildren := [ Strings() | "32S12-4,8,8-g9-path3" ];

/*
Return for eval
*/

return s;
