s := SolvableDBObjectInitialize();

/*
Basic Information about the Passport
*/

s`SolvableDBName := "64S49-16,8,8-g23-path26";
s`SolvableDBFilename := "64S49-16,8,8-g23-path26.m";
s`SolvableDBPathNumber := 26;
s`SolvableDBDegree := 64;
s`SolvableDBABC := \[ 16, 8, 8 ];
s`SolvableDBType := "Hyperbolic";
s`SolvableDBGenus := 23;
s`SolvableDBGaloisOrbitSize := 1;
s`SolvableDBPassportSize := 2;
s`SolvableDBPointedPassportSize := 2;
s`SolvableDBLevel := 6;
s`SolvableDBBlocks := {@ PowerSet(IntegerRing()) |
{ IntegerRing() | 1, 5 },
{ IntegerRing() | 2, 12 },
{ IntegerRing() | 3, 16 },
{ IntegerRing() | 4, 21 },
{ IntegerRing() | 6, 20 },
{ IntegerRing() | 7, 11 },
{ IntegerRing() | 8, 14 },
{ IntegerRing() | 9, 31 },
{ IntegerRing() | 10, 17 },
{ IntegerRing() | 13, 26 },
{ IntegerRing() | 15, 27 },
{ IntegerRing() | 18, 33 },
{ IntegerRing() | 19, 23 },
{ IntegerRing() | 22, 37 },
{ IntegerRing() | 24, 41 },
{ IntegerRing() | 25, 28 },
{ IntegerRing() | 29, 49 },
{ IntegerRing() | 30, 34 },
{ IntegerRing() | 32, 36 },
{ IntegerRing() | 35, 38 },
{ IntegerRing() | 39, 43 },
{ IntegerRing() | 40, 42 },
{ IntegerRing() | 44, 56 },
{ IntegerRing() | 45, 46 },
{ IntegerRing() | 47, 60 },
{ IntegerRing() | 48, 51 },
{ IntegerRing() | 50, 53 },
{ IntegerRing() | 52, 54 },
{ IntegerRing() | 55, 59 },
{ IntegerRing() | 57, 58 },
{ IntegerRing() | 61, 62 },
{ IntegerRing() | 63, 64 }
@};

/*
Permutations and Passports
*/

s`SolvableDBGaloisOrbit := [ PowerSequence(PermutationGroup<64 |  
\[ 2, 3, 4, 5, 6, 7, 8, 9, 10, 11, 12, 13, 14, 15, 16, 17, 18, 19, 20, 21, 22, 23, 24, 25, 26, 27, 28, 29, 30, 31, 32, 33, 34, 35, 36, 37, 38, 39, 40, 41, 42, 43, 44, 45, 46, 47, 48, 49, 50, 51, 52, 53, 54, 55, 56, 57, 58, 59, 60, 61, 62, 63, 64, 1 ],
\[ 2, 1, 3, 4, 5, 6, 7, 8, 9, 10, 11, 12, 13, 14, 15, 16, 17, 18, 19, 20, 21, 22, 23, 24, 25, 26, 27, 28, 29, 30, 31, 32, 33, 34, 35, 36, 37, 38, 39, 40, 41, 42, 43, 44, 45, 46, 47, 48, 49, 50, 51, 52, 53, 54, 55, 56, 57, 58, 59, 60, 61, 62, 63, 64 ]:
 Order := 126886932185884164103433389335161480802865516174545192198801894375214704230400000000000000 >) |
[ PermutationGroup<64 |  
\[ 2, 3, 4, 5, 6, 7, 8, 9, 10, 11, 12, 13, 14, 15, 16, 17, 18, 19, 20, 21, 22, 23, 24, 25, 26, 27, 28, 29, 30, 31, 32, 33, 34, 35, 36, 37, 38, 39, 40, 41, 42, 43, 44, 45, 46, 47, 48, 49, 50, 51, 52, 53, 54, 55, 56, 57, 58, 59, 60, 61, 62, 63, 64, 1 ],
\[ 2, 1, 3, 4, 5, 6, 7, 8, 9, 10, 11, 12, 13, 14, 15, 16, 17, 18, 19, 20, 21, 22, 23, 24, 25, 26, 27, 28, 29, 30, 31, 32, 33, 34, 35, 36, 37, 38, 39, 40, 41, 42, 43, 44, 45, 46, 47, 48, 49, 50, 51, 52, 53, 54, 55, 56, 57, 58, 59, 60, 61, 62, 63, 64 ]:
 Order := 126886932185884164103433389335161480802865516174545192198801894375214704230400000000000000 > |
[ 12, 31, 8, 23, 2, 5, 21, 25, 49, 3, 4, 9, 7, 28, 18, 14, 16, 38, 43, 1, 19, 27, 39, 20, 45, 11, 33, 46, 60, 10, 29, 13, 35, 17, 54, 26, 15, 52, 59, 22, 6, 37, 55, 41, 61, 62, 44, 30, 47, 32, 34, 64, 36, 63, 53, 24, 40, 42, 50, 56, 51, 48, 58, 57 ],
[ 3, 10, 15, 20, 16, 8, 1, 22, 30, 33, 5, 17, 2, 37, 11, 27, 18, 13, 24, 14, 6, 4, 41, 25, 42, 12, 7, 40, 48, 38, 34, 9, 26, 35, 32, 31, 21, 36, 56, 19, 28, 23, 44, 45, 57, 58, 62, 54, 51, 29, 52, 50, 49, 53, 60, 46, 39, 43, 47, 61, 63, 64, 59, 55 ],
[ 4, 11, 2, 15, 21, 23, 18, 1, 26, 9, 33, 7, 35, 5, 14, 12, 31, 3, 37, 19, 27, 28, 22, 39, 6, 38, 8, 20, 36, 29, 13, 52, 16, 49, 10, 54, 25, 17, 42, 45, 43, 46, 40, 59, 24, 41, 53, 47, 32, 63, 60, 30, 64, 34, 58, 55, 62, 61, 57, 50, 44, 56, 48, 51 ]
]
];
s`SolvableDBPassport := [ PowerSequence(PermutationGroup<64 |  
\[ 12, 31, 8, 23, 2, 5, 21, 25, 49, 3, 4, 9, 7, 28, 18, 14, 16, 38, 43, 1, 19, 27, 39, 20, 45, 11, 33, 46, 60, 10, 29, 13, 35, 17, 54, 26, 15, 52, 59, 22, 6, 37, 55, 41, 61, 62, 44, 30, 47, 32, 34, 64, 36, 63, 53, 24, 40, 42, 50, 56, 51, 48, 58, 57 ],
\[ 3, 10, 15, 20, 16, 8, 1, 22, 30, 33, 5, 17, 2, 37, 11, 27, 18, 13, 24, 14, 6, 4, 41, 25, 42, 12, 7, 40, 48, 38, 34, 9, 26, 35, 32, 31, 21, 36, 56, 19, 28, 23, 44, 45, 57, 58, 62, 54, 51, 29, 52, 50, 49, 53, 60, 46, 39, 43, 47, 61, 63, 64, 59, 55 ],
\[ 4, 11, 2, 15, 21, 23, 18, 1, 26, 9, 33, 7, 35, 5, 14, 12, 31, 3, 37, 19, 27, 28, 22, 39, 6, 38, 8, 20, 36, 29, 13, 52, 16, 49, 10, 54, 25, 17, 42, 45, 43, 46, 40, 59, 24, 41, 53, 47, 32, 63, 60, 30, 64, 34, 58, 55, 62, 61, 57, 50, 44, 56, 48, 51 ]:
 Order := 64 >) |
[ PermutationGroup<64 |  
\[ 12, 31, 8, 23, 2, 5, 21, 25, 49, 3, 4, 9, 7, 28, 18, 14, 16, 38, 43, 1, 19, 27, 39, 20, 45, 11, 33, 46, 60, 10, 29, 13, 35, 17, 54, 26, 15, 52, 59, 22, 6, 37, 55, 41, 61, 62, 44, 30, 47, 32, 34, 64, 36, 63, 53, 24, 40, 42, 50, 56, 51, 48, 58, 57 ],
\[ 3, 10, 15, 20, 16, 8, 1, 22, 30, 33, 5, 17, 2, 37, 11, 27, 18, 13, 24, 14, 6, 4, 41, 25, 42, 12, 7, 40, 48, 38, 34, 9, 26, 35, 32, 31, 21, 36, 56, 19, 28, 23, 44, 45, 57, 58, 62, 54, 51, 29, 52, 50, 49, 53, 60, 46, 39, 43, 47, 61, 63, 64, 59, 55 ],
\[ 4, 11, 2, 15, 21, 23, 18, 1, 26, 9, 33, 7, 35, 5, 14, 12, 31, 3, 37, 19, 27, 28, 22, 39, 6, 38, 8, 20, 36, 29, 13, 52, 16, 49, 10, 54, 25, 17, 42, 45, 43, 46, 40, 59, 24, 41, 53, 47, 32, 63, 60, 30, 64, 34, 58, 55, 62, 61, 57, 50, 44, 56, 48, 51 ]:
 Order := 64 > |
[ 12, 31, 8, 23, 2, 5, 21, 25, 49, 3, 4, 9, 7, 28, 18, 14, 16, 38, 43, 1, 19, 27, 39, 20, 45, 11, 33, 46, 60, 10, 29, 13, 35, 17, 54, 26, 15, 52, 59, 22, 6, 37, 55, 41, 61, 62, 44, 30, 47, 32, 34, 64, 36, 63, 53, 24, 40, 42, 50, 56, 51, 48, 58, 57 ],
[ 3, 10, 15, 20, 16, 8, 1, 22, 30, 33, 5, 17, 2, 37, 11, 27, 18, 13, 24, 14, 6, 4, 41, 25, 42, 12, 7, 40, 48, 38, 34, 9, 26, 35, 32, 31, 21, 36, 56, 19, 28, 23, 44, 45, 57, 58, 62, 54, 51, 29, 52, 50, 49, 53, 60, 46, 39, 43, 47, 61, 63, 64, 59, 55 ],
[ 4, 11, 2, 15, 21, 23, 18, 1, 26, 9, 33, 7, 35, 5, 14, 12, 31, 3, 37, 19, 27, 28, 22, 39, 6, 38, 8, 20, 36, 29, 13, 52, 16, 49, 10, 54, 25, 17, 42, 45, 43, 46, 40, 59, 24, 41, 53, 47, 32, 63, 60, 30, 64, 34, 58, 55, 62, 61, 57, 50, 44, 56, 48, 51 ]
],
[ PermutationGroup<64 |  
\[ 12, 31, 8, 23, 2, 5, 21, 25, 49, 3, 4, 9, 7, 28, 18, 14, 16, 38, 43, 1, 19, 27, 39, 20, 45, 11, 33, 46, 60, 10, 29, 13, 35, 17, 54, 26, 15, 52, 59, 22, 6, 37, 55, 41, 61, 62, 44, 30, 47, 32, 34, 64, 36, 63, 53, 24, 40, 42, 50, 56, 51, 48, 58, 57 ],
\[ 3, 10, 15, 20, 16, 8, 1, 22, 30, 33, 5, 17, 2, 37, 11, 27, 18, 13, 24, 14, 6, 4, 41, 25, 42, 12, 7, 40, 48, 38, 34, 9, 26, 35, 32, 31, 21, 36, 56, 19, 28, 23, 44, 45, 57, 58, 62, 54, 51, 29, 52, 50, 49, 53, 60, 46, 39, 43, 47, 61, 63, 64, 59, 55 ],
\[ 4, 11, 2, 15, 21, 23, 18, 1, 26, 9, 33, 7, 35, 5, 14, 12, 31, 3, 37, 19, 27, 28, 22, 39, 6, 38, 8, 20, 36, 29, 13, 52, 16, 49, 10, 54, 25, 17, 42, 45, 43, 46, 40, 59, 24, 41, 53, 47, 32, 63, 60, 30, 64, 34, 58, 55, 62, 61, 57, 50, 44, 56, 48, 51 ]:
 Order := 64 > |
[ 18, 35, 4, 28, 33, 27, 8, 23, 52, 11, 14, 38, 3, 19, 2, 21, 7, 31, 45, 15, 25, 1, 46, 37, 39, 16, 12, 43, 63, 26, 54, 10, 9, 13, 49, 17, 5, 29, 62, 20, 22, 6, 61, 40, 59, 55, 57, 36, 64, 30, 32, 60, 34, 47, 51, 42, 24, 41, 48, 58, 50, 53, 44, 56 ],
[ 3, 10, 15, 20, 16, 8, 1, 22, 30, 33, 5, 17, 2, 37, 11, 27, 18, 13, 24, 14, 6, 4, 41, 25, 42, 12, 7, 40, 48, 38, 34, 9, 26, 35, 32, 31, 21, 36, 56, 19, 28, 23, 44, 45, 57, 58, 62, 54, 51, 29, 52, 50, 49, 53, 60, 46, 39, 43, 47, 61, 63, 64, 59, 55 ],
[ 8, 3, 18, 1, 14, 25, 12, 27, 10, 35, 2, 16, 31, 15, 4, 33, 38, 7, 20, 28, 5, 23, 6, 45, 37, 9, 21, 22, 30, 52, 17, 49, 11, 54, 13, 29, 19, 26, 24, 43, 46, 39, 41, 61, 40, 42, 48, 63, 34, 60, 64, 32, 47, 36, 56, 62, 59, 55, 44, 51, 58, 57, 50, 53 ]
]
];
s`SolvableDBPointedPassport := [ PowerSequence(PermutationGroup<64 |  
\[ 12, 31, 8, 23, 2, 5, 21, 25, 49, 3, 4, 9, 7, 28, 18, 14, 16, 38, 43, 1, 19, 27, 39, 20, 45, 11, 33, 46, 60, 10, 29, 13, 35, 17, 54, 26, 15, 52, 59, 22, 6, 37, 55, 41, 61, 62, 44, 30, 47, 32, 34, 64, 36, 63, 53, 24, 40, 42, 50, 56, 51, 48, 58, 57 ],
\[ 3, 10, 15, 20, 16, 8, 1, 22, 30, 33, 5, 17, 2, 37, 11, 27, 18, 13, 24, 14, 6, 4, 41, 25, 42, 12, 7, 40, 48, 38, 34, 9, 26, 35, 32, 31, 21, 36, 56, 19, 28, 23, 44, 45, 57, 58, 62, 54, 51, 29, 52, 50, 49, 53, 60, 46, 39, 43, 47, 61, 63, 64, 59, 55 ],
\[ 4, 11, 2, 15, 21, 23, 18, 1, 26, 9, 33, 7, 35, 5, 14, 12, 31, 3, 37, 19, 27, 28, 22, 39, 6, 38, 8, 20, 36, 29, 13, 52, 16, 49, 10, 54, 25, 17, 42, 45, 43, 46, 40, 59, 24, 41, 53, 47, 32, 63, 60, 30, 64, 34, 58, 55, 62, 61, 57, 50, 44, 56, 48, 51 ]:
 Order := 64 >) |
[ PermutationGroup<64 |  
\[ 12, 31, 8, 23, 2, 5, 21, 25, 49, 3, 4, 9, 7, 28, 18, 14, 16, 38, 43, 1, 19, 27, 39, 20, 45, 11, 33, 46, 60, 10, 29, 13, 35, 17, 54, 26, 15, 52, 59, 22, 6, 37, 55, 41, 61, 62, 44, 30, 47, 32, 34, 64, 36, 63, 53, 24, 40, 42, 50, 56, 51, 48, 58, 57 ],
\[ 3, 10, 15, 20, 16, 8, 1, 22, 30, 33, 5, 17, 2, 37, 11, 27, 18, 13, 24, 14, 6, 4, 41, 25, 42, 12, 7, 40, 48, 38, 34, 9, 26, 35, 32, 31, 21, 36, 56, 19, 28, 23, 44, 45, 57, 58, 62, 54, 51, 29, 52, 50, 49, 53, 60, 46, 39, 43, 47, 61, 63, 64, 59, 55 ],
\[ 4, 11, 2, 15, 21, 23, 18, 1, 26, 9, 33, 7, 35, 5, 14, 12, 31, 3, 37, 19, 27, 28, 22, 39, 6, 38, 8, 20, 36, 29, 13, 52, 16, 49, 10, 54, 25, 17, 42, 45, 43, 46, 40, 59, 24, 41, 53, 47, 32, 63, 60, 30, 64, 34, 58, 55, 62, 61, 57, 50, 44, 56, 48, 51 ]:
 Order := 64 > |
[ 12, 31, 8, 23, 2, 5, 21, 25, 49, 3, 4, 9, 7, 28, 18, 14, 16, 38, 43, 1, 19, 27, 39, 20, 45, 11, 33, 46, 60, 10, 29, 13, 35, 17, 54, 26, 15, 52, 59, 22, 6, 37, 55, 41, 61, 62, 44, 30, 47, 32, 34, 64, 36, 63, 53, 24, 40, 42, 50, 56, 51, 48, 58, 57 ],
[ 3, 10, 15, 20, 16, 8, 1, 22, 30, 33, 5, 17, 2, 37, 11, 27, 18, 13, 24, 14, 6, 4, 41, 25, 42, 12, 7, 40, 48, 38, 34, 9, 26, 35, 32, 31, 21, 36, 56, 19, 28, 23, 44, 45, 57, 58, 62, 54, 51, 29, 52, 50, 49, 53, 60, 46, 39, 43, 47, 61, 63, 64, 59, 55 ],
[ 4, 11, 2, 15, 21, 23, 18, 1, 26, 9, 33, 7, 35, 5, 14, 12, 31, 3, 37, 19, 27, 28, 22, 39, 6, 38, 8, 20, 36, 29, 13, 52, 16, 49, 10, 54, 25, 17, 42, 45, 43, 46, 40, 59, 24, 41, 53, 47, 32, 63, 60, 30, 64, 34, 58, 55, 62, 61, 57, 50, 44, 56, 48, 51 ]
],
[ PermutationGroup<64 |  
\[ 12, 31, 8, 23, 2, 5, 21, 25, 49, 3, 4, 9, 7, 28, 18, 14, 16, 38, 43, 1, 19, 27, 39, 20, 45, 11, 33, 46, 60, 10, 29, 13, 35, 17, 54, 26, 15, 52, 59, 22, 6, 37, 55, 41, 61, 62, 44, 30, 47, 32, 34, 64, 36, 63, 53, 24, 40, 42, 50, 56, 51, 48, 58, 57 ],
\[ 3, 10, 15, 20, 16, 8, 1, 22, 30, 33, 5, 17, 2, 37, 11, 27, 18, 13, 24, 14, 6, 4, 41, 25, 42, 12, 7, 40, 48, 38, 34, 9, 26, 35, 32, 31, 21, 36, 56, 19, 28, 23, 44, 45, 57, 58, 62, 54, 51, 29, 52, 50, 49, 53, 60, 46, 39, 43, 47, 61, 63, 64, 59, 55 ],
\[ 4, 11, 2, 15, 21, 23, 18, 1, 26, 9, 33, 7, 35, 5, 14, 12, 31, 3, 37, 19, 27, 28, 22, 39, 6, 38, 8, 20, 36, 29, 13, 52, 16, 49, 10, 54, 25, 17, 42, 45, 43, 46, 40, 59, 24, 41, 53, 47, 32, 63, 60, 30, 64, 34, 58, 55, 62, 61, 57, 50, 44, 56, 48, 51 ]:
 Order := 64 > |
[ 18, 35, 4, 28, 33, 27, 8, 23, 52, 11, 14, 38, 3, 19, 2, 21, 7, 31, 45, 15, 25, 1, 46, 37, 39, 16, 12, 43, 63, 26, 54, 10, 9, 13, 49, 17, 5, 29, 62, 20, 22, 6, 61, 40, 59, 55, 57, 36, 64, 30, 32, 60, 34, 47, 51, 42, 24, 41, 48, 58, 50, 53, 44, 56 ],
[ 34, 51, 40, 44, 30, 17, 41, 58, 61, 37, 24, 48, 20, 57, 32, 42, 22, 53, 47, 10, 56, 13, 60, 16, 64, 6, 36, 63, 45, 27, 62, 5, 50, 15, 55, 1, 26, 59, 49, 11, 3, 7, 29, 14, 54, 52, 25, 18, 46, 12, 33, 43, 2, 39, 9, 8, 21, 4, 31, 28, 38, 35, 19, 23 ],
[ 17, 34, 22, 41, 10, 16, 6, 42, 51, 15, 20, 30, 1, 40, 13, 37, 27, 36, 44, 3, 24, 7, 56, 14, 57, 5, 26, 58, 61, 33, 48, 2, 32, 18, 53, 12, 11, 50, 47, 4, 8, 21, 60, 28, 63, 64, 45, 38, 62, 9, 35, 55, 31, 59, 49, 25, 19, 23, 29, 46, 52, 54, 43, 39 ]
]
];
s`SolvableDBMonodromyGroup := PermutationGroup<64 |  
\[ 12, 31, 8, 23, 2, 5, 21, 25, 49, 3, 4, 9, 7, 28, 18, 14, 16, 38, 43, 1, 19, 27, 39, 20, 45, 11, 33, 46, 60, 10, 29, 13, 35, 17, 54, 26, 15, 52, 59, 22, 6, 37, 55, 41, 61, 62, 44, 30, 47, 32, 34, 64, 36, 63, 53, 24, 40, 42, 50, 56, 51, 48, 58, 57 ],
\[ 3, 10, 15, 20, 16, 8, 1, 22, 30, 33, 5, 17, 2, 37, 11, 27, 18, 13, 24, 14, 6, 4, 41, 25, 42, 12, 7, 40, 48, 38, 34, 9, 26, 35, 32, 31, 21, 36, 56, 19, 28, 23, 44, 45, 57, 58, 62, 54, 51, 29, 52, 50, 49, 53, 60, 46, 39, 43, 47, 61, 63, 64, 59, 55 ],
\[ 4, 11, 2, 15, 21, 23, 18, 1, 26, 9, 33, 7, 35, 5, 14, 12, 31, 3, 37, 19, 27, 28, 22, 39, 6, 38, 8, 20, 36, 29, 13, 52, 16, 49, 10, 54, 25, 17, 42, 45, 43, 46, 40, 59, 24, 41, 53, 47, 32, 63, 60, 30, 64, 34, 58, 55, 62, 61, 57, 50, 44, 56, 48, 51 ] >;
s`SolvableDBAutomorphismGroup := PermutationGroup<64 |  
\[ 60, 44, 61, 50, 47, 49, 55, 51, 24, 45, 59, 56, 43, 48, 63, 62, 46, 58, 36, 29, 53, 52, 32, 31, 34, 39, 64, 30, 6, 25, 41, 19, 57, 28, 40, 23, 54, 42, 13, 38, 9, 35, 26, 12, 17, 10, 1, 8, 20, 21, 14, 37, 4, 22, 11, 2, 18, 33, 7, 5, 16, 3, 27, 15 ],
\[ 2, 9, 10, 11, 12, 1, 13, 3, 29, 30, 26, 31, 32, 16, 33, 17, 34, 35, 21, 5, 7, 15, 4, 6, 8, 36, 18, 14, 47, 48, 49, 50, 38, 51, 52, 53, 27, 54, 23, 37, 20, 22, 19, 24, 25, 28, 56, 62, 60, 59, 61, 63, 55, 64, 43, 41, 42, 40, 39, 44, 45, 46, 57, 58 ],
\[ 64, 58, 55, 51, 63, 54, 62, 53, 40, 43, 61, 57, 46, 50, 60, 59, 39, 56, 30, 52, 48, 49, 34, 38, 36, 45, 47, 32, 37, 19, 42, 28, 44, 23, 41, 25, 29, 24, 17, 9, 35, 31, 10, 33, 26, 13, 27, 21, 22, 14, 4, 20, 8, 6, 3, 18, 12, 2, 16, 15, 11, 7, 5, 1 ],
\[ 3, 14, 15, 2, 16, 17, 1, 18, 25, 37, 5, 8, 20, 33, 11, 27, 22, 4, 9, 10, 12, 13, 31, 30, 38, 6, 7, 35, 46, 42, 28, 24, 21, 40, 19, 41, 26, 23, 29, 32, 34, 36, 49, 51, 52, 54, 61, 58, 45, 56, 57, 39, 44, 43, 47, 48, 50, 53, 60, 62, 64, 63, 55, 59 ]:
 Order := 64 >;
s`SolvableDBPointedAutomorphismGroup := PermutationGroup<64 |  
\[ 47, 56, 62, 53, 60, 29, 59, 48, 41, 46, 55, 44, 39, 51, 64, 61, 45, 57, 32, 49, 50, 54, 36, 9, 30, 43, 63, 34, 20, 28, 24, 23, 58, 25, 42, 19, 52, 40, 26, 35, 31, 38, 13, 2, 10, 17, 5, 14, 6, 4, 8, 22, 21, 37, 7, 12, 33, 18, 11, 1, 3, 16, 15, 27 ],
\[ 6, 1, 8, 23, 20, 24, 21, 25, 2, 3, 4, 5, 7, 28, 22, 14, 16, 27, 43, 41, 19, 42, 39, 44, 45, 11, 37, 46, 9, 10, 12, 13, 15, 17, 18, 26, 40, 33, 59, 58, 56, 57, 55, 60, 61, 62, 29, 30, 31, 32, 34, 35, 36, 38, 53, 47, 63, 64, 50, 49, 51, 48, 52, 54 ]:
 Order := 16 >;

/*
Top Level Belyi Curve/Map
*/


/*
Graph Data
*/

s`SolvableDBPathToPP1 := [ Strings() | "PP1", "2T1-2,1,2-g0-path1", "4T2-2,2,2-g0-path2", "8T4-4,2,2-g0-path2", "16T14-8,4,4-g4-path2", "32S14-8,4,4-g7-path5", "64S49-16,8,8-g23-path26" ];
s`SolvableDBChildren := [ Strings() | "32S14-8,4,4-g7-path5" ];

/*
Return for eval
*/

return s;
