s := SolvableDBInitialize();

/*
Magma printing
*/

s`SolvableDBName := "64S44-16,16,4-g21-path60";
s`SolvableDBFilename := "64S44-16,16,4-g21-path60.m";
s`SolvableDBPassportName := "64S44-16,16,4-g21";
s`SolvableDBPathNumber := 60;
s`SolvableDBDegree := 64;
s`SolvableDBOrders := \[ 16, 16, 4 ];
s`SolvableDBType := "Hyperbolic";
s`SolvableDBGenus := 21;
s`SolvableDBGaloisOrbitSize := 1;
s`SolvableDBPassportSize := 2;
s`SolvableDBPointedPassportSize := 2;
s`SolvableDBLevel := 6;
s`SolvableDBBlocks := {@ PowerSet(IntegerRing()) |
{ IntegerRing() | 1, 5 },
{ IntegerRing() | 2, 11 },
{ IntegerRing() | 3, 16 },
{ IntegerRing() | 4, 21 },
{ IntegerRing() | 6, 19 },
{ IntegerRing() | 7, 10 },
{ IntegerRing() | 8, 14 },
{ IntegerRing() | 9, 33 },
{ IntegerRing() | 12, 27 },
{ IntegerRing() | 13, 30 },
{ IntegerRing() | 15, 42 },
{ IntegerRing() | 17, 24 },
{ IntegerRing() | 18, 31 },
{ IntegerRing() | 20, 40 },
{ IntegerRing() | 22, 25 },
{ IntegerRing() | 23, 28 },
{ IntegerRing() | 26, 46 },
{ IntegerRing() | 29, 36 },
{ IntegerRing() | 32, 54 },
{ IntegerRing() | 34, 37 },
{ IntegerRing() | 35, 39 },
{ IntegerRing() | 38, 51 },
{ IntegerRing() | 41, 61 },
{ IntegerRing() | 43, 45 },
{ IntegerRing() | 44, 48 },
{ IntegerRing() | 47, 49 },
{ IntegerRing() | 50, 63 },
{ IntegerRing() | 52, 58 },
{ IntegerRing() | 53, 64 },
{ IntegerRing() | 55, 56 },
{ IntegerRing() | 57, 59 },
{ IntegerRing() | 60, 62 }
@};
s`SolvableDBIsRamifiedAtEveryLevel := false;
s`SolvableDBGaloisOrbit := [ PowerSequence(PermutationGroup<64 |  
\[ 2, 3, 4, 5, 6, 7, 8, 9, 10, 11, 12, 13, 14, 15, 16, 17, 18, 19, 20, 21, 22, 23, 24, 25, 26, 27, 28, 29, 30, 31, 32, 33, 34, 35, 36, 37, 38, 39, 40, 41, 42, 43, 44, 45, 46, 47, 48, 49, 50, 51, 52, 53, 54, 55, 56, 57, 58, 59, 60, 61, 62, 63, 64, 1 ],
\[ 2, 1, 3, 4, 5, 6, 7, 8, 9, 10, 11, 12, 13, 14, 15, 16, 17, 18, 19, 20, 21, 22, 23, 24, 25, 26, 27, 28, 29, 30, 31, 32, 33, 34, 35, 36, 37, 38, 39, 40, 41, 42, 43, 44, 45, 46, 47, 48, 49, 50, 51, 52, 53, 54, 55, 56, 57, 58, 59, 60, 61, 62, 63, 64 ]:
 Order := 126886932185884164103433389335161480802865516174545192198801894375214704230400000000000000 >) |
[ PermutationGroup<64 |  
\[ 2, 3, 4, 5, 6, 7, 8, 9, 10, 11, 12, 13, 14, 15, 16, 17, 18, 19, 20, 21, 22, 23, 24, 25, 26, 27, 28, 29, 30, 31, 32, 33, 34, 35, 36, 37, 38, 39, 40, 41, 42, 43, 44, 45, 46, 47, 48, 49, 50, 51, 52, 53, 54, 55, 56, 57, 58, 59, 60, 61, 62, 63, 64, 1 ],
\[ 2, 1, 3, 4, 5, 6, 7, 8, 9, 10, 11, 12, 13, 14, 15, 16, 17, 18, 19, 20, 21, 22, 23, 24, 25, 26, 27, 28, 29, 30, 31, 32, 33, 34, 35, 36, 37, 38, 39, 40, 41, 42, 43, 44, 45, 46, 47, 48, 49, 50, 51, 52, 53, 54, 55, 56, 57, 58, 59, 60, 61, 62, 63, 64 ]:
 Order := 126886932185884164103433389335161480802865516174545192198801894375214704230400000000000000 > |
[ 11, 33, 8, 10, 2, 5, 12, 13, 54, 27, 9, 34, 35, 30, 18, 14, 16, 40, 1, 28, 7, 21, 29, 3, 4, 19, 37, 36, 51, 39, 20, 64, 32, 55, 52, 38, 56, 59, 58, 23, 44, 31, 42, 22, 15, 6, 24, 25, 17, 46, 57, 60, 45, 53, 47, 49, 63, 62, 50, 41, 48, 61, 26, 43 ],
[ 3, 8, 15, 19, 16, 24, 1, 31, 13, 5, 14, 2, 40, 18, 41, 42, 45, 48, 17, 25, 6, 26, 4, 43, 46, 47, 11, 21, 7, 20, 44, 35, 30, 9, 28, 10, 33, 12, 23, 22, 57, 61, 60, 50, 62, 49, 53, 63, 64, 55, 27, 29, 52, 39, 32, 54, 34, 36, 37, 38, 59, 51, 56, 58 ],
[ 4, 10, 6, 20, 21, 25, 28, 1, 27, 23, 7, 29, 2, 5, 17, 19, 46, 3, 22, 8, 40, 31, 13, 26, 18, 48, 36, 30, 39, 11, 16, 37, 12, 38, 9, 35, 51, 58, 33, 14, 43, 24, 49, 15, 47, 44, 50, 42, 63, 61, 52, 32, 56, 34, 57, 59, 62, 54, 60, 53, 45, 64, 41, 55 ]
]
];
s`SolvableDBPassport := [ PowerSequence(PermutationGroup<64 |  
\[ 11, 33, 8, 10, 2, 5, 12, 13, 54, 27, 9, 34, 35, 30, 18, 14, 16, 40, 1, 28, 7, 21, 29, 3, 4, 19, 37, 36, 51, 39, 20, 64, 32, 55, 52, 38, 56, 59, 58, 23, 44, 31, 42, 22, 15, 6, 24, 25, 17, 46, 57, 60, 45, 53, 47, 49, 63, 62, 50, 41, 48, 61, 26, 43 ],
\[ 3, 8, 15, 19, 16, 24, 1, 31, 13, 5, 14, 2, 40, 18, 41, 42, 45, 48, 17, 25, 6, 26, 4, 43, 46, 47, 11, 21, 7, 20, 44, 35, 30, 9, 28, 10, 33, 12, 23, 22, 57, 61, 60, 50, 62, 49, 53, 63, 64, 55, 27, 29, 52, 39, 32, 54, 34, 36, 37, 38, 59, 51, 56, 58 ],
\[ 4, 10, 6, 20, 21, 25, 28, 1, 27, 23, 7, 29, 2, 5, 17, 19, 46, 3, 22, 8, 40, 31, 13, 26, 18, 48, 36, 30, 39, 11, 16, 37, 12, 38, 9, 35, 51, 58, 33, 14, 43, 24, 49, 15, 47, 44, 50, 42, 63, 61, 52, 32, 56, 34, 57, 59, 62, 54, 60, 53, 45, 64, 41, 55 ]:
 Order := 64 >) |
[ PermutationGroup<64 |  
\[ 11, 33, 8, 10, 2, 5, 12, 13, 54, 27, 9, 34, 35, 30, 18, 14, 16, 40, 1, 28, 7, 21, 29, 3, 4, 19, 37, 36, 51, 39, 20, 64, 32, 55, 52, 38, 56, 59, 58, 23, 44, 31, 42, 22, 15, 6, 24, 25, 17, 46, 57, 60, 45, 53, 47, 49, 63, 62, 50, 41, 48, 61, 26, 43 ],
\[ 3, 8, 15, 19, 16, 24, 1, 31, 13, 5, 14, 2, 40, 18, 41, 42, 45, 48, 17, 25, 6, 26, 4, 43, 46, 47, 11, 21, 7, 20, 44, 35, 30, 9, 28, 10, 33, 12, 23, 22, 57, 61, 60, 50, 62, 49, 53, 63, 64, 55, 27, 29, 52, 39, 32, 54, 34, 36, 37, 38, 59, 51, 56, 58 ],
\[ 4, 10, 6, 20, 21, 25, 28, 1, 27, 23, 7, 29, 2, 5, 17, 19, 46, 3, 22, 8, 40, 31, 13, 26, 18, 48, 36, 30, 39, 11, 16, 37, 12, 38, 9, 35, 51, 58, 33, 14, 43, 24, 49, 15, 47, 44, 50, 42, 63, 61, 52, 32, 56, 34, 57, 59, 62, 54, 60, 53, 45, 64, 41, 55 ]:
 Order := 64 > |
[ 11, 33, 8, 10, 2, 5, 12, 13, 54, 27, 9, 34, 35, 30, 18, 14, 16, 40, 1, 28, 7, 21, 29, 3, 4, 19, 37, 36, 51, 39, 20, 64, 32, 55, 52, 38, 56, 59, 58, 23, 44, 31, 42, 22, 15, 6, 24, 25, 17, 46, 57, 60, 45, 53, 47, 49, 63, 62, 50, 41, 48, 61, 26, 43 ],
[ 16, 14, 42, 6, 3, 17, 5, 18, 30, 1, 8, 11, 20, 31, 61, 15, 43, 44, 24, 22, 19, 46, 21, 45, 26, 49, 2, 4, 10, 40, 48, 39, 13, 33, 23, 7, 9, 27, 28, 25, 59, 41, 62, 63, 60, 47, 64, 50, 53, 56, 12, 36, 58, 35, 54, 32, 37, 29, 34, 51, 57, 38, 55, 52 ],
[ 21, 7, 19, 40, 4, 22, 23, 5, 12, 28, 10, 36, 11, 1, 24, 6, 26, 16, 25, 14, 20, 18, 30, 46, 31, 44, 29, 13, 35, 2, 3, 34, 27, 51, 33, 39, 38, 52, 9, 8, 45, 17, 47, 42, 49, 48, 63, 15, 50, 41, 58, 54, 55, 37, 59, 57, 60, 32, 62, 64, 43, 53, 61, 56 ]
],
[ PermutationGroup<64 |  
\[ 11, 33, 8, 10, 2, 5, 12, 13, 54, 27, 9, 34, 35, 30, 18, 14, 16, 40, 1, 28, 7, 21, 29, 3, 4, 19, 37, 36, 51, 39, 20, 64, 32, 55, 52, 38, 56, 59, 58, 23, 44, 31, 42, 22, 15, 6, 24, 25, 17, 46, 57, 60, 45, 53, 47, 49, 63, 62, 50, 41, 48, 61, 26, 43 ],
\[ 3, 8, 15, 19, 16, 24, 1, 31, 13, 5, 14, 2, 40, 18, 41, 42, 45, 48, 17, 25, 6, 26, 4, 43, 46, 47, 11, 21, 7, 20, 44, 35, 30, 9, 28, 10, 33, 12, 23, 22, 57, 61, 60, 50, 62, 49, 53, 63, 64, 55, 27, 29, 52, 39, 32, 54, 34, 36, 37, 38, 59, 51, 56, 58 ],
\[ 4, 10, 6, 20, 21, 25, 28, 1, 27, 23, 7, 29, 2, 5, 17, 19, 46, 3, 22, 8, 40, 31, 13, 26, 18, 48, 36, 30, 39, 11, 16, 37, 12, 38, 9, 35, 51, 58, 33, 14, 43, 24, 49, 15, 47, 44, 50, 42, 63, 61, 52, 32, 56, 34, 57, 59, 62, 54, 60, 53, 45, 64, 41, 55 ]:
 Order := 64 > |
[ 11, 33, 8, 10, 2, 5, 12, 13, 54, 27, 9, 34, 35, 30, 18, 14, 16, 40, 1, 28, 7, 21, 29, 3, 4, 19, 37, 36, 51, 39, 20, 64, 32, 55, 52, 38, 56, 59, 58, 23, 44, 31, 42, 22, 15, 6, 24, 25, 17, 46, 57, 60, 45, 53, 47, 49, 63, 62, 50, 41, 48, 61, 26, 43 ],
[ 37, 56, 33, 38, 34, 27, 59, 54, 49, 57, 55, 63, 64, 32, 30, 9, 2, 35, 12, 52, 51, 36, 60, 11, 29, 10, 50, 62, 61, 53, 39, 17, 47, 46, 45, 41, 26, 48, 43, 58, 20, 13, 14, 23, 8, 7, 5, 28, 1, 4, 44, 42, 16, 24, 19, 6, 25, 15, 22, 18, 40, 31, 21, 3 ],
[ 55, 47, 54, 57, 56, 34, 63, 64, 24, 50, 49, 46, 45, 53, 35, 32, 9, 58, 37, 62, 59, 51, 61, 33, 38, 12, 26, 41, 44, 43, 52, 3, 17, 19, 42, 48, 6, 22, 15, 60, 23, 39, 13, 36, 30, 27, 11, 29, 2, 7, 25, 18, 8, 16, 5, 1, 21, 31, 4, 20, 28, 40, 10, 14 ]
]
];
s`SolvableDBPointedPassport := [ PowerSequence(PermutationGroup<64 |  
\[ 2, 3, 4, 5, 6, 7, 8, 9, 10, 11, 12, 13, 14, 15, 16, 17, 18, 19, 20, 21, 22, 23, 24, 25, 26, 27, 28, 29, 30, 31, 32, 33, 34, 35, 36, 37, 38, 39, 40, 41, 42, 43, 44, 45, 46, 47, 48, 49, 50, 51, 52, 53, 54, 55, 56, 57, 58, 59, 60, 61, 62, 63, 64, 1 ],
\[ 2, 1, 3, 4, 5, 6, 7, 8, 9, 10, 11, 12, 13, 14, 15, 16, 17, 18, 19, 20, 21, 22, 23, 24, 25, 26, 27, 28, 29, 30, 31, 32, 33, 34, 35, 36, 37, 38, 39, 40, 41, 42, 43, 44, 45, 46, 47, 48, 49, 50, 51, 52, 53, 54, 55, 56, 57, 58, 59, 60, 61, 62, 63, 64 ]:
 Order := 126886932185884164103433389335161480802865516174545192198801894375214704230400000000000000 >) |
[ PermutationGroup<64 |  
\[ 2, 3, 4, 5, 6, 7, 8, 9, 10, 11, 12, 13, 14, 15, 16, 17, 18, 19, 20, 21, 22, 23, 24, 25, 26, 27, 28, 29, 30, 31, 32, 33, 34, 35, 36, 37, 38, 39, 40, 41, 42, 43, 44, 45, 46, 47, 48, 49, 50, 51, 52, 53, 54, 55, 56, 57, 58, 59, 60, 61, 62, 63, 64, 1 ],
\[ 2, 1, 3, 4, 5, 6, 7, 8, 9, 10, 11, 12, 13, 14, 15, 16, 17, 18, 19, 20, 21, 22, 23, 24, 25, 26, 27, 28, 29, 30, 31, 32, 33, 34, 35, 36, 37, 38, 39, 40, 41, 42, 43, 44, 45, 46, 47, 48, 49, 50, 51, 52, 53, 54, 55, 56, 57, 58, 59, 60, 61, 62, 63, 64 ]:
 Order := 126886932185884164103433389335161480802865516174545192198801894375214704230400000000000000 > |
[ 11, 33, 8, 10, 2, 5, 12, 13, 54, 27, 9, 34, 35, 30, 18, 14, 16, 40, 1, 28, 7, 21, 29, 3, 4, 19, 37, 36, 51, 39, 20, 64, 32, 55, 52, 38, 56, 59, 58, 23, 44, 31, 42, 22, 15, 6, 24, 25, 17, 46, 57, 60, 45, 53, 47, 49, 63, 62, 50, 41, 48, 61, 26, 43 ],
[ 16, 14, 42, 6, 3, 17, 5, 18, 30, 1, 8, 11, 20, 31, 61, 15, 43, 44, 24, 22, 19, 46, 21, 45, 26, 49, 2, 4, 10, 40, 48, 39, 13, 33, 23, 7, 9, 27, 28, 25, 59, 41, 62, 63, 60, 47, 64, 50, 53, 56, 12, 36, 58, 35, 54, 32, 37, 29, 34, 51, 57, 38, 55, 52 ],
[ 21, 7, 19, 40, 4, 22, 23, 5, 12, 28, 10, 36, 11, 1, 24, 6, 26, 16, 25, 14, 20, 18, 30, 46, 31, 44, 29, 13, 35, 2, 3, 34, 27, 51, 33, 39, 38, 52, 9, 8, 45, 17, 47, 42, 49, 48, 63, 15, 50, 41, 58, 54, 55, 37, 59, 57, 60, 32, 62, 64, 43, 53, 61, 56 ]
],
[ PermutationGroup<64 |  
\[ 2, 3, 4, 5, 6, 7, 8, 9, 10, 11, 12, 13, 14, 15, 16, 17, 18, 19, 20, 21, 22, 23, 24, 25, 26, 27, 28, 29, 30, 31, 32, 33, 34, 35, 36, 37, 38, 39, 40, 41, 42, 43, 44, 45, 46, 47, 48, 49, 50, 51, 52, 53, 54, 55, 56, 57, 58, 59, 60, 61, 62, 63, 64, 1 ],
\[ 2, 1, 3, 4, 5, 6, 7, 8, 9, 10, 11, 12, 13, 14, 15, 16, 17, 18, 19, 20, 21, 22, 23, 24, 25, 26, 27, 28, 29, 30, 31, 32, 33, 34, 35, 36, 37, 38, 39, 40, 41, 42, 43, 44, 45, 46, 47, 48, 49, 50, 51, 52, 53, 54, 55, 56, 57, 58, 59, 60, 61, 62, 63, 64 ]:
 Order := 126886932185884164103433389335161480802865516174545192198801894375214704230400000000000000 > |
[ 11, 33, 8, 10, 2, 5, 12, 13, 54, 27, 9, 34, 35, 30, 18, 14, 16, 40, 1, 28, 7, 21, 29, 3, 4, 19, 37, 36, 51, 39, 20, 64, 32, 55, 52, 38, 56, 59, 58, 23, 44, 31, 42, 22, 15, 6, 24, 25, 17, 46, 57, 60, 45, 53, 47, 49, 63, 62, 50, 41, 48, 61, 26, 43 ],
[ 37, 56, 33, 38, 34, 27, 59, 54, 49, 57, 55, 63, 64, 32, 30, 9, 2, 35, 12, 52, 51, 36, 60, 11, 29, 10, 50, 62, 61, 53, 39, 17, 47, 46, 45, 41, 26, 48, 43, 58, 20, 13, 14, 23, 8, 7, 5, 28, 1, 4, 44, 42, 16, 24, 19, 6, 25, 15, 22, 18, 40, 31, 21, 3 ],
[ 55, 47, 54, 57, 56, 34, 63, 64, 24, 50, 49, 46, 45, 53, 35, 32, 9, 58, 37, 62, 59, 51, 61, 33, 38, 12, 26, 41, 44, 43, 52, 3, 17, 19, 42, 48, 6, 22, 15, 60, 23, 39, 13, 36, 30, 27, 11, 29, 2, 7, 25, 18, 8, 16, 5, 1, 21, 31, 4, 20, 28, 40, 10, 14 ]
]
];
s`SolvableDBMonodromyGroup := PermutationGroup<64 |  
\[ 11, 33, 8, 10, 2, 5, 12, 13, 54, 27, 9, 34, 35, 30, 18, 14, 16, 40, 1, 28, 7, 21, 29, 3, 4, 19, 37, 36, 51, 39, 20, 64, 32, 55, 52, 38, 56, 59, 58, 23, 44, 31, 42, 22, 15, 6, 24, 25, 17, 46, 57, 60, 45, 53, 47, 49, 63, 62, 50, 41, 48, 61, 26, 43 ],
\[ 3, 8, 15, 19, 16, 24, 1, 31, 13, 5, 14, 2, 40, 18, 41, 42, 45, 48, 17, 25, 6, 26, 4, 43, 46, 47, 11, 21, 7, 20, 44, 35, 30, 9, 28, 10, 33, 12, 23, 22, 57, 61, 60, 50, 62, 49, 53, 63, 64, 55, 27, 29, 52, 39, 32, 54, 34, 36, 37, 38, 59, 51, 56, 58 ],
\[ 4, 10, 6, 20, 21, 25, 28, 1, 27, 23, 7, 29, 2, 5, 17, 19, 46, 3, 22, 8, 40, 31, 13, 26, 18, 48, 36, 30, 39, 11, 16, 37, 12, 38, 9, 35, 51, 58, 33, 14, 43, 24, 49, 15, 47, 44, 50, 42, 63, 61, 52, 32, 56, 34, 57, 59, 62, 54, 60, 53, 45, 64, 41, 55 ] >;
s`SolvableDBAutomorphismGroup := PermutationGroup<64 |  
\[ 63, 46, 56, 41, 50, 59, 48, 49, 19, 44, 26, 25, 17, 47, 54, 55, 34, 53, 57, 43, 61, 62, 15, 37, 60, 51, 22, 42, 18, 24, 64, 5, 6, 4, 16, 31, 21, 20, 3, 45, 39, 32, 33, 58, 9, 38, 27, 52, 12, 36, 40, 14, 11, 1, 10, 7, 23, 8, 28, 30, 35, 13, 29, 2 ],
\[ 62, 41, 51, 64, 60, 52, 45, 57, 48, 43, 61, 15, 63, 59, 27, 38, 36, 37, 58, 55, 53, 54, 49, 29, 32, 39, 42, 47, 17, 50, 34, 22, 44, 18, 26, 24, 31, 3, 46, 56, 11, 12, 7, 9, 10, 35, 23, 33, 28, 13, 16, 19, 4, 25, 40, 20, 14, 6, 8, 1, 2, 5, 30, 21 ]:
 Order := 64 >;
s`SolvableDBPointedAutomorphismGroup := PermutationGroup<64 |  
\[ 54, 64, 39, 34, 32, 33, 56, 58, 45, 55, 53, 49, 62, 52, 23, 35, 13, 29, 9, 38, 37, 27, 57, 30, 12, 11, 47, 59, 63, 60, 36, 42, 43, 17, 61, 50, 24, 46, 41, 51, 4, 28, 20, 10, 40, 2, 14, 7, 8, 5, 26, 48, 18, 15, 16, 3, 19, 44, 6, 25, 21, 22, 1, 31 ]:
 Order := 16 >;
s`SolvableDBPathToPP1 := [ Strings() | "PP1", "2T1-2,2,1-g0-path1", "4T1-4,4,2-g1-path1", "8T2-4,4,2-g1-path2", "16T5-8,8,2-g3-path5", "32S16-16,16,4-g11-path9", "64S44-16,16,4-g21-path60" ];
s`SolvableDBParents := [ Strings() | "128S153-32,32,8-g53-path45", "128S154-32,32,4-g45-path45", "128S102-16,16,8-g49-path251", "128S153-32,32,8-g53-path46", "128S154-32,32,4-g45-path46", "128S99-16,16,8-g49-path251", "128S106-16,16,4-g41-path442" ];
s`SolvableDBChild := "32S16-16,16,4-g11-path9";

/*
Return for eval
*/

return s;
