s := SolvableDBObjectInitialize();

/*
Basic Information about the Passport
*/

s`SolvableDBName := "64S4-2,8,8-g9-path16";
s`SolvableDBFilename := "64S4-2,8,8-g9-path16.m";
s`SolvableDBPathNumber := 16;
s`SolvableDBDegree := 64;
s`SolvableDBABC := \[ 2, 8, 8 ];
s`SolvableDBType := "Hyperbolic";
s`SolvableDBGenus := 9;
s`SolvableDBGaloisOrbitSize := 1;
s`SolvableDBPassportSize := 1;
s`SolvableDBPointedPassportSize := 1;
s`SolvableDBLevel := 6;
s`SolvableDBBlocks := {@ PowerSet(IntegerRing()) |
{ IntegerRing() | 1, 5 },
{ IntegerRing() | 2, 10 },
{ IntegerRing() | 3, 16 },
{ IntegerRing() | 4, 11 },
{ IntegerRing() | 6, 9 },
{ IntegerRing() | 7, 13 },
{ IntegerRing() | 8, 28 },
{ IntegerRing() | 12, 26 },
{ IntegerRing() | 14, 40 },
{ IntegerRing() | 15, 36 },
{ IntegerRing() | 17, 38 },
{ IntegerRing() | 18, 32 },
{ IntegerRing() | 19, 33 },
{ IntegerRing() | 20, 34 },
{ IntegerRing() | 21, 29 },
{ IntegerRing() | 22, 30 },
{ IntegerRing() | 23, 31 },
{ IntegerRing() | 24, 35 },
{ IntegerRing() | 25, 37 },
{ IntegerRing() | 27, 44 },
{ IntegerRing() | 39, 54 },
{ IntegerRing() | 41, 53 },
{ IntegerRing() | 42, 56 },
{ IntegerRing() | 43, 55 },
{ IntegerRing() | 45, 50 },
{ IntegerRing() | 46, 49 },
{ IntegerRing() | 47, 52 },
{ IntegerRing() | 48, 51 },
{ IntegerRing() | 57, 62 },
{ IntegerRing() | 58, 61 },
{ IntegerRing() | 59, 64 },
{ IntegerRing() | 60, 63 }
@};

/*
Permutations and Passports
*/

s`SolvableDBGaloisOrbit := [ PowerSequence(PermutationGroup<64 |  
\[ 2, 3, 4, 5, 6, 7, 8, 9, 10, 11, 12, 13, 14, 15, 16, 17, 18, 19, 20, 21, 22, 23, 24, 25, 26, 27, 28, 29, 30, 31, 32, 33, 34, 35, 36, 37, 38, 39, 40, 41, 42, 43, 44, 45, 46, 47, 48, 49, 50, 51, 52, 53, 54, 55, 56, 57, 58, 59, 60, 61, 62, 63, 64, 1 ],
\[ 2, 1, 3, 4, 5, 6, 7, 8, 9, 10, 11, 12, 13, 14, 15, 16, 17, 18, 19, 20, 21, 22, 23, 24, 25, 26, 27, 28, 29, 30, 31, 32, 33, 34, 35, 36, 37, 38, 39, 40, 41, 42, 43, 44, 45, 46, 47, 48, 49, 50, 51, 52, 53, 54, 55, 56, 57, 58, 59, 60, 61, 62, 63, 64 ]:
 Order := 126886932185884164103433389335161480802865516174545192198801894375214704230400000000000000 >) |
[ PermutationGroup<64 |  
\[ 2, 3, 4, 5, 6, 7, 8, 9, 10, 11, 12, 13, 14, 15, 16, 17, 18, 19, 20, 21, 22, 23, 24, 25, 26, 27, 28, 29, 30, 31, 32, 33, 34, 35, 36, 37, 38, 39, 40, 41, 42, 43, 44, 45, 46, 47, 48, 49, 50, 51, 52, 53, 54, 55, 56, 57, 58, 59, 60, 61, 62, 63, 64, 1 ],
\[ 2, 1, 3, 4, 5, 6, 7, 8, 9, 10, 11, 12, 13, 14, 15, 16, 17, 18, 19, 20, 21, 22, 23, 24, 25, 26, 27, 28, 29, 30, 31, 32, 33, 34, 35, 36, 37, 38, 39, 40, 41, 42, 43, 44, 45, 46, 47, 48, 49, 50, 51, 52, 53, 54, 55, 56, 57, 58, 59, 60, 61, 62, 63, 64 ]:
 Order := 126886932185884164103433389335161480802865516174545192198801894375214704230400000000000000 > |
[ 10, 5, 7, 32, 2, 29, 3, 12, 21, 1, 18, 8, 16, 17, 44, 13, 14, 11, 30, 31, 9, 33, 34, 25, 24, 28, 36, 26, 6, 19, 20, 4, 22, 23, 37, 27, 35, 40, 41, 38, 39, 43, 42, 15, 52, 51, 50, 49, 48, 47, 46, 45, 54, 53, 56, 55, 58, 57, 60, 59, 62, 61, 64, 63 ],
[ 3, 8, 14, 10, 16, 1, 24, 17, 5, 28, 2, 25, 35, 39, 7, 40, 42, 44, 32, 4, 15, 29, 6, 53, 55, 37, 12, 38, 36, 21, 9, 27, 18, 11, 41, 13, 43, 56, 57, 54, 59, 61, 63, 26, 30, 19, 31, 20, 33, 22, 34, 23, 64, 62, 60, 58, 52, 48, 50, 46, 51, 47, 49, 45 ],
[ 4, 9, 15, 19, 11, 22, 1, 27, 30, 6, 33, 2, 5, 8, 18, 36, 3, 34, 45, 47, 31, 49, 51, 12, 7, 10, 29, 44, 23, 46, 48, 20, 50, 52, 26, 32, 13, 16, 35, 28, 14, 37, 17, 21, 57, 61, 59, 63, 58, 62, 60, 64, 40, 24, 38, 25, 56, 39, 55, 41, 54, 42, 53, 43 ]
]
];
s`SolvableDBPassport := [ PowerSequence(PermutationGroup<64 |  
\[ 10, 5, 7, 32, 2, 29, 3, 12, 21, 1, 18, 8, 16, 17, 44, 13, 14, 11, 30, 31, 9, 33, 34, 25, 24, 28, 36, 26, 6, 19, 20, 4, 22, 23, 37, 27, 35, 40, 41, 38, 39, 43, 42, 15, 52, 51, 50, 49, 48, 47, 46, 45, 54, 53, 56, 55, 58, 57, 60, 59, 62, 61, 64, 63 ],
\[ 3, 8, 14, 10, 16, 1, 24, 17, 5, 28, 2, 25, 35, 39, 7, 40, 42, 44, 32, 4, 15, 29, 6, 53, 55, 37, 12, 38, 36, 21, 9, 27, 18, 11, 41, 13, 43, 56, 57, 54, 59, 61, 63, 26, 30, 19, 31, 20, 33, 22, 34, 23, 64, 62, 60, 58, 52, 48, 50, 46, 51, 47, 49, 45 ],
\[ 4, 9, 15, 19, 11, 22, 1, 27, 30, 6, 33, 2, 5, 8, 18, 36, 3, 34, 45, 47, 31, 49, 51, 12, 7, 10, 29, 44, 23, 46, 48, 20, 50, 52, 26, 32, 13, 16, 35, 28, 14, 37, 17, 21, 57, 61, 59, 63, 58, 62, 60, 64, 40, 24, 38, 25, 56, 39, 55, 41, 54, 42, 53, 43 ]:
 Order := 64 >) |
[ PermutationGroup<64 |  
\[ 10, 5, 7, 32, 2, 29, 3, 12, 21, 1, 18, 8, 16, 17, 44, 13, 14, 11, 30, 31, 9, 33, 34, 25, 24, 28, 36, 26, 6, 19, 20, 4, 22, 23, 37, 27, 35, 40, 41, 38, 39, 43, 42, 15, 52, 51, 50, 49, 48, 47, 46, 45, 54, 53, 56, 55, 58, 57, 60, 59, 62, 61, 64, 63 ],
\[ 3, 8, 14, 10, 16, 1, 24, 17, 5, 28, 2, 25, 35, 39, 7, 40, 42, 44, 32, 4, 15, 29, 6, 53, 55, 37, 12, 38, 36, 21, 9, 27, 18, 11, 41, 13, 43, 56, 57, 54, 59, 61, 63, 26, 30, 19, 31, 20, 33, 22, 34, 23, 64, 62, 60, 58, 52, 48, 50, 46, 51, 47, 49, 45 ],
\[ 4, 9, 15, 19, 11, 22, 1, 27, 30, 6, 33, 2, 5, 8, 18, 36, 3, 34, 45, 47, 31, 49, 51, 12, 7, 10, 29, 44, 23, 46, 48, 20, 50, 52, 26, 32, 13, 16, 35, 28, 14, 37, 17, 21, 57, 61, 59, 63, 58, 62, 60, 64, 40, 24, 38, 25, 56, 39, 55, 41, 54, 42, 53, 43 ]:
 Order := 64 > |
[ 58, 62, 45, 55, 61, 41, 52, 46, 53, 57, 43, 51, 47, 34, 63, 50, 23, 42, 24, 40, 54, 37, 17, 19, 30, 48, 59, 49, 39, 25, 38, 56, 35, 14, 33, 60, 22, 31, 29, 20, 6, 18, 11, 64, 3, 8, 13, 26, 28, 16, 12, 7, 9, 21, 4, 32, 10, 1, 27, 36, 5, 2, 15, 44 ],
[ 3, 8, 14, 10, 16, 1, 24, 17, 5, 28, 2, 25, 35, 39, 7, 40, 42, 44, 32, 4, 15, 29, 6, 53, 55, 37, 12, 38, 36, 21, 9, 27, 18, 11, 41, 13, 43, 56, 57, 54, 59, 61, 63, 26, 30, 19, 31, 20, 33, 22, 34, 23, 64, 62, 60, 58, 52, 48, 50, 46, 51, 47, 49, 45 ],
[ 56, 54, 64, 25, 42, 35, 57, 60, 24, 39, 37, 61, 62, 51, 43, 59, 52, 17, 7, 16, 40, 26, 8, 46, 45, 58, 41, 63, 14, 12, 28, 38, 13, 3, 49, 55, 50, 47, 22, 48, 23, 33, 34, 53, 1, 2, 36, 44, 10, 5, 27, 15, 31, 30, 20, 19, 4, 6, 32, 29, 9, 11, 21, 18 ]
]
];
s`SolvableDBPointedPassport := [ PowerSequence(PermutationGroup<64 |  
\[ 10, 5, 7, 32, 2, 29, 3, 12, 21, 1, 18, 8, 16, 17, 44, 13, 14, 11, 30, 31, 9, 33, 34, 25, 24, 28, 36, 26, 6, 19, 20, 4, 22, 23, 37, 27, 35, 40, 41, 38, 39, 43, 42, 15, 52, 51, 50, 49, 48, 47, 46, 45, 54, 53, 56, 55, 58, 57, 60, 59, 62, 61, 64, 63 ],
\[ 3, 8, 14, 10, 16, 1, 24, 17, 5, 28, 2, 25, 35, 39, 7, 40, 42, 44, 32, 4, 15, 29, 6, 53, 55, 37, 12, 38, 36, 21, 9, 27, 18, 11, 41, 13, 43, 56, 57, 54, 59, 61, 63, 26, 30, 19, 31, 20, 33, 22, 34, 23, 64, 62, 60, 58, 52, 48, 50, 46, 51, 47, 49, 45 ],
\[ 4, 9, 15, 19, 11, 22, 1, 27, 30, 6, 33, 2, 5, 8, 18, 36, 3, 34, 45, 47, 31, 49, 51, 12, 7, 10, 29, 44, 23, 46, 48, 20, 50, 52, 26, 32, 13, 16, 35, 28, 14, 37, 17, 21, 57, 61, 59, 63, 58, 62, 60, 64, 40, 24, 38, 25, 56, 39, 55, 41, 54, 42, 53, 43 ]:
 Order := 64 >) |
[ PermutationGroup<64 |  
\[ 10, 5, 7, 32, 2, 29, 3, 12, 21, 1, 18, 8, 16, 17, 44, 13, 14, 11, 30, 31, 9, 33, 34, 25, 24, 28, 36, 26, 6, 19, 20, 4, 22, 23, 37, 27, 35, 40, 41, 38, 39, 43, 42, 15, 52, 51, 50, 49, 48, 47, 46, 45, 54, 53, 56, 55, 58, 57, 60, 59, 62, 61, 64, 63 ],
\[ 3, 8, 14, 10, 16, 1, 24, 17, 5, 28, 2, 25, 35, 39, 7, 40, 42, 44, 32, 4, 15, 29, 6, 53, 55, 37, 12, 38, 36, 21, 9, 27, 18, 11, 41, 13, 43, 56, 57, 54, 59, 61, 63, 26, 30, 19, 31, 20, 33, 22, 34, 23, 64, 62, 60, 58, 52, 48, 50, 46, 51, 47, 49, 45 ],
\[ 4, 9, 15, 19, 11, 22, 1, 27, 30, 6, 33, 2, 5, 8, 18, 36, 3, 34, 45, 47, 31, 49, 51, 12, 7, 10, 29, 44, 23, 46, 48, 20, 50, 52, 26, 32, 13, 16, 35, 28, 14, 37, 17, 21, 57, 61, 59, 63, 58, 62, 60, 64, 40, 24, 38, 25, 56, 39, 55, 41, 54, 42, 53, 43 ]:
 Order := 64 > |
[ 3, 8, 14, 10, 16, 1, 24, 17, 5, 28, 2, 25, 35, 39, 7, 40, 42, 44, 32, 4, 15, 29, 6, 53, 55, 37, 12, 38, 36, 21, 9, 27, 18, 11, 41, 13, 43, 56, 57, 54, 59, 61, 63, 26, 30, 19, 31, 20, 33, 22, 34, 23, 64, 62, 60, 58, 52, 48, 50, 46, 51, 47, 49, 45 ],
[ 56, 54, 64, 25, 42, 35, 57, 60, 24, 39, 37, 61, 62, 51, 43, 59, 52, 17, 7, 16, 40, 26, 8, 46, 45, 58, 41, 63, 14, 12, 28, 38, 13, 3, 49, 55, 50, 47, 22, 48, 23, 33, 34, 53, 1, 2, 36, 44, 10, 5, 27, 15, 31, 30, 20, 19, 4, 6, 32, 29, 9, 11, 21, 18 ],
[ 58, 62, 45, 55, 61, 41, 52, 46, 53, 57, 43, 51, 47, 34, 63, 50, 23, 42, 24, 40, 54, 37, 17, 19, 30, 48, 59, 49, 39, 25, 38, 56, 35, 14, 33, 60, 22, 31, 29, 20, 6, 18, 11, 64, 3, 8, 13, 26, 28, 16, 12, 7, 9, 21, 4, 32, 10, 1, 27, 36, 5, 2, 15, 44 ]
]
];
s`SolvableDBMonodromyGroup := PermutationGroup<64 |  
\[ 10, 5, 7, 32, 2, 29, 3, 12, 21, 1, 18, 8, 16, 17, 44, 13, 14, 11, 30, 31, 9, 33, 34, 25, 24, 28, 36, 26, 6, 19, 20, 4, 22, 23, 37, 27, 35, 40, 41, 38, 39, 43, 42, 15, 52, 51, 50, 49, 48, 47, 46, 45, 54, 53, 56, 55, 58, 57, 60, 59, 62, 61, 64, 63 ],
\[ 3, 8, 14, 10, 16, 1, 24, 17, 5, 28, 2, 25, 35, 39, 7, 40, 42, 44, 32, 4, 15, 29, 6, 53, 55, 37, 12, 38, 36, 21, 9, 27, 18, 11, 41, 13, 43, 56, 57, 54, 59, 61, 63, 26, 30, 19, 31, 20, 33, 22, 34, 23, 64, 62, 60, 58, 52, 48, 50, 46, 51, 47, 49, 45 ],
\[ 4, 9, 15, 19, 11, 22, 1, 27, 30, 6, 33, 2, 5, 8, 18, 36, 3, 34, 45, 47, 31, 49, 51, 12, 7, 10, 29, 44, 23, 46, 48, 20, 50, 52, 26, 32, 13, 16, 35, 28, 14, 37, 17, 21, 57, 61, 59, 63, 58, 62, 60, 64, 40, 24, 38, 25, 56, 39, 55, 41, 54, 42, 53, 43 ] >;
s`SolvableDBAutomorphismGroup := PermutationGroup<64 |  
\[ 57, 61, 52, 56, 62, 39, 45, 51, 54, 58, 42, 46, 50, 23, 64, 47, 34, 43, 25, 38, 53, 35, 14, 30, 19, 49, 60, 48, 41, 24, 40, 55, 37, 17, 22, 59, 33, 20, 6, 31, 29, 11, 18, 63, 7, 12, 16, 28, 26, 13, 8, 3, 21, 9, 32, 4, 1, 10, 36, 27, 2, 5, 44, 15 ],
\[ 52, 50, 23, 64, 47, 57, 34, 22, 62, 45, 59, 33, 20, 6, 51, 31, 29, 60, 43, 53, 61, 56, 39, 11, 18, 19, 49, 30, 58, 42, 54, 63, 55, 41, 4, 48, 32, 21, 1, 9, 10, 36, 27, 46, 17, 37, 40, 24, 25, 38, 35, 14, 2, 5, 44, 15, 3, 7, 28, 26, 13, 16, 12, 8 ],
\[ 58, 62, 48, 39, 61, 56, 49, 47, 42, 57, 54, 50, 46, 20, 63, 51, 31, 53, 35, 14, 43, 25, 38, 33, 22, 45, 59, 52, 55, 37, 17, 41, 24, 40, 19, 60, 30, 23, 4, 34, 32, 9, 21, 64, 26, 13, 8, 3, 7, 12, 16, 28, 18, 11, 29, 6, 10, 1, 27, 36, 5, 2, 15, 44 ]:
 Order := 64 >;
s`SolvableDBPointedAutomorphismGroup := PermutationGroup<64 |  
\[ 10, 5, 28, 6, 2, 4, 26, 16, 11, 1, 9, 13, 12, 38, 44, 8, 40, 21, 22, 23, 18, 19, 20, 37, 35, 7, 36, 3, 32, 33, 34, 29, 30, 31, 25, 27, 24, 14, 56, 17, 55, 54, 53, 15, 49, 50, 51, 52, 45, 46, 47, 48, 43, 42, 41, 39, 58, 57, 60, 59, 62, 61, 64, 63 ]:
 Order := 2 >;

/*
Top Level Belyi Curve/Map
*/


/*
Graph Data
*/

s`SolvableDBPathToPP1 := [ Strings() | "PP1", "2T1-2,2,1-g0-path1", "4T2-2,2,2-g0-path3", "8T2-2,4,4-g1-path5", "16T6-2,8,8-g3-path5", "32S5-2,8,8-g5-path23", "64S4-2,8,8-g9-path16" ];
s`SolvableDBChildren := [ Strings() | "32S5-2,8,8-g5-path23" ];

/*
Return for eval
*/

return s;
