s := SolvableDBInitialize();

/*
Magma printing
*/

s`SolvableDBName := "64S44-16,4,16-g21-path10";
s`SolvableDBFilename := "64S44-16,4,16-g21-path10.m";
s`SolvableDBPassportName := "64S44-16,4,16-g21";
s`SolvableDBPathNumber := 10;
s`SolvableDBDegree := 64;
s`SolvableDBOrders := \[ 16, 4, 16 ];
s`SolvableDBType := "Hyperbolic";
s`SolvableDBGenus := 21;
s`SolvableDBGaloisOrbitSize := 1;
s`SolvableDBPassportSize := 2;
s`SolvableDBPointedPassportSize := 2;
s`SolvableDBLevel := 6;
s`SolvableDBBlocks := {@ PowerSet(IntegerRing()) |
{ IntegerRing() | 1, 5 },
{ IntegerRing() | 2, 11 },
{ IntegerRing() | 3, 16 },
{ IntegerRing() | 4, 21 },
{ IntegerRing() | 6, 15 },
{ IntegerRing() | 7, 19 },
{ IntegerRing() | 8, 10 },
{ IntegerRing() | 9, 33 },
{ IntegerRing() | 12, 27 },
{ IntegerRing() | 13, 29 },
{ IntegerRing() | 14, 38 },
{ IntegerRing() | 17, 24 },
{ IntegerRing() | 18, 30 },
{ IntegerRing() | 20, 44 },
{ IntegerRing() | 22, 25 },
{ IntegerRing() | 23, 28 },
{ IntegerRing() | 26, 41 },
{ IntegerRing() | 31, 36 },
{ IntegerRing() | 32, 54 },
{ IntegerRing() | 34, 37 },
{ IntegerRing() | 35, 39 },
{ IntegerRing() | 40, 51 },
{ IntegerRing() | 42, 46 },
{ IntegerRing() | 43, 62 },
{ IntegerRing() | 45, 47 },
{ IntegerRing() | 48, 49 },
{ IntegerRing() | 50, 61 },
{ IntegerRing() | 52, 56 },
{ IntegerRing() | 53, 64 },
{ IntegerRing() | 55, 57 },
{ IntegerRing() | 58, 59 },
{ IntegerRing() | 60, 63 }
@};
s`SolvableDBIsRamifiedAtEveryLevel := false;
s`SolvableDBGaloisOrbit := [ PowerSequence(PermutationGroup<64 |  
\[ 2, 3, 4, 5, 6, 7, 8, 9, 10, 11, 12, 13, 14, 15, 16, 17, 18, 19, 20, 21, 22, 23, 24, 25, 26, 27, 28, 29, 30, 31, 32, 33, 34, 35, 36, 37, 38, 39, 40, 41, 42, 43, 44, 45, 46, 47, 48, 49, 50, 51, 52, 53, 54, 55, 56, 57, 58, 59, 60, 61, 62, 63, 64, 1 ],
\[ 2, 1, 3, 4, 5, 6, 7, 8, 9, 10, 11, 12, 13, 14, 15, 16, 17, 18, 19, 20, 21, 22, 23, 24, 25, 26, 27, 28, 29, 30, 31, 32, 33, 34, 35, 36, 37, 38, 39, 40, 41, 42, 43, 44, 45, 46, 47, 48, 49, 50, 51, 52, 53, 54, 55, 56, 57, 58, 59, 60, 61, 62, 63, 64 ]:
 Order := 126886932185884164103433389335161480802865516174545192198801894375214704230400000000000000 >) |
[ PermutationGroup<64 |  
\[ 2, 3, 4, 5, 6, 7, 8, 9, 10, 11, 12, 13, 14, 15, 16, 17, 18, 19, 20, 21, 22, 23, 24, 25, 26, 27, 28, 29, 30, 31, 32, 33, 34, 35, 36, 37, 38, 39, 40, 41, 42, 43, 44, 45, 46, 47, 48, 49, 50, 51, 52, 53, 54, 55, 56, 57, 58, 59, 60, 61, 62, 63, 64, 1 ],
\[ 2, 1, 3, 4, 5, 6, 7, 8, 9, 10, 11, 12, 13, 14, 15, 16, 17, 18, 19, 20, 21, 22, 23, 24, 25, 26, 27, 28, 29, 30, 31, 32, 33, 34, 35, 36, 37, 38, 39, 40, 41, 42, 43, 44, 45, 46, 47, 48, 49, 50, 51, 52, 53, 54, 55, 56, 57, 58, 59, 60, 61, 62, 63, 64 ]:
 Order := 126886932185884164103433389335161480802865516174545192198801894375214704230400000000000000 > |
[ 2, 9, 8, 19, 11, 1, 27, 29, 32, 13, 33, 37, 39, 18, 5, 10, 3, 36, 12, 28, 7, 4, 14, 16, 21, 6, 34, 38, 35, 31, 40, 53, 54, 56, 57, 51, 52, 30, 55, 58, 15, 17, 42, 23, 20, 24, 44, 22, 25, 26, 59, 63, 45, 64, 49, 60, 48, 50, 61, 62, 41, 46, 43, 47 ],
[ 3, 10, 14, 6, 16, 24, 1, 30, 29, 18, 8, 2, 31, 7, 17, 38, 28, 12, 5, 22, 15, 41, 4, 23, 26, 42, 11, 21, 36, 27, 37, 39, 13, 9, 40, 34, 33, 19, 51, 56, 46, 44, 45, 25, 49, 20, 48, 50, 61, 62, 52, 32, 57, 35, 58, 54, 59, 63, 60, 53, 43, 47, 64, 55 ],
[ 4, 7, 15, 20, 21, 25, 28, 1, 12, 5, 19, 38, 2, 24, 22, 6, 26, 3, 23, 43, 44, 47, 42, 41, 45, 48, 14, 46, 11, 16, 8, 34, 27, 30, 9, 10, 18, 17, 33, 13, 49, 61, 58, 62, 60, 50, 63, 53, 64, 55, 29, 31, 52, 37, 32, 36, 54, 35, 39, 40, 57, 59, 51, 56 ]
]
];
s`SolvableDBPassport := [ PowerSequence(PermutationGroup<64 |  
\[ 2, 9, 8, 19, 11, 1, 27, 29, 32, 13, 33, 37, 39, 18, 5, 10, 3, 36, 12, 28, 7, 4, 14, 16, 21, 6, 34, 38, 35, 31, 40, 53, 54, 56, 57, 51, 52, 30, 55, 58, 15, 17, 42, 23, 20, 24, 44, 22, 25, 26, 59, 63, 45, 64, 49, 60, 48, 50, 61, 62, 41, 46, 43, 47 ],
\[ 3, 10, 14, 6, 16, 24, 1, 30, 29, 18, 8, 2, 31, 7, 17, 38, 28, 12, 5, 22, 15, 41, 4, 23, 26, 42, 11, 21, 36, 27, 37, 39, 13, 9, 40, 34, 33, 19, 51, 56, 46, 44, 45, 25, 49, 20, 48, 50, 61, 62, 52, 32, 57, 35, 58, 54, 59, 63, 60, 53, 43, 47, 64, 55 ],
\[ 4, 7, 15, 20, 21, 25, 28, 1, 12, 5, 19, 38, 2, 24, 22, 6, 26, 3, 23, 43, 44, 47, 42, 41, 45, 48, 14, 46, 11, 16, 8, 34, 27, 30, 9, 10, 18, 17, 33, 13, 49, 61, 58, 62, 60, 50, 63, 53, 64, 55, 29, 31, 52, 37, 32, 36, 54, 35, 39, 40, 57, 59, 51, 56 ]:
 Order := 64 >) |
[ PermutationGroup<64 |  
\[ 2, 9, 8, 19, 11, 1, 27, 29, 32, 13, 33, 37, 39, 18, 5, 10, 3, 36, 12, 28, 7, 4, 14, 16, 21, 6, 34, 38, 35, 31, 40, 53, 54, 56, 57, 51, 52, 30, 55, 58, 15, 17, 42, 23, 20, 24, 44, 22, 25, 26, 59, 63, 45, 64, 49, 60, 48, 50, 61, 62, 41, 46, 43, 47 ],
\[ 3, 10, 14, 6, 16, 24, 1, 30, 29, 18, 8, 2, 31, 7, 17, 38, 28, 12, 5, 22, 15, 41, 4, 23, 26, 42, 11, 21, 36, 27, 37, 39, 13, 9, 40, 34, 33, 19, 51, 56, 46, 44, 45, 25, 49, 20, 48, 50, 61, 62, 52, 32, 57, 35, 58, 54, 59, 63, 60, 53, 43, 47, 64, 55 ],
\[ 4, 7, 15, 20, 21, 25, 28, 1, 12, 5, 19, 38, 2, 24, 22, 6, 26, 3, 23, 43, 44, 47, 42, 41, 45, 48, 14, 46, 11, 16, 8, 34, 27, 30, 9, 10, 18, 17, 33, 13, 49, 61, 58, 62, 60, 50, 63, 53, 64, 55, 29, 31, 52, 37, 32, 36, 54, 35, 39, 40, 57, 59, 51, 56 ]:
 Order := 64 > |
[ 6, 1, 17, 22, 15, 26, 21, 3, 2, 16, 5, 19, 10, 23, 41, 24, 42, 14, 4, 45, 25, 48, 44, 46, 49, 50, 7, 20, 8, 38, 30, 9, 11, 27, 29, 18, 12, 28, 13, 31, 61, 43, 63, 47, 53, 62, 64, 57, 55, 58, 36, 37, 32, 33, 39, 34, 35, 40, 51, 56, 59, 60, 52, 54 ],
[ 16, 8, 38, 15, 3, 17, 5, 18, 13, 30, 10, 11, 36, 19, 24, 14, 23, 27, 1, 25, 6, 26, 21, 28, 41, 46, 2, 4, 31, 12, 34, 35, 29, 33, 51, 37, 9, 7, 40, 52, 42, 20, 47, 22, 48, 44, 49, 61, 50, 43, 56, 54, 55, 39, 59, 32, 58, 60, 63, 64, 62, 45, 53, 57 ],
[ 27, 37, 2, 14, 12, 19, 18, 33, 56, 9, 34, 36, 54, 8, 7, 11, 5, 13, 30, 24, 38, 28, 16, 1, 23, 21, 31, 3, 32, 29, 39, 63, 52, 51, 64, 35, 40, 10, 53, 57, 4, 6, 41, 17, 42, 15, 46, 44, 20, 22, 55, 59, 62, 60, 47, 58, 45, 49, 48, 61, 25, 26, 50, 43 ]
],
[ PermutationGroup<64 |  
\[ 2, 9, 8, 19, 11, 1, 27, 29, 32, 13, 33, 37, 39, 18, 5, 10, 3, 36, 12, 28, 7, 4, 14, 16, 21, 6, 34, 38, 35, 31, 40, 53, 54, 56, 57, 51, 52, 30, 55, 58, 15, 17, 42, 23, 20, 24, 44, 22, 25, 26, 59, 63, 45, 64, 49, 60, 48, 50, 61, 62, 41, 46, 43, 47 ],
\[ 3, 10, 14, 6, 16, 24, 1, 30, 29, 18, 8, 2, 31, 7, 17, 38, 28, 12, 5, 22, 15, 41, 4, 23, 26, 42, 11, 21, 36, 27, 37, 39, 13, 9, 40, 34, 33, 19, 51, 56, 46, 44, 45, 25, 49, 20, 48, 50, 61, 62, 52, 32, 57, 35, 58, 54, 59, 63, 60, 53, 43, 47, 64, 55 ],
\[ 4, 7, 15, 20, 21, 25, 28, 1, 12, 5, 19, 38, 2, 24, 22, 6, 26, 3, 23, 43, 44, 47, 42, 41, 45, 48, 14, 46, 11, 16, 8, 34, 27, 30, 9, 10, 18, 17, 33, 13, 49, 61, 58, 62, 60, 50, 63, 53, 64, 55, 29, 31, 52, 37, 32, 36, 54, 35, 39, 40, 57, 59, 51, 56 ]:
 Order := 64 > |
[ 6, 1, 17, 22, 15, 26, 21, 3, 2, 16, 5, 19, 10, 23, 41, 24, 42, 14, 4, 45, 25, 48, 44, 46, 49, 50, 7, 20, 8, 38, 30, 9, 11, 27, 29, 18, 12, 28, 13, 31, 61, 43, 63, 47, 53, 62, 64, 57, 55, 58, 36, 37, 32, 33, 39, 34, 35, 40, 51, 56, 59, 60, 52, 54 ],
[ 55, 48, 58, 54, 57, 35, 64, 61, 25, 50, 49, 47, 41, 63, 39, 59, 51, 62, 53, 34, 32, 9, 56, 40, 33, 13, 45, 52, 26, 43, 46, 4, 22, 44, 15, 42, 20, 60, 6, 17, 29, 31, 18, 37, 12, 36, 27, 11, 2, 8, 24, 23, 7, 21, 5, 28, 1, 16, 3, 14, 10, 30, 38, 19 ],
[ 49, 22, 50, 64, 48, 57, 47, 41, 21, 26, 25, 44, 15, 43, 55, 61, 59, 46, 45, 56, 53, 32, 60, 58, 54, 39, 20, 63, 6, 42, 24, 19, 4, 23, 5, 17, 28, 62, 1, 3, 35, 40, 36, 52, 37, 51, 34, 33, 9, 29, 16, 14, 27, 7, 11, 38, 2, 10, 8, 18, 13, 31, 30, 12 ]
]
];
s`SolvableDBPointedPassport := [ PowerSequence(PermutationGroup<64 |  
\[ 2, 3, 4, 5, 6, 7, 8, 9, 10, 11, 12, 13, 14, 15, 16, 17, 18, 19, 20, 21, 22, 23, 24, 25, 26, 27, 28, 29, 30, 31, 32, 33, 34, 35, 36, 37, 38, 39, 40, 41, 42, 43, 44, 45, 46, 47, 48, 49, 50, 51, 52, 53, 54, 55, 56, 57, 58, 59, 60, 61, 62, 63, 64, 1 ],
\[ 2, 1, 3, 4, 5, 6, 7, 8, 9, 10, 11, 12, 13, 14, 15, 16, 17, 18, 19, 20, 21, 22, 23, 24, 25, 26, 27, 28, 29, 30, 31, 32, 33, 34, 35, 36, 37, 38, 39, 40, 41, 42, 43, 44, 45, 46, 47, 48, 49, 50, 51, 52, 53, 54, 55, 56, 57, 58, 59, 60, 61, 62, 63, 64 ]:
 Order := 126886932185884164103433389335161480802865516174545192198801894375214704230400000000000000 >) |
[ PermutationGroup<64 |  
\[ 2, 3, 4, 5, 6, 7, 8, 9, 10, 11, 12, 13, 14, 15, 16, 17, 18, 19, 20, 21, 22, 23, 24, 25, 26, 27, 28, 29, 30, 31, 32, 33, 34, 35, 36, 37, 38, 39, 40, 41, 42, 43, 44, 45, 46, 47, 48, 49, 50, 51, 52, 53, 54, 55, 56, 57, 58, 59, 60, 61, 62, 63, 64, 1 ],
\[ 2, 1, 3, 4, 5, 6, 7, 8, 9, 10, 11, 12, 13, 14, 15, 16, 17, 18, 19, 20, 21, 22, 23, 24, 25, 26, 27, 28, 29, 30, 31, 32, 33, 34, 35, 36, 37, 38, 39, 40, 41, 42, 43, 44, 45, 46, 47, 48, 49, 50, 51, 52, 53, 54, 55, 56, 57, 58, 59, 60, 61, 62, 63, 64 ]:
 Order := 126886932185884164103433389335161480802865516174545192198801894375214704230400000000000000 > |
[ 15, 5, 24, 25, 6, 41, 4, 16, 11, 3, 1, 7, 8, 28, 26, 17, 46, 38, 21, 47, 22, 49, 20, 42, 48, 61, 19, 44, 10, 14, 18, 33, 2, 12, 13, 30, 27, 23, 29, 36, 50, 62, 60, 45, 64, 43, 53, 55, 57, 59, 31, 34, 54, 9, 35, 37, 39, 51, 40, 52, 58, 63, 56, 32 ],
[ 55, 48, 58, 54, 57, 35, 64, 61, 25, 50, 49, 47, 41, 63, 39, 59, 51, 62, 53, 34, 32, 9, 56, 40, 33, 13, 45, 52, 26, 43, 46, 4, 22, 44, 15, 42, 20, 60, 6, 17, 29, 31, 18, 37, 12, 36, 27, 11, 2, 8, 24, 23, 7, 21, 5, 28, 1, 16, 3, 14, 10, 30, 38, 19 ],
[ 48, 25, 61, 53, 49, 55, 45, 26, 4, 41, 22, 20, 6, 62, 57, 50, 58, 42, 47, 52, 64, 54, 63, 59, 32, 35, 44, 60, 15, 46, 17, 7, 21, 28, 1, 24, 23, 43, 5, 16, 39, 51, 31, 56, 34, 40, 37, 9, 33, 13, 3, 38, 12, 19, 2, 14, 11, 8, 10, 30, 29, 36, 18, 27 ]
],
[ PermutationGroup<64 |  
\[ 2, 3, 4, 5, 6, 7, 8, 9, 10, 11, 12, 13, 14, 15, 16, 17, 18, 19, 20, 21, 22, 23, 24, 25, 26, 27, 28, 29, 30, 31, 32, 33, 34, 35, 36, 37, 38, 39, 40, 41, 42, 43, 44, 45, 46, 47, 48, 49, 50, 51, 52, 53, 54, 55, 56, 57, 58, 59, 60, 61, 62, 63, 64, 1 ],
\[ 2, 1, 3, 4, 5, 6, 7, 8, 9, 10, 11, 12, 13, 14, 15, 16, 17, 18, 19, 20, 21, 22, 23, 24, 25, 26, 27, 28, 29, 30, 31, 32, 33, 34, 35, 36, 37, 38, 39, 40, 41, 42, 43, 44, 45, 46, 47, 48, 49, 50, 51, 52, 53, 54, 55, 56, 57, 58, 59, 60, 61, 62, 63, 64 ]:
 Order := 126886932185884164103433389335161480802865516174545192198801894375214704230400000000000000 > |
[ 15, 5, 24, 25, 6, 41, 4, 16, 11, 3, 1, 7, 8, 28, 26, 17, 46, 38, 21, 47, 22, 49, 20, 42, 48, 61, 19, 44, 10, 14, 18, 33, 2, 12, 13, 30, 27, 23, 29, 36, 50, 62, 60, 45, 64, 43, 53, 55, 57, 59, 31, 34, 54, 9, 35, 37, 39, 51, 40, 52, 58, 63, 56, 32 ],
[ 7, 12, 1, 23, 19, 4, 14, 11, 34, 2, 27, 18, 33, 3, 21, 5, 15, 10, 38, 46, 28, 20, 24, 6, 44, 25, 30, 17, 9, 8, 13, 52, 37, 36, 54, 29, 31, 16, 32, 35, 22, 26, 61, 42, 43, 41, 62, 47, 45, 48, 39, 51, 60, 56, 64, 40, 53, 55, 57, 59, 49, 50, 58, 63 ],
[ 8, 13, 18, 1, 10, 16, 2, 31, 35, 36, 29, 9, 40, 27, 3, 30, 38, 37, 11, 4, 5, 15, 19, 14, 6, 17, 33, 7, 51, 34, 52, 55, 39, 32, 58, 56, 54, 12, 59, 60, 24, 23, 20, 21, 25, 28, 22, 26, 41, 46, 63, 53, 48, 57, 50, 64, 61, 43, 62, 45, 42, 44, 47, 49 ]
]
];
s`SolvableDBMonodromyGroup := PermutationGroup<64 |  
\[ 2, 9, 8, 19, 11, 1, 27, 29, 32, 13, 33, 37, 39, 18, 5, 10, 3, 36, 12, 28, 7, 4, 14, 16, 21, 6, 34, 38, 35, 31, 40, 53, 54, 56, 57, 51, 52, 30, 55, 58, 15, 17, 42, 23, 20, 24, 44, 22, 25, 26, 59, 63, 45, 64, 49, 60, 48, 50, 61, 62, 41, 46, 43, 47 ],
\[ 3, 10, 14, 6, 16, 24, 1, 30, 29, 18, 8, 2, 31, 7, 17, 38, 28, 12, 5, 22, 15, 41, 4, 23, 26, 42, 11, 21, 36, 27, 37, 39, 13, 9, 40, 34, 33, 19, 51, 56, 46, 44, 45, 25, 49, 20, 48, 50, 61, 62, 52, 32, 57, 35, 58, 54, 59, 63, 60, 53, 43, 47, 64, 55 ],
\[ 4, 7, 15, 20, 21, 25, 28, 1, 12, 5, 19, 38, 2, 24, 22, 6, 26, 3, 23, 43, 44, 47, 42, 41, 45, 48, 14, 46, 11, 16, 8, 34, 27, 30, 9, 10, 18, 17, 33, 13, 49, 61, 58, 62, 60, 50, 63, 53, 64, 55, 29, 31, 52, 37, 32, 36, 54, 35, 39, 40, 57, 59, 51, 56 ] >;
s`SolvableDBAutomorphismGroup := PermutationGroup<64 |  
\[ 58, 50, 63, 35, 59, 40, 55, 43, 26, 62, 61, 48, 46, 64, 51, 60, 52, 47, 57, 9, 39, 29, 54, 56, 13, 31, 49, 32, 42, 45, 20, 6, 41, 25, 17, 44, 22, 53, 24, 28, 36, 37, 12, 33, 2, 34, 11, 8, 10, 30, 23, 4, 1, 15, 16, 21, 3, 38, 14, 7, 18, 27, 19, 5 ],
\[ 2, 9, 10, 7, 11, 1, 12, 13, 32, 29, 33, 34, 35, 18, 5, 8, 16, 36, 27, 28, 19, 21, 14, 3, 4, 6, 37, 38, 39, 31, 40, 53, 54, 52, 55, 51, 56, 30, 57, 58, 15, 24, 46, 23, 20, 17, 44, 25, 22, 26, 59, 60, 45, 64, 48, 63, 49, 50, 61, 43, 41, 42, 62, 47 ],
\[ 64, 47, 55, 56, 53, 54, 63, 49, 44, 48, 45, 62, 22, 58, 32, 57, 39, 50, 60, 36, 52, 34, 40, 35, 37, 33, 43, 51, 25, 61, 41, 23, 20, 42, 21, 26, 46, 59, 4, 15, 9, 13, 10, 31, 18, 29, 30, 27, 12, 11, 6, 24, 14, 28, 19, 17, 7, 5, 1, 3, 2, 8, 16, 38 ],
\[ 3, 8, 14, 15, 16, 17, 1, 18, 29, 30, 10, 11, 31, 7, 24, 38, 23, 27, 5, 22, 6, 41, 21, 28, 26, 42, 2, 4, 36, 12, 37, 35, 13, 9, 51, 34, 33, 19, 40, 52, 46, 44, 47, 25, 48, 20, 49, 61, 50, 43, 56, 54, 57, 39, 58, 32, 59, 63, 60, 53, 62, 45, 64, 55 ]:
 Order := 64 >;
s`SolvableDBPointedAutomorphismGroup := PermutationGroup<64 |  
\[ 53, 45, 57, 52, 64, 32, 60, 48, 20, 49, 47, 43, 25, 59, 54, 55, 35, 61, 63, 31, 56, 37, 51, 39, 34, 9, 62, 40, 22, 50, 26, 28, 44, 46, 4, 41, 42, 58, 21, 6, 33, 29, 8, 36, 30, 13, 18, 12, 27, 2, 15, 17, 38, 23, 7, 24, 19, 1, 5, 16, 11, 10, 3, 14 ],
\[ 6, 1, 24, 25, 15, 26, 4, 16, 2, 3, 5, 7, 8, 23, 41, 17, 46, 14, 21, 45, 22, 49, 44, 42, 48, 50, 19, 20, 10, 38, 30, 9, 11, 12, 13, 18, 27, 28, 29, 31, 61, 62, 60, 47, 53, 43, 64, 55, 57, 58, 36, 34, 32, 33, 35, 37, 39, 40, 51, 52, 59, 63, 56, 54 ]:
 Order := 16 >;
s`SolvableDBPathToPP1 := [ Strings() | "PP1", "2T1-2,1,2-g0-path1", "4T1-4,1,4-g0-path1", "8T1-8,1,8-g0-path1", "16T5-8,2,8-g3-path1", "32S16-16,4,16-g11-path4", "64S44-16,4,16-g21-path10" ];
s`SolvableDBChild := "32S16-16,4,16-g11-path4";

/*
Return for eval
*/

return s;
