s := SolvableDBObjectInitialize();

/*
Basic Information about the Passport
*/

s`SolvableDBName := "64S44-16,4,16-g21-path51";
s`SolvableDBFilename := "64S44-16,4,16-g21-path51.m";
s`SolvableDBPathNumber := 51;
s`SolvableDBDegree := 64;
s`SolvableDBABC := \[ 16, 4, 16 ];
s`SolvableDBType := "Hyperbolic";
s`SolvableDBGenus := 21;
s`SolvableDBGaloisOrbitSize := 1;
s`SolvableDBPassportSize := 2;
s`SolvableDBPointedPassportSize := 2;
s`SolvableDBLevel := 6;
s`SolvableDBBlocks := {@ PowerSet(IntegerRing()) |
{ IntegerRing() | 1, 5 },
{ IntegerRing() | 2, 10 },
{ IntegerRing() | 3, 7 },
{ IntegerRing() | 4, 13 },
{ IntegerRing() | 6, 14 },
{ IntegerRing() | 8, 11 },
{ IntegerRing() | 9, 20 },
{ IntegerRing() | 12, 18 },
{ IntegerRing() | 15, 23 },
{ IntegerRing() | 16, 17 },
{ IntegerRing() | 19, 28 },
{ IntegerRing() | 21, 22 },
{ IntegerRing() | 24, 27 },
{ IntegerRing() | 25, 26 },
{ IntegerRing() | 29, 32 },
{ IntegerRing() | 30, 31 },
{ IntegerRing() | 33, 36 },
{ IntegerRing() | 34, 35 },
{ IntegerRing() | 37, 40 },
{ IntegerRing() | 38, 39 },
{ IntegerRing() | 41, 44 },
{ IntegerRing() | 42, 43 },
{ IntegerRing() | 45, 48 },
{ IntegerRing() | 46, 47 },
{ IntegerRing() | 49, 52 },
{ IntegerRing() | 50, 51 },
{ IntegerRing() | 53, 56 },
{ IntegerRing() | 54, 55 },
{ IntegerRing() | 57, 60 },
{ IntegerRing() | 58, 59 },
{ IntegerRing() | 61, 64 },
{ IntegerRing() | 62, 63 }
@};

/*
Permutations and Passports
*/

s`SolvableDBGaloisOrbit := [ PowerSequence(PermutationGroup<64 |  
\[ 2, 3, 4, 5, 6, 7, 8, 9, 10, 11, 12, 13, 14, 15, 16, 17, 18, 19, 20, 21, 22, 23, 24, 25, 26, 27, 28, 29, 30, 31, 32, 33, 34, 35, 36, 37, 38, 39, 40, 41, 42, 43, 44, 45, 46, 47, 48, 49, 50, 51, 52, 53, 54, 55, 56, 57, 58, 59, 60, 61, 62, 63, 64, 1 ],
\[ 2, 1, 3, 4, 5, 6, 7, 8, 9, 10, 11, 12, 13, 14, 15, 16, 17, 18, 19, 20, 21, 22, 23, 24, 25, 26, 27, 28, 29, 30, 31, 32, 33, 34, 35, 36, 37, 38, 39, 40, 41, 42, 43, 44, 45, 46, 47, 48, 49, 50, 51, 52, 53, 54, 55, 56, 57, 58, 59, 60, 61, 62, 63, 64 ]:
 Order := 126886932185884164103433389335161480802865516174545192198801894375214704230400000000000000 >) |
[ PermutationGroup<64 |  
\[ 2, 3, 4, 5, 6, 7, 8, 9, 10, 11, 12, 13, 14, 15, 16, 17, 18, 19, 20, 21, 22, 23, 24, 25, 26, 27, 28, 29, 30, 31, 32, 33, 34, 35, 36, 37, 38, 39, 40, 41, 42, 43, 44, 45, 46, 47, 48, 49, 50, 51, 52, 53, 54, 55, 56, 57, 58, 59, 60, 61, 62, 63, 64, 1 ],
\[ 2, 1, 3, 4, 5, 6, 7, 8, 9, 10, 11, 12, 13, 14, 15, 16, 17, 18, 19, 20, 21, 22, 23, 24, 25, 26, 27, 28, 29, 30, 31, 32, 33, 34, 35, 36, 37, 38, 39, 40, 41, 42, 43, 44, 45, 46, 47, 48, 49, 50, 51, 52, 53, 54, 55, 56, 57, 58, 59, 60, 61, 62, 63, 64 ]:
 Order := 126886932185884164103433389335161480802865516174545192198801894375214704230400000000000000 > |
[ 10, 20, 8, 3, 2, 5, 11, 12, 28, 9, 18, 21, 7, 1, 14, 13, 4, 22, 32, 19, 30, 31, 6, 17, 23, 15, 16, 29, 40, 38, 39, 37, 26, 27, 24, 25, 48, 46, 47, 45, 35, 36, 33, 34, 56, 54, 55, 53, 43, 44, 41, 42, 64, 62, 63, 61, 51, 52, 49, 50, 59, 57, 60, 58 ],
[ 3, 8, 5, 14, 7, 4, 1, 10, 12, 11, 2, 20, 6, 13, 17, 15, 23, 9, 21, 18, 28, 19, 16, 26, 24, 27, 25, 22, 30, 32, 29, 31, 35, 33, 36, 34, 38, 40, 37, 39, 43, 41, 44, 42, 46, 48, 45, 47, 51, 49, 52, 50, 54, 56, 53, 55, 59, 57, 60, 58, 62, 64, 61, 63 ],
[ 4, 3, 6, 15, 13, 17, 14, 1, 8, 7, 5, 2, 23, 16, 24, 26, 25, 10, 12, 11, 9, 20, 27, 33, 35, 34, 36, 18, 21, 19, 28, 22, 41, 43, 42, 44, 30, 29, 32, 31, 49, 51, 50, 52, 38, 37, 40, 39, 57, 59, 58, 60, 46, 45, 48, 47, 61, 62, 63, 64, 54, 53, 56, 55 ]
]
];
s`SolvableDBPassport := [ PowerSequence(PermutationGroup<64 |  
\[ 10, 20, 8, 3, 2, 5, 11, 12, 28, 9, 18, 21, 7, 1, 14, 13, 4, 22, 32, 19, 30, 31, 6, 17, 23, 15, 16, 29, 40, 38, 39, 37, 26, 27, 24, 25, 48, 46, 47, 45, 35, 36, 33, 34, 56, 54, 55, 53, 43, 44, 41, 42, 64, 62, 63, 61, 51, 52, 49, 50, 59, 57, 60, 58 ],
\[ 3, 8, 5, 14, 7, 4, 1, 10, 12, 11, 2, 20, 6, 13, 17, 15, 23, 9, 21, 18, 28, 19, 16, 26, 24, 27, 25, 22, 30, 32, 29, 31, 35, 33, 36, 34, 38, 40, 37, 39, 43, 41, 44, 42, 46, 48, 45, 47, 51, 49, 52, 50, 54, 56, 53, 55, 59, 57, 60, 58, 62, 64, 61, 63 ],
\[ 4, 3, 6, 15, 13, 17, 14, 1, 8, 7, 5, 2, 23, 16, 24, 26, 25, 10, 12, 11, 9, 20, 27, 33, 35, 34, 36, 18, 21, 19, 28, 22, 41, 43, 42, 44, 30, 29, 32, 31, 49, 51, 50, 52, 38, 37, 40, 39, 57, 59, 58, 60, 46, 45, 48, 47, 61, 62, 63, 64, 54, 53, 56, 55 ]:
 Order := 64 >) |
[ PermutationGroup<64 |  
\[ 10, 20, 8, 3, 2, 5, 11, 12, 28, 9, 18, 21, 7, 1, 14, 13, 4, 22, 32, 19, 30, 31, 6, 17, 23, 15, 16, 29, 40, 38, 39, 37, 26, 27, 24, 25, 48, 46, 47, 45, 35, 36, 33, 34, 56, 54, 55, 53, 43, 44, 41, 42, 64, 62, 63, 61, 51, 52, 49, 50, 59, 57, 60, 58 ],
\[ 3, 8, 5, 14, 7, 4, 1, 10, 12, 11, 2, 20, 6, 13, 17, 15, 23, 9, 21, 18, 28, 19, 16, 26, 24, 27, 25, 22, 30, 32, 29, 31, 35, 33, 36, 34, 38, 40, 37, 39, 43, 41, 44, 42, 46, 48, 45, 47, 51, 49, 52, 50, 54, 56, 53, 55, 59, 57, 60, 58, 62, 64, 61, 63 ],
\[ 4, 3, 6, 15, 13, 17, 14, 1, 8, 7, 5, 2, 23, 16, 24, 26, 25, 10, 12, 11, 9, 20, 27, 33, 35, 34, 36, 18, 21, 19, 28, 22, 41, 43, 42, 44, 30, 29, 32, 31, 49, 51, 50, 52, 38, 37, 40, 39, 57, 59, 58, 60, 46, 45, 48, 47, 61, 62, 63, 64, 54, 53, 56, 55 ]:
 Order := 64 > |
[ 14, 5, 4, 17, 6, 23, 13, 3, 10, 1, 7, 8, 16, 15, 26, 27, 24, 11, 20, 2, 12, 18, 25, 35, 36, 33, 34, 9, 28, 21, 22, 19, 43, 44, 41, 42, 32, 30, 31, 29, 51, 52, 49, 50, 40, 38, 39, 37, 59, 60, 57, 58, 48, 46, 47, 45, 62, 64, 61, 63, 56, 54, 55, 53 ],
[ 34, 27, 33, 42, 35, 44, 36, 25, 16, 24, 26, 15, 43, 41, 50, 52, 49, 23, 13, 17, 6, 14, 51, 58, 60, 57, 59, 4, 7, 1, 5, 3, 63, 64, 61, 62, 11, 2, 10, 8, 53, 55, 54, 56, 18, 9, 20, 12, 47, 48, 45, 46, 22, 19, 28, 21, 37, 39, 38, 40, 31, 29, 32, 30 ],
[ 39, 47, 40, 32, 38, 31, 37, 48, 55, 46, 45, 56, 29, 30, 22, 19, 28, 53, 63, 54, 64, 61, 21, 20, 18, 12, 9, 62, 60, 59, 58, 57, 11, 2, 10, 8, 50, 52, 49, 51, 5, 7, 3, 1, 44, 43, 42, 41, 13, 6, 14, 4, 34, 36, 33, 35, 23, 16, 17, 15, 27, 26, 25, 24 ]
],
[ PermutationGroup<64 |  
\[ 10, 20, 8, 3, 2, 5, 11, 12, 28, 9, 18, 21, 7, 1, 14, 13, 4, 22, 32, 19, 30, 31, 6, 17, 23, 15, 16, 29, 40, 38, 39, 37, 26, 27, 24, 25, 48, 46, 47, 45, 35, 36, 33, 34, 56, 54, 55, 53, 43, 44, 41, 42, 64, 62, 63, 61, 51, 52, 49, 50, 59, 57, 60, 58 ],
\[ 3, 8, 5, 14, 7, 4, 1, 10, 12, 11, 2, 20, 6, 13, 17, 15, 23, 9, 21, 18, 28, 19, 16, 26, 24, 27, 25, 22, 30, 32, 29, 31, 35, 33, 36, 34, 38, 40, 37, 39, 43, 41, 44, 42, 46, 48, 45, 47, 51, 49, 52, 50, 54, 56, 53, 55, 59, 57, 60, 58, 62, 64, 61, 63 ],
\[ 4, 3, 6, 15, 13, 17, 14, 1, 8, 7, 5, 2, 23, 16, 24, 26, 25, 10, 12, 11, 9, 20, 27, 33, 35, 34, 36, 18, 21, 19, 28, 22, 41, 43, 42, 44, 30, 29, 32, 31, 49, 51, 50, 52, 38, 37, 40, 39, 57, 59, 58, 60, 46, 45, 48, 47, 61, 62, 63, 64, 54, 53, 56, 55 ]:
 Order := 64 > |
[ 14, 5, 4, 17, 6, 23, 13, 3, 10, 1, 7, 8, 16, 15, 26, 27, 24, 11, 20, 2, 12, 18, 25, 35, 36, 33, 34, 9, 28, 21, 22, 19, 43, 44, 41, 42, 32, 30, 31, 29, 51, 52, 49, 50, 40, 38, 39, 37, 59, 60, 57, 58, 48, 46, 47, 45, 62, 64, 61, 63, 56, 54, 55, 53 ],
[ 7, 11, 1, 6, 3, 13, 5, 2, 18, 8, 10, 9, 14, 4, 16, 23, 15, 20, 22, 12, 19, 28, 17, 25, 27, 24, 26, 21, 31, 29, 32, 30, 34, 36, 33, 35, 39, 37, 40, 38, 42, 44, 41, 43, 47, 45, 48, 46, 50, 52, 49, 51, 55, 53, 56, 54, 58, 60, 57, 59, 63, 61, 64, 62 ],
[ 11, 18, 10, 5, 8, 7, 2, 20, 22, 12, 9, 28, 1, 3, 13, 6, 14, 19, 31, 21, 32, 29, 4, 23, 16, 17, 15, 30, 39, 40, 37, 38, 27, 25, 26, 24, 47, 48, 45, 46, 36, 34, 35, 33, 55, 56, 53, 54, 44, 42, 43, 41, 63, 64, 61, 62, 52, 50, 51, 49, 60, 59, 58, 57 ]
]
];
s`SolvableDBPointedPassport := [ PowerSequence(PermutationGroup<64 |  
\[ 10, 20, 8, 3, 2, 5, 11, 12, 28, 9, 18, 21, 7, 1, 14, 13, 4, 22, 32, 19, 30, 31, 6, 17, 23, 15, 16, 29, 40, 38, 39, 37, 26, 27, 24, 25, 48, 46, 47, 45, 35, 36, 33, 34, 56, 54, 55, 53, 43, 44, 41, 42, 64, 62, 63, 61, 51, 52, 49, 50, 59, 57, 60, 58 ],
\[ 3, 8, 5, 14, 7, 4, 1, 10, 12, 11, 2, 20, 6, 13, 17, 15, 23, 9, 21, 18, 28, 19, 16, 26, 24, 27, 25, 22, 30, 32, 29, 31, 35, 33, 36, 34, 38, 40, 37, 39, 43, 41, 44, 42, 46, 48, 45, 47, 51, 49, 52, 50, 54, 56, 53, 55, 59, 57, 60, 58, 62, 64, 61, 63 ],
\[ 4, 3, 6, 15, 13, 17, 14, 1, 8, 7, 5, 2, 23, 16, 24, 26, 25, 10, 12, 11, 9, 20, 27, 33, 35, 34, 36, 18, 21, 19, 28, 22, 41, 43, 42, 44, 30, 29, 32, 31, 49, 51, 50, 52, 38, 37, 40, 39, 57, 59, 58, 60, 46, 45, 48, 47, 61, 62, 63, 64, 54, 53, 56, 55 ]:
 Order := 64 >) |
[ PermutationGroup<64 |  
\[ 10, 20, 8, 3, 2, 5, 11, 12, 28, 9, 18, 21, 7, 1, 14, 13, 4, 22, 32, 19, 30, 31, 6, 17, 23, 15, 16, 29, 40, 38, 39, 37, 26, 27, 24, 25, 48, 46, 47, 45, 35, 36, 33, 34, 56, 54, 55, 53, 43, 44, 41, 42, 64, 62, 63, 61, 51, 52, 49, 50, 59, 57, 60, 58 ],
\[ 3, 8, 5, 14, 7, 4, 1, 10, 12, 11, 2, 20, 6, 13, 17, 15, 23, 9, 21, 18, 28, 19, 16, 26, 24, 27, 25, 22, 30, 32, 29, 31, 35, 33, 36, 34, 38, 40, 37, 39, 43, 41, 44, 42, 46, 48, 45, 47, 51, 49, 52, 50, 54, 56, 53, 55, 59, 57, 60, 58, 62, 64, 61, 63 ],
\[ 4, 3, 6, 15, 13, 17, 14, 1, 8, 7, 5, 2, 23, 16, 24, 26, 25, 10, 12, 11, 9, 20, 27, 33, 35, 34, 36, 18, 21, 19, 28, 22, 41, 43, 42, 44, 30, 29, 32, 31, 49, 51, 50, 52, 38, 37, 40, 39, 57, 59, 58, 60, 46, 45, 48, 47, 61, 62, 63, 64, 54, 53, 56, 55 ]:
 Order := 64 > |
[ 6, 1, 13, 16, 14, 15, 4, 7, 2, 5, 3, 11, 17, 23, 25, 24, 27, 8, 9, 10, 18, 12, 26, 34, 33, 36, 35, 20, 19, 22, 21, 28, 42, 41, 44, 43, 29, 31, 30, 32, 50, 49, 52, 51, 37, 39, 38, 40, 58, 57, 60, 59, 45, 47, 46, 48, 63, 61, 64, 62, 53, 55, 54, 56 ],
[ 34, 27, 33, 42, 35, 44, 36, 25, 16, 24, 26, 15, 43, 41, 50, 52, 49, 23, 13, 17, 6, 14, 51, 58, 60, 57, 59, 4, 7, 1, 5, 3, 63, 64, 61, 62, 11, 2, 10, 8, 53, 55, 54, 56, 18, 9, 20, 12, 47, 48, 45, 46, 22, 19, 28, 21, 37, 39, 38, 40, 31, 29, 32, 30 ],
[ 38, 46, 37, 29, 39, 30, 40, 45, 54, 47, 48, 53, 32, 31, 21, 28, 19, 56, 62, 55, 61, 64, 22, 9, 12, 18, 20, 63, 57, 58, 59, 60, 8, 10, 2, 11, 51, 49, 52, 50, 1, 3, 7, 5, 41, 42, 43, 44, 4, 14, 6, 13, 35, 33, 36, 34, 15, 17, 16, 23, 24, 25, 26, 27 ]
],
[ PermutationGroup<64 |  
\[ 10, 20, 8, 3, 2, 5, 11, 12, 28, 9, 18, 21, 7, 1, 14, 13, 4, 22, 32, 19, 30, 31, 6, 17, 23, 15, 16, 29, 40, 38, 39, 37, 26, 27, 24, 25, 48, 46, 47, 45, 35, 36, 33, 34, 56, 54, 55, 53, 43, 44, 41, 42, 64, 62, 63, 61, 51, 52, 49, 50, 59, 57, 60, 58 ],
\[ 3, 8, 5, 14, 7, 4, 1, 10, 12, 11, 2, 20, 6, 13, 17, 15, 23, 9, 21, 18, 28, 19, 16, 26, 24, 27, 25, 22, 30, 32, 29, 31, 35, 33, 36, 34, 38, 40, 37, 39, 43, 41, 44, 42, 46, 48, 45, 47, 51, 49, 52, 50, 54, 56, 53, 55, 59, 57, 60, 58, 62, 64, 61, 63 ],
\[ 4, 3, 6, 15, 13, 17, 14, 1, 8, 7, 5, 2, 23, 16, 24, 26, 25, 10, 12, 11, 9, 20, 27, 33, 35, 34, 36, 18, 21, 19, 28, 22, 41, 43, 42, 44, 30, 29, 32, 31, 49, 51, 50, 52, 38, 37, 40, 39, 57, 59, 58, 60, 46, 45, 48, 47, 61, 62, 63, 64, 54, 53, 56, 55 ]:
 Order := 64 > |
[ 6, 1, 13, 16, 14, 15, 4, 7, 2, 5, 3, 11, 17, 23, 25, 24, 27, 8, 9, 10, 18, 12, 26, 34, 33, 36, 35, 20, 19, 22, 21, 28, 42, 41, 44, 43, 29, 31, 30, 32, 50, 49, 52, 51, 37, 39, 38, 40, 58, 57, 60, 59, 45, 47, 46, 48, 63, 61, 64, 62, 53, 55, 54, 56 ],
[ 7, 11, 1, 6, 3, 13, 5, 2, 18, 8, 10, 9, 14, 4, 16, 23, 15, 20, 22, 12, 19, 28, 17, 25, 27, 24, 26, 21, 31, 29, 32, 30, 34, 36, 33, 35, 39, 37, 40, 38, 42, 44, 41, 43, 47, 45, 48, 46, 50, 52, 49, 51, 55, 53, 56, 54, 58, 60, 57, 59, 63, 61, 64, 62 ],
[ 8, 12, 2, 1, 11, 3, 10, 9, 21, 18, 20, 19, 5, 7, 4, 14, 6, 28, 30, 22, 29, 32, 13, 15, 17, 16, 23, 31, 38, 37, 40, 39, 24, 26, 25, 27, 46, 45, 48, 47, 33, 35, 34, 36, 54, 53, 56, 55, 41, 43, 42, 44, 62, 61, 64, 63, 49, 51, 50, 52, 57, 58, 59, 60 ]
]
];
s`SolvableDBMonodromyGroup := PermutationGroup<64 |  
\[ 10, 20, 8, 3, 2, 5, 11, 12, 28, 9, 18, 21, 7, 1, 14, 13, 4, 22, 32, 19, 30, 31, 6, 17, 23, 15, 16, 29, 40, 38, 39, 37, 26, 27, 24, 25, 48, 46, 47, 45, 35, 36, 33, 34, 56, 54, 55, 53, 43, 44, 41, 42, 64, 62, 63, 61, 51, 52, 49, 50, 59, 57, 60, 58 ],
\[ 3, 8, 5, 14, 7, 4, 1, 10, 12, 11, 2, 20, 6, 13, 17, 15, 23, 9, 21, 18, 28, 19, 16, 26, 24, 27, 25, 22, 30, 32, 29, 31, 35, 33, 36, 34, 38, 40, 37, 39, 43, 41, 44, 42, 46, 48, 45, 47, 51, 49, 52, 50, 54, 56, 53, 55, 59, 57, 60, 58, 62, 64, 61, 63 ],
\[ 4, 3, 6, 15, 13, 17, 14, 1, 8, 7, 5, 2, 23, 16, 24, 26, 25, 10, 12, 11, 9, 20, 27, 33, 35, 34, 36, 18, 21, 19, 28, 22, 41, 43, 42, 44, 30, 29, 32, 31, 49, 51, 50, 52, 38, 37, 40, 39, 57, 59, 58, 60, 46, 45, 48, 47, 61, 62, 63, 64, 54, 53, 56, 55 ] >;
s`SolvableDBAutomorphismGroup := PermutationGroup<64 |  
\[ 61, 58, 62, 54, 64, 53, 63, 57, 49, 59, 60, 51, 55, 56, 45, 47, 46, 50, 42, 52, 41, 44, 48, 38, 37, 40, 39, 43, 33, 35, 34, 36, 29, 31, 30, 32, 25, 24, 27, 26, 21, 19, 28, 22, 15, 17, 16, 23, 9, 18, 12, 20, 6, 4, 13, 14, 8, 2, 10, 11, 1, 3, 7, 5 ],
\[ 59, 52, 60, 63, 58, 64, 57, 50, 43, 49, 51, 44, 62, 61, 56, 54, 55, 41, 36, 42, 34, 35, 53, 47, 48, 45, 46, 33, 26, 27, 24, 25, 40, 38, 39, 37, 23, 16, 17, 15, 31, 32, 29, 30, 14, 13, 4, 6, 28, 21, 22, 19, 5, 7, 3, 1, 18, 20, 9, 12, 10, 11, 8, 2 ],
\[ 64, 59, 63, 55, 61, 56, 62, 60, 52, 58, 57, 50, 54, 53, 48, 46, 47, 51, 43, 49, 44, 41, 45, 39, 40, 37, 38, 42, 36, 34, 35, 33, 32, 30, 31, 29, 26, 27, 24, 25, 22, 28, 19, 21, 23, 16, 17, 15, 20, 12, 18, 9, 14, 13, 4, 6, 11, 10, 2, 8, 5, 7, 3, 1 ],
\[ 63, 57, 61, 56, 62, 54, 64, 59, 50, 60, 58, 49, 53, 55, 47, 48, 45, 52, 41, 51, 43, 42, 46, 40, 38, 39, 37, 44, 34, 33, 36, 35, 31, 32, 29, 30, 24, 26, 25, 27, 28, 21, 22, 19, 16, 15, 23, 17, 18, 20, 9, 12, 4, 14, 6, 13, 10, 8, 11, 2, 7, 1, 5, 3 ]:
 Order := 64 >;
s`SolvableDBPointedAutomorphismGroup := PermutationGroup<64 |  
\[ 61, 58, 62, 54, 64, 53, 63, 57, 49, 59, 60, 51, 55, 56, 45, 47, 46, 50, 42, 52, 41, 44, 48, 38, 37, 40, 39, 43, 33, 35, 34, 36, 29, 31, 30, 32, 25, 24, 27, 26, 21, 19, 28, 22, 15, 17, 16, 23, 9, 18, 12, 20, 6, 4, 13, 14, 8, 2, 10, 11, 1, 3, 7, 5 ],
\[ 56, 64, 55, 47, 53, 48, 54, 63, 59, 61, 62, 60, 46, 45, 40, 38, 39, 57, 52, 58, 50, 51, 37, 31, 32, 29, 30, 49, 43, 44, 41, 42, 28, 21, 22, 19, 36, 34, 35, 33, 18, 20, 9, 12, 26, 27, 24, 25, 10, 8, 11, 2, 23, 16, 17, 15, 7, 5, 1, 3, 14, 13, 4, 6 ]:
 Order := 16 >;

/*
Top Level Belyi Curve/Map
*/


/*
Graph Data
*/

s`SolvableDBPathToPP1 := [ Strings() | "PP1", "2T1-2,1,2-g0-path1", "4T1-4,1,4-g0-path1", "8T2-4,2,4-g1-path1", "16T5-8,2,8-g3-path3", "32S16-16,2,16-g7-path5", "64S44-16,4,16-g21-path51" ];
s`SolvableDBChildren := [ Strings() | "32S16-16,2,16-g7-path5" ];

/*
Return for eval
*/

return s;
