s := SolvableDBObjectInitialize();

/*
Basic Information about the Passport
*/

s`SolvableDBName := "64S49-8,16,8-g23-path9";
s`SolvableDBFilename := "64S49-8,16,8-g23-path9.m";
s`SolvableDBPathNumber := 9;
s`SolvableDBDegree := 64;
s`SolvableDBABC := \[ 8, 16, 8 ];
s`SolvableDBType := "Hyperbolic";
s`SolvableDBGenus := 23;
s`SolvableDBGaloisOrbitSize := 1;
s`SolvableDBPassportSize := 2;
s`SolvableDBPointedPassportSize := 2;
s`SolvableDBLevel := 6;
s`SolvableDBBlocks := {@ PowerSet(IntegerRing()) |
{ IntegerRing() | 1, 5 },
{ IntegerRing() | 2, 12 },
{ IntegerRing() | 3, 17 },
{ IntegerRing() | 4, 20 },
{ IntegerRing() | 6, 19 },
{ IntegerRing() | 7, 11 },
{ IntegerRing() | 8, 14 },
{ IntegerRing() | 9, 24 },
{ IntegerRing() | 10, 25 },
{ IntegerRing() | 13, 30 },
{ IntegerRing() | 15, 37 },
{ IntegerRing() | 16, 22 },
{ IntegerRing() | 18, 28 },
{ IntegerRing() | 21, 29 },
{ IntegerRing() | 23, 26 },
{ IntegerRing() | 27, 33 },
{ IntegerRing() | 31, 44 },
{ IntegerRing() | 32, 34 },
{ IntegerRing() | 35, 53 },
{ IntegerRing() | 36, 40 },
{ IntegerRing() | 38, 41 },
{ IntegerRing() | 39, 42 },
{ IntegerRing() | 43, 45 },
{ IntegerRing() | 46, 48 },
{ IntegerRing() | 47, 60 },
{ IntegerRing() | 49, 50 },
{ IntegerRing() | 51, 62 },
{ IntegerRing() | 52, 56 },
{ IntegerRing() | 54, 57 },
{ IntegerRing() | 55, 58 },
{ IntegerRing() | 59, 61 },
{ IntegerRing() | 63, 64 }
@};

/*
Permutations and Passports
*/

s`SolvableDBGaloisOrbit := [ PowerSequence(PermutationGroup<64 |  
\[ 2, 3, 4, 5, 6, 7, 8, 9, 10, 11, 12, 13, 14, 15, 16, 17, 18, 19, 20, 21, 22, 23, 24, 25, 26, 27, 28, 29, 30, 31, 32, 33, 34, 35, 36, 37, 38, 39, 40, 41, 42, 43, 44, 45, 46, 47, 48, 49, 50, 51, 52, 53, 54, 55, 56, 57, 58, 59, 60, 61, 62, 63, 64, 1 ],
\[ 2, 1, 3, 4, 5, 6, 7, 8, 9, 10, 11, 12, 13, 14, 15, 16, 17, 18, 19, 20, 21, 22, 23, 24, 25, 26, 27, 28, 29, 30, 31, 32, 33, 34, 35, 36, 37, 38, 39, 40, 41, 42, 43, 44, 45, 46, 47, 48, 49, 50, 51, 52, 53, 54, 55, 56, 57, 58, 59, 60, 61, 62, 63, 64 ]:
 Order := 126886932185884164103433389335161480802865516174545192198801894375214704230400000000000000 >) |
[ PermutationGroup<64 |  
\[ 2, 3, 4, 5, 6, 7, 8, 9, 10, 11, 12, 13, 14, 15, 16, 17, 18, 19, 20, 21, 22, 23, 24, 25, 26, 27, 28, 29, 30, 31, 32, 33, 34, 35, 36, 37, 38, 39, 40, 41, 42, 43, 44, 45, 46, 47, 48, 49, 50, 51, 52, 53, 54, 55, 56, 57, 58, 59, 60, 61, 62, 63, 64, 1 ],
\[ 2, 1, 3, 4, 5, 6, 7, 8, 9, 10, 11, 12, 13, 14, 15, 16, 17, 18, 19, 20, 21, 22, 23, 24, 25, 26, 27, 28, 29, 30, 31, 32, 33, 34, 35, 36, 37, 38, 39, 40, 41, 42, 43, 44, 45, 46, 47, 48, 49, 50, 51, 52, 53, 54, 55, 56, 57, 58, 59, 60, 61, 62, 63, 64 ]:
 Order := 126886932185884164103433389335161480802865516174545192198801894375214704230400000000000000 > |
[ 12, 24, 8, 17, 2, 5, 10, 29, 6, 13, 25, 9, 26, 21, 18, 37, 14, 42, 1, 3, 20, 15, 7, 19, 30, 11, 44, 39, 4, 23, 32, 45, 31, 43, 38, 53, 28, 58, 22, 35, 55, 16, 33, 34, 27, 47, 49, 60, 61, 59, 54, 62, 41, 63, 40, 51, 64, 36, 46, 50, 48, 57, 52, 56 ],
[ 3, 10, 15, 19, 17, 23, 1, 2, 29, 31, 5, 25, 9, 12, 35, 20, 37, 14, 26, 6, 39, 4, 43, 21, 44, 45, 7, 8, 42, 24, 47, 30, 11, 13, 51, 22, 53, 28, 55, 16, 18, 58, 59, 60, 61, 27, 54, 33, 34, 32, 48, 40, 62, 41, 64, 36, 38, 63, 56, 57, 52, 46, 50, 49 ],
[ 4, 11, 16, 9, 20, 13, 6, 1, 14, 27, 19, 7, 2, 5, 36, 29, 22, 3, 30, 24, 18, 21, 32, 8, 33, 34, 26, 17, 28, 12, 48, 10, 23, 25, 52, 42, 40, 15, 38, 39, 37, 41, 49, 46, 50, 43, 62, 45, 31, 44, 59, 58, 56, 35, 54, 55, 53, 57, 63, 51, 64, 61, 47, 60 ]
]
];
s`SolvableDBPassport := [ PowerSequence(PermutationGroup<64 |  
\[ 12, 24, 8, 17, 2, 5, 10, 29, 6, 13, 25, 9, 26, 21, 18, 37, 14, 42, 1, 3, 20, 15, 7, 19, 30, 11, 44, 39, 4, 23, 32, 45, 31, 43, 38, 53, 28, 58, 22, 35, 55, 16, 33, 34, 27, 47, 49, 60, 61, 59, 54, 62, 41, 63, 40, 51, 64, 36, 46, 50, 48, 57, 52, 56 ],
\[ 3, 10, 15, 19, 17, 23, 1, 2, 29, 31, 5, 25, 9, 12, 35, 20, 37, 14, 26, 6, 39, 4, 43, 21, 44, 45, 7, 8, 42, 24, 47, 30, 11, 13, 51, 22, 53, 28, 55, 16, 18, 58, 59, 60, 61, 27, 54, 33, 34, 32, 48, 40, 62, 41, 64, 36, 38, 63, 56, 57, 52, 46, 50, 49 ],
\[ 4, 11, 16, 9, 20, 13, 6, 1, 14, 27, 19, 7, 2, 5, 36, 29, 22, 3, 30, 24, 18, 21, 32, 8, 33, 34, 26, 17, 28, 12, 48, 10, 23, 25, 52, 42, 40, 15, 38, 39, 37, 41, 49, 46, 50, 43, 62, 45, 31, 44, 59, 58, 56, 35, 54, 55, 53, 57, 63, 51, 64, 61, 47, 60 ]:
 Order := 64 >) |
[ PermutationGroup<64 |  
\[ 12, 24, 8, 17, 2, 5, 10, 29, 6, 13, 25, 9, 26, 21, 18, 37, 14, 42, 1, 3, 20, 15, 7, 19, 30, 11, 44, 39, 4, 23, 32, 45, 31, 43, 38, 53, 28, 58, 22, 35, 55, 16, 33, 34, 27, 47, 49, 60, 61, 59, 54, 62, 41, 63, 40, 51, 64, 36, 46, 50, 48, 57, 52, 56 ],
\[ 3, 10, 15, 19, 17, 23, 1, 2, 29, 31, 5, 25, 9, 12, 35, 20, 37, 14, 26, 6, 39, 4, 43, 21, 44, 45, 7, 8, 42, 24, 47, 30, 11, 13, 51, 22, 53, 28, 55, 16, 18, 58, 59, 60, 61, 27, 54, 33, 34, 32, 48, 40, 62, 41, 64, 36, 38, 63, 56, 57, 52, 46, 50, 49 ],
\[ 4, 11, 16, 9, 20, 13, 6, 1, 14, 27, 19, 7, 2, 5, 36, 29, 22, 3, 30, 24, 18, 21, 32, 8, 33, 34, 26, 17, 28, 12, 48, 10, 23, 25, 52, 42, 40, 15, 38, 39, 37, 41, 49, 46, 50, 43, 62, 45, 31, 44, 59, 58, 56, 35, 54, 55, 53, 57, 63, 51, 64, 61, 47, 60 ]:
 Order := 64 > |
[ 19, 5, 20, 29, 6, 9, 23, 3, 12, 7, 26, 1, 10, 17, 22, 42, 4, 15, 24, 21, 14, 39, 30, 2, 11, 13, 45, 37, 8, 25, 33, 31, 43, 44, 40, 58, 16, 35, 28, 55, 53, 18, 34, 27, 32, 59, 46, 61, 47, 60, 56, 63, 36, 51, 41, 64, 62, 38, 50, 48, 49, 52, 54, 57 ],
[ 7, 8, 1, 22, 11, 20, 27, 28, 13, 2, 33, 14, 34, 18, 3, 40, 5, 41, 4, 16, 24, 36, 6, 30, 12, 19, 46, 38, 9, 32, 10, 50, 48, 49, 15, 56, 17, 57, 21, 52, 54, 29, 23, 25, 26, 62, 31, 51, 64, 63, 35, 61, 37, 47, 39, 59, 60, 42, 43, 44, 45, 53, 58, 55 ],
[ 25, 21, 2, 37, 10, 17, 31, 42, 23, 9, 44, 29, 45, 39, 14, 53, 12, 58, 3, 15, 6, 35, 1, 26, 24, 5, 60, 55, 19, 43, 30, 61, 47, 59, 28, 62, 8, 63, 4, 51, 64, 20, 11, 13, 7, 54, 34, 57, 52, 56, 41, 46, 18, 50, 16, 48, 49, 22, 27, 32, 33, 38, 40, 36 ]
],
[ PermutationGroup<64 |  
\[ 12, 24, 8, 17, 2, 5, 10, 29, 6, 13, 25, 9, 26, 21, 18, 37, 14, 42, 1, 3, 20, 15, 7, 19, 30, 11, 44, 39, 4, 23, 32, 45, 31, 43, 38, 53, 28, 58, 22, 35, 55, 16, 33, 34, 27, 47, 49, 60, 61, 59, 54, 62, 41, 63, 40, 51, 64, 36, 46, 50, 48, 57, 52, 56 ],
\[ 3, 10, 15, 19, 17, 23, 1, 2, 29, 31, 5, 25, 9, 12, 35, 20, 37, 14, 26, 6, 39, 4, 43, 21, 44, 45, 7, 8, 42, 24, 47, 30, 11, 13, 51, 22, 53, 28, 55, 16, 18, 58, 59, 60, 61, 27, 54, 33, 34, 32, 48, 40, 62, 41, 64, 36, 38, 63, 56, 57, 52, 46, 50, 49 ],
\[ 4, 11, 16, 9, 20, 13, 6, 1, 14, 27, 19, 7, 2, 5, 36, 29, 22, 3, 30, 24, 18, 21, 32, 8, 33, 34, 26, 17, 28, 12, 48, 10, 23, 25, 52, 42, 40, 15, 38, 39, 37, 41, 49, 46, 50, 43, 62, 45, 31, 44, 59, 58, 56, 35, 54, 55, 53, 57, 63, 51, 64, 61, 47, 60 ]:
 Order := 64 > |
[ 19, 5, 20, 29, 6, 9, 23, 3, 12, 7, 26, 1, 10, 17, 22, 42, 4, 15, 24, 21, 14, 39, 30, 2, 11, 13, 45, 37, 8, 25, 33, 31, 43, 44, 40, 58, 16, 35, 28, 55, 53, 18, 34, 27, 32, 59, 46, 61, 47, 60, 56, 63, 36, 51, 41, 64, 62, 38, 50, 48, 49, 52, 54, 57 ],
[ 29, 26, 42, 12, 21, 10, 9, 19, 17, 45, 24, 23, 5, 6, 58, 8, 39, 20, 25, 2, 15, 14, 31, 3, 43, 44, 13, 4, 37, 1, 61, 7, 30, 11, 63, 18, 55, 22, 35, 28, 16, 53, 47, 59, 60, 34, 52, 32, 33, 27, 50, 38, 64, 40, 51, 41, 36, 62, 54, 56, 57, 49, 46, 48 ],
[ 4, 11, 16, 9, 20, 13, 6, 1, 14, 27, 19, 7, 2, 5, 36, 29, 22, 3, 30, 24, 18, 21, 32, 8, 33, 34, 26, 17, 28, 12, 48, 10, 23, 25, 52, 42, 40, 15, 38, 39, 37, 41, 49, 46, 50, 43, 62, 45, 31, 44, 59, 58, 56, 35, 54, 55, 53, 57, 63, 51, 64, 61, 47, 60 ]
]
];
s`SolvableDBPointedPassport := [ PowerSequence(PermutationGroup<64 |  
\[ 12, 24, 8, 17, 2, 5, 10, 29, 6, 13, 25, 9, 26, 21, 18, 37, 14, 42, 1, 3, 20, 15, 7, 19, 30, 11, 44, 39, 4, 23, 32, 45, 31, 43, 38, 53, 28, 58, 22, 35, 55, 16, 33, 34, 27, 47, 49, 60, 61, 59, 54, 62, 41, 63, 40, 51, 64, 36, 46, 50, 48, 57, 52, 56 ],
\[ 3, 10, 15, 19, 17, 23, 1, 2, 29, 31, 5, 25, 9, 12, 35, 20, 37, 14, 26, 6, 39, 4, 43, 21, 44, 45, 7, 8, 42, 24, 47, 30, 11, 13, 51, 22, 53, 28, 55, 16, 18, 58, 59, 60, 61, 27, 54, 33, 34, 32, 48, 40, 62, 41, 64, 36, 38, 63, 56, 57, 52, 46, 50, 49 ],
\[ 4, 11, 16, 9, 20, 13, 6, 1, 14, 27, 19, 7, 2, 5, 36, 29, 22, 3, 30, 24, 18, 21, 32, 8, 33, 34, 26, 17, 28, 12, 48, 10, 23, 25, 52, 42, 40, 15, 38, 39, 37, 41, 49, 46, 50, 43, 62, 45, 31, 44, 59, 58, 56, 35, 54, 55, 53, 57, 63, 51, 64, 61, 47, 60 ]:
 Order := 64 >) |
[ PermutationGroup<64 |  
\[ 12, 24, 8, 17, 2, 5, 10, 29, 6, 13, 25, 9, 26, 21, 18, 37, 14, 42, 1, 3, 20, 15, 7, 19, 30, 11, 44, 39, 4, 23, 32, 45, 31, 43, 38, 53, 28, 58, 22, 35, 55, 16, 33, 34, 27, 47, 49, 60, 61, 59, 54, 62, 41, 63, 40, 51, 64, 36, 46, 50, 48, 57, 52, 56 ],
\[ 3, 10, 15, 19, 17, 23, 1, 2, 29, 31, 5, 25, 9, 12, 35, 20, 37, 14, 26, 6, 39, 4, 43, 21, 44, 45, 7, 8, 42, 24, 47, 30, 11, 13, 51, 22, 53, 28, 55, 16, 18, 58, 59, 60, 61, 27, 54, 33, 34, 32, 48, 40, 62, 41, 64, 36, 38, 63, 56, 57, 52, 46, 50, 49 ],
\[ 4, 11, 16, 9, 20, 13, 6, 1, 14, 27, 19, 7, 2, 5, 36, 29, 22, 3, 30, 24, 18, 21, 32, 8, 33, 34, 26, 17, 28, 12, 48, 10, 23, 25, 52, 42, 40, 15, 38, 39, 37, 41, 49, 46, 50, 43, 62, 45, 31, 44, 59, 58, 56, 35, 54, 55, 53, 57, 63, 51, 64, 61, 47, 60 ]:
 Order := 64 > |
[ 17, 25, 37, 6, 3, 26, 5, 12, 21, 44, 1, 10, 24, 2, 53, 4, 15, 8, 23, 19, 42, 20, 45, 29, 31, 43, 11, 14, 39, 9, 60, 13, 7, 30, 62, 16, 35, 18, 58, 22, 28, 55, 61, 47, 59, 33, 57, 27, 32, 34, 46, 36, 51, 38, 63, 40, 41, 64, 52, 54, 56, 48, 49, 50 ],
[ 41, 50, 57, 33, 38, 48, 28, 34, 40, 64, 18, 49, 22, 32, 47, 11, 54, 13, 46, 27, 52, 7, 62, 36, 63, 51, 14, 30, 56, 16, 58, 4, 8, 20, 44, 5, 60, 9, 59, 1, 24, 61, 35, 55, 53, 2, 39, 12, 19, 6, 10, 17, 31, 29, 45, 3, 21, 43, 37, 42, 15, 25, 26, 23 ],
[ 16, 27, 36, 30, 22, 32, 4, 11, 28, 48, 20, 33, 14, 7, 52, 24, 40, 5, 34, 13, 38, 9, 49, 18, 46, 50, 6, 1, 41, 8, 62, 12, 19, 2, 59, 21, 56, 17, 54, 29, 3, 57, 63, 51, 64, 26, 35, 23, 25, 10, 45, 39, 61, 37, 60, 42, 15, 47, 55, 53, 58, 43, 44, 31 ]
],
[ PermutationGroup<64 |  
\[ 12, 24, 8, 17, 2, 5, 10, 29, 6, 13, 25, 9, 26, 21, 18, 37, 14, 42, 1, 3, 20, 15, 7, 19, 30, 11, 44, 39, 4, 23, 32, 45, 31, 43, 38, 53, 28, 58, 22, 35, 55, 16, 33, 34, 27, 47, 49, 60, 61, 59, 54, 62, 41, 63, 40, 51, 64, 36, 46, 50, 48, 57, 52, 56 ],
\[ 3, 10, 15, 19, 17, 23, 1, 2, 29, 31, 5, 25, 9, 12, 35, 20, 37, 14, 26, 6, 39, 4, 43, 21, 44, 45, 7, 8, 42, 24, 47, 30, 11, 13, 51, 22, 53, 28, 55, 16, 18, 58, 59, 60, 61, 27, 54, 33, 34, 32, 48, 40, 62, 41, 64, 36, 38, 63, 56, 57, 52, 46, 50, 49 ],
\[ 4, 11, 16, 9, 20, 13, 6, 1, 14, 27, 19, 7, 2, 5, 36, 29, 22, 3, 30, 24, 18, 21, 32, 8, 33, 34, 26, 17, 28, 12, 48, 10, 23, 25, 52, 42, 40, 15, 38, 39, 37, 41, 49, 46, 50, 43, 62, 45, 31, 44, 59, 58, 56, 35, 54, 55, 53, 57, 63, 51, 64, 61, 47, 60 ]:
 Order := 64 > |
[ 30, 20, 24, 28, 13, 14, 32, 16, 7, 6, 34, 4, 27, 22, 21, 41, 9, 36, 8, 18, 5, 38, 12, 11, 19, 2, 50, 40, 1, 33, 23, 48, 49, 46, 39, 57, 29, 52, 17, 54, 56, 3, 25, 26, 10, 63, 43, 64, 62, 51, 55, 47, 42, 59, 37, 60, 61, 15, 44, 45, 31, 58, 35, 53 ],
[ 23, 3, 19, 39, 26, 21, 45, 37, 10, 5, 43, 17, 44, 15, 20, 55, 6, 53, 29, 42, 2, 58, 9, 25, 1, 24, 59, 35, 12, 31, 7, 60, 61, 47, 22, 64, 4, 62, 14, 63, 51, 8, 30, 11, 13, 52, 33, 56, 57, 54, 40, 49, 16, 46, 28, 50, 48, 18, 34, 27, 32, 36, 38, 41 ],
[ 19, 5, 20, 29, 6, 9, 23, 3, 12, 7, 26, 1, 10, 17, 22, 42, 4, 15, 24, 21, 14, 39, 30, 2, 11, 13, 45, 37, 8, 25, 33, 31, 43, 44, 40, 58, 16, 35, 28, 55, 53, 18, 34, 27, 32, 59, 46, 61, 47, 60, 56, 63, 36, 51, 41, 64, 62, 38, 50, 48, 49, 52, 54, 57 ]
]
];
s`SolvableDBMonodromyGroup := PermutationGroup<64 |  
\[ 12, 24, 8, 17, 2, 5, 10, 29, 6, 13, 25, 9, 26, 21, 18, 37, 14, 42, 1, 3, 20, 15, 7, 19, 30, 11, 44, 39, 4, 23, 32, 45, 31, 43, 38, 53, 28, 58, 22, 35, 55, 16, 33, 34, 27, 47, 49, 60, 61, 59, 54, 62, 41, 63, 40, 51, 64, 36, 46, 50, 48, 57, 52, 56 ],
\[ 3, 10, 15, 19, 17, 23, 1, 2, 29, 31, 5, 25, 9, 12, 35, 20, 37, 14, 26, 6, 39, 4, 43, 21, 44, 45, 7, 8, 42, 24, 47, 30, 11, 13, 51, 22, 53, 28, 55, 16, 18, 58, 59, 60, 61, 27, 54, 33, 34, 32, 48, 40, 62, 41, 64, 36, 38, 63, 56, 57, 52, 46, 50, 49 ],
\[ 4, 11, 16, 9, 20, 13, 6, 1, 14, 27, 19, 7, 2, 5, 36, 29, 22, 3, 30, 24, 18, 21, 32, 8, 33, 34, 26, 17, 28, 12, 48, 10, 23, 25, 52, 42, 40, 15, 38, 39, 37, 41, 49, 46, 50, 43, 62, 45, 31, 44, 59, 58, 56, 35, 54, 55, 53, 57, 63, 51, 64, 61, 47, 60 ] >;
s`SolvableDBAutomorphismGroup := PermutationGroup<64 |  
\[ 62, 54, 46, 61, 51, 56, 53, 47, 64, 41, 35, 57, 55, 60, 27, 43, 48, 44, 52, 59, 50, 45, 36, 63, 38, 40, 37, 31, 49, 58, 18, 42, 15, 39, 7, 26, 33, 10, 32, 23, 25, 34, 22, 28, 16, 17, 14, 3, 21, 29, 1, 6, 11, 12, 30, 19, 2, 13, 4, 8, 20, 5, 9, 24 ],
\[ 53, 38, 62, 56, 35, 40, 37, 57, 55, 28, 15, 41, 39, 54, 46, 61, 51, 47, 36, 52, 63, 59, 16, 58, 18, 22, 17, 60, 64, 42, 8, 29, 3, 21, 27, 43, 48, 44, 50, 45, 31, 49, 20, 14, 4, 5, 2, 1, 24, 9, 7, 26, 33, 10, 32, 23, 25, 34, 6, 12, 19, 11, 13, 30 ],
\[ 64, 52, 49, 60, 63, 54, 55, 61, 51, 40, 58, 56, 35, 59, 34, 31, 50, 43, 57, 47, 46, 44, 41, 62, 36, 38, 39, 45, 48, 53, 16, 37, 42, 15, 13, 25, 32, 26, 27, 10, 23, 33, 18, 22, 28, 21, 20, 29, 3, 17, 9, 2, 30, 6, 7, 12, 19, 11, 14, 4, 8, 24, 5, 1 ],
\[ 2, 9, 10, 11, 12, 1, 8, 13, 19, 29, 14, 24, 4, 30, 31, 27, 25, 32, 5, 7, 23, 33, 3, 6, 21, 17, 28, 34, 26, 20, 42, 16, 18, 22, 47, 48, 44, 49, 43, 46, 50, 45, 15, 39, 37, 38, 58, 41, 36, 40, 54, 62, 60, 63, 59, 51, 64, 61, 35, 55, 53, 57, 52, 56 ]:
 Order := 64 >;
s`SolvableDBPointedAutomorphismGroup := PermutationGroup<64 |  
\[ 6, 1, 23, 13, 19, 24, 20, 7, 2, 3, 4, 5, 8, 11, 43, 32, 26, 33, 9, 30, 25, 34, 21, 12, 17, 29, 16, 27, 10, 14, 15, 18, 22, 28, 59, 49, 45, 46, 44, 50, 48, 31, 39, 37, 42, 40, 35, 36, 38, 41, 56, 63, 61, 51, 60, 64, 62, 47, 55, 53, 58, 52, 54, 57 ]:
 Order := 8 >;

/*
Top Level Belyi Curve/Map
*/


/*
Graph Data
*/

s`SolvableDBPathToPP1 := [ Strings() | "PP1", "2T1-2,2,1-g0-path1", "4T2-2,2,2-g0-path3", "8T5-4,4,4-g2-path3", "16T8-4,4,4-g3-path33", "32S14-4,8,4-g7-path13", "64S49-8,16,8-g23-path9" ];
s`SolvableDBChildren := [ Strings() | "32S14-4,8,4-g7-path13" ];

/*
Return for eval
*/

return s;
