s := SolvableDBObjectInitialize();

/*
Basic Information about the Passport
*/

s`SolvableDBName := "64S46-8,16,4-g19-path8";
s`SolvableDBFilename := "64S46-8,16,4-g19-path8.m";
s`SolvableDBPathNumber := 8;
s`SolvableDBDegree := 64;
s`SolvableDBABC := \[ 8, 16, 4 ];
s`SolvableDBType := "Hyperbolic";
s`SolvableDBGenus := 19;
s`SolvableDBGaloisOrbitSize := 1;
s`SolvableDBPassportSize := 2;
s`SolvableDBPointedPassportSize := 2;
s`SolvableDBLevel := 6;
s`SolvableDBBlocks := {@ PowerSet(IntegerRing()) |
{ IntegerRing() | 1, 5 },
{ IntegerRing() | 2, 12 },
{ IntegerRing() | 3, 18 },
{ IntegerRing() | 4, 24 },
{ IntegerRing() | 6, 22 },
{ IntegerRing() | 7, 11 },
{ IntegerRing() | 8, 15 },
{ IntegerRing() | 9, 29 },
{ IntegerRing() | 10, 42 },
{ IntegerRing() | 13, 38 },
{ IntegerRing() | 14, 40 },
{ IntegerRing() | 16, 41 },
{ IntegerRing() | 17, 57 },
{ IntegerRing() | 19, 39 },
{ IntegerRing() | 20, 56 },
{ IntegerRing() | 21, 61 },
{ IntegerRing() | 23, 55 },
{ IntegerRing() | 25, 48 },
{ IntegerRing() | 26, 60 },
{ IntegerRing() | 27, 50 },
{ IntegerRing() | 28, 63 },
{ IntegerRing() | 30, 64 },
{ IntegerRing() | 31, 44 },
{ IntegerRing() | 32, 45 },
{ IntegerRing() | 33, 46 },
{ IntegerRing() | 34, 47 },
{ IntegerRing() | 35, 52 },
{ IntegerRing() | 36, 53 },
{ IntegerRing() | 37, 54 },
{ IntegerRing() | 43, 58 },
{ IntegerRing() | 49, 62 },
{ IntegerRing() | 51, 59 }
@};

/*
Permutations and Passports
*/

s`SolvableDBGaloisOrbit := [ PowerSequence(PermutationGroup<64 |  
\[ 2, 3, 4, 5, 6, 7, 8, 9, 10, 11, 12, 13, 14, 15, 16, 17, 18, 19, 20, 21, 22, 23, 24, 25, 26, 27, 28, 29, 30, 31, 32, 33, 34, 35, 36, 37, 38, 39, 40, 41, 42, 43, 44, 45, 46, 47, 48, 49, 50, 51, 52, 53, 54, 55, 56, 57, 58, 59, 60, 61, 62, 63, 64, 1 ],
\[ 2, 1, 3, 4, 5, 6, 7, 8, 9, 10, 11, 12, 13, 14, 15, 16, 17, 18, 19, 20, 21, 22, 23, 24, 25, 26, 27, 28, 29, 30, 31, 32, 33, 34, 35, 36, 37, 38, 39, 40, 41, 42, 43, 44, 45, 46, 47, 48, 49, 50, 51, 52, 53, 54, 55, 56, 57, 58, 59, 60, 61, 62, 63, 64 ]:
 Order := 126886932185884164103433389335161480802865516174545192198801894375214704230400000000000000 >) |
[ PermutationGroup<64 |  
\[ 2, 3, 4, 5, 6, 7, 8, 9, 10, 11, 12, 13, 14, 15, 16, 17, 18, 19, 20, 21, 22, 23, 24, 25, 26, 27, 28, 29, 30, 31, 32, 33, 34, 35, 36, 37, 38, 39, 40, 41, 42, 43, 44, 45, 46, 47, 48, 49, 50, 51, 52, 53, 54, 55, 56, 57, 58, 59, 60, 61, 62, 63, 64, 1 ],
\[ 2, 1, 3, 4, 5, 6, 7, 8, 9, 10, 11, 12, 13, 14, 15, 16, 17, 18, 19, 20, 21, 22, 23, 24, 25, 26, 27, 28, 29, 30, 31, 32, 33, 34, 35, 36, 37, 38, 39, 40, 41, 42, 43, 44, 45, 46, 47, 48, 49, 50, 51, 52, 53, 54, 55, 56, 57, 58, 59, 60, 61, 62, 63, 64 ]:
 Order := 126886932185884164103433389335161480802865516174545192198801894375214704230400000000000000 > |
[ 12, 29, 8, 61, 2, 5, 44, 52, 6, 14, 31, 9, 25, 27, 35, 20, 47, 15, 18, 51, 38, 1, 45, 21, 24, 41, 30, 46, 22, 42, 28, 49, 11, 37, 39, 23, 43, 48, 3, 50, 56, 40, 17, 63, 62, 7, 54, 4, 36, 64, 26, 19, 55, 58, 32, 59, 34, 57, 60, 16, 13, 53, 33, 10 ],
[ 3, 10, 16, 22, 18, 27, 1, 36, 35, 37, 5, 42, 2, 23, 53, 30, 39, 41, 32, 13, 34, 50, 48, 6, 43, 4, 57, 9, 52, 49, 56, 46, 60, 7, 51, 31, 8, 12, 45, 55, 64, 54, 28, 20, 33, 26, 11, 58, 61, 17, 14, 59, 44, 15, 25, 38, 19, 63, 40, 24, 47, 21, 29, 62 ],
[ 4, 11, 17, 23, 24, 28, 32, 1, 38, 41, 45, 7, 49, 2, 5, 33, 25, 57, 29, 3, 60, 63, 8, 55, 20, 35, 51, 36, 13, 6, 47, 40, 58, 27, 54, 30, 21, 62, 9, 12, 46, 16, 10, 34, 14, 43, 50, 56, 19, 59, 44, 37, 64, 61, 15, 18, 48, 42, 31, 52, 26, 39, 53, 22 ]
]
];
s`SolvableDBPassport := [ PowerSequence(PermutationGroup<64 |  
\[ 12, 29, 8, 61, 2, 5, 44, 52, 6, 14, 31, 9, 25, 27, 35, 20, 47, 15, 18, 51, 38, 1, 45, 21, 24, 41, 30, 46, 22, 42, 28, 49, 11, 37, 39, 23, 43, 48, 3, 50, 56, 40, 17, 63, 62, 7, 54, 4, 36, 64, 26, 19, 55, 58, 32, 59, 34, 57, 60, 16, 13, 53, 33, 10 ],
\[ 3, 10, 16, 22, 18, 27, 1, 36, 35, 37, 5, 42, 2, 23, 53, 30, 39, 41, 32, 13, 34, 50, 48, 6, 43, 4, 57, 9, 52, 49, 56, 46, 60, 7, 51, 31, 8, 12, 45, 55, 64, 54, 28, 20, 33, 26, 11, 58, 61, 17, 14, 59, 44, 15, 25, 38, 19, 63, 40, 24, 47, 21, 29, 62 ],
\[ 4, 11, 17, 23, 24, 28, 32, 1, 38, 41, 45, 7, 49, 2, 5, 33, 25, 57, 29, 3, 60, 63, 8, 55, 20, 35, 51, 36, 13, 6, 47, 40, 58, 27, 54, 30, 21, 62, 9, 12, 46, 16, 10, 34, 14, 43, 50, 56, 19, 59, 44, 37, 64, 61, 15, 18, 48, 42, 31, 52, 26, 39, 53, 22 ]:
 Order := 64 >) |
[ PermutationGroup<64 |  
\[ 12, 29, 8, 61, 2, 5, 44, 52, 6, 14, 31, 9, 25, 27, 35, 20, 47, 15, 18, 51, 38, 1, 45, 21, 24, 41, 30, 46, 22, 42, 28, 49, 11, 37, 39, 23, 43, 48, 3, 50, 56, 40, 17, 63, 62, 7, 54, 4, 36, 64, 26, 19, 55, 58, 32, 59, 34, 57, 60, 16, 13, 53, 33, 10 ],
\[ 3, 10, 16, 22, 18, 27, 1, 36, 35, 37, 5, 42, 2, 23, 53, 30, 39, 41, 32, 13, 34, 50, 48, 6, 43, 4, 57, 9, 52, 49, 56, 46, 60, 7, 51, 31, 8, 12, 45, 55, 64, 54, 28, 20, 33, 26, 11, 58, 61, 17, 14, 59, 44, 15, 25, 38, 19, 63, 40, 24, 47, 21, 29, 62 ],
\[ 4, 11, 17, 23, 24, 28, 32, 1, 38, 41, 45, 7, 49, 2, 5, 33, 25, 57, 29, 3, 60, 63, 8, 55, 20, 35, 51, 36, 13, 6, 47, 40, 58, 27, 54, 30, 21, 62, 9, 12, 46, 16, 10, 34, 14, 43, 50, 56, 19, 59, 44, 37, 64, 61, 15, 18, 48, 42, 31, 52, 26, 39, 53, 22 ]:
 Order := 64 > |
[ 22, 5, 39, 48, 6, 9, 46, 3, 12, 64, 33, 1, 61, 10, 18, 60, 43, 19, 52, 16, 24, 29, 36, 25, 13, 51, 14, 31, 2, 27, 11, 55, 63, 57, 15, 49, 34, 21, 35, 42, 26, 30, 37, 7, 23, 28, 17, 38, 32, 40, 20, 8, 62, 47, 53, 41, 58, 54, 56, 59, 4, 45, 44, 50 ],
[ 7, 13, 1, 26, 11, 24, 34, 37, 28, 2, 47, 38, 20, 51, 54, 3, 50, 5, 57, 44, 62, 4, 14, 60, 55, 46, 6, 43, 63, 16, 36, 19, 45, 21, 9, 8, 10, 56, 17, 59, 18, 12, 25, 53, 39, 32, 61, 23, 30, 22, 35, 29, 15, 42, 40, 31, 27, 48, 52, 33, 49, 64, 58, 41 ],
[ 42, 52, 36, 47, 10, 18, 20, 59, 27, 23, 56, 35, 43, 57, 51, 13, 11, 53, 41, 14, 12, 3, 33, 34, 6, 64, 49, 26, 50, 54, 9, 61, 5, 8, 45, 48, 28, 58, 16, 17, 38, 55, 39, 29, 21, 1, 15, 22, 31, 62, 4, 32, 25, 63, 46, 40, 7, 19, 24, 30, 2, 44, 60, 37 ]
],
[ PermutationGroup<64 |  
\[ 12, 29, 8, 61, 2, 5, 44, 52, 6, 14, 31, 9, 25, 27, 35, 20, 47, 15, 18, 51, 38, 1, 45, 21, 24, 41, 30, 46, 22, 42, 28, 49, 11, 37, 39, 23, 43, 48, 3, 50, 56, 40, 17, 63, 62, 7, 54, 4, 36, 64, 26, 19, 55, 58, 32, 59, 34, 57, 60, 16, 13, 53, 33, 10 ],
\[ 3, 10, 16, 22, 18, 27, 1, 36, 35, 37, 5, 42, 2, 23, 53, 30, 39, 41, 32, 13, 34, 50, 48, 6, 43, 4, 57, 9, 52, 49, 56, 46, 60, 7, 51, 31, 8, 12, 45, 55, 64, 54, 28, 20, 33, 26, 11, 58, 61, 17, 14, 59, 44, 15, 25, 38, 19, 63, 40, 24, 47, 21, 29, 62 ],
\[ 4, 11, 17, 23, 24, 28, 32, 1, 38, 41, 45, 7, 49, 2, 5, 33, 25, 57, 29, 3, 60, 63, 8, 55, 20, 35, 51, 36, 13, 6, 47, 40, 58, 27, 54, 30, 21, 62, 9, 12, 46, 16, 10, 34, 14, 43, 50, 56, 19, 59, 44, 37, 64, 61, 15, 18, 48, 42, 31, 52, 26, 39, 53, 22 ]:
 Order := 64 > |
[ 2, 9, 15, 21, 12, 1, 31, 35, 22, 40, 44, 29, 48, 50, 52, 56, 34, 8, 3, 59, 13, 5, 32, 61, 4, 16, 64, 33, 6, 10, 63, 62, 7, 54, 19, 55, 58, 25, 18, 27, 20, 14, 57, 28, 49, 11, 37, 24, 53, 30, 60, 39, 23, 43, 45, 51, 47, 17, 26, 41, 38, 36, 46, 42 ],
[ 7, 13, 1, 26, 11, 24, 34, 37, 28, 2, 47, 38, 20, 51, 54, 3, 50, 5, 57, 44, 62, 4, 14, 60, 55, 46, 6, 43, 63, 16, 36, 19, 45, 21, 9, 8, 10, 56, 17, 59, 18, 12, 25, 53, 39, 32, 61, 23, 30, 22, 35, 29, 15, 42, 40, 31, 27, 48, 52, 33, 49, 64, 58, 41 ],
[ 27, 3, 32, 43, 50, 52, 60, 41, 10, 49, 26, 18, 34, 54, 16, 4, 63, 45, 51, 64, 22, 35, 44, 58, 12, 40, 55, 20, 42, 17, 1, 48, 9, 39, 36, 21, 11, 47, 59, 37, 24, 62, 15, 5, 25, 29, 19, 2, 33, 23, 38, 53, 61, 7, 31, 30, 28, 8, 13, 14, 6, 46, 56, 57 ]
]
];
s`SolvableDBPointedPassport := [ PowerSequence(PermutationGroup<64 |  
\[ 12, 29, 8, 61, 2, 5, 44, 52, 6, 14, 31, 9, 25, 27, 35, 20, 47, 15, 18, 51, 38, 1, 45, 21, 24, 41, 30, 46, 22, 42, 28, 49, 11, 37, 39, 23, 43, 48, 3, 50, 56, 40, 17, 63, 62, 7, 54, 4, 36, 64, 26, 19, 55, 58, 32, 59, 34, 57, 60, 16, 13, 53, 33, 10 ],
\[ 3, 10, 16, 22, 18, 27, 1, 36, 35, 37, 5, 42, 2, 23, 53, 30, 39, 41, 32, 13, 34, 50, 48, 6, 43, 4, 57, 9, 52, 49, 56, 46, 60, 7, 51, 31, 8, 12, 45, 55, 64, 54, 28, 20, 33, 26, 11, 58, 61, 17, 14, 59, 44, 15, 25, 38, 19, 63, 40, 24, 47, 21, 29, 62 ],
\[ 4, 11, 17, 23, 24, 28, 32, 1, 38, 41, 45, 7, 49, 2, 5, 33, 25, 57, 29, 3, 60, 63, 8, 55, 20, 35, 51, 36, 13, 6, 47, 40, 58, 27, 54, 30, 21, 62, 9, 12, 46, 16, 10, 34, 14, 43, 50, 56, 19, 59, 44, 37, 64, 61, 15, 18, 48, 42, 31, 52, 26, 39, 53, 22 ]:
 Order := 64 >) |
[ PermutationGroup<64 |  
\[ 12, 29, 8, 61, 2, 5, 44, 52, 6, 14, 31, 9, 25, 27, 35, 20, 47, 15, 18, 51, 38, 1, 45, 21, 24, 41, 30, 46, 22, 42, 28, 49, 11, 37, 39, 23, 43, 48, 3, 50, 56, 40, 17, 63, 62, 7, 54, 4, 36, 64, 26, 19, 55, 58, 32, 59, 34, 57, 60, 16, 13, 53, 33, 10 ],
\[ 3, 10, 16, 22, 18, 27, 1, 36, 35, 37, 5, 42, 2, 23, 53, 30, 39, 41, 32, 13, 34, 50, 48, 6, 43, 4, 57, 9, 52, 49, 56, 46, 60, 7, 51, 31, 8, 12, 45, 55, 64, 54, 28, 20, 33, 26, 11, 58, 61, 17, 14, 59, 44, 15, 25, 38, 19, 63, 40, 24, 47, 21, 29, 62 ],
\[ 4, 11, 17, 23, 24, 28, 32, 1, 38, 41, 45, 7, 49, 2, 5, 33, 25, 57, 29, 3, 60, 63, 8, 55, 20, 35, 51, 36, 13, 6, 47, 40, 58, 27, 54, 30, 21, 62, 9, 12, 46, 16, 10, 34, 14, 43, 50, 56, 19, 59, 44, 37, 64, 61, 15, 18, 48, 42, 31, 52, 26, 39, 53, 22 ]:
 Order := 64 > |
[ 61, 31, 47, 45, 21, 46, 49, 12, 48, 56, 62, 44, 36, 29, 2, 11, 24, 34, 22, 8, 16, 33, 52, 32, 51, 39, 26, 23, 25, 5, 54, 50, 57, 30, 58, 42, 38, 53, 6, 9, 7, 20, 14, 37, 27, 17, 64, 59, 18, 60, 63, 43, 10, 13, 35, 15, 4, 40, 28, 19, 41, 3, 55, 1 ],
[ 31, 48, 2, 16, 44, 61, 54, 58, 33, 9, 37, 25, 59, 60, 43, 15, 30, 12, 47, 28, 36, 21, 50, 41, 45, 11, 1, 57, 46, 56, 55, 3, 49, 13, 22, 35, 40, 51, 34, 26, 8, 29, 4, 23, 18, 62, 38, 32, 10, 5, 19, 6, 52, 14, 27, 63, 64, 24, 39, 7, 53, 42, 17, 20 ],
[ 57, 16, 46, 28, 17, 59, 24, 64, 37, 61, 4, 41, 7, 15, 30, 22, 29, 33, 14, 62, 50, 51, 20, 63, 42, 55, 25, 13, 54, 39, 3, 58, 35, 45, 31, 34, 5, 11, 40, 8, 6, 21, 53, 18, 43, 52, 32, 10, 60, 48, 12, 44, 47, 1, 56, 49, 9, 36, 2, 23, 27, 26, 38, 19 ]
],
[ PermutationGroup<64 |  
\[ 12, 29, 8, 61, 2, 5, 44, 52, 6, 14, 31, 9, 25, 27, 35, 20, 47, 15, 18, 51, 38, 1, 45, 21, 24, 41, 30, 46, 22, 42, 28, 49, 11, 37, 39, 23, 43, 48, 3, 50, 56, 40, 17, 63, 62, 7, 54, 4, 36, 64, 26, 19, 55, 58, 32, 59, 34, 57, 60, 16, 13, 53, 33, 10 ],
\[ 3, 10, 16, 22, 18, 27, 1, 36, 35, 37, 5, 42, 2, 23, 53, 30, 39, 41, 32, 13, 34, 50, 48, 6, 43, 4, 57, 9, 52, 49, 56, 46, 60, 7, 51, 31, 8, 12, 45, 55, 64, 54, 28, 20, 33, 26, 11, 58, 61, 17, 14, 59, 44, 15, 25, 38, 19, 63, 40, 24, 47, 21, 29, 62 ],
\[ 4, 11, 17, 23, 24, 28, 32, 1, 38, 41, 45, 7, 49, 2, 5, 33, 25, 57, 29, 3, 60, 63, 8, 55, 20, 35, 51, 36, 13, 6, 47, 40, 58, 27, 54, 30, 21, 62, 9, 12, 46, 16, 10, 34, 14, 43, 50, 56, 19, 59, 44, 37, 64, 61, 15, 18, 48, 42, 31, 52, 26, 39, 53, 22 ]:
 Order := 64 > |
[ 61, 31, 47, 45, 21, 46, 49, 12, 48, 56, 62, 44, 36, 29, 2, 11, 24, 34, 22, 8, 16, 33, 52, 32, 51, 39, 26, 23, 25, 5, 54, 50, 57, 30, 58, 42, 38, 53, 6, 9, 7, 20, 14, 37, 27, 17, 64, 59, 18, 60, 63, 43, 10, 13, 35, 15, 4, 40, 28, 19, 41, 3, 55, 1 ],
[ 46, 61, 22, 51, 33, 25, 57, 34, 31, 5, 17, 21, 16, 20, 47, 39, 40, 6, 58, 7, 45, 48, 10, 59, 53, 28, 9, 37, 44, 60, 49, 52, 23, 24, 12, 3, 64, 41, 43, 56, 19, 1, 13, 62, 35, 55, 4, 36, 27, 29, 15, 2, 18, 30, 42, 11, 14, 38, 8, 63, 32, 50, 54, 26 ],
[ 37, 51, 44, 7, 54, 16, 38, 14, 17, 25, 13, 59, 63, 39, 40, 12, 1, 31, 30, 55, 10, 41, 26, 11, 50, 49, 21, 24, 57, 8, 52, 34, 3, 53, 46, 43, 29, 28, 64, 19, 2, 48, 32, 35, 47, 18, 36, 27, 20, 61, 6, 33, 58, 9, 60, 23, 5, 45, 22, 62, 42, 56, 4, 15 ]
]
];
s`SolvableDBMonodromyGroup := PermutationGroup<64 |  
\[ 12, 29, 8, 61, 2, 5, 44, 52, 6, 14, 31, 9, 25, 27, 35, 20, 47, 15, 18, 51, 38, 1, 45, 21, 24, 41, 30, 46, 22, 42, 28, 49, 11, 37, 39, 23, 43, 48, 3, 50, 56, 40, 17, 63, 62, 7, 54, 4, 36, 64, 26, 19, 55, 58, 32, 59, 34, 57, 60, 16, 13, 53, 33, 10 ],
\[ 3, 10, 16, 22, 18, 27, 1, 36, 35, 37, 5, 42, 2, 23, 53, 30, 39, 41, 32, 13, 34, 50, 48, 6, 43, 4, 57, 9, 52, 49, 56, 46, 60, 7, 51, 31, 8, 12, 45, 55, 64, 54, 28, 20, 33, 26, 11, 58, 61, 17, 14, 59, 44, 15, 25, 38, 19, 63, 40, 24, 47, 21, 29, 62 ],
\[ 4, 11, 17, 23, 24, 28, 32, 1, 38, 41, 45, 7, 49, 2, 5, 33, 25, 57, 29, 3, 60, 63, 8, 55, 20, 35, 51, 36, 13, 6, 47, 40, 58, 27, 54, 30, 21, 62, 9, 12, 46, 16, 10, 34, 14, 43, 50, 56, 19, 59, 44, 37, 64, 61, 15, 18, 48, 42, 31, 52, 26, 39, 53, 22 ] >;
s`SolvableDBAutomorphismGroup := PermutationGroup<64 |  
\[ 64, 42, 62, 22, 30, 27, 41, 53, 14, 54, 16, 10, 12, 58, 36, 21, 39, 49, 32, 38, 5, 50, 63, 6, 9, 4, 57, 51, 40, 34, 20, 46, 60, 18, 23, 44, 15, 2, 45, 43, 61, 37, 35, 56, 33, 26, 3, 29, 7, 17, 48, 55, 31, 8, 28, 13, 19, 52, 25, 24, 1, 11, 59, 47 ],
\[ 63, 46, 29, 53, 28, 31, 58, 22, 11, 26, 43, 33, 32, 41, 6, 52, 13, 9, 12, 19, 23, 44, 64, 36, 49, 15, 56, 47, 7, 59, 17, 42, 37, 48, 5, 50, 4, 45, 2, 16, 35, 60, 61, 57, 10, 54, 25, 62, 40, 20, 18, 1, 27, 24, 30, 39, 38, 21, 3, 8, 55, 14, 34, 51 ],
\[ 2, 9, 10, 11, 12, 1, 13, 14, 22, 35, 38, 29, 28, 39, 40, 37, 41, 42, 30, 43, 44, 5, 45, 7, 46, 47, 3, 4, 6, 8, 48, 49, 21, 20, 50, 23, 51, 63, 64, 19, 54, 52, 26, 25, 62, 61, 56, 33, 36, 18, 17, 27, 55, 59, 32, 58, 16, 60, 57, 34, 31, 53, 24, 15 ]:
 Order := 64 >;
s`SolvableDBPointedAutomorphismGroup := PermutationGroup<64 |  
\[ 6, 1, 27, 28, 22, 29, 24, 30, 2, 3, 4, 5, 7, 8, 64, 57, 51, 50, 40, 34, 33, 9, 36, 63, 44, 43, 52, 13, 12, 19, 61, 55, 48, 60, 10, 49, 16, 11, 14, 15, 17, 18, 20, 21, 23, 25, 26, 31, 32, 35, 37, 42, 62, 41, 53, 47, 59, 56, 54, 58, 46, 45, 38, 39 ]:
 Order := 8 >;

/*
Top Level Belyi Curve/Map
*/


/*
Graph Data
*/

s`SolvableDBPathToPP1 := [ Strings() | "PP1", "2T1-2,1,2-g0-path1", "4T2-2,2,2-g0-path2", "8T5-4,4,4-g2-path2", "16T8-4,4,4-g3-path30", "32S13-4,8,4-g7-path12", "64S46-8,16,4-g19-path8" ];
s`SolvableDBChildren := [ Strings() | "32S13-4,8,4-g7-path12" ];

/*
Return for eval
*/

return s;
