s := SolvableDBInitialize();

/*
Magma printing
*/

s`SolvableDBName := "64S41-16,4,4-g15-path27";
s`SolvableDBFilename := "64S41-16,4,4-g15-path27.m";
s`SolvableDBPassportName := "64S41-16,4,4-g15";
s`SolvableDBPathNumber := 27;
s`SolvableDBDegree := 64;
s`SolvableDBOrders := \[ 16, 4, 4 ];
s`SolvableDBType := "Hyperbolic";
s`SolvableDBGenus := 15;
s`SolvableDBGaloisOrbitSize := 1;
s`SolvableDBPassportSize := 2;
s`SolvableDBPointedPassportSize := 2;
s`SolvableDBLevel := 6;
s`SolvableDBBlocks := {@ PowerSet(IntegerRing()) |
{ IntegerRing() | 1, 5 },
{ IntegerRing() | 2, 12 },
{ IntegerRing() | 3, 16 },
{ IntegerRing() | 4, 8 },
{ IntegerRing() | 6, 19 },
{ IntegerRing() | 7, 11 },
{ IntegerRing() | 9, 31 },
{ IntegerRing() | 10, 25 },
{ IntegerRing() | 13, 30 },
{ IntegerRing() | 14, 36 },
{ IntegerRing() | 15, 17 },
{ IntegerRing() | 18, 26 },
{ IntegerRing() | 20, 27 },
{ IntegerRing() | 21, 35 },
{ IntegerRing() | 22, 24 },
{ IntegerRing() | 23, 40 },
{ IntegerRing() | 28, 49 },
{ IntegerRing() | 29, 37 },
{ IntegerRing() | 32, 46 },
{ IntegerRing() | 33, 34 },
{ IntegerRing() | 38, 43 },
{ IntegerRing() | 39, 41 },
{ IntegerRing() | 42, 45 },
{ IntegerRing() | 44, 57 },
{ IntegerRing() | 47, 62 },
{ IntegerRing() | 48, 53 },
{ IntegerRing() | 50, 54 },
{ IntegerRing() | 51, 52 },
{ IntegerRing() | 55, 60 },
{ IntegerRing() | 56, 58 },
{ IntegerRing() | 59, 61 },
{ IntegerRing() | 63, 64 }
@};
s`SolvableDBIsRamifiedAtEveryLevel := false;
s`SolvableDBGaloisOrbit := [ PowerSequence(PermutationGroup<64 |  
\[ 2, 3, 4, 5, 6, 7, 8, 9, 10, 11, 12, 13, 14, 15, 16, 17, 18, 19, 20, 21, 22, 23, 24, 25, 26, 27, 28, 29, 30, 31, 32, 33, 34, 35, 36, 37, 38, 39, 40, 41, 42, 43, 44, 45, 46, 47, 48, 49, 50, 51, 52, 53, 54, 55, 56, 57, 58, 59, 60, 61, 62, 63, 64, 1 ],
\[ 2, 1, 3, 4, 5, 6, 7, 8, 9, 10, 11, 12, 13, 14, 15, 16, 17, 18, 19, 20, 21, 22, 23, 24, 25, 26, 27, 28, 29, 30, 31, 32, 33, 34, 35, 36, 37, 38, 39, 40, 41, 42, 43, 44, 45, 46, 47, 48, 49, 50, 51, 52, 53, 54, 55, 56, 57, 58, 59, 60, 61, 62, 63, 64 ]:
 Order := 126886932185884164103433389335161480802865516174545192198801894375214704230400000000000000 >) |
[ PermutationGroup<64 |  
\[ 2, 3, 4, 5, 6, 7, 8, 9, 10, 11, 12, 13, 14, 15, 16, 17, 18, 19, 20, 21, 22, 23, 24, 25, 26, 27, 28, 29, 30, 31, 32, 33, 34, 35, 36, 37, 38, 39, 40, 41, 42, 43, 44, 45, 46, 47, 48, 49, 50, 51, 52, 53, 54, 55, 56, 57, 58, 59, 60, 61, 62, 63, 64, 1 ],
\[ 2, 1, 3, 4, 5, 6, 7, 8, 9, 10, 11, 12, 13, 14, 15, 16, 17, 18, 19, 20, 21, 22, 23, 24, 25, 26, 27, 28, 29, 30, 31, 32, 33, 34, 35, 36, 37, 38, 39, 40, 41, 42, 43, 44, 45, 46, 47, 48, 49, 50, 51, 52, 53, 54, 55, 56, 57, 58, 59, 60, 61, 62, 63, 64 ]:
 Order := 126886932185884164103433389335161480802865516174545192198801894375214704230400000000000000 > |
[ 12, 31, 8, 26, 2, 5, 35, 18, 49, 7, 21, 9, 16, 17, 33, 4, 34, 43, 1, 36, 24, 45, 19, 42, 11, 38, 14, 62, 13, 3, 28, 25, 51, 52, 22, 15, 30, 60, 20, 6, 27, 61, 55, 40, 59, 10, 44, 32, 47, 37, 63, 64, 46, 29, 54, 41, 23, 39, 48, 50, 53, 57, 56, 58 ],
[ 3, 10, 14, 19, 16, 21, 1, 6, 29, 17, 5, 25, 2, 7, 30, 36, 13, 39, 35, 4, 27, 40, 26, 23, 15, 41, 8, 48, 34, 12, 37, 9, 46, 32, 20, 11, 33, 44, 22, 18, 24, 58, 57, 45, 56, 31, 60, 52, 53, 28, 54, 50, 51, 49, 63, 38, 42, 43, 62, 64, 47, 55, 59, 61 ],
[ 4, 11, 15, 5, 8, 22, 2, 1, 30, 33, 12, 7, 9, 21, 16, 17, 3, 27, 24, 18, 36, 19, 43, 6, 34, 20, 26, 46, 51, 31, 13, 28, 25, 10, 14, 35, 52, 23, 42, 38, 45, 41, 40, 61, 39, 49, 54, 63, 32, 47, 37, 29, 64, 62, 58, 55, 59, 60, 44, 56, 57, 50, 53, 48 ]
]
];
s`SolvableDBPassport := [ PowerSequence(PermutationGroup<64 |  
\[ 12, 31, 8, 26, 2, 5, 35, 18, 49, 7, 21, 9, 16, 17, 33, 4, 34, 43, 1, 36, 24, 45, 19, 42, 11, 38, 14, 62, 13, 3, 28, 25, 51, 52, 22, 15, 30, 60, 20, 6, 27, 61, 55, 40, 59, 10, 44, 32, 47, 37, 63, 64, 46, 29, 54, 41, 23, 39, 48, 50, 53, 57, 56, 58 ],
\[ 3, 10, 14, 19, 16, 21, 1, 6, 29, 17, 5, 25, 2, 7, 30, 36, 13, 39, 35, 4, 27, 40, 26, 23, 15, 41, 8, 48, 34, 12, 37, 9, 46, 32, 20, 11, 33, 44, 22, 18, 24, 58, 57, 45, 56, 31, 60, 52, 53, 28, 54, 50, 51, 49, 63, 38, 42, 43, 62, 64, 47, 55, 59, 61 ],
\[ 4, 11, 15, 5, 8, 22, 2, 1, 30, 33, 12, 7, 9, 21, 16, 17, 3, 27, 24, 18, 36, 19, 43, 6, 34, 20, 26, 46, 51, 31, 13, 28, 25, 10, 14, 35, 52, 23, 42, 38, 45, 41, 40, 61, 39, 49, 54, 63, 32, 47, 37, 29, 64, 62, 58, 55, 59, 60, 44, 56, 57, 50, 53, 48 ]:
 Order := 64 >) |
[ PermutationGroup<64 |  
\[ 12, 31, 8, 26, 2, 5, 35, 18, 49, 7, 21, 9, 16, 17, 33, 4, 34, 43, 1, 36, 24, 45, 19, 42, 11, 38, 14, 62, 13, 3, 28, 25, 51, 52, 22, 15, 30, 60, 20, 6, 27, 61, 55, 40, 59, 10, 44, 32, 47, 37, 63, 64, 46, 29, 54, 41, 23, 39, 48, 50, 53, 57, 56, 58 ],
\[ 3, 10, 14, 19, 16, 21, 1, 6, 29, 17, 5, 25, 2, 7, 30, 36, 13, 39, 35, 4, 27, 40, 26, 23, 15, 41, 8, 48, 34, 12, 37, 9, 46, 32, 20, 11, 33, 44, 22, 18, 24, 58, 57, 45, 56, 31, 60, 52, 53, 28, 54, 50, 51, 49, 63, 38, 42, 43, 62, 64, 47, 55, 59, 61 ],
\[ 4, 11, 15, 5, 8, 22, 2, 1, 30, 33, 12, 7, 9, 21, 16, 17, 3, 27, 24, 18, 36, 19, 43, 6, 34, 20, 26, 46, 51, 31, 13, 28, 25, 10, 14, 35, 52, 23, 42, 38, 45, 41, 40, 61, 39, 49, 54, 63, 32, 47, 37, 29, 64, 62, 58, 55, 59, 60, 44, 56, 57, 50, 53, 48 ]:
 Order := 64 > |
[ 12, 31, 8, 26, 2, 5, 35, 18, 49, 7, 21, 9, 16, 17, 33, 4, 34, 43, 1, 36, 24, 45, 19, 42, 11, 38, 14, 62, 13, 3, 28, 25, 51, 52, 22, 15, 30, 60, 20, 6, 27, 61, 55, 40, 59, 10, 44, 32, 47, 37, 63, 64, 46, 29, 54, 41, 23, 39, 48, 50, 53, 57, 56, 58 ],
[ 3, 10, 14, 19, 16, 21, 1, 6, 29, 17, 5, 25, 2, 7, 30, 36, 13, 39, 35, 4, 27, 40, 26, 23, 15, 41, 8, 48, 34, 12, 37, 9, 46, 32, 20, 11, 33, 44, 22, 18, 24, 58, 57, 45, 56, 31, 60, 52, 53, 28, 54, 50, 51, 49, 63, 38, 42, 43, 62, 64, 47, 55, 59, 61 ],
[ 4, 11, 15, 5, 8, 22, 2, 1, 30, 33, 12, 7, 9, 21, 16, 17, 3, 27, 24, 18, 36, 19, 43, 6, 34, 20, 26, 46, 51, 31, 13, 28, 25, 10, 14, 35, 52, 23, 42, 38, 45, 41, 40, 61, 39, 49, 54, 63, 32, 47, 37, 29, 64, 62, 58, 55, 59, 60, 44, 56, 57, 50, 53, 48 ]
],
[ PermutationGroup<64 |  
\[ 12, 31, 8, 26, 2, 5, 35, 18, 49, 7, 21, 9, 16, 17, 33, 4, 34, 43, 1, 36, 24, 45, 19, 42, 11, 38, 14, 62, 13, 3, 28, 25, 51, 52, 22, 15, 30, 60, 20, 6, 27, 61, 55, 40, 59, 10, 44, 32, 47, 37, 63, 64, 46, 29, 54, 41, 23, 39, 48, 50, 53, 57, 56, 58 ],
\[ 3, 10, 14, 19, 16, 21, 1, 6, 29, 17, 5, 25, 2, 7, 30, 36, 13, 39, 35, 4, 27, 40, 26, 23, 15, 41, 8, 48, 34, 12, 37, 9, 46, 32, 20, 11, 33, 44, 22, 18, 24, 58, 57, 45, 56, 31, 60, 52, 53, 28, 54, 50, 51, 49, 63, 38, 42, 43, 62, 64, 47, 55, 59, 61 ],
\[ 4, 11, 15, 5, 8, 22, 2, 1, 30, 33, 12, 7, 9, 21, 16, 17, 3, 27, 24, 18, 36, 19, 43, 6, 34, 20, 26, 46, 51, 31, 13, 28, 25, 10, 14, 35, 52, 23, 42, 38, 45, 41, 40, 61, 39, 49, 54, 63, 32, 47, 37, 29, 64, 62, 58, 55, 59, 60, 44, 56, 57, 50, 53, 48 ]:
 Order := 64 > |
[ 12, 31, 8, 26, 2, 5, 35, 18, 49, 7, 21, 9, 16, 17, 33, 4, 34, 43, 1, 36, 24, 45, 19, 42, 11, 38, 14, 62, 13, 3, 28, 25, 51, 52, 22, 15, 30, 60, 20, 6, 27, 61, 55, 40, 59, 10, 44, 32, 47, 37, 63, 64, 46, 29, 54, 41, 23, 39, 48, 50, 53, 57, 56, 58 ],
[ 4, 11, 15, 5, 8, 22, 2, 1, 30, 33, 12, 7, 9, 21, 16, 17, 3, 27, 24, 18, 36, 19, 43, 6, 34, 20, 26, 46, 51, 31, 13, 28, 25, 10, 14, 35, 52, 23, 42, 38, 45, 41, 40, 61, 39, 49, 54, 63, 32, 47, 37, 29, 64, 62, 58, 55, 59, 60, 44, 56, 57, 50, 53, 48 ],
[ 22, 4, 9, 15, 24, 43, 34, 17, 11, 28, 33, 8, 52, 18, 21, 31, 35, 5, 38, 45, 2, 36, 61, 14, 49, 1, 42, 30, 47, 51, 7, 64, 3, 16, 12, 26, 62, 27, 55, 59, 60, 19, 20, 50, 6, 63, 46, 57, 13, 58, 10, 25, 44, 56, 23, 48, 54, 53, 41, 40, 39, 32, 29, 37 ]
]
];
s`SolvableDBPointedPassport := [ PowerSequence(PermutationGroup<64 |  
\[ 2, 3, 4, 5, 6, 7, 8, 9, 10, 11, 12, 13, 14, 15, 16, 17, 18, 19, 20, 21, 22, 23, 24, 25, 26, 27, 28, 29, 30, 31, 32, 33, 34, 35, 36, 37, 38, 39, 40, 41, 42, 43, 44, 45, 46, 47, 48, 49, 50, 51, 52, 53, 54, 55, 56, 57, 58, 59, 60, 61, 62, 63, 64, 1 ],
\[ 2, 1, 3, 4, 5, 6, 7, 8, 9, 10, 11, 12, 13, 14, 15, 16, 17, 18, 19, 20, 21, 22, 23, 24, 25, 26, 27, 28, 29, 30, 31, 32, 33, 34, 35, 36, 37, 38, 39, 40, 41, 42, 43, 44, 45, 46, 47, 48, 49, 50, 51, 52, 53, 54, 55, 56, 57, 58, 59, 60, 61, 62, 63, 64 ]:
 Order := 126886932185884164103433389335161480802865516174545192198801894375214704230400000000000000 >) |
[ PermutationGroup<64 |  
\[ 2, 3, 4, 5, 6, 7, 8, 9, 10, 11, 12, 13, 14, 15, 16, 17, 18, 19, 20, 21, 22, 23, 24, 25, 26, 27, 28, 29, 30, 31, 32, 33, 34, 35, 36, 37, 38, 39, 40, 41, 42, 43, 44, 45, 46, 47, 48, 49, 50, 51, 52, 53, 54, 55, 56, 57, 58, 59, 60, 61, 62, 63, 64, 1 ],
\[ 2, 1, 3, 4, 5, 6, 7, 8, 9, 10, 11, 12, 13, 14, 15, 16, 17, 18, 19, 20, 21, 22, 23, 24, 25, 26, 27, 28, 29, 30, 31, 32, 33, 34, 35, 36, 37, 38, 39, 40, 41, 42, 43, 44, 45, 46, 47, 48, 49, 50, 51, 52, 53, 54, 55, 56, 57, 58, 59, 60, 61, 62, 63, 64 ]:
 Order := 126886932185884164103433389335161480802865516174545192198801894375214704230400000000000000 > |
[ 12, 31, 8, 26, 2, 5, 35, 18, 49, 7, 21, 9, 16, 17, 33, 4, 34, 43, 1, 36, 24, 45, 19, 42, 11, 38, 14, 62, 13, 3, 28, 25, 51, 52, 22, 15, 30, 60, 20, 6, 27, 61, 55, 40, 59, 10, 44, 32, 47, 37, 63, 64, 46, 29, 54, 41, 23, 39, 48, 50, 53, 57, 56, 58 ],
[ 3, 10, 14, 19, 16, 21, 1, 6, 29, 17, 5, 25, 2, 7, 30, 36, 13, 39, 35, 4, 27, 40, 26, 23, 15, 41, 8, 48, 34, 12, 37, 9, 46, 32, 20, 11, 33, 44, 22, 18, 24, 58, 57, 45, 56, 31, 60, 52, 53, 28, 54, 50, 51, 49, 63, 38, 42, 43, 62, 64, 47, 55, 59, 61 ],
[ 4, 11, 15, 5, 8, 22, 2, 1, 30, 33, 12, 7, 9, 21, 16, 17, 3, 27, 24, 18, 36, 19, 43, 6, 34, 20, 26, 46, 51, 31, 13, 28, 25, 10, 14, 35, 52, 23, 42, 38, 45, 41, 40, 61, 39, 49, 54, 63, 32, 47, 37, 29, 64, 62, 58, 55, 59, 60, 44, 56, 57, 50, 53, 48 ]
],
[ PermutationGroup<64 |  
\[ 2, 3, 4, 5, 6, 7, 8, 9, 10, 11, 12, 13, 14, 15, 16, 17, 18, 19, 20, 21, 22, 23, 24, 25, 26, 27, 28, 29, 30, 31, 32, 33, 34, 35, 36, 37, 38, 39, 40, 41, 42, 43, 44, 45, 46, 47, 48, 49, 50, 51, 52, 53, 54, 55, 56, 57, 58, 59, 60, 61, 62, 63, 64, 1 ],
\[ 2, 1, 3, 4, 5, 6, 7, 8, 9, 10, 11, 12, 13, 14, 15, 16, 17, 18, 19, 20, 21, 22, 23, 24, 25, 26, 27, 28, 29, 30, 31, 32, 33, 34, 35, 36, 37, 38, 39, 40, 41, 42, 43, 44, 45, 46, 47, 48, 49, 50, 51, 52, 53, 54, 55, 56, 57, 58, 59, 60, 61, 62, 63, 64 ]:
 Order := 126886932185884164103433389335161480802865516174545192198801894375214704230400000000000000 > |
[ 12, 31, 8, 26, 2, 5, 35, 18, 49, 7, 21, 9, 16, 17, 33, 4, 34, 43, 1, 36, 24, 45, 19, 42, 11, 38, 14, 62, 13, 3, 28, 25, 51, 52, 22, 15, 30, 60, 20, 6, 27, 61, 55, 40, 59, 10, 44, 32, 47, 37, 63, 64, 46, 29, 54, 41, 23, 39, 48, 50, 53, 57, 56, 58 ],
[ 4, 11, 15, 5, 8, 22, 2, 1, 30, 33, 12, 7, 9, 21, 16, 17, 3, 27, 24, 18, 36, 19, 43, 6, 34, 20, 26, 46, 51, 31, 13, 28, 25, 10, 14, 35, 52, 23, 42, 38, 45, 41, 40, 61, 39, 49, 54, 63, 32, 47, 37, 29, 64, 62, 58, 55, 59, 60, 44, 56, 57, 50, 53, 48 ],
[ 22, 4, 9, 15, 24, 43, 34, 17, 11, 28, 33, 8, 52, 18, 21, 31, 35, 5, 38, 45, 2, 36, 61, 14, 49, 1, 42, 30, 47, 51, 7, 64, 3, 16, 12, 26, 62, 27, 55, 59, 60, 19, 20, 50, 6, 63, 46, 57, 13, 58, 10, 25, 44, 56, 23, 48, 54, 53, 41, 40, 39, 32, 29, 37 ]
]
];
s`SolvableDBMonodromyGroup := PermutationGroup<64 |  
\[ 12, 31, 8, 26, 2, 5, 35, 18, 49, 7, 21, 9, 16, 17, 33, 4, 34, 43, 1, 36, 24, 45, 19, 42, 11, 38, 14, 62, 13, 3, 28, 25, 51, 52, 22, 15, 30, 60, 20, 6, 27, 61, 55, 40, 59, 10, 44, 32, 47, 37, 63, 64, 46, 29, 54, 41, 23, 39, 48, 50, 53, 57, 56, 58 ],
\[ 3, 10, 14, 19, 16, 21, 1, 6, 29, 17, 5, 25, 2, 7, 30, 36, 13, 39, 35, 4, 27, 40, 26, 23, 15, 41, 8, 48, 34, 12, 37, 9, 46, 32, 20, 11, 33, 44, 22, 18, 24, 58, 57, 45, 56, 31, 60, 52, 53, 28, 54, 50, 51, 49, 63, 38, 42, 43, 62, 64, 47, 55, 59, 61 ],
\[ 4, 11, 15, 5, 8, 22, 2, 1, 30, 33, 12, 7, 9, 21, 16, 17, 3, 27, 24, 18, 36, 19, 43, 6, 34, 20, 26, 46, 51, 31, 13, 28, 25, 10, 14, 35, 52, 23, 42, 38, 45, 41, 40, 61, 39, 49, 54, 63, 32, 47, 37, 29, 64, 62, 58, 55, 59, 60, 44, 56, 57, 50, 53, 48 ] >;
s`SolvableDBAutomorphismGroup := PermutationGroup<64 |  
\[ 62, 44, 55, 50, 47, 49, 59, 54, 23, 45, 61, 57, 38, 63, 58, 60, 56, 29, 28, 52, 53, 32, 31, 46, 42, 37, 51, 6, 26, 43, 40, 24, 39, 41, 48, 64, 18, 30, 34, 9, 33, 10, 13, 12, 25, 22, 1, 21, 19, 8, 20, 27, 35, 4, 16, 15, 2, 17, 11, 3, 7, 5, 36, 14 ],
\[ 2, 9, 10, 11, 12, 1, 13, 7, 28, 29, 30, 31, 32, 17, 33, 25, 34, 35, 5, 36, 3, 4, 6, 8, 37, 21, 14, 47, 48, 46, 49, 50, 51, 52, 16, 15, 53, 24, 20, 19, 27, 18, 22, 23, 26, 54, 57, 60, 62, 61, 63, 64, 55, 59, 45, 41, 40, 39, 38, 42, 43, 44, 56, 58 ],
\[ 64, 56, 61, 48, 63, 51, 60, 53, 39, 38, 55, 58, 45, 47, 57, 59, 44, 46, 52, 28, 54, 37, 34, 29, 43, 32, 49, 27, 22, 42, 41, 18, 23, 40, 50, 62, 24, 25, 31, 33, 9, 13, 10, 15, 30, 26, 36, 8, 20, 21, 19, 6, 4, 35, 7, 12, 17, 2, 3, 11, 16, 14, 1, 5 ],
\[ 3, 4, 14, 15, 16, 13, 1, 17, 18, 19, 5, 8, 20, 7, 21, 36, 35, 34, 30, 25, 2, 9, 37, 31, 6, 33, 10, 38, 39, 27, 26, 40, 24, 22, 12, 11, 41, 51, 32, 29, 46, 28, 52, 54, 49, 23, 55, 44, 43, 56, 42, 45, 57, 58, 64, 53, 50, 48, 47, 63, 62, 60, 61, 59 ]:
 Order := 64 >;
s`SolvableDBPointedAutomorphismGroup := PermutationGroup<64 |  
\[ 47, 57, 60, 54, 62, 28, 61, 50, 40, 42, 59, 44, 43, 64, 56, 55, 58, 37, 49, 51, 48, 46, 9, 32, 45, 29, 52, 19, 18, 38, 23, 22, 41, 39, 53, 63, 26, 13, 33, 31, 34, 25, 30, 2, 10, 24, 5, 35, 6, 4, 27, 20, 21, 8, 3, 17, 12, 15, 7, 16, 11, 1, 14, 36 ],
\[ 6, 1, 21, 22, 19, 23, 8, 24, 2, 3, 4, 5, 7, 27, 36, 35, 14, 42, 40, 39, 26, 43, 44, 38, 16, 45, 41, 9, 10, 11, 12, 13, 15, 17, 18, 20, 25, 59, 58, 57, 56, 60, 61, 62, 55, 30, 28, 29, 31, 32, 33, 34, 37, 46, 53, 63, 47, 64, 54, 48, 50, 49, 51, 52 ]:
 Order := 16 >;
s`SolvableDBPathToPP1 := [ Strings() | "PP1", "2T1-2,2,1-g0-path1", "4T2-2,2,2-g0-path3", "8T2-4,4,2-g1-path5", "16T10-4,4,2-g1-path2", "32S9-8,4,2-g3-path8", "64S41-16,4,4-g15-path27" ];
s`SolvableDBChild := "32S9-8,4,2-g3-path8";

/*
Return for eval
*/

return s;
