s := SolvableDBObjectInitialize();

/*
Basic Information about the Passport
*/

s`SolvableDBName := "64S50-16,32,32-g29-path8";
s`SolvableDBFilename := "64S50-16,32,32-g29-path8.m";
s`SolvableDBPathNumber := 8;
s`SolvableDBDegree := 64;
s`SolvableDBABC := \[ 16, 32, 32 ];
s`SolvableDBType := "Hyperbolic";
s`SolvableDBGenus := 29;
s`SolvableDBGaloisOrbitSize := 1;
s`SolvableDBPassportSize := 4;
s`SolvableDBPointedPassportSize := 4;
s`SolvableDBLevel := 6;
s`SolvableDBBlocks := {@ PowerSet(IntegerRing()) |
{ IntegerRing() | 1, 5 },
{ IntegerRing() | 2, 10 },
{ IntegerRing() | 3, 14 },
{ IntegerRing() | 4, 18 },
{ IntegerRing() | 6, 21 },
{ IntegerRing() | 7, 22 },
{ IntegerRing() | 8, 23 },
{ IntegerRing() | 9, 28 },
{ IntegerRing() | 11, 31 },
{ IntegerRing() | 12, 32 },
{ IntegerRing() | 13, 36 },
{ IntegerRing() | 15, 39 },
{ IntegerRing() | 16, 40 },
{ IntegerRing() | 17, 43 },
{ IntegerRing() | 19, 45 },
{ IntegerRing() | 20, 46 },
{ IntegerRing() | 24, 48 },
{ IntegerRing() | 25, 49 },
{ IntegerRing() | 26, 50 },
{ IntegerRing() | 27, 52 },
{ IntegerRing() | 29, 53 },
{ IntegerRing() | 30, 54 },
{ IntegerRing() | 33, 55 },
{ IntegerRing() | 34, 56 },
{ IntegerRing() | 35, 57 },
{ IntegerRing() | 37, 58 },
{ IntegerRing() | 38, 59 },
{ IntegerRing() | 41, 60 },
{ IntegerRing() | 42, 61 },
{ IntegerRing() | 44, 62 },
{ IntegerRing() | 47, 63 },
{ IntegerRing() | 51, 64 }
@};

/*
Permutations and Passports
*/

s`SolvableDBGaloisOrbit := [ PowerSequence(PermutationGroup<64 |  
\[ 2, 3, 4, 5, 6, 7, 8, 9, 10, 11, 12, 13, 14, 15, 16, 17, 18, 19, 20, 21, 22, 23, 24, 25, 26, 27, 28, 29, 30, 31, 32, 33, 34, 35, 36, 37, 38, 39, 40, 41, 42, 43, 44, 45, 46, 47, 48, 49, 50, 51, 52, 53, 54, 55, 56, 57, 58, 59, 60, 61, 62, 63, 64, 1 ],
\[ 2, 1, 3, 4, 5, 6, 7, 8, 9, 10, 11, 12, 13, 14, 15, 16, 17, 18, 19, 20, 21, 22, 23, 24, 25, 26, 27, 28, 29, 30, 31, 32, 33, 34, 35, 36, 37, 38, 39, 40, 41, 42, 43, 44, 45, 46, 47, 48, 49, 50, 51, 52, 53, 54, 55, 56, 57, 58, 59, 60, 61, 62, 63, 64 ]:
 Order := 126886932185884164103433389335161480802865516174545192198801894375214704230400000000000000 >) |
[ PermutationGroup<64 |  
\[ 2, 3, 4, 5, 6, 7, 8, 9, 10, 11, 12, 13, 14, 15, 16, 17, 18, 19, 20, 21, 22, 23, 24, 25, 26, 27, 28, 29, 30, 31, 32, 33, 34, 35, 36, 37, 38, 39, 40, 41, 42, 43, 44, 45, 46, 47, 48, 49, 50, 51, 52, 53, 54, 55, 56, 57, 58, 59, 60, 61, 62, 63, 64, 1 ],
\[ 2, 1, 3, 4, 5, 6, 7, 8, 9, 10, 11, 12, 13, 14, 15, 16, 17, 18, 19, 20, 21, 22, 23, 24, 25, 26, 27, 28, 29, 30, 31, 32, 33, 34, 35, 36, 37, 38, 39, 40, 41, 42, 43, 44, 45, 46, 47, 48, 49, 50, 51, 52, 53, 54, 55, 56, 57, 58, 59, 60, 61, 62, 63, 64 ]:
 Order := 126886932185884164103433389335161480802865516174545192198801894375214704230400000000000000 > |
[ 10, 28, 23, 22, 2, 5, 31, 32, 52, 9, 53, 54, 40, 8, 14, 50, 46, 7, 18, 49, 1, 11, 12, 21, 55, 56, 58, 27, 60, 62, 29, 30, 64, 43, 59, 16, 36, 61, 3, 26, 39, 63, 20, 57, 4, 25, 45, 6, 33, 34, 48, 37, 41, 44, 51, 17, 38, 13, 42, 15, 47, 35, 19, 24 ],
[ 3, 8, 13, 6, 14, 15, 1, 16, 12, 23, 2, 26, 35, 36, 37, 38, 19, 21, 24, 4, 39, 5, 40, 41, 7, 42, 30, 32, 9, 34, 10, 50, 11, 47, 20, 57, 44, 25, 58, 59, 27, 33, 45, 17, 48, 18, 51, 60, 22, 61, 29, 54, 28, 56, 31, 63, 46, 62, 49, 52, 55, 43, 64, 53 ],
[ 18, 22, 21, 43, 4, 45, 46, 5, 31, 7, 49, 10, 39, 6, 48, 14, 54, 17, 56, 62, 19, 20, 1, 63, 57, 23, 53, 11, 55, 28, 25, 2, 59, 32, 58, 15, 60, 36, 24, 3, 64, 40, 30, 52, 34, 44, 50, 47, 35, 8, 61, 29, 33, 9, 38, 12, 37, 41, 13, 51, 16, 27, 26, 42 ]
]
];
s`SolvableDBPassport := [ PowerSequence(PermutationGroup<64 |  
\[ 10, 28, 23, 22, 2, 5, 31, 32, 52, 9, 53, 54, 40, 8, 14, 50, 46, 7, 18, 49, 1, 11, 12, 21, 55, 56, 58, 27, 60, 62, 29, 30, 64, 43, 59, 16, 36, 61, 3, 26, 39, 63, 20, 57, 4, 25, 45, 6, 33, 34, 48, 37, 41, 44, 51, 17, 38, 13, 42, 15, 47, 35, 19, 24 ],
\[ 3, 8, 13, 6, 14, 15, 1, 16, 12, 23, 2, 26, 35, 36, 37, 38, 19, 21, 24, 4, 39, 5, 40, 41, 7, 42, 30, 32, 9, 34, 10, 50, 11, 47, 20, 57, 44, 25, 58, 59, 27, 33, 45, 17, 48, 18, 51, 60, 22, 61, 29, 54, 28, 56, 31, 63, 46, 62, 49, 52, 55, 43, 64, 53 ],
\[ 18, 22, 21, 43, 4, 45, 46, 5, 31, 7, 49, 10, 39, 6, 48, 14, 54, 17, 56, 62, 19, 20, 1, 63, 57, 23, 53, 11, 55, 28, 25, 2, 59, 32, 58, 15, 60, 36, 24, 3, 64, 40, 30, 52, 34, 44, 50, 47, 35, 8, 61, 29, 33, 9, 38, 12, 37, 41, 13, 51, 16, 27, 26, 42 ]:
 Order := 64 >) |
[ PermutationGroup<64 |  
\[ 10, 28, 23, 22, 2, 5, 31, 32, 52, 9, 53, 54, 40, 8, 14, 50, 46, 7, 18, 49, 1, 11, 12, 21, 55, 56, 58, 27, 60, 62, 29, 30, 64, 43, 59, 16, 36, 61, 3, 26, 39, 63, 20, 57, 4, 25, 45, 6, 33, 34, 48, 37, 41, 44, 51, 17, 38, 13, 42, 15, 47, 35, 19, 24 ],
\[ 3, 8, 13, 6, 14, 15, 1, 16, 12, 23, 2, 26, 35, 36, 37, 38, 19, 21, 24, 4, 39, 5, 40, 41, 7, 42, 30, 32, 9, 34, 10, 50, 11, 47, 20, 57, 44, 25, 58, 59, 27, 33, 45, 17, 48, 18, 51, 60, 22, 61, 29, 54, 28, 56, 31, 63, 46, 62, 49, 52, 55, 43, 64, 53 ],
\[ 18, 22, 21, 43, 4, 45, 46, 5, 31, 7, 49, 10, 39, 6, 48, 14, 54, 17, 56, 62, 19, 20, 1, 63, 57, 23, 53, 11, 55, 28, 25, 2, 59, 32, 58, 15, 60, 36, 24, 3, 64, 40, 30, 52, 34, 44, 50, 47, 35, 8, 61, 29, 33, 9, 38, 12, 37, 41, 13, 51, 16, 27, 26, 42 ]:
 Order := 64 > |
[ 49, 55, 22, 57, 25, 46, 59, 31, 64, 33, 61, 53, 5, 7, 18, 10, 58, 35, 62, 36, 20, 38, 11, 43, 40, 28, 48, 51, 63, 60, 42, 29, 50, 52, 14, 1, 21, 23, 4, 2, 45, 32, 37, 39, 44, 13, 54, 17, 16, 9, 56, 24, 47, 41, 26, 27, 3, 6, 8, 19, 12, 15, 30, 34 ],
[ 3, 8, 13, 6, 14, 15, 1, 16, 12, 23, 2, 26, 35, 36, 37, 38, 19, 21, 24, 4, 39, 5, 40, 41, 7, 42, 30, 32, 9, 34, 10, 50, 11, 47, 20, 57, 44, 25, 58, 59, 27, 33, 45, 17, 48, 18, 51, 60, 22, 61, 29, 54, 28, 56, 31, 63, 46, 62, 49, 52, 55, 43, 64, 53 ],
[ 14, 23, 36, 21, 3, 39, 5, 40, 32, 8, 10, 50, 57, 13, 58, 59, 45, 6, 48, 18, 15, 1, 16, 60, 22, 61, 54, 12, 28, 56, 2, 26, 31, 63, 46, 35, 62, 49, 37, 38, 52, 55, 19, 43, 24, 4, 64, 41, 7, 42, 53, 30, 9, 34, 11, 47, 20, 44, 25, 27, 33, 17, 51, 29 ]
],
[ PermutationGroup<64 |  
\[ 10, 28, 23, 22, 2, 5, 31, 32, 52, 9, 53, 54, 40, 8, 14, 50, 46, 7, 18, 49, 1, 11, 12, 21, 55, 56, 58, 27, 60, 62, 29, 30, 64, 43, 59, 16, 36, 61, 3, 26, 39, 63, 20, 57, 4, 25, 45, 6, 33, 34, 48, 37, 41, 44, 51, 17, 38, 13, 42, 15, 47, 35, 19, 24 ],
\[ 3, 8, 13, 6, 14, 15, 1, 16, 12, 23, 2, 26, 35, 36, 37, 38, 19, 21, 24, 4, 39, 5, 40, 41, 7, 42, 30, 32, 9, 34, 10, 50, 11, 47, 20, 57, 44, 25, 58, 59, 27, 33, 45, 17, 48, 18, 51, 60, 22, 61, 29, 54, 28, 56, 31, 63, 46, 62, 49, 52, 55, 43, 64, 53 ],
\[ 18, 22, 21, 43, 4, 45, 46, 5, 31, 7, 49, 10, 39, 6, 48, 14, 54, 17, 56, 62, 19, 20, 1, 63, 57, 23, 53, 11, 55, 28, 25, 2, 59, 32, 58, 15, 60, 36, 24, 3, 64, 40, 30, 52, 34, 44, 50, 47, 35, 8, 61, 29, 33, 9, 38, 12, 37, 41, 13, 51, 16, 27, 26, 42 ]:
 Order := 64 > |
[ 36, 40, 57, 39, 13, 58, 14, 59, 50, 16, 23, 61, 46, 35, 62, 49, 48, 15, 60, 21, 37, 3, 38, 52, 5, 55, 56, 26, 32, 63, 8, 42, 10, 64, 18, 20, 43, 22, 44, 25, 54, 31, 24, 45, 41, 6, 53, 27, 1, 33, 28, 34, 12, 47, 2, 51, 4, 17, 7, 30, 11, 19, 29, 9 ],
[ 3, 8, 13, 6, 14, 15, 1, 16, 12, 23, 2, 26, 35, 36, 37, 38, 19, 21, 24, 4, 39, 5, 40, 41, 7, 42, 30, 32, 9, 34, 10, 50, 11, 47, 20, 57, 44, 25, 58, 59, 27, 33, 45, 17, 48, 18, 51, 60, 22, 61, 29, 54, 28, 56, 31, 63, 46, 62, 49, 52, 55, 43, 64, 53 ],
[ 59, 61, 49, 36, 38, 57, 40, 55, 63, 42, 50, 64, 22, 25, 46, 31, 39, 13, 58, 14, 35, 16, 33, 62, 23, 53, 45, 47, 56, 48, 26, 51, 32, 60, 5, 7, 18, 10, 20, 11, 43, 28, 15, 21, 37, 3, 52, 44, 8, 29, 54, 19, 34, 24, 12, 41, 1, 4, 2, 17, 9, 6, 27, 30 ]
],
[ PermutationGroup<64 |  
\[ 10, 28, 23, 22, 2, 5, 31, 32, 52, 9, 53, 54, 40, 8, 14, 50, 46, 7, 18, 49, 1, 11, 12, 21, 55, 56, 58, 27, 60, 62, 29, 30, 64, 43, 59, 16, 36, 61, 3, 26, 39, 63, 20, 57, 4, 25, 45, 6, 33, 34, 48, 37, 41, 44, 51, 17, 38, 13, 42, 15, 47, 35, 19, 24 ],
\[ 3, 8, 13, 6, 14, 15, 1, 16, 12, 23, 2, 26, 35, 36, 37, 38, 19, 21, 24, 4, 39, 5, 40, 41, 7, 42, 30, 32, 9, 34, 10, 50, 11, 47, 20, 57, 44, 25, 58, 59, 27, 33, 45, 17, 48, 18, 51, 60, 22, 61, 29, 54, 28, 56, 31, 63, 46, 62, 49, 52, 55, 43, 64, 53 ],
\[ 18, 22, 21, 43, 4, 45, 46, 5, 31, 7, 49, 10, 39, 6, 48, 14, 54, 17, 56, 62, 19, 20, 1, 63, 57, 23, 53, 11, 55, 28, 25, 2, 59, 32, 58, 15, 60, 36, 24, 3, 64, 40, 30, 52, 34, 44, 50, 47, 35, 8, 61, 29, 33, 9, 38, 12, 37, 41, 13, 51, 16, 27, 26, 42 ]:
 Order := 64 > |
[ 21, 5, 39, 45, 6, 48, 18, 14, 10, 1, 22, 23, 58, 15, 60, 36, 56, 19, 63, 43, 24, 4, 3, 64, 46, 40, 28, 2, 31, 32, 7, 8, 49, 50, 62, 37, 52, 57, 41, 13, 53, 59, 34, 54, 47, 17, 61, 51, 20, 16, 55, 9, 11, 12, 25, 26, 44, 27, 35, 29, 38, 30, 42, 33 ],
[ 3, 8, 13, 6, 14, 15, 1, 16, 12, 23, 2, 26, 35, 36, 37, 38, 19, 21, 24, 4, 39, 5, 40, 41, 7, 42, 30, 32, 9, 34, 10, 50, 11, 47, 20, 57, 44, 25, 58, 59, 27, 33, 45, 17, 48, 18, 51, 60, 22, 61, 29, 54, 28, 56, 31, 63, 46, 62, 49, 52, 55, 43, 64, 53 ],
[ 31, 53, 10, 49, 11, 22, 55, 28, 60, 29, 64, 52, 23, 2, 5, 32, 57, 25, 46, 59, 7, 33, 9, 18, 61, 54, 39, 41, 48, 58, 51, 27, 63, 62, 40, 8, 14, 50, 1, 12, 21, 56, 35, 36, 20, 38, 43, 4, 42, 30, 45, 15, 24, 37, 47, 44, 16, 3, 26, 6, 34, 13, 17, 19 ]
],
[ PermutationGroup<64 |  
\[ 10, 28, 23, 22, 2, 5, 31, 32, 52, 9, 53, 54, 40, 8, 14, 50, 46, 7, 18, 49, 1, 11, 12, 21, 55, 56, 58, 27, 60, 62, 29, 30, 64, 43, 59, 16, 36, 61, 3, 26, 39, 63, 20, 57, 4, 25, 45, 6, 33, 34, 48, 37, 41, 44, 51, 17, 38, 13, 42, 15, 47, 35, 19, 24 ],
\[ 3, 8, 13, 6, 14, 15, 1, 16, 12, 23, 2, 26, 35, 36, 37, 38, 19, 21, 24, 4, 39, 5, 40, 41, 7, 42, 30, 32, 9, 34, 10, 50, 11, 47, 20, 57, 44, 25, 58, 59, 27, 33, 45, 17, 48, 18, 51, 60, 22, 61, 29, 54, 28, 56, 31, 63, 46, 62, 49, 52, 55, 43, 64, 53 ],
\[ 18, 22, 21, 43, 4, 45, 46, 5, 31, 7, 49, 10, 39, 6, 48, 14, 54, 17, 56, 62, 19, 20, 1, 63, 57, 23, 53, 11, 55, 28, 25, 2, 59, 32, 58, 15, 60, 36, 24, 3, 64, 40, 30, 52, 34, 44, 50, 47, 35, 8, 61, 29, 33, 9, 38, 12, 37, 41, 13, 51, 16, 27, 26, 42 ]:
 Order := 64 > |
[ 43, 46, 45, 54, 17, 56, 62, 18, 49, 20, 57, 22, 48, 19, 63, 21, 28, 30, 32, 52, 34, 44, 4, 50, 58, 5, 55, 25, 59, 31, 35, 7, 36, 10, 60, 24, 64, 39, 47, 6, 61, 14, 9, 53, 12, 27, 23, 26, 37, 1, 40, 33, 38, 11, 13, 2, 41, 51, 15, 42, 3, 29, 8, 16 ],
[ 3, 8, 13, 6, 14, 15, 1, 16, 12, 23, 2, 26, 35, 36, 37, 38, 19, 21, 24, 4, 39, 5, 40, 41, 7, 42, 30, 32, 9, 34, 10, 50, 11, 47, 20, 57, 44, 25, 58, 59, 27, 33, 45, 17, 48, 18, 51, 60, 22, 61, 29, 54, 28, 56, 31, 63, 46, 62, 49, 52, 55, 43, 64, 53 ],
[ 32, 54, 50, 10, 12, 23, 28, 56, 62, 30, 52, 43, 61, 26, 40, 63, 22, 2, 5, 31, 8, 9, 34, 14, 53, 45, 57, 44, 58, 46, 27, 17, 60, 18, 55, 42, 59, 64, 16, 47, 36, 48, 7, 49, 1, 11, 21, 3, 29, 19, 39, 35, 37, 20, 41, 4, 33, 38, 51, 13, 24, 25, 6, 15 ]
]
];
s`SolvableDBPointedPassport := [ PowerSequence(PermutationGroup<64 |  
\[ 10, 28, 23, 22, 2, 5, 31, 32, 52, 9, 53, 54, 40, 8, 14, 50, 46, 7, 18, 49, 1, 11, 12, 21, 55, 56, 58, 27, 60, 62, 29, 30, 64, 43, 59, 16, 36, 61, 3, 26, 39, 63, 20, 57, 4, 25, 45, 6, 33, 34, 48, 37, 41, 44, 51, 17, 38, 13, 42, 15, 47, 35, 19, 24 ],
\[ 3, 8, 13, 6, 14, 15, 1, 16, 12, 23, 2, 26, 35, 36, 37, 38, 19, 21, 24, 4, 39, 5, 40, 41, 7, 42, 30, 32, 9, 34, 10, 50, 11, 47, 20, 57, 44, 25, 58, 59, 27, 33, 45, 17, 48, 18, 51, 60, 22, 61, 29, 54, 28, 56, 31, 63, 46, 62, 49, 52, 55, 43, 64, 53 ],
\[ 18, 22, 21, 43, 4, 45, 46, 5, 31, 7, 49, 10, 39, 6, 48, 14, 54, 17, 56, 62, 19, 20, 1, 63, 57, 23, 53, 11, 55, 28, 25, 2, 59, 32, 58, 15, 60, 36, 24, 3, 64, 40, 30, 52, 34, 44, 50, 47, 35, 8, 61, 29, 33, 9, 38, 12, 37, 41, 13, 51, 16, 27, 26, 42 ]:
 Order := 64 >) |
[ PermutationGroup<64 |  
\[ 10, 28, 23, 22, 2, 5, 31, 32, 52, 9, 53, 54, 40, 8, 14, 50, 46, 7, 18, 49, 1, 11, 12, 21, 55, 56, 58, 27, 60, 62, 29, 30, 64, 43, 59, 16, 36, 61, 3, 26, 39, 63, 20, 57, 4, 25, 45, 6, 33, 34, 48, 37, 41, 44, 51, 17, 38, 13, 42, 15, 47, 35, 19, 24 ],
\[ 3, 8, 13, 6, 14, 15, 1, 16, 12, 23, 2, 26, 35, 36, 37, 38, 19, 21, 24, 4, 39, 5, 40, 41, 7, 42, 30, 32, 9, 34, 10, 50, 11, 47, 20, 57, 44, 25, 58, 59, 27, 33, 45, 17, 48, 18, 51, 60, 22, 61, 29, 54, 28, 56, 31, 63, 46, 62, 49, 52, 55, 43, 64, 53 ],
\[ 18, 22, 21, 43, 4, 45, 46, 5, 31, 7, 49, 10, 39, 6, 48, 14, 54, 17, 56, 62, 19, 20, 1, 63, 57, 23, 53, 11, 55, 28, 25, 2, 59, 32, 58, 15, 60, 36, 24, 3, 64, 40, 30, 52, 34, 44, 50, 47, 35, 8, 61, 29, 33, 9, 38, 12, 37, 41, 13, 51, 16, 27, 26, 42 ]:
 Order := 64 > |
[ 3, 8, 13, 6, 14, 15, 1, 16, 12, 23, 2, 26, 35, 36, 37, 38, 19, 21, 24, 4, 39, 5, 40, 41, 7, 42, 30, 32, 9, 34, 10, 50, 11, 47, 20, 57, 44, 25, 58, 59, 27, 33, 45, 17, 48, 18, 51, 60, 22, 61, 29, 54, 28, 56, 31, 63, 46, 62, 49, 52, 55, 43, 64, 53 ],
[ 14, 23, 36, 21, 3, 39, 5, 40, 32, 8, 10, 50, 57, 13, 58, 59, 45, 6, 48, 18, 15, 1, 16, 60, 22, 61, 54, 12, 28, 56, 2, 26, 31, 63, 46, 35, 62, 49, 37, 38, 52, 55, 19, 43, 24, 4, 64, 41, 7, 42, 53, 30, 9, 34, 11, 47, 20, 44, 25, 27, 33, 17, 51, 29 ],
[ 49, 55, 22, 57, 25, 46, 59, 31, 64, 33, 61, 53, 5, 7, 18, 10, 58, 35, 62, 36, 20, 38, 11, 43, 40, 28, 48, 51, 63, 60, 42, 29, 50, 52, 14, 1, 21, 23, 4, 2, 45, 32, 37, 39, 44, 13, 54, 17, 16, 9, 56, 24, 47, 41, 26, 27, 3, 6, 8, 19, 12, 15, 30, 34 ]
],
[ PermutationGroup<64 |  
\[ 10, 28, 23, 22, 2, 5, 31, 32, 52, 9, 53, 54, 40, 8, 14, 50, 46, 7, 18, 49, 1, 11, 12, 21, 55, 56, 58, 27, 60, 62, 29, 30, 64, 43, 59, 16, 36, 61, 3, 26, 39, 63, 20, 57, 4, 25, 45, 6, 33, 34, 48, 37, 41, 44, 51, 17, 38, 13, 42, 15, 47, 35, 19, 24 ],
\[ 3, 8, 13, 6, 14, 15, 1, 16, 12, 23, 2, 26, 35, 36, 37, 38, 19, 21, 24, 4, 39, 5, 40, 41, 7, 42, 30, 32, 9, 34, 10, 50, 11, 47, 20, 57, 44, 25, 58, 59, 27, 33, 45, 17, 48, 18, 51, 60, 22, 61, 29, 54, 28, 56, 31, 63, 46, 62, 49, 52, 55, 43, 64, 53 ],
\[ 18, 22, 21, 43, 4, 45, 46, 5, 31, 7, 49, 10, 39, 6, 48, 14, 54, 17, 56, 62, 19, 20, 1, 63, 57, 23, 53, 11, 55, 28, 25, 2, 59, 32, 58, 15, 60, 36, 24, 3, 64, 40, 30, 52, 34, 44, 50, 47, 35, 8, 61, 29, 33, 9, 38, 12, 37, 41, 13, 51, 16, 27, 26, 42 ]:
 Order := 64 > |
[ 3, 8, 13, 6, 14, 15, 1, 16, 12, 23, 2, 26, 35, 36, 37, 38, 19, 21, 24, 4, 39, 5, 40, 41, 7, 42, 30, 32, 9, 34, 10, 50, 11, 47, 20, 57, 44, 25, 58, 59, 27, 33, 45, 17, 48, 18, 51, 60, 22, 61, 29, 54, 28, 56, 31, 63, 46, 62, 49, 52, 55, 43, 64, 53 ],
[ 60, 39, 52, 64, 41, 53, 48, 58, 14, 15, 21, 36, 54, 27, 28, 62, 61, 51, 55, 63, 29, 24, 37, 31, 45, 57, 23, 3, 5, 40, 6, 13, 18, 59, 56, 30, 32, 43, 9, 44, 10, 46, 42, 50, 33, 47, 49, 11, 19, 35, 22, 8, 1, 16, 4, 38, 34, 12, 17, 2, 20, 26, 25, 7 ],
[ 64, 48, 53, 61, 51, 55, 63, 60, 21, 24, 45, 39, 28, 29, 31, 52, 40, 42, 59, 50, 33, 47, 41, 49, 56, 58, 5, 6, 18, 14, 19, 15, 43, 36, 32, 9, 10, 54, 11, 27, 22, 62, 16, 23, 38, 26, 57, 25, 34, 37, 46, 1, 4, 3, 17, 13, 12, 2, 30, 7, 44, 8, 35, 20 ]
],
[ PermutationGroup<64 |  
\[ 10, 28, 23, 22, 2, 5, 31, 32, 52, 9, 53, 54, 40, 8, 14, 50, 46, 7, 18, 49, 1, 11, 12, 21, 55, 56, 58, 27, 60, 62, 29, 30, 64, 43, 59, 16, 36, 61, 3, 26, 39, 63, 20, 57, 4, 25, 45, 6, 33, 34, 48, 37, 41, 44, 51, 17, 38, 13, 42, 15, 47, 35, 19, 24 ],
\[ 3, 8, 13, 6, 14, 15, 1, 16, 12, 23, 2, 26, 35, 36, 37, 38, 19, 21, 24, 4, 39, 5, 40, 41, 7, 42, 30, 32, 9, 34, 10, 50, 11, 47, 20, 57, 44, 25, 58, 59, 27, 33, 45, 17, 48, 18, 51, 60, 22, 61, 29, 54, 28, 56, 31, 63, 46, 62, 49, 52, 55, 43, 64, 53 ],
\[ 18, 22, 21, 43, 4, 45, 46, 5, 31, 7, 49, 10, 39, 6, 48, 14, 54, 17, 56, 62, 19, 20, 1, 63, 57, 23, 53, 11, 55, 28, 25, 2, 59, 32, 58, 15, 60, 36, 24, 3, 64, 40, 30, 52, 34, 44, 50, 47, 35, 8, 61, 29, 33, 9, 38, 12, 37, 41, 13, 51, 16, 27, 26, 42 ]:
 Order := 64 > |
[ 3, 8, 13, 6, 14, 15, 1, 16, 12, 23, 2, 26, 35, 36, 37, 38, 19, 21, 24, 4, 39, 5, 40, 41, 7, 42, 30, 32, 9, 34, 10, 50, 11, 47, 20, 57, 44, 25, 58, 59, 27, 33, 45, 17, 48, 18, 51, 60, 22, 61, 29, 54, 28, 56, 31, 63, 46, 62, 49, 52, 55, 43, 64, 53 ],
[ 31, 53, 10, 49, 11, 22, 55, 28, 60, 29, 64, 52, 23, 2, 5, 32, 57, 25, 46, 59, 7, 33, 9, 18, 61, 54, 39, 41, 48, 58, 51, 27, 63, 62, 40, 8, 14, 50, 1, 12, 21, 56, 35, 36, 20, 38, 43, 4, 42, 30, 45, 15, 24, 37, 47, 44, 16, 3, 26, 6, 34, 13, 17, 19 ],
[ 21, 5, 39, 45, 6, 48, 18, 14, 10, 1, 22, 23, 58, 15, 60, 36, 56, 19, 63, 43, 24, 4, 3, 64, 46, 40, 28, 2, 31, 32, 7, 8, 49, 50, 62, 37, 52, 57, 41, 13, 53, 59, 34, 54, 47, 17, 61, 51, 20, 16, 55, 9, 11, 12, 25, 26, 44, 27, 35, 29, 38, 30, 42, 33 ]
],
[ PermutationGroup<64 |  
\[ 10, 28, 23, 22, 2, 5, 31, 32, 52, 9, 53, 54, 40, 8, 14, 50, 46, 7, 18, 49, 1, 11, 12, 21, 55, 56, 58, 27, 60, 62, 29, 30, 64, 43, 59, 16, 36, 61, 3, 26, 39, 63, 20, 57, 4, 25, 45, 6, 33, 34, 48, 37, 41, 44, 51, 17, 38, 13, 42, 15, 47, 35, 19, 24 ],
\[ 3, 8, 13, 6, 14, 15, 1, 16, 12, 23, 2, 26, 35, 36, 37, 38, 19, 21, 24, 4, 39, 5, 40, 41, 7, 42, 30, 32, 9, 34, 10, 50, 11, 47, 20, 57, 44, 25, 58, 59, 27, 33, 45, 17, 48, 18, 51, 60, 22, 61, 29, 54, 28, 56, 31, 63, 46, 62, 49, 52, 55, 43, 64, 53 ],
\[ 18, 22, 21, 43, 4, 45, 46, 5, 31, 7, 49, 10, 39, 6, 48, 14, 54, 17, 56, 62, 19, 20, 1, 63, 57, 23, 53, 11, 55, 28, 25, 2, 59, 32, 58, 15, 60, 36, 24, 3, 64, 40, 30, 52, 34, 44, 50, 47, 35, 8, 61, 29, 33, 9, 38, 12, 37, 41, 13, 51, 16, 27, 26, 42 ]:
 Order := 64 > |
[ 3, 8, 13, 6, 14, 15, 1, 16, 12, 23, 2, 26, 35, 36, 37, 38, 19, 21, 24, 4, 39, 5, 40, 41, 7, 42, 30, 32, 9, 34, 10, 50, 11, 47, 20, 57, 44, 25, 58, 59, 27, 33, 45, 17, 48, 18, 51, 60, 22, 61, 29, 54, 28, 56, 31, 63, 46, 62, 49, 52, 55, 43, 64, 53 ],
[ 18, 22, 21, 43, 4, 45, 46, 5, 31, 7, 49, 10, 39, 6, 48, 14, 54, 17, 56, 62, 19, 20, 1, 63, 57, 23, 53, 11, 55, 28, 25, 2, 59, 32, 58, 15, 60, 36, 24, 3, 64, 40, 30, 52, 34, 44, 50, 47, 35, 8, 61, 29, 33, 9, 38, 12, 37, 41, 13, 51, 16, 27, 26, 42 ],
[ 10, 28, 23, 22, 2, 5, 31, 32, 52, 9, 53, 54, 40, 8, 14, 50, 46, 7, 18, 49, 1, 11, 12, 21, 55, 56, 58, 27, 60, 62, 29, 30, 64, 43, 59, 16, 36, 61, 3, 26, 39, 63, 20, 57, 4, 25, 45, 6, 33, 34, 48, 37, 41, 44, 51, 17, 38, 13, 42, 15, 47, 35, 19, 24 ]
]
];
s`SolvableDBMonodromyGroup := PermutationGroup<64 |  
\[ 10, 28, 23, 22, 2, 5, 31, 32, 52, 9, 53, 54, 40, 8, 14, 50, 46, 7, 18, 49, 1, 11, 12, 21, 55, 56, 58, 27, 60, 62, 29, 30, 64, 43, 59, 16, 36, 61, 3, 26, 39, 63, 20, 57, 4, 25, 45, 6, 33, 34, 48, 37, 41, 44, 51, 17, 38, 13, 42, 15, 47, 35, 19, 24 ],
\[ 3, 8, 13, 6, 14, 15, 1, 16, 12, 23, 2, 26, 35, 36, 37, 38, 19, 21, 24, 4, 39, 5, 40, 41, 7, 42, 30, 32, 9, 34, 10, 50, 11, 47, 20, 57, 44, 25, 58, 59, 27, 33, 45, 17, 48, 18, 51, 60, 22, 61, 29, 54, 28, 56, 31, 63, 46, 62, 49, 52, 55, 43, 64, 53 ],
\[ 18, 22, 21, 43, 4, 45, 46, 5, 31, 7, 49, 10, 39, 6, 48, 14, 54, 17, 56, 62, 19, 20, 1, 63, 57, 23, 53, 11, 55, 28, 25, 2, 59, 32, 58, 15, 60, 36, 24, 3, 64, 40, 30, 52, 34, 44, 50, 47, 35, 8, 61, 29, 33, 9, 38, 12, 37, 41, 13, 51, 16, 27, 26, 42 ] >;
s`SolvableDBAutomorphismGroup := PermutationGroup<64 |  
\[ 51, 24, 29, 42, 64, 33, 47, 41, 6, 48, 19, 15, 9, 53, 11, 27, 16, 61, 38, 26, 55, 63, 60, 25, 34, 37, 1, 21, 4, 3, 45, 39, 17, 13, 12, 28, 2, 30, 31, 52, 7, 44, 40, 8, 59, 50, 35, 49, 56, 58, 20, 5, 18, 14, 43, 36, 32, 10, 54, 22, 62, 23, 57, 46 ],
\[ 47, 19, 51, 26, 63, 42, 34, 24, 4, 45, 17, 6, 29, 64, 33, 41, 8, 50, 16, 12, 61, 56, 48, 38, 30, 15, 7, 18, 20, 1, 43, 21, 44, 3, 9, 53, 11, 27, 55, 60, 25, 37, 23, 2, 40, 32, 13, 59, 54, 39, 35, 22, 46, 5, 62, 14, 28, 31, 52, 49, 58, 10, 36, 57 ],
\[ 64, 48, 53, 61, 51, 55, 63, 60, 21, 24, 45, 39, 28, 29, 31, 52, 40, 42, 59, 50, 33, 47, 41, 49, 56, 58, 5, 6, 18, 14, 19, 15, 43, 36, 32, 9, 10, 54, 11, 27, 22, 62, 16, 23, 38, 26, 57, 25, 34, 37, 46, 1, 4, 3, 17, 13, 12, 2, 30, 7, 44, 8, 35, 20 ]:
 Order := 64 >;
s`SolvableDBPointedAutomorphismGroup := PermutationGroup<64 |  
\[ 52, 58, 54, 53, 27, 28, 60, 62, 36, 37, 39, 57, 56, 30, 32, 43, 55, 29, 31, 64, 9, 41, 44, 10, 48, 46, 40, 13, 14, 59, 15, 35, 21, 49, 63, 34, 50, 45, 12, 17, 23, 18, 33, 61, 11, 51, 22, 2, 24, 20, 5, 16, 3, 38, 6, 25, 47, 26, 19, 8, 4, 42, 7, 1 ]:
 Order := 16 >;

/*
Top Level Belyi Curve/Map
*/


/*
Graph Data
*/

s`SolvableDBPathToPP1 := [ Strings() | "PP1", "2T1-1,2,2-g0-path1", "4T1-2,4,4-g1-path1", "8T1-4,8,8-g3-path1", "16T1-8,16,16-g7-path2", "32S1-16,32,32-g15-path4", "64S50-16,32,32-g29-path8" ];
s`SolvableDBChildren := [ Strings() | "32S1-16,32,32-g15-path4" ];

/*
Return for eval
*/

return s;
