s := SolvableDBInitialize();

/*
Magma printing
*/

s`SolvableDBName := "64S50-16,32,32-g29-path7-notcomputed";
s`SolvableDBFilename := "64S50-16,32,32-g29-path7-notcomputed.m";
s`SolvableDBPassportName := "64S50-16,32,32-g29";
s`SolvableDBPathNumber := 7;
s`SolvableDBDegree := 64;
s`SolvableDBOrders := \[ 16, 32, 32 ];
s`SolvableDBType := "Hyperbolic";
s`SolvableDBGenus := 29;
s`SolvableDBGaloisOrbitSize := 1;
s`SolvableDBPassportSize := 4;
s`SolvableDBPointedPassportSize := 4;
s`SolvableDBLevel := 6;
s`SolvableDBBlocks := {@ PowerSet(IntegerRing()) |
{ IntegerRing() | 1, 5 },
{ IntegerRing() | 2, 10 },
{ IntegerRing() | 3, 12 },
{ IntegerRing() | 4, 14 },
{ IntegerRing() | 6, 17 },
{ IntegerRing() | 7, 18 },
{ IntegerRing() | 8, 19 },
{ IntegerRing() | 9, 21 },
{ IntegerRing() | 11, 23 },
{ IntegerRing() | 13, 26 },
{ IntegerRing() | 15, 29 },
{ IntegerRing() | 16, 30 },
{ IntegerRing() | 20, 31 },
{ IntegerRing() | 22, 33 },
{ IntegerRing() | 24, 35 },
{ IntegerRing() | 25, 38 },
{ IntegerRing() | 27, 41 },
{ IntegerRing() | 28, 42 },
{ IntegerRing() | 32, 43 },
{ IntegerRing() | 34, 45 },
{ IntegerRing() | 36, 47 },
{ IntegerRing() | 37, 50 },
{ IntegerRing() | 39, 53 },
{ IntegerRing() | 40, 54 },
{ IntegerRing() | 44, 55 },
{ IntegerRing() | 46, 57 },
{ IntegerRing() | 48, 59 },
{ IntegerRing() | 49, 60 },
{ IntegerRing() | 51, 61 },
{ IntegerRing() | 52, 62 },
{ IntegerRing() | 56, 63 },
{ IntegerRing() | 58, 64 }
@};
s`SolvableDBIsRamifiedAtEveryLevel := false;
s`SolvableDBGaloisOrbit := [ PowerSequence(PermutationGroup<64 |  
\[ 2, 3, 4, 5, 6, 7, 8, 9, 10, 11, 12, 13, 14, 15, 16, 17, 18, 19, 20, 21, 22, 23, 24, 25, 26, 27, 28, 29, 30, 31, 32, 33, 34, 35, 36, 37, 38, 39, 40, 41, 42, 43, 44, 45, 46, 47, 48, 49, 50, 51, 52, 53, 54, 55, 56, 57, 58, 59, 60, 61, 62, 63, 64, 1 ],
\[ 2, 1, 3, 4, 5, 6, 7, 8, 9, 10, 11, 12, 13, 14, 15, 16, 17, 18, 19, 20, 21, 22, 23, 24, 25, 26, 27, 28, 29, 30, 31, 32, 33, 34, 35, 36, 37, 38, 39, 40, 41, 42, 43, 44, 45, 46, 47, 48, 49, 50, 51, 52, 53, 54, 55, 56, 57, 58, 59, 60, 61, 62, 63, 64 ]:
 Order := 126886932185884164103433389335161480802865516174545192198801894375214704230400000000000000 >) |
[ PermutationGroup<64 |  
\[ 2, 3, 4, 5, 6, 7, 8, 9, 10, 11, 12, 13, 14, 15, 16, 17, 18, 19, 20, 21, 22, 23, 24, 25, 26, 27, 28, 29, 30, 31, 32, 33, 34, 35, 36, 37, 38, 39, 40, 41, 42, 43, 44, 45, 46, 47, 48, 49, 50, 51, 52, 53, 54, 55, 56, 57, 58, 59, 60, 61, 62, 63, 64, 1 ],
\[ 2, 1, 3, 4, 5, 6, 7, 8, 9, 10, 11, 12, 13, 14, 15, 16, 17, 18, 19, 20, 21, 22, 23, 24, 25, 26, 27, 28, 29, 30, 31, 32, 33, 34, 35, 36, 37, 38, 39, 40, 41, 42, 43, 44, 45, 46, 47, 48, 49, 50, 51, 52, 53, 54, 55, 56, 57, 58, 59, 60, 61, 62, 63, 64 ]:
 Order := 126886932185884164103433389335161480802865516174545192198801894375214704230400000000000000 > |
[ 10, 21, 19, 18, 2, 5, 12, 23, 31, 9, 33, 8, 30, 7, 14, 17, 1, 3, 11, 35, 20, 43, 22, 45, 42, 16, 26, 29, 4, 6, 24, 47, 32, 55, 34, 57, 54, 28, 38, 41, 13, 15, 36, 59, 44, 63, 46, 64, 62, 40, 50, 53, 25, 27, 48, 60, 56, 61, 58, 52, 37, 39, 49, 51 ],
[ 3, 8, 2, 6, 12, 7, 1, 9, 11, 19, 20, 10, 15, 17, 16, 4, 18, 5, 21, 22, 23, 24, 31, 32, 27, 29, 28, 13, 30, 14, 33, 34, 35, 36, 43, 44, 39, 41, 40, 25, 42, 26, 45, 46, 47, 48, 55, 56, 51, 53, 52, 37, 54, 38, 57, 58, 59, 49, 63, 61, 62, 50, 64, 60 ],
[ 14, 18, 17, 26, 4, 29, 30, 5, 12, 7, 10, 6, 38, 13, 41, 42, 15, 16, 1, 19, 3, 21, 2, 23, 50, 25, 53, 54, 27, 28, 8, 31, 9, 33, 11, 35, 60, 37, 61, 62, 39, 40, 20, 43, 22, 45, 24, 47, 59, 49, 63, 64, 51, 52, 32, 55, 34, 57, 36, 48, 56, 58, 44, 46 ]
]
];
s`SolvableDBPassport := [ PowerSequence(PermutationGroup<64 |  
\[ 10, 21, 19, 18, 2, 5, 12, 23, 31, 9, 33, 8, 30, 7, 14, 17, 1, 3, 11, 35, 20, 43, 22, 45, 42, 16, 26, 29, 4, 6, 24, 47, 32, 55, 34, 57, 54, 28, 38, 41, 13, 15, 36, 59, 44, 63, 46, 64, 62, 40, 50, 53, 25, 27, 48, 60, 56, 61, 58, 52, 37, 39, 49, 51 ],
\[ 3, 8, 2, 6, 12, 7, 1, 9, 11, 19, 20, 10, 15, 17, 16, 4, 18, 5, 21, 22, 23, 24, 31, 32, 27, 29, 28, 13, 30, 14, 33, 34, 35, 36, 43, 44, 39, 41, 40, 25, 42, 26, 45, 46, 47, 48, 55, 56, 51, 53, 52, 37, 54, 38, 57, 58, 59, 49, 63, 61, 62, 50, 64, 60 ],
\[ 14, 18, 17, 26, 4, 29, 30, 5, 12, 7, 10, 6, 38, 13, 41, 42, 15, 16, 1, 19, 3, 21, 2, 23, 50, 25, 53, 54, 27, 28, 8, 31, 9, 33, 11, 35, 60, 37, 61, 62, 39, 40, 20, 43, 22, 45, 24, 47, 59, 49, 63, 64, 51, 52, 32, 55, 34, 57, 36, 48, 56, 58, 44, 46 ]:
 Order := 64 >) |
[ PermutationGroup<64 |  
\[ 10, 21, 19, 18, 2, 5, 12, 23, 31, 9, 33, 8, 30, 7, 14, 17, 1, 3, 11, 35, 20, 43, 22, 45, 42, 16, 26, 29, 4, 6, 24, 47, 32, 55, 34, 57, 54, 28, 38, 41, 13, 15, 36, 59, 44, 63, 46, 64, 62, 40, 50, 53, 25, 27, 48, 60, 56, 61, 58, 52, 37, 39, 49, 51 ],
\[ 3, 8, 2, 6, 12, 7, 1, 9, 11, 19, 20, 10, 15, 17, 16, 4, 18, 5, 21, 22, 23, 24, 31, 32, 27, 29, 28, 13, 30, 14, 33, 34, 35, 36, 43, 44, 39, 41, 40, 25, 42, 26, 45, 46, 47, 48, 55, 56, 51, 53, 52, 37, 54, 38, 57, 58, 59, 49, 63, 61, 62, 50, 64, 60 ],
\[ 14, 18, 17, 26, 4, 29, 30, 5, 12, 7, 10, 6, 38, 13, 41, 42, 15, 16, 1, 19, 3, 21, 2, 23, 50, 25, 53, 54, 27, 28, 8, 31, 9, 33, 11, 35, 60, 37, 61, 62, 39, 40, 20, 43, 22, 45, 24, 47, 59, 49, 63, 64, 51, 52, 32, 55, 34, 57, 36, 48, 56, 58, 44, 46 ]:
 Order := 64 > |
[ 17, 5, 18, 29, 6, 30, 14, 12, 10, 1, 19, 7, 41, 15, 42, 26, 16, 4, 3, 21, 2, 23, 8, 31, 53, 27, 54, 38, 28, 13, 9, 33, 11, 35, 20, 43, 61, 39, 62, 50, 40, 25, 22, 45, 24, 47, 32, 55, 63, 51, 64, 60, 52, 37, 34, 57, 36, 59, 44, 56, 58, 49, 46, 48 ],
[ 3, 8, 2, 6, 12, 7, 1, 9, 11, 19, 20, 10, 15, 17, 16, 4, 18, 5, 21, 22, 23, 24, 31, 32, 27, 29, 28, 13, 30, 14, 33, 34, 35, 36, 43, 44, 39, 41, 40, 25, 42, 26, 45, 46, 47, 48, 55, 56, 51, 53, 52, 37, 54, 38, 57, 58, 59, 49, 63, 61, 62, 50, 64, 60 ],
[ 12, 19, 10, 17, 3, 18, 5, 21, 23, 8, 31, 2, 29, 6, 30, 14, 7, 1, 9, 33, 11, 35, 20, 43, 41, 15, 42, 26, 16, 4, 22, 45, 24, 47, 32, 55, 53, 27, 54, 38, 28, 13, 34, 57, 36, 59, 44, 63, 61, 39, 62, 50, 40, 25, 46, 64, 48, 60, 56, 51, 52, 37, 58, 49 ]
],
[ PermutationGroup<64 |  
\[ 10, 21, 19, 18, 2, 5, 12, 23, 31, 9, 33, 8, 30, 7, 14, 17, 1, 3, 11, 35, 20, 43, 22, 45, 42, 16, 26, 29, 4, 6, 24, 47, 32, 55, 34, 57, 54, 28, 38, 41, 13, 15, 36, 59, 44, 63, 46, 64, 62, 40, 50, 53, 25, 27, 48, 60, 56, 61, 58, 52, 37, 39, 49, 51 ],
\[ 3, 8, 2, 6, 12, 7, 1, 9, 11, 19, 20, 10, 15, 17, 16, 4, 18, 5, 21, 22, 23, 24, 31, 32, 27, 29, 28, 13, 30, 14, 33, 34, 35, 36, 43, 44, 39, 41, 40, 25, 42, 26, 45, 46, 47, 48, 55, 56, 51, 53, 52, 37, 54, 38, 57, 58, 59, 49, 63, 61, 62, 50, 64, 60 ],
\[ 14, 18, 17, 26, 4, 29, 30, 5, 12, 7, 10, 6, 38, 13, 41, 42, 15, 16, 1, 19, 3, 21, 2, 23, 50, 25, 53, 54, 27, 28, 8, 31, 9, 33, 11, 35, 60, 37, 61, 62, 39, 40, 20, 43, 22, 45, 24, 47, 59, 49, 63, 64, 51, 52, 32, 55, 34, 57, 36, 48, 56, 58, 44, 46 ]:
 Order := 64 > |
[ 61, 50, 62, 63, 51, 64, 60, 53, 54, 37, 38, 52, 55, 56, 57, 59, 58, 49, 39, 41, 40, 42, 25, 26, 43, 44, 45, 47, 46, 48, 27, 29, 28, 30, 13, 14, 31, 32, 33, 35, 34, 36, 15, 17, 16, 18, 4, 5, 19, 20, 21, 23, 22, 24, 6, 12, 7, 10, 1, 8, 9, 11, 3, 2 ],
[ 3, 8, 2, 6, 12, 7, 1, 9, 11, 19, 20, 10, 15, 17, 16, 4, 18, 5, 21, 22, 23, 24, 31, 32, 27, 29, 28, 13, 30, 14, 33, 34, 35, 36, 43, 44, 39, 41, 40, 25, 42, 26, 45, 46, 47, 48, 55, 56, 51, 53, 52, 37, 54, 38, 57, 58, 59, 49, 63, 61, 62, 50, 64, 60 ],
[ 57, 63, 59, 45, 46, 47, 55, 64, 60, 56, 61, 48, 33, 34, 35, 43, 36, 44, 58, 62, 49, 50, 51, 53, 21, 22, 23, 31, 24, 32, 52, 54, 37, 38, 39, 41, 12, 9, 10, 19, 11, 20, 40, 42, 25, 26, 27, 29, 17, 3, 18, 5, 2, 8, 28, 30, 13, 14, 15, 6, 7, 1, 16, 4 ]
],
[ PermutationGroup<64 |  
\[ 10, 21, 19, 18, 2, 5, 12, 23, 31, 9, 33, 8, 30, 7, 14, 17, 1, 3, 11, 35, 20, 43, 22, 45, 42, 16, 26, 29, 4, 6, 24, 47, 32, 55, 34, 57, 54, 28, 38, 41, 13, 15, 36, 59, 44, 63, 46, 64, 62, 40, 50, 53, 25, 27, 48, 60, 56, 61, 58, 52, 37, 39, 49, 51 ],
\[ 3, 8, 2, 6, 12, 7, 1, 9, 11, 19, 20, 10, 15, 17, 16, 4, 18, 5, 21, 22, 23, 24, 31, 32, 27, 29, 28, 13, 30, 14, 33, 34, 35, 36, 43, 44, 39, 41, 40, 25, 42, 26, 45, 46, 47, 48, 55, 56, 51, 53, 52, 37, 54, 38, 57, 58, 59, 49, 63, 61, 62, 50, 64, 60 ],
\[ 14, 18, 17, 26, 4, 29, 30, 5, 12, 7, 10, 6, 38, 13, 41, 42, 15, 16, 1, 19, 3, 21, 2, 23, 50, 25, 53, 54, 27, 28, 8, 31, 9, 33, 11, 35, 60, 37, 61, 62, 39, 40, 20, 43, 22, 45, 24, 47, 59, 49, 63, 64, 51, 52, 32, 55, 34, 57, 36, 48, 56, 58, 44, 46 ]:
 Order := 64 > |
[ 31, 35, 33, 19, 20, 21, 23, 43, 45, 24, 47, 22, 5, 8, 12, 10, 9, 11, 32, 55, 34, 57, 36, 59, 14, 1, 17, 18, 3, 2, 44, 63, 46, 64, 48, 60, 26, 4, 29, 30, 6, 7, 56, 61, 58, 62, 49, 50, 38, 13, 41, 42, 15, 16, 51, 53, 52, 54, 37, 25, 27, 28, 39, 40 ],
[ 3, 8, 2, 6, 12, 7, 1, 9, 11, 19, 20, 10, 15, 17, 16, 4, 18, 5, 21, 22, 23, 24, 31, 32, 27, 29, 28, 13, 30, 14, 33, 34, 35, 36, 43, 44, 39, 41, 40, 25, 42, 26, 45, 46, 47, 48, 55, 56, 51, 53, 52, 37, 54, 38, 57, 58, 59, 49, 63, 61, 62, 50, 64, 60 ],
[ 42, 29, 26, 54, 28, 38, 41, 30, 14, 15, 17, 13, 62, 40, 50, 53, 25, 27, 16, 18, 4, 5, 6, 12, 64, 52, 60, 61, 37, 39, 7, 10, 1, 19, 3, 21, 57, 58, 59, 63, 49, 51, 2, 23, 8, 31, 9, 33, 45, 46, 47, 55, 48, 56, 11, 35, 20, 43, 22, 34, 36, 44, 24, 32 ]
],
[ PermutationGroup<64 |  
\[ 10, 21, 19, 18, 2, 5, 12, 23, 31, 9, 33, 8, 30, 7, 14, 17, 1, 3, 11, 35, 20, 43, 22, 45, 42, 16, 26, 29, 4, 6, 24, 47, 32, 55, 34, 57, 54, 28, 38, 41, 13, 15, 36, 59, 44, 63, 46, 64, 62, 40, 50, 53, 25, 27, 48, 60, 56, 61, 58, 52, 37, 39, 49, 51 ],
\[ 3, 8, 2, 6, 12, 7, 1, 9, 11, 19, 20, 10, 15, 17, 16, 4, 18, 5, 21, 22, 23, 24, 31, 32, 27, 29, 28, 13, 30, 14, 33, 34, 35, 36, 43, 44, 39, 41, 40, 25, 42, 26, 45, 46, 47, 48, 55, 56, 51, 53, 52, 37, 54, 38, 57, 58, 59, 49, 63, 61, 62, 50, 64, 60 ],
\[ 14, 18, 17, 26, 4, 29, 30, 5, 12, 7, 10, 6, 38, 13, 41, 42, 15, 16, 1, 19, 3, 21, 2, 23, 50, 25, 53, 54, 27, 28, 8, 31, 9, 33, 11, 35, 60, 37, 61, 62, 39, 40, 20, 43, 22, 45, 24, 47, 59, 49, 63, 64, 51, 52, 32, 55, 34, 57, 36, 48, 56, 58, 44, 46 ]:
 Order := 64 > |
[ 26, 30, 29, 38, 13, 41, 42, 14, 17, 16, 18, 15, 50, 25, 53, 54, 27, 28, 4, 5, 6, 12, 7, 10, 60, 37, 61, 62, 39, 40, 1, 19, 3, 21, 2, 23, 59, 49, 63, 64, 51, 52, 8, 31, 9, 33, 11, 35, 47, 48, 55, 57, 56, 58, 20, 43, 22, 45, 24, 36, 44, 46, 32, 34 ],
[ 3, 8, 2, 6, 12, 7, 1, 9, 11, 19, 20, 10, 15, 17, 16, 4, 18, 5, 21, 22, 23, 24, 31, 32, 27, 29, 28, 13, 30, 14, 33, 34, 35, 36, 43, 44, 39, 41, 40, 25, 42, 26, 45, 46, 47, 48, 55, 56, 51, 53, 52, 37, 54, 38, 57, 58, 59, 49, 63, 61, 62, 50, 64, 60 ],
[ 23, 33, 31, 10, 11, 19, 21, 35, 43, 22, 45, 20, 18, 2, 5, 12, 8, 9, 24, 47, 32, 55, 34, 57, 30, 7, 14, 17, 1, 3, 36, 59, 44, 63, 46, 64, 42, 16, 26, 29, 4, 6, 48, 60, 56, 61, 58, 62, 54, 28, 38, 41, 13, 15, 49, 50, 51, 53, 52, 40, 25, 27, 37, 39 ]
]
];
s`SolvableDBPointedPassport := [ PowerSequence(PermutationGroup<64 |  
\[ 2, 3, 4, 5, 6, 7, 8, 9, 10, 11, 12, 13, 14, 15, 16, 17, 18, 19, 20, 21, 22, 23, 24, 25, 26, 27, 28, 29, 30, 31, 32, 33, 34, 35, 36, 37, 38, 39, 40, 41, 42, 43, 44, 45, 46, 47, 48, 49, 50, 51, 52, 53, 54, 55, 56, 57, 58, 59, 60, 61, 62, 63, 64, 1 ],
\[ 2, 1, 3, 4, 5, 6, 7, 8, 9, 10, 11, 12, 13, 14, 15, 16, 17, 18, 19, 20, 21, 22, 23, 24, 25, 26, 27, 28, 29, 30, 31, 32, 33, 34, 35, 36, 37, 38, 39, 40, 41, 42, 43, 44, 45, 46, 47, 48, 49, 50, 51, 52, 53, 54, 55, 56, 57, 58, 59, 60, 61, 62, 63, 64 ]:
 Order := 126886932185884164103433389335161480802865516174545192198801894375214704230400000000000000 >) |
[ PermutationGroup<64 |  
\[ 2, 3, 4, 5, 6, 7, 8, 9, 10, 11, 12, 13, 14, 15, 16, 17, 18, 19, 20, 21, 22, 23, 24, 25, 26, 27, 28, 29, 30, 31, 32, 33, 34, 35, 36, 37, 38, 39, 40, 41, 42, 43, 44, 45, 46, 47, 48, 49, 50, 51, 52, 53, 54, 55, 56, 57, 58, 59, 60, 61, 62, 63, 64, 1 ],
\[ 2, 1, 3, 4, 5, 6, 7, 8, 9, 10, 11, 12, 13, 14, 15, 16, 17, 18, 19, 20, 21, 22, 23, 24, 25, 26, 27, 28, 29, 30, 31, 32, 33, 34, 35, 36, 37, 38, 39, 40, 41, 42, 43, 44, 45, 46, 47, 48, 49, 50, 51, 52, 53, 54, 55, 56, 57, 58, 59, 60, 61, 62, 63, 64 ]:
 Order := 126886932185884164103433389335161480802865516174545192198801894375214704230400000000000000 > |
[ 17, 5, 18, 29, 6, 30, 14, 12, 10, 1, 19, 7, 41, 15, 42, 26, 16, 4, 3, 21, 2, 23, 8, 31, 53, 27, 54, 38, 28, 13, 9, 33, 11, 35, 20, 43, 61, 39, 62, 50, 40, 25, 22, 45, 24, 47, 32, 55, 63, 51, 64, 60, 52, 37, 34, 57, 36, 59, 44, 56, 58, 49, 46, 48 ],
[ 3, 8, 2, 6, 12, 7, 1, 9, 11, 19, 20, 10, 15, 17, 16, 4, 18, 5, 21, 22, 23, 24, 31, 32, 27, 29, 28, 13, 30, 14, 33, 34, 35, 36, 43, 44, 39, 41, 40, 25, 42, 26, 45, 46, 47, 48, 55, 56, 51, 53, 52, 37, 54, 38, 57, 58, 59, 49, 63, 61, 62, 50, 64, 60 ],
[ 12, 19, 10, 17, 3, 18, 5, 21, 23, 8, 31, 2, 29, 6, 30, 14, 7, 1, 9, 33, 11, 35, 20, 43, 41, 15, 42, 26, 16, 4, 22, 45, 24, 47, 32, 55, 53, 27, 54, 38, 28, 13, 34, 57, 36, 59, 44, 63, 61, 39, 62, 50, 40, 25, 46, 64, 48, 60, 56, 51, 52, 37, 58, 49 ]
],
[ PermutationGroup<64 |  
\[ 2, 3, 4, 5, 6, 7, 8, 9, 10, 11, 12, 13, 14, 15, 16, 17, 18, 19, 20, 21, 22, 23, 24, 25, 26, 27, 28, 29, 30, 31, 32, 33, 34, 35, 36, 37, 38, 39, 40, 41, 42, 43, 44, 45, 46, 47, 48, 49, 50, 51, 52, 53, 54, 55, 56, 57, 58, 59, 60, 61, 62, 63, 64, 1 ],
\[ 2, 1, 3, 4, 5, 6, 7, 8, 9, 10, 11, 12, 13, 14, 15, 16, 17, 18, 19, 20, 21, 22, 23, 24, 25, 26, 27, 28, 29, 30, 31, 32, 33, 34, 35, 36, 37, 38, 39, 40, 41, 42, 43, 44, 45, 46, 47, 48, 49, 50, 51, 52, 53, 54, 55, 56, 57, 58, 59, 60, 61, 62, 63, 64 ]:
 Order := 126886932185884164103433389335161480802865516174545192198801894375214704230400000000000000 > |
[ 61, 50, 62, 63, 51, 64, 60, 53, 54, 37, 38, 52, 55, 56, 57, 59, 58, 49, 39, 41, 40, 42, 25, 26, 43, 44, 45, 47, 46, 48, 27, 29, 28, 30, 13, 14, 31, 32, 33, 35, 34, 36, 15, 17, 16, 18, 4, 5, 19, 20, 21, 23, 22, 24, 6, 12, 7, 10, 1, 8, 9, 11, 3, 2 ],
[ 3, 8, 2, 6, 12, 7, 1, 9, 11, 19, 20, 10, 15, 17, 16, 4, 18, 5, 21, 22, 23, 24, 31, 32, 27, 29, 28, 13, 30, 14, 33, 34, 35, 36, 43, 44, 39, 41, 40, 25, 42, 26, 45, 46, 47, 48, 55, 56, 51, 53, 52, 37, 54, 38, 57, 58, 59, 49, 63, 61, 62, 50, 64, 60 ],
[ 57, 63, 59, 45, 46, 47, 55, 64, 60, 56, 61, 48, 33, 34, 35, 43, 36, 44, 58, 62, 49, 50, 51, 53, 21, 22, 23, 31, 24, 32, 52, 54, 37, 38, 39, 41, 12, 9, 10, 19, 11, 20, 40, 42, 25, 26, 27, 29, 17, 3, 18, 5, 2, 8, 28, 30, 13, 14, 15, 6, 7, 1, 16, 4 ]
],
[ PermutationGroup<64 |  
\[ 2, 3, 4, 5, 6, 7, 8, 9, 10, 11, 12, 13, 14, 15, 16, 17, 18, 19, 20, 21, 22, 23, 24, 25, 26, 27, 28, 29, 30, 31, 32, 33, 34, 35, 36, 37, 38, 39, 40, 41, 42, 43, 44, 45, 46, 47, 48, 49, 50, 51, 52, 53, 54, 55, 56, 57, 58, 59, 60, 61, 62, 63, 64, 1 ],
\[ 2, 1, 3, 4, 5, 6, 7, 8, 9, 10, 11, 12, 13, 14, 15, 16, 17, 18, 19, 20, 21, 22, 23, 24, 25, 26, 27, 28, 29, 30, 31, 32, 33, 34, 35, 36, 37, 38, 39, 40, 41, 42, 43, 44, 45, 46, 47, 48, 49, 50, 51, 52, 53, 54, 55, 56, 57, 58, 59, 60, 61, 62, 63, 64 ]:
 Order := 126886932185884164103433389335161480802865516174545192198801894375214704230400000000000000 > |
[ 31, 35, 33, 19, 20, 21, 23, 43, 45, 24, 47, 22, 5, 8, 12, 10, 9, 11, 32, 55, 34, 57, 36, 59, 14, 1, 17, 18, 3, 2, 44, 63, 46, 64, 48, 60, 26, 4, 29, 30, 6, 7, 56, 61, 58, 62, 49, 50, 38, 13, 41, 42, 15, 16, 51, 53, 52, 54, 37, 25, 27, 28, 39, 40 ],
[ 3, 8, 2, 6, 12, 7, 1, 9, 11, 19, 20, 10, 15, 17, 16, 4, 18, 5, 21, 22, 23, 24, 31, 32, 27, 29, 28, 13, 30, 14, 33, 34, 35, 36, 43, 44, 39, 41, 40, 25, 42, 26, 45, 46, 47, 48, 55, 56, 51, 53, 52, 37, 54, 38, 57, 58, 59, 49, 63, 61, 62, 50, 64, 60 ],
[ 42, 29, 26, 54, 28, 38, 41, 30, 14, 15, 17, 13, 62, 40, 50, 53, 25, 27, 16, 18, 4, 5, 6, 12, 64, 52, 60, 61, 37, 39, 7, 10, 1, 19, 3, 21, 57, 58, 59, 63, 49, 51, 2, 23, 8, 31, 9, 33, 45, 46, 47, 55, 48, 56, 11, 35, 20, 43, 22, 34, 36, 44, 24, 32 ]
],
[ PermutationGroup<64 |  
\[ 2, 3, 4, 5, 6, 7, 8, 9, 10, 11, 12, 13, 14, 15, 16, 17, 18, 19, 20, 21, 22, 23, 24, 25, 26, 27, 28, 29, 30, 31, 32, 33, 34, 35, 36, 37, 38, 39, 40, 41, 42, 43, 44, 45, 46, 47, 48, 49, 50, 51, 52, 53, 54, 55, 56, 57, 58, 59, 60, 61, 62, 63, 64, 1 ],
\[ 2, 1, 3, 4, 5, 6, 7, 8, 9, 10, 11, 12, 13, 14, 15, 16, 17, 18, 19, 20, 21, 22, 23, 24, 25, 26, 27, 28, 29, 30, 31, 32, 33, 34, 35, 36, 37, 38, 39, 40, 41, 42, 43, 44, 45, 46, 47, 48, 49, 50, 51, 52, 53, 54, 55, 56, 57, 58, 59, 60, 61, 62, 63, 64 ]:
 Order := 126886932185884164103433389335161480802865516174545192198801894375214704230400000000000000 > |
[ 26, 30, 29, 38, 13, 41, 42, 14, 17, 16, 18, 15, 50, 25, 53, 54, 27, 28, 4, 5, 6, 12, 7, 10, 60, 37, 61, 62, 39, 40, 1, 19, 3, 21, 2, 23, 59, 49, 63, 64, 51, 52, 8, 31, 9, 33, 11, 35, 47, 48, 55, 57, 56, 58, 20, 43, 22, 45, 24, 36, 44, 46, 32, 34 ],
[ 3, 8, 2, 6, 12, 7, 1, 9, 11, 19, 20, 10, 15, 17, 16, 4, 18, 5, 21, 22, 23, 24, 31, 32, 27, 29, 28, 13, 30, 14, 33, 34, 35, 36, 43, 44, 39, 41, 40, 25, 42, 26, 45, 46, 47, 48, 55, 56, 51, 53, 52, 37, 54, 38, 57, 58, 59, 49, 63, 61, 62, 50, 64, 60 ],
[ 23, 33, 31, 10, 11, 19, 21, 35, 43, 22, 45, 20, 18, 2, 5, 12, 8, 9, 24, 47, 32, 55, 34, 57, 30, 7, 14, 17, 1, 3, 36, 59, 44, 63, 46, 64, 42, 16, 26, 29, 4, 6, 48, 60, 56, 61, 58, 62, 54, 28, 38, 41, 13, 15, 49, 50, 51, 53, 52, 40, 25, 27, 37, 39 ]
]
];
s`SolvableDBMonodromyGroup := PermutationGroup<64 |  
\[ 10, 21, 19, 18, 2, 5, 12, 23, 31, 9, 33, 8, 30, 7, 14, 17, 1, 3, 11, 35, 20, 43, 22, 45, 42, 16, 26, 29, 4, 6, 24, 47, 32, 55, 34, 57, 54, 28, 38, 41, 13, 15, 36, 59, 44, 63, 46, 64, 62, 40, 50, 53, 25, 27, 48, 60, 56, 61, 58, 52, 37, 39, 49, 51 ],
\[ 3, 8, 2, 6, 12, 7, 1, 9, 11, 19, 20, 10, 15, 17, 16, 4, 18, 5, 21, 22, 23, 24, 31, 32, 27, 29, 28, 13, 30, 14, 33, 34, 35, 36, 43, 44, 39, 41, 40, 25, 42, 26, 45, 46, 47, 48, 55, 56, 51, 53, 52, 37, 54, 38, 57, 58, 59, 49, 63, 61, 62, 50, 64, 60 ],
\[ 14, 18, 17, 26, 4, 29, 30, 5, 12, 7, 10, 6, 38, 13, 41, 42, 15, 16, 1, 19, 3, 21, 2, 23, 50, 25, 53, 54, 27, 28, 8, 31, 9, 33, 11, 35, 60, 37, 61, 62, 39, 40, 20, 43, 22, 45, 24, 47, 59, 49, 63, 64, 51, 52, 32, 55, 34, 57, 36, 48, 56, 58, 44, 46 ] >;
s`SolvableDBAutomorphismGroup := PermutationGroup<64 |  
\[ 58, 51, 49, 46, 64, 48, 56, 52, 37, 61, 39, 60, 34, 57, 36, 44, 59, 63, 62, 40, 50, 25, 53, 27, 22, 45, 24, 32, 47, 55, 54, 28, 38, 13, 41, 15, 9, 33, 11, 20, 35, 43, 42, 16, 26, 4, 29, 6, 3, 21, 2, 8, 23, 31, 30, 7, 14, 1, 17, 12, 10, 19, 18, 5 ],
\[ 2, 9, 8, 7, 10, 1, 3, 11, 20, 21, 22, 19, 16, 18, 4, 6, 5, 12, 23, 24, 31, 32, 33, 34, 28, 30, 13, 15, 14, 17, 35, 36, 43, 44, 45, 46, 40, 42, 25, 27, 26, 29, 47, 48, 55, 56, 57, 58, 52, 54, 37, 39, 38, 41, 59, 49, 63, 51, 64, 62, 50, 53, 60, 61 ],
\[ 56, 49, 58, 44, 63, 46, 48, 51, 52, 60, 37, 64, 32, 55, 34, 36, 57, 59, 61, 39, 62, 40, 50, 25, 20, 43, 22, 24, 45, 47, 53, 27, 54, 28, 38, 13, 8, 31, 9, 11, 33, 35, 41, 15, 42, 16, 26, 4, 1, 19, 3, 2, 21, 23, 29, 6, 30, 7, 14, 5, 12, 10, 17, 18 ],
\[ 64, 61, 60, 57, 58, 59, 63, 62, 50, 51, 53, 49, 45, 46, 47, 55, 48, 56, 52, 54, 37, 38, 39, 41, 33, 34, 35, 43, 36, 44, 40, 42, 25, 26, 27, 29, 21, 22, 23, 31, 24, 32, 28, 30, 13, 14, 15, 17, 12, 9, 10, 19, 11, 20, 16, 18, 4, 5, 6, 3, 2, 8, 7, 1 ]:
 Order := 64 >;
s`SolvableDBPointedAutomorphismGroup := PermutationGroup<64 |  
\[ 58, 51, 49, 46, 64, 48, 56, 52, 37, 61, 39, 60, 34, 57, 36, 44, 59, 63, 62, 40, 50, 25, 53, 27, 22, 45, 24, 32, 47, 55, 54, 28, 38, 13, 41, 15, 9, 33, 11, 20, 35, 43, 42, 16, 26, 4, 29, 6, 3, 21, 2, 8, 23, 31, 30, 7, 14, 1, 17, 12, 10, 19, 18, 5 ],
\[ 16, 6, 4, 28, 30, 13, 15, 7, 1, 17, 3, 14, 40, 42, 25, 27, 26, 29, 18, 2, 5, 8, 12, 9, 52, 54, 37, 39, 38, 41, 10, 11, 19, 20, 21, 22, 58, 62, 49, 51, 50, 53, 23, 24, 31, 32, 33, 34, 46, 64, 48, 56, 60, 61, 35, 36, 43, 44, 45, 57, 59, 63, 47, 55 ],
\[ 59, 64, 63, 47, 48, 55, 57, 60, 61, 58, 62, 56, 35, 36, 43, 45, 44, 46, 49, 50, 51, 53, 52, 54, 23, 24, 31, 33, 32, 34, 37, 38, 39, 41, 40, 42, 10, 11, 19, 21, 20, 22, 25, 26, 27, 29, 28, 30, 18, 2, 5, 12, 8, 9, 13, 14, 15, 17, 16, 7, 1, 3, 4, 6 ]:
 Order := 16 >;
s`SolvableDBPathToPP1 := [ Strings() | "PP1", "2T1-1,2,2-g0-path1-computed", "4T1-2,4,4-g1-path1-notcomputed", "8T1-4,8,8-g3-path1-notcomputed", "16T1-8,16,16-g7-path2-notcomputed", "32S1-16,32,32-g15-path3-notcomputed", "64S50-16,32,32-g29-path7-notcomputed" ];
s`SolvableDBChild := "32S1-16,32,32-g15-path3-notcomputed";

/*
Return for eval
*/

return s;
