s := SolvableDBInitialize();

/*
Magma printing
*/

s`SolvableDBName := "64S50-32,16,32-g29-path3";
s`SolvableDBFilename := "64S50-32,16,32-g29-path3.m";
s`SolvableDBPassportName := "64S50-32,16,32-g29";
s`SolvableDBPathNumber := 3;
s`SolvableDBDegree := 64;
s`SolvableDBOrders := \[ 32, 16, 32 ];
s`SolvableDBType := "Hyperbolic";
s`SolvableDBGenus := 29;
s`SolvableDBGaloisOrbitSize := 1;
s`SolvableDBPassportSize := 4;
s`SolvableDBPointedPassportSize := 4;
s`SolvableDBLevel := 6;
s`SolvableDBBlocks := {@ PowerSet(IntegerRing()) |
{ IntegerRing() | 1, 5 },
{ IntegerRing() | 2, 10 },
{ IntegerRing() | 3, 14 },
{ IntegerRing() | 4, 17 },
{ IntegerRing() | 6, 19 },
{ IntegerRing() | 7, 20 },
{ IntegerRing() | 8, 21 },
{ IntegerRing() | 9, 24 },
{ IntegerRing() | 11, 26 },
{ IntegerRing() | 12, 27 },
{ IntegerRing() | 13, 30 },
{ IntegerRing() | 15, 33 },
{ IntegerRing() | 16, 34 },
{ IntegerRing() | 18, 36 },
{ IntegerRing() | 22, 38 },
{ IntegerRing() | 23, 39 },
{ IntegerRing() | 25, 41 },
{ IntegerRing() | 28, 43 },
{ IntegerRing() | 29, 46 },
{ IntegerRing() | 31, 49 },
{ IntegerRing() | 32, 50 },
{ IntegerRing() | 35, 52 },
{ IntegerRing() | 37, 53 },
{ IntegerRing() | 40, 55 },
{ IntegerRing() | 42, 57 },
{ IntegerRing() | 44, 58 },
{ IntegerRing() | 45, 59 },
{ IntegerRing() | 47, 60 },
{ IntegerRing() | 48, 61 },
{ IntegerRing() | 51, 62 },
{ IntegerRing() | 54, 63 },
{ IntegerRing() | 56, 64 }
@};
s`SolvableDBIsRamifiedAtEveryLevel := false;
s`SolvableDBGaloisOrbit := [ PowerSequence(PermutationGroup<64 |  
\[ 2, 3, 4, 5, 6, 7, 8, 9, 10, 11, 12, 13, 14, 15, 16, 17, 18, 19, 20, 21, 22, 23, 24, 25, 26, 27, 28, 29, 30, 31, 32, 33, 34, 35, 36, 37, 38, 39, 40, 41, 42, 43, 44, 45, 46, 47, 48, 49, 50, 51, 52, 53, 54, 55, 56, 57, 58, 59, 60, 61, 62, 63, 64, 1 ],
\[ 2, 1, 3, 4, 5, 6, 7, 8, 9, 10, 11, 12, 13, 14, 15, 16, 17, 18, 19, 20, 21, 22, 23, 24, 25, 26, 27, 28, 29, 30, 31, 32, 33, 34, 35, 36, 37, 38, 39, 40, 41, 42, 43, 44, 45, 46, 47, 48, 49, 50, 51, 52, 53, 54, 55, 56, 57, 58, 59, 60, 61, 62, 63, 64 ]:
 Order := 126886932185884164103433389335161480802865516174545192198801894375214704230400000000000000 >) |
[ PermutationGroup<64 |  
\[ 2, 3, 4, 5, 6, 7, 8, 9, 10, 11, 12, 13, 14, 15, 16, 17, 18, 19, 20, 21, 22, 23, 24, 25, 26, 27, 28, 29, 30, 31, 32, 33, 34, 35, 36, 37, 38, 39, 40, 41, 42, 43, 44, 45, 46, 47, 48, 49, 50, 51, 52, 53, 54, 55, 56, 57, 58, 59, 60, 61, 62, 63, 64, 1 ],
\[ 2, 1, 3, 4, 5, 6, 7, 8, 9, 10, 11, 12, 13, 14, 15, 16, 17, 18, 19, 20, 21, 22, 23, 24, 25, 26, 27, 28, 29, 30, 31, 32, 33, 34, 35, 36, 37, 38, 39, 40, 41, 42, 43, 44, 45, 46, 47, 48, 49, 50, 51, 52, 53, 54, 55, 56, 57, 58, 59, 60, 61, 62, 63, 64 ]:
 Order := 126886932185884164103433389335161480802865516174545192198801894375214704230400000000000000 > |
[ 2, 9, 8, 7, 10, 1, 11, 12, 18, 24, 25, 4, 16, 21, 3, 22, 20, 23, 5, 26, 27, 6, 28, 36, 37, 41, 17, 42, 32, 34, 13, 35, 14, 38, 15, 39, 40, 19, 43, 44, 53, 54, 57, 45, 48, 50, 29, 51, 30, 52, 31, 33, 55, 56, 58, 47, 63, 59, 61, 46, 62, 49, 64, 60 ],
[ 14, 21, 30, 19, 3, 33, 5, 34, 27, 8, 10, 38, 46, 13, 49, 50, 6, 17, 15, 1, 16, 52, 20, 12, 24, 2, 22, 26, 59, 29, 60, 61, 31, 32, 62, 4, 36, 35, 7, 39, 9, 41, 11, 43, 57, 45, 58, 63, 47, 48, 64, 51, 18, 53, 23, 55, 25, 28, 42, 44, 54, 56, 37, 40 ],
[ 17, 20, 19, 24, 4, 27, 36, 5, 26, 7, 39, 10, 33, 6, 38, 14, 9, 41, 12, 18, 1, 21, 53, 11, 43, 23, 2, 55, 49, 15, 52, 30, 22, 3, 34, 25, 57, 8, 37, 63, 28, 58, 40, 64, 60, 31, 62, 46, 35, 13, 50, 16, 42, 59, 54, 61, 44, 56, 47, 51, 29, 32, 45, 48 ]
]
];
s`SolvableDBPassport := [ PowerSequence(PermutationGroup<64 |  
\[ 2, 9, 8, 7, 10, 1, 11, 12, 18, 24, 25, 4, 16, 21, 3, 22, 20, 23, 5, 26, 27, 6, 28, 36, 37, 41, 17, 42, 32, 34, 13, 35, 14, 38, 15, 39, 40, 19, 43, 44, 53, 54, 57, 45, 48, 50, 29, 51, 30, 52, 31, 33, 55, 56, 58, 47, 63, 59, 61, 46, 62, 49, 64, 60 ],
\[ 14, 21, 30, 19, 3, 33, 5, 34, 27, 8, 10, 38, 46, 13, 49, 50, 6, 17, 15, 1, 16, 52, 20, 12, 24, 2, 22, 26, 59, 29, 60, 61, 31, 32, 62, 4, 36, 35, 7, 39, 9, 41, 11, 43, 57, 45, 58, 63, 47, 48, 64, 51, 18, 53, 23, 55, 25, 28, 42, 44, 54, 56, 37, 40 ],
\[ 17, 20, 19, 24, 4, 27, 36, 5, 26, 7, 39, 10, 33, 6, 38, 14, 9, 41, 12, 18, 1, 21, 53, 11, 43, 23, 2, 55, 49, 15, 52, 30, 22, 3, 34, 25, 57, 8, 37, 63, 28, 58, 40, 64, 60, 31, 62, 46, 35, 13, 50, 16, 42, 59, 54, 61, 44, 56, 47, 51, 29, 32, 45, 48 ]:
 Order := 64 >) |
[ PermutationGroup<64 |  
\[ 2, 9, 8, 7, 10, 1, 11, 12, 18, 24, 25, 4, 16, 21, 3, 22, 20, 23, 5, 26, 27, 6, 28, 36, 37, 41, 17, 42, 32, 34, 13, 35, 14, 38, 15, 39, 40, 19, 43, 44, 53, 54, 57, 45, 48, 50, 29, 51, 30, 52, 31, 33, 55, 56, 58, 47, 63, 59, 61, 46, 62, 49, 64, 60 ],
\[ 14, 21, 30, 19, 3, 33, 5, 34, 27, 8, 10, 38, 46, 13, 49, 50, 6, 17, 15, 1, 16, 52, 20, 12, 24, 2, 22, 26, 59, 29, 60, 61, 31, 32, 62, 4, 36, 35, 7, 39, 9, 41, 11, 43, 57, 45, 58, 63, 47, 48, 64, 51, 18, 53, 23, 55, 25, 28, 42, 44, 54, 56, 37, 40 ],
\[ 17, 20, 19, 24, 4, 27, 36, 5, 26, 7, 39, 10, 33, 6, 38, 14, 9, 41, 12, 18, 1, 21, 53, 11, 43, 23, 2, 55, 49, 15, 52, 30, 22, 3, 34, 25, 57, 8, 37, 63, 28, 58, 40, 64, 60, 31, 62, 46, 35, 13, 50, 16, 42, 59, 54, 61, 44, 56, 47, 51, 29, 32, 45, 48 ]:
 Order := 64 > |
[ 6, 1, 15, 12, 19, 22, 4, 3, 2, 5, 7, 8, 31, 33, 35, 13, 27, 9, 38, 17, 14, 16, 18, 10, 11, 20, 21, 23, 47, 49, 51, 29, 52, 30, 32, 24, 25, 34, 36, 37, 26, 28, 39, 40, 44, 60, 56, 45, 62, 46, 48, 50, 41, 42, 53, 54, 43, 55, 58, 64, 59, 61, 57, 63 ],
[ 20, 26, 5, 36, 7, 17, 39, 10, 41, 11, 43, 24, 14, 1, 19, 21, 18, 53, 4, 23, 2, 27, 55, 25, 57, 28, 9, 58, 30, 3, 33, 34, 6, 8, 38, 37, 63, 12, 40, 64, 42, 59, 44, 60, 46, 13, 49, 50, 15, 16, 52, 22, 54, 61, 56, 62, 45, 47, 29, 31, 32, 35, 48, 51 ],
[ 21, 27, 34, 5, 8, 14, 10, 38, 17, 12, 24, 19, 50, 16, 30, 52, 1, 20, 3, 2, 22, 33, 26, 4, 36, 9, 6, 41, 61, 32, 46, 62, 13, 35, 49, 7, 39, 15, 11, 43, 18, 53, 25, 57, 63, 48, 59, 64, 29, 51, 60, 31, 23, 55, 28, 58, 37, 42, 54, 45, 56, 47, 40, 44 ]
],
[ PermutationGroup<64 |  
\[ 2, 9, 8, 7, 10, 1, 11, 12, 18, 24, 25, 4, 16, 21, 3, 22, 20, 23, 5, 26, 27, 6, 28, 36, 37, 41, 17, 42, 32, 34, 13, 35, 14, 38, 15, 39, 40, 19, 43, 44, 53, 54, 57, 45, 48, 50, 29, 51, 30, 52, 31, 33, 55, 56, 58, 47, 63, 59, 61, 46, 62, 49, 64, 60 ],
\[ 14, 21, 30, 19, 3, 33, 5, 34, 27, 8, 10, 38, 46, 13, 49, 50, 6, 17, 15, 1, 16, 52, 20, 12, 24, 2, 22, 26, 59, 29, 60, 61, 31, 32, 62, 4, 36, 35, 7, 39, 9, 41, 11, 43, 57, 45, 58, 63, 47, 48, 64, 51, 18, 53, 23, 55, 25, 28, 42, 44, 54, 56, 37, 40 ],
\[ 17, 20, 19, 24, 4, 27, 36, 5, 26, 7, 39, 10, 33, 6, 38, 14, 9, 41, 12, 18, 1, 21, 53, 11, 43, 23, 2, 55, 49, 15, 52, 30, 22, 3, 34, 25, 57, 8, 37, 63, 28, 58, 40, 64, 60, 31, 62, 46, 35, 13, 50, 16, 42, 59, 54, 61, 44, 56, 47, 51, 29, 32, 45, 48 ]:
 Order := 64 > |
[ 6, 1, 15, 12, 19, 22, 4, 3, 2, 5, 7, 8, 31, 33, 35, 13, 27, 9, 38, 17, 14, 16, 18, 10, 11, 20, 21, 23, 47, 49, 51, 29, 52, 30, 32, 24, 25, 34, 36, 37, 26, 28, 39, 40, 44, 60, 56, 45, 62, 46, 48, 50, 41, 42, 53, 54, 43, 55, 58, 64, 59, 61, 57, 63 ],
[ 38, 19, 52, 21, 22, 34, 27, 33, 5, 6, 17, 14, 62, 35, 50, 49, 8, 10, 16, 12, 15, 30, 24, 1, 20, 4, 3, 36, 64, 51, 61, 60, 32, 31, 46, 2, 26, 13, 9, 41, 7, 39, 18, 53, 55, 56, 63, 58, 48, 47, 59, 29, 11, 43, 25, 57, 23, 37, 40, 54, 44, 45, 28, 42 ],
[ 36, 39, 17, 41, 18, 24, 53, 20, 43, 23, 55, 26, 19, 4, 27, 5, 25, 57, 9, 37, 7, 10, 63, 28, 58, 40, 11, 64, 33, 6, 38, 14, 12, 1, 21, 42, 59, 2, 54, 61, 44, 60, 56, 62, 49, 15, 52, 30, 22, 3, 34, 8, 45, 46, 48, 50, 47, 51, 31, 35, 13, 16, 29, 32 ]
],
[ PermutationGroup<64 |  
\[ 2, 9, 8, 7, 10, 1, 11, 12, 18, 24, 25, 4, 16, 21, 3, 22, 20, 23, 5, 26, 27, 6, 28, 36, 37, 41, 17, 42, 32, 34, 13, 35, 14, 38, 15, 39, 40, 19, 43, 44, 53, 54, 57, 45, 48, 50, 29, 51, 30, 52, 31, 33, 55, 56, 58, 47, 63, 59, 61, 46, 62, 49, 64, 60 ],
\[ 14, 21, 30, 19, 3, 33, 5, 34, 27, 8, 10, 38, 46, 13, 49, 50, 6, 17, 15, 1, 16, 52, 20, 12, 24, 2, 22, 26, 59, 29, 60, 61, 31, 32, 62, 4, 36, 35, 7, 39, 9, 41, 11, 43, 57, 45, 58, 63, 47, 48, 64, 51, 18, 53, 23, 55, 25, 28, 42, 44, 54, 56, 37, 40 ],
\[ 17, 20, 19, 24, 4, 27, 36, 5, 26, 7, 39, 10, 33, 6, 38, 14, 9, 41, 12, 18, 1, 21, 53, 11, 43, 23, 2, 55, 49, 15, 52, 30, 22, 3, 34, 25, 57, 8, 37, 63, 28, 58, 40, 64, 60, 31, 62, 46, 35, 13, 50, 16, 42, 59, 54, 61, 44, 56, 47, 51, 29, 32, 45, 48 ]:
 Order := 64 > |
[ 6, 1, 15, 12, 19, 22, 4, 3, 2, 5, 7, 8, 31, 33, 35, 13, 27, 9, 38, 17, 14, 16, 18, 10, 11, 20, 21, 23, 47, 49, 51, 29, 52, 30, 32, 24, 25, 34, 36, 37, 26, 28, 39, 40, 44, 60, 56, 45, 62, 46, 48, 50, 41, 42, 53, 54, 43, 55, 58, 64, 59, 61, 57, 63 ],
[ 46, 50, 59, 49, 29, 60, 30, 61, 52, 32, 34, 62, 57, 45, 58, 63, 31, 33, 47, 13, 48, 64, 14, 35, 38, 16, 51, 21, 41, 42, 43, 53, 44, 54, 55, 15, 19, 56, 3, 5, 22, 27, 8, 10, 24, 25, 26, 36, 28, 37, 39, 40, 6, 17, 1, 20, 12, 2, 9, 11, 18, 23, 4, 7 ],
[ 58, 59, 43, 64, 44, 55, 60, 57, 61, 45, 46, 63, 26, 28, 39, 41, 56, 62, 40, 47, 42, 53, 49, 48, 50, 29, 54, 30, 10, 11, 20, 24, 23, 25, 36, 51, 52, 37, 31, 33, 32, 34, 13, 14, 21, 2, 5, 27, 7, 9, 17, 18, 35, 38, 15, 19, 16, 3, 8, 1, 12, 4, 22, 6 ]
],
[ PermutationGroup<64 |  
\[ 2, 9, 8, 7, 10, 1, 11, 12, 18, 24, 25, 4, 16, 21, 3, 22, 20, 23, 5, 26, 27, 6, 28, 36, 37, 41, 17, 42, 32, 34, 13, 35, 14, 38, 15, 39, 40, 19, 43, 44, 53, 54, 57, 45, 48, 50, 29, 51, 30, 52, 31, 33, 55, 56, 58, 47, 63, 59, 61, 46, 62, 49, 64, 60 ],
\[ 14, 21, 30, 19, 3, 33, 5, 34, 27, 8, 10, 38, 46, 13, 49, 50, 6, 17, 15, 1, 16, 52, 20, 12, 24, 2, 22, 26, 59, 29, 60, 61, 31, 32, 62, 4, 36, 35, 7, 39, 9, 41, 11, 43, 57, 45, 58, 63, 47, 48, 64, 51, 18, 53, 23, 55, 25, 28, 42, 44, 54, 56, 37, 40 ],
\[ 17, 20, 19, 24, 4, 27, 36, 5, 26, 7, 39, 10, 33, 6, 38, 14, 9, 41, 12, 18, 1, 21, 53, 11, 43, 23, 2, 55, 49, 15, 52, 30, 22, 3, 34, 25, 57, 8, 37, 63, 28, 58, 40, 64, 60, 31, 62, 46, 35, 13, 50, 16, 42, 59, 54, 61, 44, 56, 47, 51, 29, 32, 45, 48 ]:
 Order := 64 > |
[ 6, 1, 15, 12, 19, 22, 4, 3, 2, 5, 7, 8, 31, 33, 35, 13, 27, 9, 38, 17, 14, 16, 18, 10, 11, 20, 21, 23, 47, 49, 51, 29, 52, 30, 32, 24, 25, 34, 36, 37, 26, 28, 39, 40, 44, 60, 56, 45, 62, 46, 48, 50, 41, 42, 53, 54, 43, 55, 58, 64, 59, 61, 57, 63 ],
[ 55, 58, 39, 63, 40, 53, 64, 43, 59, 44, 60, 57, 20, 23, 36, 26, 54, 61, 37, 56, 28, 41, 62, 45, 46, 47, 42, 49, 5, 7, 17, 10, 18, 11, 24, 48, 50, 25, 51, 52, 29, 30, 31, 33, 14, 1, 19, 21, 4, 2, 27, 9, 32, 34, 35, 38, 13, 15, 3, 6, 8, 12, 16, 22 ],
[ 50, 52, 61, 30, 32, 46, 34, 62, 33, 35, 38, 49, 63, 48, 59, 64, 13, 14, 29, 16, 51, 60, 21, 15, 19, 22, 31, 27, 53, 54, 57, 55, 45, 56, 58, 3, 5, 47, 8, 10, 6, 17, 12, 24, 36, 37, 41, 39, 42, 40, 43, 44, 1, 20, 2, 26, 4, 9, 18, 25, 23, 28, 7, 11 ]
]
];
s`SolvableDBPointedPassport := [ PowerSequence(PermutationGroup<64 |  
\[ 2, 3, 4, 5, 6, 7, 8, 9, 10, 11, 12, 13, 14, 15, 16, 17, 18, 19, 20, 21, 22, 23, 24, 25, 26, 27, 28, 29, 30, 31, 32, 33, 34, 35, 36, 37, 38, 39, 40, 41, 42, 43, 44, 45, 46, 47, 48, 49, 50, 51, 52, 53, 54, 55, 56, 57, 58, 59, 60, 61, 62, 63, 64, 1 ],
\[ 2, 1, 3, 4, 5, 6, 7, 8, 9, 10, 11, 12, 13, 14, 15, 16, 17, 18, 19, 20, 21, 22, 23, 24, 25, 26, 27, 28, 29, 30, 31, 32, 33, 34, 35, 36, 37, 38, 39, 40, 41, 42, 43, 44, 45, 46, 47, 48, 49, 50, 51, 52, 53, 54, 55, 56, 57, 58, 59, 60, 61, 62, 63, 64 ]:
 Order := 126886932185884164103433389335161480802865516174545192198801894375214704230400000000000000 >) |
[ PermutationGroup<64 |  
\[ 2, 3, 4, 5, 6, 7, 8, 9, 10, 11, 12, 13, 14, 15, 16, 17, 18, 19, 20, 21, 22, 23, 24, 25, 26, 27, 28, 29, 30, 31, 32, 33, 34, 35, 36, 37, 38, 39, 40, 41, 42, 43, 44, 45, 46, 47, 48, 49, 50, 51, 52, 53, 54, 55, 56, 57, 58, 59, 60, 61, 62, 63, 64, 1 ],
\[ 2, 1, 3, 4, 5, 6, 7, 8, 9, 10, 11, 12, 13, 14, 15, 16, 17, 18, 19, 20, 21, 22, 23, 24, 25, 26, 27, 28, 29, 30, 31, 32, 33, 34, 35, 36, 37, 38, 39, 40, 41, 42, 43, 44, 45, 46, 47, 48, 49, 50, 51, 52, 53, 54, 55, 56, 57, 58, 59, 60, 61, 62, 63, 64 ]:
 Order := 126886932185884164103433389335161480802865516174545192198801894375214704230400000000000000 > |
[ 6, 1, 15, 12, 19, 22, 4, 3, 2, 5, 7, 8, 31, 33, 35, 13, 27, 9, 38, 17, 14, 16, 18, 10, 11, 20, 21, 23, 47, 49, 51, 29, 52, 30, 32, 24, 25, 34, 36, 37, 26, 28, 39, 40, 44, 60, 56, 45, 62, 46, 48, 50, 41, 42, 53, 54, 43, 55, 58, 64, 59, 61, 57, 63 ],
[ 20, 26, 5, 36, 7, 17, 39, 10, 41, 11, 43, 24, 14, 1, 19, 21, 18, 53, 4, 23, 2, 27, 55, 25, 57, 28, 9, 58, 30, 3, 33, 34, 6, 8, 38, 37, 63, 12, 40, 64, 42, 59, 44, 60, 46, 13, 49, 50, 15, 16, 52, 22, 54, 61, 56, 62, 45, 47, 29, 31, 32, 35, 48, 51 ],
[ 21, 27, 34, 5, 8, 14, 10, 38, 17, 12, 24, 19, 50, 16, 30, 52, 1, 20, 3, 2, 22, 33, 26, 4, 36, 9, 6, 41, 61, 32, 46, 62, 13, 35, 49, 7, 39, 15, 11, 43, 18, 53, 25, 57, 63, 48, 59, 64, 29, 51, 60, 31, 23, 55, 28, 58, 37, 42, 54, 45, 56, 47, 40, 44 ]
],
[ PermutationGroup<64 |  
\[ 2, 3, 4, 5, 6, 7, 8, 9, 10, 11, 12, 13, 14, 15, 16, 17, 18, 19, 20, 21, 22, 23, 24, 25, 26, 27, 28, 29, 30, 31, 32, 33, 34, 35, 36, 37, 38, 39, 40, 41, 42, 43, 44, 45, 46, 47, 48, 49, 50, 51, 52, 53, 54, 55, 56, 57, 58, 59, 60, 61, 62, 63, 64, 1 ],
\[ 2, 1, 3, 4, 5, 6, 7, 8, 9, 10, 11, 12, 13, 14, 15, 16, 17, 18, 19, 20, 21, 22, 23, 24, 25, 26, 27, 28, 29, 30, 31, 32, 33, 34, 35, 36, 37, 38, 39, 40, 41, 42, 43, 44, 45, 46, 47, 48, 49, 50, 51, 52, 53, 54, 55, 56, 57, 58, 59, 60, 61, 62, 63, 64 ]:
 Order := 126886932185884164103433389335161480802865516174545192198801894375214704230400000000000000 > |
[ 6, 1, 15, 12, 19, 22, 4, 3, 2, 5, 7, 8, 31, 33, 35, 13, 27, 9, 38, 17, 14, 16, 18, 10, 11, 20, 21, 23, 47, 49, 51, 29, 52, 30, 32, 24, 25, 34, 36, 37, 26, 28, 39, 40, 44, 60, 56, 45, 62, 46, 48, 50, 41, 42, 53, 54, 43, 55, 58, 64, 59, 61, 57, 63 ],
[ 38, 19, 52, 21, 22, 34, 27, 33, 5, 6, 17, 14, 62, 35, 50, 49, 8, 10, 16, 12, 15, 30, 24, 1, 20, 4, 3, 36, 64, 51, 61, 60, 32, 31, 46, 2, 26, 13, 9, 41, 7, 39, 18, 53, 55, 56, 63, 58, 48, 47, 59, 29, 11, 43, 25, 57, 23, 37, 40, 54, 44, 45, 28, 42 ],
[ 36, 39, 17, 41, 18, 24, 53, 20, 43, 23, 55, 26, 19, 4, 27, 5, 25, 57, 9, 37, 7, 10, 63, 28, 58, 40, 11, 64, 33, 6, 38, 14, 12, 1, 21, 42, 59, 2, 54, 61, 44, 60, 56, 62, 49, 15, 52, 30, 22, 3, 34, 8, 45, 46, 48, 50, 47, 51, 31, 35, 13, 16, 29, 32 ]
],
[ PermutationGroup<64 |  
\[ 2, 3, 4, 5, 6, 7, 8, 9, 10, 11, 12, 13, 14, 15, 16, 17, 18, 19, 20, 21, 22, 23, 24, 25, 26, 27, 28, 29, 30, 31, 32, 33, 34, 35, 36, 37, 38, 39, 40, 41, 42, 43, 44, 45, 46, 47, 48, 49, 50, 51, 52, 53, 54, 55, 56, 57, 58, 59, 60, 61, 62, 63, 64, 1 ],
\[ 2, 1, 3, 4, 5, 6, 7, 8, 9, 10, 11, 12, 13, 14, 15, 16, 17, 18, 19, 20, 21, 22, 23, 24, 25, 26, 27, 28, 29, 30, 31, 32, 33, 34, 35, 36, 37, 38, 39, 40, 41, 42, 43, 44, 45, 46, 47, 48, 49, 50, 51, 52, 53, 54, 55, 56, 57, 58, 59, 60, 61, 62, 63, 64 ]:
 Order := 126886932185884164103433389335161480802865516174545192198801894375214704230400000000000000 > |
[ 6, 1, 15, 12, 19, 22, 4, 3, 2, 5, 7, 8, 31, 33, 35, 13, 27, 9, 38, 17, 14, 16, 18, 10, 11, 20, 21, 23, 47, 49, 51, 29, 52, 30, 32, 24, 25, 34, 36, 37, 26, 28, 39, 40, 44, 60, 56, 45, 62, 46, 48, 50, 41, 42, 53, 54, 43, 55, 58, 64, 59, 61, 57, 63 ],
[ 46, 50, 59, 49, 29, 60, 30, 61, 52, 32, 34, 62, 57, 45, 58, 63, 31, 33, 47, 13, 48, 64, 14, 35, 38, 16, 51, 21, 41, 42, 43, 53, 44, 54, 55, 15, 19, 56, 3, 5, 22, 27, 8, 10, 24, 25, 26, 36, 28, 37, 39, 40, 6, 17, 1, 20, 12, 2, 9, 11, 18, 23, 4, 7 ],
[ 58, 59, 43, 64, 44, 55, 60, 57, 61, 45, 46, 63, 26, 28, 39, 41, 56, 62, 40, 47, 42, 53, 49, 48, 50, 29, 54, 30, 10, 11, 20, 24, 23, 25, 36, 51, 52, 37, 31, 33, 32, 34, 13, 14, 21, 2, 5, 27, 7, 9, 17, 18, 35, 38, 15, 19, 16, 3, 8, 1, 12, 4, 22, 6 ]
],
[ PermutationGroup<64 |  
\[ 2, 3, 4, 5, 6, 7, 8, 9, 10, 11, 12, 13, 14, 15, 16, 17, 18, 19, 20, 21, 22, 23, 24, 25, 26, 27, 28, 29, 30, 31, 32, 33, 34, 35, 36, 37, 38, 39, 40, 41, 42, 43, 44, 45, 46, 47, 48, 49, 50, 51, 52, 53, 54, 55, 56, 57, 58, 59, 60, 61, 62, 63, 64, 1 ],
\[ 2, 1, 3, 4, 5, 6, 7, 8, 9, 10, 11, 12, 13, 14, 15, 16, 17, 18, 19, 20, 21, 22, 23, 24, 25, 26, 27, 28, 29, 30, 31, 32, 33, 34, 35, 36, 37, 38, 39, 40, 41, 42, 43, 44, 45, 46, 47, 48, 49, 50, 51, 52, 53, 54, 55, 56, 57, 58, 59, 60, 61, 62, 63, 64 ]:
 Order := 126886932185884164103433389335161480802865516174545192198801894375214704230400000000000000 > |
[ 6, 1, 15, 12, 19, 22, 4, 3, 2, 5, 7, 8, 31, 33, 35, 13, 27, 9, 38, 17, 14, 16, 18, 10, 11, 20, 21, 23, 47, 49, 51, 29, 52, 30, 32, 24, 25, 34, 36, 37, 26, 28, 39, 40, 44, 60, 56, 45, 62, 46, 48, 50, 41, 42, 53, 54, 43, 55, 58, 64, 59, 61, 57, 63 ],
[ 55, 58, 39, 63, 40, 53, 64, 43, 59, 44, 60, 57, 20, 23, 36, 26, 54, 61, 37, 56, 28, 41, 62, 45, 46, 47, 42, 49, 5, 7, 17, 10, 18, 11, 24, 48, 50, 25, 51, 52, 29, 30, 31, 33, 14, 1, 19, 21, 4, 2, 27, 9, 32, 34, 35, 38, 13, 15, 3, 6, 8, 12, 16, 22 ],
[ 50, 52, 61, 30, 32, 46, 34, 62, 33, 35, 38, 49, 63, 48, 59, 64, 13, 14, 29, 16, 51, 60, 21, 15, 19, 22, 31, 27, 53, 54, 57, 55, 45, 56, 58, 3, 5, 47, 8, 10, 6, 17, 12, 24, 36, 37, 41, 39, 42, 40, 43, 44, 1, 20, 2, 26, 4, 9, 18, 25, 23, 28, 7, 11 ]
]
];
s`SolvableDBMonodromyGroup := PermutationGroup<64 |  
\[ 2, 9, 8, 7, 10, 1, 11, 12, 18, 24, 25, 4, 16, 21, 3, 22, 20, 23, 5, 26, 27, 6, 28, 36, 37, 41, 17, 42, 32, 34, 13, 35, 14, 38, 15, 39, 40, 19, 43, 44, 53, 54, 57, 45, 48, 50, 29, 51, 30, 52, 31, 33, 55, 56, 58, 47, 63, 59, 61, 46, 62, 49, 64, 60 ],
\[ 14, 21, 30, 19, 3, 33, 5, 34, 27, 8, 10, 38, 46, 13, 49, 50, 6, 17, 15, 1, 16, 52, 20, 12, 24, 2, 22, 26, 59, 29, 60, 61, 31, 32, 62, 4, 36, 35, 7, 39, 9, 41, 11, 43, 57, 45, 58, 63, 47, 48, 64, 51, 18, 53, 23, 55, 25, 28, 42, 44, 54, 56, 37, 40 ],
\[ 17, 20, 19, 24, 4, 27, 36, 5, 26, 7, 39, 10, 33, 6, 38, 14, 9, 41, 12, 18, 1, 21, 53, 11, 43, 23, 2, 55, 49, 15, 52, 30, 22, 3, 34, 25, 57, 8, 37, 63, 28, 58, 40, 64, 60, 31, 62, 46, 35, 13, 50, 16, 42, 59, 54, 61, 44, 56, 47, 51, 29, 32, 45, 48 ] >;
s`SolvableDBAutomorphismGroup := PermutationGroup<64 |  
\[ 56, 47, 40, 48, 64, 54, 51, 44, 29, 60, 31, 45, 23, 55, 37, 28, 61, 32, 63, 62, 58, 42, 35, 46, 13, 49, 59, 15, 7, 39, 18, 11, 53, 43, 25, 50, 16, 57, 52, 22, 30, 3, 33, 6, 1, 20, 4, 2, 36, 26, 9, 41, 34, 8, 38, 12, 14, 19, 5, 17, 10, 24, 21, 27 ],
\[ 2, 9, 8, 7, 10, 1, 11, 12, 18, 24, 25, 4, 16, 21, 3, 22, 20, 23, 5, 26, 27, 6, 28, 36, 37, 41, 17, 42, 32, 34, 13, 35, 14, 38, 15, 39, 40, 19, 43, 44, 53, 54, 57, 45, 48, 50, 29, 51, 30, 52, 31, 33, 55, 56, 58, 47, 63, 59, 61, 46, 62, 49, 64, 60 ],
\[ 64, 60, 55, 61, 56, 63, 62, 58, 46, 47, 49, 59, 39, 40, 53, 43, 48, 50, 54, 51, 44, 57, 52, 29, 30, 31, 45, 33, 20, 23, 36, 26, 37, 28, 41, 32, 34, 42, 35, 38, 13, 14, 15, 19, 5, 7, 17, 10, 18, 11, 24, 25, 16, 21, 22, 27, 3, 6, 1, 4, 2, 9, 8, 12 ]:
 Order := 64 >;
s`SolvableDBPointedAutomorphismGroup := PermutationGroup<64 |  
\[ 45, 48, 42, 47, 59, 44, 29, 54, 51, 61, 32, 56, 25, 57, 28, 37, 60, 31, 58, 46, 63, 40, 13, 62, 35, 50, 64, 16, 9, 41, 11, 18, 43, 53, 23, 49, 15, 55, 30, 3, 52, 22, 34, 8, 12, 24, 2, 4, 26, 36, 7, 39, 33, 6, 14, 1, 38, 21, 27, 10, 17, 20, 19, 5 ],
\[ 6, 1, 15, 12, 19, 22, 4, 3, 2, 5, 7, 8, 31, 33, 35, 13, 27, 9, 38, 17, 14, 16, 18, 10, 11, 20, 21, 23, 47, 49, 51, 29, 52, 30, 32, 24, 25, 34, 36, 37, 26, 28, 39, 40, 44, 60, 56, 45, 62, 46, 48, 50, 41, 42, 53, 54, 43, 55, 58, 64, 59, 61, 57, 63 ]:
 Order := 32 >;
s`SolvableDBPathToPP1 := [ Strings() | "PP1", "2T1-2,1,2-g0-path1", "4T1-4,2,4-g1-path1", "8T1-8,4,8-g3-path1", "16T1-16,8,16-g7-path2", "32S1-32,16,32-g15-path2", "64S50-32,16,32-g29-path3" ];
s`SolvableDBChild := "32S1-32,16,32-g15-path2";

/*
Return for eval
*/

return s;
