s := SolvableDBObjectInitialize();

/*
Basic Information about the Passport
*/

s`SolvableDBName := "64S5-8,4,8-g17-path64";
s`SolvableDBFilename := "64S5-8,4,8-g17-path64.m";
s`SolvableDBPathNumber := 64;
s`SolvableDBDegree := 64;
s`SolvableDBABC := \[ 8, 4, 8 ];
s`SolvableDBType := "Hyperbolic";
s`SolvableDBGenus := 17;
s`SolvableDBGaloisOrbitSize := 1;
s`SolvableDBPassportSize := 2;
s`SolvableDBPointedPassportSize := 2;
s`SolvableDBLevel := 6;
s`SolvableDBBlocks := {@ PowerSet(IntegerRing()) |
{ IntegerRing() | 1, 5 },
{ IntegerRing() | 2, 11 },
{ IntegerRing() | 3, 16 },
{ IntegerRing() | 4, 21 },
{ IntegerRing() | 6, 24 },
{ IntegerRing() | 7, 25 },
{ IntegerRing() | 8, 26 },
{ IntegerRing() | 9, 29 },
{ IntegerRing() | 10, 41 },
{ IntegerRing() | 12, 43 },
{ IntegerRing() | 13, 22 },
{ IntegerRing() | 14, 48 },
{ IntegerRing() | 15, 50 },
{ IntegerRing() | 17, 51 },
{ IntegerRing() | 18, 52 },
{ IntegerRing() | 19, 54 },
{ IntegerRing() | 20, 37 },
{ IntegerRing() | 23, 56 },
{ IntegerRing() | 27, 59 },
{ IntegerRing() | 28, 34 },
{ IntegerRing() | 30, 60 },
{ IntegerRing() | 31, 61 },
{ IntegerRing() | 32, 47 },
{ IntegerRing() | 33, 39 },
{ IntegerRing() | 35, 55 },
{ IntegerRing() | 36, 62 },
{ IntegerRing() | 38, 58 },
{ IntegerRing() | 40, 64 },
{ IntegerRing() | 42, 53 },
{ IntegerRing() | 44, 49 },
{ IntegerRing() | 45, 63 },
{ IntegerRing() | 46, 57 }
@};

/*
Permutations and Passports
*/

s`SolvableDBGaloisOrbit := [ PowerSequence(PermutationGroup<64 |  
\[ 2, 3, 4, 5, 6, 7, 8, 9, 10, 11, 12, 13, 14, 15, 16, 17, 18, 19, 20, 21, 22, 23, 24, 25, 26, 27, 28, 29, 30, 31, 32, 33, 34, 35, 36, 37, 38, 39, 40, 41, 42, 43, 44, 45, 46, 47, 48, 49, 50, 51, 52, 53, 54, 55, 56, 57, 58, 59, 60, 61, 62, 63, 64, 1 ],
\[ 2, 1, 3, 4, 5, 6, 7, 8, 9, 10, 11, 12, 13, 14, 15, 16, 17, 18, 19, 20, 21, 22, 23, 24, 25, 26, 27, 28, 29, 30, 31, 32, 33, 34, 35, 36, 37, 38, 39, 40, 41, 42, 43, 44, 45, 46, 47, 48, 49, 50, 51, 52, 53, 54, 55, 56, 57, 58, 59, 60, 61, 62, 63, 64 ]:
 Order := 126886932185884164103433389335161480802865516174545192198801894375214704230400000000000000 >) |
[ PermutationGroup<64 |  
\[ 2, 3, 4, 5, 6, 7, 8, 9, 10, 11, 12, 13, 14, 15, 16, 17, 18, 19, 20, 21, 22, 23, 24, 25, 26, 27, 28, 29, 30, 31, 32, 33, 34, 35, 36, 37, 38, 39, 40, 41, 42, 43, 44, 45, 46, 47, 48, 49, 50, 51, 52, 53, 54, 55, 56, 57, 58, 59, 60, 61, 62, 63, 64, 1 ],
\[ 2, 1, 3, 4, 5, 6, 7, 8, 9, 10, 11, 12, 13, 14, 15, 16, 17, 18, 19, 20, 21, 22, 23, 24, 25, 26, 27, 28, 29, 30, 31, 32, 33, 34, 35, 36, 37, 38, 39, 40, 41, 42, 43, 44, 45, 46, 47, 48, 49, 50, 51, 52, 53, 54, 55, 56, 57, 58, 59, 60, 61, 62, 63, 64 ]:
 Order := 126886932185884164103433389335161480802865516174545192198801894375214704230400000000000000 > |
[ 2, 9, 8, 19, 11, 1, 31, 34, 24, 13, 29, 44, 21, 18, 45, 26, 3, 42, 10, 15, 54, 4, 14, 5, 61, 28, 30, 17, 6, 12, 38, 40, 7, 51, 37, 46, 50, 39, 25, 36, 22, 56, 49, 59, 35, 47, 64, 52, 27, 63, 16, 53, 23, 41, 20, 48, 32, 33, 60, 43, 58, 57, 55, 62 ],
[ 3, 10, 14, 6, 16, 27, 1, 35, 38, 18, 41, 2, 46, 7, 17, 48, 32, 12, 45, 22, 24, 57, 4, 59, 5, 55, 23, 29, 58, 40, 36, 33, 15, 9, 31, 8, 13, 42, 50, 19, 52, 34, 11, 37, 30, 44, 39, 25, 20, 51, 47, 43, 28, 63, 61, 21, 49, 53, 56, 64, 62, 26, 60, 54 ],
[ 4, 7, 15, 20, 21, 28, 32, 1, 12, 40, 25, 45, 2, 27, 49, 50, 53, 3, 23, 26, 37, 11, 58, 34, 47, 5, 57, 62, 43, 6, 14, 22, 29, 36, 19, 30, 8, 35, 9, 17, 64, 10, 63, 18, 33, 31, 13, 59, 52, 44, 42, 16, 41, 56, 54, 38, 61, 55, 46, 24, 48, 60, 39, 51 ]
]
];
s`SolvableDBPassport := [ PowerSequence(PermutationGroup<64 |  
\[ 2, 9, 8, 19, 11, 1, 31, 34, 24, 13, 29, 44, 21, 18, 45, 26, 3, 42, 10, 15, 54, 4, 14, 5, 61, 28, 30, 17, 6, 12, 38, 40, 7, 51, 37, 46, 50, 39, 25, 36, 22, 56, 49, 59, 35, 47, 64, 52, 27, 63, 16, 53, 23, 41, 20, 48, 32, 33, 60, 43, 58, 57, 55, 62 ],
\[ 3, 10, 14, 6, 16, 27, 1, 35, 38, 18, 41, 2, 46, 7, 17, 48, 32, 12, 45, 22, 24, 57, 4, 59, 5, 55, 23, 29, 58, 40, 36, 33, 15, 9, 31, 8, 13, 42, 50, 19, 52, 34, 11, 37, 30, 44, 39, 25, 20, 51, 47, 43, 28, 63, 61, 21, 49, 53, 56, 64, 62, 26, 60, 54 ],
\[ 4, 7, 15, 20, 21, 28, 32, 1, 12, 40, 25, 45, 2, 27, 49, 50, 53, 3, 23, 26, 37, 11, 58, 34, 47, 5, 57, 62, 43, 6, 14, 22, 29, 36, 19, 30, 8, 35, 9, 17, 64, 10, 63, 18, 33, 31, 13, 59, 52, 44, 42, 16, 41, 56, 54, 38, 61, 55, 46, 24, 48, 60, 39, 51 ]:
 Order := 64 >) |
[ PermutationGroup<64 |  
\[ 2, 9, 8, 19, 11, 1, 31, 34, 24, 13, 29, 44, 21, 18, 45, 26, 3, 42, 10, 15, 54, 4, 14, 5, 61, 28, 30, 17, 6, 12, 38, 40, 7, 51, 37, 46, 50, 39, 25, 36, 22, 56, 49, 59, 35, 47, 64, 52, 27, 63, 16, 53, 23, 41, 20, 48, 32, 33, 60, 43, 58, 57, 55, 62 ],
\[ 3, 10, 14, 6, 16, 27, 1, 35, 38, 18, 41, 2, 46, 7, 17, 48, 32, 12, 45, 22, 24, 57, 4, 59, 5, 55, 23, 29, 58, 40, 36, 33, 15, 9, 31, 8, 13, 42, 50, 19, 52, 34, 11, 37, 30, 44, 39, 25, 20, 51, 47, 43, 28, 63, 61, 21, 49, 53, 56, 64, 62, 26, 60, 54 ],
\[ 4, 7, 15, 20, 21, 28, 32, 1, 12, 40, 25, 45, 2, 27, 49, 50, 53, 3, 23, 26, 37, 11, 58, 34, 47, 5, 57, 62, 43, 6, 14, 22, 29, 36, 19, 30, 8, 35, 9, 17, 64, 10, 63, 18, 33, 31, 13, 59, 52, 44, 42, 16, 41, 56, 54, 38, 61, 55, 46, 24, 48, 60, 39, 51 ]:
 Order := 64 > |
[ 6, 1, 17, 22, 24, 29, 33, 3, 2, 19, 5, 30, 10, 23, 20, 51, 28, 14, 4, 55, 13, 41, 53, 9, 39, 16, 49, 26, 11, 27, 7, 57, 58, 8, 45, 40, 35, 31, 38, 32, 54, 18, 60, 12, 15, 36, 46, 56, 43, 37, 34, 48, 52, 21, 63, 42, 62, 61, 44, 59, 25, 64, 50, 47 ],
[ 30, 8, 40, 32, 60, 33, 45, 18, 13, 35, 26, 36, 42, 19, 4, 64, 6, 31, 1, 58, 47, 53, 17, 39, 63, 52, 15, 20, 22, 14, 2, 27, 23, 37, 12, 10, 38, 46, 56, 7, 55, 44, 62, 9, 3, 34, 59, 54, 29, 21, 24, 61, 49, 5, 43, 51, 28, 57, 50, 48, 11, 41, 16, 25 ],
[ 31, 44, 2, 14, 61, 19, 18, 46, 51, 9, 49, 42, 50, 8, 7, 11, 45, 13, 36, 27, 48, 15, 30, 54, 52, 57, 1, 23, 17, 35, 37, 3, 40, 56, 34, 38, 59, 24, 64, 12, 29, 39, 53, 47, 10, 21, 16, 26, 32, 25, 63, 22, 33, 62, 28, 60, 4, 6, 5, 55, 20, 58, 41, 43 ]
],
[ PermutationGroup<64 |  
\[ 2, 9, 8, 19, 11, 1, 31, 34, 24, 13, 29, 44, 21, 18, 45, 26, 3, 42, 10, 15, 54, 4, 14, 5, 61, 28, 30, 17, 6, 12, 38, 40, 7, 51, 37, 46, 50, 39, 25, 36, 22, 56, 49, 59, 35, 47, 64, 52, 27, 63, 16, 53, 23, 41, 20, 48, 32, 33, 60, 43, 58, 57, 55, 62 ],
\[ 3, 10, 14, 6, 16, 27, 1, 35, 38, 18, 41, 2, 46, 7, 17, 48, 32, 12, 45, 22, 24, 57, 4, 59, 5, 55, 23, 29, 58, 40, 36, 33, 15, 9, 31, 8, 13, 42, 50, 19, 52, 34, 11, 37, 30, 44, 39, 25, 20, 51, 47, 43, 28, 63, 61, 21, 49, 53, 56, 64, 62, 26, 60, 54 ],
\[ 4, 7, 15, 20, 21, 28, 32, 1, 12, 40, 25, 45, 2, 27, 49, 50, 53, 3, 23, 26, 37, 11, 58, 34, 47, 5, 57, 62, 43, 6, 14, 22, 29, 36, 19, 30, 8, 35, 9, 17, 64, 10, 63, 18, 33, 31, 13, 59, 52, 44, 42, 16, 41, 56, 54, 38, 61, 55, 46, 24, 48, 60, 39, 51 ]:
 Order := 64 > |
[ 6, 1, 17, 22, 24, 29, 33, 3, 2, 19, 5, 30, 10, 23, 20, 51, 28, 14, 4, 55, 13, 41, 53, 9, 39, 16, 49, 26, 11, 27, 7, 57, 58, 8, 45, 40, 35, 31, 38, 32, 54, 18, 60, 12, 15, 36, 46, 56, 43, 37, 34, 48, 52, 21, 63, 42, 62, 61, 44, 59, 25, 64, 50, 47 ],
[ 22, 33, 20, 55, 13, 26, 57, 6, 30, 32, 39, 15, 1, 49, 43, 37, 52, 17, 53, 16, 35, 5, 61, 8, 46, 24, 62, 64, 60, 29, 23, 41, 11, 40, 4, 27, 3, 45, 2, 28, 47, 19, 50, 14, 58, 7, 10, 44, 48, 12, 18, 51, 54, 42, 21, 31, 25, 63, 36, 9, 56, 59, 38, 34 ],
[ 39, 60, 24, 42, 33, 13, 56, 64, 26, 5, 30, 48, 55, 51, 38, 6, 37, 54, 47, 12, 53, 35, 44, 22, 23, 40, 9, 18, 8, 50, 63, 34, 46, 52, 16, 25, 43, 11, 57, 59, 1, 61, 14, 62, 21, 41, 28, 17, 36, 58, 20, 19, 31, 32, 3, 49, 10, 2, 29, 15, 45, 7, 4, 27 ]
]
];
s`SolvableDBPointedPassport := [ PowerSequence(PermutationGroup<64 |  
\[ 2, 9, 8, 19, 11, 1, 31, 34, 24, 13, 29, 44, 21, 18, 45, 26, 3, 42, 10, 15, 54, 4, 14, 5, 61, 28, 30, 17, 6, 12, 38, 40, 7, 51, 37, 46, 50, 39, 25, 36, 22, 56, 49, 59, 35, 47, 64, 52, 27, 63, 16, 53, 23, 41, 20, 48, 32, 33, 60, 43, 58, 57, 55, 62 ],
\[ 3, 10, 14, 6, 16, 27, 1, 35, 38, 18, 41, 2, 46, 7, 17, 48, 32, 12, 45, 22, 24, 57, 4, 59, 5, 55, 23, 29, 58, 40, 36, 33, 15, 9, 31, 8, 13, 42, 50, 19, 52, 34, 11, 37, 30, 44, 39, 25, 20, 51, 47, 43, 28, 63, 61, 21, 49, 53, 56, 64, 62, 26, 60, 54 ],
\[ 4, 7, 15, 20, 21, 28, 32, 1, 12, 40, 25, 45, 2, 27, 49, 50, 53, 3, 23, 26, 37, 11, 58, 34, 47, 5, 57, 62, 43, 6, 14, 22, 29, 36, 19, 30, 8, 35, 9, 17, 64, 10, 63, 18, 33, 31, 13, 59, 52, 44, 42, 16, 41, 56, 54, 38, 61, 55, 46, 24, 48, 60, 39, 51 ]:
 Order := 64 >) |
[ PermutationGroup<64 |  
\[ 2, 9, 8, 19, 11, 1, 31, 34, 24, 13, 29, 44, 21, 18, 45, 26, 3, 42, 10, 15, 54, 4, 14, 5, 61, 28, 30, 17, 6, 12, 38, 40, 7, 51, 37, 46, 50, 39, 25, 36, 22, 56, 49, 59, 35, 47, 64, 52, 27, 63, 16, 53, 23, 41, 20, 48, 32, 33, 60, 43, 58, 57, 55, 62 ],
\[ 3, 10, 14, 6, 16, 27, 1, 35, 38, 18, 41, 2, 46, 7, 17, 48, 32, 12, 45, 22, 24, 57, 4, 59, 5, 55, 23, 29, 58, 40, 36, 33, 15, 9, 31, 8, 13, 42, 50, 19, 52, 34, 11, 37, 30, 44, 39, 25, 20, 51, 47, 43, 28, 63, 61, 21, 49, 53, 56, 64, 62, 26, 60, 54 ],
\[ 4, 7, 15, 20, 21, 28, 32, 1, 12, 40, 25, 45, 2, 27, 49, 50, 53, 3, 23, 26, 37, 11, 58, 34, 47, 5, 57, 62, 43, 6, 14, 22, 29, 36, 19, 30, 8, 35, 9, 17, 64, 10, 63, 18, 33, 31, 13, 59, 52, 44, 42, 16, 41, 56, 54, 38, 61, 55, 46, 24, 48, 60, 39, 51 ]:
 Order := 64 > |
[ 23, 14, 33, 49, 56, 53, 17, 7, 18, 30, 48, 19, 12, 6, 57, 39, 58, 1, 27, 62, 44, 43, 29, 42, 51, 25, 22, 61, 52, 4, 3, 20, 28, 31, 40, 45, 36, 8, 34, 15, 60, 2, 54, 10, 32, 35, 37, 24, 41, 46, 38, 5, 11, 59, 64, 9, 55, 26, 13, 21, 16, 63, 47, 50 ],
[ 25, 43, 5, 56, 7, 21, 48, 62, 28, 11, 12, 52, 20, 16, 39, 1, 50, 41, 64, 44, 23, 37, 59, 4, 14, 36, 24, 42, 34, 63, 55, 51, 47, 53, 26, 61, 49, 29, 32, 60, 2, 58, 18, 57, 54, 22, 17, 3, 46, 33, 15, 10, 38, 40, 8, 27, 13, 9, 6, 45, 35, 31, 19, 30 ],
[ 43, 28, 62, 64, 12, 25, 55, 53, 4, 20, 34, 57, 23, 41, 54, 36, 5, 58, 11, 39, 40, 56, 16, 7, 35, 42, 63, 50, 21, 52, 29, 60, 48, 15, 49, 22, 33, 32, 14, 61, 37, 27, 46, 6, 26, 17, 30, 10, 24, 19, 1, 38, 59, 2, 44, 3, 51, 47, 45, 18, 9, 13, 8, 31 ]
],
[ PermutationGroup<64 |  
\[ 2, 9, 8, 19, 11, 1, 31, 34, 24, 13, 29, 44, 21, 18, 45, 26, 3, 42, 10, 15, 54, 4, 14, 5, 61, 28, 30, 17, 6, 12, 38, 40, 7, 51, 37, 46, 50, 39, 25, 36, 22, 56, 49, 59, 35, 47, 64, 52, 27, 63, 16, 53, 23, 41, 20, 48, 32, 33, 60, 43, 58, 57, 55, 62 ],
\[ 3, 10, 14, 6, 16, 27, 1, 35, 38, 18, 41, 2, 46, 7, 17, 48, 32, 12, 45, 22, 24, 57, 4, 59, 5, 55, 23, 29, 58, 40, 36, 33, 15, 9, 31, 8, 13, 42, 50, 19, 52, 34, 11, 37, 30, 44, 39, 25, 20, 51, 47, 43, 28, 63, 61, 21, 49, 53, 56, 64, 62, 26, 60, 54 ],
\[ 4, 7, 15, 20, 21, 28, 32, 1, 12, 40, 25, 45, 2, 27, 49, 50, 53, 3, 23, 26, 37, 11, 58, 34, 47, 5, 57, 62, 43, 6, 14, 22, 29, 36, 19, 30, 8, 35, 9, 17, 64, 10, 63, 18, 33, 31, 13, 59, 52, 44, 42, 16, 41, 56, 54, 38, 61, 55, 46, 24, 48, 60, 39, 51 ]:
 Order := 64 > |
[ 23, 14, 33, 49, 56, 53, 17, 7, 18, 30, 48, 19, 12, 6, 57, 39, 58, 1, 27, 62, 44, 43, 29, 42, 51, 25, 22, 61, 52, 4, 3, 20, 28, 31, 40, 45, 36, 8, 34, 15, 60, 2, 54, 10, 32, 35, 37, 24, 41, 46, 38, 5, 11, 59, 64, 9, 55, 26, 13, 21, 16, 63, 47, 50 ],
[ 34, 21, 42, 2, 28, 12, 9, 50, 25, 56, 4, 24, 64, 38, 8, 53, 36, 59, 37, 19, 11, 40, 10, 43, 29, 15, 18, 1, 7, 46, 47, 31, 35, 5, 39, 51, 54, 48, 55, 13, 23, 16, 6, 63, 44, 60, 61, 58, 45, 26, 62, 27, 3, 20, 33, 41, 30, 14, 52, 57, 32, 17, 49, 22 ],
[ 27, 3, 32, 57, 59, 58, 15, 14, 10, 45, 16, 40, 18, 4, 22, 47, 29, 7, 6, 61, 46, 52, 28, 38, 50, 48, 20, 55, 41, 23, 1, 49, 53, 35, 30, 19, 31, 36, 42, 33, 63, 12, 64, 2, 17, 8, 44, 21, 11, 13, 9, 25, 43, 24, 60, 34, 26, 62, 37, 56, 5, 54, 51, 39 ]
]
];
s`SolvableDBMonodromyGroup := PermutationGroup<64 |  
\[ 2, 9, 8, 19, 11, 1, 31, 34, 24, 13, 29, 44, 21, 18, 45, 26, 3, 42, 10, 15, 54, 4, 14, 5, 61, 28, 30, 17, 6, 12, 38, 40, 7, 51, 37, 46, 50, 39, 25, 36, 22, 56, 49, 59, 35, 47, 64, 52, 27, 63, 16, 53, 23, 41, 20, 48, 32, 33, 60, 43, 58, 57, 55, 62 ],
\[ 3, 10, 14, 6, 16, 27, 1, 35, 38, 18, 41, 2, 46, 7, 17, 48, 32, 12, 45, 22, 24, 57, 4, 59, 5, 55, 23, 29, 58, 40, 36, 33, 15, 9, 31, 8, 13, 42, 50, 19, 52, 34, 11, 37, 30, 44, 39, 25, 20, 51, 47, 43, 28, 63, 61, 21, 49, 53, 56, 64, 62, 26, 60, 54 ],
\[ 4, 7, 15, 20, 21, 28, 32, 1, 12, 40, 25, 45, 2, 27, 49, 50, 53, 3, 23, 26, 37, 11, 58, 34, 47, 5, 57, 62, 43, 6, 14, 22, 29, 36, 19, 30, 8, 35, 9, 17, 64, 10, 63, 18, 33, 31, 13, 59, 52, 44, 42, 16, 41, 56, 54, 38, 61, 55, 46, 24, 48, 60, 39, 51 ] >;
s`SolvableDBAutomorphismGroup := PermutationGroup<64 |  
\[ 29, 6, 58, 43, 9, 11, 28, 33, 1, 27, 24, 4, 30, 53, 55, 38, 61, 23, 49, 63, 12, 60, 52, 2, 34, 39, 41, 25, 5, 22, 17, 62, 26, 7, 15, 32, 45, 3, 8, 57, 59, 14, 21, 19, 20, 40, 36, 42, 54, 35, 31, 56, 48, 44, 50, 18, 64, 16, 10, 13, 51, 47, 37, 46 ],
\[ 2, 9, 10, 7, 11, 1, 12, 13, 24, 38, 29, 34, 39, 18, 40, 41, 19, 42, 31, 32, 25, 33, 14, 5, 43, 22, 3, 4, 6, 8, 44, 45, 30, 21, 46, 37, 47, 59, 60, 35, 58, 56, 28, 51, 36, 50, 63, 52, 17, 64, 54, 53, 23, 61, 57, 48, 15, 27, 16, 26, 49, 20, 62, 55 ],
\[ 59, 60, 56, 46, 27, 44, 24, 48, 43, 64, 30, 63, 62, 21, 38, 23, 42, 54, 47, 31, 57, 36, 13, 49, 6, 14, 37, 18, 12, 50, 5, 34, 9, 52, 25, 16, 61, 11, 29, 51, 40, 41, 45, 55, 39, 26, 28, 4, 35, 58, 53, 19, 10, 32, 7, 22, 8, 2, 20, 15, 1, 3, 33, 17 ]:
 Order := 64 >;
s`SolvableDBPointedAutomorphismGroup := PermutationGroup<64 |  
\[ 9, 24, 38, 12, 29, 2, 34, 39, 5, 59, 6, 21, 60, 42, 35, 58, 31, 56, 44, 45, 43, 30, 18, 11, 28, 33, 10, 7, 1, 13, 51, 36, 8, 25, 50, 47, 63, 16, 26, 46, 27, 48, 4, 54, 37, 64, 62, 53, 19, 55, 61, 23, 14, 49, 15, 52, 40, 3, 41, 22, 17, 32, 20, 57 ],
\[ 6, 1, 27, 28, 24, 29, 4, 30, 2, 3, 5, 7, 8, 23, 57, 59, 49, 14, 17, 62, 34, 26, 53, 9, 21, 60, 58, 43, 11, 33, 19, 20, 22, 12, 40, 45, 36, 10, 13, 15, 16, 18, 25, 31, 32, 35, 37, 56, 61, 46, 44, 48, 52, 51, 64, 42, 55, 41, 38, 39, 54, 63, 47, 50 ]:
 Order := 8 >;

/*
Top Level Belyi Curve/Map
*/


/*
Graph Data
*/

s`SolvableDBPathToPP1 := [ Strings() | "PP1", "2T1-2,2,1-g0-path1", "4T2-2,2,2-g0-path3", "8T2-4,2,4-g1-path5", "16T10-4,2,4-g1-path5", "32S6-4,4,4-g5-path18", "64S5-8,4,8-g17-path64" ];
s`SolvableDBChildren := [ Strings() | "32S6-4,4,4-g5-path18" ];

/*
Return for eval
*/

return s;
