s := SolvableDBInitialize();

/*
Magma printing
*/

s`SolvableDBName := "64S51-32,32,2-g15-path2-notcomputed";
s`SolvableDBFilename := "64S51-32,32,2-g15-path2-notcomputed.m";
s`SolvableDBPassportName := "64S51-32,32,2-g15";
s`SolvableDBPathNumber := 2;
s`SolvableDBDegree := 64;
s`SolvableDBOrders := \[ 32, 32, 2 ];
s`SolvableDBType := "Hyperbolic";
s`SolvableDBGenus := 15;
s`SolvableDBGaloisOrbitSize := 1;
s`SolvableDBPassportSize := 1;
s`SolvableDBPointedPassportSize := 1;
s`SolvableDBLevel := 6;
s`SolvableDBBlocks := {@ PowerSet(IntegerRing()) |
{ IntegerRing() | 1, 5 },
{ IntegerRing() | 2, 10 },
{ IntegerRing() | 3, 14 },
{ IntegerRing() | 4, 9 },
{ IntegerRing() | 6, 13 },
{ IntegerRing() | 7, 16 },
{ IntegerRing() | 8, 20 },
{ IntegerRing() | 11, 19 },
{ IntegerRing() | 12, 18 },
{ IntegerRing() | 15, 17 },
{ IntegerRing() | 21, 24 },
{ IntegerRing() | 22, 23 },
{ IntegerRing() | 25, 28 },
{ IntegerRing() | 26, 27 },
{ IntegerRing() | 29, 32 },
{ IntegerRing() | 30, 31 },
{ IntegerRing() | 33, 36 },
{ IntegerRing() | 34, 35 },
{ IntegerRing() | 37, 40 },
{ IntegerRing() | 38, 39 },
{ IntegerRing() | 41, 44 },
{ IntegerRing() | 42, 43 },
{ IntegerRing() | 45, 48 },
{ IntegerRing() | 46, 47 },
{ IntegerRing() | 49, 52 },
{ IntegerRing() | 50, 51 },
{ IntegerRing() | 53, 56 },
{ IntegerRing() | 54, 55 },
{ IntegerRing() | 57, 60 },
{ IntegerRing() | 58, 59 },
{ IntegerRing() | 61, 64 },
{ IntegerRing() | 62, 63 }
@};
s`SolvableDBIsRamifiedAtEveryLevel := true;
s`SolvableDBGaloisOrbit := [ PowerSequence(PermutationGroup<64 |  
\[ 2, 3, 4, 5, 6, 7, 8, 9, 10, 11, 12, 13, 14, 15, 16, 17, 18, 19, 20, 21, 22, 23, 24, 25, 26, 27, 28, 29, 30, 31, 32, 33, 34, 35, 36, 37, 38, 39, 40, 41, 42, 43, 44, 45, 46, 47, 48, 49, 50, 51, 52, 53, 54, 55, 56, 57, 58, 59, 60, 61, 62, 63, 64, 1 ],
\[ 2, 1, 3, 4, 5, 6, 7, 8, 9, 10, 11, 12, 13, 14, 15, 16, 17, 18, 19, 20, 21, 22, 23, 24, 25, 26, 27, 28, 29, 30, 31, 32, 33, 34, 35, 36, 37, 38, 39, 40, 41, 42, 43, 44, 45, 46, 47, 48, 49, 50, 51, 52, 53, 54, 55, 56, 57, 58, 59, 60, 61, 62, 63, 64 ]:
 Order := 126886932185884164103433389335161480802865516174545192198801894375214704230400000000000000 >) |
[ PermutationGroup<64 |  
\[ 2, 3, 4, 5, 6, 7, 8, 9, 10, 11, 12, 13, 14, 15, 16, 17, 18, 19, 20, 21, 22, 23, 24, 25, 26, 27, 28, 29, 30, 31, 32, 33, 34, 35, 36, 37, 38, 39, 40, 41, 42, 43, 44, 45, 46, 47, 48, 49, 50, 51, 52, 53, 54, 55, 56, 57, 58, 59, 60, 61, 62, 63, 64, 1 ],
\[ 2, 1, 3, 4, 5, 6, 7, 8, 9, 10, 11, 12, 13, 14, 15, 16, 17, 18, 19, 20, 21, 22, 23, 24, 25, 26, 27, 28, 29, 30, 31, 32, 33, 34, 35, 36, 37, 38, 39, 40, 41, 42, 43, 44, 45, 46, 47, 48, 49, 50, 51, 52, 53, 54, 55, 56, 57, 58, 59, 60, 61, 62, 63, 64 ]:
 Order := 126886932185884164103433389335161480802865516174545192198801894375214704230400000000000000 > |
[ 2, 8, 4, 16, 10, 1, 19, 21, 7, 20, 23, 13, 5, 9, 3, 11, 14, 6, 22, 24, 29, 31, 30, 32, 17, 12, 18, 15, 37, 39, 38, 40, 27, 25, 28, 26, 45, 47, 46, 48, 35, 33, 36, 34, 53, 55, 54, 56, 43, 41, 44, 42, 61, 63, 62, 64, 51, 49, 52, 50, 58, 57, 60, 59 ],
[ 3, 9, 12, 6, 14, 17, 1, 16, 13, 4, 2, 25, 15, 18, 27, 5, 26, 28, 10, 7, 19, 8, 20, 11, 33, 35, 34, 36, 23, 21, 24, 22, 41, 43, 42, 44, 31, 29, 32, 30, 49, 51, 50, 52, 39, 37, 40, 38, 57, 59, 58, 60, 47, 45, 48, 46, 64, 63, 62, 61, 55, 53, 56, 54 ],
[ 4, 7, 13, 1, 9, 14, 2, 11, 5, 16, 8, 17, 3, 6, 18, 10, 12, 15, 20, 19, 22, 21, 24, 23, 27, 28, 25, 26, 30, 29, 32, 31, 35, 36, 33, 34, 38, 37, 40, 39, 43, 44, 41, 42, 46, 45, 48, 47, 51, 52, 49, 50, 54, 53, 56, 55, 59, 60, 57, 58, 62, 61, 64, 63 ]
]
];
s`SolvableDBPassport := [ PowerSequence(PermutationGroup<64 |  
\[ 2, 8, 4, 16, 10, 1, 19, 21, 7, 20, 23, 13, 5, 9, 3, 11, 14, 6, 22, 24, 29, 31, 30, 32, 17, 12, 18, 15, 37, 39, 38, 40, 27, 25, 28, 26, 45, 47, 46, 48, 35, 33, 36, 34, 53, 55, 54, 56, 43, 41, 44, 42, 61, 63, 62, 64, 51, 49, 52, 50, 58, 57, 60, 59 ],
\[ 3, 9, 12, 6, 14, 17, 1, 16, 13, 4, 2, 25, 15, 18, 27, 5, 26, 28, 10, 7, 19, 8, 20, 11, 33, 35, 34, 36, 23, 21, 24, 22, 41, 43, 42, 44, 31, 29, 32, 30, 49, 51, 50, 52, 39, 37, 40, 38, 57, 59, 58, 60, 47, 45, 48, 46, 64, 63, 62, 61, 55, 53, 56, 54 ],
\[ 4, 7, 13, 1, 9, 14, 2, 11, 5, 16, 8, 17, 3, 6, 18, 10, 12, 15, 20, 19, 22, 21, 24, 23, 27, 28, 25, 26, 30, 29, 32, 31, 35, 36, 33, 34, 38, 37, 40, 39, 43, 44, 41, 42, 46, 45, 48, 47, 51, 52, 49, 50, 54, 53, 56, 55, 59, 60, 57, 58, 62, 61, 64, 63 ]:
 Order := 64 >) |
[ PermutationGroup<64 |  
\[ 2, 8, 4, 16, 10, 1, 19, 21, 7, 20, 23, 13, 5, 9, 3, 11, 14, 6, 22, 24, 29, 31, 30, 32, 17, 12, 18, 15, 37, 39, 38, 40, 27, 25, 28, 26, 45, 47, 46, 48, 35, 33, 36, 34, 53, 55, 54, 56, 43, 41, 44, 42, 61, 63, 62, 64, 51, 49, 52, 50, 58, 57, 60, 59 ],
\[ 3, 9, 12, 6, 14, 17, 1, 16, 13, 4, 2, 25, 15, 18, 27, 5, 26, 28, 10, 7, 19, 8, 20, 11, 33, 35, 34, 36, 23, 21, 24, 22, 41, 43, 42, 44, 31, 29, 32, 30, 49, 51, 50, 52, 39, 37, 40, 38, 57, 59, 58, 60, 47, 45, 48, 46, 64, 63, 62, 61, 55, 53, 56, 54 ],
\[ 4, 7, 13, 1, 9, 14, 2, 11, 5, 16, 8, 17, 3, 6, 18, 10, 12, 15, 20, 19, 22, 21, 24, 23, 27, 28, 25, 26, 30, 29, 32, 31, 35, 36, 33, 34, 38, 37, 40, 39, 43, 44, 41, 42, 46, 45, 48, 47, 51, 52, 49, 50, 54, 53, 56, 55, 59, 60, 57, 58, 62, 61, 64, 63 ]:
 Order := 64 > |
[ 2, 8, 4, 16, 10, 1, 19, 21, 7, 20, 23, 13, 5, 9, 3, 11, 14, 6, 22, 24, 29, 31, 30, 32, 17, 12, 18, 15, 37, 39, 38, 40, 27, 25, 28, 26, 45, 47, 46, 48, 35, 33, 36, 34, 53, 55, 54, 56, 43, 41, 44, 42, 61, 63, 62, 64, 51, 49, 52, 50, 58, 57, 60, 59 ],
[ 3, 9, 12, 6, 14, 17, 1, 16, 13, 4, 2, 25, 15, 18, 27, 5, 26, 28, 10, 7, 19, 8, 20, 11, 33, 35, 34, 36, 23, 21, 24, 22, 41, 43, 42, 44, 31, 29, 32, 30, 49, 51, 50, 52, 39, 37, 40, 38, 57, 59, 58, 60, 47, 45, 48, 46, 64, 63, 62, 61, 55, 53, 56, 54 ],
[ 4, 7, 13, 1, 9, 14, 2, 11, 5, 16, 8, 17, 3, 6, 18, 10, 12, 15, 20, 19, 22, 21, 24, 23, 27, 28, 25, 26, 30, 29, 32, 31, 35, 36, 33, 34, 38, 37, 40, 39, 43, 44, 41, 42, 46, 45, 48, 47, 51, 52, 49, 50, 54, 53, 56, 55, 59, 60, 57, 58, 62, 61, 64, 63 ]
]
];
s`SolvableDBPointedPassport := [ PowerSequence(PermutationGroup<64 |  
\[ 2, 3, 4, 5, 6, 7, 8, 9, 10, 11, 12, 13, 14, 15, 16, 17, 18, 19, 20, 21, 22, 23, 24, 25, 26, 27, 28, 29, 30, 31, 32, 33, 34, 35, 36, 37, 38, 39, 40, 41, 42, 43, 44, 45, 46, 47, 48, 49, 50, 51, 52, 53, 54, 55, 56, 57, 58, 59, 60, 61, 62, 63, 64, 1 ],
\[ 2, 1, 3, 4, 5, 6, 7, 8, 9, 10, 11, 12, 13, 14, 15, 16, 17, 18, 19, 20, 21, 22, 23, 24, 25, 26, 27, 28, 29, 30, 31, 32, 33, 34, 35, 36, 37, 38, 39, 40, 41, 42, 43, 44, 45, 46, 47, 48, 49, 50, 51, 52, 53, 54, 55, 56, 57, 58, 59, 60, 61, 62, 63, 64 ]:
 Order := 126886932185884164103433389335161480802865516174545192198801894375214704230400000000000000 >) |
[ PermutationGroup<64 |  
\[ 2, 3, 4, 5, 6, 7, 8, 9, 10, 11, 12, 13, 14, 15, 16, 17, 18, 19, 20, 21, 22, 23, 24, 25, 26, 27, 28, 29, 30, 31, 32, 33, 34, 35, 36, 37, 38, 39, 40, 41, 42, 43, 44, 45, 46, 47, 48, 49, 50, 51, 52, 53, 54, 55, 56, 57, 58, 59, 60, 61, 62, 63, 64, 1 ],
\[ 2, 1, 3, 4, 5, 6, 7, 8, 9, 10, 11, 12, 13, 14, 15, 16, 17, 18, 19, 20, 21, 22, 23, 24, 25, 26, 27, 28, 29, 30, 31, 32, 33, 34, 35, 36, 37, 38, 39, 40, 41, 42, 43, 44, 45, 46, 47, 48, 49, 50, 51, 52, 53, 54, 55, 56, 57, 58, 59, 60, 61, 62, 63, 64 ]:
 Order := 126886932185884164103433389335161480802865516174545192198801894375214704230400000000000000 > |
[ 10, 20, 9, 7, 2, 5, 11, 24, 16, 8, 22, 6, 1, 4, 14, 19, 3, 13, 23, 21, 32, 30, 31, 29, 15, 18, 12, 17, 40, 38, 39, 37, 26, 28, 25, 27, 48, 46, 47, 45, 34, 36, 33, 35, 56, 54, 55, 53, 42, 44, 41, 43, 64, 62, 63, 61, 50, 52, 49, 51, 59, 60, 57, 58 ],
[ 3, 9, 12, 6, 14, 17, 1, 16, 13, 4, 2, 25, 15, 18, 27, 5, 26, 28, 10, 7, 19, 8, 20, 11, 33, 35, 34, 36, 23, 21, 24, 22, 41, 43, 42, 44, 31, 29, 32, 30, 49, 51, 50, 52, 39, 37, 40, 38, 57, 59, 58, 60, 47, 45, 48, 46, 64, 63, 62, 61, 55, 53, 56, 54 ],
[ 9, 16, 6, 5, 4, 3, 10, 19, 1, 7, 20, 15, 14, 13, 12, 2, 18, 17, 8, 11, 23, 24, 21, 22, 26, 25, 28, 27, 31, 32, 29, 30, 34, 33, 36, 35, 39, 40, 37, 38, 42, 41, 44, 43, 47, 48, 45, 46, 50, 49, 52, 51, 55, 56, 53, 54, 58, 57, 60, 59, 63, 64, 61, 62 ]
]
];
s`SolvableDBMonodromyGroup := PermutationGroup<64 |  
\[ 2, 8, 4, 16, 10, 1, 19, 21, 7, 20, 23, 13, 5, 9, 3, 11, 14, 6, 22, 24, 29, 31, 30, 32, 17, 12, 18, 15, 37, 39, 38, 40, 27, 25, 28, 26, 45, 47, 46, 48, 35, 33, 36, 34, 53, 55, 54, 56, 43, 41, 44, 42, 61, 63, 62, 64, 51, 49, 52, 50, 58, 57, 60, 59 ],
\[ 3, 9, 12, 6, 14, 17, 1, 16, 13, 4, 2, 25, 15, 18, 27, 5, 26, 28, 10, 7, 19, 8, 20, 11, 33, 35, 34, 36, 23, 21, 24, 22, 41, 43, 42, 44, 31, 29, 32, 30, 49, 51, 50, 52, 39, 37, 40, 38, 57, 59, 58, 60, 47, 45, 48, 46, 64, 63, 62, 61, 55, 53, 56, 54 ],
\[ 4, 7, 13, 1, 9, 14, 2, 11, 5, 16, 8, 17, 3, 6, 18, 10, 12, 15, 20, 19, 22, 21, 24, 23, 27, 28, 25, 26, 30, 29, 32, 31, 35, 36, 33, 34, 38, 37, 40, 39, 43, 44, 41, 42, 46, 45, 48, 47, 51, 52, 49, 50, 54, 53, 56, 55, 59, 60, 57, 58, 62, 61, 64, 63 ] >;
s`SolvableDBAutomorphismGroup := PermutationGroup<64 |  
\[ 64, 59, 54, 63, 61, 56, 57, 52, 62, 58, 50, 45, 53, 55, 47, 60, 46, 48, 51, 49, 42, 44, 41, 43, 39, 37, 40, 38, 33, 35, 34, 36, 32, 30, 31, 29, 27, 25, 28, 26, 22, 24, 21, 23, 18, 15, 17, 12, 8, 19, 11, 20, 6, 14, 3, 13, 16, 2, 10, 7, 1, 4, 9, 5 ],
\[ 2, 8, 9, 7, 10, 1, 11, 21, 16, 20, 22, 13, 5, 4, 14, 19, 3, 6, 23, 24, 29, 30, 31, 32, 15, 12, 18, 17, 37, 38, 39, 40, 27, 28, 25, 26, 45, 46, 47, 48, 34, 33, 36, 35, 53, 54, 55, 56, 43, 44, 41, 42, 61, 62, 63, 64, 50, 49, 52, 51, 58, 60, 57, 59 ],
\[ 63, 60, 56, 64, 62, 54, 58, 50, 61, 57, 52, 46, 55, 53, 48, 59, 45, 47, 49, 51, 41, 43, 42, 44, 37, 39, 38, 40, 35, 33, 36, 34, 31, 29, 32, 30, 28, 26, 27, 25, 24, 22, 23, 21, 15, 18, 12, 17, 11, 20, 8, 19, 3, 13, 6, 14, 2, 16, 7, 10, 4, 1, 5, 9 ]:
 Order := 64 >;
s`SolvableDBPointedAutomorphismGroup := PermutationGroup<64 |  
\[ 61, 58, 55, 62, 64, 53, 60, 49, 63, 59, 51, 48, 56, 54, 46, 57, 47, 45, 50, 52, 43, 41, 44, 42, 38, 40, 37, 39, 36, 34, 35, 33, 29, 31, 30, 32, 26, 28, 25, 27, 23, 21, 24, 22, 12, 17, 15, 18, 20, 11, 19, 8, 13, 3, 14, 6, 7, 10, 2, 16, 5, 9, 4, 1 ],
\[ 6, 1, 17, 14, 13, 18, 4, 2, 3, 5, 7, 26, 12, 15, 25, 9, 28, 27, 16, 10, 8, 11, 19, 20, 35, 36, 33, 34, 21, 22, 23, 24, 42, 41, 44, 43, 29, 30, 31, 32, 51, 52, 49, 50, 37, 38, 39, 40, 58, 57, 60, 59, 45, 46, 47, 48, 63, 61, 64, 62, 53, 54, 55, 56 ]:
 Order := 32 >;
s`SolvableDBPathToPP1 := [ Strings() | "PP1", "2T1-2,2,1-g0-path1", "4T1-4,4,1-g0-path1", "8T1-8,8,1-g0-path1", "16T5-8,8,2-g3-path1", "32S16-16,16,2-g7-path3", "64S51-32,32,2-g15-path2" ];
s`SolvableDBParents := [ Strings() | "128S153-32,32,4-g45-path12-notcomputed", "128S129-32,32,4-g45-path4-notcomputed", "128S131-32,32,2-g29-path7-notcomputed" ];
s`SolvableDBChild := "32S16-16,16,2-g7-path3-notcomputed";

/*
Return for eval
*/

return s;
