s := SolvableDBInitialize();

/*
Magma printing
*/

s`SolvableDBName := "64S50-32,32,2-g15-path2";
s`SolvableDBFilename := "64S50-32,32,2-g15-path2.m";
s`SolvableDBPassportName := "64S50-32,32,2-g15";
s`SolvableDBPathNumber := 2;
s`SolvableDBDegree := 64;
s`SolvableDBOrders := \[ 32, 32, 2 ];
s`SolvableDBType := "Hyperbolic";
s`SolvableDBGenus := 15;
s`SolvableDBGaloisOrbitSize := 1;
s`SolvableDBPassportSize := 1;
s`SolvableDBPointedPassportSize := 1;
s`SolvableDBLevel := 6;
s`SolvableDBBlocks := {@ PowerSet(IntegerRing()) |
{ IntegerRing() | 1, 5 },
{ IntegerRing() | 2, 9 },
{ IntegerRing() | 3, 12 },
{ IntegerRing() | 4, 14 },
{ IntegerRing() | 6, 15 },
{ IntegerRing() | 7, 16 },
{ IntegerRing() | 8, 18 },
{ IntegerRing() | 10, 20 },
{ IntegerRing() | 11, 22 },
{ IntegerRing() | 13, 24 },
{ IntegerRing() | 17, 26 },
{ IntegerRing() | 19, 28 },
{ IntegerRing() | 21, 30 },
{ IntegerRing() | 23, 32 },
{ IntegerRing() | 25, 34 },
{ IntegerRing() | 27, 36 },
{ IntegerRing() | 29, 38 },
{ IntegerRing() | 31, 40 },
{ IntegerRing() | 33, 42 },
{ IntegerRing() | 35, 44 },
{ IntegerRing() | 37, 46 },
{ IntegerRing() | 39, 48 },
{ IntegerRing() | 41, 50 },
{ IntegerRing() | 43, 52 },
{ IntegerRing() | 45, 54 },
{ IntegerRing() | 47, 56 },
{ IntegerRing() | 49, 58 },
{ IntegerRing() | 51, 60 },
{ IntegerRing() | 53, 61 },
{ IntegerRing() | 55, 62 },
{ IntegerRing() | 57, 63 },
{ IntegerRing() | 59, 64 }
@};
s`SolvableDBIsRamifiedAtEveryLevel := false;
s`SolvableDBGaloisOrbit := [ PowerSequence(PermutationGroup<64 |  
\[ 2, 3, 4, 5, 6, 7, 8, 9, 10, 11, 12, 13, 14, 15, 16, 17, 18, 19, 20, 21, 22, 23, 24, 25, 26, 27, 28, 29, 30, 31, 32, 33, 34, 35, 36, 37, 38, 39, 40, 41, 42, 43, 44, 45, 46, 47, 48, 49, 50, 51, 52, 53, 54, 55, 56, 57, 58, 59, 60, 61, 62, 63, 64, 1 ],
\[ 2, 1, 3, 4, 5, 6, 7, 8, 9, 10, 11, 12, 13, 14, 15, 16, 17, 18, 19, 20, 21, 22, 23, 24, 25, 26, 27, 28, 29, 30, 31, 32, 33, 34, 35, 36, 37, 38, 39, 40, 41, 42, 43, 44, 45, 46, 47, 48, 49, 50, 51, 52, 53, 54, 55, 56, 57, 58, 59, 60, 61, 62, 63, 64 ]:
 Order := 126886932185884164103433389335161480802865516174545192198801894375214704230400000000000000 >) |
[ PermutationGroup<64 |  
\[ 2, 3, 4, 5, 6, 7, 8, 9, 10, 11, 12, 13, 14, 15, 16, 17, 18, 19, 20, 21, 22, 23, 24, 25, 26, 27, 28, 29, 30, 31, 32, 33, 34, 35, 36, 37, 38, 39, 40, 41, 42, 43, 44, 45, 46, 47, 48, 49, 50, 51, 52, 53, 54, 55, 56, 57, 58, 59, 60, 61, 62, 63, 64, 1 ],
\[ 2, 1, 3, 4, 5, 6, 7, 8, 9, 10, 11, 12, 13, 14, 15, 16, 17, 18, 19, 20, 21, 22, 23, 24, 25, 26, 27, 28, 29, 30, 31, 32, 33, 34, 35, 36, 37, 38, 39, 40, 41, 42, 43, 44, 45, 46, 47, 48, 49, 50, 51, 52, 53, 54, 55, 56, 57, 58, 59, 60, 61, 62, 63, 64 ]:
 Order := 126886932185884164103433389335161480802865516174545192198801894375214704230400000000000000 > |
[ 2, 8, 4, 7, 9, 1, 10, 17, 18, 19, 6, 14, 3, 16, 5, 20, 25, 26, 27, 28, 13, 15, 11, 12, 33, 34, 35, 36, 23, 24, 21, 22, 41, 42, 43, 44, 31, 32, 29, 30, 49, 50, 51, 52, 39, 40, 37, 38, 57, 58, 59, 60, 47, 48, 45, 46, 53, 63, 55, 64, 56, 54, 61, 62 ],
[ 12, 14, 22, 15, 3, 24, 5, 16, 4, 9, 30, 11, 32, 6, 13, 1, 20, 7, 18, 2, 38, 21, 40, 23, 28, 10, 26, 8, 46, 29, 48, 31, 36, 19, 34, 17, 54, 37, 56, 39, 44, 27, 42, 25, 61, 45, 62, 47, 52, 35, 50, 33, 64, 53, 63, 55, 60, 43, 58, 41, 59, 57, 51, 49 ],
[ 14, 16, 15, 5, 4, 12, 9, 20, 7, 18, 24, 6, 22, 1, 3, 2, 28, 10, 26, 8, 32, 13, 30, 11, 36, 19, 34, 17, 40, 23, 38, 21, 44, 27, 42, 25, 48, 31, 46, 29, 52, 35, 50, 33, 56, 39, 54, 37, 60, 43, 58, 41, 62, 47, 61, 45, 64, 51, 63, 49, 55, 53, 59, 57 ]
]
];
s`SolvableDBPassport := [ PowerSequence(PermutationGroup<64 |  
\[ 2, 8, 4, 7, 9, 1, 10, 17, 18, 19, 6, 14, 3, 16, 5, 20, 25, 26, 27, 28, 13, 15, 11, 12, 33, 34, 35, 36, 23, 24, 21, 22, 41, 42, 43, 44, 31, 32, 29, 30, 49, 50, 51, 52, 39, 40, 37, 38, 57, 58, 59, 60, 47, 48, 45, 46, 53, 63, 55, 64, 56, 54, 61, 62 ],
\[ 12, 14, 22, 15, 3, 24, 5, 16, 4, 9, 30, 11, 32, 6, 13, 1, 20, 7, 18, 2, 38, 21, 40, 23, 28, 10, 26, 8, 46, 29, 48, 31, 36, 19, 34, 17, 54, 37, 56, 39, 44, 27, 42, 25, 61, 45, 62, 47, 52, 35, 50, 33, 64, 53, 63, 55, 60, 43, 58, 41, 59, 57, 51, 49 ],
\[ 14, 16, 15, 5, 4, 12, 9, 20, 7, 18, 24, 6, 22, 1, 3, 2, 28, 10, 26, 8, 32, 13, 30, 11, 36, 19, 34, 17, 40, 23, 38, 21, 44, 27, 42, 25, 48, 31, 46, 29, 52, 35, 50, 33, 56, 39, 54, 37, 60, 43, 58, 41, 62, 47, 61, 45, 64, 51, 63, 49, 55, 53, 59, 57 ]:
 Order := 64 >) |
[ PermutationGroup<64 |  
\[ 2, 8, 4, 7, 9, 1, 10, 17, 18, 19, 6, 14, 3, 16, 5, 20, 25, 26, 27, 28, 13, 15, 11, 12, 33, 34, 35, 36, 23, 24, 21, 22, 41, 42, 43, 44, 31, 32, 29, 30, 49, 50, 51, 52, 39, 40, 37, 38, 57, 58, 59, 60, 47, 48, 45, 46, 53, 63, 55, 64, 56, 54, 61, 62 ],
\[ 12, 14, 22, 15, 3, 24, 5, 16, 4, 9, 30, 11, 32, 6, 13, 1, 20, 7, 18, 2, 38, 21, 40, 23, 28, 10, 26, 8, 46, 29, 48, 31, 36, 19, 34, 17, 54, 37, 56, 39, 44, 27, 42, 25, 61, 45, 62, 47, 52, 35, 50, 33, 64, 53, 63, 55, 60, 43, 58, 41, 59, 57, 51, 49 ],
\[ 14, 16, 15, 5, 4, 12, 9, 20, 7, 18, 24, 6, 22, 1, 3, 2, 28, 10, 26, 8, 32, 13, 30, 11, 36, 19, 34, 17, 40, 23, 38, 21, 44, 27, 42, 25, 48, 31, 46, 29, 52, 35, 50, 33, 56, 39, 54, 37, 60, 43, 58, 41, 62, 47, 61, 45, 64, 51, 63, 49, 55, 53, 59, 57 ]:
 Order := 64 > |
[ 2, 8, 4, 7, 9, 1, 10, 17, 18, 19, 6, 14, 3, 16, 5, 20, 25, 26, 27, 28, 13, 15, 11, 12, 33, 34, 35, 36, 23, 24, 21, 22, 41, 42, 43, 44, 31, 32, 29, 30, 49, 50, 51, 52, 39, 40, 37, 38, 57, 58, 59, 60, 47, 48, 45, 46, 53, 63, 55, 64, 56, 54, 61, 62 ],
[ 15, 5, 24, 12, 6, 22, 14, 9, 1, 16, 32, 13, 30, 3, 11, 4, 18, 2, 20, 7, 40, 23, 38, 21, 26, 8, 28, 10, 48, 31, 46, 29, 34, 17, 36, 19, 56, 39, 54, 37, 42, 25, 44, 27, 62, 47, 61, 45, 50, 33, 52, 35, 63, 55, 64, 53, 58, 41, 60, 43, 57, 59, 49, 51 ],
[ 5, 9, 12, 14, 1, 15, 16, 18, 2, 20, 22, 3, 24, 4, 6, 7, 26, 8, 28, 10, 30, 11, 32, 13, 34, 17, 36, 19, 38, 21, 40, 23, 42, 25, 44, 27, 46, 29, 48, 31, 50, 33, 52, 35, 54, 37, 56, 39, 58, 41, 60, 43, 61, 45, 62, 47, 63, 49, 64, 51, 53, 55, 57, 59 ]
]
];
s`SolvableDBPointedPassport := [ PowerSequence(PermutationGroup<64 |  
\[ 2, 3, 4, 5, 6, 7, 8, 9, 10, 11, 12, 13, 14, 15, 16, 17, 18, 19, 20, 21, 22, 23, 24, 25, 26, 27, 28, 29, 30, 31, 32, 33, 34, 35, 36, 37, 38, 39, 40, 41, 42, 43, 44, 45, 46, 47, 48, 49, 50, 51, 52, 53, 54, 55, 56, 57, 58, 59, 60, 61, 62, 63, 64, 1 ],
\[ 2, 1, 3, 4, 5, 6, 7, 8, 9, 10, 11, 12, 13, 14, 15, 16, 17, 18, 19, 20, 21, 22, 23, 24, 25, 26, 27, 28, 29, 30, 31, 32, 33, 34, 35, 36, 37, 38, 39, 40, 41, 42, 43, 44, 45, 46, 47, 48, 49, 50, 51, 52, 53, 54, 55, 56, 57, 58, 59, 60, 61, 62, 63, 64 ]:
 Order := 126886932185884164103433389335161480802865516174545192198801894375214704230400000000000000 >) |
[ PermutationGroup<64 |  
\[ 2, 3, 4, 5, 6, 7, 8, 9, 10, 11, 12, 13, 14, 15, 16, 17, 18, 19, 20, 21, 22, 23, 24, 25, 26, 27, 28, 29, 30, 31, 32, 33, 34, 35, 36, 37, 38, 39, 40, 41, 42, 43, 44, 45, 46, 47, 48, 49, 50, 51, 52, 53, 54, 55, 56, 57, 58, 59, 60, 61, 62, 63, 64, 1 ],
\[ 2, 1, 3, 4, 5, 6, 7, 8, 9, 10, 11, 12, 13, 14, 15, 16, 17, 18, 19, 20, 21, 22, 23, 24, 25, 26, 27, 28, 29, 30, 31, 32, 33, 34, 35, 36, 37, 38, 39, 40, 41, 42, 43, 44, 45, 46, 47, 48, 49, 50, 51, 52, 53, 54, 55, 56, 57, 58, 59, 60, 61, 62, 63, 64 ]:
 Order := 126886932185884164103433389335161480802865516174545192198801894375214704230400000000000000 > |
[ 2, 8, 4, 7, 9, 1, 10, 17, 18, 19, 6, 14, 3, 16, 5, 20, 25, 26, 27, 28, 13, 15, 11, 12, 33, 34, 35, 36, 23, 24, 21, 22, 41, 42, 43, 44, 31, 32, 29, 30, 49, 50, 51, 52, 39, 40, 37, 38, 57, 58, 59, 60, 47, 48, 45, 46, 53, 63, 55, 64, 56, 54, 61, 62 ],
[ 12, 14, 22, 15, 3, 24, 5, 16, 4, 9, 30, 11, 32, 6, 13, 1, 20, 7, 18, 2, 38, 21, 40, 23, 28, 10, 26, 8, 46, 29, 48, 31, 36, 19, 34, 17, 54, 37, 56, 39, 44, 27, 42, 25, 61, 45, 62, 47, 52, 35, 50, 33, 64, 53, 63, 55, 60, 43, 58, 41, 59, 57, 51, 49 ],
[ 14, 16, 15, 5, 4, 12, 9, 20, 7, 18, 24, 6, 22, 1, 3, 2, 28, 10, 26, 8, 32, 13, 30, 11, 36, 19, 34, 17, 40, 23, 38, 21, 44, 27, 42, 25, 48, 31, 46, 29, 52, 35, 50, 33, 56, 39, 54, 37, 60, 43, 58, 41, 62, 47, 61, 45, 64, 51, 63, 49, 55, 53, 59, 57 ]
]
];
s`SolvableDBMonodromyGroup := PermutationGroup<64 |  
\[ 2, 8, 4, 7, 9, 1, 10, 17, 18, 19, 6, 14, 3, 16, 5, 20, 25, 26, 27, 28, 13, 15, 11, 12, 33, 34, 35, 36, 23, 24, 21, 22, 41, 42, 43, 44, 31, 32, 29, 30, 49, 50, 51, 52, 39, 40, 37, 38, 57, 58, 59, 60, 47, 48, 45, 46, 53, 63, 55, 64, 56, 54, 61, 62 ],
\[ 12, 14, 22, 15, 3, 24, 5, 16, 4, 9, 30, 11, 32, 6, 13, 1, 20, 7, 18, 2, 38, 21, 40, 23, 28, 10, 26, 8, 46, 29, 48, 31, 36, 19, 34, 17, 54, 37, 56, 39, 44, 27, 42, 25, 61, 45, 62, 47, 52, 35, 50, 33, 64, 53, 63, 55, 60, 43, 58, 41, 59, 57, 51, 49 ],
\[ 14, 16, 15, 5, 4, 12, 9, 20, 7, 18, 24, 6, 22, 1, 3, 2, 28, 10, 26, 8, 32, 13, 30, 11, 36, 19, 34, 17, 40, 23, 38, 21, 44, 27, 42, 25, 48, 31, 46, 29, 52, 35, 50, 33, 56, 39, 54, 37, 60, 43, 58, 41, 62, 47, 61, 45, 64, 51, 63, 49, 55, 53, 59, 57 ] >;
s`SolvableDBAutomorphismGroup := PermutationGroup<64 |  
\[ 59, 55, 49, 57, 64, 51, 53, 45, 62, 47, 43, 58, 41, 63, 60, 61, 39, 54, 37, 56, 33, 52, 35, 50, 29, 48, 31, 46, 27, 42, 25, 44, 23, 38, 21, 40, 17, 36, 19, 34, 11, 32, 13, 30, 10, 26, 8, 28, 6, 22, 3, 24, 2, 20, 7, 18, 1, 15, 4, 12, 9, 16, 5, 14 ],
\[ 2, 8, 4, 7, 9, 1, 10, 17, 18, 19, 6, 14, 3, 16, 5, 20, 25, 26, 27, 28, 13, 15, 11, 12, 33, 34, 35, 36, 23, 24, 21, 22, 41, 42, 43, 44, 31, 32, 29, 30, 49, 50, 51, 52, 39, 40, 37, 38, 57, 58, 59, 60, 47, 48, 45, 46, 53, 63, 55, 64, 56, 54, 61, 62 ],
\[ 64, 62, 58, 63, 59, 60, 61, 54, 55, 56, 52, 49, 50, 57, 51, 53, 48, 45, 46, 47, 42, 43, 44, 41, 38, 39, 40, 37, 36, 33, 34, 35, 32, 29, 30, 31, 26, 27, 28, 25, 22, 23, 24, 21, 20, 17, 18, 19, 15, 11, 12, 13, 9, 10, 16, 8, 5, 6, 14, 3, 2, 7, 1, 4 ]:
 Order := 64 >;
s`SolvableDBPointedAutomorphismGroup := PermutationGroup<64 |  
\[ 57, 53, 51, 59, 63, 49, 55, 47, 61, 45, 41, 60, 43, 64, 58, 62, 37, 56, 39, 54, 35, 50, 33, 52, 31, 46, 29, 48, 25, 44, 27, 42, 21, 40, 23, 38, 19, 34, 17, 36, 13, 30, 11, 32, 8, 28, 10, 26, 3, 24, 6, 22, 7, 18, 2, 20, 4, 12, 1, 15, 16, 9, 14, 5 ],
\[ 6, 1, 13, 3, 15, 11, 4, 2, 5, 7, 23, 24, 21, 12, 22, 14, 8, 9, 10, 16, 31, 32, 29, 30, 17, 18, 19, 20, 39, 40, 37, 38, 25, 26, 27, 28, 47, 48, 45, 46, 33, 34, 35, 36, 55, 56, 53, 54, 41, 42, 43, 44, 57, 62, 59, 61, 49, 50, 51, 52, 63, 64, 58, 60 ]:
 Order := 32 >;
s`SolvableDBPathToPP1 := [ Strings() | "PP1", "2T1-2,2,1-g0-path1", "4T1-4,4,1-g0-path1", "8T1-8,8,1-g0-path1", "16T1-16,16,1-g0-path1", "32S1-32,32,2-g8-path1", "64S50-32,32,2-g15-path2" ];
s`SolvableDBParents := [ Strings() | "128S128-32,32,4-g45-path55", "128S153-32,32,4-g45-path86", "128S159-64,64,2-g31-path10", "128S159-64,64,4-g47-path10", "128S160-64,64,2-g31-path8", "128S160-64,64,4-g47-path8", "128S131-32,32,2-g29-path47" ];
s`SolvableDBChild := "32S1-32,32,2-g8-path1";

/*
Return for eval
*/

return s;
