s := SolvableDBInitialize();

/*
Magma printing
*/

s`SolvableDBName := "64S50-32,16,32-g29-path2";
s`SolvableDBFilename := "64S50-32,16,32-g29-path2.m";
s`SolvableDBPassportName := "64S50-32,16,32-g29";
s`SolvableDBPathNumber := 2;
s`SolvableDBDegree := 64;
s`SolvableDBOrders := \[ 32, 16, 32 ];
s`SolvableDBType := "Hyperbolic";
s`SolvableDBGenus := 29;
s`SolvableDBGaloisOrbitSize := 1;
s`SolvableDBPassportSize := 4;
s`SolvableDBPointedPassportSize := 4;
s`SolvableDBLevel := 6;
s`SolvableDBBlocks := {@ PowerSet(IntegerRing()) |
{ IntegerRing() | 1, 5 },
{ IntegerRing() | 2, 10 },
{ IntegerRing() | 3, 14 },
{ IntegerRing() | 4, 18 },
{ IntegerRing() | 6, 21 },
{ IntegerRing() | 7, 22 },
{ IntegerRing() | 8, 23 },
{ IntegerRing() | 9, 28 },
{ IntegerRing() | 11, 31 },
{ IntegerRing() | 12, 32 },
{ IntegerRing() | 13, 35 },
{ IntegerRing() | 15, 37 },
{ IntegerRing() | 16, 38 },
{ IntegerRing() | 17, 40 },
{ IntegerRing() | 19, 42 },
{ IntegerRing() | 20, 43 },
{ IntegerRing() | 24, 45 },
{ IntegerRing() | 25, 46 },
{ IntegerRing() | 26, 47 },
{ IntegerRing() | 27, 49 },
{ IntegerRing() | 29, 51 },
{ IntegerRing() | 30, 52 },
{ IntegerRing() | 33, 55 },
{ IntegerRing() | 34, 56 },
{ IntegerRing() | 36, 57 },
{ IntegerRing() | 39, 58 },
{ IntegerRing() | 41, 59 },
{ IntegerRing() | 44, 60 },
{ IntegerRing() | 48, 61 },
{ IntegerRing() | 50, 62 },
{ IntegerRing() | 53, 63 },
{ IntegerRing() | 54, 64 }
@};
s`SolvableDBIsRamifiedAtEveryLevel := false;
s`SolvableDBGaloisOrbit := [ PowerSequence(PermutationGroup<64 |  
\[ 2, 3, 4, 5, 6, 7, 8, 9, 10, 11, 12, 13, 14, 15, 16, 17, 18, 19, 20, 21, 22, 23, 24, 25, 26, 27, 28, 29, 30, 31, 32, 33, 34, 35, 36, 37, 38, 39, 40, 41, 42, 43, 44, 45, 46, 47, 48, 49, 50, 51, 52, 53, 54, 55, 56, 57, 58, 59, 60, 61, 62, 63, 64, 1 ],
\[ 2, 1, 3, 4, 5, 6, 7, 8, 9, 10, 11, 12, 13, 14, 15, 16, 17, 18, 19, 20, 21, 22, 23, 24, 25, 26, 27, 28, 29, 30, 31, 32, 33, 34, 35, 36, 37, 38, 39, 40, 41, 42, 43, 44, 45, 46, 47, 48, 49, 50, 51, 52, 53, 54, 55, 56, 57, 58, 59, 60, 61, 62, 63, 64 ]:
 Order := 126886932185884164103433389335161480802865516174545192198801894375214704230400000000000000 >) |
[ PermutationGroup<64 |  
\[ 2, 3, 4, 5, 6, 7, 8, 9, 10, 11, 12, 13, 14, 15, 16, 17, 18, 19, 20, 21, 22, 23, 24, 25, 26, 27, 28, 29, 30, 31, 32, 33, 34, 35, 36, 37, 38, 39, 40, 41, 42, 43, 44, 45, 46, 47, 48, 49, 50, 51, 52, 53, 54, 55, 56, 57, 58, 59, 60, 61, 62, 63, 64, 1 ],
\[ 2, 1, 3, 4, 5, 6, 7, 8, 9, 10, 11, 12, 13, 14, 15, 16, 17, 18, 19, 20, 21, 22, 23, 24, 25, 26, 27, 28, 29, 30, 31, 32, 33, 34, 35, 36, 37, 38, 39, 40, 41, 42, 43, 44, 45, 46, 47, 48, 49, 50, 51, 52, 53, 54, 55, 56, 57, 58, 59, 60, 61, 62, 63, 64 ]:
 Order := 126886932185884164103433389335161480802865516174545192198801894375214704230400000000000000 > |
[ 2, 9, 8, 7, 10, 1, 11, 12, 27, 28, 29, 30, 16, 23, 3, 26, 20, 22, 4, 25, 5, 31, 32, 6, 33, 34, 39, 49, 48, 50, 51, 52, 53, 54, 38, 13, 14, 47, 15, 43, 17, 18, 46, 19, 21, 55, 56, 24, 58, 36, 61, 62, 44, 41, 63, 64, 35, 37, 40, 42, 45, 57, 60, 59 ],
[ 14, 23, 35, 21, 3, 37, 5, 38, 32, 8, 10, 47, 40, 13, 57, 43, 42, 6, 45, 18, 15, 1, 16, 58, 22, 46, 52, 12, 28, 56, 2, 26, 31, 55, 17, 59, 36, 20, 62, 19, 60, 24, 4, 61, 39, 7, 25, 49, 30, 64, 9, 34, 51, 63, 11, 33, 41, 50, 44, 48, 27, 54, 29, 53 ],
[ 18, 22, 21, 40, 4, 42, 43, 5, 31, 7, 46, 10, 37, 6, 45, 14, 57, 17, 59, 35, 19, 20, 1, 60, 38, 23, 51, 11, 55, 28, 25, 2, 47, 32, 15, 58, 24, 3, 61, 36, 62, 41, 13, 64, 44, 16, 8, 63, 29, 49, 33, 9, 56, 52, 26, 12, 39, 48, 50, 54, 53, 27, 34, 30 ]
]
];
s`SolvableDBPassport := [ PowerSequence(PermutationGroup<64 |  
\[ 2, 9, 8, 7, 10, 1, 11, 12, 27, 28, 29, 30, 16, 23, 3, 26, 20, 22, 4, 25, 5, 31, 32, 6, 33, 34, 39, 49, 48, 50, 51, 52, 53, 54, 38, 13, 14, 47, 15, 43, 17, 18, 46, 19, 21, 55, 56, 24, 58, 36, 61, 62, 44, 41, 63, 64, 35, 37, 40, 42, 45, 57, 60, 59 ],
\[ 14, 23, 35, 21, 3, 37, 5, 38, 32, 8, 10, 47, 40, 13, 57, 43, 42, 6, 45, 18, 15, 1, 16, 58, 22, 46, 52, 12, 28, 56, 2, 26, 31, 55, 17, 59, 36, 20, 62, 19, 60, 24, 4, 61, 39, 7, 25, 49, 30, 64, 9, 34, 51, 63, 11, 33, 41, 50, 44, 48, 27, 54, 29, 53 ],
\[ 18, 22, 21, 40, 4, 42, 43, 5, 31, 7, 46, 10, 37, 6, 45, 14, 57, 17, 59, 35, 19, 20, 1, 60, 38, 23, 51, 11, 55, 28, 25, 2, 47, 32, 15, 58, 24, 3, 61, 36, 62, 41, 13, 64, 44, 16, 8, 63, 29, 49, 33, 9, 56, 52, 26, 12, 39, 48, 50, 54, 53, 27, 34, 30 ]:
 Order := 64 >) |
[ PermutationGroup<64 |  
\[ 2, 9, 8, 7, 10, 1, 11, 12, 27, 28, 29, 30, 16, 23, 3, 26, 20, 22, 4, 25, 5, 31, 32, 6, 33, 34, 39, 49, 48, 50, 51, 52, 53, 54, 38, 13, 14, 47, 15, 43, 17, 18, 46, 19, 21, 55, 56, 24, 58, 36, 61, 62, 44, 41, 63, 64, 35, 37, 40, 42, 45, 57, 60, 59 ],
\[ 14, 23, 35, 21, 3, 37, 5, 38, 32, 8, 10, 47, 40, 13, 57, 43, 42, 6, 45, 18, 15, 1, 16, 58, 22, 46, 52, 12, 28, 56, 2, 26, 31, 55, 17, 59, 36, 20, 62, 19, 60, 24, 4, 61, 39, 7, 25, 49, 30, 64, 9, 34, 51, 63, 11, 33, 41, 50, 44, 48, 27, 54, 29, 53 ],
\[ 18, 22, 21, 40, 4, 42, 43, 5, 31, 7, 46, 10, 37, 6, 45, 14, 57, 17, 59, 35, 19, 20, 1, 60, 38, 23, 51, 11, 55, 28, 25, 2, 47, 32, 15, 58, 24, 3, 61, 36, 62, 41, 13, 64, 44, 16, 8, 63, 29, 49, 33, 9, 56, 52, 26, 12, 39, 48, 50, 54, 53, 27, 34, 30 ]:
 Order := 64 > |
[ 6, 1, 15, 19, 21, 24, 4, 3, 2, 5, 7, 8, 36, 37, 39, 13, 41, 42, 44, 17, 45, 18, 14, 48, 20, 16, 9, 10, 11, 12, 22, 23, 25, 26, 57, 50, 58, 35, 27, 59, 54, 60, 40, 53, 61, 43, 38, 29, 28, 30, 31, 32, 33, 34, 46, 47, 62, 49, 64, 63, 51, 52, 55, 56 ],
[ 14, 23, 35, 21, 3, 37, 5, 38, 32, 8, 10, 47, 40, 13, 57, 43, 42, 6, 45, 18, 15, 1, 16, 58, 22, 46, 52, 12, 28, 56, 2, 26, 31, 55, 17, 59, 36, 20, 62, 19, 60, 24, 4, 61, 39, 7, 25, 49, 30, 64, 9, 34, 51, 63, 11, 33, 41, 50, 44, 48, 27, 54, 29, 53 ],
[ 31, 51, 10, 46, 11, 22, 55, 28, 61, 29, 63, 49, 23, 2, 5, 32, 38, 25, 43, 47, 7, 33, 9, 18, 56, 52, 45, 48, 60, 58, 53, 27, 64, 62, 8, 14, 1, 12, 21, 16, 35, 20, 26, 40, 4, 34, 30, 42, 24, 37, 44, 39, 59, 57, 54, 50, 3, 6, 13, 17, 19, 15, 41, 36 ]
],
[ PermutationGroup<64 |  
\[ 2, 9, 8, 7, 10, 1, 11, 12, 27, 28, 29, 30, 16, 23, 3, 26, 20, 22, 4, 25, 5, 31, 32, 6, 33, 34, 39, 49, 48, 50, 51, 52, 53, 54, 38, 13, 14, 47, 15, 43, 17, 18, 46, 19, 21, 55, 56, 24, 58, 36, 61, 62, 44, 41, 63, 64, 35, 37, 40, 42, 45, 57, 60, 59 ],
\[ 14, 23, 35, 21, 3, 37, 5, 38, 32, 8, 10, 47, 40, 13, 57, 43, 42, 6, 45, 18, 15, 1, 16, 58, 22, 46, 52, 12, 28, 56, 2, 26, 31, 55, 17, 59, 36, 20, 62, 19, 60, 24, 4, 61, 39, 7, 25, 49, 30, 64, 9, 34, 51, 63, 11, 33, 41, 50, 44, 48, 27, 54, 29, 53 ],
\[ 18, 22, 21, 40, 4, 42, 43, 5, 31, 7, 46, 10, 37, 6, 45, 14, 57, 17, 59, 35, 19, 20, 1, 60, 38, 23, 51, 11, 55, 28, 25, 2, 47, 32, 15, 58, 24, 3, 61, 36, 62, 41, 13, 64, 44, 16, 8, 63, 29, 49, 33, 9, 56, 52, 26, 12, 39, 48, 50, 54, 53, 27, 34, 30 ]:
 Order := 64 > |
[ 6, 1, 15, 19, 21, 24, 4, 3, 2, 5, 7, 8, 36, 37, 39, 13, 41, 42, 44, 17, 45, 18, 14, 48, 20, 16, 9, 10, 11, 12, 22, 23, 25, 26, 57, 50, 58, 35, 27, 59, 54, 60, 40, 53, 61, 43, 38, 29, 28, 30, 31, 32, 33, 34, 46, 47, 62, 49, 64, 63, 51, 52, 55, 56 ],
[ 28, 49, 32, 31, 9, 10, 51, 52, 58, 27, 61, 62, 47, 12, 23, 56, 46, 11, 22, 55, 2, 29, 30, 5, 63, 64, 37, 39, 45, 57, 48, 50, 60, 59, 26, 38, 8, 34, 14, 25, 43, 7, 33, 18, 1, 53, 54, 21, 15, 35, 24, 36, 42, 40, 44, 41, 16, 3, 20, 4, 6, 13, 19, 17 ],
[ 21, 5, 37, 42, 6, 45, 18, 14, 10, 1, 22, 23, 57, 15, 58, 35, 59, 19, 60, 40, 24, 4, 3, 61, 43, 38, 28, 2, 31, 32, 7, 8, 46, 47, 36, 62, 39, 13, 49, 41, 64, 44, 17, 63, 48, 20, 16, 51, 9, 52, 11, 12, 55, 56, 25, 26, 50, 27, 54, 53, 29, 30, 33, 34 ]
],
[ PermutationGroup<64 |  
\[ 2, 9, 8, 7, 10, 1, 11, 12, 27, 28, 29, 30, 16, 23, 3, 26, 20, 22, 4, 25, 5, 31, 32, 6, 33, 34, 39, 49, 48, 50, 51, 52, 53, 54, 38, 13, 14, 47, 15, 43, 17, 18, 46, 19, 21, 55, 56, 24, 58, 36, 61, 62, 44, 41, 63, 64, 35, 37, 40, 42, 45, 57, 60, 59 ],
\[ 14, 23, 35, 21, 3, 37, 5, 38, 32, 8, 10, 47, 40, 13, 57, 43, 42, 6, 45, 18, 15, 1, 16, 58, 22, 46, 52, 12, 28, 56, 2, 26, 31, 55, 17, 59, 36, 20, 62, 19, 60, 24, 4, 61, 39, 7, 25, 49, 30, 64, 9, 34, 51, 63, 11, 33, 41, 50, 44, 48, 27, 54, 29, 53 ],
\[ 18, 22, 21, 40, 4, 42, 43, 5, 31, 7, 46, 10, 37, 6, 45, 14, 57, 17, 59, 35, 19, 20, 1, 60, 38, 23, 51, 11, 55, 28, 25, 2, 47, 32, 15, 58, 24, 3, 61, 36, 62, 41, 13, 64, 44, 16, 8, 63, 29, 49, 33, 9, 56, 52, 26, 12, 39, 48, 50, 54, 53, 27, 34, 30 ]:
 Order := 64 > |
[ 6, 1, 15, 19, 21, 24, 4, 3, 2, 5, 7, 8, 36, 37, 39, 13, 41, 42, 44, 17, 45, 18, 14, 48, 20, 16, 9, 10, 11, 12, 22, 23, 25, 26, 57, 50, 58, 35, 27, 59, 54, 60, 40, 53, 61, 43, 38, 29, 28, 30, 31, 32, 33, 34, 46, 47, 62, 49, 64, 63, 51, 52, 55, 56 ],
[ 47, 56, 46, 23, 26, 38, 32, 55, 64, 34, 52, 63, 22, 25, 43, 31, 5, 8, 14, 10, 16, 12, 33, 35, 28, 51, 59, 54, 62, 60, 30, 53, 49, 61, 7, 18, 20, 11, 40, 1, 21, 3, 2, 37, 13, 9, 29, 57, 41, 42, 50, 44, 58, 45, 27, 48, 4, 17, 6, 15, 36, 19, 39, 24 ],
[ 43, 46, 18, 35, 20, 40, 38, 22, 55, 25, 47, 31, 21, 4, 42, 5, 37, 13, 57, 14, 17, 16, 7, 59, 23, 10, 63, 33, 56, 51, 26, 11, 32, 28, 6, 45, 19, 1, 60, 15, 58, 36, 3, 62, 41, 8, 2, 64, 53, 61, 34, 29, 52, 49, 12, 9, 24, 44, 39, 50, 54, 48, 30, 27 ]
],
[ PermutationGroup<64 |  
\[ 2, 9, 8, 7, 10, 1, 11, 12, 27, 28, 29, 30, 16, 23, 3, 26, 20, 22, 4, 25, 5, 31, 32, 6, 33, 34, 39, 49, 48, 50, 51, 52, 53, 54, 38, 13, 14, 47, 15, 43, 17, 18, 46, 19, 21, 55, 56, 24, 58, 36, 61, 62, 44, 41, 63, 64, 35, 37, 40, 42, 45, 57, 60, 59 ],
\[ 14, 23, 35, 21, 3, 37, 5, 38, 32, 8, 10, 47, 40, 13, 57, 43, 42, 6, 45, 18, 15, 1, 16, 58, 22, 46, 52, 12, 28, 56, 2, 26, 31, 55, 17, 59, 36, 20, 62, 19, 60, 24, 4, 61, 39, 7, 25, 49, 30, 64, 9, 34, 51, 63, 11, 33, 41, 50, 44, 48, 27, 54, 29, 53 ],
\[ 18, 22, 21, 40, 4, 42, 43, 5, 31, 7, 46, 10, 37, 6, 45, 14, 57, 17, 59, 35, 19, 20, 1, 60, 38, 23, 51, 11, 55, 28, 25, 2, 47, 32, 15, 58, 24, 3, 61, 36, 62, 41, 13, 64, 44, 16, 8, 63, 29, 49, 33, 9, 56, 52, 26, 12, 39, 48, 50, 54, 53, 27, 34, 30 ]:
 Order := 64 > |
[ 6, 1, 15, 19, 21, 24, 4, 3, 2, 5, 7, 8, 36, 37, 39, 13, 41, 42, 44, 17, 45, 18, 14, 48, 20, 16, 9, 10, 11, 12, 22, 23, 25, 26, 57, 50, 58, 35, 27, 59, 54, 60, 40, 53, 61, 43, 38, 29, 28, 30, 31, 32, 33, 34, 46, 47, 62, 49, 64, 63, 51, 52, 55, 56 ],
[ 22, 31, 5, 43, 7, 18, 46, 10, 51, 11, 55, 28, 14, 1, 21, 23, 35, 20, 40, 38, 4, 25, 2, 42, 47, 32, 61, 29, 63, 49, 33, 9, 56, 52, 3, 37, 6, 8, 45, 13, 57, 17, 16, 59, 19, 26, 12, 60, 48, 58, 53, 27, 64, 62, 34, 30, 15, 24, 36, 41, 44, 39, 54, 50 ],
[ 23, 32, 38, 5, 8, 14, 10, 47, 52, 12, 28, 56, 43, 16, 35, 46, 18, 1, 21, 22, 3, 2, 26, 37, 31, 55, 62, 30, 49, 64, 9, 34, 51, 63, 20, 40, 13, 25, 57, 4, 42, 6, 7, 45, 15, 11, 33, 58, 50, 59, 27, 54, 61, 60, 29, 53, 17, 36, 19, 24, 39, 41, 48, 44 ]
]
];
s`SolvableDBPointedPassport := [ PowerSequence(PermutationGroup<64 |  
\[ 2, 3, 4, 5, 6, 7, 8, 9, 10, 11, 12, 13, 14, 15, 16, 17, 18, 19, 20, 21, 22, 23, 24, 25, 26, 27, 28, 29, 30, 31, 32, 33, 34, 35, 36, 37, 38, 39, 40, 41, 42, 43, 44, 45, 46, 47, 48, 49, 50, 51, 52, 53, 54, 55, 56, 57, 58, 59, 60, 61, 62, 63, 64, 1 ],
\[ 2, 1, 3, 4, 5, 6, 7, 8, 9, 10, 11, 12, 13, 14, 15, 16, 17, 18, 19, 20, 21, 22, 23, 24, 25, 26, 27, 28, 29, 30, 31, 32, 33, 34, 35, 36, 37, 38, 39, 40, 41, 42, 43, 44, 45, 46, 47, 48, 49, 50, 51, 52, 53, 54, 55, 56, 57, 58, 59, 60, 61, 62, 63, 64 ]:
 Order := 126886932185884164103433389335161480802865516174545192198801894375214704230400000000000000 >) |
[ PermutationGroup<64 |  
\[ 2, 3, 4, 5, 6, 7, 8, 9, 10, 11, 12, 13, 14, 15, 16, 17, 18, 19, 20, 21, 22, 23, 24, 25, 26, 27, 28, 29, 30, 31, 32, 33, 34, 35, 36, 37, 38, 39, 40, 41, 42, 43, 44, 45, 46, 47, 48, 49, 50, 51, 52, 53, 54, 55, 56, 57, 58, 59, 60, 61, 62, 63, 64, 1 ],
\[ 2, 1, 3, 4, 5, 6, 7, 8, 9, 10, 11, 12, 13, 14, 15, 16, 17, 18, 19, 20, 21, 22, 23, 24, 25, 26, 27, 28, 29, 30, 31, 32, 33, 34, 35, 36, 37, 38, 39, 40, 41, 42, 43, 44, 45, 46, 47, 48, 49, 50, 51, 52, 53, 54, 55, 56, 57, 58, 59, 60, 61, 62, 63, 64 ]:
 Order := 126886932185884164103433389335161480802865516174545192198801894375214704230400000000000000 > |
[ 6, 1, 15, 19, 21, 24, 4, 3, 2, 5, 7, 8, 36, 37, 39, 13, 41, 42, 44, 17, 45, 18, 14, 48, 20, 16, 9, 10, 11, 12, 22, 23, 25, 26, 57, 50, 58, 35, 27, 59, 54, 60, 40, 53, 61, 43, 38, 29, 28, 30, 31, 32, 33, 34, 46, 47, 62, 49, 64, 63, 51, 52, 55, 56 ],
[ 28, 49, 32, 31, 9, 10, 51, 52, 58, 27, 61, 62, 47, 12, 23, 56, 46, 11, 22, 55, 2, 29, 30, 5, 63, 64, 37, 39, 45, 57, 48, 50, 60, 59, 26, 38, 8, 34, 14, 25, 43, 7, 33, 18, 1, 53, 54, 21, 15, 35, 24, 36, 42, 40, 44, 41, 16, 3, 20, 4, 6, 13, 19, 17 ],
[ 21, 5, 37, 42, 6, 45, 18, 14, 10, 1, 22, 23, 57, 15, 58, 35, 59, 19, 60, 40, 24, 4, 3, 61, 43, 38, 28, 2, 31, 32, 7, 8, 46, 47, 36, 62, 39, 13, 49, 41, 64, 44, 17, 63, 48, 20, 16, 51, 9, 52, 11, 12, 55, 56, 25, 26, 50, 27, 54, 53, 29, 30, 33, 34 ]
],
[ PermutationGroup<64 |  
\[ 2, 3, 4, 5, 6, 7, 8, 9, 10, 11, 12, 13, 14, 15, 16, 17, 18, 19, 20, 21, 22, 23, 24, 25, 26, 27, 28, 29, 30, 31, 32, 33, 34, 35, 36, 37, 38, 39, 40, 41, 42, 43, 44, 45, 46, 47, 48, 49, 50, 51, 52, 53, 54, 55, 56, 57, 58, 59, 60, 61, 62, 63, 64, 1 ],
\[ 2, 1, 3, 4, 5, 6, 7, 8, 9, 10, 11, 12, 13, 14, 15, 16, 17, 18, 19, 20, 21, 22, 23, 24, 25, 26, 27, 28, 29, 30, 31, 32, 33, 34, 35, 36, 37, 38, 39, 40, 41, 42, 43, 44, 45, 46, 47, 48, 49, 50, 51, 52, 53, 54, 55, 56, 57, 58, 59, 60, 61, 62, 63, 64 ]:
 Order := 126886932185884164103433389335161480802865516174545192198801894375214704230400000000000000 > |
[ 6, 1, 15, 19, 21, 24, 4, 3, 2, 5, 7, 8, 36, 37, 39, 13, 41, 42, 44, 17, 45, 18, 14, 48, 20, 16, 9, 10, 11, 12, 22, 23, 25, 26, 57, 50, 58, 35, 27, 59, 54, 60, 40, 53, 61, 43, 38, 29, 28, 30, 31, 32, 33, 34, 46, 47, 62, 49, 64, 63, 51, 52, 55, 56 ],
[ 47, 56, 46, 23, 26, 38, 32, 55, 64, 34, 52, 63, 22, 25, 43, 31, 5, 8, 14, 10, 16, 12, 33, 35, 28, 51, 59, 54, 62, 60, 30, 53, 49, 61, 7, 18, 20, 11, 40, 1, 21, 3, 2, 37, 13, 9, 29, 57, 41, 42, 50, 44, 58, 45, 27, 48, 4, 17, 6, 15, 36, 19, 39, 24 ],
[ 43, 46, 18, 35, 20, 40, 38, 22, 55, 25, 47, 31, 21, 4, 42, 5, 37, 13, 57, 14, 17, 16, 7, 59, 23, 10, 63, 33, 56, 51, 26, 11, 32, 28, 6, 45, 19, 1, 60, 15, 58, 36, 3, 62, 41, 8, 2, 64, 53, 61, 34, 29, 52, 49, 12, 9, 24, 44, 39, 50, 54, 48, 30, 27 ]
],
[ PermutationGroup<64 |  
\[ 2, 3, 4, 5, 6, 7, 8, 9, 10, 11, 12, 13, 14, 15, 16, 17, 18, 19, 20, 21, 22, 23, 24, 25, 26, 27, 28, 29, 30, 31, 32, 33, 34, 35, 36, 37, 38, 39, 40, 41, 42, 43, 44, 45, 46, 47, 48, 49, 50, 51, 52, 53, 54, 55, 56, 57, 58, 59, 60, 61, 62, 63, 64, 1 ],
\[ 2, 1, 3, 4, 5, 6, 7, 8, 9, 10, 11, 12, 13, 14, 15, 16, 17, 18, 19, 20, 21, 22, 23, 24, 25, 26, 27, 28, 29, 30, 31, 32, 33, 34, 35, 36, 37, 38, 39, 40, 41, 42, 43, 44, 45, 46, 47, 48, 49, 50, 51, 52, 53, 54, 55, 56, 57, 58, 59, 60, 61, 62, 63, 64 ]:
 Order := 126886932185884164103433389335161480802865516174545192198801894375214704230400000000000000 > |
[ 6, 1, 15, 19, 21, 24, 4, 3, 2, 5, 7, 8, 36, 37, 39, 13, 41, 42, 44, 17, 45, 18, 14, 48, 20, 16, 9, 10, 11, 12, 22, 23, 25, 26, 57, 50, 58, 35, 27, 59, 54, 60, 40, 53, 61, 43, 38, 29, 28, 30, 31, 32, 33, 34, 46, 47, 62, 49, 64, 63, 51, 52, 55, 56 ],
[ 22, 31, 5, 43, 7, 18, 46, 10, 51, 11, 55, 28, 14, 1, 21, 23, 35, 20, 40, 38, 4, 25, 2, 42, 47, 32, 61, 29, 63, 49, 33, 9, 56, 52, 3, 37, 6, 8, 45, 13, 57, 17, 16, 59, 19, 26, 12, 60, 48, 58, 53, 27, 64, 62, 34, 30, 15, 24, 36, 41, 44, 39, 54, 50 ],
[ 23, 32, 38, 5, 8, 14, 10, 47, 52, 12, 28, 56, 43, 16, 35, 46, 18, 1, 21, 22, 3, 2, 26, 37, 31, 55, 62, 30, 49, 64, 9, 34, 51, 63, 20, 40, 13, 25, 57, 4, 42, 6, 7, 45, 15, 11, 33, 58, 50, 59, 27, 54, 61, 60, 29, 53, 17, 36, 19, 24, 39, 41, 48, 44 ]
],
[ PermutationGroup<64 |  
\[ 2, 3, 4, 5, 6, 7, 8, 9, 10, 11, 12, 13, 14, 15, 16, 17, 18, 19, 20, 21, 22, 23, 24, 25, 26, 27, 28, 29, 30, 31, 32, 33, 34, 35, 36, 37, 38, 39, 40, 41, 42, 43, 44, 45, 46, 47, 48, 49, 50, 51, 52, 53, 54, 55, 56, 57, 58, 59, 60, 61, 62, 63, 64, 1 ],
\[ 2, 1, 3, 4, 5, 6, 7, 8, 9, 10, 11, 12, 13, 14, 15, 16, 17, 18, 19, 20, 21, 22, 23, 24, 25, 26, 27, 28, 29, 30, 31, 32, 33, 34, 35, 36, 37, 38, 39, 40, 41, 42, 43, 44, 45, 46, 47, 48, 49, 50, 51, 52, 53, 54, 55, 56, 57, 58, 59, 60, 61, 62, 63, 64 ]:
 Order := 126886932185884164103433389335161480802865516174545192198801894375214704230400000000000000 > |
[ 6, 1, 15, 19, 21, 24, 4, 3, 2, 5, 7, 8, 36, 37, 39, 13, 41, 42, 44, 17, 45, 18, 14, 48, 20, 16, 9, 10, 11, 12, 22, 23, 25, 26, 57, 50, 58, 35, 27, 59, 54, 60, 40, 53, 61, 43, 38, 29, 28, 30, 31, 32, 33, 34, 46, 47, 62, 49, 64, 63, 51, 52, 55, 56 ],
[ 14, 23, 35, 21, 3, 37, 5, 38, 32, 8, 10, 47, 40, 13, 57, 43, 42, 6, 45, 18, 15, 1, 16, 58, 22, 46, 52, 12, 28, 56, 2, 26, 31, 55, 17, 59, 36, 20, 62, 19, 60, 24, 4, 61, 39, 7, 25, 49, 30, 64, 9, 34, 51, 63, 11, 33, 41, 50, 44, 48, 27, 54, 29, 53 ],
[ 31, 51, 10, 46, 11, 22, 55, 28, 61, 29, 63, 49, 23, 2, 5, 32, 38, 25, 43, 47, 7, 33, 9, 18, 56, 52, 45, 48, 60, 58, 53, 27, 64, 62, 8, 14, 1, 12, 21, 16, 35, 20, 26, 40, 4, 34, 30, 42, 24, 37, 44, 39, 59, 57, 54, 50, 3, 6, 13, 17, 19, 15, 41, 36 ]
]
];
s`SolvableDBMonodromyGroup := PermutationGroup<64 |  
\[ 2, 9, 8, 7, 10, 1, 11, 12, 27, 28, 29, 30, 16, 23, 3, 26, 20, 22, 4, 25, 5, 31, 32, 6, 33, 34, 39, 49, 48, 50, 51, 52, 53, 54, 38, 13, 14, 47, 15, 43, 17, 18, 46, 19, 21, 55, 56, 24, 58, 36, 61, 62, 44, 41, 63, 64, 35, 37, 40, 42, 45, 57, 60, 59 ],
\[ 14, 23, 35, 21, 3, 37, 5, 38, 32, 8, 10, 47, 40, 13, 57, 43, 42, 6, 45, 18, 15, 1, 16, 58, 22, 46, 52, 12, 28, 56, 2, 26, 31, 55, 17, 59, 36, 20, 62, 19, 60, 24, 4, 61, 39, 7, 25, 49, 30, 64, 9, 34, 51, 63, 11, 33, 41, 50, 44, 48, 27, 54, 29, 53 ],
\[ 18, 22, 21, 40, 4, 42, 43, 5, 31, 7, 46, 10, 37, 6, 45, 14, 57, 17, 59, 35, 19, 20, 1, 60, 38, 23, 51, 11, 55, 28, 25, 2, 47, 32, 15, 58, 24, 3, 61, 36, 62, 41, 13, 64, 44, 16, 8, 63, 29, 49, 33, 9, 56, 52, 26, 12, 39, 48, 50, 54, 53, 27, 34, 30 ] >;
s`SolvableDBAutomorphismGroup := PermutationGroup<64 |  
\[ 54, 41, 53, 30, 64, 34, 50, 44, 17, 59, 36, 19, 29, 63, 33, 48, 9, 52, 12, 27, 56, 62, 60, 26, 39, 24, 20, 40, 13, 4, 57, 42, 15, 6, 51, 11, 55, 61, 25, 28, 2, 32, 49, 8, 47, 58, 45, 16, 43, 7, 35, 18, 3, 1, 37, 21, 31, 46, 10, 23, 38, 22, 14, 5 ],
\[ 2, 9, 8, 7, 10, 1, 11, 12, 27, 28, 29, 30, 16, 23, 3, 26, 20, 22, 4, 25, 5, 31, 32, 6, 33, 34, 39, 49, 48, 50, 51, 52, 53, 54, 38, 13, 14, 47, 15, 43, 17, 18, 46, 19, 21, 55, 56, 24, 58, 36, 61, 62, 44, 41, 63, 64, 35, 37, 40, 42, 45, 57, 60, 59 ],
\[ 64, 59, 63, 52, 54, 56, 62, 60, 40, 41, 57, 42, 51, 53, 55, 61, 28, 30, 32, 49, 34, 50, 44, 47, 58, 45, 43, 17, 35, 18, 36, 19, 37, 21, 29, 31, 33, 48, 46, 9, 10, 12, 27, 23, 26, 39, 24, 38, 20, 22, 13, 4, 14, 5, 15, 6, 11, 25, 2, 8, 16, 7, 3, 1 ]:
 Order := 64 >;
s`SolvableDBPointedAutomorphismGroup := PermutationGroup<64 |  
\[ 54, 41, 53, 30, 64, 34, 50, 44, 17, 59, 36, 19, 29, 63, 33, 48, 9, 52, 12, 27, 56, 62, 60, 26, 39, 24, 20, 40, 13, 4, 57, 42, 15, 6, 51, 11, 55, 61, 25, 28, 2, 32, 49, 8, 47, 58, 45, 16, 43, 7, 35, 18, 3, 1, 37, 21, 31, 46, 10, 23, 38, 22, 14, 5 ],
\[ 6, 1, 15, 19, 21, 24, 4, 3, 2, 5, 7, 8, 36, 37, 39, 13, 41, 42, 44, 17, 45, 18, 14, 48, 20, 16, 9, 10, 11, 12, 22, 23, 25, 26, 57, 50, 58, 35, 27, 59, 54, 60, 40, 53, 61, 43, 38, 29, 28, 30, 31, 32, 33, 34, 46, 47, 62, 49, 64, 63, 51, 52, 55, 56 ]:
 Order := 32 >;
s`SolvableDBPathToPP1 := [ Strings() | "PP1", "2T1-2,1,2-g0-path1", "4T1-4,2,4-g1-path1", "8T1-8,4,8-g3-path1", "16T1-16,8,16-g7-path2", "32S1-32,16,32-g15-path1", "64S50-32,16,32-g29-path2" ];
s`SolvableDBParents := [ Strings() | "128S159-64,32,64-g61-path23", "128S160-64,32,64-g61-path7", "128S159-64,32,64-g61-path24", "128S160-64,32,64-g61-path8", "128S131-32,16,32-g57-path16", "128S128-32,16,32-g57-path8", "128S153-32,16,32-g57-path16" ];
s`SolvableDBChild := "32S1-32,16,32-g15-path1";

/*
Return for eval
*/

return s;
