s := SolvableDBObjectInitialize();

/*
Basic Information about the Passport
*/

s`SolvableDBName := "64S5-4,8,8-g17-path83";
s`SolvableDBFilename := "64S5-4,8,8-g17-path83.m";
s`SolvableDBPathNumber := 83;
s`SolvableDBDegree := 64;
s`SolvableDBABC := \[ 4, 8, 8 ];
s`SolvableDBType := "Hyperbolic";
s`SolvableDBGenus := 17;
s`SolvableDBGaloisOrbitSize := 1;
s`SolvableDBPassportSize := 2;
s`SolvableDBPointedPassportSize := 2;
s`SolvableDBLevel := 6;
s`SolvableDBBlocks := {@ PowerSet(IntegerRing()) |
{ IntegerRing() | 1, 5 },
{ IntegerRing() | 2, 11 },
{ IntegerRing() | 3, 16 },
{ IntegerRing() | 4, 21 },
{ IntegerRing() | 6, 24 },
{ IntegerRing() | 7, 25 },
{ IntegerRing() | 8, 26 },
{ IntegerRing() | 9, 38 },
{ IntegerRing() | 10, 40 },
{ IntegerRing() | 12, 42 },
{ IntegerRing() | 13, 43 },
{ IntegerRing() | 14, 41 },
{ IntegerRing() | 15, 50 },
{ IntegerRing() | 17, 52 },
{ IntegerRing() | 18, 44 },
{ IntegerRing() | 19, 49 },
{ IntegerRing() | 20, 45 },
{ IntegerRing() | 22, 55 },
{ IntegerRing() | 23, 48 },
{ IntegerRing() | 27, 54 },
{ IntegerRing() | 28, 61 },
{ IntegerRing() | 29, 62 },
{ IntegerRing() | 30, 51 },
{ IntegerRing() | 31, 53 },
{ IntegerRing() | 32, 63 },
{ IntegerRing() | 33, 60 },
{ IntegerRing() | 34, 59 },
{ IntegerRing() | 35, 47 },
{ IntegerRing() | 36, 58 },
{ IntegerRing() | 37, 64 },
{ IntegerRing() | 39, 57 },
{ IntegerRing() | 46, 56 }
@};

/*
Permutations and Passports
*/

s`SolvableDBGaloisOrbit := [ PowerSequence(PermutationGroup<64 |  
\[ 2, 3, 4, 5, 6, 7, 8, 9, 10, 11, 12, 13, 14, 15, 16, 17, 18, 19, 20, 21, 22, 23, 24, 25, 26, 27, 28, 29, 30, 31, 32, 33, 34, 35, 36, 37, 38, 39, 40, 41, 42, 43, 44, 45, 46, 47, 48, 49, 50, 51, 52, 53, 54, 55, 56, 57, 58, 59, 60, 61, 62, 63, 64, 1 ],
\[ 2, 1, 3, 4, 5, 6, 7, 8, 9, 10, 11, 12, 13, 14, 15, 16, 17, 18, 19, 20, 21, 22, 23, 24, 25, 26, 27, 28, 29, 30, 31, 32, 33, 34, 35, 36, 37, 38, 39, 40, 41, 42, 43, 44, 45, 46, 47, 48, 49, 50, 51, 52, 53, 54, 55, 56, 57, 58, 59, 60, 61, 62, 63, 64 ]:
 Order := 126886932185884164103433389335161480802865516174545192198801894375214704230400000000000000 >) |
[ PermutationGroup<64 |  
\[ 2, 3, 4, 5, 6, 7, 8, 9, 10, 11, 12, 13, 14, 15, 16, 17, 18, 19, 20, 21, 22, 23, 24, 25, 26, 27, 28, 29, 30, 31, 32, 33, 34, 35, 36, 37, 38, 39, 40, 41, 42, 43, 44, 45, 46, 47, 48, 49, 50, 51, 52, 53, 54, 55, 56, 57, 58, 59, 60, 61, 62, 63, 64, 1 ],
\[ 2, 1, 3, 4, 5, 6, 7, 8, 9, 10, 11, 12, 13, 14, 15, 16, 17, 18, 19, 20, 21, 22, 23, 24, 25, 26, 27, 28, 29, 30, 31, 32, 33, 34, 35, 36, 37, 38, 39, 40, 41, 42, 43, 44, 45, 46, 47, 48, 49, 50, 51, 52, 53, 54, 55, 56, 57, 58, 59, 60, 61, 62, 63, 64 ]:
 Order := 126886932185884164103433389335161480802865516174545192198801894375214704230400000000000000 > |
[ 2, 9, 8, 19, 11, 1, 30, 34, 6, 13, 38, 22, 27, 18, 39, 26, 3, 33, 12, 35, 49, 4, 41, 5, 51, 59, 29, 32, 10, 28, 45, 7, 48, 17, 37, 46, 53, 24, 36, 43, 44, 55, 54, 60, 47, 15, 64, 14, 42, 57, 61, 16, 20, 62, 21, 50, 58, 56, 52, 23, 63, 40, 25, 31 ],
[ 3, 10, 14, 6, 16, 27, 1, 35, 34, 23, 40, 2, 45, 28, 17, 41, 53, 42, 56, 22, 24, 57, 4, 54, 5, 47, 44, 9, 64, 50, 32, 58, 7, 33, 51, 8, 19, 59, 29, 48, 61, 11, 20, 12, 55, 13, 30, 21, 46, 52, 15, 31, 63, 18, 39, 43, 62, 26, 60, 25, 38, 37, 36, 49 ],
[ 4, 7, 15, 20, 21, 28, 31, 1, 12, 39, 25, 37, 2, 40, 49, 50, 9, 3, 23, 17, 45, 44, 59, 61, 53, 5, 46, 47, 6, 33, 29, 14, 54, 36, 43, 55, 8, 42, 51, 57, 10, 64, 11, 16, 52, 63, 13, 34, 48, 19, 60, 38, 62, 56, 18, 32, 30, 22, 58, 27, 35, 24, 41, 26 ]
]
];
s`SolvableDBPassport := [ PowerSequence(PermutationGroup<64 |  
\[ 2, 9, 8, 19, 11, 1, 30, 34, 6, 13, 38, 22, 27, 18, 39, 26, 3, 33, 12, 35, 49, 4, 41, 5, 51, 59, 29, 32, 10, 28, 45, 7, 48, 17, 37, 46, 53, 24, 36, 43, 44, 55, 54, 60, 47, 15, 64, 14, 42, 57, 61, 16, 20, 62, 21, 50, 58, 56, 52, 23, 63, 40, 25, 31 ],
\[ 3, 10, 14, 6, 16, 27, 1, 35, 34, 23, 40, 2, 45, 28, 17, 41, 53, 42, 56, 22, 24, 57, 4, 54, 5, 47, 44, 9, 64, 50, 32, 58, 7, 33, 51, 8, 19, 59, 29, 48, 61, 11, 20, 12, 55, 13, 30, 21, 46, 52, 15, 31, 63, 18, 39, 43, 62, 26, 60, 25, 38, 37, 36, 49 ],
\[ 4, 7, 15, 20, 21, 28, 31, 1, 12, 39, 25, 37, 2, 40, 49, 50, 9, 3, 23, 17, 45, 44, 59, 61, 53, 5, 46, 47, 6, 33, 29, 14, 54, 36, 43, 55, 8, 42, 51, 57, 10, 64, 11, 16, 52, 63, 13, 34, 48, 19, 60, 38, 62, 56, 18, 32, 30, 22, 58, 27, 35, 24, 41, 26 ]:
 Order := 64 >) |
[ PermutationGroup<64 |  
\[ 2, 9, 8, 19, 11, 1, 30, 34, 6, 13, 38, 22, 27, 18, 39, 26, 3, 33, 12, 35, 49, 4, 41, 5, 51, 59, 29, 32, 10, 28, 45, 7, 48, 17, 37, 46, 53, 24, 36, 43, 44, 55, 54, 60, 47, 15, 64, 14, 42, 57, 61, 16, 20, 62, 21, 50, 58, 56, 52, 23, 63, 40, 25, 31 ],
\[ 3, 10, 14, 6, 16, 27, 1, 35, 34, 23, 40, 2, 45, 28, 17, 41, 53, 42, 56, 22, 24, 57, 4, 54, 5, 47, 44, 9, 64, 50, 32, 58, 7, 33, 51, 8, 19, 59, 29, 48, 61, 11, 20, 12, 55, 13, 30, 21, 46, 52, 15, 31, 63, 18, 39, 43, 62, 26, 60, 25, 38, 37, 36, 49 ],
\[ 4, 7, 15, 20, 21, 28, 31, 1, 12, 39, 25, 37, 2, 40, 49, 50, 9, 3, 23, 17, 45, 44, 59, 61, 53, 5, 46, 47, 6, 33, 29, 14, 54, 36, 43, 55, 8, 42, 51, 57, 10, 64, 11, 16, 52, 63, 13, 34, 48, 19, 60, 38, 62, 56, 18, 32, 30, 22, 58, 27, 35, 24, 41, 26 ]:
 Order := 64 > |
[ 47, 20, 12, 16, 35, 37, 40, 49, 31, 28, 45, 59, 51, 36, 41, 42, 55, 57, 17, 24, 3, 8, 46, 64, 10, 19, 7, 54, 63, 29, 5, 13, 15, 4, 9, 60, 11, 53, 48, 61, 58, 34, 30, 39, 6, 18, 38, 56, 52, 14, 62, 22, 1, 25, 26, 44, 23, 33, 21, 50, 27, 32, 43, 2 ],
[ 3, 10, 14, 6, 16, 27, 1, 35, 34, 23, 40, 2, 45, 28, 17, 41, 53, 42, 56, 22, 24, 57, 4, 54, 5, 47, 44, 9, 64, 50, 32, 58, 7, 33, 51, 8, 19, 59, 29, 48, 61, 11, 20, 12, 55, 13, 30, 21, 46, 52, 15, 31, 63, 18, 39, 43, 62, 26, 60, 25, 38, 37, 36, 49 ],
[ 17, 29, 48, 9, 52, 13, 6, 20, 8, 60, 62, 1, 31, 30, 34, 23, 37, 49, 58, 12, 38, 50, 22, 43, 24, 45, 41, 2, 47, 56, 28, 57, 32, 18, 25, 3, 4, 26, 27, 33, 51, 5, 53, 19, 42, 10, 7, 55, 36, 59, 46, 64, 61, 14, 15, 40, 54, 16, 44, 63, 11, 35, 39, 21 ]
],
[ PermutationGroup<64 |  
\[ 2, 9, 8, 19, 11, 1, 30, 34, 6, 13, 38, 22, 27, 18, 39, 26, 3, 33, 12, 35, 49, 4, 41, 5, 51, 59, 29, 32, 10, 28, 45, 7, 48, 17, 37, 46, 53, 24, 36, 43, 44, 55, 54, 60, 47, 15, 64, 14, 42, 57, 61, 16, 20, 62, 21, 50, 58, 56, 52, 23, 63, 40, 25, 31 ],
\[ 3, 10, 14, 6, 16, 27, 1, 35, 34, 23, 40, 2, 45, 28, 17, 41, 53, 42, 56, 22, 24, 57, 4, 54, 5, 47, 44, 9, 64, 50, 32, 58, 7, 33, 51, 8, 19, 59, 29, 48, 61, 11, 20, 12, 55, 13, 30, 21, 46, 52, 15, 31, 63, 18, 39, 43, 62, 26, 60, 25, 38, 37, 36, 49 ],
\[ 4, 7, 15, 20, 21, 28, 31, 1, 12, 39, 25, 37, 2, 40, 49, 50, 9, 3, 23, 17, 45, 44, 59, 61, 53, 5, 46, 47, 6, 33, 29, 14, 54, 36, 43, 55, 8, 42, 51, 57, 10, 64, 11, 16, 52, 63, 13, 34, 48, 19, 60, 38, 62, 56, 18, 32, 30, 22, 58, 27, 35, 24, 41, 26 ]:
 Order := 64 > |
[ 24, 5, 52, 55, 6, 38, 63, 16, 11, 62, 1, 49, 40, 23, 56, 17, 59, 41, 21, 31, 22, 42, 33, 9, 32, 3, 43, 51, 54, 25, 37, 61, 44, 26, 45, 57, 47, 2, 50, 29, 48, 19, 10, 14, 53, 58, 20, 60, 4, 46, 7, 34, 64, 13, 12, 36, 15, 39, 8, 18, 30, 27, 28, 35 ],
[ 3, 10, 14, 6, 16, 27, 1, 35, 34, 23, 40, 2, 45, 28, 17, 41, 53, 42, 56, 22, 24, 57, 4, 54, 5, 47, 44, 9, 64, 50, 32, 58, 7, 33, 51, 8, 19, 59, 29, 48, 61, 11, 20, 12, 55, 13, 30, 21, 46, 52, 15, 31, 63, 18, 39, 43, 62, 26, 60, 25, 38, 37, 36, 49 ],
[ 42, 61, 58, 64, 12, 25, 35, 38, 21, 56, 28, 45, 24, 27, 22, 36, 5, 59, 18, 26, 37, 48, 3, 7, 47, 9, 57, 53, 11, 41, 43, 60, 10, 50, 29, 19, 52, 4, 32, 46, 54, 20, 6, 34, 8, 30, 62, 16, 44, 55, 14, 1, 13, 39, 23, 51, 63, 49, 15, 40, 31, 2, 33, 17 ]
]
];
s`SolvableDBPointedPassport := [ PowerSequence(PermutationGroup<64 |  
\[ 2, 9, 8, 19, 11, 1, 30, 34, 6, 13, 38, 22, 27, 18, 39, 26, 3, 33, 12, 35, 49, 4, 41, 5, 51, 59, 29, 32, 10, 28, 45, 7, 48, 17, 37, 46, 53, 24, 36, 43, 44, 55, 54, 60, 47, 15, 64, 14, 42, 57, 61, 16, 20, 62, 21, 50, 58, 56, 52, 23, 63, 40, 25, 31 ],
\[ 3, 10, 14, 6, 16, 27, 1, 35, 34, 23, 40, 2, 45, 28, 17, 41, 53, 42, 56, 22, 24, 57, 4, 54, 5, 47, 44, 9, 64, 50, 32, 58, 7, 33, 51, 8, 19, 59, 29, 48, 61, 11, 20, 12, 55, 13, 30, 21, 46, 52, 15, 31, 63, 18, 39, 43, 62, 26, 60, 25, 38, 37, 36, 49 ],
\[ 4, 7, 15, 20, 21, 28, 31, 1, 12, 39, 25, 37, 2, 40, 49, 50, 9, 3, 23, 17, 45, 44, 59, 61, 53, 5, 46, 47, 6, 33, 29, 14, 54, 36, 43, 55, 8, 42, 51, 57, 10, 64, 11, 16, 52, 63, 13, 34, 48, 19, 60, 38, 62, 56, 18, 32, 30, 22, 58, 27, 35, 24, 41, 26 ]:
 Order := 64 >) |
[ PermutationGroup<64 |  
\[ 2, 9, 8, 19, 11, 1, 30, 34, 6, 13, 38, 22, 27, 18, 39, 26, 3, 33, 12, 35, 49, 4, 41, 5, 51, 59, 29, 32, 10, 28, 45, 7, 48, 17, 37, 46, 53, 24, 36, 43, 44, 55, 54, 60, 47, 15, 64, 14, 42, 57, 61, 16, 20, 62, 21, 50, 58, 56, 52, 23, 63, 40, 25, 31 ],
\[ 3, 10, 14, 6, 16, 27, 1, 35, 34, 23, 40, 2, 45, 28, 17, 41, 53, 42, 56, 22, 24, 57, 4, 54, 5, 47, 44, 9, 64, 50, 32, 58, 7, 33, 51, 8, 19, 59, 29, 48, 61, 11, 20, 12, 55, 13, 30, 21, 46, 52, 15, 31, 63, 18, 39, 43, 62, 26, 60, 25, 38, 37, 36, 49 ],
\[ 4, 7, 15, 20, 21, 28, 31, 1, 12, 39, 25, 37, 2, 40, 49, 50, 9, 3, 23, 17, 45, 44, 59, 61, 53, 5, 46, 47, 6, 33, 29, 14, 54, 36, 43, 55, 8, 42, 51, 57, 10, 64, 11, 16, 52, 63, 13, 34, 48, 19, 60, 38, 62, 56, 18, 32, 30, 22, 58, 27, 35, 24, 41, 26 ]:
 Order := 64 > |
[ 3, 10, 14, 6, 16, 27, 1, 35, 34, 23, 40, 2, 45, 28, 17, 41, 53, 42, 56, 22, 24, 57, 4, 54, 5, 47, 44, 9, 64, 50, 32, 58, 7, 33, 51, 8, 19, 59, 29, 48, 61, 11, 20, 12, 55, 13, 30, 21, 46, 52, 15, 31, 63, 18, 39, 43, 62, 26, 60, 25, 38, 37, 36, 49 ],
[ 17, 29, 48, 9, 52, 13, 6, 20, 8, 60, 62, 1, 31, 30, 34, 23, 37, 49, 58, 12, 38, 50, 22, 43, 24, 45, 41, 2, 47, 56, 28, 57, 32, 18, 25, 3, 4, 26, 27, 33, 51, 5, 53, 19, 42, 10, 7, 55, 36, 59, 46, 64, 61, 14, 15, 40, 54, 16, 44, 63, 11, 35, 39, 21 ],
[ 47, 20, 12, 16, 35, 37, 40, 49, 31, 28, 45, 59, 51, 36, 41, 42, 55, 57, 17, 24, 3, 8, 46, 64, 10, 19, 7, 54, 63, 29, 5, 13, 15, 4, 9, 60, 11, 53, 48, 61, 58, 34, 30, 39, 6, 18, 38, 56, 52, 14, 62, 22, 1, 25, 26, 44, 23, 33, 21, 50, 27, 32, 43, 2 ]
],
[ PermutationGroup<64 |  
\[ 2, 9, 8, 19, 11, 1, 30, 34, 6, 13, 38, 22, 27, 18, 39, 26, 3, 33, 12, 35, 49, 4, 41, 5, 51, 59, 29, 32, 10, 28, 45, 7, 48, 17, 37, 46, 53, 24, 36, 43, 44, 55, 54, 60, 47, 15, 64, 14, 42, 57, 61, 16, 20, 62, 21, 50, 58, 56, 52, 23, 63, 40, 25, 31 ],
\[ 3, 10, 14, 6, 16, 27, 1, 35, 34, 23, 40, 2, 45, 28, 17, 41, 53, 42, 56, 22, 24, 57, 4, 54, 5, 47, 44, 9, 64, 50, 32, 58, 7, 33, 51, 8, 19, 59, 29, 48, 61, 11, 20, 12, 55, 13, 30, 21, 46, 52, 15, 31, 63, 18, 39, 43, 62, 26, 60, 25, 38, 37, 36, 49 ],
\[ 4, 7, 15, 20, 21, 28, 31, 1, 12, 39, 25, 37, 2, 40, 49, 50, 9, 3, 23, 17, 45, 44, 59, 61, 53, 5, 46, 47, 6, 33, 29, 14, 54, 36, 43, 55, 8, 42, 51, 57, 10, 64, 11, 16, 52, 63, 13, 34, 48, 19, 60, 38, 62, 56, 18, 32, 30, 22, 58, 27, 35, 24, 41, 26 ]:
 Order := 64 > |
[ 3, 10, 14, 6, 16, 27, 1, 35, 34, 23, 40, 2, 45, 28, 17, 41, 53, 42, 56, 22, 24, 57, 4, 54, 5, 47, 44, 9, 64, 50, 32, 58, 7, 33, 51, 8, 19, 59, 29, 48, 61, 11, 20, 12, 55, 13, 30, 21, 46, 52, 15, 31, 63, 18, 39, 43, 62, 26, 60, 25, 38, 37, 36, 49 ],
[ 12, 28, 36, 37, 42, 7, 47, 9, 4, 46, 61, 20, 6, 54, 55, 58, 1, 34, 44, 8, 64, 23, 16, 25, 35, 38, 39, 31, 2, 14, 13, 33, 40, 15, 62, 49, 17, 21, 63, 56, 27, 45, 24, 59, 26, 51, 29, 3, 18, 22, 41, 5, 43, 57, 48, 30, 32, 19, 50, 10, 53, 11, 60, 52 ],
[ 6, 1, 17, 22, 24, 9, 32, 3, 2, 29, 5, 19, 10, 48, 46, 52, 34, 14, 4, 53, 55, 12, 60, 38, 63, 16, 13, 30, 27, 7, 64, 28, 18, 8, 20, 39, 35, 11, 15, 62, 23, 49, 40, 41, 31, 36, 45, 33, 21, 56, 25, 59, 37, 43, 42, 58, 50, 57, 26, 44, 51, 54, 61, 47 ]
]
];
s`SolvableDBMonodromyGroup := PermutationGroup<64 |  
\[ 2, 9, 8, 19, 11, 1, 30, 34, 6, 13, 38, 22, 27, 18, 39, 26, 3, 33, 12, 35, 49, 4, 41, 5, 51, 59, 29, 32, 10, 28, 45, 7, 48, 17, 37, 46, 53, 24, 36, 43, 44, 55, 54, 60, 47, 15, 64, 14, 42, 57, 61, 16, 20, 62, 21, 50, 58, 56, 52, 23, 63, 40, 25, 31 ],
\[ 3, 10, 14, 6, 16, 27, 1, 35, 34, 23, 40, 2, 45, 28, 17, 41, 53, 42, 56, 22, 24, 57, 4, 54, 5, 47, 44, 9, 64, 50, 32, 58, 7, 33, 51, 8, 19, 59, 29, 48, 61, 11, 20, 12, 55, 13, 30, 21, 46, 52, 15, 31, 63, 18, 39, 43, 62, 26, 60, 25, 38, 37, 36, 49 ],
\[ 4, 7, 15, 20, 21, 28, 31, 1, 12, 39, 25, 37, 2, 40, 49, 50, 9, 3, 23, 17, 45, 44, 59, 61, 53, 5, 46, 47, 6, 33, 29, 14, 54, 36, 43, 55, 8, 42, 51, 57, 10, 64, 11, 16, 52, 63, 13, 34, 48, 19, 60, 38, 62, 56, 18, 32, 30, 22, 58, 27, 35, 24, 41, 26 ] >;
s`SolvableDBAutomorphismGroup := PermutationGroup<64 |  
\[ 34, 17, 33, 36, 59, 8, 9, 48, 3, 53, 52, 15, 20, 7, 54, 60, 18, 30, 46, 55, 58, 39, 63, 26, 38, 23, 35, 1, 37, 6, 12, 2, 28, 14, 21, 40, 49, 16, 62, 31, 25, 50, 45, 51, 22, 43, 4, 32, 56, 27, 24, 44, 42, 47, 57, 13, 29, 10, 41, 61, 5, 64, 11, 19 ],
\[ 48, 14, 21, 34, 23, 33, 40, 49, 18, 28, 41, 3, 32, 24, 45, 4, 55, 5, 17, 36, 59, 8, 9, 60, 10, 19, 7, 54, 30, 43, 57, 62, 11, 42, 46, 64, 15, 44, 47, 61, 6, 16, 63, 1, 58, 31, 56, 38, 52, 20, 13, 22, 39, 25, 26, 53, 35, 37, 12, 2, 27, 51, 29, 50 ]:
 Order := 64 >;
s`SolvableDBPointedAutomorphismGroup := PermutationGroup<64 |  
\[ 6, 1, 27, 28, 24, 9, 4, 29, 2, 3, 5, 7, 8, 44, 46, 54, 13, 60, 32, 47, 61, 30, 14, 38, 21, 62, 34, 12, 17, 19, 20, 22, 23, 10, 64, 39, 31, 11, 15, 16, 18, 25, 26, 33, 35, 36, 37, 41, 63, 56, 49, 43, 45, 59, 51, 58, 50, 57, 40, 48, 42, 52, 55, 53 ]:
 Order := 4 >;

/*
Top Level Belyi Curve/Map
*/


/*
Graph Data
*/

s`SolvableDBPathToPP1 := [ Strings() | "PP1", "2T1-2,1,2-g0-path1", "4T2-2,2,2-g0-path2", "8T2-2,4,4-g1-path4", "16T10-2,4,4-g1-path4", "32S8-4,8,8-g9-path6", "64S5-4,8,8-g17-path83" ];
s`SolvableDBChildren := [ Strings() | "32S8-4,8,8-g9-path6" ];

/*
Return for eval
*/

return s;
