s := SolvableDBInitialize();

/*
Magma printing
*/

s`SolvableDBName := "64S50-16,32,32-g29-path13";
s`SolvableDBFilename := "64S50-16,32,32-g29-path13.m";
s`SolvableDBPassportName := "64S50-16,32,32-g29";
s`SolvableDBPathNumber := 13;
s`SolvableDBDegree := 64;
s`SolvableDBOrders := \[ 16, 32, 32 ];
s`SolvableDBType := "Hyperbolic";
s`SolvableDBGenus := 29;
s`SolvableDBGaloisOrbitSize := 1;
s`SolvableDBPassportSize := 4;
s`SolvableDBPointedPassportSize := 4;
s`SolvableDBLevel := 6;
s`SolvableDBBlocks := {@ PowerSet(IntegerRing()) |
{ IntegerRing() | 1, 5 },
{ IntegerRing() | 2, 10 },
{ IntegerRing() | 3, 14 },
{ IntegerRing() | 4, 18 },
{ IntegerRing() | 6, 21 },
{ IntegerRing() | 7, 22 },
{ IntegerRing() | 8, 23 },
{ IntegerRing() | 9, 28 },
{ IntegerRing() | 11, 31 },
{ IntegerRing() | 12, 32 },
{ IntegerRing() | 13, 36 },
{ IntegerRing() | 15, 39 },
{ IntegerRing() | 16, 40 },
{ IntegerRing() | 17, 43 },
{ IntegerRing() | 19, 45 },
{ IntegerRing() | 20, 46 },
{ IntegerRing() | 24, 49 },
{ IntegerRing() | 25, 50 },
{ IntegerRing() | 26, 51 },
{ IntegerRing() | 27, 55 },
{ IntegerRing() | 29, 35 },
{ IntegerRing() | 30, 57 },
{ IntegerRing() | 33, 37 },
{ IntegerRing() | 34, 58 },
{ IntegerRing() | 38, 56 },
{ IntegerRing() | 41, 53 },
{ IntegerRing() | 42, 60 },
{ IntegerRing() | 44, 62 },
{ IntegerRing() | 47, 63 },
{ IntegerRing() | 48, 61 },
{ IntegerRing() | 52, 64 },
{ IntegerRing() | 54, 59 }
@};
s`SolvableDBIsRamifiedAtEveryLevel := false;
s`SolvableDBGaloisOrbit := [ PowerSequence(PermutationGroup<64 |  
\[ 2, 3, 4, 5, 6, 7, 8, 9, 10, 11, 12, 13, 14, 15, 16, 17, 18, 19, 20, 21, 22, 23, 24, 25, 26, 27, 28, 29, 30, 31, 32, 33, 34, 35, 36, 37, 38, 39, 40, 41, 42, 43, 44, 45, 46, 47, 48, 49, 50, 51, 52, 53, 54, 55, 56, 57, 58, 59, 60, 61, 62, 63, 64, 1 ],
\[ 2, 1, 3, 4, 5, 6, 7, 8, 9, 10, 11, 12, 13, 14, 15, 16, 17, 18, 19, 20, 21, 22, 23, 24, 25, 26, 27, 28, 29, 30, 31, 32, 33, 34, 35, 36, 37, 38, 39, 40, 41, 42, 43, 44, 45, 46, 47, 48, 49, 50, 51, 52, 53, 54, 55, 56, 57, 58, 59, 60, 61, 62, 63, 64 ]:
 Order := 126886932185884164103433389335161480802865516174545192198801894375214704230400000000000000 >) |
[ PermutationGroup<64 |  
\[ 2, 3, 4, 5, 6, 7, 8, 9, 10, 11, 12, 13, 14, 15, 16, 17, 18, 19, 20, 21, 22, 23, 24, 25, 26, 27, 28, 29, 30, 31, 32, 33, 34, 35, 36, 37, 38, 39, 40, 41, 42, 43, 44, 45, 46, 47, 48, 49, 50, 51, 52, 53, 54, 55, 56, 57, 58, 59, 60, 61, 62, 63, 64, 1 ],
\[ 2, 1, 3, 4, 5, 6, 7, 8, 9, 10, 11, 12, 13, 14, 15, 16, 17, 18, 19, 20, 21, 22, 23, 24, 25, 26, 27, 28, 29, 30, 31, 32, 33, 34, 35, 36, 37, 38, 39, 40, 41, 42, 43, 44, 45, 46, 47, 48, 49, 50, 51, 52, 53, 54, 55, 56, 57, 58, 59, 60, 61, 62, 63, 64 ]:
 Order := 126886932185884164103433389335161480802865516174545192198801894375214704230400000000000000 > |
[ 2, 9, 8, 7, 10, 1, 11, 12, 27, 28, 29, 30, 16, 23, 3, 26, 20, 22, 4, 25, 5, 31, 32, 6, 33, 34, 54, 55, 56, 44, 35, 57, 36, 17, 38, 40, 13, 42, 14, 51, 15, 47, 46, 48, 18, 50, 19, 53, 21, 37, 58, 24, 39, 64, 59, 60, 62, 43, 52, 63, 41, 61, 45, 49 ],
[ 3, 8, 13, 6, 14, 15, 1, 16, 12, 23, 2, 26, 35, 36, 37, 38, 19, 21, 24, 4, 39, 5, 40, 41, 7, 42, 30, 32, 9, 34, 10, 51, 11, 47, 28, 29, 31, 55, 33, 56, 50, 59, 45, 17, 49, 18, 52, 20, 53, 22, 60, 61, 25, 44, 57, 27, 58, 63, 62, 54, 46, 43, 64, 48 ],
[ 4, 7, 6, 17, 18, 19, 20, 1, 11, 22, 25, 2, 15, 21, 24, 3, 30, 43, 34, 44, 45, 46, 5, 47, 48, 8, 29, 31, 33, 9, 50, 10, 53, 12, 37, 39, 41, 13, 49, 14, 52, 16, 57, 27, 58, 62, 26, 54, 63, 61, 23, 42, 64, 56, 35, 36, 28, 32, 38, 40, 59, 55, 51, 60 ]
]
];
s`SolvableDBPassport := [ PowerSequence(PermutationGroup<64 |  
\[ 2, 9, 8, 7, 10, 1, 11, 12, 27, 28, 29, 30, 16, 23, 3, 26, 20, 22, 4, 25, 5, 31, 32, 6, 33, 34, 54, 55, 56, 44, 35, 57, 36, 17, 38, 40, 13, 42, 14, 51, 15, 47, 46, 48, 18, 50, 19, 53, 21, 37, 58, 24, 39, 64, 59, 60, 62, 43, 52, 63, 41, 61, 45, 49 ],
\[ 3, 8, 13, 6, 14, 15, 1, 16, 12, 23, 2, 26, 35, 36, 37, 38, 19, 21, 24, 4, 39, 5, 40, 41, 7, 42, 30, 32, 9, 34, 10, 51, 11, 47, 28, 29, 31, 55, 33, 56, 50, 59, 45, 17, 49, 18, 52, 20, 53, 22, 60, 61, 25, 44, 57, 27, 58, 63, 62, 54, 46, 43, 64, 48 ],
\[ 4, 7, 6, 17, 18, 19, 20, 1, 11, 22, 25, 2, 15, 21, 24, 3, 30, 43, 34, 44, 45, 46, 5, 47, 48, 8, 29, 31, 33, 9, 50, 10, 53, 12, 37, 39, 41, 13, 49, 14, 52, 16, 57, 27, 58, 62, 26, 54, 63, 61, 23, 42, 64, 56, 35, 36, 28, 32, 38, 40, 59, 55, 51, 60 ]:
 Order := 64 >) |
[ PermutationGroup<64 |  
\[ 2, 9, 8, 7, 10, 1, 11, 12, 27, 28, 29, 30, 16, 23, 3, 26, 20, 22, 4, 25, 5, 31, 32, 6, 33, 34, 54, 55, 56, 44, 35, 57, 36, 17, 38, 40, 13, 42, 14, 51, 15, 47, 46, 48, 18, 50, 19, 53, 21, 37, 58, 24, 39, 64, 59, 60, 62, 43, 52, 63, 41, 61, 45, 49 ],
\[ 3, 8, 13, 6, 14, 15, 1, 16, 12, 23, 2, 26, 35, 36, 37, 38, 19, 21, 24, 4, 39, 5, 40, 41, 7, 42, 30, 32, 9, 34, 10, 51, 11, 47, 28, 29, 31, 55, 33, 56, 50, 59, 45, 17, 49, 18, 52, 20, 53, 22, 60, 61, 25, 44, 57, 27, 58, 63, 62, 54, 46, 43, 64, 48 ],
\[ 4, 7, 6, 17, 18, 19, 20, 1, 11, 22, 25, 2, 15, 21, 24, 3, 30, 43, 34, 44, 45, 46, 5, 47, 48, 8, 29, 31, 33, 9, 50, 10, 53, 12, 37, 39, 41, 13, 49, 14, 52, 16, 57, 27, 58, 62, 26, 54, 63, 61, 23, 42, 64, 56, 35, 36, 28, 32, 38, 40, 59, 55, 51, 60 ]:
 Order := 64 > |
[ 27, 54, 30, 29, 55, 9, 56, 44, 64, 59, 60, 48, 34, 57, 12, 17, 33, 35, 11, 36, 28, 38, 62, 2, 40, 20, 49, 52, 63, 53, 42, 61, 51, 25, 47, 58, 26, 19, 32, 43, 8, 4, 37, 39, 31, 13, 7, 14, 10, 16, 46, 1, 23, 21, 24, 45, 41, 50, 6, 18, 3, 15, 22, 5 ],
[ 3, 8, 13, 6, 14, 15, 1, 16, 12, 23, 2, 26, 35, 36, 37, 38, 19, 21, 24, 4, 39, 5, 40, 41, 7, 42, 30, 32, 9, 34, 10, 51, 11, 47, 28, 29, 31, 55, 33, 56, 50, 59, 45, 17, 49, 18, 52, 20, 53, 22, 60, 61, 25, 44, 57, 27, 58, 63, 62, 54, 46, 43, 64, 48 ],
[ 47, 19, 52, 26, 63, 42, 34, 24, 4, 45, 17, 6, 61, 64, 59, 41, 8, 51, 16, 12, 60, 58, 49, 38, 30, 15, 7, 18, 20, 1, 43, 21, 44, 3, 46, 48, 62, 50, 54, 53, 55, 37, 23, 2, 40, 32, 13, 9, 56, 57, 39, 35, 27, 11, 22, 25, 5, 14, 31, 33, 28, 10, 36, 29 ]
],
[ PermutationGroup<64 |  
\[ 2, 9, 8, 7, 10, 1, 11, 12, 27, 28, 29, 30, 16, 23, 3, 26, 20, 22, 4, 25, 5, 31, 32, 6, 33, 34, 54, 55, 56, 44, 35, 57, 36, 17, 38, 40, 13, 42, 14, 51, 15, 47, 46, 48, 18, 50, 19, 53, 21, 37, 58, 24, 39, 64, 59, 60, 62, 43, 52, 63, 41, 61, 45, 49 ],
\[ 3, 8, 13, 6, 14, 15, 1, 16, 12, 23, 2, 26, 35, 36, 37, 38, 19, 21, 24, 4, 39, 5, 40, 41, 7, 42, 30, 32, 9, 34, 10, 51, 11, 47, 28, 29, 31, 55, 33, 56, 50, 59, 45, 17, 49, 18, 52, 20, 53, 22, 60, 61, 25, 44, 57, 27, 58, 63, 62, 54, 46, 43, 64, 48 ],
\[ 4, 7, 6, 17, 18, 19, 20, 1, 11, 22, 25, 2, 15, 21, 24, 3, 30, 43, 34, 44, 45, 46, 5, 47, 48, 8, 29, 31, 33, 9, 50, 10, 53, 12, 37, 39, 41, 13, 49, 14, 52, 16, 57, 27, 58, 62, 26, 54, 63, 61, 23, 42, 64, 56, 35, 36, 28, 32, 38, 40, 59, 55, 51, 60 ]:
 Order := 64 > |
[ 6, 1, 15, 19, 21, 24, 4, 3, 2, 5, 7, 8, 37, 39, 41, 13, 34, 45, 47, 17, 49, 18, 14, 52, 20, 16, 9, 10, 11, 12, 22, 23, 25, 26, 31, 33, 50, 35, 53, 36, 61, 38, 58, 30, 63, 43, 42, 44, 64, 46, 40, 59, 48, 27, 28, 29, 32, 51, 55, 56, 62, 57, 60, 54 ],
[ 3, 8, 13, 6, 14, 15, 1, 16, 12, 23, 2, 26, 35, 36, 37, 38, 19, 21, 24, 4, 39, 5, 40, 41, 7, 42, 30, 32, 9, 34, 10, 51, 11, 47, 28, 29, 31, 55, 33, 56, 50, 59, 45, 17, 49, 18, 52, 20, 53, 22, 60, 61, 25, 44, 57, 27, 58, 63, 62, 54, 46, 43, 64, 48 ],
[ 11, 29, 2, 25, 31, 7, 33, 9, 56, 35, 36, 27, 8, 10, 1, 12, 48, 50, 20, 53, 22, 37, 28, 4, 39, 30, 60, 38, 40, 54, 13, 55, 14, 44, 16, 23, 3, 26, 5, 32, 6, 34, 61, 64, 46, 41, 17, 49, 18, 15, 57, 19, 21, 63, 42, 51, 59, 62, 47, 58, 24, 52, 43, 45 ]
],
[ PermutationGroup<64 |  
\[ 2, 9, 8, 7, 10, 1, 11, 12, 27, 28, 29, 30, 16, 23, 3, 26, 20, 22, 4, 25, 5, 31, 32, 6, 33, 34, 54, 55, 56, 44, 35, 57, 36, 17, 38, 40, 13, 42, 14, 51, 15, 47, 46, 48, 18, 50, 19, 53, 21, 37, 58, 24, 39, 64, 59, 60, 62, 43, 52, 63, 41, 61, 45, 49 ],
\[ 3, 8, 13, 6, 14, 15, 1, 16, 12, 23, 2, 26, 35, 36, 37, 38, 19, 21, 24, 4, 39, 5, 40, 41, 7, 42, 30, 32, 9, 34, 10, 51, 11, 47, 28, 29, 31, 55, 33, 56, 50, 59, 45, 17, 49, 18, 52, 20, 53, 22, 60, 61, 25, 44, 57, 27, 58, 63, 62, 54, 46, 43, 64, 48 ],
\[ 4, 7, 6, 17, 18, 19, 20, 1, 11, 22, 25, 2, 15, 21, 24, 3, 30, 43, 34, 44, 45, 46, 5, 47, 48, 8, 29, 31, 33, 9, 50, 10, 53, 12, 37, 39, 41, 13, 49, 14, 52, 16, 57, 27, 58, 62, 26, 54, 63, 61, 23, 42, 64, 56, 35, 36, 28, 32, 38, 40, 59, 55, 51, 60 ]:
 Order := 64 > |
[ 64, 49, 48, 60, 52, 54, 63, 53, 21, 24, 45, 39, 20, 61, 44, 25, 40, 42, 56, 51, 59, 47, 41, 27, 58, 33, 5, 6, 18, 14, 19, 15, 43, 36, 4, 46, 17, 7, 62, 50, 30, 11, 16, 23, 38, 26, 29, 32, 55, 34, 37, 9, 57, 10, 1, 22, 3, 13, 2, 31, 12, 8, 35, 28 ],
[ 3, 8, 13, 6, 14, 15, 1, 16, 12, 23, 2, 26, 35, 36, 37, 38, 19, 21, 24, 4, 39, 5, 40, 41, 7, 42, 30, 32, 9, 34, 10, 51, 11, 47, 28, 29, 31, 55, 33, 56, 50, 59, 45, 17, 49, 18, 52, 20, 53, 22, 60, 61, 25, 44, 57, 27, 58, 63, 62, 54, 46, 43, 64, 48 ],
[ 38, 42, 55, 13, 56, 35, 16, 59, 47, 60, 26, 52, 57, 27, 28, 62, 15, 36, 37, 3, 29, 40, 54, 31, 8, 61, 19, 63, 34, 24, 51, 64, 12, 41, 58, 30, 32, 43, 9, 44, 10, 46, 39, 6, 33, 14, 50, 1, 11, 23, 48, 22, 2, 4, 45, 17, 49, 53, 18, 20, 5, 21, 25, 7 ]
],
[ PermutationGroup<64 |  
\[ 2, 9, 8, 7, 10, 1, 11, 12, 27, 28, 29, 30, 16, 23, 3, 26, 20, 22, 4, 25, 5, 31, 32, 6, 33, 34, 54, 55, 56, 44, 35, 57, 36, 17, 38, 40, 13, 42, 14, 51, 15, 47, 46, 48, 18, 50, 19, 53, 21, 37, 58, 24, 39, 64, 59, 60, 62, 43, 52, 63, 41, 61, 45, 49 ],
\[ 3, 8, 13, 6, 14, 15, 1, 16, 12, 23, 2, 26, 35, 36, 37, 38, 19, 21, 24, 4, 39, 5, 40, 41, 7, 42, 30, 32, 9, 34, 10, 51, 11, 47, 28, 29, 31, 55, 33, 56, 50, 59, 45, 17, 49, 18, 52, 20, 53, 22, 60, 61, 25, 44, 57, 27, 58, 63, 62, 54, 46, 43, 64, 48 ],
\[ 4, 7, 6, 17, 18, 19, 20, 1, 11, 22, 25, 2, 15, 21, 24, 3, 30, 43, 34, 44, 45, 46, 5, 47, 48, 8, 29, 31, 33, 9, 50, 10, 53, 12, 37, 39, 41, 13, 49, 14, 52, 16, 57, 27, 58, 62, 26, 54, 63, 61, 23, 42, 64, 56, 35, 36, 28, 32, 38, 40, 59, 55, 51, 60 ]:
 Order := 64 > |
[ 10, 28, 23, 22, 2, 5, 31, 32, 55, 9, 35, 57, 40, 8, 14, 51, 46, 7, 18, 50, 1, 11, 12, 21, 37, 58, 59, 27, 38, 62, 29, 30, 13, 43, 56, 16, 36, 60, 3, 26, 39, 63, 20, 61, 4, 25, 45, 41, 6, 33, 34, 49, 15, 52, 54, 42, 44, 17, 64, 47, 53, 48, 19, 24 ],
[ 3, 8, 13, 6, 14, 15, 1, 16, 12, 23, 2, 26, 35, 36, 37, 38, 19, 21, 24, 4, 39, 5, 40, 41, 7, 42, 30, 32, 9, 34, 10, 51, 11, 47, 28, 29, 31, 55, 33, 56, 50, 59, 45, 17, 49, 18, 52, 20, 53, 22, 60, 61, 25, 44, 57, 27, 58, 63, 62, 54, 46, 43, 64, 48 ],
[ 18, 22, 21, 43, 4, 45, 46, 5, 31, 7, 50, 10, 39, 6, 49, 14, 57, 17, 58, 62, 19, 20, 1, 63, 61, 23, 35, 11, 37, 28, 25, 2, 41, 32, 33, 15, 53, 36, 24, 3, 64, 40, 30, 55, 34, 44, 51, 59, 47, 48, 8, 60, 52, 38, 29, 13, 9, 12, 56, 16, 54, 27, 26, 42 ]
]
];
s`SolvableDBPointedPassport := [ PowerSequence(PermutationGroup<64 |  
\[ 2, 3, 4, 5, 6, 7, 8, 9, 10, 11, 12, 13, 14, 15, 16, 17, 18, 19, 20, 21, 22, 23, 24, 25, 26, 27, 28, 29, 30, 31, 32, 33, 34, 35, 36, 37, 38, 39, 40, 41, 42, 43, 44, 45, 46, 47, 48, 49, 50, 51, 52, 53, 54, 55, 56, 57, 58, 59, 60, 61, 62, 63, 64, 1 ],
\[ 2, 1, 3, 4, 5, 6, 7, 8, 9, 10, 11, 12, 13, 14, 15, 16, 17, 18, 19, 20, 21, 22, 23, 24, 25, 26, 27, 28, 29, 30, 31, 32, 33, 34, 35, 36, 37, 38, 39, 40, 41, 42, 43, 44, 45, 46, 47, 48, 49, 50, 51, 52, 53, 54, 55, 56, 57, 58, 59, 60, 61, 62, 63, 64 ]:
 Order := 126886932185884164103433389335161480802865516174545192198801894375214704230400000000000000 >) |
[ PermutationGroup<64 |  
\[ 2, 3, 4, 5, 6, 7, 8, 9, 10, 11, 12, 13, 14, 15, 16, 17, 18, 19, 20, 21, 22, 23, 24, 25, 26, 27, 28, 29, 30, 31, 32, 33, 34, 35, 36, 37, 38, 39, 40, 41, 42, 43, 44, 45, 46, 47, 48, 49, 50, 51, 52, 53, 54, 55, 56, 57, 58, 59, 60, 61, 62, 63, 64, 1 ],
\[ 2, 1, 3, 4, 5, 6, 7, 8, 9, 10, 11, 12, 13, 14, 15, 16, 17, 18, 19, 20, 21, 22, 23, 24, 25, 26, 27, 28, 29, 30, 31, 32, 33, 34, 35, 36, 37, 38, 39, 40, 41, 42, 43, 44, 45, 46, 47, 48, 49, 50, 51, 52, 53, 54, 55, 56, 57, 58, 59, 60, 61, 62, 63, 64 ]:
 Order := 126886932185884164103433389335161480802865516174545192198801894375214704230400000000000000 > |
[ 55, 59, 57, 35, 27, 28, 38, 62, 52, 54, 42, 61, 58, 30, 32, 43, 37, 29, 31, 13, 9, 56, 44, 10, 16, 46, 24, 64, 47, 41, 60, 48, 26, 50, 63, 34, 51, 45, 12, 17, 23, 18, 33, 15, 11, 36, 22, 3, 2, 40, 20, 5, 8, 6, 49, 19, 53, 25, 21, 4, 14, 39, 7, 1 ],
[ 3, 8, 13, 6, 14, 15, 1, 16, 12, 23, 2, 26, 35, 36, 37, 38, 19, 21, 24, 4, 39, 5, 40, 41, 7, 42, 30, 32, 9, 34, 10, 51, 11, 47, 28, 29, 31, 55, 33, 56, 50, 59, 45, 17, 49, 18, 52, 20, 53, 22, 60, 61, 25, 44, 57, 27, 58, 63, 62, 54, 46, 43, 64, 48 ],
[ 63, 45, 64, 51, 47, 60, 58, 49, 18, 19, 43, 21, 48, 52, 54, 53, 23, 26, 40, 32, 42, 34, 24, 56, 57, 39, 22, 4, 46, 5, 17, 6, 62, 14, 20, 61, 44, 25, 59, 41, 27, 33, 8, 10, 16, 12, 36, 28, 38, 30, 15, 29, 55, 31, 7, 50, 1, 3, 11, 37, 9, 2, 13, 35 ]
],
[ PermutationGroup<64 |  
\[ 2, 3, 4, 5, 6, 7, 8, 9, 10, 11, 12, 13, 14, 15, 16, 17, 18, 19, 20, 21, 22, 23, 24, 25, 26, 27, 28, 29, 30, 31, 32, 33, 34, 35, 36, 37, 38, 39, 40, 41, 42, 43, 44, 45, 46, 47, 48, 49, 50, 51, 52, 53, 54, 55, 56, 57, 58, 59, 60, 61, 62, 63, 64, 1 ],
\[ 2, 1, 3, 4, 5, 6, 7, 8, 9, 10, 11, 12, 13, 14, 15, 16, 17, 18, 19, 20, 21, 22, 23, 24, 25, 26, 27, 28, 29, 30, 31, 32, 33, 34, 35, 36, 37, 38, 39, 40, 41, 42, 43, 44, 45, 46, 47, 48, 49, 50, 51, 52, 53, 54, 55, 56, 57, 58, 59, 60, 61, 62, 63, 64 ]:
 Order := 126886932185884164103433389335161480802865516174545192198801894375214704230400000000000000 > |
[ 21, 5, 39, 45, 6, 49, 18, 14, 10, 1, 22, 23, 33, 15, 53, 36, 58, 19, 63, 43, 24, 4, 3, 64, 46, 40, 28, 2, 31, 32, 7, 8, 50, 51, 11, 37, 25, 29, 41, 13, 48, 56, 34, 57, 47, 17, 60, 62, 52, 20, 16, 54, 61, 55, 9, 35, 12, 26, 27, 38, 44, 30, 42, 59 ],
[ 3, 8, 13, 6, 14, 15, 1, 16, 12, 23, 2, 26, 35, 36, 37, 38, 19, 21, 24, 4, 39, 5, 40, 41, 7, 42, 30, 32, 9, 34, 10, 51, 11, 47, 28, 29, 31, 55, 33, 56, 50, 59, 45, 17, 49, 18, 52, 20, 53, 22, 60, 61, 25, 44, 57, 27, 58, 63, 62, 54, 46, 43, 64, 48 ],
[ 31, 35, 10, 50, 11, 22, 37, 28, 38, 29, 13, 55, 23, 2, 5, 32, 61, 25, 46, 41, 7, 33, 9, 18, 15, 57, 42, 56, 16, 59, 36, 27, 3, 62, 40, 8, 14, 51, 1, 12, 21, 58, 48, 52, 20, 53, 43, 24, 4, 39, 30, 45, 6, 47, 60, 26, 54, 44, 63, 34, 49, 64, 17, 19 ]
],
[ PermutationGroup<64 |  
\[ 2, 3, 4, 5, 6, 7, 8, 9, 10, 11, 12, 13, 14, 15, 16, 17, 18, 19, 20, 21, 22, 23, 24, 25, 26, 27, 28, 29, 30, 31, 32, 33, 34, 35, 36, 37, 38, 39, 40, 41, 42, 43, 44, 45, 46, 47, 48, 49, 50, 51, 52, 53, 54, 55, 56, 57, 58, 59, 60, 61, 62, 63, 64, 1 ],
\[ 2, 1, 3, 4, 5, 6, 7, 8, 9, 10, 11, 12, 13, 14, 15, 16, 17, 18, 19, 20, 21, 22, 23, 24, 25, 26, 27, 28, 29, 30, 31, 32, 33, 34, 35, 36, 37, 38, 39, 40, 41, 42, 43, 44, 45, 46, 47, 48, 49, 50, 51, 52, 53, 54, 55, 56, 57, 58, 59, 60, 61, 62, 63, 64 ]:
 Order := 126886932185884164103433389335161480802865516174545192198801894375214704230400000000000000 > |
[ 52, 24, 61, 42, 64, 59, 47, 41, 6, 49, 19, 15, 46, 48, 62, 50, 16, 60, 38, 26, 54, 63, 53, 55, 34, 37, 1, 21, 4, 3, 45, 39, 17, 13, 18, 20, 43, 22, 44, 25, 57, 31, 40, 8, 56, 51, 35, 12, 27, 58, 33, 28, 30, 2, 5, 7, 14, 36, 10, 11, 32, 23, 29, 9 ],
[ 3, 8, 13, 6, 14, 15, 1, 16, 12, 23, 2, 26, 35, 36, 37, 38, 19, 21, 24, 4, 39, 5, 40, 41, 7, 42, 30, 32, 9, 34, 10, 51, 11, 47, 28, 29, 31, 55, 33, 56, 50, 59, 45, 17, 49, 18, 52, 20, 53, 22, 60, 61, 25, 44, 57, 27, 58, 63, 62, 54, 46, 43, 64, 48 ],
[ 56, 60, 27, 36, 38, 29, 40, 54, 63, 42, 51, 64, 30, 55, 9, 44, 39, 13, 33, 14, 35, 16, 59, 11, 23, 48, 45, 47, 58, 49, 26, 52, 32, 53, 34, 57, 12, 17, 28, 62, 2, 20, 15, 21, 37, 3, 25, 5, 31, 8, 61, 7, 10, 18, 19, 43, 24, 41, 4, 46, 1, 6, 50, 22 ]
],
[ PermutationGroup<64 |  
\[ 2, 3, 4, 5, 6, 7, 8, 9, 10, 11, 12, 13, 14, 15, 16, 17, 18, 19, 20, 21, 22, 23, 24, 25, 26, 27, 28, 29, 30, 31, 32, 33, 34, 35, 36, 37, 38, 39, 40, 41, 42, 43, 44, 45, 46, 47, 48, 49, 50, 51, 52, 53, 54, 55, 56, 57, 58, 59, 60, 61, 62, 63, 64, 1 ],
\[ 2, 1, 3, 4, 5, 6, 7, 8, 9, 10, 11, 12, 13, 14, 15, 16, 17, 18, 19, 20, 21, 22, 23, 24, 25, 26, 27, 28, 29, 30, 31, 32, 33, 34, 35, 36, 37, 38, 39, 40, 41, 42, 43, 44, 45, 46, 47, 48, 49, 50, 51, 52, 53, 54, 55, 56, 57, 58, 59, 60, 61, 62, 63, 64 ]:
 Order := 126886932185884164103433389335161480802865516174545192198801894375214704230400000000000000 > |
[ 2, 9, 8, 7, 10, 1, 11, 12, 27, 28, 29, 30, 16, 23, 3, 26, 20, 22, 4, 25, 5, 31, 32, 6, 33, 34, 54, 55, 56, 44, 35, 57, 36, 17, 38, 40, 13, 42, 14, 51, 15, 47, 46, 48, 18, 50, 19, 53, 21, 37, 58, 24, 39, 64, 59, 60, 62, 43, 52, 63, 41, 61, 45, 49 ],
[ 3, 8, 13, 6, 14, 15, 1, 16, 12, 23, 2, 26, 35, 36, 37, 38, 19, 21, 24, 4, 39, 5, 40, 41, 7, 42, 30, 32, 9, 34, 10, 51, 11, 47, 28, 29, 31, 55, 33, 56, 50, 59, 45, 17, 49, 18, 52, 20, 53, 22, 60, 61, 25, 44, 57, 27, 58, 63, 62, 54, 46, 43, 64, 48 ],
[ 4, 7, 6, 17, 18, 19, 20, 1, 11, 22, 25, 2, 15, 21, 24, 3, 30, 43, 34, 44, 45, 46, 5, 47, 48, 8, 29, 31, 33, 9, 50, 10, 53, 12, 37, 39, 41, 13, 49, 14, 52, 16, 57, 27, 58, 62, 26, 54, 63, 61, 23, 42, 64, 56, 35, 36, 28, 32, 38, 40, 59, 55, 51, 60 ]
]
];
s`SolvableDBMonodromyGroup := PermutationGroup<64 |  
\[ 2, 9, 8, 7, 10, 1, 11, 12, 27, 28, 29, 30, 16, 23, 3, 26, 20, 22, 4, 25, 5, 31, 32, 6, 33, 34, 54, 55, 56, 44, 35, 57, 36, 17, 38, 40, 13, 42, 14, 51, 15, 47, 46, 48, 18, 50, 19, 53, 21, 37, 58, 24, 39, 64, 59, 60, 62, 43, 52, 63, 41, 61, 45, 49 ],
\[ 3, 8, 13, 6, 14, 15, 1, 16, 12, 23, 2, 26, 35, 36, 37, 38, 19, 21, 24, 4, 39, 5, 40, 41, 7, 42, 30, 32, 9, 34, 10, 51, 11, 47, 28, 29, 31, 55, 33, 56, 50, 59, 45, 17, 49, 18, 52, 20, 53, 22, 60, 61, 25, 44, 57, 27, 58, 63, 62, 54, 46, 43, 64, 48 ],
\[ 4, 7, 6, 17, 18, 19, 20, 1, 11, 22, 25, 2, 15, 21, 24, 3, 30, 43, 34, 44, 45, 46, 5, 47, 48, 8, 29, 31, 33, 9, 50, 10, 53, 12, 37, 39, 41, 13, 49, 14, 52, 16, 57, 27, 58, 62, 26, 54, 63, 61, 23, 42, 64, 56, 35, 36, 28, 32, 38, 40, 59, 55, 51, 60 ] >;
s`SolvableDBAutomorphismGroup := PermutationGroup<64 |  
\[ 62, 61, 43, 55, 44, 57, 59, 46, 41, 48, 52, 50, 45, 17, 58, 18, 35, 27, 28, 38, 30, 54, 20, 32, 42, 22, 15, 53, 24, 37, 64, 25, 47, 31, 49, 19, 63, 21, 34, 4, 51, 5, 29, 13, 9, 56, 10, 16, 12, 60, 7, 23, 26, 3, 39, 6, 33, 11, 14, 1, 40, 36, 2, 8 ],
\[ 64, 49, 48, 60, 52, 54, 63, 53, 21, 24, 45, 39, 20, 61, 44, 25, 40, 42, 56, 51, 59, 47, 41, 27, 58, 33, 5, 6, 18, 14, 19, 15, 43, 36, 4, 46, 17, 7, 62, 50, 30, 11, 16, 23, 38, 26, 29, 32, 55, 34, 37, 9, 57, 10, 1, 22, 3, 13, 2, 31, 12, 8, 35, 28 ]:
 Order := 64 >;
s`SolvableDBPointedAutomorphismGroup := PermutationGroup<64 |  
\[ 55, 59, 57, 35, 27, 28, 38, 62, 52, 54, 42, 61, 58, 30, 32, 43, 37, 29, 31, 13, 9, 56, 44, 10, 16, 46, 24, 64, 47, 41, 60, 48, 26, 50, 63, 34, 51, 45, 12, 17, 23, 18, 33, 15, 11, 36, 22, 3, 2, 40, 20, 5, 8, 6, 49, 19, 53, 25, 21, 4, 14, 39, 7, 1 ]:
 Order := 16 >;
s`SolvableDBPathToPP1 := [ Strings() | "PP1", "2T1-1,2,2-g0-path1", "4T1-2,4,4-g1-path1", "8T1-4,8,8-g3-path1", "16T5-4,8,8-g5-path1", "32S16-8,16,16-g13-path10", "64S50-16,32,32-g29-path13" ];
s`SolvableDBParents := [ Strings() | "128S159-32,64,64-g61-path103", "128S160-32,64,64-g61-path87", "128S159-32,64,64-g61-path104", "128S160-32,64,64-g61-path88", "128S131-16,32,32-g57-path200", "128S128-16,32,32-g57-path138", "128S153-16,32,32-g57-path200" ];
s`SolvableDBChild := "32S16-8,16,16-g13-path10";

/*
Return for eval
*/

return s;
