s := SolvableDBInitialize();

/*
Magma printing
*/

s`SolvableDBName := "64S50-2,32,32-g15-path1";
s`SolvableDBFilename := "64S50-2,32,32-g15-path1.m";
s`SolvableDBPassportName := "64S50-2,32,32-g15";
s`SolvableDBPathNumber := 1;
s`SolvableDBDegree := 64;
s`SolvableDBOrders := \[ 2, 32, 32 ];
s`SolvableDBType := "Hyperbolic";
s`SolvableDBGenus := 15;
s`SolvableDBGaloisOrbitSize := 1;
s`SolvableDBPassportSize := 1;
s`SolvableDBPointedPassportSize := 1;
s`SolvableDBLevel := 6;
s`SolvableDBBlocks := {@ PowerSet(IntegerRing()) |
{ IntegerRing() | 1, 5 },
{ IntegerRing() | 2, 9 },
{ IntegerRing() | 3, 13 },
{ IntegerRing() | 4, 16 },
{ IntegerRing() | 6, 17 },
{ IntegerRing() | 7, 21 },
{ IntegerRing() | 8, 24 },
{ IntegerRing() | 10, 25 },
{ IntegerRing() | 11, 29 },
{ IntegerRing() | 12, 32 },
{ IntegerRing() | 14, 33 },
{ IntegerRing() | 15, 36 },
{ IntegerRing() | 18, 37 },
{ IntegerRing() | 19, 41 },
{ IntegerRing() | 20, 44 },
{ IntegerRing() | 22, 45 },
{ IntegerRing() | 23, 48 },
{ IntegerRing() | 26, 49 },
{ IntegerRing() | 27, 51 },
{ IntegerRing() | 28, 52 },
{ IntegerRing() | 30, 53 },
{ IntegerRing() | 31, 54 },
{ IntegerRing() | 34, 55 },
{ IntegerRing() | 35, 56 },
{ IntegerRing() | 38, 57 },
{ IntegerRing() | 39, 58 },
{ IntegerRing() | 40, 59 },
{ IntegerRing() | 42, 60 },
{ IntegerRing() | 43, 61 },
{ IntegerRing() | 46, 62 },
{ IntegerRing() | 47, 63 },
{ IntegerRing() | 50, 64 }
@};
s`SolvableDBIsRamifiedAtEveryLevel := true;
s`SolvableDBGaloisOrbit := [ PowerSequence(PermutationGroup<64 |  
\[ 2, 3, 4, 5, 6, 7, 8, 9, 10, 11, 12, 13, 14, 15, 16, 17, 18, 19, 20, 21, 22, 23, 24, 25, 26, 27, 28, 29, 30, 31, 32, 33, 34, 35, 36, 37, 38, 39, 40, 41, 42, 43, 44, 45, 46, 47, 48, 49, 50, 51, 52, 53, 54, 55, 56, 57, 58, 59, 60, 61, 62, 63, 64, 1 ],
\[ 2, 1, 3, 4, 5, 6, 7, 8, 9, 10, 11, 12, 13, 14, 15, 16, 17, 18, 19, 20, 21, 22, 23, 24, 25, 26, 27, 28, 29, 30, 31, 32, 33, 34, 35, 36, 37, 38, 39, 40, 41, 42, 43, 44, 45, 46, 47, 48, 49, 50, 51, 52, 53, 54, 55, 56, 57, 58, 59, 60, 61, 62, 63, 64 ]:
 Order := 126886932185884164103433389335161480802865516174545192198801894375214704230400000000000000 >) |
[ PermutationGroup<64 |  
\[ 2, 3, 4, 5, 6, 7, 8, 9, 10, 11, 12, 13, 14, 15, 16, 17, 18, 19, 20, 21, 22, 23, 24, 25, 26, 27, 28, 29, 30, 31, 32, 33, 34, 35, 36, 37, 38, 39, 40, 41, 42, 43, 44, 45, 46, 47, 48, 49, 50, 51, 52, 53, 54, 55, 56, 57, 58, 59, 60, 61, 62, 63, 64, 1 ],
\[ 2, 1, 3, 4, 5, 6, 7, 8, 9, 10, 11, 12, 13, 14, 15, 16, 17, 18, 19, 20, 21, 22, 23, 24, 25, 26, 27, 28, 29, 30, 31, 32, 33, 34, 35, 36, 37, 38, 39, 40, 41, 42, 43, 44, 45, 46, 47, 48, 49, 50, 51, 52, 53, 54, 55, 56, 57, 58, 59, 60, 61, 62, 63, 64 ]:
 Order := 126886932185884164103433389335161480802865516174545192198801894375214704230400000000000000 > |
[ 5, 9, 13, 16, 1, 17, 21, 24, 2, 25, 29, 32, 3, 33, 36, 4, 6, 37, 41, 44, 7, 45, 48, 8, 10, 49, 51, 52, 11, 53, 54, 12, 14, 55, 56, 15, 18, 57, 58, 59, 19, 60, 61, 20, 22, 62, 63, 23, 26, 64, 27, 28, 30, 31, 34, 35, 38, 39, 40, 42, 43, 46, 47, 50 ],
[ 2, 7, 1, 8, 9, 10, 19, 20, 21, 22, 3, 4, 5, 6, 23, 24, 25, 26, 39, 40, 41, 42, 43, 44, 45, 46, 11, 12, 13, 14, 15, 16, 17, 18, 47, 48, 49, 50, 28, 38, 58, 27, 34, 59, 60, 35, 30, 61, 62, 31, 29, 32, 33, 36, 37, 63, 64, 52, 57, 51, 55, 56, 53, 54 ],
[ 13, 5, 29, 32, 3, 33, 9, 16, 1, 17, 51, 52, 11, 53, 54, 12, 14, 55, 21, 24, 2, 25, 36, 4, 6, 37, 60, 58, 27, 63, 64, 28, 30, 61, 62, 31, 34, 59, 41, 44, 7, 45, 48, 8, 10, 49, 56, 15, 18, 57, 42, 39, 47, 50, 43, 46, 40, 19, 20, 22, 23, 26, 35, 38 ]
]
];
s`SolvableDBPassport := [ PowerSequence(PermutationGroup<64 |  
\[ 5, 9, 13, 16, 1, 17, 21, 24, 2, 25, 29, 32, 3, 33, 36, 4, 6, 37, 41, 44, 7, 45, 48, 8, 10, 49, 51, 52, 11, 53, 54, 12, 14, 55, 56, 15, 18, 57, 58, 59, 19, 60, 61, 20, 22, 62, 63, 23, 26, 64, 27, 28, 30, 31, 34, 35, 38, 39, 40, 42, 43, 46, 47, 50 ],
\[ 2, 7, 1, 8, 9, 10, 19, 20, 21, 22, 3, 4, 5, 6, 23, 24, 25, 26, 39, 40, 41, 42, 43, 44, 45, 46, 11, 12, 13, 14, 15, 16, 17, 18, 47, 48, 49, 50, 28, 38, 58, 27, 34, 59, 60, 35, 30, 61, 62, 31, 29, 32, 33, 36, 37, 63, 64, 52, 57, 51, 55, 56, 53, 54 ],
\[ 13, 5, 29, 32, 3, 33, 9, 16, 1, 17, 51, 52, 11, 53, 54, 12, 14, 55, 21, 24, 2, 25, 36, 4, 6, 37, 60, 58, 27, 63, 64, 28, 30, 61, 62, 31, 34, 59, 41, 44, 7, 45, 48, 8, 10, 49, 56, 15, 18, 57, 42, 39, 47, 50, 43, 46, 40, 19, 20, 22, 23, 26, 35, 38 ]:
 Order := 64 >) |
[ PermutationGroup<64 |  
\[ 5, 9, 13, 16, 1, 17, 21, 24, 2, 25, 29, 32, 3, 33, 36, 4, 6, 37, 41, 44, 7, 45, 48, 8, 10, 49, 51, 52, 11, 53, 54, 12, 14, 55, 56, 15, 18, 57, 58, 59, 19, 60, 61, 20, 22, 62, 63, 23, 26, 64, 27, 28, 30, 31, 34, 35, 38, 39, 40, 42, 43, 46, 47, 50 ],
\[ 2, 7, 1, 8, 9, 10, 19, 20, 21, 22, 3, 4, 5, 6, 23, 24, 25, 26, 39, 40, 41, 42, 43, 44, 45, 46, 11, 12, 13, 14, 15, 16, 17, 18, 47, 48, 49, 50, 28, 38, 58, 27, 34, 59, 60, 35, 30, 61, 62, 31, 29, 32, 33, 36, 37, 63, 64, 52, 57, 51, 55, 56, 53, 54 ],
\[ 13, 5, 29, 32, 3, 33, 9, 16, 1, 17, 51, 52, 11, 53, 54, 12, 14, 55, 21, 24, 2, 25, 36, 4, 6, 37, 60, 58, 27, 63, 64, 28, 30, 61, 62, 31, 34, 59, 41, 44, 7, 45, 48, 8, 10, 49, 56, 15, 18, 57, 42, 39, 47, 50, 43, 46, 40, 19, 20, 22, 23, 26, 35, 38 ]:
 Order := 64 > |
[ 61, 55, 48, 53, 43, 44, 37, 33, 34, 59, 36, 63, 23, 24, 29, 30, 20, 21, 49, 17, 18, 57, 13, 14, 40, 41, 54, 56, 15, 16, 51, 47, 8, 9, 52, 11, 7, 45, 62, 25, 26, 64, 5, 6, 38, 58, 32, 3, 19, 60, 31, 35, 4, 27, 2, 28, 22, 46, 10, 50, 1, 39, 12, 42 ],
[ 2, 7, 1, 8, 9, 10, 19, 20, 21, 22, 3, 4, 5, 6, 23, 24, 25, 26, 39, 40, 41, 42, 43, 44, 45, 46, 11, 12, 13, 14, 15, 16, 17, 18, 47, 48, 49, 50, 28, 38, 58, 27, 34, 59, 60, 35, 30, 61, 62, 31, 29, 32, 33, 36, 37, 63, 64, 52, 57, 51, 55, 56, 53, 54 ],
[ 48, 61, 36, 63, 23, 24, 55, 53, 43, 44, 54, 56, 15, 16, 51, 47, 8, 9, 37, 33, 34, 59, 29, 30, 20, 21, 64, 62, 31, 32, 60, 35, 4, 5, 58, 27, 2, 25, 49, 17, 18, 57, 13, 14, 40, 41, 52, 11, 7, 45, 50, 46, 12, 42, 1, 39, 10, 26, 6, 38, 3, 19, 28, 22 ]
]
];
s`SolvableDBPointedPassport := [ PowerSequence(PermutationGroup<64 |  
\[ 2, 3, 4, 5, 6, 7, 8, 9, 10, 11, 12, 13, 14, 15, 16, 17, 18, 19, 20, 21, 22, 23, 24, 25, 26, 27, 28, 29, 30, 31, 32, 33, 34, 35, 36, 37, 38, 39, 40, 41, 42, 43, 44, 45, 46, 47, 48, 49, 50, 51, 52, 53, 54, 55, 56, 57, 58, 59, 60, 61, 62, 63, 64, 1 ],
\[ 2, 1, 3, 4, 5, 6, 7, 8, 9, 10, 11, 12, 13, 14, 15, 16, 17, 18, 19, 20, 21, 22, 23, 24, 25, 26, 27, 28, 29, 30, 31, 32, 33, 34, 35, 36, 37, 38, 39, 40, 41, 42, 43, 44, 45, 46, 47, 48, 49, 50, 51, 52, 53, 54, 55, 56, 57, 58, 59, 60, 61, 62, 63, 64 ]:
 Order := 126886932185884164103433389335161480802865516174545192198801894375214704230400000000000000 >) |
[ PermutationGroup<64 |  
\[ 2, 3, 4, 5, 6, 7, 8, 9, 10, 11, 12, 13, 14, 15, 16, 17, 18, 19, 20, 21, 22, 23, 24, 25, 26, 27, 28, 29, 30, 31, 32, 33, 34, 35, 36, 37, 38, 39, 40, 41, 42, 43, 44, 45, 46, 47, 48, 49, 50, 51, 52, 53, 54, 55, 56, 57, 58, 59, 60, 61, 62, 63, 64, 1 ],
\[ 2, 1, 3, 4, 5, 6, 7, 8, 9, 10, 11, 12, 13, 14, 15, 16, 17, 18, 19, 20, 21, 22, 23, 24, 25, 26, 27, 28, 29, 30, 31, 32, 33, 34, 35, 36, 37, 38, 39, 40, 41, 42, 43, 44, 45, 46, 47, 48, 49, 50, 51, 52, 53, 54, 55, 56, 57, 58, 59, 60, 61, 62, 63, 64 ]:
 Order := 126886932185884164103433389335161480802865516174545192198801894375214704230400000000000000 > |
[ 5, 9, 13, 16, 1, 17, 21, 24, 2, 25, 29, 32, 3, 33, 36, 4, 6, 37, 41, 44, 7, 45, 48, 8, 10, 49, 51, 52, 11, 53, 54, 12, 14, 55, 56, 15, 18, 57, 58, 59, 19, 60, 61, 20, 22, 62, 63, 23, 26, 64, 27, 28, 30, 31, 34, 35, 38, 39, 40, 42, 43, 46, 47, 50 ],
[ 2, 7, 1, 8, 9, 10, 19, 20, 21, 22, 3, 4, 5, 6, 23, 24, 25, 26, 39, 40, 41, 42, 43, 44, 45, 46, 11, 12, 13, 14, 15, 16, 17, 18, 47, 48, 49, 50, 28, 38, 58, 27, 34, 59, 60, 35, 30, 61, 62, 31, 29, 32, 33, 36, 37, 63, 64, 52, 57, 51, 55, 56, 53, 54 ],
[ 13, 5, 29, 32, 3, 33, 9, 16, 1, 17, 51, 52, 11, 53, 54, 12, 14, 55, 21, 24, 2, 25, 36, 4, 6, 37, 60, 58, 27, 63, 64, 28, 30, 61, 62, 31, 34, 59, 41, 44, 7, 45, 48, 8, 10, 49, 56, 15, 18, 57, 42, 39, 47, 50, 43, 46, 40, 19, 20, 22, 23, 26, 35, 38 ]
]
];
s`SolvableDBMonodromyGroup := PermutationGroup<64 |  
\[ 5, 9, 13, 16, 1, 17, 21, 24, 2, 25, 29, 32, 3, 33, 36, 4, 6, 37, 41, 44, 7, 45, 48, 8, 10, 49, 51, 52, 11, 53, 54, 12, 14, 55, 56, 15, 18, 57, 58, 59, 19, 60, 61, 20, 22, 62, 63, 23, 26, 64, 27, 28, 30, 31, 34, 35, 38, 39, 40, 42, 43, 46, 47, 50 ],
\[ 2, 7, 1, 8, 9, 10, 19, 20, 21, 22, 3, 4, 5, 6, 23, 24, 25, 26, 39, 40, 41, 42, 43, 44, 45, 46, 11, 12, 13, 14, 15, 16, 17, 18, 47, 48, 49, 50, 28, 38, 58, 27, 34, 59, 60, 35, 30, 61, 62, 31, 29, 32, 33, 36, 37, 63, 64, 52, 57, 51, 55, 56, 53, 54 ],
\[ 13, 5, 29, 32, 3, 33, 9, 16, 1, 17, 51, 52, 11, 53, 54, 12, 14, 55, 21, 24, 2, 25, 36, 4, 6, 37, 60, 58, 27, 63, 64, 28, 30, 61, 62, 31, 34, 59, 41, 44, 7, 45, 48, 8, 10, 49, 56, 15, 18, 57, 42, 39, 47, 50, 43, 46, 40, 19, 20, 22, 23, 26, 35, 38 ] >;
s`SolvableDBAutomorphismGroup := PermutationGroup<64 |  
\[ 50, 31, 38, 26, 64, 28, 15, 46, 54, 12, 40, 18, 57, 39, 10, 49, 52, 11, 23, 35, 36, 4, 22, 62, 32, 3, 20, 34, 59, 19, 6, 37, 58, 27, 2, 25, 29, 30, 43, 47, 48, 8, 42, 56, 16, 1, 7, 45, 13, 14, 44, 55, 41, 17, 51, 9, 53, 61, 63, 24, 60, 5, 21, 33 ],
\[ 2, 7, 1, 8, 9, 10, 19, 20, 21, 22, 3, 4, 5, 6, 23, 24, 25, 26, 39, 40, 41, 42, 43, 44, 45, 46, 11, 12, 13, 14, 15, 16, 17, 18, 47, 48, 49, 50, 28, 38, 58, 27, 34, 59, 60, 35, 30, 61, 62, 31, 29, 32, 33, 36, 37, 63, 64, 52, 57, 51, 55, 56, 53, 54 ],
\[ 64, 54, 57, 49, 50, 52, 36, 62, 31, 32, 59, 37, 38, 58, 25, 26, 28, 29, 48, 56, 15, 16, 45, 46, 12, 13, 44, 55, 40, 41, 17, 18, 39, 51, 9, 10, 11, 53, 61, 63, 23, 24, 60, 35, 4, 5, 21, 22, 3, 33, 20, 34, 19, 6, 27, 2, 30, 43, 47, 8, 42, 1, 7, 14 ]:
 Order := 64 >;
s`SolvableDBPointedAutomorphismGroup := PermutationGroup<64 |  
\[ 5, 9, 13, 16, 1, 17, 21, 24, 2, 25, 29, 32, 3, 33, 36, 4, 6, 37, 41, 44, 7, 45, 48, 8, 10, 49, 51, 52, 11, 53, 54, 12, 14, 55, 56, 15, 18, 57, 58, 59, 19, 60, 61, 20, 22, 62, 63, 23, 26, 64, 27, 28, 30, 31, 34, 35, 38, 39, 40, 42, 43, 46, 47, 50 ]:
 Order := 2 >;
s`SolvableDBPathToPP1 := [ Strings() | "PP1", "2T1-1,2,2-g0-path1", "4T1-1,4,4-g0-path1", "8T1-1,8,8-g0-path1", "16T1-1,16,16-g0-path1", "32S1-1,32,32-g0-path1", "64S50-2,32,32-g15-path1" ];
s`SolvableDBChild := "32S1-1,32,32-g0-path1";

/*
Return for eval
*/

return s;
