s := SolvableDBObjectInitialize();

/*
Basic Information about the Passport
*/

s`SolvableDBName := "64S5-4,8,8-g17-path31";
s`SolvableDBFilename := "64S5-4,8,8-g17-path31.m";
s`SolvableDBPathNumber := 31;
s`SolvableDBDegree := 64;
s`SolvableDBABC := \[ 4, 8, 8 ];
s`SolvableDBType := "Hyperbolic";
s`SolvableDBGenus := 17;
s`SolvableDBGaloisOrbitSize := 1;
s`SolvableDBPassportSize := 2;
s`SolvableDBPointedPassportSize := 2;
s`SolvableDBLevel := 6;
s`SolvableDBBlocks := {@ PowerSet(IntegerRing()) |
{ IntegerRing() | 1, 5 },
{ IntegerRing() | 2, 11 },
{ IntegerRing() | 3, 16 },
{ IntegerRing() | 4, 21 },
{ IntegerRing() | 6, 24 },
{ IntegerRing() | 7, 25 },
{ IntegerRing() | 8, 26 },
{ IntegerRing() | 9, 38 },
{ IntegerRing() | 10, 40 },
{ IntegerRing() | 12, 42 },
{ IntegerRing() | 13, 43 },
{ IntegerRing() | 14, 49 },
{ IntegerRing() | 15, 52 },
{ IntegerRing() | 17, 54 },
{ IntegerRing() | 18, 23 },
{ IntegerRing() | 19, 56 },
{ IntegerRing() | 20, 59 },
{ IntegerRing() | 22, 51 },
{ IntegerRing() | 27, 48 },
{ IntegerRing() | 28, 62 },
{ IntegerRing() | 29, 60 },
{ IntegerRing() | 30, 63 },
{ IntegerRing() | 31, 35 },
{ IntegerRing() | 32, 53 },
{ IntegerRing() | 33, 41 },
{ IntegerRing() | 34, 64 },
{ IntegerRing() | 36, 58 },
{ IntegerRing() | 37, 45 },
{ IntegerRing() | 39, 57 },
{ IntegerRing() | 44, 50 },
{ IntegerRing() | 46, 61 },
{ IntegerRing() | 47, 55 }
@};

/*
Permutations and Passports
*/

s`SolvableDBGaloisOrbit := [ PowerSequence(PermutationGroup<64 |  
\[ 2, 3, 4, 5, 6, 7, 8, 9, 10, 11, 12, 13, 14, 15, 16, 17, 18, 19, 20, 21, 22, 23, 24, 25, 26, 27, 28, 29, 30, 31, 32, 33, 34, 35, 36, 37, 38, 39, 40, 41, 42, 43, 44, 45, 46, 47, 48, 49, 50, 51, 52, 53, 54, 55, 56, 57, 58, 59, 60, 61, 62, 63, 64, 1 ],
\[ 2, 1, 3, 4, 5, 6, 7, 8, 9, 10, 11, 12, 13, 14, 15, 16, 17, 18, 19, 20, 21, 22, 23, 24, 25, 26, 27, 28, 29, 30, 31, 32, 33, 34, 35, 36, 37, 38, 39, 40, 41, 42, 43, 44, 45, 46, 47, 48, 49, 50, 51, 52, 53, 54, 55, 56, 57, 58, 59, 60, 61, 62, 63, 64 ]:
 Order := 126886932185884164103433389335161480802865516174545192198801894375214704230400000000000000 >) |
[ PermutationGroup<64 |  
\[ 2, 3, 4, 5, 6, 7, 8, 9, 10, 11, 12, 13, 14, 15, 16, 17, 18, 19, 20, 21, 22, 23, 24, 25, 26, 27, 28, 29, 30, 31, 32, 33, 34, 35, 36, 37, 38, 39, 40, 41, 42, 43, 44, 45, 46, 47, 48, 49, 50, 51, 52, 53, 54, 55, 56, 57, 58, 59, 60, 61, 62, 63, 64, 1 ],
\[ 2, 1, 3, 4, 5, 6, 7, 8, 9, 10, 11, 12, 13, 14, 15, 16, 17, 18, 19, 20, 21, 22, 23, 24, 25, 26, 27, 28, 29, 30, 31, 32, 33, 34, 35, 36, 37, 38, 39, 40, 41, 42, 43, 44, 45, 46, 47, 48, 49, 50, 51, 52, 53, 54, 55, 56, 57, 58, 59, 60, 61, 62, 63, 64 ]:
 Order := 126886932185884164103433389335161480802865516174545192198801894375214704230400000000000000 > |
[ 2, 9, 8, 19, 11, 1, 30, 34, 6, 13, 38, 22, 27, 18, 39, 26, 3, 33, 12, 35, 56, 4, 41, 5, 63, 64, 29, 32, 10, 28, 45, 7, 50, 17, 37, 46, 55, 24, 36, 43, 44, 51, 48, 49, 47, 15, 59, 60, 23, 14, 21, 57, 25, 16, 20, 42, 58, 61, 31, 40, 52, 53, 62, 54 ],
[ 3, 10, 14, 6, 16, 27, 1, 35, 34, 23, 40, 2, 45, 28, 17, 49, 55, 21, 57, 22, 24, 61, 4, 48, 5, 31, 44, 9, 59, 58, 32, 52, 7, 33, 53, 8, 19, 64, 29, 18, 25, 11, 37, 12, 56, 13, 30, 50, 62, 42, 46, 54, 15, 47, 63, 39, 60, 26, 51, 20, 43, 38, 36, 41 ],
[ 4, 7, 15, 20, 21, 28, 31, 1, 12, 39, 25, 37, 2, 48, 51, 52, 9, 3, 23, 17, 59, 44, 16, 62, 35, 5, 46, 47, 6, 33, 29, 14, 40, 36, 60, 56, 8, 42, 53, 57, 10, 45, 11, 64, 26, 63, 13, 61, 27, 34, 50, 22, 49, 38, 43, 18, 32, 19, 54, 24, 30, 55, 41, 58 ]
]
];
s`SolvableDBPassport := [ PowerSequence(PermutationGroup<64 |  
\[ 2, 9, 8, 19, 11, 1, 30, 34, 6, 13, 38, 22, 27, 18, 39, 26, 3, 33, 12, 35, 56, 4, 41, 5, 63, 64, 29, 32, 10, 28, 45, 7, 50, 17, 37, 46, 55, 24, 36, 43, 44, 51, 48, 49, 47, 15, 59, 60, 23, 14, 21, 57, 25, 16, 20, 42, 58, 61, 31, 40, 52, 53, 62, 54 ],
\[ 3, 10, 14, 6, 16, 27, 1, 35, 34, 23, 40, 2, 45, 28, 17, 49, 55, 21, 57, 22, 24, 61, 4, 48, 5, 31, 44, 9, 59, 58, 32, 52, 7, 33, 53, 8, 19, 64, 29, 18, 25, 11, 37, 12, 56, 13, 30, 50, 62, 42, 46, 54, 15, 47, 63, 39, 60, 26, 51, 20, 43, 38, 36, 41 ],
\[ 4, 7, 15, 20, 21, 28, 31, 1, 12, 39, 25, 37, 2, 48, 51, 52, 9, 3, 23, 17, 59, 44, 16, 62, 35, 5, 46, 47, 6, 33, 29, 14, 40, 36, 60, 56, 8, 42, 53, 57, 10, 45, 11, 64, 26, 63, 13, 61, 27, 34, 50, 22, 49, 38, 43, 18, 32, 19, 54, 24, 30, 55, 41, 58 ]:
 Order := 64 >) |
[ PermutationGroup<64 |  
\[ 2, 9, 8, 19, 11, 1, 30, 34, 6, 13, 38, 22, 27, 18, 39, 26, 3, 33, 12, 35, 56, 4, 41, 5, 63, 64, 29, 32, 10, 28, 45, 7, 50, 17, 37, 46, 55, 24, 36, 43, 44, 51, 48, 49, 47, 15, 59, 60, 23, 14, 21, 57, 25, 16, 20, 42, 58, 61, 31, 40, 52, 53, 62, 54 ],
\[ 3, 10, 14, 6, 16, 27, 1, 35, 34, 23, 40, 2, 45, 28, 17, 49, 55, 21, 57, 22, 24, 61, 4, 48, 5, 31, 44, 9, 59, 58, 32, 52, 7, 33, 53, 8, 19, 64, 29, 18, 25, 11, 37, 12, 56, 13, 30, 50, 62, 42, 46, 54, 15, 47, 63, 39, 60, 26, 51, 20, 43, 38, 36, 41 ],
\[ 4, 7, 15, 20, 21, 28, 31, 1, 12, 39, 25, 37, 2, 48, 51, 52, 9, 3, 23, 17, 59, 44, 16, 62, 35, 5, 46, 47, 6, 33, 29, 14, 40, 36, 60, 56, 8, 42, 53, 57, 10, 45, 11, 64, 26, 63, 13, 61, 27, 34, 50, 22, 49, 38, 43, 18, 32, 19, 54, 24, 30, 55, 41, 58 ]:
 Order := 64 > |
[ 47, 20, 12, 64, 55, 37, 48, 51, 31, 28, 59, 16, 53, 36, 41, 42, 56, 61, 17, 11, 34, 8, 46, 45, 27, 22, 7, 40, 63, 29, 38, 13, 15, 4, 9, 49, 24, 35, 50, 62, 52, 3, 32, 39, 6, 18, 5, 25, 58, 57, 26, 33, 43, 19, 1, 54, 44, 14, 2, 30, 23, 10, 60, 21 ],
[ 3, 10, 14, 6, 16, 27, 1, 35, 34, 23, 40, 2, 45, 28, 17, 49, 55, 21, 57, 22, 24, 61, 4, 48, 5, 31, 44, 9, 59, 58, 32, 52, 7, 33, 53, 8, 19, 64, 29, 18, 25, 11, 37, 12, 56, 13, 30, 50, 62, 42, 46, 54, 15, 47, 63, 39, 60, 26, 51, 20, 43, 38, 36, 41 ],
[ 17, 29, 50, 9, 54, 13, 6, 20, 8, 49, 60, 1, 31, 30, 34, 44, 37, 51, 52, 12, 38, 58, 22, 43, 24, 59, 41, 2, 47, 57, 28, 61, 32, 18, 62, 3, 4, 26, 27, 14, 53, 5, 35, 19, 21, 10, 7, 33, 63, 56, 36, 64, 46, 45, 25, 15, 48, 16, 42, 55, 40, 11, 39, 23 ]
],
[ PermutationGroup<64 |  
\[ 2, 9, 8, 19, 11, 1, 30, 34, 6, 13, 38, 22, 27, 18, 39, 26, 3, 33, 12, 35, 56, 4, 41, 5, 63, 64, 29, 32, 10, 28, 45, 7, 50, 17, 37, 46, 55, 24, 36, 43, 44, 51, 48, 49, 47, 15, 59, 60, 23, 14, 21, 57, 25, 16, 20, 42, 58, 61, 31, 40, 52, 53, 62, 54 ],
\[ 3, 10, 14, 6, 16, 27, 1, 35, 34, 23, 40, 2, 45, 28, 17, 49, 55, 21, 57, 22, 24, 61, 4, 48, 5, 31, 44, 9, 59, 58, 32, 52, 7, 33, 53, 8, 19, 64, 29, 18, 25, 11, 37, 12, 56, 13, 30, 50, 62, 42, 46, 54, 15, 47, 63, 39, 60, 26, 51, 20, 43, 38, 36, 41 ],
\[ 4, 7, 15, 20, 21, 28, 31, 1, 12, 39, 25, 37, 2, 48, 51, 52, 9, 3, 23, 17, 59, 44, 16, 62, 35, 5, 46, 47, 6, 33, 29, 14, 40, 36, 60, 56, 8, 42, 53, 57, 10, 45, 11, 64, 26, 63, 13, 61, 27, 34, 50, 22, 49, 38, 43, 18, 32, 19, 54, 24, 30, 55, 41, 58 ]:
 Order := 64 > |
[ 11, 38, 26, 56, 2, 5, 63, 64, 24, 43, 9, 51, 48, 23, 57, 8, 16, 41, 42, 31, 19, 21, 33, 1, 30, 34, 60, 53, 40, 62, 37, 25, 44, 54, 45, 61, 47, 6, 58, 13, 50, 22, 27, 14, 55, 52, 20, 29, 18, 49, 4, 39, 7, 3, 59, 12, 36, 46, 35, 10, 15, 32, 28, 17 ],
[ 3, 10, 14, 6, 16, 27, 1, 35, 34, 23, 40, 2, 45, 28, 17, 49, 55, 21, 57, 22, 24, 61, 4, 48, 5, 31, 44, 9, 59, 58, 32, 52, 7, 33, 53, 8, 19, 64, 29, 18, 25, 11, 37, 12, 56, 13, 30, 50, 62, 42, 46, 54, 15, 47, 63, 39, 60, 26, 51, 20, 43, 38, 36, 41 ],
[ 21, 25, 52, 59, 4, 62, 35, 5, 42, 57, 7, 45, 11, 27, 22, 15, 38, 16, 18, 54, 20, 50, 3, 28, 31, 1, 61, 55, 24, 41, 60, 49, 10, 58, 29, 19, 26, 12, 32, 39, 40, 37, 2, 34, 8, 30, 43, 46, 48, 64, 44, 51, 14, 9, 13, 23, 53, 56, 17, 6, 63, 47, 33, 36 ]
]
];
s`SolvableDBPointedPassport := [ PowerSequence(PermutationGroup<64 |  
\[ 2, 9, 8, 19, 11, 1, 30, 34, 6, 13, 38, 22, 27, 18, 39, 26, 3, 33, 12, 35, 56, 4, 41, 5, 63, 64, 29, 32, 10, 28, 45, 7, 50, 17, 37, 46, 55, 24, 36, 43, 44, 51, 48, 49, 47, 15, 59, 60, 23, 14, 21, 57, 25, 16, 20, 42, 58, 61, 31, 40, 52, 53, 62, 54 ],
\[ 3, 10, 14, 6, 16, 27, 1, 35, 34, 23, 40, 2, 45, 28, 17, 49, 55, 21, 57, 22, 24, 61, 4, 48, 5, 31, 44, 9, 59, 58, 32, 52, 7, 33, 53, 8, 19, 64, 29, 18, 25, 11, 37, 12, 56, 13, 30, 50, 62, 42, 46, 54, 15, 47, 63, 39, 60, 26, 51, 20, 43, 38, 36, 41 ],
\[ 4, 7, 15, 20, 21, 28, 31, 1, 12, 39, 25, 37, 2, 48, 51, 52, 9, 3, 23, 17, 59, 44, 16, 62, 35, 5, 46, 47, 6, 33, 29, 14, 40, 36, 60, 56, 8, 42, 53, 57, 10, 45, 11, 64, 26, 63, 13, 61, 27, 34, 50, 22, 49, 38, 43, 18, 32, 19, 54, 24, 30, 55, 41, 58 ]:
 Order := 64 >) |
[ PermutationGroup<64 |  
\[ 2, 9, 8, 19, 11, 1, 30, 34, 6, 13, 38, 22, 27, 18, 39, 26, 3, 33, 12, 35, 56, 4, 41, 5, 63, 64, 29, 32, 10, 28, 45, 7, 50, 17, 37, 46, 55, 24, 36, 43, 44, 51, 48, 49, 47, 15, 59, 60, 23, 14, 21, 57, 25, 16, 20, 42, 58, 61, 31, 40, 52, 53, 62, 54 ],
\[ 3, 10, 14, 6, 16, 27, 1, 35, 34, 23, 40, 2, 45, 28, 17, 49, 55, 21, 57, 22, 24, 61, 4, 48, 5, 31, 44, 9, 59, 58, 32, 52, 7, 33, 53, 8, 19, 64, 29, 18, 25, 11, 37, 12, 56, 13, 30, 50, 62, 42, 46, 54, 15, 47, 63, 39, 60, 26, 51, 20, 43, 38, 36, 41 ],
\[ 4, 7, 15, 20, 21, 28, 31, 1, 12, 39, 25, 37, 2, 48, 51, 52, 9, 3, 23, 17, 59, 44, 16, 62, 35, 5, 46, 47, 6, 33, 29, 14, 40, 36, 60, 56, 8, 42, 53, 57, 10, 45, 11, 64, 26, 63, 13, 61, 27, 34, 50, 22, 49, 38, 43, 18, 32, 19, 54, 24, 30, 55, 41, 58 ]:
 Order := 64 > |
[ 60, 26, 59, 15, 29, 54, 39, 23, 43, 35, 8, 36, 33, 22, 48, 20, 44, 53, 5, 28, 52, 38, 32, 17, 57, 18, 55, 46, 14, 11, 4, 24, 19, 45, 21, 40, 7, 13, 16, 31, 56, 58, 41, 30, 25, 64, 12, 47, 51, 63, 9, 27, 6, 50, 42, 1, 3, 10, 62, 49, 34, 61, 2, 37 ],
[ 17, 29, 50, 9, 54, 13, 6, 20, 8, 49, 60, 1, 31, 30, 34, 44, 37, 51, 52, 12, 38, 58, 22, 43, 24, 59, 41, 2, 47, 57, 28, 61, 32, 18, 62, 3, 4, 26, 27, 14, 53, 5, 35, 19, 21, 10, 7, 33, 63, 56, 36, 64, 46, 45, 25, 15, 48, 16, 42, 55, 40, 11, 39, 23 ],
[ 50, 49, 30, 13, 44, 41, 17, 62, 18, 22, 14, 29, 21, 2, 37, 63, 25, 38, 48, 58, 43, 40, 9, 33, 54, 28, 19, 8, 42, 16, 61, 64, 6, 32, 46, 20, 52, 23, 47, 51, 24, 60, 4, 1, 15, 31, 57, 56, 11, 5, 10, 45, 34, 7, 39, 27, 55, 59, 36, 12, 35, 26, 3, 53 ]
],
[ PermutationGroup<64 |  
\[ 2, 9, 8, 19, 11, 1, 30, 34, 6, 13, 38, 22, 27, 18, 39, 26, 3, 33, 12, 35, 56, 4, 41, 5, 63, 64, 29, 32, 10, 28, 45, 7, 50, 17, 37, 46, 55, 24, 36, 43, 44, 51, 48, 49, 47, 15, 59, 60, 23, 14, 21, 57, 25, 16, 20, 42, 58, 61, 31, 40, 52, 53, 62, 54 ],
\[ 3, 10, 14, 6, 16, 27, 1, 35, 34, 23, 40, 2, 45, 28, 17, 49, 55, 21, 57, 22, 24, 61, 4, 48, 5, 31, 44, 9, 59, 58, 32, 52, 7, 33, 53, 8, 19, 64, 29, 18, 25, 11, 37, 12, 56, 13, 30, 50, 62, 42, 46, 54, 15, 47, 63, 39, 60, 26, 51, 20, 43, 38, 36, 41 ],
\[ 4, 7, 15, 20, 21, 28, 31, 1, 12, 39, 25, 37, 2, 48, 51, 52, 9, 3, 23, 17, 59, 44, 16, 62, 35, 5, 46, 47, 6, 33, 29, 14, 40, 36, 60, 56, 8, 42, 53, 57, 10, 45, 11, 64, 26, 63, 13, 61, 27, 34, 50, 22, 49, 38, 43, 18, 32, 19, 54, 24, 30, 55, 41, 58 ]:
 Order := 64 > |
[ 60, 26, 59, 15, 29, 54, 39, 23, 43, 35, 8, 36, 33, 22, 48, 20, 44, 53, 5, 28, 52, 38, 32, 17, 57, 18, 55, 46, 14, 11, 4, 24, 19, 45, 21, 40, 7, 13, 16, 31, 56, 58, 41, 30, 25, 64, 12, 47, 51, 63, 9, 27, 6, 50, 42, 1, 3, 10, 62, 49, 34, 61, 2, 37 ],
[ 21, 25, 52, 59, 4, 62, 35, 5, 42, 57, 7, 45, 11, 27, 22, 15, 38, 16, 18, 54, 20, 50, 3, 28, 31, 1, 61, 55, 24, 41, 60, 49, 10, 58, 29, 19, 26, 12, 32, 39, 40, 37, 2, 34, 8, 30, 43, 46, 48, 64, 44, 51, 14, 9, 13, 23, 53, 56, 17, 6, 63, 47, 33, 36 ],
[ 58, 61, 10, 25, 36, 57, 42, 13, 52, 34, 46, 62, 17, 35, 5, 40, 29, 37, 63, 18, 7, 53, 45, 39, 12, 43, 3, 21, 8, 51, 41, 56, 55, 27, 33, 38, 50, 15, 11, 64, 47, 28, 54, 59, 44, 24, 49, 16, 31, 20, 32, 1, 19, 60, 14, 30, 2, 9, 23, 26, 6, 4, 22, 48 ]
]
];
s`SolvableDBMonodromyGroup := PermutationGroup<64 |  
\[ 2, 9, 8, 19, 11, 1, 30, 34, 6, 13, 38, 22, 27, 18, 39, 26, 3, 33, 12, 35, 56, 4, 41, 5, 63, 64, 29, 32, 10, 28, 45, 7, 50, 17, 37, 46, 55, 24, 36, 43, 44, 51, 48, 49, 47, 15, 59, 60, 23, 14, 21, 57, 25, 16, 20, 42, 58, 61, 31, 40, 52, 53, 62, 54 ],
\[ 3, 10, 14, 6, 16, 27, 1, 35, 34, 23, 40, 2, 45, 28, 17, 49, 55, 21, 57, 22, 24, 61, 4, 48, 5, 31, 44, 9, 59, 58, 32, 52, 7, 33, 53, 8, 19, 64, 29, 18, 25, 11, 37, 12, 56, 13, 30, 50, 62, 42, 46, 54, 15, 47, 63, 39, 60, 26, 51, 20, 43, 38, 36, 41 ],
\[ 4, 7, 15, 20, 21, 28, 31, 1, 12, 39, 25, 37, 2, 48, 51, 52, 9, 3, 23, 17, 59, 44, 16, 62, 35, 5, 46, 47, 6, 33, 29, 14, 40, 36, 60, 56, 8, 42, 53, 57, 10, 45, 11, 64, 26, 63, 13, 61, 27, 34, 50, 22, 49, 38, 43, 18, 32, 19, 54, 24, 30, 55, 41, 58 ] >;
s`SolvableDBAutomorphismGroup := PermutationGroup<64 |  
\[ 34, 17, 33, 36, 64, 8, 9, 50, 3, 55, 54, 15, 20, 7, 40, 41, 18, 30, 46, 56, 58, 39, 63, 26, 38, 44, 35, 1, 37, 6, 12, 2, 28, 14, 42, 48, 51, 16, 43, 47, 62, 52, 59, 53, 22, 60, 4, 31, 25, 32, 57, 10, 11, 23, 21, 61, 13, 27, 19, 45, 29, 5, 24, 49 ],
\[ 50, 14, 42, 34, 44, 33, 48, 51, 18, 28, 49, 3, 32, 11, 45, 12, 56, 38, 17, 36, 64, 8, 9, 41, 27, 22, 7, 40, 30, 60, 61, 43, 24, 21, 46, 59, 15, 23, 47, 62, 6, 16, 53, 1, 52, 31, 57, 25, 2, 5, 26, 37, 13, 19, 39, 54, 55, 20, 58, 63, 35, 10, 29, 4 ]:
 Order := 64 >;
s`SolvableDBPointedAutomorphismGroup := PermutationGroup<64 |  
\[ 6, 1, 27, 28, 24, 9, 4, 29, 2, 3, 5, 7, 8, 44, 46, 48, 13, 49, 32, 47, 62, 30, 14, 38, 21, 60, 34, 12, 17, 19, 20, 22, 23, 10, 59, 39, 31, 11, 15, 16, 18, 25, 26, 33, 35, 36, 37, 64, 50, 41, 63, 61, 51, 43, 45, 53, 52, 57, 55, 54, 58, 42, 56, 40 ]:
 Order := 4 >;

/*
Top Level Belyi Curve/Map
*/


/*
Graph Data
*/

s`SolvableDBPathToPP1 := [ Strings() | "PP1", "2T1-1,2,2-g0-path1", "4T2-2,2,2-g0-path1", "8T2-2,4,4-g1-path3", "16T5-4,8,8-g5-path5", "32S5-4,8,8-g9-path16", "64S5-4,8,8-g17-path31" ];
s`SolvableDBChildren := [ Strings() | "32S5-4,8,8-g9-path16" ];

/*
Return for eval
*/

return s;
