s := SolvableDBInitialize();

/*
Magma printing
*/

s`SolvableDBName := "64S50-16,32,32-g29-path6";
s`SolvableDBFilename := "64S50-16,32,32-g29-path6.m";
s`SolvableDBPassportName := "64S50-16,32,32-g29";
s`SolvableDBPathNumber := 6;
s`SolvableDBDegree := 64;
s`SolvableDBOrders := \[ 16, 32, 32 ];
s`SolvableDBType := "Hyperbolic";
s`SolvableDBGenus := 29;
s`SolvableDBGaloisOrbitSize := 1;
s`SolvableDBPassportSize := 4;
s`SolvableDBPointedPassportSize := 4;
s`SolvableDBLevel := 6;
s`SolvableDBBlocks := {@ PowerSet(IntegerRing()) |
{ IntegerRing() | 1, 5 },
{ IntegerRing() | 2, 10 },
{ IntegerRing() | 3, 14 },
{ IntegerRing() | 4, 18 },
{ IntegerRing() | 6, 21 },
{ IntegerRing() | 7, 22 },
{ IntegerRing() | 8, 23 },
{ IntegerRing() | 9, 28 },
{ IntegerRing() | 11, 31 },
{ IntegerRing() | 12, 32 },
{ IntegerRing() | 13, 35 },
{ IntegerRing() | 15, 37 },
{ IntegerRing() | 16, 38 },
{ IntegerRing() | 17, 41 },
{ IntegerRing() | 19, 44 },
{ IntegerRing() | 20, 45 },
{ IntegerRing() | 24, 48 },
{ IntegerRing() | 25, 49 },
{ IntegerRing() | 26, 50 },
{ IntegerRing() | 27, 52 },
{ IntegerRing() | 29, 53 },
{ IntegerRing() | 30, 54 },
{ IntegerRing() | 33, 55 },
{ IntegerRing() | 34, 56 },
{ IntegerRing() | 36, 57 },
{ IntegerRing() | 39, 58 },
{ IntegerRing() | 40, 59 },
{ IntegerRing() | 42, 60 },
{ IntegerRing() | 43, 61 },
{ IntegerRing() | 46, 62 },
{ IntegerRing() | 47, 63 },
{ IntegerRing() | 51, 64 }
@};
s`SolvableDBIsRamifiedAtEveryLevel := false;
s`SolvableDBGaloisOrbit := [ PowerSequence(PermutationGroup<64 |  
\[ 2, 3, 4, 5, 6, 7, 8, 9, 10, 11, 12, 13, 14, 15, 16, 17, 18, 19, 20, 21, 22, 23, 24, 25, 26, 27, 28, 29, 30, 31, 32, 33, 34, 35, 36, 37, 38, 39, 40, 41, 42, 43, 44, 45, 46, 47, 48, 49, 50, 51, 52, 53, 54, 55, 56, 57, 58, 59, 60, 61, 62, 63, 64, 1 ],
\[ 2, 1, 3, 4, 5, 6, 7, 8, 9, 10, 11, 12, 13, 14, 15, 16, 17, 18, 19, 20, 21, 22, 23, 24, 25, 26, 27, 28, 29, 30, 31, 32, 33, 34, 35, 36, 37, 38, 39, 40, 41, 42, 43, 44, 45, 46, 47, 48, 49, 50, 51, 52, 53, 54, 55, 56, 57, 58, 59, 60, 61, 62, 63, 64 ]:
 Order := 126886932185884164103433389335161480802865516174545192198801894375214704230400000000000000 >) |
[ PermutationGroup<64 |  
\[ 2, 3, 4, 5, 6, 7, 8, 9, 10, 11, 12, 13, 14, 15, 16, 17, 18, 19, 20, 21, 22, 23, 24, 25, 26, 27, 28, 29, 30, 31, 32, 33, 34, 35, 36, 37, 38, 39, 40, 41, 42, 43, 44, 45, 46, 47, 48, 49, 50, 51, 52, 53, 54, 55, 56, 57, 58, 59, 60, 61, 62, 63, 64, 1 ],
\[ 2, 1, 3, 4, 5, 6, 7, 8, 9, 10, 11, 12, 13, 14, 15, 16, 17, 18, 19, 20, 21, 22, 23, 24, 25, 26, 27, 28, 29, 30, 31, 32, 33, 34, 35, 36, 37, 38, 39, 40, 41, 42, 43, 44, 45, 46, 47, 48, 49, 50, 51, 52, 53, 54, 55, 56, 57, 58, 59, 60, 61, 62, 63, 64 ]:
 Order := 126886932185884164103433389335161480802865516174545192198801894375214704230400000000000000 > |
[ 10, 28, 23, 22, 2, 5, 31, 32, 52, 9, 53, 54, 38, 8, 14, 50, 45, 7, 18, 49, 1, 11, 12, 21, 55, 56, 60, 27, 57, 62, 29, 30, 35, 64, 16, 59, 3, 26, 37, 61, 20, 41, 63, 4, 25, 44, 58, 6, 33, 34, 48, 42, 36, 46, 13, 51, 40, 15, 43, 17, 47, 19, 39, 24 ],
[ 3, 8, 13, 6, 14, 15, 1, 16, 12, 23, 2, 26, 29, 35, 33, 36, 19, 21, 24, 4, 37, 5, 38, 39, 7, 40, 30, 32, 9, 34, 10, 50, 11, 43, 53, 27, 55, 57, 25, 42, 44, 46, 17, 48, 18, 51, 20, 58, 22, 59, 47, 54, 28, 56, 31, 61, 52, 49, 60, 62, 41, 64, 45, 63 ],
[ 18, 22, 21, 41, 4, 44, 45, 5, 31, 7, 49, 10, 37, 6, 48, 14, 59, 17, 60, 61, 19, 20, 1, 62, 63, 23, 53, 11, 55, 28, 25, 2, 58, 32, 15, 35, 24, 3, 64, 38, 40, 57, 50, 42, 43, 52, 56, 46, 47, 8, 54, 29, 33, 9, 39, 12, 13, 51, 16, 36, 26, 27, 34, 30 ]
]
];
s`SolvableDBPassport := [ PowerSequence(PermutationGroup<64 |  
\[ 10, 28, 23, 22, 2, 5, 31, 32, 52, 9, 53, 54, 38, 8, 14, 50, 45, 7, 18, 49, 1, 11, 12, 21, 55, 56, 60, 27, 57, 62, 29, 30, 35, 64, 16, 59, 3, 26, 37, 61, 20, 41, 63, 4, 25, 44, 58, 6, 33, 34, 48, 42, 36, 46, 13, 51, 40, 15, 43, 17, 47, 19, 39, 24 ],
\[ 3, 8, 13, 6, 14, 15, 1, 16, 12, 23, 2, 26, 29, 35, 33, 36, 19, 21, 24, 4, 37, 5, 38, 39, 7, 40, 30, 32, 9, 34, 10, 50, 11, 43, 53, 27, 55, 57, 25, 42, 44, 46, 17, 48, 18, 51, 20, 58, 22, 59, 47, 54, 28, 56, 31, 61, 52, 49, 60, 62, 41, 64, 45, 63 ],
\[ 18, 22, 21, 41, 4, 44, 45, 5, 31, 7, 49, 10, 37, 6, 48, 14, 59, 17, 60, 61, 19, 20, 1, 62, 63, 23, 53, 11, 55, 28, 25, 2, 58, 32, 15, 35, 24, 3, 64, 38, 40, 57, 50, 42, 43, 52, 56, 46, 47, 8, 54, 29, 33, 9, 39, 12, 13, 51, 16, 36, 26, 27, 34, 30 ]:
 Order := 64 >) |
[ PermutationGroup<64 |  
\[ 10, 28, 23, 22, 2, 5, 31, 32, 52, 9, 53, 54, 38, 8, 14, 50, 45, 7, 18, 49, 1, 11, 12, 21, 55, 56, 60, 27, 57, 62, 29, 30, 35, 64, 16, 59, 3, 26, 37, 61, 20, 41, 63, 4, 25, 44, 58, 6, 33, 34, 48, 42, 36, 46, 13, 51, 40, 15, 43, 17, 47, 19, 39, 24 ],
\[ 3, 8, 13, 6, 14, 15, 1, 16, 12, 23, 2, 26, 29, 35, 33, 36, 19, 21, 24, 4, 37, 5, 38, 39, 7, 40, 30, 32, 9, 34, 10, 50, 11, 43, 53, 27, 55, 57, 25, 42, 44, 46, 17, 48, 18, 51, 20, 58, 22, 59, 47, 54, 28, 56, 31, 61, 52, 49, 60, 62, 41, 64, 45, 63 ],
\[ 18, 22, 21, 41, 4, 44, 45, 5, 31, 7, 49, 10, 37, 6, 48, 14, 59, 17, 60, 61, 19, 20, 1, 62, 63, 23, 53, 11, 55, 28, 25, 2, 58, 32, 15, 35, 24, 3, 64, 38, 40, 57, 50, 42, 43, 52, 56, 46, 47, 8, 54, 29, 33, 9, 39, 12, 13, 51, 16, 36, 26, 27, 34, 30 ]:
 Order := 64 > |
[ 21, 5, 37, 44, 6, 48, 18, 14, 10, 1, 22, 23, 55, 15, 58, 35, 60, 19, 62, 41, 24, 4, 3, 64, 45, 38, 28, 2, 31, 32, 7, 8, 49, 50, 33, 53, 39, 13, 63, 57, 42, 52, 59, 46, 17, 54, 61, 51, 20, 16, 56, 9, 11, 12, 25, 26, 29, 47, 36, 27, 40, 30, 43, 34 ],
[ 3, 8, 13, 6, 14, 15, 1, 16, 12, 23, 2, 26, 29, 35, 33, 36, 19, 21, 24, 4, 37, 5, 38, 39, 7, 40, 30, 32, 9, 34, 10, 50, 11, 43, 53, 27, 55, 57, 25, 42, 44, 46, 17, 48, 18, 51, 20, 58, 22, 59, 47, 54, 28, 56, 31, 61, 52, 49, 60, 62, 41, 64, 45, 63 ],
[ 31, 53, 10, 49, 11, 22, 55, 28, 57, 29, 35, 52, 23, 2, 5, 32, 63, 25, 45, 58, 7, 33, 9, 18, 37, 54, 59, 36, 38, 60, 13, 27, 14, 62, 8, 50, 1, 12, 21, 56, 47, 61, 64, 20, 39, 41, 48, 4, 15, 30, 44, 40, 16, 42, 3, 46, 26, 6, 34, 43, 51, 17, 24, 19 ]
],
[ PermutationGroup<64 |  
\[ 10, 28, 23, 22, 2, 5, 31, 32, 52, 9, 53, 54, 38, 8, 14, 50, 45, 7, 18, 49, 1, 11, 12, 21, 55, 56, 60, 27, 57, 62, 29, 30, 35, 64, 16, 59, 3, 26, 37, 61, 20, 41, 63, 4, 25, 44, 58, 6, 33, 34, 48, 42, 36, 46, 13, 51, 40, 15, 43, 17, 47, 19, 39, 24 ],
\[ 3, 8, 13, 6, 14, 15, 1, 16, 12, 23, 2, 26, 29, 35, 33, 36, 19, 21, 24, 4, 37, 5, 38, 39, 7, 40, 30, 32, 9, 34, 10, 50, 11, 43, 53, 27, 55, 57, 25, 42, 44, 46, 17, 48, 18, 51, 20, 58, 22, 59, 47, 54, 28, 56, 31, 61, 52, 49, 60, 62, 41, 64, 45, 63 ],
\[ 18, 22, 21, 41, 4, 44, 45, 5, 31, 7, 49, 10, 37, 6, 48, 14, 59, 17, 60, 61, 19, 20, 1, 62, 63, 23, 53, 11, 55, 28, 25, 2, 58, 32, 15, 35, 24, 3, 64, 38, 40, 57, 50, 42, 43, 52, 56, 46, 47, 8, 54, 29, 33, 9, 39, 12, 13, 51, 16, 36, 26, 27, 34, 30 ]:
 Order := 64 > |
[ 10, 28, 23, 22, 2, 5, 31, 32, 52, 9, 53, 54, 38, 8, 14, 50, 45, 7, 18, 49, 1, 11, 12, 21, 55, 56, 60, 27, 57, 62, 29, 30, 35, 64, 16, 59, 3, 26, 37, 61, 20, 41, 63, 4, 25, 44, 58, 6, 33, 34, 48, 42, 36, 46, 13, 51, 40, 15, 43, 17, 47, 19, 39, 24 ],
[ 3, 8, 13, 6, 14, 15, 1, 16, 12, 23, 2, 26, 29, 35, 33, 36, 19, 21, 24, 4, 37, 5, 38, 39, 7, 40, 30, 32, 9, 34, 10, 50, 11, 43, 53, 27, 55, 57, 25, 42, 44, 46, 17, 48, 18, 51, 20, 58, 22, 59, 47, 54, 28, 56, 31, 61, 52, 49, 60, 62, 41, 64, 45, 63 ],
[ 18, 22, 21, 41, 4, 44, 45, 5, 31, 7, 49, 10, 37, 6, 48, 14, 59, 17, 60, 61, 19, 20, 1, 62, 63, 23, 53, 11, 55, 28, 25, 2, 58, 32, 15, 35, 24, 3, 64, 38, 40, 57, 50, 42, 43, 52, 56, 46, 47, 8, 54, 29, 33, 9, 39, 12, 13, 51, 16, 36, 26, 27, 34, 30 ]
],
[ PermutationGroup<64 |  
\[ 10, 28, 23, 22, 2, 5, 31, 32, 52, 9, 53, 54, 38, 8, 14, 50, 45, 7, 18, 49, 1, 11, 12, 21, 55, 56, 60, 27, 57, 62, 29, 30, 35, 64, 16, 59, 3, 26, 37, 61, 20, 41, 63, 4, 25, 44, 58, 6, 33, 34, 48, 42, 36, 46, 13, 51, 40, 15, 43, 17, 47, 19, 39, 24 ],
\[ 3, 8, 13, 6, 14, 15, 1, 16, 12, 23, 2, 26, 29, 35, 33, 36, 19, 21, 24, 4, 37, 5, 38, 39, 7, 40, 30, 32, 9, 34, 10, 50, 11, 43, 53, 27, 55, 57, 25, 42, 44, 46, 17, 48, 18, 51, 20, 58, 22, 59, 47, 54, 28, 56, 31, 61, 52, 49, 60, 62, 41, 64, 45, 63 ],
\[ 18, 22, 21, 41, 4, 44, 45, 5, 31, 7, 49, 10, 37, 6, 48, 14, 59, 17, 60, 61, 19, 20, 1, 62, 63, 23, 53, 11, 55, 28, 25, 2, 58, 32, 15, 35, 24, 3, 64, 38, 40, 57, 50, 42, 43, 52, 56, 46, 47, 8, 54, 29, 33, 9, 39, 12, 13, 51, 16, 36, 26, 27, 34, 30 ]:
 Order := 64 > |
[ 52, 60, 54, 53, 27, 28, 57, 62, 41, 42, 59, 44, 56, 30, 32, 64, 55, 29, 31, 35, 9, 36, 46, 10, 38, 48, 45, 17, 61, 18, 40, 19, 50, 21, 34, 63, 12, 51, 23, 58, 33, 49, 37, 11, 13, 22, 14, 2, 16, 24, 5, 20, 43, 4, 26, 6, 47, 8, 39, 25, 15, 7, 3, 1 ],
[ 3, 8, 13, 6, 14, 15, 1, 16, 12, 23, 2, 26, 29, 35, 33, 36, 19, 21, 24, 4, 37, 5, 38, 39, 7, 40, 30, 32, 9, 34, 10, 50, 11, 43, 53, 27, 55, 57, 25, 42, 44, 46, 17, 48, 18, 51, 20, 58, 22, 59, 47, 54, 28, 56, 31, 61, 52, 49, 60, 62, 41, 64, 45, 63 ],
[ 62, 44, 64, 52, 46, 54, 60, 48, 18, 19, 41, 21, 63, 51, 56, 58, 53, 27, 28, 57, 30, 42, 24, 32, 59, 37, 22, 4, 45, 5, 17, 6, 61, 14, 47, 49, 34, 39, 50, 55, 29, 31, 35, 9, 36, 10, 38, 12, 40, 15, 23, 7, 20, 1, 43, 3, 25, 26, 33, 11, 13, 2, 16, 8 ]
],
[ PermutationGroup<64 |  
\[ 10, 28, 23, 22, 2, 5, 31, 32, 52, 9, 53, 54, 38, 8, 14, 50, 45, 7, 18, 49, 1, 11, 12, 21, 55, 56, 60, 27, 57, 62, 29, 30, 35, 64, 16, 59, 3, 26, 37, 61, 20, 41, 63, 4, 25, 44, 58, 6, 33, 34, 48, 42, 36, 46, 13, 51, 40, 15, 43, 17, 47, 19, 39, 24 ],
\[ 3, 8, 13, 6, 14, 15, 1, 16, 12, 23, 2, 26, 29, 35, 33, 36, 19, 21, 24, 4, 37, 5, 38, 39, 7, 40, 30, 32, 9, 34, 10, 50, 11, 43, 53, 27, 55, 57, 25, 42, 44, 46, 17, 48, 18, 51, 20, 58, 22, 59, 47, 54, 28, 56, 31, 61, 52, 49, 60, 62, 41, 64, 45, 63 ],
\[ 18, 22, 21, 41, 4, 44, 45, 5, 31, 7, 49, 10, 37, 6, 48, 14, 59, 17, 60, 61, 19, 20, 1, 62, 63, 23, 53, 11, 55, 28, 25, 2, 58, 32, 15, 35, 24, 3, 64, 38, 40, 57, 50, 42, 43, 52, 56, 46, 47, 8, 54, 29, 33, 9, 39, 12, 13, 51, 16, 36, 26, 27, 34, 30 ]:
 Order := 64 > |
[ 41, 45, 44, 59, 17, 60, 61, 18, 49, 20, 63, 22, 48, 19, 62, 21, 38, 40, 57, 50, 42, 43, 4, 52, 56, 5, 55, 25, 58, 31, 47, 7, 64, 10, 24, 37, 46, 6, 54, 14, 16, 35, 23, 36, 26, 53, 32, 27, 34, 1, 28, 33, 39, 11, 51, 2, 15, 30, 3, 13, 8, 29, 12, 9 ],
[ 3, 8, 13, 6, 14, 15, 1, 16, 12, 23, 2, 26, 29, 35, 33, 36, 19, 21, 24, 4, 37, 5, 38, 39, 7, 40, 30, 32, 9, 34, 10, 50, 11, 43, 53, 27, 55, 57, 25, 42, 44, 46, 17, 48, 18, 51, 20, 58, 22, 59, 47, 54, 28, 56, 31, 61, 52, 49, 60, 62, 41, 64, 45, 63 ],
[ 32, 54, 50, 10, 12, 23, 28, 56, 62, 30, 52, 64, 59, 26, 38, 61, 22, 2, 5, 31, 8, 9, 34, 14, 53, 63, 44, 46, 60, 48, 27, 51, 57, 58, 40, 41, 16, 43, 35, 45, 7, 18, 49, 1, 11, 21, 55, 3, 29, 47, 37, 19, 42, 24, 36, 39, 17, 13, 20, 4, 25, 6, 33, 15 ]
]
];
s`SolvableDBPointedPassport := [ PowerSequence(PermutationGroup<64 |  
\[ 2, 3, 4, 5, 6, 7, 8, 9, 10, 11, 12, 13, 14, 15, 16, 17, 18, 19, 20, 21, 22, 23, 24, 25, 26, 27, 28, 29, 30, 31, 32, 33, 34, 35, 36, 37, 38, 39, 40, 41, 42, 43, 44, 45, 46, 47, 48, 49, 50, 51, 52, 53, 54, 55, 56, 57, 58, 59, 60, 61, 62, 63, 64, 1 ],
\[ 2, 1, 3, 4, 5, 6, 7, 8, 9, 10, 11, 12, 13, 14, 15, 16, 17, 18, 19, 20, 21, 22, 23, 24, 25, 26, 27, 28, 29, 30, 31, 32, 33, 34, 35, 36, 37, 38, 39, 40, 41, 42, 43, 44, 45, 46, 47, 48, 49, 50, 51, 52, 53, 54, 55, 56, 57, 58, 59, 60, 61, 62, 63, 64 ]:
 Order := 126886932185884164103433389335161480802865516174545192198801894375214704230400000000000000 >) |
[ PermutationGroup<64 |  
\[ 2, 3, 4, 5, 6, 7, 8, 9, 10, 11, 12, 13, 14, 15, 16, 17, 18, 19, 20, 21, 22, 23, 24, 25, 26, 27, 28, 29, 30, 31, 32, 33, 34, 35, 36, 37, 38, 39, 40, 41, 42, 43, 44, 45, 46, 47, 48, 49, 50, 51, 52, 53, 54, 55, 56, 57, 58, 59, 60, 61, 62, 63, 64, 1 ],
\[ 2, 1, 3, 4, 5, 6, 7, 8, 9, 10, 11, 12, 13, 14, 15, 16, 17, 18, 19, 20, 21, 22, 23, 24, 25, 26, 27, 28, 29, 30, 31, 32, 33, 34, 35, 36, 37, 38, 39, 40, 41, 42, 43, 44, 45, 46, 47, 48, 49, 50, 51, 52, 53, 54, 55, 56, 57, 58, 59, 60, 61, 62, 63, 64 ]:
 Order := 126886932185884164103433389335161480802865516174545192198801894375214704230400000000000000 > |
[ 49, 55, 22, 63, 25, 45, 58, 31, 35, 33, 37, 53, 5, 7, 18, 10, 56, 47, 61, 64, 20, 39, 11, 41, 48, 28, 38, 13, 14, 57, 15, 29, 21, 52, 1, 23, 4, 2, 44, 32, 34, 50, 54, 43, 51, 59, 62, 17, 24, 9, 60, 16, 3, 36, 6, 27, 8, 19, 12, 26, 30, 40, 46, 42 ],
[ 3, 8, 13, 6, 14, 15, 1, 16, 12, 23, 2, 26, 29, 35, 33, 36, 19, 21, 24, 4, 37, 5, 38, 39, 7, 40, 30, 32, 9, 34, 10, 50, 11, 43, 53, 27, 55, 57, 25, 42, 44, 46, 17, 48, 18, 51, 20, 58, 22, 59, 47, 54, 28, 56, 31, 61, 52, 49, 60, 62, 41, 64, 45, 63 ],
[ 14, 23, 35, 21, 3, 37, 5, 38, 32, 8, 10, 50, 53, 13, 55, 57, 44, 6, 48, 18, 15, 1, 16, 58, 22, 59, 54, 12, 28, 56, 2, 26, 31, 61, 29, 52, 33, 36, 49, 60, 19, 62, 41, 24, 4, 64, 45, 39, 7, 40, 63, 30, 9, 34, 11, 43, 27, 25, 42, 46, 17, 51, 20, 47 ]
],
[ PermutationGroup<64 |  
\[ 2, 3, 4, 5, 6, 7, 8, 9, 10, 11, 12, 13, 14, 15, 16, 17, 18, 19, 20, 21, 22, 23, 24, 25, 26, 27, 28, 29, 30, 31, 32, 33, 34, 35, 36, 37, 38, 39, 40, 41, 42, 43, 44, 45, 46, 47, 48, 49, 50, 51, 52, 53, 54, 55, 56, 57, 58, 59, 60, 61, 62, 63, 64, 1 ],
\[ 2, 1, 3, 4, 5, 6, 7, 8, 9, 10, 11, 12, 13, 14, 15, 16, 17, 18, 19, 20, 21, 22, 23, 24, 25, 26, 27, 28, 29, 30, 31, 32, 33, 34, 35, 36, 37, 38, 39, 40, 41, 42, 43, 44, 45, 46, 47, 48, 49, 50, 51, 52, 53, 54, 55, 56, 57, 58, 59, 60, 61, 62, 63, 64 ]:
 Order := 126886932185884164103433389335161480802865516174545192198801894375214704230400000000000000 > |
[ 10, 28, 23, 22, 2, 5, 31, 32, 52, 9, 53, 54, 38, 8, 14, 50, 45, 7, 18, 49, 1, 11, 12, 21, 55, 56, 60, 27, 57, 62, 29, 30, 35, 64, 16, 59, 3, 26, 37, 61, 20, 41, 63, 4, 25, 44, 58, 6, 33, 34, 48, 42, 36, 46, 13, 51, 40, 15, 43, 17, 47, 19, 39, 24 ],
[ 3, 8, 13, 6, 14, 15, 1, 16, 12, 23, 2, 26, 29, 35, 33, 36, 19, 21, 24, 4, 37, 5, 38, 39, 7, 40, 30, 32, 9, 34, 10, 50, 11, 43, 53, 27, 55, 57, 25, 42, 44, 46, 17, 48, 18, 51, 20, 58, 22, 59, 47, 54, 28, 56, 31, 61, 52, 49, 60, 62, 41, 64, 45, 63 ],
[ 18, 22, 21, 41, 4, 44, 45, 5, 31, 7, 49, 10, 37, 6, 48, 14, 59, 17, 60, 61, 19, 20, 1, 62, 63, 23, 53, 11, 55, 28, 25, 2, 58, 32, 15, 35, 24, 3, 64, 38, 40, 57, 50, 42, 43, 52, 56, 46, 47, 8, 54, 29, 33, 9, 39, 12, 13, 51, 16, 36, 26, 27, 34, 30 ]
],
[ PermutationGroup<64 |  
\[ 2, 3, 4, 5, 6, 7, 8, 9, 10, 11, 12, 13, 14, 15, 16, 17, 18, 19, 20, 21, 22, 23, 24, 25, 26, 27, 28, 29, 30, 31, 32, 33, 34, 35, 36, 37, 38, 39, 40, 41, 42, 43, 44, 45, 46, 47, 48, 49, 50, 51, 52, 53, 54, 55, 56, 57, 58, 59, 60, 61, 62, 63, 64, 1 ],
\[ 2, 1, 3, 4, 5, 6, 7, 8, 9, 10, 11, 12, 13, 14, 15, 16, 17, 18, 19, 20, 21, 22, 23, 24, 25, 26, 27, 28, 29, 30, 31, 32, 33, 34, 35, 36, 37, 38, 39, 40, 41, 42, 43, 44, 45, 46, 47, 48, 49, 50, 51, 52, 53, 54, 55, 56, 57, 58, 59, 60, 61, 62, 63, 64 ]:
 Order := 126886932185884164103433389335161480802865516174545192198801894375214704230400000000000000 > |
[ 50, 56, 59, 23, 26, 38, 32, 61, 64, 34, 54, 63, 60, 40, 57, 41, 5, 8, 14, 10, 16, 12, 43, 35, 28, 45, 48, 51, 62, 58, 30, 47, 52, 49, 42, 44, 36, 17, 53, 18, 1, 21, 22, 3, 2, 37, 31, 13, 9, 20, 55, 24, 46, 39, 27, 25, 19, 29, 4, 6, 7, 15, 11, 33 ],
[ 3, 8, 13, 6, 14, 15, 1, 16, 12, 23, 2, 26, 29, 35, 33, 36, 19, 21, 24, 4, 37, 5, 38, 39, 7, 40, 30, 32, 9, 34, 10, 50, 11, 43, 53, 27, 55, 57, 25, 42, 44, 46, 17, 48, 18, 51, 20, 58, 22, 59, 47, 54, 28, 56, 31, 61, 52, 49, 60, 62, 41, 64, 45, 63 ],
[ 61, 63, 41, 50, 43, 59, 56, 45, 58, 47, 64, 49, 44, 17, 60, 18, 23, 26, 38, 32, 40, 34, 20, 57, 54, 22, 37, 39, 48, 55, 51, 25, 62, 31, 19, 21, 42, 4, 52, 5, 8, 14, 10, 16, 12, 35, 28, 36, 30, 7, 53, 15, 24, 33, 46, 11, 6, 27, 1, 3, 2, 13, 9, 29 ]
],
[ PermutationGroup<64 |  
\[ 2, 3, 4, 5, 6, 7, 8, 9, 10, 11, 12, 13, 14, 15, 16, 17, 18, 19, 20, 21, 22, 23, 24, 25, 26, 27, 28, 29, 30, 31, 32, 33, 34, 35, 36, 37, 38, 39, 40, 41, 42, 43, 44, 45, 46, 47, 48, 49, 50, 51, 52, 53, 54, 55, 56, 57, 58, 59, 60, 61, 62, 63, 64, 1 ],
\[ 2, 1, 3, 4, 5, 6, 7, 8, 9, 10, 11, 12, 13, 14, 15, 16, 17, 18, 19, 20, 21, 22, 23, 24, 25, 26, 27, 28, 29, 30, 31, 32, 33, 34, 35, 36, 37, 38, 39, 40, 41, 42, 43, 44, 45, 46, 47, 48, 49, 50, 51, 52, 53, 54, 55, 56, 57, 58, 59, 60, 61, 62, 63, 64 ]:
 Order := 126886932185884164103433389335161480802865516174545192198801894375214704230400000000000000 > |
[ 41, 45, 44, 59, 17, 60, 61, 18, 49, 20, 63, 22, 48, 19, 62, 21, 38, 40, 57, 50, 42, 43, 4, 52, 56, 5, 55, 25, 58, 31, 47, 7, 64, 10, 24, 37, 46, 6, 54, 14, 16, 35, 23, 36, 26, 53, 32, 27, 34, 1, 28, 33, 39, 11, 51, 2, 15, 30, 3, 13, 8, 29, 12, 9 ],
[ 3, 8, 13, 6, 14, 15, 1, 16, 12, 23, 2, 26, 29, 35, 33, 36, 19, 21, 24, 4, 37, 5, 38, 39, 7, 40, 30, 32, 9, 34, 10, 50, 11, 43, 53, 27, 55, 57, 25, 42, 44, 46, 17, 48, 18, 51, 20, 58, 22, 59, 47, 54, 28, 56, 31, 61, 52, 49, 60, 62, 41, 64, 45, 63 ],
[ 32, 54, 50, 10, 12, 23, 28, 56, 62, 30, 52, 64, 59, 26, 38, 61, 22, 2, 5, 31, 8, 9, 34, 14, 53, 63, 44, 46, 60, 48, 27, 51, 57, 58, 40, 41, 16, 43, 35, 45, 7, 18, 49, 1, 11, 21, 55, 3, 29, 47, 37, 19, 42, 24, 36, 39, 17, 13, 20, 4, 25, 6, 33, 15 ]
]
];
s`SolvableDBMonodromyGroup := PermutationGroup<64 |  
\[ 10, 28, 23, 22, 2, 5, 31, 32, 52, 9, 53, 54, 38, 8, 14, 50, 45, 7, 18, 49, 1, 11, 12, 21, 55, 56, 60, 27, 57, 62, 29, 30, 35, 64, 16, 59, 3, 26, 37, 61, 20, 41, 63, 4, 25, 44, 58, 6, 33, 34, 48, 42, 36, 46, 13, 51, 40, 15, 43, 17, 47, 19, 39, 24 ],
\[ 3, 8, 13, 6, 14, 15, 1, 16, 12, 23, 2, 26, 29, 35, 33, 36, 19, 21, 24, 4, 37, 5, 38, 39, 7, 40, 30, 32, 9, 34, 10, 50, 11, 43, 53, 27, 55, 57, 25, 42, 44, 46, 17, 48, 18, 51, 20, 58, 22, 59, 47, 54, 28, 56, 31, 61, 52, 49, 60, 62, 41, 64, 45, 63 ],
\[ 18, 22, 21, 41, 4, 44, 45, 5, 31, 7, 49, 10, 37, 6, 48, 14, 59, 17, 60, 61, 19, 20, 1, 62, 63, 23, 53, 11, 55, 28, 25, 2, 58, 32, 15, 35, 24, 3, 64, 38, 40, 57, 50, 42, 43, 52, 56, 46, 47, 8, 54, 29, 33, 9, 39, 12, 13, 51, 16, 36, 26, 27, 34, 30 ] >;
s`SolvableDBAutomorphismGroup := PermutationGroup<64 |  
\[ 51, 24, 47, 30, 64, 34, 46, 39, 6, 48, 19, 15, 20, 63, 43, 25, 9, 54, 12, 27, 56, 62, 58, 26, 42, 33, 1, 21, 4, 3, 44, 37, 17, 13, 45, 7, 61, 49, 40, 11, 28, 2, 29, 32, 52, 8, 36, 50, 60, 55, 16, 5, 18, 14, 41, 35, 22, 59, 31, 10, 53, 23, 57, 38 ],
\[ 47, 39, 20, 34, 63, 43, 51, 25, 15, 58, 24, 33, 4, 45, 17, 7, 12, 56, 26, 30, 61, 64, 49, 40, 46, 11, 3, 37, 6, 13, 48, 55, 19, 29, 18, 1, 41, 22, 42, 2, 32, 8, 9, 50, 54, 16, 27, 59, 62, 31, 36, 14, 21, 35, 44, 53, 5, 60, 10, 23, 28, 38, 52, 57 ],
\[ 64, 48, 63, 54, 51, 56, 62, 58, 21, 24, 44, 37, 45, 47, 61, 49, 28, 30, 32, 52, 34, 46, 39, 50, 60, 55, 5, 6, 18, 14, 19, 15, 41, 35, 20, 22, 43, 25, 59, 31, 9, 10, 53, 12, 27, 23, 57, 26, 42, 33, 38, 1, 4, 3, 17, 13, 7, 40, 11, 2, 29, 8, 36, 16 ]:
 Order := 64 >;
s`SolvableDBPointedAutomorphismGroup := PermutationGroup<64 |  
\[ 52, 60, 54, 53, 27, 28, 57, 62, 41, 42, 59, 44, 56, 30, 32, 64, 55, 29, 31, 35, 9, 36, 46, 10, 38, 48, 45, 17, 61, 18, 40, 19, 50, 21, 34, 63, 12, 51, 23, 58, 33, 49, 37, 11, 13, 22, 14, 2, 16, 24, 5, 20, 43, 4, 26, 6, 47, 8, 39, 25, 15, 7, 3, 1 ]:
 Order := 16 >;
s`SolvableDBPathToPP1 := [ Strings() | "PP1", "2T1-1,2,2-g0-path1", "4T1-2,4,4-g1-path1", "8T1-4,8,8-g3-path1", "16T1-8,16,16-g7-path2", "32S1-16,32,32-g15-path1", "64S50-16,32,32-g29-path6" ];
s`SolvableDBChild := "32S1-16,32,32-g15-path1";

/*
Return for eval
*/

return s;
