s := SolvableDBObjectInitialize();

/*
Basic Information about the Passport
*/

s`SolvableDBName := "64S5-8,8,4-g17-path20";
s`SolvableDBFilename := "64S5-8,8,4-g17-path20.m";
s`SolvableDBPathNumber := 20;
s`SolvableDBDegree := 64;
s`SolvableDBABC := \[ 8, 8, 4 ];
s`SolvableDBType := "Hyperbolic";
s`SolvableDBGenus := 17;
s`SolvableDBGaloisOrbitSize := 1;
s`SolvableDBPassportSize := 2;
s`SolvableDBPointedPassportSize := 2;
s`SolvableDBLevel := 6;
s`SolvableDBBlocks := {@ PowerSet(IntegerRing()) |
{ IntegerRing() | 1, 5 },
{ IntegerRing() | 2, 11 },
{ IntegerRing() | 3, 16 },
{ IntegerRing() | 4, 8 },
{ IntegerRing() | 6, 21 },
{ IntegerRing() | 7, 13 },
{ IntegerRing() | 9, 32 },
{ IntegerRing() | 10, 27 },
{ IntegerRing() | 12, 34 },
{ IntegerRing() | 14, 43 },
{ IntegerRing() | 15, 18 },
{ IntegerRing() | 17, 45 },
{ IntegerRing() | 19, 29 },
{ IntegerRing() | 20, 30 },
{ IntegerRing() | 22, 42 },
{ IntegerRing() | 23, 25 },
{ IntegerRing() | 24, 47 },
{ IntegerRing() | 26, 39 },
{ IntegerRing() | 28, 40 },
{ IntegerRing() | 31, 54 },
{ IntegerRing() | 33, 51 },
{ IntegerRing() | 35, 36 },
{ IntegerRing() | 37, 58 },
{ IntegerRing() | 38, 52 },
{ IntegerRing() | 41, 62 },
{ IntegerRing() | 44, 49 },
{ IntegerRing() | 46, 61 },
{ IntegerRing() | 48, 50 },
{ IntegerRing() | 53, 64 },
{ IntegerRing() | 55, 59 },
{ IntegerRing() | 56, 63 },
{ IntegerRing() | 57, 60 }
@};

/*
Permutations and Passports
*/

s`SolvableDBGaloisOrbit := [ PowerSequence(PermutationGroup<64 |  
\[ 2, 3, 4, 5, 6, 7, 8, 9, 10, 11, 12, 13, 14, 15, 16, 17, 18, 19, 20, 21, 22, 23, 24, 25, 26, 27, 28, 29, 30, 31, 32, 33, 34, 35, 36, 37, 38, 39, 40, 41, 42, 43, 44, 45, 46, 47, 48, 49, 50, 51, 52, 53, 54, 55, 56, 57, 58, 59, 60, 61, 62, 63, 64, 1 ],
\[ 2, 1, 3, 4, 5, 6, 7, 8, 9, 10, 11, 12, 13, 14, 15, 16, 17, 18, 19, 20, 21, 22, 23, 24, 25, 26, 27, 28, 29, 30, 31, 32, 33, 34, 35, 36, 37, 38, 39, 40, 41, 42, 43, 44, 45, 46, 47, 48, 49, 50, 51, 52, 53, 54, 55, 56, 57, 58, 59, 60, 61, 62, 63, 64 ]:
 Order := 126886932185884164103433389335161480802865516174545192198801894375214704230400000000000000 >) |
[ PermutationGroup<64 |  
\[ 2, 3, 4, 5, 6, 7, 8, 9, 10, 11, 12, 13, 14, 15, 16, 17, 18, 19, 20, 21, 22, 23, 24, 25, 26, 27, 28, 29, 30, 31, 32, 33, 34, 35, 36, 37, 38, 39, 40, 41, 42, 43, 44, 45, 46, 47, 48, 49, 50, 51, 52, 53, 54, 55, 56, 57, 58, 59, 60, 61, 62, 63, 64, 1 ],
\[ 2, 1, 3, 4, 5, 6, 7, 8, 9, 10, 11, 12, 13, 14, 15, 16, 17, 18, 19, 20, 21, 22, 23, 24, 25, 26, 27, 28, 29, 30, 31, 32, 33, 34, 35, 36, 37, 38, 39, 40, 41, 42, 43, 44, 45, 46, 47, 48, 49, 50, 51, 52, 53, 54, 55, 56, 57, 58, 59, 60, 61, 62, 63, 64 ]:
 Order := 126886932185884164103433389335161480802865516174545192198801894375214704230400000000000000 > |
[ 2, 9, 8, 19, 11, 1, 26, 29, 31, 13, 32, 37, 39, 18, 36, 4, 3, 35, 34, 40, 5, 25, 10, 6, 27, 51, 7, 52, 12, 28, 53, 54, 56, 58, 30, 20, 59, 60, 33, 38, 22, 23, 15, 14, 16, 24, 21, 17, 43, 45, 63, 57, 46, 64, 50, 62, 44, 55, 48, 49, 47, 42, 41, 61 ],
[ 3, 10, 14, 6, 16, 22, 1, 21, 19, 15, 27, 2, 5, 41, 17, 43, 46, 45, 35, 4, 42, 49, 24, 50, 47, 20, 18, 7, 36, 8, 26, 29, 9, 11, 23, 25, 28, 12, 30, 13, 53, 44, 62, 59, 61, 56, 48, 60, 55, 57, 32, 34, 37, 39, 31, 38, 33, 40, 54, 51, 63, 64, 52, 58 ],
[ 4, 7, 15, 5, 8, 23, 11, 1, 12, 35, 13, 32, 2, 42, 16, 18, 47, 3, 20, 29, 25, 14, 21, 17, 6, 28, 36, 39, 30, 19, 33, 34, 54, 9, 27, 10, 38, 58, 40, 26, 61, 43, 22, 50, 24, 41, 45, 44, 48, 49, 31, 37, 55, 51, 64, 57, 63, 52, 53, 56, 62, 46, 60, 59 ]
]
];
s`SolvableDBPassport := [ PowerSequence(PermutationGroup<64 |  
\[ 2, 9, 8, 19, 11, 1, 26, 29, 31, 13, 32, 37, 39, 18, 36, 4, 3, 35, 34, 40, 5, 25, 10, 6, 27, 51, 7, 52, 12, 28, 53, 54, 56, 58, 30, 20, 59, 60, 33, 38, 22, 23, 15, 14, 16, 24, 21, 17, 43, 45, 63, 57, 46, 64, 50, 62, 44, 55, 48, 49, 47, 42, 41, 61 ],
\[ 3, 10, 14, 6, 16, 22, 1, 21, 19, 15, 27, 2, 5, 41, 17, 43, 46, 45, 35, 4, 42, 49, 24, 50, 47, 20, 18, 7, 36, 8, 26, 29, 9, 11, 23, 25, 28, 12, 30, 13, 53, 44, 62, 59, 61, 56, 48, 60, 55, 57, 32, 34, 37, 39, 31, 38, 33, 40, 54, 51, 63, 64, 52, 58 ],
\[ 4, 7, 15, 5, 8, 23, 11, 1, 12, 35, 13, 32, 2, 42, 16, 18, 47, 3, 20, 29, 25, 14, 21, 17, 6, 28, 36, 39, 30, 19, 33, 34, 54, 9, 27, 10, 38, 58, 40, 26, 61, 43, 22, 50, 24, 41, 45, 44, 48, 49, 31, 37, 55, 51, 64, 57, 63, 52, 53, 56, 62, 46, 60, 59 ]:
 Order := 64 >) |
[ PermutationGroup<64 |  
\[ 2, 9, 8, 19, 11, 1, 26, 29, 31, 13, 32, 37, 39, 18, 36, 4, 3, 35, 34, 40, 5, 25, 10, 6, 27, 51, 7, 52, 12, 28, 53, 54, 56, 58, 30, 20, 59, 60, 33, 38, 22, 23, 15, 14, 16, 24, 21, 17, 43, 45, 63, 57, 46, 64, 50, 62, 44, 55, 48, 49, 47, 42, 41, 61 ],
\[ 3, 10, 14, 6, 16, 22, 1, 21, 19, 15, 27, 2, 5, 41, 17, 43, 46, 45, 35, 4, 42, 49, 24, 50, 47, 20, 18, 7, 36, 8, 26, 29, 9, 11, 23, 25, 28, 12, 30, 13, 53, 44, 62, 59, 61, 56, 48, 60, 55, 57, 32, 34, 37, 39, 31, 38, 33, 40, 54, 51, 63, 64, 52, 58 ],
\[ 4, 7, 15, 5, 8, 23, 11, 1, 12, 35, 13, 32, 2, 42, 16, 18, 47, 3, 20, 29, 25, 14, 21, 17, 6, 28, 36, 39, 30, 19, 33, 34, 54, 9, 27, 10, 38, 58, 40, 26, 61, 43, 22, 50, 24, 41, 45, 44, 48, 49, 31, 37, 55, 51, 64, 57, 63, 52, 53, 56, 62, 46, 60, 59 ]:
 Order := 64 > |
[ 2, 9, 8, 19, 11, 1, 26, 29, 31, 13, 32, 37, 39, 18, 36, 4, 3, 35, 34, 40, 5, 25, 10, 6, 27, 51, 7, 52, 12, 28, 53, 54, 56, 58, 30, 20, 59, 60, 33, 38, 22, 23, 15, 14, 16, 24, 21, 17, 43, 45, 63, 57, 46, 64, 50, 62, 44, 55, 48, 49, 47, 42, 41, 61 ],
[ 3, 10, 14, 6, 16, 22, 1, 21, 19, 15, 27, 2, 5, 41, 17, 43, 46, 45, 35, 4, 42, 49, 24, 50, 47, 20, 18, 7, 36, 8, 26, 29, 9, 11, 23, 25, 28, 12, 30, 13, 53, 44, 62, 59, 61, 56, 48, 60, 55, 57, 32, 34, 37, 39, 31, 38, 33, 40, 54, 51, 63, 64, 52, 58 ],
[ 4, 7, 15, 5, 8, 23, 11, 1, 12, 35, 13, 32, 2, 42, 16, 18, 47, 3, 20, 29, 25, 14, 21, 17, 6, 28, 36, 39, 30, 19, 33, 34, 54, 9, 27, 10, 38, 58, 40, 26, 61, 43, 22, 50, 24, 41, 45, 44, 48, 49, 31, 37, 55, 51, 64, 57, 63, 52, 53, 56, 62, 46, 60, 59 ]
],
[ PermutationGroup<64 |  
\[ 2, 9, 8, 19, 11, 1, 26, 29, 31, 13, 32, 37, 39, 18, 36, 4, 3, 35, 34, 40, 5, 25, 10, 6, 27, 51, 7, 52, 12, 28, 53, 54, 56, 58, 30, 20, 59, 60, 33, 38, 22, 23, 15, 14, 16, 24, 21, 17, 43, 45, 63, 57, 46, 64, 50, 62, 44, 55, 48, 49, 47, 42, 41, 61 ],
\[ 3, 10, 14, 6, 16, 22, 1, 21, 19, 15, 27, 2, 5, 41, 17, 43, 46, 45, 35, 4, 42, 49, 24, 50, 47, 20, 18, 7, 36, 8, 26, 29, 9, 11, 23, 25, 28, 12, 30, 13, 53, 44, 62, 59, 61, 56, 48, 60, 55, 57, 32, 34, 37, 39, 31, 38, 33, 40, 54, 51, 63, 64, 52, 58 ],
\[ 4, 7, 15, 5, 8, 23, 11, 1, 12, 35, 13, 32, 2, 42, 16, 18, 47, 3, 20, 29, 25, 14, 21, 17, 6, 28, 36, 39, 30, 19, 33, 34, 54, 9, 27, 10, 38, 58, 40, 26, 61, 43, 22, 50, 24, 41, 45, 44, 48, 49, 31, 37, 55, 51, 64, 57, 63, 52, 53, 56, 62, 46, 60, 59 ]:
 Order := 64 > |
[ 2, 9, 8, 19, 11, 1, 26, 29, 31, 13, 32, 37, 39, 18, 36, 4, 3, 35, 34, 40, 5, 25, 10, 6, 27, 51, 7, 52, 12, 28, 53, 54, 56, 58, 30, 20, 59, 60, 33, 38, 22, 23, 15, 14, 16, 24, 21, 17, 43, 45, 63, 57, 46, 64, 50, 62, 44, 55, 48, 49, 47, 42, 41, 61 ],
[ 29, 39, 35, 2, 19, 27, 9, 11, 58, 20, 26, 31, 32, 25, 8, 36, 6, 4, 28, 34, 10, 15, 1, 16, 5, 38, 30, 51, 40, 12, 63, 37, 53, 54, 13, 7, 57, 59, 52, 33, 24, 18, 23, 17, 21, 42, 3, 43, 45, 14, 64, 55, 48, 56, 46, 49, 62, 60, 61, 41, 22, 47, 44, 50 ],
[ 17, 23, 44, 24, 45, 41, 6, 47, 4, 43, 25, 1, 21, 63, 48, 49, 53, 50, 18, 16, 62, 60, 46, 55, 61, 36, 14, 27, 15, 3, 7, 8, 2, 5, 42, 22, 30, 29, 35, 10, 31, 57, 56, 37, 64, 33, 59, 38, 58, 52, 11, 19, 12, 13, 9, 40, 39, 20, 32, 26, 51, 54, 28, 34 ]
]
];
s`SolvableDBPointedPassport := [ PowerSequence(PermutationGroup<64 |  
\[ 2, 9, 8, 19, 11, 1, 26, 29, 31, 13, 32, 37, 39, 18, 36, 4, 3, 35, 34, 40, 5, 25, 10, 6, 27, 51, 7, 52, 12, 28, 53, 54, 56, 58, 30, 20, 59, 60, 33, 38, 22, 23, 15, 14, 16, 24, 21, 17, 43, 45, 63, 57, 46, 64, 50, 62, 44, 55, 48, 49, 47, 42, 41, 61 ],
\[ 3, 10, 14, 6, 16, 22, 1, 21, 19, 15, 27, 2, 5, 41, 17, 43, 46, 45, 35, 4, 42, 49, 24, 50, 47, 20, 18, 7, 36, 8, 26, 29, 9, 11, 23, 25, 28, 12, 30, 13, 53, 44, 62, 59, 61, 56, 48, 60, 55, 57, 32, 34, 37, 39, 31, 38, 33, 40, 54, 51, 63, 64, 52, 58 ],
\[ 4, 7, 15, 5, 8, 23, 11, 1, 12, 35, 13, 32, 2, 42, 16, 18, 47, 3, 20, 29, 25, 14, 21, 17, 6, 28, 36, 39, 30, 19, 33, 34, 54, 9, 27, 10, 38, 58, 40, 26, 61, 43, 22, 50, 24, 41, 45, 44, 48, 49, 31, 37, 55, 51, 64, 57, 63, 52, 53, 56, 62, 46, 60, 59 ]:
 Order := 64 >) |
[ PermutationGroup<64 |  
\[ 2, 9, 8, 19, 11, 1, 26, 29, 31, 13, 32, 37, 39, 18, 36, 4, 3, 35, 34, 40, 5, 25, 10, 6, 27, 51, 7, 52, 12, 28, 53, 54, 56, 58, 30, 20, 59, 60, 33, 38, 22, 23, 15, 14, 16, 24, 21, 17, 43, 45, 63, 57, 46, 64, 50, 62, 44, 55, 48, 49, 47, 42, 41, 61 ],
\[ 3, 10, 14, 6, 16, 22, 1, 21, 19, 15, 27, 2, 5, 41, 17, 43, 46, 45, 35, 4, 42, 49, 24, 50, 47, 20, 18, 7, 36, 8, 26, 29, 9, 11, 23, 25, 28, 12, 30, 13, 53, 44, 62, 59, 61, 56, 48, 60, 55, 57, 32, 34, 37, 39, 31, 38, 33, 40, 54, 51, 63, 64, 52, 58 ],
\[ 4, 7, 15, 5, 8, 23, 11, 1, 12, 35, 13, 32, 2, 42, 16, 18, 47, 3, 20, 29, 25, 14, 21, 17, 6, 28, 36, 39, 30, 19, 33, 34, 54, 9, 27, 10, 38, 58, 40, 26, 61, 43, 22, 50, 24, 41, 45, 44, 48, 49, 31, 37, 55, 51, 64, 57, 63, 52, 53, 56, 62, 46, 60, 59 ]:
 Order := 64 > |
[ 11, 32, 4, 29, 2, 5, 39, 19, 54, 7, 9, 58, 26, 15, 35, 8, 16, 36, 12, 28, 1, 23, 27, 21, 10, 33, 13, 38, 34, 40, 64, 31, 63, 37, 20, 30, 55, 57, 51, 52, 42, 25, 18, 43, 3, 47, 6, 45, 14, 17, 56, 60, 61, 53, 48, 41, 49, 59, 50, 44, 24, 22, 62, 46 ],
[ 23, 4, 47, 18, 25, 17, 36, 15, 7, 21, 8, 30, 35, 50, 22, 24, 44, 42, 5, 10, 45, 61, 43, 41, 14, 11, 6, 19, 1, 27, 12, 13, 40, 20, 3, 16, 32, 26, 2, 29, 60, 46, 48, 63, 49, 55, 62, 53, 56, 64, 28, 39, 33, 34, 52, 54, 37, 9, 38, 58, 59, 57, 31, 51 ],
[ 10, 19, 21, 35, 27, 3, 20, 36, 26, 5, 29, 28, 30, 45, 25, 6, 14, 23, 11, 13, 16, 47, 15, 22, 18, 32, 1, 34, 2, 7, 37, 39, 38, 40, 8, 4, 54, 51, 9, 12, 49, 24, 17, 41, 43, 50, 42, 46, 62, 61, 52, 33, 56, 58, 57, 64, 59, 31, 60, 55, 48, 44, 53, 63 ]
],
[ PermutationGroup<64 |  
\[ 2, 9, 8, 19, 11, 1, 26, 29, 31, 13, 32, 37, 39, 18, 36, 4, 3, 35, 34, 40, 5, 25, 10, 6, 27, 51, 7, 52, 12, 28, 53, 54, 56, 58, 30, 20, 59, 60, 33, 38, 22, 23, 15, 14, 16, 24, 21, 17, 43, 45, 63, 57, 46, 64, 50, 62, 44, 55, 48, 49, 47, 42, 41, 61 ],
\[ 3, 10, 14, 6, 16, 22, 1, 21, 19, 15, 27, 2, 5, 41, 17, 43, 46, 45, 35, 4, 42, 49, 24, 50, 47, 20, 18, 7, 36, 8, 26, 29, 9, 11, 23, 25, 28, 12, 30, 13, 53, 44, 62, 59, 61, 56, 48, 60, 55, 57, 32, 34, 37, 39, 31, 38, 33, 40, 54, 51, 63, 64, 52, 58 ],
\[ 4, 7, 15, 5, 8, 23, 11, 1, 12, 35, 13, 32, 2, 42, 16, 18, 47, 3, 20, 29, 25, 14, 21, 17, 6, 28, 36, 39, 30, 19, 33, 34, 54, 9, 27, 10, 38, 58, 40, 26, 61, 43, 22, 50, 24, 41, 45, 44, 48, 49, 31, 37, 55, 51, 64, 57, 63, 52, 53, 56, 62, 46, 60, 59 ]:
 Order := 64 > |
[ 11, 32, 4, 29, 2, 5, 39, 19, 54, 7, 9, 58, 26, 15, 35, 8, 16, 36, 12, 28, 1, 23, 27, 21, 10, 33, 13, 38, 34, 40, 64, 31, 63, 37, 20, 30, 55, 57, 51, 52, 42, 25, 18, 43, 3, 47, 6, 45, 14, 17, 56, 60, 61, 53, 48, 41, 49, 59, 50, 44, 24, 22, 62, 46 ],
[ 13, 34, 5, 30, 7, 8, 40, 20, 51, 11, 12, 52, 28, 16, 27, 1, 18, 10, 32, 39, 4, 21, 36, 25, 35, 54, 2, 58, 9, 26, 59, 33, 60, 38, 29, 19, 64, 63, 31, 37, 43, 6, 3, 22, 15, 45, 23, 24, 42, 47, 57, 56, 62, 55, 44, 61, 48, 53, 49, 50, 17, 14, 46, 41 ],
[ 22, 3, 46, 43, 42, 50, 18, 14, 10, 24, 16, 36, 15, 59, 62, 61, 60, 41, 6, 25, 48, 53, 44, 56, 49, 1, 47, 8, 21, 23, 19, 27, 30, 35, 45, 17, 2, 13, 5, 4, 52, 64, 55, 33, 57, 37, 63, 54, 51, 31, 20, 7, 26, 29, 40, 9, 34, 11, 28, 12, 58, 38, 32, 39 ]
]
];
s`SolvableDBMonodromyGroup := PermutationGroup<64 |  
\[ 2, 9, 8, 19, 11, 1, 26, 29, 31, 13, 32, 37, 39, 18, 36, 4, 3, 35, 34, 40, 5, 25, 10, 6, 27, 51, 7, 52, 12, 28, 53, 54, 56, 58, 30, 20, 59, 60, 33, 38, 22, 23, 15, 14, 16, 24, 21, 17, 43, 45, 63, 57, 46, 64, 50, 62, 44, 55, 48, 49, 47, 42, 41, 61 ],
\[ 3, 10, 14, 6, 16, 22, 1, 21, 19, 15, 27, 2, 5, 41, 17, 43, 46, 45, 35, 4, 42, 49, 24, 50, 47, 20, 18, 7, 36, 8, 26, 29, 9, 11, 23, 25, 28, 12, 30, 13, 53, 44, 62, 59, 61, 56, 48, 60, 55, 57, 32, 34, 37, 39, 31, 38, 33, 40, 54, 51, 63, 64, 52, 58 ],
\[ 4, 7, 15, 5, 8, 23, 11, 1, 12, 35, 13, 32, 2, 42, 16, 18, 47, 3, 20, 29, 25, 14, 21, 17, 6, 28, 36, 39, 30, 19, 33, 34, 54, 9, 27, 10, 38, 58, 40, 26, 61, 43, 22, 50, 24, 41, 45, 44, 48, 49, 31, 37, 55, 51, 64, 57, 63, 52, 53, 56, 62, 46, 60, 59 ] >;
s`SolvableDBAutomorphismGroup := PermutationGroup<64 |  
\[ 53, 46, 37, 55, 64, 31, 41, 59, 24, 56, 61, 17, 62, 28, 38, 58, 12, 52, 50, 49, 54, 26, 33, 9, 51, 22, 63, 14, 48, 44, 6, 47, 23, 45, 57, 60, 3, 15, 42, 43, 7, 39, 40, 30, 34, 2, 32, 29, 20, 19, 25, 18, 1, 21, 4, 10, 35, 16, 8, 36, 11, 13, 27, 5 ],
\[ 2, 9, 10, 7, 11, 1, 12, 13, 31, 19, 32, 33, 34, 15, 35, 27, 23, 36, 26, 28, 5, 3, 4, 6, 8, 37, 29, 38, 39, 40, 53, 54, 55, 51, 20, 30, 56, 57, 58, 52, 17, 16, 18, 43, 25, 24, 21, 42, 14, 22, 59, 60, 46, 64, 41, 50, 49, 63, 62, 44, 47, 45, 48, 61 ],
\[ 57, 44, 33, 63, 60, 52, 50, 56, 14, 59, 49, 42, 48, 9, 54, 51, 39, 31, 41, 61, 38, 34, 37, 28, 58, 45, 55, 24, 62, 46, 18, 43, 3, 22, 53, 64, 23, 21, 17, 47, 19, 12, 32, 2, 26, 30, 40, 13, 11, 7, 16, 6, 35, 15, 27, 8, 1, 25, 10, 5, 20, 29, 4, 36 ],
\[ 3, 8, 14, 15, 16, 17, 1, 18, 29, 21, 4, 30, 5, 41, 42, 43, 44, 22, 36, 10, 45, 46, 47, 48, 24, 2, 6, 7, 35, 27, 12, 19, 32, 20, 25, 23, 28, 39, 11, 13, 53, 61, 62, 63, 49, 59, 50, 57, 56, 60, 9, 26, 37, 34, 38, 54, 51, 40, 52, 33, 55, 64, 31, 58 ]:
 Order := 64 >;
s`SolvableDBPointedAutomorphismGroup := PermutationGroup<64 |  
\[ 53, 46, 37, 55, 64, 31, 41, 59, 24, 56, 61, 17, 62, 28, 38, 58, 12, 52, 50, 49, 54, 26, 33, 9, 51, 22, 63, 14, 48, 44, 6, 47, 23, 45, 57, 60, 3, 15, 42, 43, 7, 39, 40, 30, 34, 2, 32, 29, 20, 19, 25, 18, 1, 21, 4, 10, 35, 16, 8, 36, 11, 13, 27, 5 ],
\[ 6, 1, 22, 23, 21, 24, 4, 25, 2, 3, 5, 7, 8, 49, 14, 42, 41, 43, 10, 35, 47, 50, 17, 46, 45, 19, 16, 20, 27, 36, 9, 11, 12, 13, 15, 18, 26, 28, 29, 30, 55, 48, 44, 60, 62, 53, 61, 63, 57, 56, 34, 40, 31, 32, 33, 37, 38, 39, 51, 52, 64, 59, 58, 54 ]:
 Order := 8 >;

/*
Top Level Belyi Curve/Map
*/


/*
Graph Data
*/

s`SolvableDBPathToPP1 := [ Strings() | "PP1", "2T1-2,1,2-g0-path1", "4T2-2,2,2-g0-path2", "8T2-4,4,2-g1-path4", "16T10-4,4,2-g1-path4", "32S5-8,8,2-g5-path6", "64S5-8,8,4-g17-path20" ];
s`SolvableDBChildren := [ Strings() | "32S5-8,8,2-g5-path6" ];

/*
Return for eval
*/

return s;
