s := SolvableDBInitialize();

/*
Magma printing
*/

s`SolvableDBName := "64S50-4,32,32-g23-path3-notcomputed";
s`SolvableDBFilename := "64S50-4,32,32-g23-path3-notcomputed.m";
s`SolvableDBPassportName := "64S50-4,32,32-g23";
s`SolvableDBPathNumber := 3;
s`SolvableDBDegree := 64;
s`SolvableDBOrders := \[ 4, 32, 32 ];
s`SolvableDBType := "Hyperbolic";
s`SolvableDBGenus := 23;
s`SolvableDBGaloisOrbitSize := 1;
s`SolvableDBPassportSize := 1;
s`SolvableDBPointedPassportSize := 1;
s`SolvableDBLevel := 6;
s`SolvableDBBlocks := {@ PowerSet(IntegerRing()) |
{ IntegerRing() | 1, 5 },
{ IntegerRing() | 2, 6 },
{ IntegerRing() | 3, 12 },
{ IntegerRing() | 4, 15 },
{ IntegerRing() | 7, 10 },
{ IntegerRing() | 8, 9 },
{ IntegerRing() | 11, 18 },
{ IntegerRing() | 13, 19 },
{ IntegerRing() | 14, 17 },
{ IntegerRing() | 16, 20 },
{ IntegerRing() | 21, 23 },
{ IntegerRing() | 22, 28 },
{ IntegerRing() | 24, 26 },
{ IntegerRing() | 25, 27 },
{ IntegerRing() | 29, 31 },
{ IntegerRing() | 30, 32 },
{ IntegerRing() | 33, 35 },
{ IntegerRing() | 34, 36 },
{ IntegerRing() | 37, 39 },
{ IntegerRing() | 38, 40 },
{ IntegerRing() | 41, 43 },
{ IntegerRing() | 42, 44 },
{ IntegerRing() | 45, 47 },
{ IntegerRing() | 46, 48 },
{ IntegerRing() | 49, 51 },
{ IntegerRing() | 50, 52 },
{ IntegerRing() | 53, 55 },
{ IntegerRing() | 54, 56 },
{ IntegerRing() | 57, 59 },
{ IntegerRing() | 58, 60 },
{ IntegerRing() | 61, 63 },
{ IntegerRing() | 62, 64 }
@};
s`SolvableDBIsRamifiedAtEveryLevel := false;
s`SolvableDBGaloisOrbit := [ PowerSequence(PermutationGroup<64 |  
\[ 2, 3, 4, 5, 6, 7, 8, 9, 10, 11, 12, 13, 14, 15, 16, 17, 18, 19, 20, 21, 22, 23, 24, 25, 26, 27, 28, 29, 30, 31, 32, 33, 34, 35, 36, 37, 38, 39, 40, 41, 42, 43, 44, 45, 46, 47, 48, 49, 50, 51, 52, 53, 54, 55, 56, 57, 58, 59, 60, 61, 62, 63, 64, 1 ],
\[ 2, 1, 3, 4, 5, 6, 7, 8, 9, 10, 11, 12, 13, 14, 15, 16, 17, 18, 19, 20, 21, 22, 23, 24, 25, 26, 27, 28, 29, 30, 31, 32, 33, 34, 35, 36, 37, 38, 39, 40, 41, 42, 43, 44, 45, 46, 47, 48, 49, 50, 51, 52, 53, 54, 55, 56, 57, 58, 59, 60, 61, 62, 63, 64 ]:
 Order := 126886932185884164103433389335161480802865516174545192198801894375214704230400000000000000 >) |
[ PermutationGroup<64 |  
\[ 2, 3, 4, 5, 6, 7, 8, 9, 10, 11, 12, 13, 14, 15, 16, 17, 18, 19, 20, 21, 22, 23, 24, 25, 26, 27, 28, 29, 30, 31, 32, 33, 34, 35, 36, 37, 38, 39, 40, 41, 42, 43, 44, 45, 46, 47, 48, 49, 50, 51, 52, 53, 54, 55, 56, 57, 58, 59, 60, 61, 62, 63, 64, 1 ],
\[ 2, 1, 3, 4, 5, 6, 7, 8, 9, 10, 11, 12, 13, 14, 15, 16, 17, 18, 19, 20, 21, 22, 23, 24, 25, 26, 27, 28, 29, 30, 31, 32, 33, 34, 35, 36, 37, 38, 39, 40, 41, 42, 43, 44, 45, 46, 47, 48, 49, 50, 51, 52, 53, 54, 55, 56, 57, 58, 59, 60, 61, 62, 63, 64 ]:
 Order := 126886932185884164103433389335161480802865516174545192198801894375214704230400000000000000 > |
[ 6, 1, 8, 7, 2, 5, 15, 12, 3, 4, 13, 9, 18, 16, 10, 17, 20, 19, 11, 14, 22, 23, 28, 25, 26, 27, 24, 21, 30, 31, 32, 29, 34, 35, 36, 33, 38, 39, 40, 37, 42, 43, 44, 41, 46, 47, 48, 45, 50, 51, 52, 49, 54, 55, 56, 53, 58, 59, 60, 57, 62, 63, 64, 61 ],
[ 3, 9, 11, 2, 12, 8, 1, 13, 19, 5, 21, 18, 22, 10, 6, 4, 7, 23, 28, 15, 29, 30, 31, 20, 14, 16, 17, 32, 37, 38, 39, 40, 27, 24, 25, 26, 45, 46, 47, 48, 36, 33, 34, 35, 53, 54, 55, 56, 44, 41, 42, 43, 61, 62, 63, 64, 52, 49, 50, 51, 58, 59, 60, 57 ],
[ 4, 10, 2, 14, 15, 7, 16, 1, 5, 20, 9, 6, 3, 24, 17, 25, 26, 8, 12, 27, 19, 11, 13, 33, 34, 35, 36, 18, 28, 21, 22, 23, 41, 42, 43, 44, 32, 29, 30, 31, 49, 50, 51, 52, 40, 37, 38, 39, 57, 58, 59, 60, 48, 45, 46, 47, 63, 64, 61, 62, 56, 53, 54, 55 ]
]
];
s`SolvableDBPassport := [ PowerSequence(PermutationGroup<64 |  
\[ 6, 1, 8, 7, 2, 5, 15, 12, 3, 4, 13, 9, 18, 16, 10, 17, 20, 19, 11, 14, 22, 23, 28, 25, 26, 27, 24, 21, 30, 31, 32, 29, 34, 35, 36, 33, 38, 39, 40, 37, 42, 43, 44, 41, 46, 47, 48, 45, 50, 51, 52, 49, 54, 55, 56, 53, 58, 59, 60, 57, 62, 63, 64, 61 ],
\[ 3, 9, 11, 2, 12, 8, 1, 13, 19, 5, 21, 18, 22, 10, 6, 4, 7, 23, 28, 15, 29, 30, 31, 20, 14, 16, 17, 32, 37, 38, 39, 40, 27, 24, 25, 26, 45, 46, 47, 48, 36, 33, 34, 35, 53, 54, 55, 56, 44, 41, 42, 43, 61, 62, 63, 64, 52, 49, 50, 51, 58, 59, 60, 57 ],
\[ 4, 10, 2, 14, 15, 7, 16, 1, 5, 20, 9, 6, 3, 24, 17, 25, 26, 8, 12, 27, 19, 11, 13, 33, 34, 35, 36, 18, 28, 21, 22, 23, 41, 42, 43, 44, 32, 29, 30, 31, 49, 50, 51, 52, 40, 37, 38, 39, 57, 58, 59, 60, 48, 45, 46, 47, 63, 64, 61, 62, 56, 53, 54, 55 ]:
 Order := 64 >) |
[ PermutationGroup<64 |  
\[ 6, 1, 8, 7, 2, 5, 15, 12, 3, 4, 13, 9, 18, 16, 10, 17, 20, 19, 11, 14, 22, 23, 28, 25, 26, 27, 24, 21, 30, 31, 32, 29, 34, 35, 36, 33, 38, 39, 40, 37, 42, 43, 44, 41, 46, 47, 48, 45, 50, 51, 52, 49, 54, 55, 56, 53, 58, 59, 60, 57, 62, 63, 64, 61 ],
\[ 3, 9, 11, 2, 12, 8, 1, 13, 19, 5, 21, 18, 22, 10, 6, 4, 7, 23, 28, 15, 29, 30, 31, 20, 14, 16, 17, 32, 37, 38, 39, 40, 27, 24, 25, 26, 45, 46, 47, 48, 36, 33, 34, 35, 53, 54, 55, 56, 44, 41, 42, 43, 61, 62, 63, 64, 52, 49, 50, 51, 58, 59, 60, 57 ],
\[ 4, 10, 2, 14, 15, 7, 16, 1, 5, 20, 9, 6, 3, 24, 17, 25, 26, 8, 12, 27, 19, 11, 13, 33, 34, 35, 36, 18, 28, 21, 22, 23, 41, 42, 43, 44, 32, 29, 30, 31, 49, 50, 51, 52, 40, 37, 38, 39, 57, 58, 59, 60, 48, 45, 46, 47, 63, 64, 61, 62, 56, 53, 54, 55 ]:
 Order := 64 > |
[ 2, 5, 9, 10, 6, 1, 4, 3, 12, 15, 19, 8, 11, 20, 7, 14, 16, 13, 18, 17, 28, 21, 22, 27, 24, 25, 26, 23, 32, 29, 30, 31, 36, 33, 34, 35, 40, 37, 38, 39, 44, 41, 42, 43, 48, 45, 46, 47, 52, 49, 50, 51, 56, 53, 54, 55, 60, 57, 58, 59, 64, 61, 62, 63 ],
[ 3, 9, 11, 2, 12, 8, 1, 13, 19, 5, 21, 18, 22, 10, 6, 4, 7, 23, 28, 15, 29, 30, 31, 20, 14, 16, 17, 32, 37, 38, 39, 40, 27, 24, 25, 26, 45, 46, 47, 48, 36, 33, 34, 35, 53, 54, 55, 56, 44, 41, 42, 43, 61, 62, 63, 64, 52, 49, 50, 51, 58, 59, 60, 57 ],
[ 15, 7, 6, 17, 4, 10, 20, 5, 1, 16, 8, 2, 12, 26, 14, 27, 24, 9, 3, 25, 13, 18, 19, 35, 36, 33, 34, 11, 22, 23, 28, 21, 43, 44, 41, 42, 30, 31, 32, 29, 51, 52, 49, 50, 38, 39, 40, 37, 59, 60, 57, 58, 46, 47, 48, 45, 61, 62, 63, 64, 54, 55, 56, 53 ]
]
];
s`SolvableDBPointedPassport := [ PowerSequence(PermutationGroup<64 |  
\[ 2, 3, 4, 5, 6, 7, 8, 9, 10, 11, 12, 13, 14, 15, 16, 17, 18, 19, 20, 21, 22, 23, 24, 25, 26, 27, 28, 29, 30, 31, 32, 33, 34, 35, 36, 37, 38, 39, 40, 41, 42, 43, 44, 45, 46, 47, 48, 49, 50, 51, 52, 53, 54, 55, 56, 57, 58, 59, 60, 61, 62, 63, 64, 1 ],
\[ 2, 1, 3, 4, 5, 6, 7, 8, 9, 10, 11, 12, 13, 14, 15, 16, 17, 18, 19, 20, 21, 22, 23, 24, 25, 26, 27, 28, 29, 30, 31, 32, 33, 34, 35, 36, 37, 38, 39, 40, 41, 42, 43, 44, 45, 46, 47, 48, 49, 50, 51, 52, 53, 54, 55, 56, 57, 58, 59, 60, 61, 62, 63, 64 ]:
 Order := 126886932185884164103433389335161480802865516174545192198801894375214704230400000000000000 >) |
[ PermutationGroup<64 |  
\[ 2, 3, 4, 5, 6, 7, 8, 9, 10, 11, 12, 13, 14, 15, 16, 17, 18, 19, 20, 21, 22, 23, 24, 25, 26, 27, 28, 29, 30, 31, 32, 33, 34, 35, 36, 37, 38, 39, 40, 41, 42, 43, 44, 45, 46, 47, 48, 49, 50, 51, 52, 53, 54, 55, 56, 57, 58, 59, 60, 61, 62, 63, 64, 1 ],
\[ 2, 1, 3, 4, 5, 6, 7, 8, 9, 10, 11, 12, 13, 14, 15, 16, 17, 18, 19, 20, 21, 22, 23, 24, 25, 26, 27, 28, 29, 30, 31, 32, 33, 34, 35, 36, 37, 38, 39, 40, 41, 42, 43, 44, 45, 46, 47, 48, 49, 50, 51, 52, 53, 54, 55, 56, 57, 58, 59, 60, 61, 62, 63, 64 ]:
 Order := 126886932185884164103433389335161480802865516174545192198801894375214704230400000000000000 > |
[ 6, 1, 8, 7, 2, 5, 15, 12, 3, 4, 13, 9, 18, 16, 10, 17, 20, 19, 11, 14, 22, 23, 28, 25, 26, 27, 24, 21, 30, 31, 32, 29, 34, 35, 36, 33, 38, 39, 40, 37, 42, 43, 44, 41, 46, 47, 48, 45, 50, 51, 52, 49, 54, 55, 56, 53, 58, 59, 60, 57, 62, 63, 64, 61 ],
[ 3, 9, 11, 2, 12, 8, 1, 13, 19, 5, 21, 18, 22, 10, 6, 4, 7, 23, 28, 15, 29, 30, 31, 20, 14, 16, 17, 32, 37, 38, 39, 40, 27, 24, 25, 26, 45, 46, 47, 48, 36, 33, 34, 35, 53, 54, 55, 56, 44, 41, 42, 43, 61, 62, 63, 64, 52, 49, 50, 51, 58, 59, 60, 57 ],
[ 4, 10, 2, 14, 15, 7, 16, 1, 5, 20, 9, 6, 3, 24, 17, 25, 26, 8, 12, 27, 19, 11, 13, 33, 34, 35, 36, 18, 28, 21, 22, 23, 41, 42, 43, 44, 32, 29, 30, 31, 49, 50, 51, 52, 40, 37, 38, 39, 57, 58, 59, 60, 48, 45, 46, 47, 63, 64, 61, 62, 56, 53, 54, 55 ]
]
];
s`SolvableDBMonodromyGroup := PermutationGroup<64 |  
\[ 6, 1, 8, 7, 2, 5, 15, 12, 3, 4, 13, 9, 18, 16, 10, 17, 20, 19, 11, 14, 22, 23, 28, 25, 26, 27, 24, 21, 30, 31, 32, 29, 34, 35, 36, 33, 38, 39, 40, 37, 42, 43, 44, 41, 46, 47, 48, 45, 50, 51, 52, 49, 54, 55, 56, 53, 58, 59, 60, 57, 62, 63, 64, 61 ],
\[ 3, 9, 11, 2, 12, 8, 1, 13, 19, 5, 21, 18, 22, 10, 6, 4, 7, 23, 28, 15, 29, 30, 31, 20, 14, 16, 17, 32, 37, 38, 39, 40, 27, 24, 25, 26, 45, 46, 47, 48, 36, 33, 34, 35, 53, 54, 55, 56, 44, 41, 42, 43, 61, 62, 63, 64, 52, 49, 50, 51, 58, 59, 60, 57 ],
\[ 4, 10, 2, 14, 15, 7, 16, 1, 5, 20, 9, 6, 3, 24, 17, 25, 26, 8, 12, 27, 19, 11, 13, 33, 34, 35, 36, 18, 28, 21, 22, 23, 41, 42, 43, 44, 32, 29, 30, 31, 49, 50, 51, 52, 40, 37, 38, 39, 57, 58, 59, 60, 48, 45, 46, 47, 63, 64, 61, 62, 56, 53, 54, 55 ] >;
s`SolvableDBAutomorphismGroup := PermutationGroup<64 |  
\[ 63, 62, 60, 54, 61, 64, 55, 57, 59, 53, 51, 58, 52, 45, 56, 46, 47, 49, 50, 48, 42, 43, 44, 40, 37, 38, 39, 41, 33, 34, 35, 36, 31, 32, 29, 30, 27, 24, 25, 26, 22, 23, 28, 21, 17, 20, 14, 16, 11, 13, 18, 19, 7, 15, 10, 4, 9, 3, 8, 12, 1, 6, 5, 2 ],
\[ 60, 59, 51, 62, 58, 57, 63, 52, 50, 61, 42, 49, 43, 53, 64, 54, 55, 44, 41, 56, 33, 34, 35, 48, 45, 46, 47, 36, 27, 24, 25, 26, 39, 40, 37, 38, 17, 20, 14, 16, 30, 31, 32, 29, 7, 15, 10, 4, 21, 22, 23, 28, 1, 6, 5, 2, 19, 11, 13, 18, 3, 8, 12, 9 ],
\[ 64, 63, 57, 55, 62, 61, 56, 58, 60, 54, 52, 59, 49, 46, 53, 47, 48, 50, 51, 45, 43, 44, 41, 37, 38, 39, 40, 42, 34, 35, 36, 33, 32, 29, 30, 31, 24, 25, 26, 27, 23, 28, 21, 22, 20, 14, 16, 17, 13, 18, 19, 11, 15, 10, 4, 7, 3, 8, 12, 9, 6, 5, 2, 1 ]:
 Order := 64 >;
s`SolvableDBPointedAutomorphismGroup := PermutationGroup<64 |  
\[ 5, 6, 12, 15, 1, 2, 10, 9, 8, 7, 18, 3, 19, 17, 4, 20, 14, 11, 13, 16, 23, 28, 21, 26, 27, 24, 25, 22, 31, 32, 29, 30, 35, 36, 33, 34, 39, 40, 37, 38, 43, 44, 41, 42, 47, 48, 45, 46, 51, 52, 49, 50, 55, 56, 53, 54, 59, 60, 57, 58, 63, 64, 61, 62 ],
\[ 6, 1, 8, 7, 2, 5, 15, 12, 3, 4, 13, 9, 18, 16, 10, 17, 20, 19, 11, 14, 22, 23, 28, 25, 26, 27, 24, 21, 30, 31, 32, 29, 34, 35, 36, 33, 38, 39, 40, 37, 42, 43, 44, 41, 46, 47, 48, 45, 50, 51, 52, 49, 54, 55, 56, 53, 58, 59, 60, 57, 62, 63, 64, 61 ]:
 Order := 4 >;
s`SolvableDBPathToPP1 := [ Strings() | "PP1", "2T1-1,2,2-g0-path1-computed", "4T1-1,4,4-g0-path1-notcomputed", "8T1-1,8,8-g0-path1-notcomputed", "16T1-2,16,16-g4-path1-notcomputed", "32S16-2,16,16-g7-path2-notcomputed", "64S50-4,32,32-g23-path3-notcomputed" ];
s`SolvableDBParents := [ Strings() | "128S159-8,64,64-g55-path5-notcomputed", "128S160-8,64,64-g55-path1-notcomputed", "128S159-8,64,64-g55-path6-notcomputed", "128S160-8,64,64-g55-path2-notcomputed", "128S131-4,32,32-g45-path4-notcomputed", "128S128-4,32,32-g45-path7-notcomputed", "128S153-4,32,32-g45-path10-notcomputed" ];
s`SolvableDBChild := "32S16-2,16,16-g7-path2-notcomputed";

/*
Return for eval
*/

return s;
