s := SolvableDBObjectInitialize();

/*
Basic Information about the Passport
*/

s`SolvableDBName := "64S50-4,32,32-g23-path2";
s`SolvableDBFilename := "64S50-4,32,32-g23-path2.m";
s`SolvableDBPathNumber := 2;
s`SolvableDBDegree := 64;
s`SolvableDBABC := \[ 4, 32, 32 ];
s`SolvableDBType := "Hyperbolic";
s`SolvableDBGenus := 23;
s`SolvableDBGaloisOrbitSize := 1;
s`SolvableDBPassportSize := 1;
s`SolvableDBPointedPassportSize := 1;
s`SolvableDBLevel := 6;
s`SolvableDBBlocks := {@ PowerSet(IntegerRing()) |
{ IntegerRing() | 1, 5 },
{ IntegerRing() | 2, 10 },
{ IntegerRing() | 3, 14 },
{ IntegerRing() | 4, 18 },
{ IntegerRing() | 6, 21 },
{ IntegerRing() | 7, 22 },
{ IntegerRing() | 8, 23 },
{ IntegerRing() | 9, 26 },
{ IntegerRing() | 11, 27 },
{ IntegerRing() | 12, 28 },
{ IntegerRing() | 13, 32 },
{ IntegerRing() | 15, 34 },
{ IntegerRing() | 16, 35 },
{ IntegerRing() | 17, 38 },
{ IntegerRing() | 19, 40 },
{ IntegerRing() | 20, 41 },
{ IntegerRing() | 24, 43 },
{ IntegerRing() | 25, 44 },
{ IntegerRing() | 29, 47 },
{ IntegerRing() | 30, 48 },
{ IntegerRing() | 31, 50 },
{ IntegerRing() | 33, 52 },
{ IntegerRing() | 36, 54 },
{ IntegerRing() | 37, 56 },
{ IntegerRing() | 39, 57 },
{ IntegerRing() | 42, 58 },
{ IntegerRing() | 45, 59 },
{ IntegerRing() | 46, 60 },
{ IntegerRing() | 49, 61 },
{ IntegerRing() | 51, 62 },
{ IntegerRing() | 53, 63 },
{ IntegerRing() | 55, 64 }
@};

/*
Permutations and Passports
*/

s`SolvableDBGaloisOrbit := [ PowerSequence(PermutationGroup<64 |  
\[ 2, 3, 4, 5, 6, 7, 8, 9, 10, 11, 12, 13, 14, 15, 16, 17, 18, 19, 20, 21, 22, 23, 24, 25, 26, 27, 28, 29, 30, 31, 32, 33, 34, 35, 36, 37, 38, 39, 40, 41, 42, 43, 44, 45, 46, 47, 48, 49, 50, 51, 52, 53, 54, 55, 56, 57, 58, 59, 60, 61, 62, 63, 64, 1 ],
\[ 2, 1, 3, 4, 5, 6, 7, 8, 9, 10, 11, 12, 13, 14, 15, 16, 17, 18, 19, 20, 21, 22, 23, 24, 25, 26, 27, 28, 29, 30, 31, 32, 33, 34, 35, 36, 37, 38, 39, 40, 41, 42, 43, 44, 45, 46, 47, 48, 49, 50, 51, 52, 53, 54, 55, 56, 57, 58, 59, 60, 61, 62, 63, 64 ]:
 Order := 126886932185884164103433389335161480802865516174545192198801894375214704230400000000000000 >) |
[ PermutationGroup<64 |  
\[ 2, 3, 4, 5, 6, 7, 8, 9, 10, 11, 12, 13, 14, 15, 16, 17, 18, 19, 20, 21, 22, 23, 24, 25, 26, 27, 28, 29, 30, 31, 32, 33, 34, 35, 36, 37, 38, 39, 40, 41, 42, 43, 44, 45, 46, 47, 48, 49, 50, 51, 52, 53, 54, 55, 56, 57, 58, 59, 60, 61, 62, 63, 64, 1 ],
\[ 2, 1, 3, 4, 5, 6, 7, 8, 9, 10, 11, 12, 13, 14, 15, 16, 17, 18, 19, 20, 21, 22, 23, 24, 25, 26, 27, 28, 29, 30, 31, 32, 33, 34, 35, 36, 37, 38, 39, 40, 41, 42, 43, 44, 45, 46, 47, 48, 49, 50, 51, 52, 53, 54, 55, 56, 57, 58, 59, 60, 61, 62, 63, 64 ]:
 Order := 126886932185884164103433389335161480802865516174545192198801894375214704230400000000000000 > |
[ 10, 26, 23, 22, 2, 5, 27, 28, 21, 9, 40, 34, 35, 8, 14, 44, 41, 7, 18, 43, 1, 11, 12, 47, 48, 6, 19, 15, 38, 32, 52, 16, 54, 3, 25, 60, 57, 20, 58, 4, 24, 59, 29, 30, 56, 50, 17, 13, 62, 33, 63, 36, 64, 46, 61, 39, 42, 45, 37, 31, 51, 53, 55, 49 ],
[ 3, 8, 13, 6, 14, 15, 1, 16, 12, 23, 2, 25, 31, 32, 30, 33, 19, 21, 9, 4, 34, 5, 35, 7, 36, 28, 10, 44, 11, 46, 49, 50, 51, 48, 52, 53, 29, 40, 17, 26, 18, 20, 22, 54, 24, 55, 27, 60, 37, 61, 39, 62, 42, 63, 45, 47, 38, 41, 43, 64, 56, 57, 58, 59 ],
[ 18, 22, 21, 38, 4, 40, 41, 5, 27, 7, 43, 10, 34, 6, 26, 14, 56, 17, 47, 57, 19, 20, 1, 58, 23, 11, 24, 2, 59, 28, 48, 15, 32, 9, 3, 35, 64, 37, 61, 29, 39, 62, 42, 8, 63, 44, 45, 12, 60, 30, 50, 13, 52, 16, 54, 55, 49, 51, 53, 25, 46, 31, 33, 36 ]
]
];
s`SolvableDBPassport := [ PowerSequence(PermutationGroup<64 |  
\[ 10, 26, 23, 22, 2, 5, 27, 28, 21, 9, 40, 34, 35, 8, 14, 44, 41, 7, 18, 43, 1, 11, 12, 47, 48, 6, 19, 15, 38, 32, 52, 16, 54, 3, 25, 60, 57, 20, 58, 4, 24, 59, 29, 30, 56, 50, 17, 13, 62, 33, 63, 36, 64, 46, 61, 39, 42, 45, 37, 31, 51, 53, 55, 49 ],
\[ 3, 8, 13, 6, 14, 15, 1, 16, 12, 23, 2, 25, 31, 32, 30, 33, 19, 21, 9, 4, 34, 5, 35, 7, 36, 28, 10, 44, 11, 46, 49, 50, 51, 48, 52, 53, 29, 40, 17, 26, 18, 20, 22, 54, 24, 55, 27, 60, 37, 61, 39, 62, 42, 63, 45, 47, 38, 41, 43, 64, 56, 57, 58, 59 ],
\[ 18, 22, 21, 38, 4, 40, 41, 5, 27, 7, 43, 10, 34, 6, 26, 14, 56, 17, 47, 57, 19, 20, 1, 58, 23, 11, 24, 2, 59, 28, 48, 15, 32, 9, 3, 35, 64, 37, 61, 29, 39, 62, 42, 8, 63, 44, 45, 12, 60, 30, 50, 13, 52, 16, 54, 55, 49, 51, 53, 25, 46, 31, 33, 36 ]:
 Order := 64 >) |
[ PermutationGroup<64 |  
\[ 10, 26, 23, 22, 2, 5, 27, 28, 21, 9, 40, 34, 35, 8, 14, 44, 41, 7, 18, 43, 1, 11, 12, 47, 48, 6, 19, 15, 38, 32, 52, 16, 54, 3, 25, 60, 57, 20, 58, 4, 24, 59, 29, 30, 56, 50, 17, 13, 62, 33, 63, 36, 64, 46, 61, 39, 42, 45, 37, 31, 51, 53, 55, 49 ],
\[ 3, 8, 13, 6, 14, 15, 1, 16, 12, 23, 2, 25, 31, 32, 30, 33, 19, 21, 9, 4, 34, 5, 35, 7, 36, 28, 10, 44, 11, 46, 49, 50, 51, 48, 52, 53, 29, 40, 17, 26, 18, 20, 22, 54, 24, 55, 27, 60, 37, 61, 39, 62, 42, 63, 45, 47, 38, 41, 43, 64, 56, 57, 58, 59 ],
\[ 18, 22, 21, 38, 4, 40, 41, 5, 27, 7, 43, 10, 34, 6, 26, 14, 56, 17, 47, 57, 19, 20, 1, 58, 23, 11, 24, 2, 59, 28, 48, 15, 32, 9, 3, 35, 64, 37, 61, 29, 39, 62, 42, 8, 63, 44, 45, 12, 60, 30, 50, 13, 52, 16, 54, 55, 49, 51, 53, 25, 46, 31, 33, 36 ]:
 Order := 64 > |
[ 21, 5, 34, 40, 6, 26, 18, 14, 10, 1, 22, 23, 48, 15, 28, 32, 47, 19, 27, 38, 9, 4, 3, 41, 35, 2, 7, 8, 43, 44, 60, 30, 50, 12, 13, 52, 59, 29, 56, 11, 17, 57, 20, 16, 58, 54, 24, 25, 64, 46, 61, 31, 62, 33, 63, 45, 37, 39, 42, 36, 55, 49, 51, 53 ],
[ 3, 8, 13, 6, 14, 15, 1, 16, 12, 23, 2, 25, 31, 32, 30, 33, 19, 21, 9, 4, 34, 5, 35, 7, 36, 28, 10, 44, 11, 46, 49, 50, 51, 48, 52, 53, 29, 40, 17, 26, 18, 20, 22, 54, 24, 55, 27, 60, 37, 61, 39, 62, 42, 63, 45, 47, 38, 41, 43, 64, 56, 57, 58, 59 ],
[ 27, 40, 10, 43, 11, 22, 47, 26, 18, 19, 38, 21, 23, 2, 5, 28, 58, 24, 41, 59, 7, 29, 9, 56, 34, 4, 17, 6, 57, 14, 35, 8, 44, 1, 12, 48, 62, 42, 63, 20, 45, 64, 37, 15, 61, 32, 39, 3, 52, 16, 54, 25, 60, 30, 50, 51, 53, 55, 49, 13, 33, 36, 46, 31 ]
]
];
s`SolvableDBPointedPassport := [ PowerSequence(PermutationGroup<64 |  
\[ 10, 26, 23, 22, 2, 5, 27, 28, 21, 9, 40, 34, 35, 8, 14, 44, 41, 7, 18, 43, 1, 11, 12, 47, 48, 6, 19, 15, 38, 32, 52, 16, 54, 3, 25, 60, 57, 20, 58, 4, 24, 59, 29, 30, 56, 50, 17, 13, 62, 33, 63, 36, 64, 46, 61, 39, 42, 45, 37, 31, 51, 53, 55, 49 ],
\[ 3, 8, 13, 6, 14, 15, 1, 16, 12, 23, 2, 25, 31, 32, 30, 33, 19, 21, 9, 4, 34, 5, 35, 7, 36, 28, 10, 44, 11, 46, 49, 50, 51, 48, 52, 53, 29, 40, 17, 26, 18, 20, 22, 54, 24, 55, 27, 60, 37, 61, 39, 62, 42, 63, 45, 47, 38, 41, 43, 64, 56, 57, 58, 59 ],
\[ 18, 22, 21, 38, 4, 40, 41, 5, 27, 7, 43, 10, 34, 6, 26, 14, 56, 17, 47, 57, 19, 20, 1, 58, 23, 11, 24, 2, 59, 28, 48, 15, 32, 9, 3, 35, 64, 37, 61, 29, 39, 62, 42, 8, 63, 44, 45, 12, 60, 30, 50, 13, 52, 16, 54, 55, 49, 51, 53, 25, 46, 31, 33, 36 ]:
 Order := 64 >) |
[ PermutationGroup<64 |  
\[ 10, 26, 23, 22, 2, 5, 27, 28, 21, 9, 40, 34, 35, 8, 14, 44, 41, 7, 18, 43, 1, 11, 12, 47, 48, 6, 19, 15, 38, 32, 52, 16, 54, 3, 25, 60, 57, 20, 58, 4, 24, 59, 29, 30, 56, 50, 17, 13, 62, 33, 63, 36, 64, 46, 61, 39, 42, 45, 37, 31, 51, 53, 55, 49 ],
\[ 3, 8, 13, 6, 14, 15, 1, 16, 12, 23, 2, 25, 31, 32, 30, 33, 19, 21, 9, 4, 34, 5, 35, 7, 36, 28, 10, 44, 11, 46, 49, 50, 51, 48, 52, 53, 29, 40, 17, 26, 18, 20, 22, 54, 24, 55, 27, 60, 37, 61, 39, 62, 42, 63, 45, 47, 38, 41, 43, 64, 56, 57, 58, 59 ],
\[ 18, 22, 21, 38, 4, 40, 41, 5, 27, 7, 43, 10, 34, 6, 26, 14, 56, 17, 47, 57, 19, 20, 1, 58, 23, 11, 24, 2, 59, 28, 48, 15, 32, 9, 3, 35, 64, 37, 61, 29, 39, 62, 42, 8, 63, 44, 45, 12, 60, 30, 50, 13, 52, 16, 54, 55, 49, 51, 53, 25, 46, 31, 33, 36 ]:
 Order := 64 > |
[ 3, 8, 13, 6, 14, 15, 1, 16, 12, 23, 2, 25, 31, 32, 30, 33, 19, 21, 9, 4, 34, 5, 35, 7, 36, 28, 10, 44, 11, 46, 49, 50, 51, 48, 52, 53, 29, 40, 17, 26, 18, 20, 22, 54, 24, 55, 27, 60, 37, 61, 39, 62, 42, 63, 45, 47, 38, 41, 43, 64, 56, 57, 58, 59 ],
[ 18, 22, 21, 38, 4, 40, 41, 5, 27, 7, 43, 10, 34, 6, 26, 14, 56, 17, 47, 57, 19, 20, 1, 58, 23, 11, 24, 2, 59, 28, 48, 15, 32, 9, 3, 35, 64, 37, 61, 29, 39, 62, 42, 8, 63, 44, 45, 12, 60, 30, 50, 13, 52, 16, 54, 55, 49, 51, 53, 25, 46, 31, 33, 36 ],
[ 10, 26, 23, 22, 2, 5, 27, 28, 21, 9, 40, 34, 35, 8, 14, 44, 41, 7, 18, 43, 1, 11, 12, 47, 48, 6, 19, 15, 38, 32, 52, 16, 54, 3, 25, 60, 57, 20, 58, 4, 24, 59, 29, 30, 56, 50, 17, 13, 62, 33, 63, 36, 64, 46, 61, 39, 42, 45, 37, 31, 51, 53, 55, 49 ]
]
];
s`SolvableDBMonodromyGroup := PermutationGroup<64 |  
\[ 10, 26, 23, 22, 2, 5, 27, 28, 21, 9, 40, 34, 35, 8, 14, 44, 41, 7, 18, 43, 1, 11, 12, 47, 48, 6, 19, 15, 38, 32, 52, 16, 54, 3, 25, 60, 57, 20, 58, 4, 24, 59, 29, 30, 56, 50, 17, 13, 62, 33, 63, 36, 64, 46, 61, 39, 42, 45, 37, 31, 51, 53, 55, 49 ],
\[ 3, 8, 13, 6, 14, 15, 1, 16, 12, 23, 2, 25, 31, 32, 30, 33, 19, 21, 9, 4, 34, 5, 35, 7, 36, 28, 10, 44, 11, 46, 49, 50, 51, 48, 52, 53, 29, 40, 17, 26, 18, 20, 22, 54, 24, 55, 27, 60, 37, 61, 39, 62, 42, 63, 45, 47, 38, 41, 43, 64, 56, 57, 58, 59 ],
\[ 18, 22, 21, 38, 4, 40, 41, 5, 27, 7, 43, 10, 34, 6, 26, 14, 56, 17, 47, 57, 19, 20, 1, 58, 23, 11, 24, 2, 59, 28, 48, 15, 32, 9, 3, 35, 64, 37, 61, 29, 39, 62, 42, 8, 63, 44, 45, 12, 60, 30, 50, 13, 52, 16, 54, 55, 49, 51, 53, 25, 46, 31, 33, 36 ] >;
s`SolvableDBAutomorphismGroup := PermutationGroup<64 |  
\[ 55, 49, 45, 36, 64, 53, 46, 37, 51, 61, 31, 39, 24, 59, 42, 29, 16, 54, 33, 25, 63, 60, 56, 30, 17, 62, 50, 57, 13, 20, 7, 43, 11, 58, 47, 19, 3, 35, 8, 52, 44, 12, 48, 38, 15, 4, 32, 41, 1, 22, 2, 27, 9, 40, 6, 14, 23, 28, 34, 18, 5, 10, 26, 21 ],
\[ 46, 31, 55, 25, 60, 36, 30, 49, 33, 50, 13, 51, 45, 64, 53, 37, 8, 44, 16, 12, 54, 48, 61, 15, 39, 52, 32, 62, 3, 42, 24, 59, 29, 63, 56, 17, 1, 23, 2, 35, 28, 9, 34, 57, 6, 20, 14, 58, 7, 43, 11, 47, 19, 38, 4, 5, 10, 26, 21, 41, 22, 27, 40, 18 ],
\[ 64, 61, 59, 54, 55, 63, 60, 56, 62, 49, 50, 57, 43, 45, 58, 47, 35, 36, 52, 44, 53, 46, 37, 48, 38, 51, 31, 39, 32, 41, 22, 24, 27, 42, 29, 40, 14, 16, 23, 33, 25, 28, 30, 17, 34, 18, 13, 20, 5, 7, 10, 11, 26, 19, 21, 3, 8, 12, 15, 4, 1, 2, 9, 6 ]:
 Order := 64 >;
s`SolvableDBPointedAutomorphismGroup := PermutationGroup<64 |  
\[ 10, 26, 23, 22, 2, 5, 27, 28, 21, 9, 40, 34, 35, 8, 14, 44, 41, 7, 18, 43, 1, 11, 12, 47, 48, 6, 19, 15, 38, 32, 52, 16, 54, 3, 25, 60, 57, 20, 58, 4, 24, 59, 29, 30, 56, 50, 17, 13, 62, 33, 63, 36, 64, 46, 61, 39, 42, 45, 37, 31, 51, 53, 55, 49 ]:
 Order := 4 >;

/*
Top Level Belyi Curve/Map
*/


/*
Graph Data
*/

s`SolvableDBPathToPP1 := [ Strings() | "PP1", "2T1-1,2,2-g0-path1", "4T1-1,4,4-g0-path1", "8T1-1,8,8-g0-path1", "16T1-2,16,16-g4-path1", "32S1-4,32,32-g12-path1", "64S50-4,32,32-g23-path2" ];
s`SolvableDBChildren := [ Strings() | "32S1-4,32,32-g12-path1" ];

/*
Return for eval
*/

return s;
