s := SolvableDBInitialize();

/*
Magma printing
*/

s`SolvableDBName := "64S50-32,4,32-g23-path2";
s`SolvableDBFilename := "64S50-32,4,32-g23-path2.m";
s`SolvableDBPassportName := "64S50-32,4,32-g23";
s`SolvableDBPathNumber := 2;
s`SolvableDBDegree := 64;
s`SolvableDBOrders := \[ 32, 4, 32 ];
s`SolvableDBType := "Hyperbolic";
s`SolvableDBGenus := 23;
s`SolvableDBGaloisOrbitSize := 1;
s`SolvableDBPassportSize := 1;
s`SolvableDBPointedPassportSize := 1;
s`SolvableDBLevel := 6;
s`SolvableDBBlocks := {@ PowerSet(IntegerRing()) |
{ IntegerRing() | 1, 5 },
{ IntegerRing() | 2, 10 },
{ IntegerRing() | 3, 14 },
{ IntegerRing() | 4, 18 },
{ IntegerRing() | 6, 21 },
{ IntegerRing() | 7, 22 },
{ IntegerRing() | 8, 23 },
{ IntegerRing() | 9, 27 },
{ IntegerRing() | 11, 30 },
{ IntegerRing() | 12, 31 },
{ IntegerRing() | 13, 33 },
{ IntegerRing() | 15, 34 },
{ IntegerRing() | 16, 35 },
{ IntegerRing() | 17, 38 },
{ IntegerRing() | 19, 40 },
{ IntegerRing() | 20, 41 },
{ IntegerRing() | 24, 43 },
{ IntegerRing() | 25, 44 },
{ IntegerRing() | 26, 48 },
{ IntegerRing() | 28, 50 },
{ IntegerRing() | 29, 51 },
{ IntegerRing() | 32, 53 },
{ IntegerRing() | 36, 55 },
{ IntegerRing() | 37, 56 },
{ IntegerRing() | 39, 57 },
{ IntegerRing() | 42, 58 },
{ IntegerRing() | 45, 59 },
{ IntegerRing() | 46, 60 },
{ IntegerRing() | 47, 61 },
{ IntegerRing() | 49, 62 },
{ IntegerRing() | 52, 63 },
{ IntegerRing() | 54, 64 }
@};
s`SolvableDBIsRamifiedAtEveryLevel := false;
s`SolvableDBGaloisOrbit := [ PowerSequence(PermutationGroup<64 |  
\[ 2, 3, 4, 5, 6, 7, 8, 9, 10, 11, 12, 13, 14, 15, 16, 17, 18, 19, 20, 21, 22, 23, 24, 25, 26, 27, 28, 29, 30, 31, 32, 33, 34, 35, 36, 37, 38, 39, 40, 41, 42, 43, 44, 45, 46, 47, 48, 49, 50, 51, 52, 53, 54, 55, 56, 57, 58, 59, 60, 61, 62, 63, 64, 1 ],
\[ 2, 1, 3, 4, 5, 6, 7, 8, 9, 10, 11, 12, 13, 14, 15, 16, 17, 18, 19, 20, 21, 22, 23, 24, 25, 26, 27, 28, 29, 30, 31, 32, 33, 34, 35, 36, 37, 38, 39, 40, 41, 42, 43, 44, 45, 46, 47, 48, 49, 50, 51, 52, 53, 54, 55, 56, 57, 58, 59, 60, 61, 62, 63, 64 ]:
 Order := 126886932185884164103433389335161480802865516174545192198801894375214704230400000000000000 >) |
[ PermutationGroup<64 |  
\[ 2, 3, 4, 5, 6, 7, 8, 9, 10, 11, 12, 13, 14, 15, 16, 17, 18, 19, 20, 21, 22, 23, 24, 25, 26, 27, 28, 29, 30, 31, 32, 33, 34, 35, 36, 37, 38, 39, 40, 41, 42, 43, 44, 45, 46, 47, 48, 49, 50, 51, 52, 53, 54, 55, 56, 57, 58, 59, 60, 61, 62, 63, 64, 1 ],
\[ 2, 1, 3, 4, 5, 6, 7, 8, 9, 10, 11, 12, 13, 14, 15, 16, 17, 18, 19, 20, 21, 22, 23, 24, 25, 26, 27, 28, 29, 30, 31, 32, 33, 34, 35, 36, 37, 38, 39, 40, 41, 42, 43, 44, 45, 46, 47, 48, 49, 50, 51, 52, 53, 54, 55, 56, 57, 58, 59, 60, 61, 62, 63, 64 ]:
 Order := 126886932185884164103433389335161480802865516174545192198801894375214704230400000000000000 > |
[ 2, 9, 8, 7, 10, 1, 11, 12, 26, 27, 28, 29, 16, 23, 3, 25, 20, 22, 4, 13, 5, 30, 31, 6, 32, 47, 48, 46, 49, 50, 51, 52, 35, 14, 44, 15, 36, 41, 17, 18, 33, 19, 21, 53, 24, 54, 42, 61, 45, 60, 62, 37, 63, 39, 34, 55, 38, 40, 43, 64, 58, 59, 56, 57 ],
[ 14, 23, 33, 21, 3, 34, 5, 35, 31, 8, 10, 44, 22, 13, 41, 30, 40, 6, 43, 18, 15, 1, 16, 55, 50, 51, 12, 27, 53, 2, 25, 60, 7, 20, 11, 38, 57, 19, 58, 24, 4, 59, 36, 28, 56, 48, 62, 29, 63, 9, 32, 64, 46, 61, 17, 39, 42, 45, 37, 26, 49, 52, 54, 47 ],
[ 18, 22, 21, 38, 4, 40, 41, 5, 30, 7, 33, 10, 34, 6, 43, 14, 56, 17, 57, 55, 19, 20, 1, 58, 23, 50, 11, 35, 27, 13, 2, 31, 15, 24, 3, 59, 62, 37, 63, 39, 36, 64, 42, 8, 61, 44, 60, 28, 48, 16, 9, 51, 12, 53, 45, 49, 52, 54, 47, 25, 46, 26, 29, 32 ]
]
];
s`SolvableDBPassport := [ PowerSequence(PermutationGroup<64 |  
\[ 2, 9, 8, 7, 10, 1, 11, 12, 26, 27, 28, 29, 16, 23, 3, 25, 20, 22, 4, 13, 5, 30, 31, 6, 32, 47, 48, 46, 49, 50, 51, 52, 35, 14, 44, 15, 36, 41, 17, 18, 33, 19, 21, 53, 24, 54, 42, 61, 45, 60, 62, 37, 63, 39, 34, 55, 38, 40, 43, 64, 58, 59, 56, 57 ],
\[ 14, 23, 33, 21, 3, 34, 5, 35, 31, 8, 10, 44, 22, 13, 41, 30, 40, 6, 43, 18, 15, 1, 16, 55, 50, 51, 12, 27, 53, 2, 25, 60, 7, 20, 11, 38, 57, 19, 58, 24, 4, 59, 36, 28, 56, 48, 62, 29, 63, 9, 32, 64, 46, 61, 17, 39, 42, 45, 37, 26, 49, 52, 54, 47 ],
\[ 18, 22, 21, 38, 4, 40, 41, 5, 30, 7, 33, 10, 34, 6, 43, 14, 56, 17, 57, 55, 19, 20, 1, 58, 23, 50, 11, 35, 27, 13, 2, 31, 15, 24, 3, 59, 62, 37, 63, 39, 36, 64, 42, 8, 61, 44, 60, 28, 48, 16, 9, 51, 12, 53, 45, 49, 52, 54, 47, 25, 46, 26, 29, 32 ]:
 Order := 64 >) |
[ PermutationGroup<64 |  
\[ 2, 9, 8, 7, 10, 1, 11, 12, 26, 27, 28, 29, 16, 23, 3, 25, 20, 22, 4, 13, 5, 30, 31, 6, 32, 47, 48, 46, 49, 50, 51, 52, 35, 14, 44, 15, 36, 41, 17, 18, 33, 19, 21, 53, 24, 54, 42, 61, 45, 60, 62, 37, 63, 39, 34, 55, 38, 40, 43, 64, 58, 59, 56, 57 ],
\[ 14, 23, 33, 21, 3, 34, 5, 35, 31, 8, 10, 44, 22, 13, 41, 30, 40, 6, 43, 18, 15, 1, 16, 55, 50, 51, 12, 27, 53, 2, 25, 60, 7, 20, 11, 38, 57, 19, 58, 24, 4, 59, 36, 28, 56, 48, 62, 29, 63, 9, 32, 64, 46, 61, 17, 39, 42, 45, 37, 26, 49, 52, 54, 47 ],
\[ 18, 22, 21, 38, 4, 40, 41, 5, 30, 7, 33, 10, 34, 6, 43, 14, 56, 17, 57, 55, 19, 20, 1, 58, 23, 50, 11, 35, 27, 13, 2, 31, 15, 24, 3, 59, 62, 37, 63, 39, 36, 64, 42, 8, 61, 44, 60, 28, 48, 16, 9, 51, 12, 53, 45, 49, 52, 54, 47, 25, 46, 26, 29, 32 ]:
 Order := 64 > |
[ 6, 1, 15, 19, 21, 24, 4, 3, 2, 5, 7, 8, 20, 34, 36, 13, 39, 40, 42, 17, 43, 18, 14, 45, 16, 9, 10, 11, 12, 22, 23, 25, 41, 55, 33, 37, 52, 57, 54, 58, 38, 47, 59, 35, 49, 28, 26, 27, 29, 30, 31, 32, 44, 46, 56, 63, 64, 61, 62, 50, 48, 51, 53, 60 ],
[ 14, 23, 33, 21, 3, 34, 5, 35, 31, 8, 10, 44, 22, 13, 41, 30, 40, 6, 43, 18, 15, 1, 16, 55, 50, 51, 12, 27, 53, 2, 25, 60, 7, 20, 11, 38, 57, 19, 58, 24, 4, 59, 36, 28, 56, 48, 62, 29, 63, 9, 32, 64, 46, 61, 17, 39, 42, 45, 37, 26, 49, 52, 54, 47 ],
[ 30, 50, 10, 33, 11, 22, 35, 27, 60, 28, 44, 48, 23, 2, 5, 31, 34, 13, 41, 14, 7, 16, 9, 18, 51, 64, 46, 53, 61, 25, 26, 62, 8, 1, 12, 21, 43, 15, 55, 20, 3, 38, 4, 29, 40, 63, 57, 54, 58, 32, 47, 59, 49, 56, 6, 24, 36, 17, 19, 52, 39, 42, 45, 37 ]
]
];
s`SolvableDBPointedPassport := [ PowerSequence(PermutationGroup<64 |  
\[ 2, 3, 4, 5, 6, 7, 8, 9, 10, 11, 12, 13, 14, 15, 16, 17, 18, 19, 20, 21, 22, 23, 24, 25, 26, 27, 28, 29, 30, 31, 32, 33, 34, 35, 36, 37, 38, 39, 40, 41, 42, 43, 44, 45, 46, 47, 48, 49, 50, 51, 52, 53, 54, 55, 56, 57, 58, 59, 60, 61, 62, 63, 64, 1 ],
\[ 2, 1, 3, 4, 5, 6, 7, 8, 9, 10, 11, 12, 13, 14, 15, 16, 17, 18, 19, 20, 21, 22, 23, 24, 25, 26, 27, 28, 29, 30, 31, 32, 33, 34, 35, 36, 37, 38, 39, 40, 41, 42, 43, 44, 45, 46, 47, 48, 49, 50, 51, 52, 53, 54, 55, 56, 57, 58, 59, 60, 61, 62, 63, 64 ]:
 Order := 126886932185884164103433389335161480802865516174545192198801894375214704230400000000000000 >) |
[ PermutationGroup<64 |  
\[ 2, 3, 4, 5, 6, 7, 8, 9, 10, 11, 12, 13, 14, 15, 16, 17, 18, 19, 20, 21, 22, 23, 24, 25, 26, 27, 28, 29, 30, 31, 32, 33, 34, 35, 36, 37, 38, 39, 40, 41, 42, 43, 44, 45, 46, 47, 48, 49, 50, 51, 52, 53, 54, 55, 56, 57, 58, 59, 60, 61, 62, 63, 64, 1 ],
\[ 2, 1, 3, 4, 5, 6, 7, 8, 9, 10, 11, 12, 13, 14, 15, 16, 17, 18, 19, 20, 21, 22, 23, 24, 25, 26, 27, 28, 29, 30, 31, 32, 33, 34, 35, 36, 37, 38, 39, 40, 41, 42, 43, 44, 45, 46, 47, 48, 49, 50, 51, 52, 53, 54, 55, 56, 57, 58, 59, 60, 61, 62, 63, 64 ]:
 Order := 126886932185884164103433389335161480802865516174545192198801894375214704230400000000000000 > |
[ 6, 1, 15, 19, 21, 24, 4, 3, 2, 5, 7, 8, 20, 34, 36, 13, 39, 40, 42, 17, 43, 18, 14, 45, 16, 9, 10, 11, 12, 22, 23, 25, 41, 55, 33, 37, 52, 57, 54, 58, 38, 47, 59, 35, 49, 28, 26, 27, 29, 30, 31, 32, 44, 46, 56, 63, 64, 61, 62, 50, 48, 51, 53, 60 ],
[ 22, 30, 5, 41, 7, 18, 33, 10, 50, 11, 35, 27, 14, 1, 21, 23, 55, 20, 38, 34, 4, 13, 2, 40, 31, 60, 28, 44, 48, 16, 9, 51, 3, 6, 8, 43, 59, 36, 56, 17, 15, 57, 19, 12, 58, 53, 64, 46, 61, 25, 26, 62, 29, 63, 24, 45, 37, 39, 42, 32, 54, 47, 49, 52 ],
[ 23, 31, 35, 5, 8, 14, 10, 44, 51, 12, 27, 53, 30, 16, 33, 50, 18, 1, 21, 22, 3, 2, 25, 34, 60, 62, 29, 48, 63, 9, 32, 64, 11, 13, 28, 41, 38, 4, 40, 6, 7, 43, 15, 46, 55, 61, 59, 49, 56, 26, 52, 57, 54, 58, 20, 17, 19, 24, 36, 47, 45, 37, 39, 42 ]
]
];
s`SolvableDBMonodromyGroup := PermutationGroup<64 |  
\[ 2, 9, 8, 7, 10, 1, 11, 12, 26, 27, 28, 29, 16, 23, 3, 25, 20, 22, 4, 13, 5, 30, 31, 6, 32, 47, 48, 46, 49, 50, 51, 52, 35, 14, 44, 15, 36, 41, 17, 18, 33, 19, 21, 53, 24, 54, 42, 61, 45, 60, 62, 37, 63, 39, 34, 55, 38, 40, 43, 64, 58, 59, 56, 57 ],
\[ 14, 23, 33, 21, 3, 34, 5, 35, 31, 8, 10, 44, 22, 13, 41, 30, 40, 6, 43, 18, 15, 1, 16, 55, 50, 51, 12, 27, 53, 2, 25, 60, 7, 20, 11, 38, 57, 19, 58, 24, 4, 59, 36, 28, 56, 48, 62, 29, 63, 9, 32, 64, 46, 61, 17, 39, 42, 45, 37, 26, 49, 52, 54, 47 ],
\[ 18, 22, 21, 38, 4, 40, 41, 5, 30, 7, 33, 10, 34, 6, 43, 14, 56, 17, 57, 55, 19, 20, 1, 58, 23, 50, 11, 35, 27, 13, 2, 31, 15, 24, 3, 59, 62, 37, 63, 39, 36, 64, 42, 8, 61, 44, 60, 28, 48, 16, 9, 51, 12, 53, 45, 49, 52, 54, 47, 25, 46, 26, 29, 32 ] >;
s`SolvableDBAutomorphismGroup := PermutationGroup<64 |  
\[ 54, 39, 47, 32, 64, 46, 52, 42, 17, 57, 37, 19, 49, 61, 26, 45, 12, 53, 25, 29, 60, 63, 58, 28, 24, 20, 38, 36, 4, 56, 40, 6, 62, 48, 59, 9, 2, 31, 8, 44, 51, 16, 50, 43, 11, 15, 13, 41, 7, 55, 18, 1, 21, 3, 27, 10, 23, 35, 30, 34, 33, 22, 5, 14 ],
\[ 2, 9, 8, 7, 10, 1, 11, 12, 26, 27, 28, 29, 16, 23, 3, 25, 20, 22, 4, 13, 5, 30, 31, 6, 32, 47, 48, 46, 49, 50, 51, 52, 35, 14, 44, 15, 36, 41, 17, 18, 33, 19, 21, 53, 24, 54, 42, 61, 45, 60, 62, 37, 63, 39, 34, 55, 38, 40, 43, 64, 58, 59, 56, 57 ],
\[ 64, 57, 61, 53, 54, 60, 63, 58, 38, 39, 56, 40, 62, 47, 48, 59, 31, 32, 44, 51, 46, 52, 42, 50, 43, 41, 17, 55, 18, 37, 19, 21, 49, 26, 45, 27, 10, 12, 23, 25, 29, 35, 28, 24, 30, 34, 33, 20, 22, 36, 4, 5, 6, 14, 9, 2, 8, 16, 11, 15, 13, 7, 1, 3 ]:
 Order := 64 >;
s`SolvableDBPointedAutomorphismGroup := PermutationGroup<64 |  
\[ 52, 37, 54, 29, 63, 32, 49, 39, 36, 56, 45, 17, 47, 64, 46, 42, 9, 51, 12, 26, 53, 62, 57, 25, 19, 15, 55, 24, 20, 59, 38, 4, 61, 60, 58, 28, 11, 27, 2, 31, 48, 8, 44, 40, 16, 6, 3, 34, 13, 43, 41, 7, 18, 1, 50, 30, 10, 23, 35, 21, 14, 33, 22, 5 ],
\[ 6, 1, 15, 19, 21, 24, 4, 3, 2, 5, 7, 8, 20, 34, 36, 13, 39, 40, 42, 17, 43, 18, 14, 45, 16, 9, 10, 11, 12, 22, 23, 25, 41, 55, 33, 37, 52, 57, 54, 58, 38, 47, 59, 35, 49, 28, 26, 27, 29, 30, 31, 32, 44, 46, 56, 63, 64, 61, 62, 50, 48, 51, 53, 60 ]:
 Order := 32 >;
s`SolvableDBPathToPP1 := [ Strings() | "PP1", "2T1-2,1,2-g0-path1", "4T1-4,1,4-g0-path1", "8T1-8,1,8-g0-path1", "16T1-16,2,16-g4-path1", "32S1-32,4,32-g12-path1", "64S50-32,4,32-g23-path2" ];
s`SolvableDBChild := "32S1-32,4,32-g12-path1";

/*
Return for eval
*/

return s;
