s := SolvableDBInitialize();

/*
Magma printing
*/

s`SolvableDBName := "64S50-32,32,8-g27-path2";
s`SolvableDBFilename := "64S50-32,32,8-g27-path2.m";
s`SolvableDBPassportName := "64S50-32,32,8-g27";
s`SolvableDBPathNumber := 2;
s`SolvableDBDegree := 64;
s`SolvableDBOrders := \[ 32, 32, 8 ];
s`SolvableDBType := "Hyperbolic";
s`SolvableDBGenus := 27;
s`SolvableDBGaloisOrbitSize := 1;
s`SolvableDBPassportSize := 2;
s`SolvableDBPointedPassportSize := 2;
s`SolvableDBLevel := 6;
s`SolvableDBBlocks := {@ PowerSet(IntegerRing()) |
{ IntegerRing() | 1, 5 },
{ IntegerRing() | 2, 10 },
{ IntegerRing() | 3, 14 },
{ IntegerRing() | 4, 18 },
{ IntegerRing() | 6, 21 },
{ IntegerRing() | 7, 22 },
{ IntegerRing() | 8, 23 },
{ IntegerRing() | 9, 27 },
{ IntegerRing() | 11, 29 },
{ IntegerRing() | 12, 30 },
{ IntegerRing() | 13, 34 },
{ IntegerRing() | 15, 37 },
{ IntegerRing() | 16, 38 },
{ IntegerRing() | 17, 41 },
{ IntegerRing() | 19, 43 },
{ IntegerRing() | 20, 44 },
{ IntegerRing() | 24, 46 },
{ IntegerRing() | 25, 47 },
{ IntegerRing() | 26, 48 },
{ IntegerRing() | 28, 51 },
{ IntegerRing() | 31, 52 },
{ IntegerRing() | 32, 53 },
{ IntegerRing() | 33, 55 },
{ IntegerRing() | 35, 56 },
{ IntegerRing() | 36, 57 },
{ IntegerRing() | 39, 58 },
{ IntegerRing() | 40, 59 },
{ IntegerRing() | 42, 60 },
{ IntegerRing() | 45, 61 },
{ IntegerRing() | 49, 62 },
{ IntegerRing() | 50, 63 },
{ IntegerRing() | 54, 64 }
@};
s`SolvableDBIsRamifiedAtEveryLevel := false;
s`SolvableDBGaloisOrbit := [ PowerSequence(PermutationGroup<64 |  
\[ 2, 3, 4, 5, 6, 7, 8, 9, 10, 11, 12, 13, 14, 15, 16, 17, 18, 19, 20, 21, 22, 23, 24, 25, 26, 27, 28, 29, 30, 31, 32, 33, 34, 35, 36, 37, 38, 39, 40, 41, 42, 43, 44, 45, 46, 47, 48, 49, 50, 51, 52, 53, 54, 55, 56, 57, 58, 59, 60, 61, 62, 63, 64, 1 ],
\[ 2, 1, 3, 4, 5, 6, 7, 8, 9, 10, 11, 12, 13, 14, 15, 16, 17, 18, 19, 20, 21, 22, 23, 24, 25, 26, 27, 28, 29, 30, 31, 32, 33, 34, 35, 36, 37, 38, 39, 40, 41, 42, 43, 44, 45, 46, 47, 48, 49, 50, 51, 52, 53, 54, 55, 56, 57, 58, 59, 60, 61, 62, 63, 64 ]:
 Order := 126886932185884164103433389335161480802865516174545192198801894375214704230400000000000000 >) |
[ PermutationGroup<64 |  
\[ 2, 3, 4, 5, 6, 7, 8, 9, 10, 11, 12, 13, 14, 15, 16, 17, 18, 19, 20, 21, 22, 23, 24, 25, 26, 27, 28, 29, 30, 31, 32, 33, 34, 35, 36, 37, 38, 39, 40, 41, 42, 43, 44, 45, 46, 47, 48, 49, 50, 51, 52, 53, 54, 55, 56, 57, 58, 59, 60, 61, 62, 63, 64, 1 ],
\[ 2, 1, 3, 4, 5, 6, 7, 8, 9, 10, 11, 12, 13, 14, 15, 16, 17, 18, 19, 20, 21, 22, 23, 24, 25, 26, 27, 28, 29, 30, 31, 32, 33, 34, 35, 36, 37, 38, 39, 40, 41, 42, 43, 44, 45, 46, 47, 48, 49, 50, 51, 52, 53, 54, 55, 56, 57, 58, 59, 60, 61, 62, 63, 64 ]:
 Order := 126886932185884164103433389335161480802865516174545192198801894375214704230400000000000000 > |
[ 2, 9, 8, 7, 10, 1, 11, 12, 19, 27, 28, 24, 16, 23, 3, 26, 20, 22, 4, 25, 5, 29, 30, 6, 31, 32, 43, 17, 51, 46, 40, 15, 36, 38, 13, 39, 14, 48, 50, 42, 44, 45, 18, 47, 49, 21, 52, 53, 54, 35, 41, 59, 37, 33, 57, 34, 58, 63, 60, 61, 62, 64, 56, 55 ],
[ 14, 23, 34, 21, 3, 37, 5, 38, 30, 8, 10, 48, 55, 13, 56, 57, 43, 6, 46, 18, 15, 1, 16, 53, 22, 58, 12, 27, 2, 26, 29, 63, 59, 33, 64, 60, 35, 36, 61, 51, 19, 41, 24, 4, 44, 32, 7, 39, 47, 62, 9, 11, 50, 52, 40, 54, 42, 45, 28, 17, 20, 25, 49, 31 ],
[ 18, 22, 21, 41, 4, 43, 44, 5, 29, 7, 47, 10, 37, 6, 46, 14, 59, 17, 51, 60, 19, 20, 1, 27, 61, 23, 11, 52, 25, 2, 62, 30, 56, 15, 53, 34, 24, 3, 38, 64, 40, 55, 28, 42, 57, 9, 45, 8, 58, 48, 31, 49, 12, 63, 35, 32, 13, 16, 54, 33, 36, 39, 26, 50 ]
]
];
s`SolvableDBPassport := [ PowerSequence(PermutationGroup<64 |  
\[ 2, 9, 8, 7, 10, 1, 11, 12, 19, 27, 28, 24, 16, 23, 3, 26, 20, 22, 4, 25, 5, 29, 30, 6, 31, 32, 43, 17, 51, 46, 40, 15, 36, 38, 13, 39, 14, 48, 50, 42, 44, 45, 18, 47, 49, 21, 52, 53, 54, 35, 41, 59, 37, 33, 57, 34, 58, 63, 60, 61, 62, 64, 56, 55 ],
\[ 14, 23, 34, 21, 3, 37, 5, 38, 30, 8, 10, 48, 55, 13, 56, 57, 43, 6, 46, 18, 15, 1, 16, 53, 22, 58, 12, 27, 2, 26, 29, 63, 59, 33, 64, 60, 35, 36, 61, 51, 19, 41, 24, 4, 44, 32, 7, 39, 47, 62, 9, 11, 50, 52, 40, 54, 42, 45, 28, 17, 20, 25, 49, 31 ],
\[ 18, 22, 21, 41, 4, 43, 44, 5, 29, 7, 47, 10, 37, 6, 46, 14, 59, 17, 51, 60, 19, 20, 1, 27, 61, 23, 11, 52, 25, 2, 62, 30, 56, 15, 53, 34, 24, 3, 38, 64, 40, 55, 28, 42, 57, 9, 45, 8, 58, 48, 31, 49, 12, 63, 35, 32, 13, 16, 54, 33, 36, 39, 26, 50 ]:
 Order := 64 >) |
[ PermutationGroup<64 |  
\[ 2, 9, 8, 7, 10, 1, 11, 12, 19, 27, 28, 24, 16, 23, 3, 26, 20, 22, 4, 25, 5, 29, 30, 6, 31, 32, 43, 17, 51, 46, 40, 15, 36, 38, 13, 39, 14, 48, 50, 42, 44, 45, 18, 47, 49, 21, 52, 53, 54, 35, 41, 59, 37, 33, 57, 34, 58, 63, 60, 61, 62, 64, 56, 55 ],
\[ 14, 23, 34, 21, 3, 37, 5, 38, 30, 8, 10, 48, 55, 13, 56, 57, 43, 6, 46, 18, 15, 1, 16, 53, 22, 58, 12, 27, 2, 26, 29, 63, 59, 33, 64, 60, 35, 36, 61, 51, 19, 41, 24, 4, 44, 32, 7, 39, 47, 62, 9, 11, 50, 52, 40, 54, 42, 45, 28, 17, 20, 25, 49, 31 ],
\[ 18, 22, 21, 41, 4, 43, 44, 5, 29, 7, 47, 10, 37, 6, 46, 14, 59, 17, 51, 60, 19, 20, 1, 27, 61, 23, 11, 52, 25, 2, 62, 30, 56, 15, 53, 34, 24, 3, 38, 64, 40, 55, 28, 42, 57, 9, 45, 8, 58, 48, 31, 49, 12, 63, 35, 32, 13, 16, 54, 33, 36, 39, 26, 50 ]:
 Order := 64 > |
[ 2, 9, 8, 7, 10, 1, 11, 12, 19, 27, 28, 24, 16, 23, 3, 26, 20, 22, 4, 25, 5, 29, 30, 6, 31, 32, 43, 17, 51, 46, 40, 15, 36, 38, 13, 39, 14, 48, 50, 42, 44, 45, 18, 47, 49, 21, 52, 53, 54, 35, 41, 59, 37, 33, 57, 34, 58, 63, 60, 61, 62, 64, 56, 55 ],
[ 52, 59, 29, 62, 31, 47, 64, 51, 60, 40, 55, 41, 10, 11, 22, 27, 58, 49, 61, 63, 25, 54, 28, 44, 56, 43, 42, 57, 33, 17, 34, 18, 23, 2, 5, 30, 7, 9, 46, 38, 39, 48, 45, 50, 53, 20, 35, 19, 37, 21, 36, 13, 4, 14, 8, 1, 12, 24, 16, 26, 32, 15, 6, 3 ],
[ 63, 56, 62, 48, 50, 58, 53, 64, 34, 35, 37, 55, 47, 49, 61, 52, 23, 26, 38, 30, 39, 32, 54, 57, 46, 59, 13, 14, 15, 33, 21, 60, 22, 25, 44, 29, 45, 31, 51, 5, 8, 10, 16, 12, 27, 36, 24, 40, 43, 41, 3, 6, 42, 18, 7, 20, 11, 28, 1, 2, 9, 19, 17, 4 ]
],
[ PermutationGroup<64 |  
\[ 2, 9, 8, 7, 10, 1, 11, 12, 19, 27, 28, 24, 16, 23, 3, 26, 20, 22, 4, 25, 5, 29, 30, 6, 31, 32, 43, 17, 51, 46, 40, 15, 36, 38, 13, 39, 14, 48, 50, 42, 44, 45, 18, 47, 49, 21, 52, 53, 54, 35, 41, 59, 37, 33, 57, 34, 58, 63, 60, 61, 62, 64, 56, 55 ],
\[ 14, 23, 34, 21, 3, 37, 5, 38, 30, 8, 10, 48, 55, 13, 56, 57, 43, 6, 46, 18, 15, 1, 16, 53, 22, 58, 12, 27, 2, 26, 29, 63, 59, 33, 64, 60, 35, 36, 61, 51, 19, 41, 24, 4, 44, 32, 7, 39, 47, 62, 9, 11, 50, 52, 40, 54, 42, 45, 28, 17, 20, 25, 49, 31 ],
\[ 18, 22, 21, 41, 4, 43, 44, 5, 29, 7, 47, 10, 37, 6, 46, 14, 59, 17, 51, 60, 19, 20, 1, 27, 61, 23, 11, 52, 25, 2, 62, 30, 56, 15, 53, 34, 24, 3, 38, 64, 40, 55, 28, 42, 57, 9, 45, 8, 58, 48, 31, 49, 12, 63, 35, 32, 13, 16, 54, 33, 36, 39, 26, 50 ]:
 Order := 64 > |
[ 2, 9, 8, 7, 10, 1, 11, 12, 19, 27, 28, 24, 16, 23, 3, 26, 20, 22, 4, 25, 5, 29, 30, 6, 31, 32, 43, 17, 51, 46, 40, 15, 36, 38, 13, 39, 14, 48, 50, 42, 44, 45, 18, 47, 49, 21, 52, 53, 54, 35, 41, 59, 37, 33, 57, 34, 58, 63, 60, 61, 62, 64, 56, 55 ],
[ 43, 18, 46, 51, 19, 27, 41, 21, 22, 4, 44, 5, 53, 24, 30, 37, 52, 28, 29, 59, 9, 17, 6, 10, 60, 14, 7, 47, 20, 1, 61, 23, 63, 32, 48, 56, 12, 15, 34, 62, 31, 64, 11, 40, 55, 2, 42, 3, 57, 38, 25, 45, 8, 58, 50, 26, 35, 13, 49, 54, 33, 36, 16, 39 ],
[ 23, 30, 38, 5, 8, 14, 10, 48, 46, 12, 27, 53, 57, 16, 34, 58, 18, 1, 21, 22, 3, 2, 26, 37, 29, 63, 24, 43, 9, 32, 51, 56, 60, 36, 55, 61, 13, 39, 62, 41, 4, 44, 6, 7, 47, 15, 11, 50, 52, 64, 19, 28, 35, 59, 42, 33, 45, 49, 17, 20, 25, 31, 54, 40 ]
]
];
s`SolvableDBPointedPassport := [ PowerSequence(PermutationGroup<64 |  
\[ 2, 3, 4, 5, 6, 7, 8, 9, 10, 11, 12, 13, 14, 15, 16, 17, 18, 19, 20, 21, 22, 23, 24, 25, 26, 27, 28, 29, 30, 31, 32, 33, 34, 35, 36, 37, 38, 39, 40, 41, 42, 43, 44, 45, 46, 47, 48, 49, 50, 51, 52, 53, 54, 55, 56, 57, 58, 59, 60, 61, 62, 63, 64, 1 ],
\[ 2, 1, 3, 4, 5, 6, 7, 8, 9, 10, 11, 12, 13, 14, 15, 16, 17, 18, 19, 20, 21, 22, 23, 24, 25, 26, 27, 28, 29, 30, 31, 32, 33, 34, 35, 36, 37, 38, 39, 40, 41, 42, 43, 44, 45, 46, 47, 48, 49, 50, 51, 52, 53, 54, 55, 56, 57, 58, 59, 60, 61, 62, 63, 64 ]:
 Order := 126886932185884164103433389335161480802865516174545192198801894375214704230400000000000000 >) |
[ PermutationGroup<64 |  
\[ 2, 3, 4, 5, 6, 7, 8, 9, 10, 11, 12, 13, 14, 15, 16, 17, 18, 19, 20, 21, 22, 23, 24, 25, 26, 27, 28, 29, 30, 31, 32, 33, 34, 35, 36, 37, 38, 39, 40, 41, 42, 43, 44, 45, 46, 47, 48, 49, 50, 51, 52, 53, 54, 55, 56, 57, 58, 59, 60, 61, 62, 63, 64, 1 ],
\[ 2, 1, 3, 4, 5, 6, 7, 8, 9, 10, 11, 12, 13, 14, 15, 16, 17, 18, 19, 20, 21, 22, 23, 24, 25, 26, 27, 28, 29, 30, 31, 32, 33, 34, 35, 36, 37, 38, 39, 40, 41, 42, 43, 44, 45, 46, 47, 48, 49, 50, 51, 52, 53, 54, 55, 56, 57, 58, 59, 60, 61, 62, 63, 64 ]:
 Order := 126886932185884164103433389335161480802865516174545192198801894375214704230400000000000000 > |
[ 2, 9, 8, 7, 10, 1, 11, 12, 19, 27, 28, 24, 16, 23, 3, 26, 20, 22, 4, 25, 5, 29, 30, 6, 31, 32, 43, 17, 51, 46, 40, 15, 36, 38, 13, 39, 14, 48, 50, 42, 44, 45, 18, 47, 49, 21, 52, 53, 54, 35, 41, 59, 37, 33, 57, 34, 58, 63, 60, 61, 62, 64, 56, 55 ],
[ 52, 59, 29, 62, 31, 47, 64, 51, 60, 40, 55, 41, 10, 11, 22, 27, 58, 49, 61, 63, 25, 54, 28, 44, 56, 43, 42, 57, 33, 17, 34, 18, 23, 2, 5, 30, 7, 9, 46, 38, 39, 48, 45, 50, 53, 20, 35, 19, 37, 21, 36, 13, 4, 14, 8, 1, 12, 24, 16, 26, 32, 15, 6, 3 ],
[ 63, 56, 62, 48, 50, 58, 53, 64, 34, 35, 37, 55, 47, 49, 61, 52, 23, 26, 38, 30, 39, 32, 54, 57, 46, 59, 13, 14, 15, 33, 21, 60, 22, 25, 44, 29, 45, 31, 51, 5, 8, 10, 16, 12, 27, 36, 24, 40, 43, 41, 3, 6, 42, 18, 7, 20, 11, 28, 1, 2, 9, 19, 17, 4 ]
],
[ PermutationGroup<64 |  
\[ 2, 3, 4, 5, 6, 7, 8, 9, 10, 11, 12, 13, 14, 15, 16, 17, 18, 19, 20, 21, 22, 23, 24, 25, 26, 27, 28, 29, 30, 31, 32, 33, 34, 35, 36, 37, 38, 39, 40, 41, 42, 43, 44, 45, 46, 47, 48, 49, 50, 51, 52, 53, 54, 55, 56, 57, 58, 59, 60, 61, 62, 63, 64, 1 ],
\[ 2, 1, 3, 4, 5, 6, 7, 8, 9, 10, 11, 12, 13, 14, 15, 16, 17, 18, 19, 20, 21, 22, 23, 24, 25, 26, 27, 28, 29, 30, 31, 32, 33, 34, 35, 36, 37, 38, 39, 40, 41, 42, 43, 44, 45, 46, 47, 48, 49, 50, 51, 52, 53, 54, 55, 56, 57, 58, 59, 60, 61, 62, 63, 64 ]:
 Order := 126886932185884164103433389335161480802865516174545192198801894375214704230400000000000000 > |
[ 2, 9, 8, 7, 10, 1, 11, 12, 19, 27, 28, 24, 16, 23, 3, 26, 20, 22, 4, 25, 5, 29, 30, 6, 31, 32, 43, 17, 51, 46, 40, 15, 36, 38, 13, 39, 14, 48, 50, 42, 44, 45, 18, 47, 49, 21, 52, 53, 54, 35, 41, 59, 37, 33, 57, 34, 58, 63, 60, 61, 62, 64, 56, 55 ],
[ 58, 63, 61, 38, 39, 57, 48, 62, 56, 50, 53, 64, 44, 45, 60, 47, 14, 16, 34, 23, 36, 26, 49, 55, 30, 52, 35, 37, 32, 54, 46, 59, 18, 20, 41, 22, 42, 25, 29, 21, 3, 5, 13, 8, 10, 33, 12, 31, 27, 51, 15, 24, 40, 43, 4, 17, 7, 11, 6, 1, 2, 9, 28, 19 ],
[ 59, 60, 51, 64, 40, 52, 55, 41, 61, 42, 57, 44, 27, 28, 29, 43, 63, 54, 62, 56, 31, 33, 17, 47, 34, 18, 45, 58, 36, 20, 38, 22, 30, 9, 10, 46, 11, 19, 21, 48, 50, 53, 49, 35, 37, 25, 13, 4, 14, 5, 39, 16, 7, 23, 12, 2, 24, 6, 26, 32, 15, 3, 1, 8 ]
]
];
s`SolvableDBMonodromyGroup := PermutationGroup<64 |  
\[ 2, 9, 8, 7, 10, 1, 11, 12, 19, 27, 28, 24, 16, 23, 3, 26, 20, 22, 4, 25, 5, 29, 30, 6, 31, 32, 43, 17, 51, 46, 40, 15, 36, 38, 13, 39, 14, 48, 50, 42, 44, 45, 18, 47, 49, 21, 52, 53, 54, 35, 41, 59, 37, 33, 57, 34, 58, 63, 60, 61, 62, 64, 56, 55 ],
\[ 14, 23, 34, 21, 3, 37, 5, 38, 30, 8, 10, 48, 55, 13, 56, 57, 43, 6, 46, 18, 15, 1, 16, 53, 22, 58, 12, 27, 2, 26, 29, 63, 59, 33, 64, 60, 35, 36, 61, 51, 19, 41, 24, 4, 44, 32, 7, 39, 47, 62, 9, 11, 50, 52, 40, 54, 42, 45, 28, 17, 20, 25, 49, 31 ],
\[ 18, 22, 21, 41, 4, 43, 44, 5, 29, 7, 47, 10, 37, 6, 46, 14, 59, 17, 51, 60, 19, 20, 1, 27, 61, 23, 11, 52, 25, 2, 62, 30, 56, 15, 53, 34, 24, 3, 38, 64, 40, 55, 28, 42, 57, 9, 45, 8, 58, 48, 31, 49, 12, 63, 35, 32, 13, 16, 54, 33, 36, 39, 26, 50 ] >;
s`SolvableDBAutomorphismGroup := PermutationGroup<64 |  
\[ 54, 33, 31, 50, 64, 49, 35, 40, 36, 55, 13, 42, 11, 52, 25, 28, 26, 63, 39, 32, 62, 56, 59, 45, 15, 17, 57, 16, 34, 60, 3, 20, 2, 29, 7, 9, 47, 51, 19, 8, 48, 12, 58, 53, 24, 61, 37, 41, 6, 4, 38, 14, 44, 1, 10, 22, 27, 43, 23, 30, 46, 21, 18, 5 ],
\[ 2, 9, 8, 7, 10, 1, 11, 12, 19, 27, 28, 24, 16, 23, 3, 26, 20, 22, 4, 25, 5, 29, 30, 6, 31, 32, 43, 17, 51, 46, 40, 15, 36, 38, 13, 39, 14, 48, 50, 42, 44, 45, 18, 47, 49, 21, 52, 53, 54, 35, 41, 59, 37, 33, 57, 34, 58, 63, 60, 61, 62, 64, 56, 55 ],
\[ 64, 55, 52, 63, 54, 62, 56, 59, 57, 33, 34, 60, 29, 31, 47, 51, 48, 50, 58, 53, 49, 35, 40, 61, 37, 41, 36, 38, 13, 42, 14, 44, 10, 11, 22, 27, 25, 28, 43, 23, 26, 30, 39, 32, 46, 45, 15, 17, 21, 18, 16, 3, 20, 5, 2, 7, 9, 19, 8, 12, 24, 6, 4, 1 ]:
 Order := 64 >;
s`SolvableDBPointedAutomorphismGroup := PermutationGroup<64 |  
\[ 54, 33, 31, 50, 64, 49, 35, 40, 36, 55, 13, 42, 11, 52, 25, 28, 26, 63, 39, 32, 62, 56, 59, 45, 15, 17, 57, 16, 34, 60, 3, 20, 2, 29, 7, 9, 47, 51, 19, 8, 48, 12, 58, 53, 24, 61, 37, 41, 6, 4, 38, 14, 44, 1, 10, 22, 27, 43, 23, 30, 46, 21, 18, 5 ],
\[ 6, 1, 15, 19, 21, 24, 4, 3, 2, 5, 7, 8, 35, 37, 32, 13, 28, 43, 9, 17, 46, 18, 14, 12, 20, 16, 10, 11, 22, 23, 25, 26, 54, 56, 50, 33, 53, 34, 36, 31, 51, 40, 27, 41, 42, 30, 44, 38, 45, 39, 29, 47, 48, 49, 64, 63, 55, 57, 52, 59, 60, 61, 58, 62 ]:
 Order := 32 >;
s`SolvableDBPathToPP1 := [ Strings() | "PP1", "2T1-2,2,1-g0-path1", "4T1-4,4,1-g0-path1", "8T1-8,8,2-g2-path1", "16T1-16,16,4-g6-path1", "32S1-32,32,8-g14-path1", "64S50-32,32,8-g27-path2" ];
s`SolvableDBParents := [ Strings() | "128S159-64,64,16-g59-path25", "128S160-64,64,16-g59-path17", "128S159-64,64,16-g59-path26", "128S160-64,64,16-g59-path18", "128S153-32,32,8-g53-path87", "128S128-32,32,8-g53-path56", "128S131-32,32,8-g53-path87" ];
s`SolvableDBChild := "32S1-32,32,8-g14-path1";

/*
Return for eval
*/

return s;
