s := SolvableDBInitialize();

/*
Magma printing
*/

s`SolvableDBName := "64S50-32,8,32-g27-path6";
s`SolvableDBFilename := "64S50-32,8,32-g27-path6.m";
s`SolvableDBPassportName := "64S50-32,8,32-g27";
s`SolvableDBPathNumber := 6;
s`SolvableDBDegree := 64;
s`SolvableDBOrders := \[ 32, 8, 32 ];
s`SolvableDBType := "Hyperbolic";
s`SolvableDBGenus := 27;
s`SolvableDBGaloisOrbitSize := 1;
s`SolvableDBPassportSize := 2;
s`SolvableDBPointedPassportSize := 2;
s`SolvableDBLevel := 6;
s`SolvableDBBlocks := {@ PowerSet(IntegerRing()) |
{ IntegerRing() | 1, 5 },
{ IntegerRing() | 2, 10 },
{ IntegerRing() | 3, 14 },
{ IntegerRing() | 4, 18 },
{ IntegerRing() | 6, 21 },
{ IntegerRing() | 7, 22 },
{ IntegerRing() | 8, 23 },
{ IntegerRing() | 9, 28 },
{ IntegerRing() | 11, 31 },
{ IntegerRing() | 12, 32 },
{ IntegerRing() | 13, 25 },
{ IntegerRing() | 15, 36 },
{ IntegerRing() | 16, 33 },
{ IntegerRing() | 17, 40 },
{ IntegerRing() | 19, 43 },
{ IntegerRing() | 20, 35 },
{ IntegerRing() | 24, 45 },
{ IntegerRing() | 26, 46 },
{ IntegerRing() | 27, 50 },
{ IntegerRing() | 29, 38 },
{ IntegerRing() | 30, 53 },
{ IntegerRing() | 34, 55 },
{ IntegerRing() | 37, 42 },
{ IntegerRing() | 39, 57 },
{ IntegerRing() | 41, 59 },
{ IntegerRing() | 44, 61 },
{ IntegerRing() | 47, 58 },
{ IntegerRing() | 48, 51 },
{ IntegerRing() | 49, 60 },
{ IntegerRing() | 52, 62 },
{ IntegerRing() | 54, 63 },
{ IntegerRing() | 56, 64 }
@};
s`SolvableDBIsRamifiedAtEveryLevel := false;
s`SolvableDBGaloisOrbit := [ PowerSequence(PermutationGroup<64 |  
\[ 2, 3, 4, 5, 6, 7, 8, 9, 10, 11, 12, 13, 14, 15, 16, 17, 18, 19, 20, 21, 22, 23, 24, 25, 26, 27, 28, 29, 30, 31, 32, 33, 34, 35, 36, 37, 38, 39, 40, 41, 42, 43, 44, 45, 46, 47, 48, 49, 50, 51, 52, 53, 54, 55, 56, 57, 58, 59, 60, 61, 62, 63, 64, 1 ],
\[ 2, 1, 3, 4, 5, 6, 7, 8, 9, 10, 11, 12, 13, 14, 15, 16, 17, 18, 19, 20, 21, 22, 23, 24, 25, 26, 27, 28, 29, 30, 31, 32, 33, 34, 35, 36, 37, 38, 39, 40, 41, 42, 43, 44, 45, 46, 47, 48, 49, 50, 51, 52, 53, 54, 55, 56, 57, 58, 59, 60, 61, 62, 63, 64 ]:
 Order := 126886932185884164103433389335161480802865516174545192198801894375214704230400000000000000 >) |
[ PermutationGroup<64 |  
\[ 2, 3, 4, 5, 6, 7, 8, 9, 10, 11, 12, 13, 14, 15, 16, 17, 18, 19, 20, 21, 22, 23, 24, 25, 26, 27, 28, 29, 30, 31, 32, 33, 34, 35, 36, 37, 38, 39, 40, 41, 42, 43, 44, 45, 46, 47, 48, 49, 50, 51, 52, 53, 54, 55, 56, 57, 58, 59, 60, 61, 62, 63, 64, 1 ],
\[ 2, 1, 3, 4, 5, 6, 7, 8, 9, 10, 11, 12, 13, 14, 15, 16, 17, 18, 19, 20, 21, 22, 23, 24, 25, 26, 27, 28, 29, 30, 31, 32, 33, 34, 35, 36, 37, 38, 39, 40, 41, 42, 43, 44, 45, 46, 47, 48, 49, 50, 51, 52, 53, 54, 55, 56, 57, 58, 59, 60, 61, 62, 63, 64 ]:
 Order := 126886932185884164103433389335161480802865516174545192198801894375214704230400000000000000 > |
[ 2, 9, 8, 7, 10, 1, 11, 12, 27, 28, 29, 30, 16, 23, 3, 26, 20, 22, 4, 25, 5, 31, 32, 6, 33, 34, 49, 50, 51, 52, 38, 53, 46, 54, 13, 14, 15, 48, 42, 35, 17, 36, 18, 19, 21, 55, 24, 56, 59, 60, 64, 61, 62, 58, 63, 39, 37, 45, 40, 41, 43, 44, 47, 57 ],
[ 3, 8, 13, 6, 14, 15, 1, 16, 12, 23, 2, 26, 22, 25, 35, 31, 19, 21, 24, 4, 36, 5, 33, 37, 7, 38, 30, 32, 9, 34, 10, 46, 11, 48, 18, 20, 40, 28, 41, 43, 44, 17, 45, 47, 42, 29, 57, 50, 52, 53, 27, 54, 55, 56, 51, 60, 59, 39, 61, 62, 58, 63, 64, 49 ],
[ 4, 7, 6, 17, 18, 19, 20, 1, 11, 22, 25, 2, 15, 21, 24, 3, 39, 40, 41, 42, 43, 35, 5, 44, 36, 8, 29, 31, 33, 9, 13, 10, 14, 12, 37, 45, 47, 16, 54, 57, 56, 58, 59, 60, 61, 23, 62, 26, 51, 38, 46, 27, 28, 30, 32, 34, 63, 52, 64, 48, 49, 50, 53, 55 ]
]
];
s`SolvableDBPassport := [ PowerSequence(PermutationGroup<64 |  
\[ 2, 9, 8, 7, 10, 1, 11, 12, 27, 28, 29, 30, 16, 23, 3, 26, 20, 22, 4, 25, 5, 31, 32, 6, 33, 34, 49, 50, 51, 52, 38, 53, 46, 54, 13, 14, 15, 48, 42, 35, 17, 36, 18, 19, 21, 55, 24, 56, 59, 60, 64, 61, 62, 58, 63, 39, 37, 45, 40, 41, 43, 44, 47, 57 ],
\[ 3, 8, 13, 6, 14, 15, 1, 16, 12, 23, 2, 26, 22, 25, 35, 31, 19, 21, 24, 4, 36, 5, 33, 37, 7, 38, 30, 32, 9, 34, 10, 46, 11, 48, 18, 20, 40, 28, 41, 43, 44, 17, 45, 47, 42, 29, 57, 50, 52, 53, 27, 54, 55, 56, 51, 60, 59, 39, 61, 62, 58, 63, 64, 49 ],
\[ 4, 7, 6, 17, 18, 19, 20, 1, 11, 22, 25, 2, 15, 21, 24, 3, 39, 40, 41, 42, 43, 35, 5, 44, 36, 8, 29, 31, 33, 9, 13, 10, 14, 12, 37, 45, 47, 16, 54, 57, 56, 58, 59, 60, 61, 23, 62, 26, 51, 38, 46, 27, 28, 30, 32, 34, 63, 52, 64, 48, 49, 50, 53, 55 ]:
 Order := 64 >) |
[ PermutationGroup<64 |  
\[ 2, 9, 8, 7, 10, 1, 11, 12, 27, 28, 29, 30, 16, 23, 3, 26, 20, 22, 4, 25, 5, 31, 32, 6, 33, 34, 49, 50, 51, 52, 38, 53, 46, 54, 13, 14, 15, 48, 42, 35, 17, 36, 18, 19, 21, 55, 24, 56, 59, 60, 64, 61, 62, 58, 63, 39, 37, 45, 40, 41, 43, 44, 47, 57 ],
\[ 3, 8, 13, 6, 14, 15, 1, 16, 12, 23, 2, 26, 22, 25, 35, 31, 19, 21, 24, 4, 36, 5, 33, 37, 7, 38, 30, 32, 9, 34, 10, 46, 11, 48, 18, 20, 40, 28, 41, 43, 44, 17, 45, 47, 42, 29, 57, 50, 52, 53, 27, 54, 55, 56, 51, 60, 59, 39, 61, 62, 58, 63, 64, 49 ],
\[ 4, 7, 6, 17, 18, 19, 20, 1, 11, 22, 25, 2, 15, 21, 24, 3, 39, 40, 41, 42, 43, 35, 5, 44, 36, 8, 29, 31, 33, 9, 13, 10, 14, 12, 37, 45, 47, 16, 54, 57, 56, 58, 59, 60, 61, 23, 62, 26, 51, 38, 46, 27, 28, 30, 32, 34, 63, 52, 64, 48, 49, 50, 53, 55 ]:
 Order := 64 > |
[ 6, 1, 15, 19, 21, 24, 4, 3, 2, 5, 7, 8, 35, 36, 37, 13, 41, 43, 44, 17, 45, 18, 14, 47, 20, 16, 9, 10, 11, 12, 22, 23, 25, 26, 40, 42, 57, 31, 56, 59, 60, 39, 61, 62, 58, 33, 63, 38, 27, 28, 29, 30, 32, 34, 46, 48, 64, 54, 49, 50, 52, 53, 55, 51 ],
[ 3, 8, 13, 6, 14, 15, 1, 16, 12, 23, 2, 26, 22, 25, 35, 31, 19, 21, 24, 4, 36, 5, 33, 37, 7, 38, 30, 32, 9, 34, 10, 46, 11, 48, 18, 20, 40, 28, 41, 43, 44, 17, 45, 47, 42, 29, 57, 50, 52, 53, 27, 54, 55, 56, 51, 60, 59, 39, 61, 62, 58, 63, 64, 49 ],
[ 11, 29, 2, 25, 31, 7, 33, 9, 51, 38, 46, 27, 8, 10, 1, 12, 36, 13, 20, 14, 22, 16, 28, 4, 23, 30, 64, 48, 55, 49, 26, 50, 32, 52, 3, 5, 6, 34, 45, 15, 42, 21, 35, 17, 18, 53, 19, 54, 57, 56, 63, 59, 60, 61, 62, 58, 24, 43, 37, 39, 40, 41, 44, 47 ]
],
[ PermutationGroup<64 |  
\[ 2, 9, 8, 7, 10, 1, 11, 12, 27, 28, 29, 30, 16, 23, 3, 26, 20, 22, 4, 25, 5, 31, 32, 6, 33, 34, 49, 50, 51, 52, 38, 53, 46, 54, 13, 14, 15, 48, 42, 35, 17, 36, 18, 19, 21, 55, 24, 56, 59, 60, 64, 61, 62, 58, 63, 39, 37, 45, 40, 41, 43, 44, 47, 57 ],
\[ 3, 8, 13, 6, 14, 15, 1, 16, 12, 23, 2, 26, 22, 25, 35, 31, 19, 21, 24, 4, 36, 5, 33, 37, 7, 38, 30, 32, 9, 34, 10, 46, 11, 48, 18, 20, 40, 28, 41, 43, 44, 17, 45, 47, 42, 29, 57, 50, 52, 53, 27, 54, 55, 56, 51, 60, 59, 39, 61, 62, 58, 63, 64, 49 ],
\[ 4, 7, 6, 17, 18, 19, 20, 1, 11, 22, 25, 2, 15, 21, 24, 3, 39, 40, 41, 42, 43, 35, 5, 44, 36, 8, 29, 31, 33, 9, 13, 10, 14, 12, 37, 45, 47, 16, 54, 57, 56, 58, 59, 60, 61, 23, 62, 26, 51, 38, 46, 27, 28, 30, 32, 34, 63, 52, 64, 48, 49, 50, 53, 55 ]:
 Order := 64 > |
[ 6, 1, 15, 19, 21, 24, 4, 3, 2, 5, 7, 8, 35, 36, 37, 13, 41, 43, 44, 17, 45, 18, 14, 47, 20, 16, 9, 10, 11, 12, 22, 23, 25, 26, 40, 42, 57, 31, 56, 59, 60, 39, 61, 62, 58, 33, 63, 38, 27, 28, 29, 30, 32, 34, 46, 48, 64, 54, 49, 50, 52, 53, 55, 51 ],
[ 22, 31, 5, 35, 7, 18, 13, 10, 38, 11, 16, 28, 14, 1, 21, 23, 37, 20, 40, 15, 4, 25, 2, 43, 3, 32, 48, 29, 26, 50, 33, 9, 8, 53, 36, 6, 45, 46, 47, 42, 57, 24, 17, 59, 19, 12, 61, 55, 56, 51, 34, 60, 27, 62, 30, 63, 58, 44, 39, 64, 41, 49, 52, 54 ],
[ 23, 32, 33, 5, 8, 14, 10, 46, 53, 12, 28, 55, 11, 16, 25, 29, 18, 1, 21, 22, 3, 2, 26, 36, 31, 51, 62, 30, 50, 63, 9, 34, 38, 64, 7, 13, 20, 27, 40, 4, 43, 35, 6, 45, 15, 48, 42, 49, 44, 52, 60, 47, 54, 57, 56, 59, 17, 37, 19, 61, 24, 58, 39, 41 ]
]
];
s`SolvableDBPointedPassport := [ PowerSequence(PermutationGroup<64 |  
\[ 2, 3, 4, 5, 6, 7, 8, 9, 10, 11, 12, 13, 14, 15, 16, 17, 18, 19, 20, 21, 22, 23, 24, 25, 26, 27, 28, 29, 30, 31, 32, 33, 34, 35, 36, 37, 38, 39, 40, 41, 42, 43, 44, 45, 46, 47, 48, 49, 50, 51, 52, 53, 54, 55, 56, 57, 58, 59, 60, 61, 62, 63, 64, 1 ],
\[ 2, 1, 3, 4, 5, 6, 7, 8, 9, 10, 11, 12, 13, 14, 15, 16, 17, 18, 19, 20, 21, 22, 23, 24, 25, 26, 27, 28, 29, 30, 31, 32, 33, 34, 35, 36, 37, 38, 39, 40, 41, 42, 43, 44, 45, 46, 47, 48, 49, 50, 51, 52, 53, 54, 55, 56, 57, 58, 59, 60, 61, 62, 63, 64 ]:
 Order := 126886932185884164103433389335161480802865516174545192198801894375214704230400000000000000 >) |
[ PermutationGroup<64 |  
\[ 2, 3, 4, 5, 6, 7, 8, 9, 10, 11, 12, 13, 14, 15, 16, 17, 18, 19, 20, 21, 22, 23, 24, 25, 26, 27, 28, 29, 30, 31, 32, 33, 34, 35, 36, 37, 38, 39, 40, 41, 42, 43, 44, 45, 46, 47, 48, 49, 50, 51, 52, 53, 54, 55, 56, 57, 58, 59, 60, 61, 62, 63, 64, 1 ],
\[ 2, 1, 3, 4, 5, 6, 7, 8, 9, 10, 11, 12, 13, 14, 15, 16, 17, 18, 19, 20, 21, 22, 23, 24, 25, 26, 27, 28, 29, 30, 31, 32, 33, 34, 35, 36, 37, 38, 39, 40, 41, 42, 43, 44, 45, 46, 47, 48, 49, 50, 51, 52, 53, 54, 55, 56, 57, 58, 59, 60, 61, 62, 63, 64 ]:
 Order := 126886932185884164103433389335161480802865516174545192198801894375214704230400000000000000 > |
[ 6, 1, 15, 19, 21, 24, 4, 3, 2, 5, 7, 8, 35, 36, 37, 13, 41, 43, 44, 17, 45, 18, 14, 47, 20, 16, 9, 10, 11, 12, 22, 23, 25, 26, 40, 42, 57, 31, 56, 59, 60, 39, 61, 62, 58, 33, 63, 38, 27, 28, 29, 30, 32, 34, 46, 48, 64, 54, 49, 50, 52, 53, 55, 51 ],
[ 7, 11, 1, 20, 22, 4, 25, 2, 29, 31, 33, 9, 3, 5, 6, 8, 42, 35, 17, 36, 18, 13, 10, 19, 14, 12, 51, 38, 46, 27, 16, 28, 23, 30, 15, 21, 24, 26, 58, 37, 39, 45, 40, 41, 43, 32, 44, 34, 64, 48, 55, 49, 50, 52, 53, 54, 47, 61, 57, 56, 59, 60, 62, 63 ],
[ 8, 12, 16, 1, 23, 3, 2, 26, 30, 32, 9, 34, 31, 33, 13, 38, 4, 5, 6, 7, 14, 10, 46, 15, 11, 48, 52, 53, 27, 54, 28, 55, 29, 56, 22, 25, 35, 50, 17, 18, 19, 20, 21, 24, 36, 51, 37, 60, 61, 62, 49, 58, 63, 39, 64, 41, 40, 42, 43, 44, 45, 47, 57, 59 ]
],
[ PermutationGroup<64 |  
\[ 2, 3, 4, 5, 6, 7, 8, 9, 10, 11, 12, 13, 14, 15, 16, 17, 18, 19, 20, 21, 22, 23, 24, 25, 26, 27, 28, 29, 30, 31, 32, 33, 34, 35, 36, 37, 38, 39, 40, 41, 42, 43, 44, 45, 46, 47, 48, 49, 50, 51, 52, 53, 54, 55, 56, 57, 58, 59, 60, 61, 62, 63, 64, 1 ],
\[ 2, 1, 3, 4, 5, 6, 7, 8, 9, 10, 11, 12, 13, 14, 15, 16, 17, 18, 19, 20, 21, 22, 23, 24, 25, 26, 27, 28, 29, 30, 31, 32, 33, 34, 35, 36, 37, 38, 39, 40, 41, 42, 43, 44, 45, 46, 47, 48, 49, 50, 51, 52, 53, 54, 55, 56, 57, 58, 59, 60, 61, 62, 63, 64 ]:
 Order := 126886932185884164103433389335161480802865516174545192198801894375214704230400000000000000 > |
[ 6, 1, 15, 19, 21, 24, 4, 3, 2, 5, 7, 8, 35, 36, 37, 13, 41, 43, 44, 17, 45, 18, 14, 47, 20, 16, 9, 10, 11, 12, 22, 23, 25, 26, 40, 42, 57, 31, 56, 59, 60, 39, 61, 62, 58, 33, 63, 38, 27, 28, 29, 30, 32, 34, 46, 48, 64, 54, 49, 50, 52, 53, 55, 51 ],
[ 3, 8, 13, 6, 14, 15, 1, 16, 12, 23, 2, 26, 22, 25, 35, 31, 19, 21, 24, 4, 36, 5, 33, 37, 7, 38, 30, 32, 9, 34, 10, 46, 11, 48, 18, 20, 40, 28, 41, 43, 44, 17, 45, 47, 42, 29, 57, 50, 52, 53, 27, 54, 55, 56, 51, 60, 59, 39, 61, 62, 58, 63, 64, 49 ],
[ 11, 29, 2, 25, 31, 7, 33, 9, 51, 38, 46, 27, 8, 10, 1, 12, 36, 13, 20, 14, 22, 16, 28, 4, 23, 30, 64, 48, 55, 49, 26, 50, 32, 52, 3, 5, 6, 34, 45, 15, 42, 21, 35, 17, 18, 53, 19, 54, 57, 56, 63, 59, 60, 61, 62, 58, 24, 43, 37, 39, 40, 41, 44, 47 ]
]
];
s`SolvableDBMonodromyGroup := PermutationGroup<64 |  
\[ 2, 9, 8, 7, 10, 1, 11, 12, 27, 28, 29, 30, 16, 23, 3, 26, 20, 22, 4, 25, 5, 31, 32, 6, 33, 34, 49, 50, 51, 52, 38, 53, 46, 54, 13, 14, 15, 48, 42, 35, 17, 36, 18, 19, 21, 55, 24, 56, 59, 60, 64, 61, 62, 58, 63, 39, 37, 45, 40, 41, 43, 44, 47, 57 ],
\[ 3, 8, 13, 6, 14, 15, 1, 16, 12, 23, 2, 26, 22, 25, 35, 31, 19, 21, 24, 4, 36, 5, 33, 37, 7, 38, 30, 32, 9, 34, 10, 46, 11, 48, 18, 20, 40, 28, 41, 43, 44, 17, 45, 47, 42, 29, 57, 50, 52, 53, 27, 54, 55, 56, 51, 60, 59, 39, 61, 62, 58, 63, 64, 49 ],
\[ 4, 7, 6, 17, 18, 19, 20, 1, 11, 22, 25, 2, 15, 21, 24, 3, 39, 40, 41, 42, 43, 35, 5, 44, 36, 8, 29, 31, 33, 9, 13, 10, 14, 12, 37, 45, 47, 16, 54, 57, 56, 58, 59, 60, 61, 23, 62, 26, 51, 38, 46, 27, 28, 30, 32, 34, 63, 52, 64, 48, 49, 50, 53, 55 ] >;
s`SolvableDBAutomorphismGroup := PermutationGroup<64 |  
\[ 63, 47, 64, 53, 54, 55, 62, 57, 24, 58, 44, 37, 49, 56, 51, 59, 28, 30, 32, 50, 34, 52, 39, 46, 60, 40, 6, 45, 19, 15, 61, 42, 41, 35, 27, 48, 29, 43, 31, 9, 10, 38, 12, 23, 26, 17, 33, 18, 1, 21, 4, 3, 36, 13, 20, 22, 11, 16, 2, 5, 8, 14, 25, 7 ],
\[ 2, 9, 8, 7, 10, 1, 11, 12, 27, 28, 29, 30, 16, 23, 3, 26, 20, 22, 4, 25, 5, 31, 32, 6, 33, 34, 49, 50, 51, 52, 38, 53, 46, 54, 13, 14, 15, 48, 42, 35, 17, 36, 18, 19, 21, 55, 24, 56, 59, 60, 64, 61, 62, 58, 63, 39, 37, 45, 40, 41, 43, 44, 47, 57 ],
\[ 64, 57, 49, 55, 56, 51, 63, 59, 37, 39, 47, 40, 52, 60, 27, 61, 32, 34, 46, 53, 48, 54, 41, 29, 62, 43, 15, 42, 24, 35, 58, 17, 44, 18, 30, 50, 9, 45, 10, 12, 23, 28, 26, 33, 38, 19, 11, 21, 3, 36, 6, 13, 20, 22, 4, 5, 2, 31, 8, 14, 16, 25, 7, 1 ]:
 Order := 64 >;
s`SolvableDBPointedAutomorphismGroup := PermutationGroup<64 |  
\[ 49, 59, 52, 51, 60, 27, 64, 61, 40, 41, 57, 43, 54, 62, 30, 58, 46, 48, 29, 55, 50, 56, 44, 9, 63, 45, 35, 17, 37, 18, 39, 19, 47, 21, 34, 53, 12, 42, 23, 26, 33, 32, 38, 11, 28, 24, 2, 36, 13, 20, 15, 22, 4, 5, 6, 14, 8, 10, 16, 25, 31, 7, 1, 3 ],
\[ 6, 1, 15, 19, 21, 24, 4, 3, 2, 5, 7, 8, 35, 36, 37, 13, 41, 43, 44, 17, 45, 18, 14, 47, 20, 16, 9, 10, 11, 12, 22, 23, 25, 26, 40, 42, 57, 31, 56, 59, 60, 39, 61, 62, 58, 33, 63, 38, 27, 28, 29, 30, 32, 34, 46, 48, 64, 54, 49, 50, 52, 53, 55, 51 ]:
 Order := 32 >;
s`SolvableDBPathToPP1 := [ Strings() | "PP1", "2T1-2,1,2-g0-path1", "4T1-4,1,4-g0-path1", "8T1-8,2,8-g2-path1", "16T1-16,4,16-g6-path1", "32S16-16,4,16-g11-path1", "64S50-32,8,32-g27-path6" ];
s`SolvableDBParents := [ Strings() | "128S159-64,16,64-g59-path17", "128S160-64,16,64-g59-path9", "128S159-64,16,64-g59-path18", "128S160-64,16,64-g59-path10", "128S153-32,8,32-g53-path83", "128S128-32,8,32-g53-path52", "128S131-32,8,32-g53-path83" ];
s`SolvableDBChild := "32S16-16,4,16-g11-path1";

/*
Return for eval
*/

return s;
