s := SolvableDBInitialize();

/*
Magma printing
*/

s`SolvableDBName := "64S50-32,8,32-g27-path2";
s`SolvableDBFilename := "64S50-32,8,32-g27-path2.m";
s`SolvableDBPassportName := "64S50-32,8,32-g27";
s`SolvableDBPathNumber := 2;
s`SolvableDBDegree := 64;
s`SolvableDBOrders := \[ 32, 8, 32 ];
s`SolvableDBType := "Hyperbolic";
s`SolvableDBGenus := 27;
s`SolvableDBGaloisOrbitSize := 1;
s`SolvableDBPassportSize := 2;
s`SolvableDBPointedPassportSize := 2;
s`SolvableDBLevel := 6;
s`SolvableDBBlocks := {@ PowerSet(IntegerRing()) |
{ IntegerRing() | 1, 5 },
{ IntegerRing() | 2, 10 },
{ IntegerRing() | 3, 14 },
{ IntegerRing() | 4, 18 },
{ IntegerRing() | 6, 21 },
{ IntegerRing() | 7, 22 },
{ IntegerRing() | 8, 23 },
{ IntegerRing() | 9, 28 },
{ IntegerRing() | 11, 31 },
{ IntegerRing() | 12, 32 },
{ IntegerRing() | 13, 36 },
{ IntegerRing() | 15, 39 },
{ IntegerRing() | 16, 40 },
{ IntegerRing() | 17, 42 },
{ IntegerRing() | 19, 43 },
{ IntegerRing() | 20, 44 },
{ IntegerRing() | 24, 46 },
{ IntegerRing() | 25, 47 },
{ IntegerRing() | 26, 48 },
{ IntegerRing() | 27, 51 },
{ IntegerRing() | 29, 53 },
{ IntegerRing() | 30, 54 },
{ IntegerRing() | 33, 55 },
{ IntegerRing() | 34, 56 },
{ IntegerRing() | 35, 57 },
{ IntegerRing() | 37, 58 },
{ IntegerRing() | 38, 59 },
{ IntegerRing() | 41, 60 },
{ IntegerRing() | 45, 61 },
{ IntegerRing() | 49, 62 },
{ IntegerRing() | 50, 63 },
{ IntegerRing() | 52, 64 }
@};
s`SolvableDBIsRamifiedAtEveryLevel := false;
s`SolvableDBGaloisOrbit := [ PowerSequence(PermutationGroup<64 |  
\[ 2, 3, 4, 5, 6, 7, 8, 9, 10, 11, 12, 13, 14, 15, 16, 17, 18, 19, 20, 21, 22, 23, 24, 25, 26, 27, 28, 29, 30, 31, 32, 33, 34, 35, 36, 37, 38, 39, 40, 41, 42, 43, 44, 45, 46, 47, 48, 49, 50, 51, 52, 53, 54, 55, 56, 57, 58, 59, 60, 61, 62, 63, 64, 1 ],
\[ 2, 1, 3, 4, 5, 6, 7, 8, 9, 10, 11, 12, 13, 14, 15, 16, 17, 18, 19, 20, 21, 22, 23, 24, 25, 26, 27, 28, 29, 30, 31, 32, 33, 34, 35, 36, 37, 38, 39, 40, 41, 42, 43, 44, 45, 46, 47, 48, 49, 50, 51, 52, 53, 54, 55, 56, 57, 58, 59, 60, 61, 62, 63, 64 ]:
 Order := 126886932185884164103433389335161480802865516174545192198801894375214704230400000000000000 >) |
[ PermutationGroup<64 |  
\[ 2, 3, 4, 5, 6, 7, 8, 9, 10, 11, 12, 13, 14, 15, 16, 17, 18, 19, 20, 21, 22, 23, 24, 25, 26, 27, 28, 29, 30, 31, 32, 33, 34, 35, 36, 37, 38, 39, 40, 41, 42, 43, 44, 45, 46, 47, 48, 49, 50, 51, 52, 53, 54, 55, 56, 57, 58, 59, 60, 61, 62, 63, 64, 1 ],
\[ 2, 1, 3, 4, 5, 6, 7, 8, 9, 10, 11, 12, 13, 14, 15, 16, 17, 18, 19, 20, 21, 22, 23, 24, 25, 26, 27, 28, 29, 30, 31, 32, 33, 34, 35, 36, 37, 38, 39, 40, 41, 42, 43, 44, 45, 46, 47, 48, 49, 50, 51, 52, 53, 54, 55, 56, 57, 58, 59, 60, 61, 62, 63, 64 ]:
 Order := 126886932185884164103433389335161480802865516174545192198801894375214704230400000000000000 > |
[ 2, 9, 8, 7, 10, 1, 11, 12, 27, 28, 29, 30, 16, 23, 3, 26, 20, 22, 4, 25, 5, 31, 32, 6, 33, 34, 35, 51, 37, 52, 53, 54, 41, 50, 38, 40, 13, 17, 14, 48, 15, 44, 18, 47, 19, 21, 55, 56, 24, 49, 57, 45, 58, 64, 60, 63, 59, 36, 42, 39, 43, 46, 62, 61 ],
[ 14, 23, 36, 21, 3, 39, 5, 40, 32, 8, 10, 48, 57, 13, 58, 59, 43, 6, 46, 18, 15, 1, 16, 60, 22, 42, 54, 12, 28, 56, 2, 26, 31, 44, 64, 35, 51, 61, 37, 38, 53, 19, 24, 4, 62, 41, 7, 17, 55, 47, 30, 63, 9, 34, 11, 20, 52, 27, 45, 29, 49, 33, 25, 50 ],
[ 18, 22, 21, 42, 4, 43, 44, 5, 31, 7, 47, 10, 39, 6, 46, 14, 40, 17, 59, 48, 19, 20, 1, 61, 56, 23, 53, 11, 55, 28, 25, 2, 63, 32, 58, 15, 60, 36, 24, 3, 62, 16, 38, 26, 57, 45, 34, 8, 64, 54, 29, 51, 33, 9, 50, 12, 37, 41, 13, 49, 35, 52, 30, 27 ]
]
];
s`SolvableDBPassport := [ PowerSequence(PermutationGroup<64 |  
\[ 2, 9, 8, 7, 10, 1, 11, 12, 27, 28, 29, 30, 16, 23, 3, 26, 20, 22, 4, 25, 5, 31, 32, 6, 33, 34, 35, 51, 37, 52, 53, 54, 41, 50, 38, 40, 13, 17, 14, 48, 15, 44, 18, 47, 19, 21, 55, 56, 24, 49, 57, 45, 58, 64, 60, 63, 59, 36, 42, 39, 43, 46, 62, 61 ],
\[ 14, 23, 36, 21, 3, 39, 5, 40, 32, 8, 10, 48, 57, 13, 58, 59, 43, 6, 46, 18, 15, 1, 16, 60, 22, 42, 54, 12, 28, 56, 2, 26, 31, 44, 64, 35, 51, 61, 37, 38, 53, 19, 24, 4, 62, 41, 7, 17, 55, 47, 30, 63, 9, 34, 11, 20, 52, 27, 45, 29, 49, 33, 25, 50 ],
\[ 18, 22, 21, 42, 4, 43, 44, 5, 31, 7, 47, 10, 39, 6, 46, 14, 40, 17, 59, 48, 19, 20, 1, 61, 56, 23, 53, 11, 55, 28, 25, 2, 63, 32, 58, 15, 60, 36, 24, 3, 62, 16, 38, 26, 57, 45, 34, 8, 64, 54, 29, 51, 33, 9, 50, 12, 37, 41, 13, 49, 35, 52, 30, 27 ]:
 Order := 64 >) |
[ PermutationGroup<64 |  
\[ 2, 9, 8, 7, 10, 1, 11, 12, 27, 28, 29, 30, 16, 23, 3, 26, 20, 22, 4, 25, 5, 31, 32, 6, 33, 34, 35, 51, 37, 52, 53, 54, 41, 50, 38, 40, 13, 17, 14, 48, 15, 44, 18, 47, 19, 21, 55, 56, 24, 49, 57, 45, 58, 64, 60, 63, 59, 36, 42, 39, 43, 46, 62, 61 ],
\[ 14, 23, 36, 21, 3, 39, 5, 40, 32, 8, 10, 48, 57, 13, 58, 59, 43, 6, 46, 18, 15, 1, 16, 60, 22, 42, 54, 12, 28, 56, 2, 26, 31, 44, 64, 35, 51, 61, 37, 38, 53, 19, 24, 4, 62, 41, 7, 17, 55, 47, 30, 63, 9, 34, 11, 20, 52, 27, 45, 29, 49, 33, 25, 50 ],
\[ 18, 22, 21, 42, 4, 43, 44, 5, 31, 7, 47, 10, 39, 6, 46, 14, 40, 17, 59, 48, 19, 20, 1, 61, 56, 23, 53, 11, 55, 28, 25, 2, 63, 32, 58, 15, 60, 36, 24, 3, 62, 16, 38, 26, 57, 45, 34, 8, 64, 54, 29, 51, 33, 9, 50, 12, 37, 41, 13, 49, 35, 52, 30, 27 ]:
 Order := 64 > |
[ 6, 1, 15, 19, 21, 24, 4, 3, 2, 5, 7, 8, 37, 39, 41, 13, 38, 43, 45, 17, 46, 18, 14, 49, 20, 16, 9, 10, 11, 12, 22, 23, 25, 26, 27, 58, 29, 35, 60, 36, 33, 59, 61, 42, 52, 62, 44, 40, 50, 34, 28, 30, 31, 32, 47, 48, 51, 53, 57, 55, 64, 63, 56, 54 ],
[ 57, 59, 64, 58, 35, 51, 36, 61, 42, 38, 40, 43, 63, 52, 54, 62, 60, 37, 53, 39, 27, 13, 45, 28, 14, 46, 44, 17, 48, 18, 16, 19, 23, 21, 47, 50, 56, 55, 30, 49, 32, 41, 29, 15, 31, 9, 3, 24, 10, 5, 20, 22, 26, 4, 8, 6, 25, 34, 33, 12, 11, 2, 1, 7 ],
[ 62, 46, 55, 64, 49, 63, 61, 60, 21, 24, 43, 39, 31, 33, 47, 53, 51, 52, 54, 57, 50, 45, 41, 56, 59, 58, 5, 6, 18, 14, 19, 15, 42, 36, 10, 11, 22, 28, 25, 29, 44, 27, 30, 35, 32, 34, 38, 37, 48, 40, 1, 23, 4, 3, 17, 13, 2, 7, 9, 20, 12, 26, 16, 8 ]
],
[ PermutationGroup<64 |  
\[ 2, 9, 8, 7, 10, 1, 11, 12, 27, 28, 29, 30, 16, 23, 3, 26, 20, 22, 4, 25, 5, 31, 32, 6, 33, 34, 35, 51, 37, 52, 53, 54, 41, 50, 38, 40, 13, 17, 14, 48, 15, 44, 18, 47, 19, 21, 55, 56, 24, 49, 57, 45, 58, 64, 60, 63, 59, 36, 42, 39, 43, 46, 62, 61 ],
\[ 14, 23, 36, 21, 3, 39, 5, 40, 32, 8, 10, 48, 57, 13, 58, 59, 43, 6, 46, 18, 15, 1, 16, 60, 22, 42, 54, 12, 28, 56, 2, 26, 31, 44, 64, 35, 51, 61, 37, 38, 53, 19, 24, 4, 62, 41, 7, 17, 55, 47, 30, 63, 9, 34, 11, 20, 52, 27, 45, 29, 49, 33, 25, 50 ],
\[ 18, 22, 21, 42, 4, 43, 44, 5, 31, 7, 47, 10, 39, 6, 46, 14, 40, 17, 59, 48, 19, 20, 1, 61, 56, 23, 53, 11, 55, 28, 25, 2, 63, 32, 58, 15, 60, 36, 24, 3, 62, 16, 38, 26, 57, 45, 34, 8, 64, 54, 29, 51, 33, 9, 50, 12, 37, 41, 13, 49, 35, 52, 30, 27 ]:
 Order := 64 > |
[ 6, 1, 15, 19, 21, 24, 4, 3, 2, 5, 7, 8, 37, 39, 41, 13, 38, 43, 45, 17, 46, 18, 14, 49, 20, 16, 9, 10, 11, 12, 22, 23, 25, 26, 27, 58, 29, 35, 60, 36, 33, 59, 61, 42, 52, 62, 44, 40, 50, 34, 28, 30, 31, 32, 47, 48, 51, 53, 57, 55, 64, 63, 56, 54 ],
[ 14, 23, 36, 21, 3, 39, 5, 40, 32, 8, 10, 48, 57, 13, 58, 59, 43, 6, 46, 18, 15, 1, 16, 60, 22, 42, 54, 12, 28, 56, 2, 26, 31, 44, 64, 35, 51, 61, 37, 38, 53, 19, 24, 4, 62, 41, 7, 17, 55, 47, 30, 63, 9, 34, 11, 20, 52, 27, 45, 29, 49, 33, 25, 50 ],
[ 31, 53, 10, 47, 11, 22, 55, 28, 58, 29, 60, 51, 23, 2, 5, 32, 56, 25, 44, 63, 7, 33, 9, 18, 62, 54, 36, 37, 39, 57, 41, 27, 46, 64, 40, 8, 14, 48, 1, 12, 21, 34, 20, 50, 42, 4, 49, 30, 43, 61, 13, 59, 15, 35, 24, 52, 16, 3, 26, 6, 17, 19, 45, 38 ]
]
];
s`SolvableDBPointedPassport := [ PowerSequence(PermutationGroup<64 |  
\[ 2, 3, 4, 5, 6, 7, 8, 9, 10, 11, 12, 13, 14, 15, 16, 17, 18, 19, 20, 21, 22, 23, 24, 25, 26, 27, 28, 29, 30, 31, 32, 33, 34, 35, 36, 37, 38, 39, 40, 41, 42, 43, 44, 45, 46, 47, 48, 49, 50, 51, 52, 53, 54, 55, 56, 57, 58, 59, 60, 61, 62, 63, 64, 1 ],
\[ 2, 1, 3, 4, 5, 6, 7, 8, 9, 10, 11, 12, 13, 14, 15, 16, 17, 18, 19, 20, 21, 22, 23, 24, 25, 26, 27, 28, 29, 30, 31, 32, 33, 34, 35, 36, 37, 38, 39, 40, 41, 42, 43, 44, 45, 46, 47, 48, 49, 50, 51, 52, 53, 54, 55, 56, 57, 58, 59, 60, 61, 62, 63, 64 ]:
 Order := 126886932185884164103433389335161480802865516174545192198801894375214704230400000000000000 >) |
[ PermutationGroup<64 |  
\[ 2, 3, 4, 5, 6, 7, 8, 9, 10, 11, 12, 13, 14, 15, 16, 17, 18, 19, 20, 21, 22, 23, 24, 25, 26, 27, 28, 29, 30, 31, 32, 33, 34, 35, 36, 37, 38, 39, 40, 41, 42, 43, 44, 45, 46, 47, 48, 49, 50, 51, 52, 53, 54, 55, 56, 57, 58, 59, 60, 61, 62, 63, 64, 1 ],
\[ 2, 1, 3, 4, 5, 6, 7, 8, 9, 10, 11, 12, 13, 14, 15, 16, 17, 18, 19, 20, 21, 22, 23, 24, 25, 26, 27, 28, 29, 30, 31, 32, 33, 34, 35, 36, 37, 38, 39, 40, 41, 42, 43, 44, 45, 46, 47, 48, 49, 50, 51, 52, 53, 54, 55, 56, 57, 58, 59, 60, 61, 62, 63, 64 ]:
 Order := 126886932185884164103433389335161480802865516174545192198801894375214704230400000000000000 > |
[ 6, 1, 15, 19, 21, 24, 4, 3, 2, 5, 7, 8, 37, 39, 41, 13, 38, 43, 45, 17, 46, 18, 14, 49, 20, 16, 9, 10, 11, 12, 22, 23, 25, 26, 27, 58, 29, 35, 60, 36, 33, 59, 61, 42, 52, 62, 44, 40, 50, 34, 28, 30, 31, 32, 47, 48, 51, 53, 57, 55, 64, 63, 56, 54 ],
[ 57, 59, 64, 58, 35, 51, 36, 61, 42, 38, 40, 43, 63, 52, 54, 62, 60, 37, 53, 39, 27, 13, 45, 28, 14, 46, 44, 17, 48, 18, 16, 19, 23, 21, 47, 50, 56, 55, 30, 49, 32, 41, 29, 15, 31, 9, 3, 24, 10, 5, 20, 22, 26, 4, 8, 6, 25, 34, 33, 12, 11, 2, 1, 7 ],
[ 62, 46, 55, 64, 49, 63, 61, 60, 21, 24, 43, 39, 31, 33, 47, 53, 51, 52, 54, 57, 50, 45, 41, 56, 59, 58, 5, 6, 18, 14, 19, 15, 42, 36, 10, 11, 22, 28, 25, 29, 44, 27, 30, 35, 32, 34, 38, 37, 48, 40, 1, 23, 4, 3, 17, 13, 2, 7, 9, 20, 12, 26, 16, 8 ]
],
[ PermutationGroup<64 |  
\[ 2, 3, 4, 5, 6, 7, 8, 9, 10, 11, 12, 13, 14, 15, 16, 17, 18, 19, 20, 21, 22, 23, 24, 25, 26, 27, 28, 29, 30, 31, 32, 33, 34, 35, 36, 37, 38, 39, 40, 41, 42, 43, 44, 45, 46, 47, 48, 49, 50, 51, 52, 53, 54, 55, 56, 57, 58, 59, 60, 61, 62, 63, 64, 1 ],
\[ 2, 1, 3, 4, 5, 6, 7, 8, 9, 10, 11, 12, 13, 14, 15, 16, 17, 18, 19, 20, 21, 22, 23, 24, 25, 26, 27, 28, 29, 30, 31, 32, 33, 34, 35, 36, 37, 38, 39, 40, 41, 42, 43, 44, 45, 46, 47, 48, 49, 50, 51, 52, 53, 54, 55, 56, 57, 58, 59, 60, 61, 62, 63, 64 ]:
 Order := 126886932185884164103433389335161480802865516174545192198801894375214704230400000000000000 > |
[ 6, 1, 15, 19, 21, 24, 4, 3, 2, 5, 7, 8, 37, 39, 41, 13, 38, 43, 45, 17, 46, 18, 14, 49, 20, 16, 9, 10, 11, 12, 22, 23, 25, 26, 27, 58, 29, 35, 60, 36, 33, 59, 61, 42, 52, 62, 44, 40, 50, 34, 28, 30, 31, 32, 47, 48, 51, 53, 57, 55, 64, 63, 56, 54 ],
[ 14, 23, 36, 21, 3, 39, 5, 40, 32, 8, 10, 48, 57, 13, 58, 59, 43, 6, 46, 18, 15, 1, 16, 60, 22, 42, 54, 12, 28, 56, 2, 26, 31, 44, 64, 35, 51, 61, 37, 38, 53, 19, 24, 4, 62, 41, 7, 17, 55, 47, 30, 63, 9, 34, 11, 20, 52, 27, 45, 29, 49, 33, 25, 50 ],
[ 31, 53, 10, 47, 11, 22, 55, 28, 58, 29, 60, 51, 23, 2, 5, 32, 56, 25, 44, 63, 7, 33, 9, 18, 62, 54, 36, 37, 39, 57, 41, 27, 46, 64, 40, 8, 14, 48, 1, 12, 21, 34, 20, 50, 42, 4, 49, 30, 43, 61, 13, 59, 15, 35, 24, 52, 16, 3, 26, 6, 17, 19, 45, 38 ]
]
];
s`SolvableDBMonodromyGroup := PermutationGroup<64 |  
\[ 2, 9, 8, 7, 10, 1, 11, 12, 27, 28, 29, 30, 16, 23, 3, 26, 20, 22, 4, 25, 5, 31, 32, 6, 33, 34, 35, 51, 37, 52, 53, 54, 41, 50, 38, 40, 13, 17, 14, 48, 15, 44, 18, 47, 19, 21, 55, 56, 24, 49, 57, 45, 58, 64, 60, 63, 59, 36, 42, 39, 43, 46, 62, 61 ],
\[ 14, 23, 36, 21, 3, 39, 5, 40, 32, 8, 10, 48, 57, 13, 58, 59, 43, 6, 46, 18, 15, 1, 16, 60, 22, 42, 54, 12, 28, 56, 2, 26, 31, 44, 64, 35, 51, 61, 37, 38, 53, 19, 24, 4, 62, 41, 7, 17, 55, 47, 30, 63, 9, 34, 11, 20, 52, 27, 45, 29, 49, 33, 25, 50 ],
\[ 18, 22, 21, 42, 4, 43, 44, 5, 31, 7, 47, 10, 39, 6, 46, 14, 40, 17, 59, 48, 19, 20, 1, 61, 56, 23, 53, 11, 55, 28, 25, 2, 63, 32, 58, 15, 60, 36, 24, 3, 62, 16, 38, 26, 57, 45, 34, 8, 64, 54, 29, 51, 33, 9, 50, 12, 37, 41, 13, 49, 35, 52, 30, 27 ] >;
s`SolvableDBAutomorphismGroup := PermutationGroup<64 |  
\[ 52, 45, 50, 27, 64, 30, 35, 49, 19, 61, 38, 24, 25, 63, 34, 33, 29, 51, 9, 37, 54, 57, 62, 12, 13, 41, 4, 43, 17, 6, 59, 46, 16, 15, 7, 47, 20, 11, 56, 55, 26, 53, 28, 58, 2, 32, 36, 60, 8, 3, 18, 1, 42, 21, 40, 39, 22, 44, 31, 48, 10, 23, 14, 5 ],
\[ 2, 9, 8, 7, 10, 1, 11, 12, 27, 28, 29, 30, 16, 23, 3, 26, 20, 22, 4, 25, 5, 31, 32, 6, 33, 34, 35, 51, 37, 52, 53, 54, 41, 50, 38, 40, 13, 17, 14, 48, 15, 44, 18, 47, 19, 21, 55, 56, 24, 49, 57, 45, 58, 64, 60, 63, 59, 36, 42, 39, 43, 46, 62, 61 ],
\[ 64, 61, 63, 51, 52, 54, 57, 62, 43, 45, 59, 46, 47, 50, 56, 55, 53, 27, 28, 58, 30, 35, 49, 32, 36, 60, 18, 19, 42, 21, 38, 24, 40, 39, 22, 25, 44, 31, 34, 33, 48, 29, 9, 37, 10, 12, 13, 41, 23, 14, 4, 5, 17, 6, 16, 15, 7, 20, 11, 26, 2, 8, 3, 1 ]:
 Order := 64 >;
s`SolvableDBPointedAutomorphismGroup := PermutationGroup<64 |  
\[ 52, 45, 50, 27, 64, 30, 35, 49, 19, 61, 38, 24, 25, 63, 34, 33, 29, 51, 9, 37, 54, 57, 62, 12, 13, 41, 4, 43, 17, 6, 59, 46, 16, 15, 7, 47, 20, 11, 56, 55, 26, 53, 28, 58, 2, 32, 36, 60, 8, 3, 18, 1, 42, 21, 40, 39, 22, 44, 31, 48, 10, 23, 14, 5 ],
\[ 6, 1, 15, 19, 21, 24, 4, 3, 2, 5, 7, 8, 37, 39, 41, 13, 38, 43, 45, 17, 46, 18, 14, 49, 20, 16, 9, 10, 11, 12, 22, 23, 25, 26, 27, 58, 29, 35, 60, 36, 33, 59, 61, 42, 52, 62, 44, 40, 50, 34, 28, 30, 31, 32, 47, 48, 51, 53, 57, 55, 64, 63, 56, 54 ]:
 Order := 32 >;
s`SolvableDBPathToPP1 := [ Strings() | "PP1", "2T1-2,1,2-g0-path1", "4T1-4,1,4-g0-path1", "8T1-8,2,8-g2-path1", "16T1-16,4,16-g6-path1", "32S1-32,8,32-g14-path2", "64S50-32,8,32-g27-path2" ];
s`SolvableDBParents := [ Strings() | "128S159-64,16,64-g59-path27", "128S160-64,16,64-g59-path19", "128S159-64,16,64-g59-path28", "128S160-64,16,64-g59-path20", "128S153-32,8,32-g53-path88", "128S128-32,8,32-g53-path57", "128S131-32,8,32-g53-path88" ];
s`SolvableDBChild := "32S1-32,8,32-g14-path2";

/*
Return for eval
*/

return s;
