s := SolvableDBInitialize();

/*
Magma printing
*/

s`SolvableDBName := "64S53-2,32,4-g8-path1";
s`SolvableDBFilename := "64S53-2,32,4-g8-path1.m";
s`SolvableDBPassportName := "64S53-2,32,4-g8";
s`SolvableDBPathNumber := 1;
s`SolvableDBDegree := 64;
s`SolvableDBOrders := \[ 2, 32, 4 ];
s`SolvableDBType := "Hyperbolic";
s`SolvableDBGenus := 8;
s`SolvableDBGaloisOrbitSize := 1;
s`SolvableDBPassportSize := 1;
s`SolvableDBPointedPassportSize := 1;
s`SolvableDBLevel := 6;
s`SolvableDBBlocks := {@ PowerSet(IntegerRing()) |
{ IntegerRing() | 1, 5 },
{ IntegerRing() | 2, 10 },
{ IntegerRing() | 3, 13 },
{ IntegerRing() | 4, 7 },
{ IntegerRing() | 6, 9 },
{ IntegerRing() | 8, 15 },
{ IntegerRing() | 11, 21 },
{ IntegerRing() | 12, 14 },
{ IntegerRing() | 16, 18 },
{ IntegerRing() | 17, 23 },
{ IntegerRing() | 19, 29 },
{ IntegerRing() | 20, 22 },
{ IntegerRing() | 24, 26 },
{ IntegerRing() | 25, 31 },
{ IntegerRing() | 27, 37 },
{ IntegerRing() | 28, 30 },
{ IntegerRing() | 32, 34 },
{ IntegerRing() | 33, 39 },
{ IntegerRing() | 35, 45 },
{ IntegerRing() | 36, 38 },
{ IntegerRing() | 40, 42 },
{ IntegerRing() | 41, 47 },
{ IntegerRing() | 43, 53 },
{ IntegerRing() | 44, 46 },
{ IntegerRing() | 48, 50 },
{ IntegerRing() | 49, 55 },
{ IntegerRing() | 51, 61 },
{ IntegerRing() | 52, 54 },
{ IntegerRing() | 56, 58 },
{ IntegerRing() | 57, 63 },
{ IntegerRing() | 59, 64 },
{ IntegerRing() | 60, 62 }
@};
s`SolvableDBIsRamifiedAtEveryLevel := true;
s`SolvableDBGaloisOrbit := [ PowerSequence(PermutationGroup<64 |  
\[ 2, 3, 4, 5, 6, 7, 8, 9, 10, 11, 12, 13, 14, 15, 16, 17, 18, 19, 20, 21, 22, 23, 24, 25, 26, 27, 28, 29, 30, 31, 32, 33, 34, 35, 36, 37, 38, 39, 40, 41, 42, 43, 44, 45, 46, 47, 48, 49, 50, 51, 52, 53, 54, 55, 56, 57, 58, 59, 60, 61, 62, 63, 64, 1 ],
\[ 2, 1, 3, 4, 5, 6, 7, 8, 9, 10, 11, 12, 13, 14, 15, 16, 17, 18, 19, 20, 21, 22, 23, 24, 25, 26, 27, 28, 29, 30, 31, 32, 33, 34, 35, 36, 37, 38, 39, 40, 41, 42, 43, 44, 45, 46, 47, 48, 49, 50, 51, 52, 53, 54, 55, 56, 57, 58, 59, 60, 61, 62, 63, 64 ]:
 Order := 126886932185884164103433389335161480802865516174545192198801894375214704230400000000000000 >) |
[ PermutationGroup<64 |  
\[ 2, 3, 4, 5, 6, 7, 8, 9, 10, 11, 12, 13, 14, 15, 16, 17, 18, 19, 20, 21, 22, 23, 24, 25, 26, 27, 28, 29, 30, 31, 32, 33, 34, 35, 36, 37, 38, 39, 40, 41, 42, 43, 44, 45, 46, 47, 48, 49, 50, 51, 52, 53, 54, 55, 56, 57, 58, 59, 60, 61, 62, 63, 64, 1 ],
\[ 2, 1, 3, 4, 5, 6, 7, 8, 9, 10, 11, 12, 13, 14, 15, 16, 17, 18, 19, 20, 21, 22, 23, 24, 25, 26, 27, 28, 29, 30, 31, 32, 33, 34, 35, 36, 37, 38, 39, 40, 41, 42, 43, 44, 45, 46, 47, 48, 49, 50, 51, 52, 53, 54, 55, 56, 57, 58, 59, 60, 61, 62, 63, 64 ]:
 Order := 126886932185884164103433389335161480802865516174545192198801894375214704230400000000000000 > |
[ 10, 5, 7, 13, 2, 8, 3, 6, 15, 1, 14, 21, 4, 11, 9, 23, 18, 17, 22, 29, 12, 19, 16, 25, 24, 31, 30, 37, 20, 27, 26, 39, 34, 33, 38, 45, 28, 35, 32, 41, 40, 47, 46, 53, 36, 43, 42, 55, 50, 49, 54, 61, 44, 51, 48, 57, 56, 63, 62, 64, 52, 59, 58, 60 ],
[ 3, 8, 11, 10, 13, 1, 2, 17, 5, 15, 19, 7, 21, 4, 23, 6, 25, 9, 27, 14, 29, 12, 31, 16, 33, 18, 35, 22, 37, 20, 39, 24, 41, 26, 43, 30, 45, 28, 47, 32, 49, 34, 51, 38, 53, 36, 55, 40, 57, 42, 59, 46, 61, 44, 63, 48, 62, 50, 58, 54, 64, 52, 60, 56 ],
[ 4, 9, 12, 5, 7, 2, 1, 16, 10, 6, 20, 13, 14, 3, 18, 15, 26, 8, 28, 21, 22, 11, 24, 17, 32, 23, 36, 29, 30, 19, 34, 31, 42, 25, 44, 37, 38, 27, 40, 33, 48, 39, 52, 45, 46, 35, 50, 47, 58, 41, 60, 53, 54, 43, 56, 49, 64, 55, 57, 61, 62, 51, 59, 63 ]
]
];
s`SolvableDBPassport := [ PowerSequence(PermutationGroup<64 |  
\[ 10, 5, 7, 13, 2, 8, 3, 6, 15, 1, 14, 21, 4, 11, 9, 23, 18, 17, 22, 29, 12, 19, 16, 25, 24, 31, 30, 37, 20, 27, 26, 39, 34, 33, 38, 45, 28, 35, 32, 41, 40, 47, 46, 53, 36, 43, 42, 55, 50, 49, 54, 61, 44, 51, 48, 57, 56, 63, 62, 64, 52, 59, 58, 60 ],
\[ 3, 8, 11, 10, 13, 1, 2, 17, 5, 15, 19, 7, 21, 4, 23, 6, 25, 9, 27, 14, 29, 12, 31, 16, 33, 18, 35, 22, 37, 20, 39, 24, 41, 26, 43, 30, 45, 28, 47, 32, 49, 34, 51, 38, 53, 36, 55, 40, 57, 42, 59, 46, 61, 44, 63, 48, 62, 50, 58, 54, 64, 52, 60, 56 ],
\[ 4, 9, 12, 5, 7, 2, 1, 16, 10, 6, 20, 13, 14, 3, 18, 15, 26, 8, 28, 21, 22, 11, 24, 17, 32, 23, 36, 29, 30, 19, 34, 31, 42, 25, 44, 37, 38, 27, 40, 33, 48, 39, 52, 45, 46, 35, 50, 47, 58, 41, 60, 53, 54, 43, 56, 49, 64, 55, 57, 61, 62, 51, 59, 63 ]:
 Order := 64 >) |
[ PermutationGroup<64 |  
\[ 10, 5, 7, 13, 2, 8, 3, 6, 15, 1, 14, 21, 4, 11, 9, 23, 18, 17, 22, 29, 12, 19, 16, 25, 24, 31, 30, 37, 20, 27, 26, 39, 34, 33, 38, 45, 28, 35, 32, 41, 40, 47, 46, 53, 36, 43, 42, 55, 50, 49, 54, 61, 44, 51, 48, 57, 56, 63, 62, 64, 52, 59, 58, 60 ],
\[ 3, 8, 11, 10, 13, 1, 2, 17, 5, 15, 19, 7, 21, 4, 23, 6, 25, 9, 27, 14, 29, 12, 31, 16, 33, 18, 35, 22, 37, 20, 39, 24, 41, 26, 43, 30, 45, 28, 47, 32, 49, 34, 51, 38, 53, 36, 55, 40, 57, 42, 59, 46, 61, 44, 63, 48, 62, 50, 58, 54, 64, 52, 60, 56 ],
\[ 4, 9, 12, 5, 7, 2, 1, 16, 10, 6, 20, 13, 14, 3, 18, 15, 26, 8, 28, 21, 22, 11, 24, 17, 32, 23, 36, 29, 30, 19, 34, 31, 42, 25, 44, 37, 38, 27, 40, 33, 48, 39, 52, 45, 46, 35, 50, 47, 58, 41, 60, 53, 54, 43, 56, 49, 64, 55, 57, 61, 62, 51, 59, 63 ]:
 Order := 64 > |
[ 10, 5, 7, 13, 2, 8, 3, 6, 15, 1, 14, 21, 4, 11, 9, 23, 18, 17, 22, 29, 12, 19, 16, 25, 24, 31, 30, 37, 20, 27, 26, 39, 34, 33, 38, 45, 28, 35, 32, 41, 40, 47, 46, 53, 36, 43, 42, 55, 50, 49, 54, 61, 44, 51, 48, 57, 56, 63, 62, 64, 52, 59, 58, 60 ],
[ 3, 8, 11, 10, 13, 1, 2, 17, 5, 15, 19, 7, 21, 4, 23, 6, 25, 9, 27, 14, 29, 12, 31, 16, 33, 18, 35, 22, 37, 20, 39, 24, 41, 26, 43, 30, 45, 28, 47, 32, 49, 34, 51, 38, 53, 36, 55, 40, 57, 42, 59, 46, 61, 44, 63, 48, 62, 50, 58, 54, 64, 52, 60, 56 ],
[ 4, 9, 12, 5, 7, 2, 1, 16, 10, 6, 20, 13, 14, 3, 18, 15, 26, 8, 28, 21, 22, 11, 24, 17, 32, 23, 36, 29, 30, 19, 34, 31, 42, 25, 44, 37, 38, 27, 40, 33, 48, 39, 52, 45, 46, 35, 50, 47, 58, 41, 60, 53, 54, 43, 56, 49, 64, 55, 57, 61, 62, 51, 59, 63 ]
]
];
s`SolvableDBPointedPassport := [ PowerSequence(PermutationGroup<64 |  
\[ 2, 3, 4, 5, 6, 7, 8, 9, 10, 11, 12, 13, 14, 15, 16, 17, 18, 19, 20, 21, 22, 23, 24, 25, 26, 27, 28, 29, 30, 31, 32, 33, 34, 35, 36, 37, 38, 39, 40, 41, 42, 43, 44, 45, 46, 47, 48, 49, 50, 51, 52, 53, 54, 55, 56, 57, 58, 59, 60, 61, 62, 63, 64, 1 ],
\[ 2, 1, 3, 4, 5, 6, 7, 8, 9, 10, 11, 12, 13, 14, 15, 16, 17, 18, 19, 20, 21, 22, 23, 24, 25, 26, 27, 28, 29, 30, 31, 32, 33, 34, 35, 36, 37, 38, 39, 40, 41, 42, 43, 44, 45, 46, 47, 48, 49, 50, 51, 52, 53, 54, 55, 56, 57, 58, 59, 60, 61, 62, 63, 64 ]:
 Order := 126886932185884164103433389335161480802865516174545192198801894375214704230400000000000000 >) |
[ PermutationGroup<64 |  
\[ 2, 3, 4, 5, 6, 7, 8, 9, 10, 11, 12, 13, 14, 15, 16, 17, 18, 19, 20, 21, 22, 23, 24, 25, 26, 27, 28, 29, 30, 31, 32, 33, 34, 35, 36, 37, 38, 39, 40, 41, 42, 43, 44, 45, 46, 47, 48, 49, 50, 51, 52, 53, 54, 55, 56, 57, 58, 59, 60, 61, 62, 63, 64, 1 ],
\[ 2, 1, 3, 4, 5, 6, 7, 8, 9, 10, 11, 12, 13, 14, 15, 16, 17, 18, 19, 20, 21, 22, 23, 24, 25, 26, 27, 28, 29, 30, 31, 32, 33, 34, 35, 36, 37, 38, 39, 40, 41, 42, 43, 44, 45, 46, 47, 48, 49, 50, 51, 52, 53, 54, 55, 56, 57, 58, 59, 60, 61, 62, 63, 64 ]:
 Order := 126886932185884164103433389335161480802865516174545192198801894375214704230400000000000000 > |
[ 33, 27, 31, 35, 39, 47, 45, 29, 41, 37, 17, 43, 25, 53, 19, 49, 11, 55, 15, 51, 23, 61, 21, 63, 13, 57, 2, 59, 8, 64, 3, 62, 1, 60, 4, 58, 10, 56, 5, 54, 9, 52, 12, 50, 7, 48, 6, 46, 16, 44, 20, 42, 14, 40, 18, 38, 26, 36, 28, 34, 22, 32, 24, 30 ],
[ 9, 4, 5, 12, 6, 18, 14, 10, 16, 7, 13, 20, 1, 22, 2, 26, 15, 24, 21, 28, 3, 30, 8, 34, 23, 32, 29, 36, 11, 38, 17, 42, 31, 40, 37, 44, 19, 46, 25, 50, 39, 48, 45, 52, 27, 54, 33, 58, 47, 56, 53, 60, 35, 62, 41, 59, 55, 64, 61, 57, 43, 63, 49, 51 ],
[ 47, 45, 33, 53, 41, 49, 43, 27, 55, 35, 31, 61, 39, 51, 37, 63, 29, 57, 17, 64, 25, 59, 19, 62, 11, 60, 15, 56, 23, 58, 21, 54, 13, 52, 2, 48, 8, 50, 3, 46, 1, 44, 4, 40, 10, 42, 5, 38, 9, 36, 12, 32, 7, 34, 6, 30, 16, 28, 20, 24, 14, 26, 18, 22 ]
]
];
s`SolvableDBMonodromyGroup := PermutationGroup<64 |  
\[ 10, 5, 7, 13, 2, 8, 3, 6, 15, 1, 14, 21, 4, 11, 9, 23, 18, 17, 22, 29, 12, 19, 16, 25, 24, 31, 30, 37, 20, 27, 26, 39, 34, 33, 38, 45, 28, 35, 32, 41, 40, 47, 46, 53, 36, 43, 42, 55, 50, 49, 54, 61, 44, 51, 48, 57, 56, 63, 62, 64, 52, 59, 58, 60 ],
\[ 3, 8, 11, 10, 13, 1, 2, 17, 5, 15, 19, 7, 21, 4, 23, 6, 25, 9, 27, 14, 29, 12, 31, 16, 33, 18, 35, 22, 37, 20, 39, 24, 41, 26, 43, 30, 45, 28, 47, 32, 49, 34, 51, 38, 53, 36, 55, 40, 57, 42, 59, 46, 61, 44, 63, 48, 62, 50, 58, 54, 64, 52, 60, 56 ],
\[ 4, 9, 12, 5, 7, 2, 1, 16, 10, 6, 20, 13, 14, 3, 18, 15, 26, 8, 28, 21, 22, 11, 24, 17, 32, 23, 36, 29, 30, 19, 34, 31, 42, 25, 44, 37, 38, 27, 40, 33, 48, 39, 52, 45, 46, 35, 50, 47, 58, 41, 60, 53, 54, 43, 56, 49, 64, 55, 57, 61, 62, 51, 59, 63 ] >;
s`SolvableDBAutomorphismGroup := PermutationGroup<64 |  
\[ 64, 62, 56, 63, 59, 61, 57, 52, 51, 60, 48, 49, 58, 55, 54, 53, 46, 43, 40, 47, 50, 41, 44, 45, 36, 35, 32, 33, 42, 39, 38, 37, 30, 27, 24, 31, 34, 25, 28, 29, 20, 19, 16, 17, 26, 23, 22, 21, 14, 11, 6, 15, 18, 8, 12, 13, 4, 3, 1, 2, 9, 10, 7, 5 ],
\[ 61, 54, 64, 62, 51, 53, 60, 44, 43, 52, 56, 63, 59, 57, 46, 45, 38, 35, 48, 49, 58, 55, 36, 37, 28, 27, 40, 47, 50, 41, 30, 29, 22, 19, 32, 33, 42, 39, 20, 21, 12, 11, 24, 31, 34, 25, 14, 13, 7, 3, 16, 17, 26, 23, 4, 5, 2, 1, 6, 15, 18, 8, 10, 9 ],
\[ 63, 56, 60, 59, 57, 55, 64, 48, 49, 58, 54, 61, 62, 51, 50, 47, 40, 41, 44, 43, 52, 53, 42, 39, 32, 33, 38, 45, 46, 35, 34, 31, 24, 25, 28, 27, 36, 37, 26, 23, 16, 17, 22, 29, 30, 19, 18, 15, 6, 8, 12, 11, 20, 21, 9, 10, 1, 2, 7, 13, 14, 3, 5, 4 ]:
 Order := 64 >;
s`SolvableDBPointedAutomorphismGroup := PermutationGroup<64 |  
\[ 10, 5, 15, 6, 2, 4, 9, 13, 7, 1, 23, 18, 8, 16, 3, 14, 21, 12, 31, 24, 17, 26, 11, 20, 29, 22, 39, 34, 25, 32, 19, 30, 37, 28, 47, 40, 33, 42, 27, 36, 45, 38, 55, 50, 41, 48, 35, 46, 53, 44, 63, 56, 49, 58, 43, 52, 61, 54, 60, 59, 57, 64, 51, 62 ]:
 Order := 2 >;
s`SolvableDBPathToPP1 := [ Strings() | "PP1", "2T1-2,1,2-g0-path1", "4T2-2,2,2-g0-path2", "8T4-2,4,2-g0-path2", "16T13-2,8,2-g0-path1", "32S18-2,16,2-g0-path1", "64S53-2,32,4-g8-path1" ];
s`SolvableDBParents := [ Strings() | "128S156-4,32,4-g31-path4", "128S148-4,32,4-g31-path7", "128S147-2,32,4-g15-path5" ];
s`SolvableDBChild := "32S18-2,16,2-g0-path1";

/*
Return for eval
*/

return s;
