s := SolvableDBInitialize();

/*
Magma printing
*/

s`SolvableDBName := "64S50-32,8,32-g27-path1-notcomputed";
s`SolvableDBFilename := "64S50-32,8,32-g27-path1-notcomputed.m";
s`SolvableDBPassportName := "64S50-32,8,32-g27";
s`SolvableDBPathNumber := 1;
s`SolvableDBDegree := 64;
s`SolvableDBOrders := \[ 32, 8, 32 ];
s`SolvableDBType := "Hyperbolic";
s`SolvableDBGenus := 27;
s`SolvableDBGaloisOrbitSize := 1;
s`SolvableDBPassportSize := 2;
s`SolvableDBPointedPassportSize := 2;
s`SolvableDBLevel := 6;
s`SolvableDBBlocks := {@ PowerSet(IntegerRing()) |
{ IntegerRing() | 1, 5 },
{ IntegerRing() | 2, 10 },
{ IntegerRing() | 3, 14 },
{ IntegerRing() | 4, 17 },
{ IntegerRing() | 6, 20 },
{ IntegerRing() | 7, 21 },
{ IntegerRing() | 8, 22 },
{ IntegerRing() | 9, 26 },
{ IntegerRing() | 11, 28 },
{ IntegerRing() | 12, 29 },
{ IntegerRing() | 13, 32 },
{ IntegerRing() | 15, 35 },
{ IntegerRing() | 16, 36 },
{ IntegerRing() | 18, 38 },
{ IntegerRing() | 19, 39 },
{ IntegerRing() | 23, 40 },
{ IntegerRing() | 24, 41 },
{ IntegerRing() | 25, 43 },
{ IntegerRing() | 27, 45 },
{ IntegerRing() | 30, 47 },
{ IntegerRing() | 31, 50 },
{ IntegerRing() | 33, 53 },
{ IntegerRing() | 34, 54 },
{ IntegerRing() | 37, 56 },
{ IntegerRing() | 42, 57 },
{ IntegerRing() | 44, 58 },
{ IntegerRing() | 46, 59 },
{ IntegerRing() | 48, 60 },
{ IntegerRing() | 49, 61 },
{ IntegerRing() | 51, 62 },
{ IntegerRing() | 52, 63 },
{ IntegerRing() | 55, 64 }
@};
s`SolvableDBIsRamifiedAtEveryLevel := false;
s`SolvableDBGaloisOrbit := [ PowerSequence(PermutationGroup<64 |  
\[ 2, 3, 4, 5, 6, 7, 8, 9, 10, 11, 12, 13, 14, 15, 16, 17, 18, 19, 20, 21, 22, 23, 24, 25, 26, 27, 28, 29, 30, 31, 32, 33, 34, 35, 36, 37, 38, 39, 40, 41, 42, 43, 44, 45, 46, 47, 48, 49, 50, 51, 52, 53, 54, 55, 56, 57, 58, 59, 60, 61, 62, 63, 64, 1 ],
\[ 2, 1, 3, 4, 5, 6, 7, 8, 9, 10, 11, 12, 13, 14, 15, 16, 17, 18, 19, 20, 21, 22, 23, 24, 25, 26, 27, 28, 29, 30, 31, 32, 33, 34, 35, 36, 37, 38, 39, 40, 41, 42, 43, 44, 45, 46, 47, 48, 49, 50, 51, 52, 53, 54, 55, 56, 57, 58, 59, 60, 61, 62, 63, 64 ]:
 Order := 126886932185884164103433389335161480802865516174545192198801894375214704230400000000000000 >) |
[ PermutationGroup<64 |  
\[ 2, 3, 4, 5, 6, 7, 8, 9, 10, 11, 12, 13, 14, 15, 16, 17, 18, 19, 20, 21, 22, 23, 24, 25, 26, 27, 28, 29, 30, 31, 32, 33, 34, 35, 36, 37, 38, 39, 40, 41, 42, 43, 44, 45, 46, 47, 48, 49, 50, 51, 52, 53, 54, 55, 56, 57, 58, 59, 60, 61, 62, 63, 64, 1 ],
\[ 2, 1, 3, 4, 5, 6, 7, 8, 9, 10, 11, 12, 13, 14, 15, 16, 17, 18, 19, 20, 21, 22, 23, 24, 25, 26, 27, 28, 29, 30, 31, 32, 33, 34, 35, 36, 37, 38, 39, 40, 41, 42, 43, 44, 45, 46, 47, 48, 49, 50, 51, 52, 53, 54, 55, 56, 57, 58, 59, 60, 61, 62, 63, 64 ]:
 Order := 126886932185884164103433389335161480802865516174545192198801894375214704230400000000000000 > |
[ 2, 9, 8, 7, 10, 1, 11, 12, 25, 26, 27, 19, 16, 22, 3, 18, 21, 4, 24, 5, 28, 29, 6, 30, 42, 43, 44, 45, 39, 46, 34, 36, 13, 23, 14, 38, 15, 17, 41, 20, 47, 48, 57, 49, 58, 51, 59, 55, 52, 54, 31, 37, 32, 40, 33, 35, 60, 61, 62, 64, 63, 50, 56, 53 ],
[ 14, 22, 32, 20, 3, 35, 5, 36, 29, 8, 10, 38, 50, 13, 53, 54, 6, 40, 17, 15, 1, 16, 56, 21, 39, 12, 26, 2, 18, 28, 61, 31, 62, 63, 33, 34, 64, 23, 4, 37, 7, 41, 19, 43, 9, 45, 11, 47, 57, 49, 58, 60, 51, 52, 59, 55, 24, 25, 27, 30, 42, 44, 48, 46 ],
[ 17, 21, 20, 29, 4, 38, 39, 5, 28, 7, 41, 10, 35, 6, 40, 14, 12, 22, 26, 18, 19, 1, 36, 43, 45, 11, 47, 24, 2, 57, 53, 15, 56, 32, 23, 3, 54, 8, 9, 16, 25, 58, 27, 59, 30, 60, 42, 61, 62, 33, 64, 50, 37, 13, 63, 34, 44, 46, 48, 49, 51, 55, 31, 52 ]
]
];
s`SolvableDBPassport := [ PowerSequence(PermutationGroup<64 |  
\[ 2, 9, 8, 7, 10, 1, 11, 12, 25, 26, 27, 19, 16, 22, 3, 18, 21, 4, 24, 5, 28, 29, 6, 30, 42, 43, 44, 45, 39, 46, 34, 36, 13, 23, 14, 38, 15, 17, 41, 20, 47, 48, 57, 49, 58, 51, 59, 55, 52, 54, 31, 37, 32, 40, 33, 35, 60, 61, 62, 64, 63, 50, 56, 53 ],
\[ 14, 22, 32, 20, 3, 35, 5, 36, 29, 8, 10, 38, 50, 13, 53, 54, 6, 40, 17, 15, 1, 16, 56, 21, 39, 12, 26, 2, 18, 28, 61, 31, 62, 63, 33, 34, 64, 23, 4, 37, 7, 41, 19, 43, 9, 45, 11, 47, 57, 49, 58, 60, 51, 52, 59, 55, 24, 25, 27, 30, 42, 44, 48, 46 ],
\[ 17, 21, 20, 29, 4, 38, 39, 5, 28, 7, 41, 10, 35, 6, 40, 14, 12, 22, 26, 18, 19, 1, 36, 43, 45, 11, 47, 24, 2, 57, 53, 15, 56, 32, 23, 3, 54, 8, 9, 16, 25, 58, 27, 59, 30, 60, 42, 61, 62, 33, 64, 50, 37, 13, 63, 34, 44, 46, 48, 49, 51, 55, 31, 52 ]:
 Order := 64 >) |
[ PermutationGroup<64 |  
\[ 2, 9, 8, 7, 10, 1, 11, 12, 25, 26, 27, 19, 16, 22, 3, 18, 21, 4, 24, 5, 28, 29, 6, 30, 42, 43, 44, 45, 39, 46, 34, 36, 13, 23, 14, 38, 15, 17, 41, 20, 47, 48, 57, 49, 58, 51, 59, 55, 52, 54, 31, 37, 32, 40, 33, 35, 60, 61, 62, 64, 63, 50, 56, 53 ],
\[ 14, 22, 32, 20, 3, 35, 5, 36, 29, 8, 10, 38, 50, 13, 53, 54, 6, 40, 17, 15, 1, 16, 56, 21, 39, 12, 26, 2, 18, 28, 61, 31, 62, 63, 33, 34, 64, 23, 4, 37, 7, 41, 19, 43, 9, 45, 11, 47, 57, 49, 58, 60, 51, 52, 59, 55, 24, 25, 27, 30, 42, 44, 48, 46 ],
\[ 17, 21, 20, 29, 4, 38, 39, 5, 28, 7, 41, 10, 35, 6, 40, 14, 12, 22, 26, 18, 19, 1, 36, 43, 45, 11, 47, 24, 2, 57, 53, 15, 56, 32, 23, 3, 54, 8, 9, 16, 25, 58, 27, 59, 30, 60, 42, 61, 62, 33, 64, 50, 37, 13, 63, 34, 44, 46, 48, 49, 51, 55, 31, 52 ]:
 Order := 64 > |
[ 6, 1, 15, 18, 20, 23, 4, 3, 2, 5, 7, 8, 33, 35, 37, 13, 38, 16, 12, 40, 17, 14, 34, 19, 9, 10, 11, 21, 22, 24, 51, 53, 55, 31, 56, 32, 52, 36, 29, 54, 39, 25, 26, 27, 28, 30, 41, 42, 44, 62, 46, 49, 64, 50, 48, 63, 43, 45, 47, 57, 58, 59, 61, 60 ],
[ 21, 28, 5, 39, 7, 17, 41, 10, 45, 11, 47, 26, 14, 1, 20, 22, 19, 29, 43, 4, 24, 2, 38, 57, 58, 27, 59, 30, 9, 60, 32, 3, 35, 36, 6, 8, 40, 12, 25, 18, 42, 61, 44, 62, 46, 64, 48, 63, 50, 13, 53, 54, 15, 16, 56, 23, 49, 51, 55, 52, 31, 33, 34, 37 ],
[ 22, 29, 36, 5, 8, 14, 10, 38, 39, 12, 26, 17, 54, 16, 32, 40, 1, 20, 21, 3, 2, 18, 35, 28, 41, 19, 43, 9, 4, 45, 63, 34, 50, 56, 13, 23, 53, 6, 7, 15, 11, 47, 24, 57, 25, 58, 27, 59, 60, 52, 61, 64, 31, 37, 62, 33, 30, 42, 44, 46, 48, 49, 55, 51 ]
],
[ PermutationGroup<64 |  
\[ 2, 9, 8, 7, 10, 1, 11, 12, 25, 26, 27, 19, 16, 22, 3, 18, 21, 4, 24, 5, 28, 29, 6, 30, 42, 43, 44, 45, 39, 46, 34, 36, 13, 23, 14, 38, 15, 17, 41, 20, 47, 48, 57, 49, 58, 51, 59, 55, 52, 54, 31, 37, 32, 40, 33, 35, 60, 61, 62, 64, 63, 50, 56, 53 ],
\[ 14, 22, 32, 20, 3, 35, 5, 36, 29, 8, 10, 38, 50, 13, 53, 54, 6, 40, 17, 15, 1, 16, 56, 21, 39, 12, 26, 2, 18, 28, 61, 31, 62, 63, 33, 34, 64, 23, 4, 37, 7, 41, 19, 43, 9, 45, 11, 47, 57, 49, 58, 60, 51, 52, 59, 55, 24, 25, 27, 30, 42, 44, 48, 46 ],
\[ 17, 21, 20, 29, 4, 38, 39, 5, 28, 7, 41, 10, 35, 6, 40, 14, 12, 22, 26, 18, 19, 1, 36, 43, 45, 11, 47, 24, 2, 57, 53, 15, 56, 32, 23, 3, 54, 8, 9, 16, 25, 58, 27, 59, 30, 60, 42, 61, 62, 33, 64, 50, 37, 13, 63, 34, 44, 46, 48, 49, 51, 55, 31, 52 ]:
 Order := 64 > |
[ 6, 1, 15, 18, 20, 23, 4, 3, 2, 5, 7, 8, 33, 35, 37, 13, 38, 16, 12, 40, 17, 14, 34, 19, 9, 10, 11, 21, 22, 24, 51, 53, 55, 31, 56, 32, 52, 36, 29, 54, 39, 25, 26, 27, 28, 30, 41, 42, 44, 62, 46, 49, 64, 50, 48, 63, 43, 45, 47, 57, 58, 59, 61, 60 ],
[ 57, 60, 41, 58, 42, 43, 61, 47, 64, 48, 63, 59, 21, 24, 39, 28, 44, 45, 62, 25, 49, 30, 26, 50, 53, 55, 56, 52, 46, 54, 5, 7, 17, 10, 19, 11, 29, 27, 51, 9, 31, 32, 33, 35, 37, 40, 34, 36, 14, 1, 20, 22, 4, 2, 38, 12, 13, 15, 23, 16, 3, 6, 8, 18 ],
[ 54, 40, 63, 32, 34, 50, 36, 56, 20, 23, 38, 35, 60, 52, 61, 64, 13, 53, 14, 31, 16, 37, 62, 22, 5, 6, 17, 18, 15, 29, 47, 48, 57, 59, 49, 55, 58, 33, 3, 51, 8, 10, 1, 21, 4, 39, 12, 26, 28, 30, 41, 45, 42, 46, 43, 44, 2, 7, 19, 9, 11, 24, 27, 25 ]
]
];
s`SolvableDBPointedPassport := [ PowerSequence(PermutationGroup<64 |  
\[ 2, 3, 4, 5, 6, 7, 8, 9, 10, 11, 12, 13, 14, 15, 16, 17, 18, 19, 20, 21, 22, 23, 24, 25, 26, 27, 28, 29, 30, 31, 32, 33, 34, 35, 36, 37, 38, 39, 40, 41, 42, 43, 44, 45, 46, 47, 48, 49, 50, 51, 52, 53, 54, 55, 56, 57, 58, 59, 60, 61, 62, 63, 64, 1 ],
\[ 2, 1, 3, 4, 5, 6, 7, 8, 9, 10, 11, 12, 13, 14, 15, 16, 17, 18, 19, 20, 21, 22, 23, 24, 25, 26, 27, 28, 29, 30, 31, 32, 33, 34, 35, 36, 37, 38, 39, 40, 41, 42, 43, 44, 45, 46, 47, 48, 49, 50, 51, 52, 53, 54, 55, 56, 57, 58, 59, 60, 61, 62, 63, 64 ]:
 Order := 126886932185884164103433389335161480802865516174545192198801894375214704230400000000000000 >) |
[ PermutationGroup<64 |  
\[ 2, 3, 4, 5, 6, 7, 8, 9, 10, 11, 12, 13, 14, 15, 16, 17, 18, 19, 20, 21, 22, 23, 24, 25, 26, 27, 28, 29, 30, 31, 32, 33, 34, 35, 36, 37, 38, 39, 40, 41, 42, 43, 44, 45, 46, 47, 48, 49, 50, 51, 52, 53, 54, 55, 56, 57, 58, 59, 60, 61, 62, 63, 64, 1 ],
\[ 2, 1, 3, 4, 5, 6, 7, 8, 9, 10, 11, 12, 13, 14, 15, 16, 17, 18, 19, 20, 21, 22, 23, 24, 25, 26, 27, 28, 29, 30, 31, 32, 33, 34, 35, 36, 37, 38, 39, 40, 41, 42, 43, 44, 45, 46, 47, 48, 49, 50, 51, 52, 53, 54, 55, 56, 57, 58, 59, 60, 61, 62, 63, 64 ]:
 Order := 126886932185884164103433389335161480802865516174545192198801894375214704230400000000000000 > |
[ 6, 1, 15, 18, 20, 23, 4, 3, 2, 5, 7, 8, 33, 35, 37, 13, 38, 16, 12, 40, 17, 14, 34, 19, 9, 10, 11, 21, 22, 24, 51, 53, 55, 31, 56, 32, 52, 36, 29, 54, 39, 25, 26, 27, 28, 30, 41, 42, 44, 62, 46, 49, 64, 50, 48, 63, 43, 45, 47, 57, 58, 59, 61, 60 ],
[ 14, 22, 32, 20, 3, 35, 5, 36, 29, 8, 10, 38, 50, 13, 53, 54, 6, 40, 17, 15, 1, 16, 56, 21, 39, 12, 26, 2, 18, 28, 61, 31, 62, 63, 33, 34, 64, 23, 4, 37, 7, 41, 19, 43, 9, 45, 11, 47, 57, 49, 58, 60, 51, 52, 59, 55, 24, 25, 27, 30, 42, 44, 48, 46 ],
[ 28, 45, 10, 41, 11, 21, 47, 26, 58, 27, 59, 43, 22, 2, 5, 29, 24, 39, 57, 7, 30, 9, 17, 60, 61, 44, 62, 46, 25, 64, 36, 8, 14, 38, 1, 12, 20, 19, 42, 4, 48, 63, 49, 50, 51, 53, 55, 56, 54, 16, 32, 40, 3, 18, 35, 6, 52, 31, 33, 37, 34, 13, 23, 15 ]
],
[ PermutationGroup<64 |  
\[ 2, 3, 4, 5, 6, 7, 8, 9, 10, 11, 12, 13, 14, 15, 16, 17, 18, 19, 20, 21, 22, 23, 24, 25, 26, 27, 28, 29, 30, 31, 32, 33, 34, 35, 36, 37, 38, 39, 40, 41, 42, 43, 44, 45, 46, 47, 48, 49, 50, 51, 52, 53, 54, 55, 56, 57, 58, 59, 60, 61, 62, 63, 64, 1 ],
\[ 2, 1, 3, 4, 5, 6, 7, 8, 9, 10, 11, 12, 13, 14, 15, 16, 17, 18, 19, 20, 21, 22, 23, 24, 25, 26, 27, 28, 29, 30, 31, 32, 33, 34, 35, 36, 37, 38, 39, 40, 41, 42, 43, 44, 45, 46, 47, 48, 49, 50, 51, 52, 53, 54, 55, 56, 57, 58, 59, 60, 61, 62, 63, 64 ]:
 Order := 126886932185884164103433389335161480802865516174545192198801894375214704230400000000000000 > |
[ 6, 1, 15, 18, 20, 23, 4, 3, 2, 5, 7, 8, 33, 35, 37, 13, 38, 16, 12, 40, 17, 14, 34, 19, 9, 10, 11, 21, 22, 24, 51, 53, 55, 31, 56, 32, 52, 36, 29, 54, 39, 25, 26, 27, 28, 30, 41, 42, 44, 62, 46, 49, 64, 50, 48, 63, 43, 45, 47, 57, 58, 59, 61, 60 ],
[ 50, 54, 61, 53, 31, 62, 32, 63, 40, 34, 36, 56, 57, 49, 58, 60, 33, 64, 35, 51, 13, 52, 59, 14, 20, 23, 38, 16, 37, 22, 41, 42, 43, 47, 44, 48, 45, 55, 15, 46, 3, 5, 6, 17, 18, 29, 8, 10, 21, 24, 39, 28, 25, 30, 26, 27, 1, 4, 12, 2, 7, 19, 11, 9 ],
[ 60, 64, 47, 61, 48, 57, 63, 59, 53, 55, 56, 62, 28, 30, 41, 45, 49, 58, 50, 42, 52, 46, 43, 54, 32, 33, 35, 37, 51, 40, 10, 11, 21, 26, 24, 27, 39, 44, 31, 25, 34, 36, 13, 14, 15, 20, 23, 38, 22, 2, 5, 29, 7, 9, 17, 19, 16, 3, 6, 18, 8, 1, 12, 4 ]
]
];
s`SolvableDBMonodromyGroup := PermutationGroup<64 |  
\[ 2, 9, 8, 7, 10, 1, 11, 12, 25, 26, 27, 19, 16, 22, 3, 18, 21, 4, 24, 5, 28, 29, 6, 30, 42, 43, 44, 45, 39, 46, 34, 36, 13, 23, 14, 38, 15, 17, 41, 20, 47, 48, 57, 49, 58, 51, 59, 55, 52, 54, 31, 37, 32, 40, 33, 35, 60, 61, 62, 64, 63, 50, 56, 53 ],
\[ 14, 22, 32, 20, 3, 35, 5, 36, 29, 8, 10, 38, 50, 13, 53, 54, 6, 40, 17, 15, 1, 16, 56, 21, 39, 12, 26, 2, 18, 28, 61, 31, 62, 63, 33, 34, 64, 23, 4, 37, 7, 41, 19, 43, 9, 45, 11, 47, 57, 49, 58, 60, 51, 52, 59, 55, 24, 25, 27, 30, 42, 44, 48, 46 ],
\[ 17, 21, 20, 29, 4, 38, 39, 5, 28, 7, 41, 10, 35, 6, 40, 14, 12, 22, 26, 18, 19, 1, 36, 43, 45, 11, 47, 24, 2, 57, 53, 15, 56, 32, 23, 3, 54, 8, 9, 16, 25, 58, 27, 59, 30, 60, 42, 61, 62, 33, 64, 50, 37, 13, 63, 34, 44, 46, 48, 49, 51, 55, 31, 52 ] >;
s`SolvableDBAutomorphismGroup := PermutationGroup<64 |  
\[ 55, 33, 46, 52, 64, 48, 37, 51, 13, 53, 15, 31, 27, 59, 30, 44, 63, 49, 34, 60, 56, 62, 42, 23, 16, 32, 3, 35, 50, 6, 9, 45, 11, 25, 47, 58, 24, 61, 54, 57, 40, 18, 36, 8, 14, 1, 20, 4, 12, 26, 2, 19, 28, 43, 7, 41, 38, 22, 5, 17, 29, 10, 39, 21 ],
\[ 2, 9, 8, 7, 10, 1, 11, 12, 25, 26, 27, 19, 16, 22, 3, 18, 21, 4, 24, 5, 28, 29, 6, 30, 42, 43, 44, 45, 39, 46, 34, 36, 13, 23, 14, 38, 15, 17, 41, 20, 47, 48, 57, 49, 58, 51, 59, 55, 52, 54, 31, 37, 32, 40, 33, 35, 60, 61, 62, 64, 63, 50, 56, 53 ],
\[ 64, 53, 59, 63, 55, 60, 56, 62, 32, 33, 35, 50, 45, 46, 47, 58, 52, 61, 54, 48, 37, 51, 57, 40, 36, 13, 14, 15, 31, 20, 26, 27, 28, 43, 30, 44, 41, 49, 34, 42, 23, 38, 16, 22, 3, 5, 6, 17, 29, 9, 10, 39, 11, 25, 21, 24, 18, 8, 1, 4, 12, 2, 19, 7 ]:
 Order := 64 >;
s`SolvableDBPointedAutomorphismGroup := PermutationGroup<64 |  
\[ 46, 51, 27, 48, 59, 30, 55, 44, 31, 62, 33, 49, 9, 45, 11, 25, 60, 42, 52, 47, 64, 58, 24, 37, 34, 50, 13, 53, 61, 15, 12, 26, 2, 19, 28, 43, 7, 57, 63, 41, 56, 23, 54, 16, 32, 3, 35, 6, 18, 29, 8, 4, 10, 39, 1, 21, 40, 36, 14, 20, 38, 22, 17, 5 ],
\[ 6, 1, 15, 18, 20, 23, 4, 3, 2, 5, 7, 8, 33, 35, 37, 13, 38, 16, 12, 40, 17, 14, 34, 19, 9, 10, 11, 21, 22, 24, 51, 53, 55, 31, 56, 32, 52, 36, 29, 54, 39, 25, 26, 27, 28, 30, 41, 42, 44, 62, 46, 49, 64, 50, 48, 63, 43, 45, 47, 57, 58, 59, 61, 60 ]:
 Order := 32 >;
s`SolvableDBPathToPP1 := [ Strings() | "PP1", "2T1-2,1,2-g0-path1-computed", "4T1-4,1,4-g0-path1-notcomputed", "8T1-8,2,8-g2-path1-notcomputed", "16T1-16,4,16-g6-path1-notcomputed", "32S1-32,8,32-g14-path1-notcomputed", "64S50-32,8,32-g27-path1-notcomputed" ];
s`SolvableDBChild := "32S1-32,8,32-g14-path1-notcomputed";

/*
Return for eval
*/

return s;
