s := SolvableDBObjectInitialize();

/*
Basic Information about the Passport
*/

s`SolvableDBName := "64S6-8,8,2-g9-path43";
s`SolvableDBFilename := "64S6-8,8,2-g9-path43.m";
s`SolvableDBPathNumber := 43;
s`SolvableDBDegree := 64;
s`SolvableDBABC := \[ 8, 8, 2 ];
s`SolvableDBType := "Hyperbolic";
s`SolvableDBGenus := 9;
s`SolvableDBGaloisOrbitSize := 1;
s`SolvableDBPassportSize := 2;
s`SolvableDBPointedPassportSize := 2;
s`SolvableDBLevel := 6;
s`SolvableDBBlocks := {@ PowerSet(IntegerRing()) |
{ IntegerRing() | 1, 5 },
{ IntegerRing() | 2, 10 },
{ IntegerRing() | 3, 14 },
{ IntegerRing() | 4, 17 },
{ IntegerRing() | 6, 19 },
{ IntegerRing() | 7, 20 },
{ IntegerRing() | 8, 28 },
{ IntegerRing() | 9, 31 },
{ IntegerRing() | 11, 33 },
{ IntegerRing() | 12, 37 },
{ IntegerRing() | 13, 39 },
{ IntegerRing() | 15, 40 },
{ IntegerRing() | 16, 27 },
{ IntegerRing() | 18, 45 },
{ IntegerRing() | 21, 46 },
{ IntegerRing() | 22, 32 },
{ IntegerRing() | 23, 42 },
{ IntegerRing() | 24, 47 },
{ IntegerRing() | 25, 48 },
{ IntegerRing() | 26, 52 },
{ IntegerRing() | 29, 51 },
{ IntegerRing() | 30, 44 },
{ IntegerRing() | 34, 57 },
{ IntegerRing() | 35, 58 },
{ IntegerRing() | 36, 61 },
{ IntegerRing() | 38, 62 },
{ IntegerRing() | 41, 50 },
{ IntegerRing() | 43, 49 },
{ IntegerRing() | 53, 60 },
{ IntegerRing() | 54, 59 },
{ IntegerRing() | 55, 64 },
{ IntegerRing() | 56, 63 }
@};

/*
Permutations and Passports
*/

s`SolvableDBGaloisOrbit := [ PowerSequence(PermutationGroup<64 |  
\[ 2, 3, 4, 5, 6, 7, 8, 9, 10, 11, 12, 13, 14, 15, 16, 17, 18, 19, 20, 21, 22, 23, 24, 25, 26, 27, 28, 29, 30, 31, 32, 33, 34, 35, 36, 37, 38, 39, 40, 41, 42, 43, 44, 45, 46, 47, 48, 49, 50, 51, 52, 53, 54, 55, 56, 57, 58, 59, 60, 61, 62, 63, 64, 1 ],
\[ 2, 1, 3, 4, 5, 6, 7, 8, 9, 10, 11, 12, 13, 14, 15, 16, 17, 18, 19, 20, 21, 22, 23, 24, 25, 26, 27, 28, 29, 30, 31, 32, 33, 34, 35, 36, 37, 38, 39, 40, 41, 42, 43, 44, 45, 46, 47, 48, 49, 50, 51, 52, 53, 54, 55, 56, 57, 58, 59, 60, 61, 62, 63, 64 ]:
 Order := 126886932185884164103433389335161480802865516174545192198801894375214704230400000000000000 >) |
[ PermutationGroup<64 |  
\[ 2, 3, 4, 5, 6, 7, 8, 9, 10, 11, 12, 13, 14, 15, 16, 17, 18, 19, 20, 21, 22, 23, 24, 25, 26, 27, 28, 29, 30, 31, 32, 33, 34, 35, 36, 37, 38, 39, 40, 41, 42, 43, 44, 45, 46, 47, 48, 49, 50, 51, 52, 53, 54, 55, 56, 57, 58, 59, 60, 61, 62, 63, 64, 1 ],
\[ 2, 1, 3, 4, 5, 6, 7, 8, 9, 10, 11, 12, 13, 14, 15, 16, 17, 18, 19, 20, 21, 22, 23, 24, 25, 26, 27, 28, 29, 30, 31, 32, 33, 34, 35, 36, 37, 38, 39, 40, 41, 42, 43, 44, 45, 46, 47, 48, 49, 50, 51, 52, 53, 54, 55, 56, 57, 58, 59, 60, 61, 62, 63, 64 ]:
 Order := 126886932185884164103433389335161480802865516174545192198801894375214704230400000000000000 > |
[ 2, 8, 4, 16, 10, 1, 24, 26, 7, 28, 34, 13, 30, 17, 3, 33, 27, 25, 5, 47, 22, 31, 6, 51, 35, 53, 11, 52, 55, 45, 20, 9, 57, 59, 56, 21, 39, 12, 44, 14, 42, 19, 15, 18, 48, 32, 29, 58, 40, 23, 64, 60, 50, 43, 36, 62, 54, 63, 49, 41, 46, 37, 38, 61 ],
[ 3, 9, 12, 6, 14, 21, 1, 27, 13, 31, 2, 36, 15, 37, 41, 44, 19, 4, 46, 5, 38, 23, 49, 18, 7, 47, 30, 16, 8, 32, 39, 42, 10, 25, 11, 60, 61, 59, 40, 50, 55, 43, 56, 22, 17, 62, 45, 20, 63, 64, 28, 24, 57, 26, 35, 29, 48, 33, 52, 34, 53, 54, 51, 58 ],
[ 4, 7, 13, 1, 17, 22, 2, 11, 30, 20, 8, 21, 3, 39, 42, 18, 5, 16, 32, 10, 12, 6, 40, 25, 24, 29, 45, 33, 26, 9, 44, 19, 28, 35, 34, 41, 46, 49, 14, 23, 36, 15, 62, 31, 27, 37, 48, 47, 38, 61, 52, 51, 54, 53, 56, 55, 58, 57, 60, 59, 50, 43, 64, 63 ]
]
];
s`SolvableDBPassport := [ PowerSequence(PermutationGroup<64 |  
\[ 2, 8, 4, 16, 10, 1, 24, 26, 7, 28, 34, 13, 30, 17, 3, 33, 27, 25, 5, 47, 22, 31, 6, 51, 35, 53, 11, 52, 55, 45, 20, 9, 57, 59, 56, 21, 39, 12, 44, 14, 42, 19, 15, 18, 48, 32, 29, 58, 40, 23, 64, 60, 50, 43, 36, 62, 54, 63, 49, 41, 46, 37, 38, 61 ],
\[ 3, 9, 12, 6, 14, 21, 1, 27, 13, 31, 2, 36, 15, 37, 41, 44, 19, 4, 46, 5, 38, 23, 49, 18, 7, 47, 30, 16, 8, 32, 39, 42, 10, 25, 11, 60, 61, 59, 40, 50, 55, 43, 56, 22, 17, 62, 45, 20, 63, 64, 28, 24, 57, 26, 35, 29, 48, 33, 52, 34, 53, 54, 51, 58 ],
\[ 4, 7, 13, 1, 17, 22, 2, 11, 30, 20, 8, 21, 3, 39, 42, 18, 5, 16, 32, 10, 12, 6, 40, 25, 24, 29, 45, 33, 26, 9, 44, 19, 28, 35, 34, 41, 46, 49, 14, 23, 36, 15, 62, 31, 27, 37, 48, 47, 38, 61, 52, 51, 54, 53, 56, 55, 58, 57, 60, 59, 50, 43, 64, 63 ]:
 Order := 64 >) |
[ PermutationGroup<64 |  
\[ 2, 8, 4, 16, 10, 1, 24, 26, 7, 28, 34, 13, 30, 17, 3, 33, 27, 25, 5, 47, 22, 31, 6, 51, 35, 53, 11, 52, 55, 45, 20, 9, 57, 59, 56, 21, 39, 12, 44, 14, 42, 19, 15, 18, 48, 32, 29, 58, 40, 23, 64, 60, 50, 43, 36, 62, 54, 63, 49, 41, 46, 37, 38, 61 ],
\[ 3, 9, 12, 6, 14, 21, 1, 27, 13, 31, 2, 36, 15, 37, 41, 44, 19, 4, 46, 5, 38, 23, 49, 18, 7, 47, 30, 16, 8, 32, 39, 42, 10, 25, 11, 60, 61, 59, 40, 50, 55, 43, 56, 22, 17, 62, 45, 20, 63, 64, 28, 24, 57, 26, 35, 29, 48, 33, 52, 34, 53, 54, 51, 58 ],
\[ 4, 7, 13, 1, 17, 22, 2, 11, 30, 20, 8, 21, 3, 39, 42, 18, 5, 16, 32, 10, 12, 6, 40, 25, 24, 29, 45, 33, 26, 9, 44, 19, 28, 35, 34, 41, 46, 49, 14, 23, 36, 15, 62, 31, 27, 37, 48, 47, 38, 61, 52, 51, 54, 53, 56, 55, 58, 57, 60, 59, 50, 43, 64, 63 ]:
 Order := 64 > |
[ 2, 8, 4, 16, 10, 1, 24, 26, 7, 28, 34, 13, 30, 17, 3, 33, 27, 25, 5, 47, 22, 31, 6, 51, 35, 53, 11, 52, 55, 45, 20, 9, 57, 59, 56, 21, 39, 12, 44, 14, 42, 19, 15, 18, 48, 32, 29, 58, 40, 23, 64, 60, 50, 43, 36, 62, 54, 63, 49, 41, 46, 37, 38, 61 ],
[ 3, 9, 12, 6, 14, 21, 1, 27, 13, 31, 2, 36, 15, 37, 41, 44, 19, 4, 46, 5, 38, 23, 49, 18, 7, 47, 30, 16, 8, 32, 39, 42, 10, 25, 11, 60, 61, 59, 40, 50, 55, 43, 56, 22, 17, 62, 45, 20, 63, 64, 28, 24, 57, 26, 35, 29, 48, 33, 52, 34, 53, 54, 51, 58 ],
[ 4, 7, 13, 1, 17, 22, 2, 11, 30, 20, 8, 21, 3, 39, 42, 18, 5, 16, 32, 10, 12, 6, 40, 25, 24, 29, 45, 33, 26, 9, 44, 19, 28, 35, 34, 41, 46, 49, 14, 23, 36, 15, 62, 31, 27, 37, 48, 47, 38, 61, 52, 51, 54, 53, 56, 55, 58, 57, 60, 59, 50, 43, 64, 63 ]
],
[ PermutationGroup<64 |  
\[ 2, 8, 4, 16, 10, 1, 24, 26, 7, 28, 34, 13, 30, 17, 3, 33, 27, 25, 5, 47, 22, 31, 6, 51, 35, 53, 11, 52, 55, 45, 20, 9, 57, 59, 56, 21, 39, 12, 44, 14, 42, 19, 15, 18, 48, 32, 29, 58, 40, 23, 64, 60, 50, 43, 36, 62, 54, 63, 49, 41, 46, 37, 38, 61 ],
\[ 3, 9, 12, 6, 14, 21, 1, 27, 13, 31, 2, 36, 15, 37, 41, 44, 19, 4, 46, 5, 38, 23, 49, 18, 7, 47, 30, 16, 8, 32, 39, 42, 10, 25, 11, 60, 61, 59, 40, 50, 55, 43, 56, 22, 17, 62, 45, 20, 63, 64, 28, 24, 57, 26, 35, 29, 48, 33, 52, 34, 53, 54, 51, 58 ],
\[ 4, 7, 13, 1, 17, 22, 2, 11, 30, 20, 8, 21, 3, 39, 42, 18, 5, 16, 32, 10, 12, 6, 40, 25, 24, 29, 45, 33, 26, 9, 44, 19, 28, 35, 34, 41, 46, 49, 14, 23, 36, 15, 62, 31, 27, 37, 48, 47, 38, 61, 52, 51, 54, 53, 56, 55, 58, 57, 60, 59, 50, 43, 64, 63 ]:
 Order := 64 > |
[ 3, 9, 12, 6, 14, 21, 1, 27, 13, 31, 2, 36, 15, 37, 41, 44, 19, 4, 46, 5, 38, 23, 49, 18, 7, 47, 30, 16, 8, 32, 39, 42, 10, 25, 11, 60, 61, 59, 40, 50, 55, 43, 56, 22, 17, 62, 45, 20, 63, 64, 28, 24, 57, 26, 35, 29, 48, 33, 52, 34, 53, 54, 51, 58 ],
[ 2, 8, 4, 16, 10, 1, 24, 26, 7, 28, 34, 13, 30, 17, 3, 33, 27, 25, 5, 47, 22, 31, 6, 51, 35, 53, 11, 52, 55, 45, 20, 9, 57, 59, 56, 21, 39, 12, 44, 14, 42, 19, 15, 18, 48, 32, 29, 58, 40, 23, 64, 60, 50, 43, 36, 62, 54, 63, 49, 41, 46, 37, 38, 61 ],
[ 9, 27, 6, 44, 31, 3, 18, 47, 1, 16, 25, 15, 32, 19, 12, 10, 30, 7, 14, 45, 23, 39, 21, 28, 11, 57, 2, 24, 35, 17, 5, 13, 48, 52, 29, 38, 40, 36, 22, 37, 43, 46, 41, 4, 20, 42, 8, 33, 50, 49, 58, 34, 64, 56, 60, 54, 26, 51, 63, 55, 62, 61, 59, 53 ]
]
];
s`SolvableDBPointedPassport := [ PowerSequence(PermutationGroup<64 |  
\[ 2, 8, 4, 16, 10, 1, 24, 26, 7, 28, 34, 13, 30, 17, 3, 33, 27, 25, 5, 47, 22, 31, 6, 51, 35, 53, 11, 52, 55, 45, 20, 9, 57, 59, 56, 21, 39, 12, 44, 14, 42, 19, 15, 18, 48, 32, 29, 58, 40, 23, 64, 60, 50, 43, 36, 62, 54, 63, 49, 41, 46, 37, 38, 61 ],
\[ 3, 9, 12, 6, 14, 21, 1, 27, 13, 31, 2, 36, 15, 37, 41, 44, 19, 4, 46, 5, 38, 23, 49, 18, 7, 47, 30, 16, 8, 32, 39, 42, 10, 25, 11, 60, 61, 59, 40, 50, 55, 43, 56, 22, 17, 62, 45, 20, 63, 64, 28, 24, 57, 26, 35, 29, 48, 33, 52, 34, 53, 54, 51, 58 ],
\[ 4, 7, 13, 1, 17, 22, 2, 11, 30, 20, 8, 21, 3, 39, 42, 18, 5, 16, 32, 10, 12, 6, 40, 25, 24, 29, 45, 33, 26, 9, 44, 19, 28, 35, 34, 41, 46, 49, 14, 23, 36, 15, 62, 31, 27, 37, 48, 47, 38, 61, 52, 51, 54, 53, 56, 55, 58, 57, 60, 59, 50, 43, 64, 63 ]:
 Order := 64 >) |
[ PermutationGroup<64 |  
\[ 2, 8, 4, 16, 10, 1, 24, 26, 7, 28, 34, 13, 30, 17, 3, 33, 27, 25, 5, 47, 22, 31, 6, 51, 35, 53, 11, 52, 55, 45, 20, 9, 57, 59, 56, 21, 39, 12, 44, 14, 42, 19, 15, 18, 48, 32, 29, 58, 40, 23, 64, 60, 50, 43, 36, 62, 54, 63, 49, 41, 46, 37, 38, 61 ],
\[ 3, 9, 12, 6, 14, 21, 1, 27, 13, 31, 2, 36, 15, 37, 41, 44, 19, 4, 46, 5, 38, 23, 49, 18, 7, 47, 30, 16, 8, 32, 39, 42, 10, 25, 11, 60, 61, 59, 40, 50, 55, 43, 56, 22, 17, 62, 45, 20, 63, 64, 28, 24, 57, 26, 35, 29, 48, 33, 52, 34, 53, 54, 51, 58 ],
\[ 4, 7, 13, 1, 17, 22, 2, 11, 30, 20, 8, 21, 3, 39, 42, 18, 5, 16, 32, 10, 12, 6, 40, 25, 24, 29, 45, 33, 26, 9, 44, 19, 28, 35, 34, 41, 46, 49, 14, 23, 36, 15, 62, 31, 27, 37, 48, 47, 38, 61, 52, 51, 54, 53, 56, 55, 58, 57, 60, 59, 50, 43, 64, 63 ]:
 Order := 64 > |
[ 2, 8, 4, 16, 10, 1, 24, 26, 7, 28, 34, 13, 30, 17, 3, 33, 27, 25, 5, 47, 22, 31, 6, 51, 35, 53, 11, 52, 55, 45, 20, 9, 57, 59, 56, 21, 39, 12, 44, 14, 42, 19, 15, 18, 48, 32, 29, 58, 40, 23, 64, 60, 50, 43, 36, 62, 54, 63, 49, 41, 46, 37, 38, 61 ],
[ 22, 4, 42, 13, 32, 40, 30, 7, 19, 17, 45, 49, 21, 23, 62, 1, 39, 31, 15, 44, 41, 12, 61, 2, 16, 11, 5, 20, 48, 3, 6, 37, 18, 8, 24, 56, 43, 64, 46, 38, 59, 36, 53, 14, 9, 50, 10, 27, 60, 54, 25, 33, 29, 58, 26, 34, 28, 47, 35, 51, 63, 55, 57, 52 ],
[ 31, 16, 19, 30, 9, 14, 45, 24, 5, 27, 48, 40, 22, 6, 37, 2, 44, 20, 3, 18, 42, 13, 46, 8, 33, 34, 10, 47, 58, 4, 1, 39, 25, 26, 51, 62, 15, 61, 32, 12, 49, 21, 50, 17, 7, 23, 28, 11, 41, 43, 35, 57, 55, 63, 53, 59, 52, 29, 56, 64, 38, 36, 54, 60 ]
],
[ PermutationGroup<64 |  
\[ 2, 8, 4, 16, 10, 1, 24, 26, 7, 28, 34, 13, 30, 17, 3, 33, 27, 25, 5, 47, 22, 31, 6, 51, 35, 53, 11, 52, 55, 45, 20, 9, 57, 59, 56, 21, 39, 12, 44, 14, 42, 19, 15, 18, 48, 32, 29, 58, 40, 23, 64, 60, 50, 43, 36, 62, 54, 63, 49, 41, 46, 37, 38, 61 ],
\[ 3, 9, 12, 6, 14, 21, 1, 27, 13, 31, 2, 36, 15, 37, 41, 44, 19, 4, 46, 5, 38, 23, 49, 18, 7, 47, 30, 16, 8, 32, 39, 42, 10, 25, 11, 60, 61, 59, 40, 50, 55, 43, 56, 22, 17, 62, 45, 20, 63, 64, 28, 24, 57, 26, 35, 29, 48, 33, 52, 34, 53, 54, 51, 58 ],
\[ 4, 7, 13, 1, 17, 22, 2, 11, 30, 20, 8, 21, 3, 39, 42, 18, 5, 16, 32, 10, 12, 6, 40, 25, 24, 29, 45, 33, 26, 9, 44, 19, 28, 35, 34, 41, 46, 49, 14, 23, 36, 15, 62, 31, 27, 37, 48, 47, 38, 61, 52, 51, 54, 53, 56, 55, 58, 57, 60, 59, 50, 43, 64, 63 ]:
 Order := 64 > |
[ 14, 31, 37, 19, 3, 46, 5, 16, 39, 9, 10, 61, 40, 12, 50, 30, 6, 17, 21, 1, 62, 42, 43, 45, 20, 24, 44, 27, 28, 22, 13, 23, 2, 48, 33, 53, 36, 54, 15, 41, 64, 49, 63, 32, 4, 38, 18, 7, 56, 55, 8, 47, 34, 52, 58, 51, 25, 11, 26, 57, 60, 59, 29, 35 ],
[ 2, 8, 4, 16, 10, 1, 24, 26, 7, 28, 34, 13, 30, 17, 3, 33, 27, 25, 5, 47, 22, 31, 6, 51, 35, 53, 11, 52, 55, 45, 20, 9, 57, 59, 56, 21, 39, 12, 44, 14, 42, 19, 15, 18, 48, 32, 29, 58, 40, 23, 64, 60, 50, 43, 36, 62, 54, 63, 49, 41, 46, 37, 38, 61 ],
[ 31, 16, 19, 30, 9, 14, 45, 24, 5, 27, 48, 40, 22, 6, 37, 2, 44, 20, 3, 18, 42, 13, 46, 8, 33, 34, 10, 47, 58, 4, 1, 39, 25, 26, 51, 62, 15, 61, 32, 12, 49, 21, 50, 17, 7, 23, 28, 11, 41, 43, 35, 57, 55, 63, 53, 59, 52, 29, 56, 64, 38, 36, 54, 60 ]
]
];
s`SolvableDBMonodromyGroup := PermutationGroup<64 |  
\[ 2, 8, 4, 16, 10, 1, 24, 26, 7, 28, 34, 13, 30, 17, 3, 33, 27, 25, 5, 47, 22, 31, 6, 51, 35, 53, 11, 52, 55, 45, 20, 9, 57, 59, 56, 21, 39, 12, 44, 14, 42, 19, 15, 18, 48, 32, 29, 58, 40, 23, 64, 60, 50, 43, 36, 62, 54, 63, 49, 41, 46, 37, 38, 61 ],
\[ 3, 9, 12, 6, 14, 21, 1, 27, 13, 31, 2, 36, 15, 37, 41, 44, 19, 4, 46, 5, 38, 23, 49, 18, 7, 47, 30, 16, 8, 32, 39, 42, 10, 25, 11, 60, 61, 59, 40, 50, 55, 43, 56, 22, 17, 62, 45, 20, 63, 64, 28, 24, 57, 26, 35, 29, 48, 33, 52, 34, 53, 54, 51, 58 ],
\[ 4, 7, 13, 1, 17, 22, 2, 11, 30, 20, 8, 21, 3, 39, 42, 18, 5, 16, 32, 10, 12, 6, 40, 25, 24, 29, 45, 33, 26, 9, 44, 19, 28, 35, 34, 41, 46, 49, 14, 23, 36, 15, 62, 31, 27, 37, 48, 47, 38, 61, 52, 51, 54, 53, 56, 55, 58, 57, 60, 59, 50, 43, 64, 63 ] >;
s`SolvableDBAutomorphismGroup := PermutationGroup<64 |  
\[ 53, 50, 57, 54, 60, 26, 61, 23, 64, 41, 40, 48, 58, 34, 33, 43, 59, 62, 52, 36, 47, 29, 8, 46, 37, 6, 49, 42, 22, 63, 55, 51, 15, 14, 39, 20, 25, 45, 35, 11, 10, 28, 16, 56, 38, 24, 21, 12, 27, 2, 32, 19, 1, 4, 31, 44, 3, 13, 17, 5, 7, 18, 30, 9 ],
\[ 2, 8, 9, 7, 10, 1, 11, 26, 27, 28, 29, 13, 30, 31, 32, 24, 20, 25, 5, 33, 3, 4, 6, 34, 35, 53, 47, 52, 54, 45, 16, 17, 51, 55, 56, 15, 39, 12, 44, 22, 42, 19, 46, 18, 48, 14, 57, 58, 21, 23, 59, 60, 50, 61, 43, 62, 64, 63, 36, 41, 40, 37, 38, 49 ],
\[ 64, 61, 58, 63, 55, 51, 50, 46, 53, 36, 37, 33, 57, 35, 48, 38, 56, 49, 29, 41, 28, 52, 24, 23, 40, 32, 62, 21, 19, 54, 60, 26, 12, 39, 14, 10, 11, 16, 34, 25, 20, 47, 45, 59, 43, 8, 42, 15, 18, 7, 6, 22, 9, 30, 5, 17, 13, 3, 44, 31, 2, 27, 4, 1 ]:
 Order := 64 >;
s`SolvableDBPointedAutomorphismGroup := PermutationGroup<64 |  
\[ 53, 50, 57, 54, 60, 26, 61, 23, 64, 41, 40, 48, 58, 34, 33, 43, 59, 62, 52, 36, 47, 29, 8, 46, 37, 6, 49, 42, 22, 63, 55, 51, 15, 14, 39, 20, 25, 45, 35, 11, 10, 28, 16, 56, 38, 24, 21, 12, 27, 2, 32, 19, 1, 4, 31, 44, 3, 13, 17, 5, 7, 18, 30, 9 ],
\[ 6, 1, 21, 22, 19, 23, 4, 2, 3, 5, 7, 38, 12, 46, 36, 31, 32, 44, 42, 17, 49, 40, 50, 16, 18, 8, 9, 10, 11, 13, 14, 15, 20, 24, 25, 59, 62, 63, 37, 61, 60, 41, 55, 39, 30, 43, 27, 45, 64, 53, 33, 28, 26, 29, 34, 35, 47, 48, 51, 52, 54, 56, 58, 57 ]:
 Order := 8 >;

/*
Top Level Belyi Curve/Map
*/


/*
Graph Data
*/

s`SolvableDBPathToPP1 := [ Strings() | "PP1", "2T1-2,2,1-g0-path1", "4T1-4,4,1-g0-path1", "8T2-4,4,2-g1-path1", "16T6-8,8,2-g3-path1", "32S5-8,8,2-g5-path19", "64S6-8,8,2-g9-path43" ];
s`SolvableDBChildren := [ Strings() | "32S5-8,8,2-g5-path19" ];

/*
Return for eval
*/

return s;
