s := SolvableDBObjectInitialize();

/*
Basic Information about the Passport
*/

s`SolvableDBName := "64S6-2,8,8-g9-path39";
s`SolvableDBFilename := "64S6-2,8,8-g9-path39.m";
s`SolvableDBPathNumber := 39;
s`SolvableDBDegree := 64;
s`SolvableDBABC := \[ 2, 8, 8 ];
s`SolvableDBType := "Hyperbolic";
s`SolvableDBGenus := 9;
s`SolvableDBGaloisOrbitSize := 1;
s`SolvableDBPassportSize := 2;
s`SolvableDBPointedPassportSize := 2;
s`SolvableDBLevel := 6;
s`SolvableDBBlocks := {@ PowerSet(IntegerRing()) |
{ IntegerRing() | 1, 5 },
{ IntegerRing() | 2, 9 },
{ IntegerRing() | 3, 13 },
{ IntegerRing() | 4, 17 },
{ IntegerRing() | 6, 19 },
{ IntegerRing() | 7, 20 },
{ IntegerRing() | 8, 28 },
{ IntegerRing() | 10, 30 },
{ IntegerRing() | 11, 29 },
{ IntegerRing() | 12, 34 },
{ IntegerRing() | 14, 26 },
{ IntegerRing() | 15, 38 },
{ IntegerRing() | 16, 40 },
{ IntegerRing() | 18, 42 },
{ IntegerRing() | 21, 35 },
{ IntegerRing() | 22, 46 },
{ IntegerRing() | 23, 43 },
{ IntegerRing() | 24, 47 },
{ IntegerRing() | 25, 48 },
{ IntegerRing() | 27, 33 },
{ IntegerRing() | 31, 52 },
{ IntegerRing() | 32, 51 },
{ IntegerRing() | 36, 53 },
{ IntegerRing() | 37, 54 },
{ IntegerRing() | 39, 61 },
{ IntegerRing() | 41, 62 },
{ IntegerRing() | 44, 50 },
{ IntegerRing() | 45, 49 },
{ IntegerRing() | 55, 60 },
{ IntegerRing() | 56, 59 },
{ IntegerRing() | 57, 64 },
{ IntegerRing() | 58, 63 }
@};

/*
Permutations and Passports
*/

s`SolvableDBGaloisOrbit := [ PowerSequence(PermutationGroup<64 |  
\[ 2, 3, 4, 5, 6, 7, 8, 9, 10, 11, 12, 13, 14, 15, 16, 17, 18, 19, 20, 21, 22, 23, 24, 25, 26, 27, 28, 29, 30, 31, 32, 33, 34, 35, 36, 37, 38, 39, 40, 41, 42, 43, 44, 45, 46, 47, 48, 49, 50, 51, 52, 53, 54, 55, 56, 57, 58, 59, 60, 61, 62, 63, 64, 1 ],
\[ 2, 1, 3, 4, 5, 6, 7, 8, 9, 10, 11, 12, 13, 14, 15, 16, 17, 18, 19, 20, 21, 22, 23, 24, 25, 26, 27, 28, 29, 30, 31, 32, 33, 34, 35, 36, 37, 38, 39, 40, 41, 42, 43, 44, 45, 46, 47, 48, 49, 50, 51, 52, 53, 54, 55, 56, 57, 58, 59, 60, 61, 62, 63, 64 ]:
 Order := 126886932185884164103433389335161480802865516174545192198801894375214704230400000000000000 >) |
[ PermutationGroup<64 |  
\[ 2, 3, 4, 5, 6, 7, 8, 9, 10, 11, 12, 13, 14, 15, 16, 17, 18, 19, 20, 21, 22, 23, 24, 25, 26, 27, 28, 29, 30, 31, 32, 33, 34, 35, 36, 37, 38, 39, 40, 41, 42, 43, 44, 45, 46, 47, 48, 49, 50, 51, 52, 53, 54, 55, 56, 57, 58, 59, 60, 61, 62, 63, 64, 1 ],
\[ 2, 1, 3, 4, 5, 6, 7, 8, 9, 10, 11, 12, 13, 14, 15, 16, 17, 18, 19, 20, 21, 22, 23, 24, 25, 26, 27, 28, 29, 30, 31, 32, 33, 34, 35, 36, 37, 38, 39, 40, 41, 42, 43, 44, 45, 46, 47, 48, 49, 50, 51, 52, 53, 54, 55, 56, 57, 58, 59, 60, 61, 62, 63, 64 ]:
 Order := 126886932185884164103433389335161480802865516174545192198801894375214704230400000000000000 > |
[ 2, 1, 7, 15, 9, 21, 3, 10, 5, 8, 14, 33, 20, 11, 4, 22, 38, 43, 35, 13, 6, 16, 42, 25, 24, 29, 34, 30, 26, 28, 32, 31, 12, 27, 19, 37, 36, 17, 44, 46, 49, 23, 18, 39, 62, 40, 48, 47, 41, 61, 52, 51, 54, 53, 56, 55, 58, 57, 60, 59, 50, 45, 64, 63 ],
[ 3, 8, 11, 2, 13, 1, 24, 26, 28, 25, 31, 7, 29, 36, 33, 15, 9, 4, 5, 47, 34, 21, 6, 51, 37, 53, 10, 14, 52, 48, 55, 57, 30, 20, 12, 59, 58, 27, 22, 38, 16, 17, 19, 43, 18, 35, 32, 54, 42, 23, 64, 60, 56, 63, 50, 45, 39, 62, 49, 44, 46, 40, 41, 61 ],
[ 4, 6, 12, 16, 17, 22, 1, 27, 19, 2, 28, 15, 34, 3, 18, 39, 40, 44, 46, 5, 23, 41, 49, 10, 7, 13, 21, 33, 8, 9, 47, 11, 35, 38, 43, 25, 14, 42, 60, 61, 59, 50, 45, 57, 58, 62, 30, 20, 63, 64, 29, 24, 48, 26, 53, 31, 37, 32, 52, 36, 55, 56, 51, 54 ]
]
];
s`SolvableDBPassport := [ PowerSequence(PermutationGroup<64 |  
\[ 2, 1, 7, 15, 9, 21, 3, 10, 5, 8, 14, 33, 20, 11, 4, 22, 38, 43, 35, 13, 6, 16, 42, 25, 24, 29, 34, 30, 26, 28, 32, 31, 12, 27, 19, 37, 36, 17, 44, 46, 49, 23, 18, 39, 62, 40, 48, 47, 41, 61, 52, 51, 54, 53, 56, 55, 58, 57, 60, 59, 50, 45, 64, 63 ],
\[ 3, 8, 11, 2, 13, 1, 24, 26, 28, 25, 31, 7, 29, 36, 33, 15, 9, 4, 5, 47, 34, 21, 6, 51, 37, 53, 10, 14, 52, 48, 55, 57, 30, 20, 12, 59, 58, 27, 22, 38, 16, 17, 19, 43, 18, 35, 32, 54, 42, 23, 64, 60, 56, 63, 50, 45, 39, 62, 49, 44, 46, 40, 41, 61 ],
\[ 4, 6, 12, 16, 17, 22, 1, 27, 19, 2, 28, 15, 34, 3, 18, 39, 40, 44, 46, 5, 23, 41, 49, 10, 7, 13, 21, 33, 8, 9, 47, 11, 35, 38, 43, 25, 14, 42, 60, 61, 59, 50, 45, 57, 58, 62, 30, 20, 63, 64, 29, 24, 48, 26, 53, 31, 37, 32, 52, 36, 55, 56, 51, 54 ]:
 Order := 64 >) |
[ PermutationGroup<64 |  
\[ 2, 1, 7, 15, 9, 21, 3, 10, 5, 8, 14, 33, 20, 11, 4, 22, 38, 43, 35, 13, 6, 16, 42, 25, 24, 29, 34, 30, 26, 28, 32, 31, 12, 27, 19, 37, 36, 17, 44, 46, 49, 23, 18, 39, 62, 40, 48, 47, 41, 61, 52, 51, 54, 53, 56, 55, 58, 57, 60, 59, 50, 45, 64, 63 ],
\[ 3, 8, 11, 2, 13, 1, 24, 26, 28, 25, 31, 7, 29, 36, 33, 15, 9, 4, 5, 47, 34, 21, 6, 51, 37, 53, 10, 14, 52, 48, 55, 57, 30, 20, 12, 59, 58, 27, 22, 38, 16, 17, 19, 43, 18, 35, 32, 54, 42, 23, 64, 60, 56, 63, 50, 45, 39, 62, 49, 44, 46, 40, 41, 61 ],
\[ 4, 6, 12, 16, 17, 22, 1, 27, 19, 2, 28, 15, 34, 3, 18, 39, 40, 44, 46, 5, 23, 41, 49, 10, 7, 13, 21, 33, 8, 9, 47, 11, 35, 38, 43, 25, 14, 42, 60, 61, 59, 50, 45, 57, 58, 62, 30, 20, 63, 64, 29, 24, 48, 26, 53, 31, 37, 32, 52, 36, 55, 56, 51, 54 ]:
 Order := 64 > |
[ 2, 1, 7, 15, 9, 21, 3, 10, 5, 8, 14, 33, 20, 11, 4, 22, 38, 43, 35, 13, 6, 16, 42, 25, 24, 29, 34, 30, 26, 28, 32, 31, 12, 27, 19, 37, 36, 17, 44, 46, 49, 23, 18, 39, 62, 40, 48, 47, 41, 61, 52, 51, 54, 53, 56, 55, 58, 57, 60, 59, 50, 45, 64, 63 ],
[ 3, 8, 11, 2, 13, 1, 24, 26, 28, 25, 31, 7, 29, 36, 33, 15, 9, 4, 5, 47, 34, 21, 6, 51, 37, 53, 10, 14, 52, 48, 55, 57, 30, 20, 12, 59, 58, 27, 22, 38, 16, 17, 19, 43, 18, 35, 32, 54, 42, 23, 64, 60, 56, 63, 50, 45, 39, 62, 49, 44, 46, 40, 41, 61 ],
[ 4, 6, 12, 16, 17, 22, 1, 27, 19, 2, 28, 15, 34, 3, 18, 39, 40, 44, 46, 5, 23, 41, 49, 10, 7, 13, 21, 33, 8, 9, 47, 11, 35, 38, 43, 25, 14, 42, 60, 61, 59, 50, 45, 57, 58, 62, 30, 20, 63, 64, 29, 24, 48, 26, 53, 31, 37, 32, 52, 36, 55, 56, 51, 54 ]
],
[ PermutationGroup<64 |  
\[ 2, 1, 7, 15, 9, 21, 3, 10, 5, 8, 14, 33, 20, 11, 4, 22, 38, 43, 35, 13, 6, 16, 42, 25, 24, 29, 34, 30, 26, 28, 32, 31, 12, 27, 19, 37, 36, 17, 44, 46, 49, 23, 18, 39, 62, 40, 48, 47, 41, 61, 52, 51, 54, 53, 56, 55, 58, 57, 60, 59, 50, 45, 64, 63 ],
\[ 3, 8, 11, 2, 13, 1, 24, 26, 28, 25, 31, 7, 29, 36, 33, 15, 9, 4, 5, 47, 34, 21, 6, 51, 37, 53, 10, 14, 52, 48, 55, 57, 30, 20, 12, 59, 58, 27, 22, 38, 16, 17, 19, 43, 18, 35, 32, 54, 42, 23, 64, 60, 56, 63, 50, 45, 39, 62, 49, 44, 46, 40, 41, 61 ],
\[ 4, 6, 12, 16, 17, 22, 1, 27, 19, 2, 28, 15, 34, 3, 18, 39, 40, 44, 46, 5, 23, 41, 49, 10, 7, 13, 21, 33, 8, 9, 47, 11, 35, 38, 43, 25, 14, 42, 60, 61, 59, 50, 45, 57, 58, 62, 30, 20, 63, 64, 29, 24, 48, 26, 53, 31, 37, 32, 52, 36, 55, 56, 51, 54 ]:
 Order := 64 > |
[ 12, 27, 28, 6, 34, 4, 10, 13, 33, 7, 47, 1, 8, 25, 35, 18, 19, 16, 17, 30, 38, 23, 22, 29, 14, 48, 2, 3, 24, 20, 53, 37, 9, 5, 15, 52, 32, 21, 41, 42, 39, 40, 46, 45, 44, 43, 11, 26, 50, 49, 54, 36, 31, 51, 64, 58, 60, 56, 63, 57, 62, 61, 59, 55 ],
[ 4, 6, 12, 16, 17, 22, 1, 27, 19, 2, 28, 15, 34, 3, 18, 39, 40, 44, 46, 5, 23, 41, 49, 10, 7, 13, 21, 33, 8, 9, 47, 11, 35, 38, 43, 25, 14, 42, 60, 61, 59, 50, 45, 57, 58, 62, 30, 20, 63, 64, 29, 24, 48, 26, 53, 31, 37, 32, 52, 36, 55, 56, 51, 54 ],
[ 3, 8, 11, 2, 13, 1, 24, 26, 28, 25, 31, 7, 29, 36, 33, 15, 9, 4, 5, 47, 34, 21, 6, 51, 37, 53, 10, 14, 52, 48, 55, 57, 30, 20, 12, 59, 58, 27, 22, 38, 16, 17, 19, 43, 18, 35, 32, 54, 42, 23, 64, 60, 56, 63, 50, 45, 39, 62, 49, 44, 46, 40, 41, 61 ]
]
];
s`SolvableDBPointedPassport := [ PowerSequence(PermutationGroup<64 |  
\[ 2, 1, 7, 15, 9, 21, 3, 10, 5, 8, 14, 33, 20, 11, 4, 22, 38, 43, 35, 13, 6, 16, 42, 25, 24, 29, 34, 30, 26, 28, 32, 31, 12, 27, 19, 37, 36, 17, 44, 46, 49, 23, 18, 39, 62, 40, 48, 47, 41, 61, 52, 51, 54, 53, 56, 55, 58, 57, 60, 59, 50, 45, 64, 63 ],
\[ 3, 8, 11, 2, 13, 1, 24, 26, 28, 25, 31, 7, 29, 36, 33, 15, 9, 4, 5, 47, 34, 21, 6, 51, 37, 53, 10, 14, 52, 48, 55, 57, 30, 20, 12, 59, 58, 27, 22, 38, 16, 17, 19, 43, 18, 35, 32, 54, 42, 23, 64, 60, 56, 63, 50, 45, 39, 62, 49, 44, 46, 40, 41, 61 ],
\[ 4, 6, 12, 16, 17, 22, 1, 27, 19, 2, 28, 15, 34, 3, 18, 39, 40, 44, 46, 5, 23, 41, 49, 10, 7, 13, 21, 33, 8, 9, 47, 11, 35, 38, 43, 25, 14, 42, 60, 61, 59, 50, 45, 57, 58, 62, 30, 20, 63, 64, 29, 24, 48, 26, 53, 31, 37, 32, 52, 36, 55, 56, 51, 54 ]:
 Order := 64 >) |
[ PermutationGroup<64 |  
\[ 2, 1, 7, 15, 9, 21, 3, 10, 5, 8, 14, 33, 20, 11, 4, 22, 38, 43, 35, 13, 6, 16, 42, 25, 24, 29, 34, 30, 26, 28, 32, 31, 12, 27, 19, 37, 36, 17, 44, 46, 49, 23, 18, 39, 62, 40, 48, 47, 41, 61, 52, 51, 54, 53, 56, 55, 58, 57, 60, 59, 50, 45, 64, 63 ],
\[ 3, 8, 11, 2, 13, 1, 24, 26, 28, 25, 31, 7, 29, 36, 33, 15, 9, 4, 5, 47, 34, 21, 6, 51, 37, 53, 10, 14, 52, 48, 55, 57, 30, 20, 12, 59, 58, 27, 22, 38, 16, 17, 19, 43, 18, 35, 32, 54, 42, 23, 64, 60, 56, 63, 50, 45, 39, 62, 49, 44, 46, 40, 41, 61 ],
\[ 4, 6, 12, 16, 17, 22, 1, 27, 19, 2, 28, 15, 34, 3, 18, 39, 40, 44, 46, 5, 23, 41, 49, 10, 7, 13, 21, 33, 8, 9, 47, 11, 35, 38, 43, 25, 14, 42, 60, 61, 59, 50, 45, 57, 58, 62, 30, 20, 63, 64, 29, 24, 48, 26, 53, 31, 37, 32, 52, 36, 55, 56, 51, 54 ]:
 Order := 64 > |
[ 10, 7, 25, 12, 30, 27, 14, 24, 20, 29, 37, 28, 48, 32, 1, 6, 34, 35, 33, 26, 2, 4, 38, 36, 52, 51, 13, 47, 54, 11, 58, 56, 3, 8, 9, 57, 60, 5, 18, 19, 23, 21, 15, 16, 46, 17, 53, 31, 22, 40, 59, 63, 64, 55, 62, 61, 45, 44, 39, 41, 42, 43, 50, 49 ],
[ 21, 15, 2, 43, 35, 42, 33, 1, 38, 34, 7, 19, 9, 30, 22, 49, 23, 62, 18, 27, 16, 44, 61, 3, 8, 10, 17, 5, 20, 12, 14, 48, 4, 6, 40, 11, 24, 46, 58, 45, 64, 41, 39, 59, 55, 50, 13, 28, 60, 56, 25, 26, 29, 47, 32, 54, 31, 36, 37, 51, 63, 57, 53, 52 ],
[ 2, 1, 7, 15, 9, 21, 3, 10, 5, 8, 14, 33, 20, 11, 4, 22, 38, 43, 35, 13, 6, 16, 42, 25, 24, 29, 34, 30, 26, 28, 32, 31, 12, 27, 19, 37, 36, 17, 44, 46, 49, 23, 18, 39, 62, 40, 48, 47, 41, 61, 52, 51, 54, 53, 56, 55, 58, 57, 60, 59, 50, 45, 64, 63 ]
],
[ PermutationGroup<64 |  
\[ 2, 1, 7, 15, 9, 21, 3, 10, 5, 8, 14, 33, 20, 11, 4, 22, 38, 43, 35, 13, 6, 16, 42, 25, 24, 29, 34, 30, 26, 28, 32, 31, 12, 27, 19, 37, 36, 17, 44, 46, 49, 23, 18, 39, 62, 40, 48, 47, 41, 61, 52, 51, 54, 53, 56, 55, 58, 57, 60, 59, 50, 45, 64, 63 ],
\[ 3, 8, 11, 2, 13, 1, 24, 26, 28, 25, 31, 7, 29, 36, 33, 15, 9, 4, 5, 47, 34, 21, 6, 51, 37, 53, 10, 14, 52, 48, 55, 57, 30, 20, 12, 59, 58, 27, 22, 38, 16, 17, 19, 43, 18, 35, 32, 54, 42, 23, 64, 60, 56, 63, 50, 45, 39, 62, 49, 44, 46, 40, 41, 61 ],
\[ 4, 6, 12, 16, 17, 22, 1, 27, 19, 2, 28, 15, 34, 3, 18, 39, 40, 44, 46, 5, 23, 41, 49, 10, 7, 13, 21, 33, 8, 9, 47, 11, 35, 38, 43, 25, 14, 42, 60, 61, 59, 50, 45, 57, 58, 62, 30, 20, 63, 64, 29, 24, 48, 26, 53, 31, 37, 32, 52, 36, 55, 56, 51, 54 ]:
 Order := 64 > |
[ 35, 38, 9, 23, 21, 18, 27, 5, 15, 12, 20, 6, 2, 10, 46, 45, 43, 41, 42, 33, 40, 50, 39, 13, 28, 30, 4, 1, 7, 34, 26, 25, 17, 19, 16, 29, 47, 22, 63, 49, 57, 62, 61, 56, 60, 44, 3, 8, 55, 59, 48, 14, 11, 24, 51, 37, 52, 53, 54, 32, 58, 64, 36, 31 ],
[ 3, 8, 11, 2, 13, 1, 24, 26, 28, 25, 31, 7, 29, 36, 33, 15, 9, 4, 5, 47, 34, 21, 6, 51, 37, 53, 10, 14, 52, 48, 55, 57, 30, 20, 12, 59, 58, 27, 22, 38, 16, 17, 19, 43, 18, 35, 32, 54, 42, 23, 64, 60, 56, 63, 50, 45, 39, 62, 49, 44, 46, 40, 41, 61 ],
[ 9, 5, 20, 38, 2, 35, 13, 30, 1, 28, 26, 27, 7, 29, 17, 46, 15, 23, 21, 3, 19, 40, 18, 48, 47, 11, 12, 10, 14, 8, 51, 52, 34, 33, 6, 54, 53, 4, 50, 22, 45, 43, 42, 61, 41, 16, 25, 24, 62, 39, 31, 32, 37, 36, 59, 60, 63, 64, 55, 56, 44, 49, 57, 58 ]
]
];
s`SolvableDBMonodromyGroup := PermutationGroup<64 |  
\[ 2, 1, 7, 15, 9, 21, 3, 10, 5, 8, 14, 33, 20, 11, 4, 22, 38, 43, 35, 13, 6, 16, 42, 25, 24, 29, 34, 30, 26, 28, 32, 31, 12, 27, 19, 37, 36, 17, 44, 46, 49, 23, 18, 39, 62, 40, 48, 47, 41, 61, 52, 51, 54, 53, 56, 55, 58, 57, 60, 59, 50, 45, 64, 63 ],
\[ 3, 8, 11, 2, 13, 1, 24, 26, 28, 25, 31, 7, 29, 36, 33, 15, 9, 4, 5, 47, 34, 21, 6, 51, 37, 53, 10, 14, 52, 48, 55, 57, 30, 20, 12, 59, 58, 27, 22, 38, 16, 17, 19, 43, 18, 35, 32, 54, 42, 23, 64, 60, 56, 63, 50, 45, 39, 62, 49, 44, 46, 40, 41, 61 ],
\[ 4, 6, 12, 16, 17, 22, 1, 27, 19, 2, 28, 15, 34, 3, 18, 39, 40, 44, 46, 5, 23, 41, 49, 10, 7, 13, 21, 33, 8, 9, 47, 11, 35, 38, 43, 25, 14, 42, 60, 61, 59, 50, 45, 57, 58, 62, 30, 20, 63, 64, 29, 24, 48, 26, 53, 31, 37, 32, 52, 36, 55, 56, 51, 54 ] >;
s`SolvableDBAutomorphismGroup := PermutationGroup<64 |  
\[ 55, 56, 50, 53, 60, 31, 61, 45, 59, 62, 23, 64, 44, 42, 54, 48, 36, 26, 52, 39, 32, 47, 11, 46, 40, 18, 58, 49, 43, 41, 6, 21, 63, 57, 51, 17, 38, 37, 20, 25, 30, 14, 29, 13, 8, 24, 22, 16, 28, 3, 35, 19, 4, 15, 1, 2, 34, 27, 9, 5, 7, 10, 33, 12 ],
\[ 50, 61, 23, 64, 44, 55, 42, 46, 39, 40, 6, 49, 43, 21, 63, 54, 57, 51, 60, 18, 56, 53, 31, 17, 38, 35, 62, 22, 19, 16, 1, 2, 41, 45, 59, 34, 27, 58, 26, 37, 48, 32, 52, 29, 24, 36, 4, 15, 47, 11, 9, 5, 12, 33, 3, 7, 8, 10, 20, 13, 14, 25, 30, 28 ],
\[ 61, 50, 46, 55, 39, 64, 40, 23, 44, 42, 35, 62, 22, 19, 56, 53, 60, 31, 57, 16, 63, 54, 51, 38, 17, 6, 49, 43, 21, 18, 12, 33, 45, 41, 58, 5, 9, 59, 48, 36, 26, 52, 32, 47, 11, 37, 15, 4, 29, 24, 27, 34, 1, 2, 7, 3, 30, 28, 13, 20, 25, 14, 8, 10 ]:
 Order := 64 >;
s`SolvableDBPointedAutomorphismGroup := PermutationGroup<64 |  
\[ 2, 1, 8, 6, 9, 4, 10, 3, 5, 7, 26, 27, 28, 29, 21, 22, 19, 23, 17, 30, 15, 16, 18, 25, 24, 11, 12, 13, 14, 20, 53, 54, 34, 33, 38, 52, 51, 35, 41, 46, 39, 43, 42, 49, 50, 40, 48, 47, 44, 45, 37, 36, 31, 32, 56, 55, 63, 64, 60, 59, 62, 61, 57, 58 ]:
 Order := 2 >;

/*
Top Level Belyi Curve/Map
*/


/*
Graph Data
*/

s`SolvableDBPathToPP1 := [ Strings() | "PP1", "2T1-2,1,2-g0-path1", "4T2-2,2,2-g0-path2", "8T2-2,4,4-g1-path4", "16T5-2,8,8-g3-path6", "32S5-2,8,8-g5-path17", "64S6-2,8,8-g9-path39" ];
s`SolvableDBChildren := [ Strings() | "32S5-2,8,8-g5-path17" ];

/*
Return for eval
*/

return s;
