s := SolvableDBInitialize();

/*
Magma printing
*/

s`SolvableDBName := "64S7-4,8,8-g17-path19";
s`SolvableDBFilename := "64S7-4,8,8-g17-path19.m";
s`SolvableDBPassportName := "64S7-4,8,8-g17";
s`SolvableDBPathNumber := 19;
s`SolvableDBDegree := 64;
s`SolvableDBOrders := \[ 4, 8, 8 ];
s`SolvableDBType := "Hyperbolic";
s`SolvableDBGenus := 17;
s`SolvableDBGaloisOrbitSize := 1;
s`SolvableDBPassportSize := 4;
s`SolvableDBPointedPassportSize := 4;
s`SolvableDBLevel := 6;
s`SolvableDBBlocks := {@ PowerSet(IntegerRing()) |
{ IntegerRing() | 1, 5 },
{ IntegerRing() | 2, 6 },
{ IntegerRing() | 3, 15 },
{ IntegerRing() | 4, 19 },
{ IntegerRing() | 7, 10 },
{ IntegerRing() | 8, 12 },
{ IntegerRing() | 9, 22 },
{ IntegerRing() | 11, 23 },
{ IntegerRing() | 13, 32 },
{ IntegerRing() | 14, 29 },
{ IntegerRing() | 16, 38 },
{ IntegerRing() | 17, 20 },
{ IntegerRing() | 18, 45 },
{ IntegerRing() | 21, 43 },
{ IntegerRing() | 24, 26 },
{ IntegerRing() | 25, 33 },
{ IntegerRing() | 27, 34 },
{ IntegerRing() | 28, 37 },
{ IntegerRing() | 30, 35 },
{ IntegerRing() | 31, 36 },
{ IntegerRing() | 39, 53 },
{ IntegerRing() | 40, 51 },
{ IntegerRing() | 41, 52 },
{ IntegerRing() | 42, 56 },
{ IntegerRing() | 44, 49 },
{ IntegerRing() | 46, 54 },
{ IntegerRing() | 47, 55 },
{ IntegerRing() | 48, 50 },
{ IntegerRing() | 57, 63 },
{ IntegerRing() | 58, 61 },
{ IntegerRing() | 59, 62 },
{ IntegerRing() | 60, 64 }
@};
s`SolvableDBIsRamifiedAtEveryLevel := true;
s`SolvableDBGaloisOrbit := [ PowerSequence(PermutationGroup<64 |  
\[ 2, 3, 4, 5, 6, 7, 8, 9, 10, 11, 12, 13, 14, 15, 16, 17, 18, 19, 20, 21, 22, 23, 24, 25, 26, 27, 28, 29, 30, 31, 32, 33, 34, 35, 36, 37, 38, 39, 40, 41, 42, 43, 44, 45, 46, 47, 48, 49, 50, 51, 52, 53, 54, 55, 56, 57, 58, 59, 60, 61, 62, 63, 64, 1 ],
\[ 2, 1, 3, 4, 5, 6, 7, 8, 9, 10, 11, 12, 13, 14, 15, 16, 17, 18, 19, 20, 21, 22, 23, 24, 25, 26, 27, 28, 29, 30, 31, 32, 33, 34, 35, 36, 37, 38, 39, 40, 41, 42, 43, 44, 45, 46, 47, 48, 49, 50, 51, 52, 53, 54, 55, 56, 57, 58, 59, 60, 61, 62, 63, 64 ]:
 Order := 126886932185884164103433389335161480802865516174545192198801894375214704230400000000000000 >) |
[ PermutationGroup<64 |  
\[ 2, 3, 4, 5, 6, 7, 8, 9, 10, 11, 12, 13, 14, 15, 16, 17, 18, 19, 20, 21, 22, 23, 24, 25, 26, 27, 28, 29, 30, 31, 32, 33, 34, 35, 36, 37, 38, 39, 40, 41, 42, 43, 44, 45, 46, 47, 48, 49, 50, 51, 52, 53, 54, 55, 56, 57, 58, 59, 60, 61, 62, 63, 64, 1 ],
\[ 2, 1, 3, 4, 5, 6, 7, 8, 9, 10, 11, 12, 13, 14, 15, 16, 17, 18, 19, 20, 21, 22, 23, 24, 25, 26, 27, 28, 29, 30, 31, 32, 33, 34, 35, 36, 37, 38, 39, 40, 41, 42, 43, 44, 45, 46, 47, 48, 49, 50, 51, 52, 53, 54, 55, 56, 57, 58, 59, 60, 61, 62, 63, 64 ]:
 Order := 126886932185884164103433389335161480802865516174545192198801894375214704230400000000000000 > |
[ 6, 1, 8, 20, 2, 5, 26, 15, 11, 24, 22, 3, 16, 31, 12, 32, 4, 25, 17, 19, 34, 23, 9, 7, 45, 10, 21, 30, 36, 37, 29, 38, 18, 43, 28, 14, 35, 13, 40, 53, 42, 52, 27, 47, 33, 50, 49, 46, 55, 54, 39, 56, 51, 48, 44, 41, 58, 63, 60, 62, 57, 64, 61, 59 ],
[ 3, 9, 13, 2, 15, 22, 1, 28, 16, 5, 35, 37, 39, 12, 32, 41, 36, 17, 6, 31, 4, 38, 30, 29, 24, 14, 7, 51, 8, 42, 23, 53, 26, 10, 56, 11, 40, 52, 57, 59, 61, 60, 19, 33, 20, 18, 27, 21, 25, 43, 62, 58, 63, 45, 34, 64, 47, 50, 44, 54, 48, 49, 55, 46 ],
[ 4, 10, 14, 18, 19, 7, 25, 1, 31, 33, 2, 5, 22, 17, 29, 3, 43, 44, 45, 21, 47, 36, 6, 34, 46, 27, 50, 11, 20, 8, 26, 9, 54, 48, 12, 24, 23, 15, 28, 13, 35, 16, 55, 63, 49, 61, 59, 60, 57, 64, 32, 30, 37, 58, 62, 38, 41, 39, 56, 40, 53, 42, 52, 51 ]
]
];
s`SolvableDBPassport := [ PowerSequence(PermutationGroup<64 |  
\[ 6, 1, 8, 20, 2, 5, 26, 15, 11, 24, 22, 3, 16, 31, 12, 32, 4, 25, 17, 19, 34, 23, 9, 7, 45, 10, 21, 30, 36, 37, 29, 38, 18, 43, 28, 14, 35, 13, 40, 53, 42, 52, 27, 47, 33, 50, 49, 46, 55, 54, 39, 56, 51, 48, 44, 41, 58, 63, 60, 62, 57, 64, 61, 59 ],
\[ 3, 9, 13, 2, 15, 22, 1, 28, 16, 5, 35, 37, 39, 12, 32, 41, 36, 17, 6, 31, 4, 38, 30, 29, 24, 14, 7, 51, 8, 42, 23, 53, 26, 10, 56, 11, 40, 52, 57, 59, 61, 60, 19, 33, 20, 18, 27, 21, 25, 43, 62, 58, 63, 45, 34, 64, 47, 50, 44, 54, 48, 49, 55, 46 ],
\[ 4, 10, 14, 18, 19, 7, 25, 1, 31, 33, 2, 5, 22, 17, 29, 3, 43, 44, 45, 21, 47, 36, 6, 34, 46, 27, 50, 11, 20, 8, 26, 9, 54, 48, 12, 24, 23, 15, 28, 13, 35, 16, 55, 63, 49, 61, 59, 60, 57, 64, 32, 30, 37, 58, 62, 38, 41, 39, 56, 40, 53, 42, 52, 51 ]:
 Order := 64 >) |
[ PermutationGroup<64 |  
\[ 6, 1, 8, 20, 2, 5, 26, 15, 11, 24, 22, 3, 16, 31, 12, 32, 4, 25, 17, 19, 34, 23, 9, 7, 45, 10, 21, 30, 36, 37, 29, 38, 18, 43, 28, 14, 35, 13, 40, 53, 42, 52, 27, 47, 33, 50, 49, 46, 55, 54, 39, 56, 51, 48, 44, 41, 58, 63, 60, 62, 57, 64, 61, 59 ],
\[ 3, 9, 13, 2, 15, 22, 1, 28, 16, 5, 35, 37, 39, 12, 32, 41, 36, 17, 6, 31, 4, 38, 30, 29, 24, 14, 7, 51, 8, 42, 23, 53, 26, 10, 56, 11, 40, 52, 57, 59, 61, 60, 19, 33, 20, 18, 27, 21, 25, 43, 62, 58, 63, 45, 34, 64, 47, 50, 44, 54, 48, 49, 55, 46 ],
\[ 4, 10, 14, 18, 19, 7, 25, 1, 31, 33, 2, 5, 22, 17, 29, 3, 43, 44, 45, 21, 47, 36, 6, 34, 46, 27, 50, 11, 20, 8, 26, 9, 54, 48, 12, 24, 23, 15, 28, 13, 35, 16, 55, 63, 49, 61, 59, 60, 57, 64, 32, 30, 37, 58, 62, 38, 41, 39, 56, 40, 53, 42, 52, 51 ]:
 Order := 64 > |
[ 6, 1, 8, 20, 2, 5, 26, 15, 11, 24, 22, 3, 16, 31, 12, 32, 4, 25, 17, 19, 34, 23, 9, 7, 45, 10, 21, 30, 36, 37, 29, 38, 18, 43, 28, 14, 35, 13, 40, 53, 42, 52, 27, 47, 33, 50, 49, 46, 55, 54, 39, 56, 51, 48, 44, 41, 58, 63, 60, 62, 57, 64, 61, 59 ],
[ 3, 9, 13, 2, 15, 22, 1, 28, 16, 5, 35, 37, 39, 12, 32, 41, 36, 17, 6, 31, 4, 38, 30, 29, 24, 14, 7, 51, 8, 42, 23, 53, 26, 10, 56, 11, 40, 52, 57, 59, 61, 60, 19, 33, 20, 18, 27, 21, 25, 43, 62, 58, 63, 45, 34, 64, 47, 50, 44, 54, 48, 49, 55, 46 ],
[ 4, 10, 14, 18, 19, 7, 25, 1, 31, 33, 2, 5, 22, 17, 29, 3, 43, 44, 45, 21, 47, 36, 6, 34, 46, 27, 50, 11, 20, 8, 26, 9, 54, 48, 12, 24, 23, 15, 28, 13, 35, 16, 55, 63, 49, 61, 59, 60, 57, 64, 32, 30, 37, 58, 62, 38, 41, 39, 56, 40, 53, 42, 52, 51 ]
],
[ PermutationGroup<64 |  
\[ 6, 1, 8, 20, 2, 5, 26, 15, 11, 24, 22, 3, 16, 31, 12, 32, 4, 25, 17, 19, 34, 23, 9, 7, 45, 10, 21, 30, 36, 37, 29, 38, 18, 43, 28, 14, 35, 13, 40, 53, 42, 52, 27, 47, 33, 50, 49, 46, 55, 54, 39, 56, 51, 48, 44, 41, 58, 63, 60, 62, 57, 64, 61, 59 ],
\[ 3, 9, 13, 2, 15, 22, 1, 28, 16, 5, 35, 37, 39, 12, 32, 41, 36, 17, 6, 31, 4, 38, 30, 29, 24, 14, 7, 51, 8, 42, 23, 53, 26, 10, 56, 11, 40, 52, 57, 59, 61, 60, 19, 33, 20, 18, 27, 21, 25, 43, 62, 58, 63, 45, 34, 64, 47, 50, 44, 54, 48, 49, 55, 46 ],
\[ 4, 10, 14, 18, 19, 7, 25, 1, 31, 33, 2, 5, 22, 17, 29, 3, 43, 44, 45, 21, 47, 36, 6, 34, 46, 27, 50, 11, 20, 8, 26, 9, 54, 48, 12, 24, 23, 15, 28, 13, 35, 16, 55, 63, 49, 61, 59, 60, 57, 64, 32, 30, 37, 58, 62, 38, 41, 39, 56, 40, 53, 42, 52, 51 ]:
 Order := 64 > |
[ 16, 32, 40, 11, 38, 13, 8, 39, 42, 12, 41, 53, 58, 35, 51, 57, 22, 14, 23, 9, 1, 56, 52, 15, 36, 3, 6, 64, 30, 62, 37, 61, 31, 2, 59, 28, 60, 63, 49, 47, 46, 48, 5, 10, 29, 4, 26, 20, 7, 17, 55, 54, 44, 19, 24, 50, 21, 27, 18, 33, 34, 45, 43, 25 ],
[ 3, 9, 13, 2, 15, 22, 1, 28, 16, 5, 35, 37, 39, 12, 32, 41, 36, 17, 6, 31, 4, 38, 30, 29, 24, 14, 7, 51, 8, 42, 23, 53, 26, 10, 56, 11, 40, 52, 57, 59, 61, 60, 19, 33, 20, 18, 27, 21, 25, 43, 62, 58, 63, 45, 34, 64, 47, 50, 44, 54, 48, 49, 55, 46 ],
[ 48, 55, 33, 64, 50, 47, 62, 27, 45, 59, 21, 34, 19, 46, 25, 7, 58, 40, 60, 61, 39, 18, 43, 63, 56, 57, 52, 17, 54, 24, 44, 4, 42, 41, 26, 49, 20, 10, 29, 1, 36, 2, 53, 32, 51, 16, 37, 30, 13, 35, 5, 31, 14, 38, 28, 6, 9, 3, 11, 12, 15, 23, 22, 8 ]
],
[ PermutationGroup<64 |  
\[ 6, 1, 8, 20, 2, 5, 26, 15, 11, 24, 22, 3, 16, 31, 12, 32, 4, 25, 17, 19, 34, 23, 9, 7, 45, 10, 21, 30, 36, 37, 29, 38, 18, 43, 28, 14, 35, 13, 40, 53, 42, 52, 27, 47, 33, 50, 49, 46, 55, 54, 39, 56, 51, 48, 44, 41, 58, 63, 60, 62, 57, 64, 61, 59 ],
\[ 3, 9, 13, 2, 15, 22, 1, 28, 16, 5, 35, 37, 39, 12, 32, 41, 36, 17, 6, 31, 4, 38, 30, 29, 24, 14, 7, 51, 8, 42, 23, 53, 26, 10, 56, 11, 40, 52, 57, 59, 61, 60, 19, 33, 20, 18, 27, 21, 25, 43, 62, 58, 63, 45, 34, 64, 47, 50, 44, 54, 48, 49, 55, 46 ],
\[ 4, 10, 14, 18, 19, 7, 25, 1, 31, 33, 2, 5, 22, 17, 29, 3, 43, 44, 45, 21, 47, 36, 6, 34, 46, 27, 50, 11, 20, 8, 26, 9, 54, 48, 12, 24, 23, 15, 28, 13, 35, 16, 55, 63, 49, 61, 59, 60, 57, 64, 32, 30, 37, 58, 62, 38, 41, 39, 56, 40, 53, 42, 52, 51 ]:
 Order := 64 > |
[ 29, 36, 9, 7, 14, 31, 19, 23, 15, 4, 8, 11, 37, 1, 22, 30, 26, 21, 10, 24, 45, 3, 12, 17, 27, 20, 33, 13, 5, 38, 2, 28, 34, 25, 16, 6, 32, 35, 52, 42, 39, 51, 18, 46, 43, 49, 48, 55, 54, 47, 56, 53, 41, 44, 50, 40, 62, 60, 57, 61, 64, 63, 59, 58 ],
[ 4, 10, 14, 18, 19, 7, 25, 1, 31, 33, 2, 5, 22, 17, 29, 3, 43, 44, 45, 21, 47, 36, 6, 34, 46, 27, 50, 11, 20, 8, 26, 9, 54, 48, 12, 24, 23, 15, 28, 13, 35, 16, 55, 63, 49, 61, 59, 60, 57, 64, 32, 30, 37, 58, 62, 38, 41, 39, 56, 40, 53, 42, 52, 51 ],
[ 3, 9, 13, 2, 15, 22, 1, 28, 16, 5, 35, 37, 39, 12, 32, 41, 36, 17, 6, 31, 4, 38, 30, 29, 24, 14, 7, 51, 8, 42, 23, 53, 26, 10, 56, 11, 40, 52, 57, 59, 61, 60, 19, 33, 20, 18, 27, 21, 25, 43, 62, 58, 63, 45, 34, 64, 47, 50, 44, 54, 48, 49, 55, 46 ]
],
[ PermutationGroup<64 |  
\[ 6, 1, 8, 20, 2, 5, 26, 15, 11, 24, 22, 3, 16, 31, 12, 32, 4, 25, 17, 19, 34, 23, 9, 7, 45, 10, 21, 30, 36, 37, 29, 38, 18, 43, 28, 14, 35, 13, 40, 53, 42, 52, 27, 47, 33, 50, 49, 46, 55, 54, 39, 56, 51, 48, 44, 41, 58, 63, 60, 62, 57, 64, 61, 59 ],
\[ 3, 9, 13, 2, 15, 22, 1, 28, 16, 5, 35, 37, 39, 12, 32, 41, 36, 17, 6, 31, 4, 38, 30, 29, 24, 14, 7, 51, 8, 42, 23, 53, 26, 10, 56, 11, 40, 52, 57, 59, 61, 60, 19, 33, 20, 18, 27, 21, 25, 43, 62, 58, 63, 45, 34, 64, 47, 50, 44, 54, 48, 49, 55, 46 ],
\[ 4, 10, 14, 18, 19, 7, 25, 1, 31, 33, 2, 5, 22, 17, 29, 3, 43, 44, 45, 21, 47, 36, 6, 34, 46, 27, 50, 11, 20, 8, 26, 9, 54, 48, 12, 24, 23, 15, 28, 13, 35, 16, 55, 63, 49, 61, 59, 60, 57, 64, 32, 30, 37, 58, 62, 38, 41, 39, 56, 40, 53, 42, 52, 51 ]:
 Order := 64 > |
[ 25, 18, 4, 47, 33, 45, 50, 20, 10, 48, 24, 17, 14, 27, 19, 31, 44, 61, 55, 49, 60, 7, 26, 46, 57, 54, 59, 1, 34, 6, 21, 29, 63, 62, 2, 43, 5, 36, 22, 23, 3, 8, 64, 56, 58, 51, 41, 53, 42, 39, 11, 15, 9, 40, 52, 12, 28, 30, 13, 16, 35, 32, 37, 38 ],
[ 4, 10, 14, 18, 19, 7, 25, 1, 31, 33, 2, 5, 22, 17, 29, 3, 43, 44, 45, 21, 47, 36, 6, 34, 46, 27, 50, 11, 20, 8, 26, 9, 54, 48, 12, 24, 23, 15, 28, 13, 35, 16, 55, 63, 49, 61, 59, 60, 57, 64, 32, 30, 37, 58, 62, 38, 41, 39, 56, 40, 53, 42, 52, 51 ],
[ 39, 41, 57, 16, 53, 52, 13, 62, 61, 32, 64, 59, 47, 40, 63, 48, 35, 11, 38, 30, 9, 58, 60, 28, 8, 37, 3, 49, 51, 54, 42, 55, 12, 15, 46, 56, 44, 50, 27, 33, 21, 45, 22, 14, 23, 36, 1, 2, 29, 6, 25, 43, 34, 31, 5, 18, 7, 19, 26, 20, 4, 24, 10, 17 ]
]
];
s`SolvableDBPointedPassport := [ PowerSequence(PermutationGroup<64 |  
\[ 2, 3, 4, 5, 6, 7, 8, 9, 10, 11, 12, 13, 14, 15, 16, 17, 18, 19, 20, 21, 22, 23, 24, 25, 26, 27, 28, 29, 30, 31, 32, 33, 34, 35, 36, 37, 38, 39, 40, 41, 42, 43, 44, 45, 46, 47, 48, 49, 50, 51, 52, 53, 54, 55, 56, 57, 58, 59, 60, 61, 62, 63, 64, 1 ],
\[ 2, 1, 3, 4, 5, 6, 7, 8, 9, 10, 11, 12, 13, 14, 15, 16, 17, 18, 19, 20, 21, 22, 23, 24, 25, 26, 27, 28, 29, 30, 31, 32, 33, 34, 35, 36, 37, 38, 39, 40, 41, 42, 43, 44, 45, 46, 47, 48, 49, 50, 51, 52, 53, 54, 55, 56, 57, 58, 59, 60, 61, 62, 63, 64 ]:
 Order := 126886932185884164103433389335161480802865516174545192198801894375214704230400000000000000 >) |
[ PermutationGroup<64 |  
\[ 2, 3, 4, 5, 6, 7, 8, 9, 10, 11, 12, 13, 14, 15, 16, 17, 18, 19, 20, 21, 22, 23, 24, 25, 26, 27, 28, 29, 30, 31, 32, 33, 34, 35, 36, 37, 38, 39, 40, 41, 42, 43, 44, 45, 46, 47, 48, 49, 50, 51, 52, 53, 54, 55, 56, 57, 58, 59, 60, 61, 62, 63, 64, 1 ],
\[ 2, 1, 3, 4, 5, 6, 7, 8, 9, 10, 11, 12, 13, 14, 15, 16, 17, 18, 19, 20, 21, 22, 23, 24, 25, 26, 27, 28, 29, 30, 31, 32, 33, 34, 35, 36, 37, 38, 39, 40, 41, 42, 43, 44, 45, 46, 47, 48, 49, 50, 51, 52, 53, 54, 55, 56, 57, 58, 59, 60, 61, 62, 63, 64 ]:
 Order := 126886932185884164103433389335161480802865516174545192198801894375214704230400000000000000 > |
[ 14, 31, 22, 10, 29, 36, 4, 11, 3, 19, 12, 23, 28, 5, 9, 35, 24, 43, 7, 26, 18, 15, 8, 20, 34, 17, 25, 32, 1, 16, 6, 37, 27, 33, 38, 2, 13, 30, 41, 56, 53, 40, 45, 54, 21, 44, 50, 47, 46, 55, 42, 39, 52, 49, 48, 51, 59, 64, 63, 58, 60, 57, 62, 61 ],
[ 3, 9, 13, 2, 15, 22, 1, 28, 16, 5, 35, 37, 39, 12, 32, 41, 36, 17, 6, 31, 4, 38, 30, 29, 24, 14, 7, 51, 8, 42, 23, 53, 26, 10, 56, 11, 40, 52, 57, 59, 61, 60, 19, 33, 20, 18, 27, 21, 25, 43, 62, 58, 63, 45, 34, 64, 47, 50, 44, 54, 48, 49, 55, 46 ],
[ 24, 17, 2, 27, 26, 20, 43, 31, 5, 21, 29, 36, 12, 7, 6, 23, 33, 48, 34, 25, 54, 1, 14, 18, 47, 45, 44, 3, 10, 22, 4, 8, 55, 49, 9, 19, 15, 11, 38, 30, 13, 28, 46, 64, 50, 62, 61, 63, 60, 57, 35, 32, 16, 59, 58, 37, 51, 42, 39, 41, 56, 53, 40, 52 ]
],
[ PermutationGroup<64 |  
\[ 2, 3, 4, 5, 6, 7, 8, 9, 10, 11, 12, 13, 14, 15, 16, 17, 18, 19, 20, 21, 22, 23, 24, 25, 26, 27, 28, 29, 30, 31, 32, 33, 34, 35, 36, 37, 38, 39, 40, 41, 42, 43, 44, 45, 46, 47, 48, 49, 50, 51, 52, 53, 54, 55, 56, 57, 58, 59, 60, 61, 62, 63, 64, 1 ],
\[ 2, 1, 3, 4, 5, 6, 7, 8, 9, 10, 11, 12, 13, 14, 15, 16, 17, 18, 19, 20, 21, 22, 23, 24, 25, 26, 27, 28, 29, 30, 31, 32, 33, 34, 35, 36, 37, 38, 39, 40, 41, 42, 43, 44, 45, 46, 47, 48, 49, 50, 51, 52, 53, 54, 55, 56, 57, 58, 59, 60, 61, 62, 63, 64 ]:
 Order := 126886932185884164103433389335161480802865516174545192198801894375214704230400000000000000 > |
[ 16, 32, 40, 11, 38, 13, 8, 39, 42, 12, 41, 53, 58, 35, 51, 57, 22, 14, 23, 9, 1, 56, 52, 15, 36, 3, 6, 64, 30, 62, 37, 61, 31, 2, 59, 28, 60, 63, 49, 47, 46, 48, 5, 10, 29, 4, 26, 20, 7, 17, 55, 54, 44, 19, 24, 50, 21, 27, 18, 33, 34, 45, 43, 25 ],
[ 3, 9, 13, 2, 15, 22, 1, 28, 16, 5, 35, 37, 39, 12, 32, 41, 36, 17, 6, 31, 4, 38, 30, 29, 24, 14, 7, 51, 8, 42, 23, 53, 26, 10, 56, 11, 40, 52, 57, 59, 61, 60, 19, 33, 20, 18, 27, 21, 25, 43, 62, 58, 63, 45, 34, 64, 47, 50, 44, 54, 48, 49, 55, 46 ],
[ 48, 55, 33, 64, 50, 47, 62, 27, 45, 59, 21, 34, 19, 46, 25, 7, 58, 40, 60, 61, 39, 18, 43, 63, 56, 57, 52, 17, 54, 24, 44, 4, 42, 41, 26, 49, 20, 10, 29, 1, 36, 2, 53, 32, 51, 16, 37, 30, 13, 35, 5, 31, 14, 38, 28, 6, 9, 3, 11, 12, 15, 23, 22, 8 ]
],
[ PermutationGroup<64 |  
\[ 2, 3, 4, 5, 6, 7, 8, 9, 10, 11, 12, 13, 14, 15, 16, 17, 18, 19, 20, 21, 22, 23, 24, 25, 26, 27, 28, 29, 30, 31, 32, 33, 34, 35, 36, 37, 38, 39, 40, 41, 42, 43, 44, 45, 46, 47, 48, 49, 50, 51, 52, 53, 54, 55, 56, 57, 58, 59, 60, 61, 62, 63, 64, 1 ],
\[ 2, 1, 3, 4, 5, 6, 7, 8, 9, 10, 11, 12, 13, 14, 15, 16, 17, 18, 19, 20, 21, 22, 23, 24, 25, 26, 27, 28, 29, 30, 31, 32, 33, 34, 35, 36, 37, 38, 39, 40, 41, 42, 43, 44, 45, 46, 47, 48, 49, 50, 51, 52, 53, 54, 55, 56, 57, 58, 59, 60, 61, 62, 63, 64 ]:
 Order := 126886932185884164103433389335161480802865516174545192198801894375214704230400000000000000 > |
[ 6, 1, 8, 20, 2, 5, 26, 15, 11, 24, 22, 3, 16, 31, 12, 32, 4, 25, 17, 19, 34, 23, 9, 7, 45, 10, 21, 30, 36, 37, 29, 38, 18, 43, 28, 14, 35, 13, 40, 53, 42, 52, 27, 47, 33, 50, 49, 46, 55, 54, 39, 56, 51, 48, 44, 41, 58, 63, 60, 62, 57, 64, 61, 59 ],
[ 4, 10, 14, 18, 19, 7, 25, 1, 31, 33, 2, 5, 22, 17, 29, 3, 43, 44, 45, 21, 47, 36, 6, 34, 46, 27, 50, 11, 20, 8, 26, 9, 54, 48, 12, 24, 23, 15, 28, 13, 35, 16, 55, 63, 49, 61, 59, 60, 57, 64, 32, 30, 37, 58, 62, 38, 41, 39, 56, 40, 53, 42, 52, 51 ],
[ 11, 12, 35, 14, 23, 8, 36, 16, 37, 31, 32, 38, 56, 22, 30, 40, 5, 10, 29, 1, 26, 28, 13, 2, 4, 6, 17, 41, 9, 39, 3, 42, 19, 20, 53, 15, 52, 51, 64, 58, 59, 57, 24, 43, 7, 34, 18, 33, 21, 25, 61, 62, 60, 27, 45, 63, 46, 49, 50, 47, 44, 48, 54, 55 ]
],
[ PermutationGroup<64 |  
\[ 2, 3, 4, 5, 6, 7, 8, 9, 10, 11, 12, 13, 14, 15, 16, 17, 18, 19, 20, 21, 22, 23, 24, 25, 26, 27, 28, 29, 30, 31, 32, 33, 34, 35, 36, 37, 38, 39, 40, 41, 42, 43, 44, 45, 46, 47, 48, 49, 50, 51, 52, 53, 54, 55, 56, 57, 58, 59, 60, 61, 62, 63, 64, 1 ],
\[ 2, 1, 3, 4, 5, 6, 7, 8, 9, 10, 11, 12, 13, 14, 15, 16, 17, 18, 19, 20, 21, 22, 23, 24, 25, 26, 27, 28, 29, 30, 31, 32, 33, 34, 35, 36, 37, 38, 39, 40, 41, 42, 43, 44, 45, 46, 47, 48, 49, 50, 51, 52, 53, 54, 55, 56, 57, 58, 59, 60, 61, 62, 63, 64 ]:
 Order := 126886932185884164103433389335161480802865516174545192198801894375214704230400000000000000 > |
[ 21, 34, 26, 46, 43, 27, 49, 7, 20, 44, 4, 10, 6, 18, 24, 1, 50, 59, 54, 48, 57, 17, 19, 55, 64, 47, 58, 36, 45, 29, 33, 2, 60, 61, 14, 25, 31, 5, 8, 3, 11, 9, 63, 53, 62, 41, 40, 42, 39, 56, 15, 23, 12, 52, 51, 22, 16, 13, 35, 37, 32, 30, 38, 28 ],
[ 26, 20, 6, 34, 24, 17, 21, 36, 1, 43, 14, 31, 8, 10, 2, 11, 25, 50, 27, 33, 46, 5, 29, 45, 55, 18, 49, 15, 7, 9, 19, 12, 47, 44, 22, 4, 3, 23, 16, 35, 32, 37, 54, 60, 48, 59, 58, 57, 64, 63, 30, 13, 38, 62, 61, 28, 40, 56, 53, 52, 42, 39, 51, 41 ],
[ 39, 41, 57, 16, 53, 52, 13, 62, 61, 32, 64, 59, 47, 40, 63, 48, 35, 11, 38, 30, 9, 58, 60, 28, 8, 37, 3, 49, 51, 54, 42, 55, 12, 15, 46, 56, 44, 50, 27, 33, 21, 45, 22, 14, 23, 36, 1, 2, 29, 6, 25, 43, 34, 31, 5, 18, 7, 19, 26, 20, 4, 24, 10, 17 ]
]
];
s`SolvableDBMonodromyGroup := PermutationGroup<64 |  
\[ 6, 1, 8, 20, 2, 5, 26, 15, 11, 24, 22, 3, 16, 31, 12, 32, 4, 25, 17, 19, 34, 23, 9, 7, 45, 10, 21, 30, 36, 37, 29, 38, 18, 43, 28, 14, 35, 13, 40, 53, 42, 52, 27, 47, 33, 50, 49, 46, 55, 54, 39, 56, 51, 48, 44, 41, 58, 63, 60, 62, 57, 64, 61, 59 ],
\[ 3, 9, 13, 2, 15, 22, 1, 28, 16, 5, 35, 37, 39, 12, 32, 41, 36, 17, 6, 31, 4, 38, 30, 29, 24, 14, 7, 51, 8, 42, 23, 53, 26, 10, 56, 11, 40, 52, 57, 59, 61, 60, 19, 33, 20, 18, 27, 21, 25, 43, 62, 58, 63, 45, 34, 64, 47, 50, 44, 54, 48, 49, 55, 46 ],
\[ 4, 10, 14, 18, 19, 7, 25, 1, 31, 33, 2, 5, 22, 17, 29, 3, 43, 44, 45, 21, 47, 36, 6, 34, 46, 27, 50, 11, 20, 8, 26, 9, 54, 48, 12, 24, 23, 15, 28, 13, 35, 16, 55, 63, 49, 61, 59, 60, 57, 64, 32, 30, 37, 58, 62, 38, 41, 39, 56, 40, 53, 42, 52, 51 ] >;
s`SolvableDBAutomorphismGroup := PermutationGroup<64 |  
\[ 57, 61, 47, 41, 63, 58, 39, 49, 48, 53, 46, 44, 27, 59, 55, 21, 56, 35, 52, 42, 16, 50, 54, 51, 28, 40, 13, 25, 62, 45, 60, 34, 37, 32, 18, 64, 33, 43, 7, 26, 4, 20, 38, 12, 30, 11, 3, 9, 8, 22, 24, 19, 10, 23, 15, 17, 1, 6, 14, 31, 2, 29, 5, 36 ],
\[ 47, 44, 27, 59, 55, 49, 57, 21, 33, 63, 18, 43, 7, 50, 34, 26, 64, 56, 62, 60, 40, 25, 45, 61, 41, 58, 39, 4, 48, 20, 54, 10, 52, 53, 17, 46, 19, 24, 1, 6, 14, 31, 51, 38, 42, 35, 13, 37, 16, 28, 2, 29, 5, 30, 32, 36, 3, 8, 22, 23, 12, 9, 15, 11 ],
\[ 63, 58, 55, 52, 57, 61, 53, 44, 50, 39, 54, 49, 34, 62, 47, 43, 42, 30, 41, 56, 38, 48, 46, 40, 37, 51, 32, 33, 59, 18, 64, 27, 28, 13, 45, 60, 25, 21, 10, 24, 19, 17, 16, 8, 35, 23, 15, 22, 12, 9, 26, 4, 7, 11, 3, 20, 5, 2, 29, 36, 6, 14, 1, 31 ],
\[ 2, 5, 9, 10, 6, 1, 4, 11, 15, 19, 12, 23, 16, 31, 22, 32, 26, 33, 7, 24, 34, 3, 8, 17, 18, 20, 21, 35, 36, 28, 29, 38, 45, 43, 37, 14, 30, 13, 41, 42, 53, 51, 27, 54, 25, 44, 48, 55, 46, 47, 56, 39, 52, 49, 50, 40, 61, 57, 60, 62, 63, 64, 58, 59 ]:
 Order := 64 >;
s`SolvableDBPointedAutomorphismGroup := PermutationGroup<64 |  
\[ 6, 1, 22, 7, 2, 5, 19, 23, 3, 4, 8, 11, 38, 36, 9, 13, 24, 25, 10, 26, 27, 15, 12, 20, 45, 17, 43, 30, 31, 37, 14, 16, 18, 21, 28, 29, 35, 32, 52, 56, 39, 40, 34, 46, 33, 49, 50, 47, 54, 55, 42, 53, 41, 44, 48, 51, 58, 63, 64, 59, 57, 60, 61, 62 ]:
 Order := 4 >;
s`SolvableDBPathToPP1 := [ Strings() | "PP1", "2T1-1,2,2-g0-path1", "4T2-2,2,2-g0-path1", "8T4-2,2,4-g0-path1", "16T10-2,4,4-g1-path4", "32S5-2,8,8-g5-path2", "64S7-4,8,8-g17-path19" ];
s`SolvableDBChild := "32S5-2,8,8-g5-path2";

/*
Return for eval
*/

return s;
