s := SolvableDBObjectInitialize();

/*
Basic Information about the Passport
*/

s`SolvableDBName := "64S9-4,8,4-g13-path53";
s`SolvableDBFilename := "64S9-4,8,4-g13-path53.m";
s`SolvableDBPathNumber := 53;
s`SolvableDBDegree := 64;
s`SolvableDBABC := \[ 4, 8, 4 ];
s`SolvableDBType := "Hyperbolic";
s`SolvableDBGenus := 13;
s`SolvableDBGaloisOrbitSize := 1;
s`SolvableDBPassportSize := 4;
s`SolvableDBPointedPassportSize := 4;
s`SolvableDBLevel := 6;
s`SolvableDBBlocks := {@ PowerSet(IntegerRing()) |
{ IntegerRing() | 1, 5 },
{ IntegerRing() | 2, 11 },
{ IntegerRing() | 3, 16 },
{ IntegerRing() | 4, 21 },
{ IntegerRing() | 6, 24 },
{ IntegerRing() | 7, 25 },
{ IntegerRing() | 8, 26 },
{ IntegerRing() | 9, 37 },
{ IntegerRing() | 10, 39 },
{ IntegerRing() | 12, 41 },
{ IntegerRing() | 13, 42 },
{ IntegerRing() | 14, 40 },
{ IntegerRing() | 15, 49 },
{ IntegerRing() | 17, 51 },
{ IntegerRing() | 18, 44 },
{ IntegerRing() | 19, 55 },
{ IntegerRing() | 20, 45 },
{ IntegerRing() | 22, 48 },
{ IntegerRing() | 23, 47 },
{ IntegerRing() | 27, 53 },
{ IntegerRing() | 28, 60 },
{ IntegerRing() | 29, 61 },
{ IntegerRing() | 30, 50 },
{ IntegerRing() | 31, 52 },
{ IntegerRing() | 32, 62 },
{ IntegerRing() | 33, 59 },
{ IntegerRing() | 34, 58 },
{ IntegerRing() | 35, 63 },
{ IntegerRing() | 36, 56 },
{ IntegerRing() | 38, 57 },
{ IntegerRing() | 43, 64 },
{ IntegerRing() | 46, 54 }
@};

/*
Permutations and Passports
*/

s`SolvableDBGaloisOrbit := [ PowerSequence(PermutationGroup<64 |  
\[ 2, 3, 4, 5, 6, 7, 8, 9, 10, 11, 12, 13, 14, 15, 16, 17, 18, 19, 20, 21, 22, 23, 24, 25, 26, 27, 28, 29, 30, 31, 32, 33, 34, 35, 36, 37, 38, 39, 40, 41, 42, 43, 44, 45, 46, 47, 48, 49, 50, 51, 52, 53, 54, 55, 56, 57, 58, 59, 60, 61, 62, 63, 64, 1 ],
\[ 2, 1, 3, 4, 5, 6, 7, 8, 9, 10, 11, 12, 13, 14, 15, 16, 17, 18, 19, 20, 21, 22, 23, 24, 25, 26, 27, 28, 29, 30, 31, 32, 33, 34, 35, 36, 37, 38, 39, 40, 41, 42, 43, 44, 45, 46, 47, 48, 49, 50, 51, 52, 53, 54, 55, 56, 57, 58, 59, 60, 61, 62, 63, 64 ]:
 Order := 126886932185884164103433389335161480802865516174545192198801894375214704230400000000000000 >) |
[ PermutationGroup<64 |  
\[ 2, 3, 4, 5, 6, 7, 8, 9, 10, 11, 12, 13, 14, 15, 16, 17, 18, 19, 20, 21, 22, 23, 24, 25, 26, 27, 28, 29, 30, 31, 32, 33, 34, 35, 36, 37, 38, 39, 40, 41, 42, 43, 44, 45, 46, 47, 48, 49, 50, 51, 52, 53, 54, 55, 56, 57, 58, 59, 60, 61, 62, 63, 64, 1 ],
\[ 2, 1, 3, 4, 5, 6, 7, 8, 9, 10, 11, 12, 13, 14, 15, 16, 17, 18, 19, 20, 21, 22, 23, 24, 25, 26, 27, 28, 29, 30, 31, 32, 33, 34, 35, 36, 37, 38, 39, 40, 41, 42, 43, 44, 45, 46, 47, 48, 49, 50, 51, 52, 53, 54, 55, 56, 57, 58, 59, 60, 61, 62, 63, 64 ]:
 Order := 126886932185884164103433389335161480802865516174545192198801894375214704230400000000000000 > |
[ 2, 9, 8, 19, 11, 1, 30, 34, 6, 13, 37, 22, 27, 18, 46, 26, 3, 33, 12, 52, 55, 4, 40, 5, 50, 58, 29, 32, 10, 28, 64, 7, 47, 17, 20, 38, 24, 15, 42, 44, 48, 53, 35, 59, 31, 36, 14, 21, 54, 60, 16, 43, 61, 56, 41, 57, 49, 51, 23, 62, 39, 25, 45, 63 ],
[ 3, 10, 14, 6, 16, 27, 1, 35, 34, 23, 39, 2, 45, 28, 17, 40, 52, 41, 54, 22, 24, 57, 4, 53, 5, 63, 44, 9, 64, 49, 32, 56, 7, 33, 50, 8, 58, 29, 47, 60, 11, 20, 19, 12, 48, 13, 21, 38, 51, 15, 31, 62, 18, 42, 46, 26, 61, 59, 25, 37, 43, 36, 30, 55 ],
[ 4, 7, 15, 20, 21, 28, 31, 1, 12, 38, 25, 43, 2, 39, 48, 49, 9, 3, 23, 8, 45, 44, 58, 60, 52, 5, 46, 63, 6, 33, 13, 14, 53, 36, 61, 55, 41, 62, 57, 10, 64, 11, 17, 16, 26, 50, 34, 18, 22, 59, 37, 42, 54, 30, 47, 19, 32, 56, 27, 35, 24, 40, 29, 51 ]
]
];
s`SolvableDBPassport := [ PowerSequence(PermutationGroup<64 |  
\[ 2, 9, 8, 19, 11, 1, 30, 34, 6, 13, 37, 22, 27, 18, 46, 26, 3, 33, 12, 52, 55, 4, 40, 5, 50, 58, 29, 32, 10, 28, 64, 7, 47, 17, 20, 38, 24, 15, 42, 44, 48, 53, 35, 59, 31, 36, 14, 21, 54, 60, 16, 43, 61, 56, 41, 57, 49, 51, 23, 62, 39, 25, 45, 63 ],
\[ 3, 10, 14, 6, 16, 27, 1, 35, 34, 23, 39, 2, 45, 28, 17, 40, 52, 41, 54, 22, 24, 57, 4, 53, 5, 63, 44, 9, 64, 49, 32, 56, 7, 33, 50, 8, 58, 29, 47, 60, 11, 20, 19, 12, 48, 13, 21, 38, 51, 15, 31, 62, 18, 42, 46, 26, 61, 59, 25, 37, 43, 36, 30, 55 ],
\[ 4, 7, 15, 20, 21, 28, 31, 1, 12, 38, 25, 43, 2, 39, 48, 49, 9, 3, 23, 8, 45, 44, 58, 60, 52, 5, 46, 63, 6, 33, 13, 14, 53, 36, 61, 55, 41, 62, 57, 10, 64, 11, 17, 16, 26, 50, 34, 18, 22, 59, 37, 42, 54, 30, 47, 19, 32, 56, 27, 35, 24, 40, 29, 51 ]:
 Order := 64 >) |
[ PermutationGroup<64 |  
\[ 2, 9, 8, 19, 11, 1, 30, 34, 6, 13, 37, 22, 27, 18, 46, 26, 3, 33, 12, 52, 55, 4, 40, 5, 50, 58, 29, 32, 10, 28, 64, 7, 47, 17, 20, 38, 24, 15, 42, 44, 48, 53, 35, 59, 31, 36, 14, 21, 54, 60, 16, 43, 61, 56, 41, 57, 49, 51, 23, 62, 39, 25, 45, 63 ],
\[ 3, 10, 14, 6, 16, 27, 1, 35, 34, 23, 39, 2, 45, 28, 17, 40, 52, 41, 54, 22, 24, 57, 4, 53, 5, 63, 44, 9, 64, 49, 32, 56, 7, 33, 50, 8, 58, 29, 47, 60, 11, 20, 19, 12, 48, 13, 21, 38, 51, 15, 31, 62, 18, 42, 46, 26, 61, 59, 25, 37, 43, 36, 30, 55 ],
\[ 4, 7, 15, 20, 21, 28, 31, 1, 12, 38, 25, 43, 2, 39, 48, 49, 9, 3, 23, 8, 45, 44, 58, 60, 52, 5, 46, 63, 6, 33, 13, 14, 53, 36, 61, 55, 41, 62, 57, 10, 64, 11, 17, 16, 26, 50, 34, 18, 22, 59, 37, 42, 54, 30, 47, 19, 32, 56, 27, 35, 24, 40, 29, 51 ]:
 Order := 64 > |
[ 8, 13, 18, 1, 26, 29, 2, 20, 17, 40, 42, 9, 31, 32, 3, 44, 43, 48, 56, 4, 5, 49, 19, 61, 11, 45, 59, 6, 63, 54, 7, 57, 30, 47, 60, 34, 51, 10, 14, 62, 37, 52, 12, 22, 21, 27, 55, 15, 16, 46, 64, 25, 33, 53, 36, 58, 39, 23, 50, 24, 35, 38, 28, 41 ],
[ 7, 12, 1, 23, 25, 4, 33, 36, 28, 2, 41, 44, 46, 3, 50, 5, 15, 53, 43, 42, 47, 20, 10, 21, 59, 56, 6, 14, 38, 63, 51, 31, 34, 9, 8, 62, 60, 48, 11, 16, 18, 54, 61, 27, 13, 55, 39, 45, 30, 35, 49, 17, 24, 19, 64, 32, 22, 37, 58, 40, 57, 52, 26, 29 ],
[ 6, 1, 17, 22, 24, 9, 32, 3, 2, 29, 5, 19, 10, 47, 38, 51, 34, 14, 4, 35, 48, 12, 59, 37, 62, 16, 13, 30, 27, 7, 45, 28, 18, 8, 43, 46, 11, 36, 61, 23, 55, 39, 52, 40, 63, 15, 33, 41, 57, 25, 58, 20, 42, 49, 21, 54, 56, 26, 44, 50, 53, 60, 64, 31 ]
],
[ PermutationGroup<64 |  
\[ 2, 9, 8, 19, 11, 1, 30, 34, 6, 13, 37, 22, 27, 18, 46, 26, 3, 33, 12, 52, 55, 4, 40, 5, 50, 58, 29, 32, 10, 28, 64, 7, 47, 17, 20, 38, 24, 15, 42, 44, 48, 53, 35, 59, 31, 36, 14, 21, 54, 60, 16, 43, 61, 56, 41, 57, 49, 51, 23, 62, 39, 25, 45, 63 ],
\[ 3, 10, 14, 6, 16, 27, 1, 35, 34, 23, 39, 2, 45, 28, 17, 40, 52, 41, 54, 22, 24, 57, 4, 53, 5, 63, 44, 9, 64, 49, 32, 56, 7, 33, 50, 8, 58, 29, 47, 60, 11, 20, 19, 12, 48, 13, 21, 38, 51, 15, 31, 62, 18, 42, 46, 26, 61, 59, 25, 37, 43, 36, 30, 55 ],
\[ 4, 7, 15, 20, 21, 28, 31, 1, 12, 38, 25, 43, 2, 39, 48, 49, 9, 3, 23, 8, 45, 44, 58, 60, 52, 5, 46, 63, 6, 33, 13, 14, 53, 36, 61, 55, 41, 62, 57, 10, 64, 11, 17, 16, 26, 50, 34, 18, 22, 59, 37, 42, 54, 30, 47, 19, 32, 56, 27, 35, 24, 40, 29, 51 ]:
 Order := 64 > |
[ 32, 19, 6, 59, 62, 22, 18, 46, 30, 1, 55, 40, 15, 17, 25, 24, 38, 42, 52, 39, 33, 35, 29, 48, 44, 54, 9, 47, 36, 64, 58, 45, 8, 2, 3, 60, 50, 41, 5, 51, 14, 49, 53, 13, 10, 21, 61, 63, 7, 43, 57, 34, 37, 4, 31, 28, 12, 11, 26, 23, 56, 20, 16, 27 ],
[ 7, 12, 1, 23, 25, 4, 33, 36, 28, 2, 41, 44, 46, 3, 50, 5, 15, 53, 43, 42, 47, 20, 10, 21, 59, 56, 6, 14, 38, 63, 51, 31, 34, 9, 8, 62, 60, 48, 11, 16, 18, 54, 61, 27, 13, 55, 39, 45, 30, 35, 49, 17, 24, 19, 64, 32, 22, 37, 58, 40, 57, 52, 26, 29 ],
[ 23, 33, 50, 42, 47, 14, 51, 7, 44, 48, 59, 61, 12, 11, 45, 30, 28, 1, 10, 36, 13, 27, 37, 40, 17, 25, 55, 26, 4, 34, 46, 3, 24, 62, 57, 64, 18, 52, 22, 2, 29, 41, 15, 5, 56, 35, 9, 53, 20, 58, 60, 54, 19, 63, 39, 43, 31, 32, 6, 8, 21, 16, 38, 49 ]
],
[ PermutationGroup<64 |  
\[ 2, 9, 8, 19, 11, 1, 30, 34, 6, 13, 37, 22, 27, 18, 46, 26, 3, 33, 12, 52, 55, 4, 40, 5, 50, 58, 29, 32, 10, 28, 64, 7, 47, 17, 20, 38, 24, 15, 42, 44, 48, 53, 35, 59, 31, 36, 14, 21, 54, 60, 16, 43, 61, 56, 41, 57, 49, 51, 23, 62, 39, 25, 45, 63 ],
\[ 3, 10, 14, 6, 16, 27, 1, 35, 34, 23, 39, 2, 45, 28, 17, 40, 52, 41, 54, 22, 24, 57, 4, 53, 5, 63, 44, 9, 64, 49, 32, 56, 7, 33, 50, 8, 58, 29, 47, 60, 11, 20, 19, 12, 48, 13, 21, 38, 51, 15, 31, 62, 18, 42, 46, 26, 61, 59, 25, 37, 43, 36, 30, 55 ],
\[ 4, 7, 15, 20, 21, 28, 31, 1, 12, 38, 25, 43, 2, 39, 48, 49, 9, 3, 23, 8, 45, 44, 58, 60, 52, 5, 46, 63, 6, 33, 13, 14, 53, 36, 61, 55, 41, 62, 57, 10, 64, 11, 17, 16, 26, 50, 34, 18, 22, 59, 37, 42, 54, 30, 47, 19, 32, 56, 27, 35, 24, 40, 29, 51 ]:
 Order := 64 > |
[ 6, 1, 17, 22, 24, 9, 32, 3, 2, 29, 5, 19, 10, 47, 38, 51, 34, 14, 4, 35, 48, 12, 59, 37, 62, 16, 13, 30, 27, 7, 45, 28, 18, 8, 43, 46, 11, 36, 61, 23, 55, 39, 52, 40, 63, 15, 33, 41, 57, 25, 58, 20, 42, 49, 21, 54, 56, 26, 44, 50, 53, 60, 64, 31 ],
[ 7, 12, 1, 23, 25, 4, 33, 36, 28, 2, 41, 44, 46, 3, 50, 5, 15, 53, 43, 42, 47, 20, 10, 21, 59, 56, 6, 14, 38, 63, 51, 31, 34, 9, 8, 62, 60, 48, 11, 16, 18, 54, 61, 27, 13, 55, 39, 45, 30, 35, 49, 17, 24, 19, 64, 32, 22, 37, 58, 40, 57, 52, 26, 29 ],
[ 10, 34, 35, 54, 39, 3, 49, 33, 27, 45, 58, 57, 44, 41, 13, 63, 14, 7, 2, 62, 46, 6, 60, 16, 15, 59, 64, 56, 23, 9, 55, 1, 21, 52, 22, 29, 53, 17, 20, 12, 38, 18, 50, 25, 32, 8, 28, 24, 42, 37, 40, 19, 43, 26, 11, 61, 51, 31, 4, 36, 47, 5, 48, 30 ]
],
[ PermutationGroup<64 |  
\[ 2, 9, 8, 19, 11, 1, 30, 34, 6, 13, 37, 22, 27, 18, 46, 26, 3, 33, 12, 52, 55, 4, 40, 5, 50, 58, 29, 32, 10, 28, 64, 7, 47, 17, 20, 38, 24, 15, 42, 44, 48, 53, 35, 59, 31, 36, 14, 21, 54, 60, 16, 43, 61, 56, 41, 57, 49, 51, 23, 62, 39, 25, 45, 63 ],
\[ 3, 10, 14, 6, 16, 27, 1, 35, 34, 23, 39, 2, 45, 28, 17, 40, 52, 41, 54, 22, 24, 57, 4, 53, 5, 63, 44, 9, 64, 49, 32, 56, 7, 33, 50, 8, 58, 29, 47, 60, 11, 20, 19, 12, 48, 13, 21, 38, 51, 15, 31, 62, 18, 42, 46, 26, 61, 59, 25, 37, 43, 36, 30, 55 ],
\[ 4, 7, 15, 20, 21, 28, 31, 1, 12, 38, 25, 43, 2, 39, 48, 49, 9, 3, 23, 8, 45, 44, 58, 60, 52, 5, 46, 63, 6, 33, 13, 14, 53, 36, 61, 55, 41, 62, 57, 10, 64, 11, 17, 16, 26, 50, 34, 18, 22, 59, 37, 42, 54, 30, 47, 19, 32, 56, 27, 35, 24, 40, 29, 51 ]:
 Order := 64 > |
[ 23, 33, 50, 42, 47, 14, 51, 7, 44, 48, 59, 61, 12, 11, 45, 30, 28, 1, 10, 36, 13, 27, 37, 40, 17, 25, 55, 26, 4, 34, 46, 3, 24, 62, 57, 64, 18, 52, 22, 2, 29, 41, 15, 5, 56, 35, 9, 53, 20, 58, 60, 54, 19, 63, 39, 43, 31, 32, 6, 8, 21, 16, 38, 49 ],
[ 7, 12, 1, 23, 25, 4, 33, 36, 28, 2, 41, 44, 46, 3, 50, 5, 15, 53, 43, 42, 47, 20, 10, 21, 59, 56, 6, 14, 38, 63, 51, 31, 34, 9, 8, 62, 60, 48, 11, 16, 18, 54, 61, 27, 13, 55, 39, 45, 30, 35, 49, 17, 24, 19, 64, 32, 22, 37, 58, 40, 57, 52, 26, 29 ],
[ 41, 60, 56, 64, 12, 25, 35, 37, 21, 54, 28, 45, 24, 27, 19, 36, 5, 58, 18, 51, 43, 47, 3, 7, 63, 9, 57, 52, 11, 40, 61, 59, 10, 49, 13, 22, 4, 30, 46, 53, 20, 6, 26, 34, 17, 32, 16, 23, 55, 14, 1, 29, 38, 62, 44, 48, 50, 15, 39, 31, 2, 33, 42, 8 ]
]
];
s`SolvableDBPointedPassport := [ PowerSequence(PermutationGroup<64 |  
\[ 2, 9, 8, 19, 11, 1, 30, 34, 6, 13, 37, 22, 27, 18, 46, 26, 3, 33, 12, 52, 55, 4, 40, 5, 50, 58, 29, 32, 10, 28, 64, 7, 47, 17, 20, 38, 24, 15, 42, 44, 48, 53, 35, 59, 31, 36, 14, 21, 54, 60, 16, 43, 61, 56, 41, 57, 49, 51, 23, 62, 39, 25, 45, 63 ],
\[ 3, 10, 14, 6, 16, 27, 1, 35, 34, 23, 39, 2, 45, 28, 17, 40, 52, 41, 54, 22, 24, 57, 4, 53, 5, 63, 44, 9, 64, 49, 32, 56, 7, 33, 50, 8, 58, 29, 47, 60, 11, 20, 19, 12, 48, 13, 21, 38, 51, 15, 31, 62, 18, 42, 46, 26, 61, 59, 25, 37, 43, 36, 30, 55 ],
\[ 4, 7, 15, 20, 21, 28, 31, 1, 12, 38, 25, 43, 2, 39, 48, 49, 9, 3, 23, 8, 45, 44, 58, 60, 52, 5, 46, 63, 6, 33, 13, 14, 53, 36, 61, 55, 41, 62, 57, 10, 64, 11, 17, 16, 26, 50, 34, 18, 22, 59, 37, 42, 54, 30, 47, 19, 32, 56, 27, 35, 24, 40, 29, 51 ]:
 Order := 64 >) |
[ PermutationGroup<64 |  
\[ 2, 9, 8, 19, 11, 1, 30, 34, 6, 13, 37, 22, 27, 18, 46, 26, 3, 33, 12, 52, 55, 4, 40, 5, 50, 58, 29, 32, 10, 28, 64, 7, 47, 17, 20, 38, 24, 15, 42, 44, 48, 53, 35, 59, 31, 36, 14, 21, 54, 60, 16, 43, 61, 56, 41, 57, 49, 51, 23, 62, 39, 25, 45, 63 ],
\[ 3, 10, 14, 6, 16, 27, 1, 35, 34, 23, 39, 2, 45, 28, 17, 40, 52, 41, 54, 22, 24, 57, 4, 53, 5, 63, 44, 9, 64, 49, 32, 56, 7, 33, 50, 8, 58, 29, 47, 60, 11, 20, 19, 12, 48, 13, 21, 38, 51, 15, 31, 62, 18, 42, 46, 26, 61, 59, 25, 37, 43, 36, 30, 55 ],
\[ 4, 7, 15, 20, 21, 28, 31, 1, 12, 38, 25, 43, 2, 39, 48, 49, 9, 3, 23, 8, 45, 44, 58, 60, 52, 5, 46, 63, 6, 33, 13, 14, 53, 36, 61, 55, 41, 62, 57, 10, 64, 11, 17, 16, 26, 50, 34, 18, 22, 59, 37, 42, 54, 30, 47, 19, 32, 56, 27, 35, 24, 40, 29, 51 ]:
 Order := 64 > |
[ 7, 12, 1, 23, 25, 4, 33, 36, 28, 2, 41, 44, 46, 3, 50, 5, 15, 53, 43, 42, 47, 20, 10, 21, 59, 56, 6, 14, 38, 63, 51, 31, 34, 9, 8, 62, 60, 48, 11, 16, 18, 54, 61, 27, 13, 55, 39, 45, 30, 35, 49, 17, 24, 19, 64, 32, 22, 37, 58, 40, 57, 52, 26, 29 ],
[ 6, 1, 17, 22, 24, 9, 32, 3, 2, 29, 5, 19, 10, 47, 38, 51, 34, 14, 4, 35, 48, 12, 59, 37, 62, 16, 13, 30, 27, 7, 45, 28, 18, 8, 43, 46, 11, 36, 61, 23, 55, 39, 52, 40, 63, 15, 33, 41, 57, 25, 58, 20, 42, 49, 21, 54, 56, 26, 44, 50, 53, 60, 64, 31 ],
[ 8, 13, 18, 1, 26, 29, 2, 20, 17, 40, 42, 9, 31, 32, 3, 44, 43, 48, 56, 4, 5, 49, 19, 61, 11, 45, 59, 6, 63, 54, 7, 57, 30, 47, 60, 34, 51, 10, 14, 62, 37, 52, 12, 22, 21, 27, 55, 15, 16, 46, 64, 25, 33, 53, 36, 58, 39, 23, 50, 24, 35, 38, 28, 41 ]
],
[ PermutationGroup<64 |  
\[ 2, 9, 8, 19, 11, 1, 30, 34, 6, 13, 37, 22, 27, 18, 46, 26, 3, 33, 12, 52, 55, 4, 40, 5, 50, 58, 29, 32, 10, 28, 64, 7, 47, 17, 20, 38, 24, 15, 42, 44, 48, 53, 35, 59, 31, 36, 14, 21, 54, 60, 16, 43, 61, 56, 41, 57, 49, 51, 23, 62, 39, 25, 45, 63 ],
\[ 3, 10, 14, 6, 16, 27, 1, 35, 34, 23, 39, 2, 45, 28, 17, 40, 52, 41, 54, 22, 24, 57, 4, 53, 5, 63, 44, 9, 64, 49, 32, 56, 7, 33, 50, 8, 58, 29, 47, 60, 11, 20, 19, 12, 48, 13, 21, 38, 51, 15, 31, 62, 18, 42, 46, 26, 61, 59, 25, 37, 43, 36, 30, 55 ],
\[ 4, 7, 15, 20, 21, 28, 31, 1, 12, 38, 25, 43, 2, 39, 48, 49, 9, 3, 23, 8, 45, 44, 58, 60, 52, 5, 46, 63, 6, 33, 13, 14, 53, 36, 61, 55, 41, 62, 57, 10, 64, 11, 17, 16, 26, 50, 34, 18, 22, 59, 37, 42, 54, 30, 47, 19, 32, 56, 27, 35, 24, 40, 29, 51 ]:
 Order := 64 > |
[ 7, 12, 1, 23, 25, 4, 33, 36, 28, 2, 41, 44, 46, 3, 50, 5, 15, 53, 43, 42, 47, 20, 10, 21, 59, 56, 6, 14, 38, 63, 51, 31, 34, 9, 8, 62, 60, 48, 11, 16, 18, 54, 61, 27, 13, 55, 39, 45, 30, 35, 49, 17, 24, 19, 64, 32, 22, 37, 58, 40, 57, 52, 26, 29 ],
[ 23, 33, 50, 42, 47, 14, 51, 7, 44, 48, 59, 61, 12, 11, 45, 30, 28, 1, 10, 36, 13, 27, 37, 40, 17, 25, 55, 26, 4, 34, 46, 3, 24, 62, 57, 64, 18, 52, 22, 2, 29, 41, 15, 5, 56, 35, 9, 53, 20, 58, 60, 54, 19, 63, 39, 43, 31, 32, 6, 8, 21, 16, 38, 49 ],
[ 32, 19, 6, 59, 62, 22, 18, 46, 30, 1, 55, 40, 15, 17, 25, 24, 38, 42, 52, 39, 33, 35, 29, 48, 44, 54, 9, 47, 36, 64, 58, 45, 8, 2, 3, 60, 50, 41, 5, 51, 14, 49, 53, 13, 10, 21, 61, 63, 7, 43, 57, 34, 37, 4, 31, 28, 12, 11, 26, 23, 56, 20, 16, 27 ]
],
[ PermutationGroup<64 |  
\[ 2, 9, 8, 19, 11, 1, 30, 34, 6, 13, 37, 22, 27, 18, 46, 26, 3, 33, 12, 52, 55, 4, 40, 5, 50, 58, 29, 32, 10, 28, 64, 7, 47, 17, 20, 38, 24, 15, 42, 44, 48, 53, 35, 59, 31, 36, 14, 21, 54, 60, 16, 43, 61, 56, 41, 57, 49, 51, 23, 62, 39, 25, 45, 63 ],
\[ 3, 10, 14, 6, 16, 27, 1, 35, 34, 23, 39, 2, 45, 28, 17, 40, 52, 41, 54, 22, 24, 57, 4, 53, 5, 63, 44, 9, 64, 49, 32, 56, 7, 33, 50, 8, 58, 29, 47, 60, 11, 20, 19, 12, 48, 13, 21, 38, 51, 15, 31, 62, 18, 42, 46, 26, 61, 59, 25, 37, 43, 36, 30, 55 ],
\[ 4, 7, 15, 20, 21, 28, 31, 1, 12, 38, 25, 43, 2, 39, 48, 49, 9, 3, 23, 8, 45, 44, 58, 60, 52, 5, 46, 63, 6, 33, 13, 14, 53, 36, 61, 55, 41, 62, 57, 10, 64, 11, 17, 16, 26, 50, 34, 18, 22, 59, 37, 42, 54, 30, 47, 19, 32, 56, 27, 35, 24, 40, 29, 51 ]:
 Order := 64 > |
[ 7, 12, 1, 23, 25, 4, 33, 36, 28, 2, 41, 44, 46, 3, 50, 5, 15, 53, 43, 42, 47, 20, 10, 21, 59, 56, 6, 14, 38, 63, 51, 31, 34, 9, 8, 62, 60, 48, 11, 16, 18, 54, 61, 27, 13, 55, 39, 45, 30, 35, 49, 17, 24, 19, 64, 32, 22, 37, 58, 40, 57, 52, 26, 29 ],
[ 10, 34, 35, 54, 39, 3, 49, 33, 27, 45, 58, 57, 44, 41, 13, 63, 14, 7, 2, 62, 46, 6, 60, 16, 15, 59, 64, 56, 23, 9, 55, 1, 21, 52, 22, 29, 53, 17, 20, 12, 38, 18, 50, 25, 32, 8, 28, 24, 42, 37, 40, 19, 43, 26, 11, 61, 51, 31, 4, 36, 47, 5, 48, 30 ],
[ 6, 1, 17, 22, 24, 9, 32, 3, 2, 29, 5, 19, 10, 47, 38, 51, 34, 14, 4, 35, 48, 12, 59, 37, 62, 16, 13, 30, 27, 7, 45, 28, 18, 8, 43, 46, 11, 36, 61, 23, 55, 39, 52, 40, 63, 15, 33, 41, 57, 25, 58, 20, 42, 49, 21, 54, 56, 26, 44, 50, 53, 60, 64, 31 ]
],
[ PermutationGroup<64 |  
\[ 2, 9, 8, 19, 11, 1, 30, 34, 6, 13, 37, 22, 27, 18, 46, 26, 3, 33, 12, 52, 55, 4, 40, 5, 50, 58, 29, 32, 10, 28, 64, 7, 47, 17, 20, 38, 24, 15, 42, 44, 48, 53, 35, 59, 31, 36, 14, 21, 54, 60, 16, 43, 61, 56, 41, 57, 49, 51, 23, 62, 39, 25, 45, 63 ],
\[ 3, 10, 14, 6, 16, 27, 1, 35, 34, 23, 39, 2, 45, 28, 17, 40, 52, 41, 54, 22, 24, 57, 4, 53, 5, 63, 44, 9, 64, 49, 32, 56, 7, 33, 50, 8, 58, 29, 47, 60, 11, 20, 19, 12, 48, 13, 21, 38, 51, 15, 31, 62, 18, 42, 46, 26, 61, 59, 25, 37, 43, 36, 30, 55 ],
\[ 4, 7, 15, 20, 21, 28, 31, 1, 12, 38, 25, 43, 2, 39, 48, 49, 9, 3, 23, 8, 45, 44, 58, 60, 52, 5, 46, 63, 6, 33, 13, 14, 53, 36, 61, 55, 41, 62, 57, 10, 64, 11, 17, 16, 26, 50, 34, 18, 22, 59, 37, 42, 54, 30, 47, 19, 32, 56, 27, 35, 24, 40, 29, 51 ]:
 Order := 64 > |
[ 7, 12, 1, 23, 25, 4, 33, 36, 28, 2, 41, 44, 46, 3, 50, 5, 15, 53, 43, 42, 47, 20, 10, 21, 59, 56, 6, 14, 38, 63, 51, 31, 34, 9, 8, 62, 60, 48, 11, 16, 18, 54, 61, 27, 13, 55, 39, 45, 30, 35, 49, 17, 24, 19, 64, 32, 22, 37, 58, 40, 57, 52, 26, 29 ],
[ 41, 60, 56, 64, 12, 25, 35, 37, 21, 54, 28, 45, 24, 27, 19, 36, 5, 58, 18, 51, 43, 47, 3, 7, 63, 9, 57, 52, 11, 40, 61, 59, 10, 49, 13, 22, 4, 30, 46, 53, 20, 6, 26, 34, 17, 32, 16, 23, 55, 14, 1, 29, 38, 62, 44, 48, 50, 15, 39, 31, 2, 33, 42, 8 ],
[ 23, 33, 50, 42, 47, 14, 51, 7, 44, 48, 59, 61, 12, 11, 45, 30, 28, 1, 10, 36, 13, 27, 37, 40, 17, 25, 55, 26, 4, 34, 46, 3, 24, 62, 57, 64, 18, 52, 22, 2, 29, 41, 15, 5, 56, 35, 9, 53, 20, 58, 60, 54, 19, 63, 39, 43, 31, 32, 6, 8, 21, 16, 38, 49 ]
]
];
s`SolvableDBMonodromyGroup := PermutationGroup<64 |  
\[ 2, 9, 8, 19, 11, 1, 30, 34, 6, 13, 37, 22, 27, 18, 46, 26, 3, 33, 12, 52, 55, 4, 40, 5, 50, 58, 29, 32, 10, 28, 64, 7, 47, 17, 20, 38, 24, 15, 42, 44, 48, 53, 35, 59, 31, 36, 14, 21, 54, 60, 16, 43, 61, 56, 41, 57, 49, 51, 23, 62, 39, 25, 45, 63 ],
\[ 3, 10, 14, 6, 16, 27, 1, 35, 34, 23, 39, 2, 45, 28, 17, 40, 52, 41, 54, 22, 24, 57, 4, 53, 5, 63, 44, 9, 64, 49, 32, 56, 7, 33, 50, 8, 58, 29, 47, 60, 11, 20, 19, 12, 48, 13, 21, 38, 51, 15, 31, 62, 18, 42, 46, 26, 61, 59, 25, 37, 43, 36, 30, 55 ],
\[ 4, 7, 15, 20, 21, 28, 31, 1, 12, 38, 25, 43, 2, 39, 48, 49, 9, 3, 23, 8, 45, 44, 58, 60, 52, 5, 46, 63, 6, 33, 13, 14, 53, 36, 61, 55, 41, 62, 57, 10, 64, 11, 17, 16, 26, 50, 34, 18, 22, 59, 37, 42, 54, 30, 47, 19, 32, 56, 27, 35, 24, 40, 29, 51 ] >;
s`SolvableDBAutomorphismGroup := PermutationGroup<64 |  
\[ 34, 17, 33, 36, 58, 8, 9, 47, 3, 52, 51, 15, 43, 7, 53, 59, 18, 30, 38, 55, 56, 46, 62, 26, 37, 23, 35, 1, 20, 6, 12, 2, 28, 14, 21, 39, 16, 42, 31, 25, 49, 64, 48, 50, 19, 61, 32, 54, 27, 24, 44, 41, 63, 29, 57, 10, 13, 40, 60, 5, 45, 11, 4, 22 ],
\[ 47, 14, 21, 34, 23, 33, 39, 55, 18, 28, 40, 3, 32, 24, 45, 4, 48, 5, 17, 36, 58, 8, 9, 59, 10, 19, 7, 53, 30, 42, 57, 61, 11, 41, 46, 64, 44, 63, 60, 6, 16, 62, 15, 1, 56, 31, 37, 26, 20, 13, 22, 38, 25, 52, 51, 43, 35, 12, 2, 27, 50, 29, 54, 49 ]:
 Order := 64 >;
s`SolvableDBPointedAutomorphismGroup := PermutationGroup<64 |  
\[ 6, 1, 27, 28, 24, 9, 4, 29, 2, 3, 5, 7, 8, 44, 46, 53, 13, 59, 32, 63, 60, 30, 14, 37, 21, 61, 34, 12, 17, 19, 20, 22, 23, 10, 64, 38, 11, 15, 16, 18, 25, 26, 31, 33, 35, 36, 40, 50, 54, 55, 42, 45, 58, 56, 62, 57, 49, 39, 47, 41, 51, 48, 43, 52 ]:
 Order := 4 >;

/*
Top Level Belyi Curve/Map
*/


/*
Graph Data
*/

s`SolvableDBPathToPP1 := [ Strings() | "PP1", "2T1-2,2,1-g0-path1", "4T2-2,2,2-g0-path3", "8T4-2,4,2-g0-path3", "16T14-4,8,4-g4-path3", "32S10-4,8,4-g7-path33", "64S9-4,8,4-g13-path53" ];
s`SolvableDBChildren := [ Strings() | "32S10-4,8,4-g7-path33" ];

/*
Return for eval
*/

return s;
