s := SolvableDBObjectInitialize();

/*
Basic Information about the Passport
*/

s`SolvableDBName := "64S9-8,4,4-g13-path149";
s`SolvableDBFilename := "64S9-8,4,4-g13-path149.m";
s`SolvableDBPathNumber := 149;
s`SolvableDBDegree := 64;
s`SolvableDBABC := \[ 8, 4, 4 ];
s`SolvableDBType := "Hyperbolic";
s`SolvableDBGenus := 13;
s`SolvableDBGaloisOrbitSize := 1;
s`SolvableDBPassportSize := 4;
s`SolvableDBPointedPassportSize := 4;
s`SolvableDBLevel := 6;
s`SolvableDBBlocks := {@ PowerSet(IntegerRing()) |
{ IntegerRing() | 1, 5 },
{ IntegerRing() | 2, 11 },
{ IntegerRing() | 3, 16 },
{ IntegerRing() | 4, 21 },
{ IntegerRing() | 6, 24 },
{ IntegerRing() | 7, 25 },
{ IntegerRing() | 8, 26 },
{ IntegerRing() | 9, 29 },
{ IntegerRing() | 10, 41 },
{ IntegerRing() | 12, 17 },
{ IntegerRing() | 13, 43 },
{ IntegerRing() | 14, 47 },
{ IntegerRing() | 15, 39 },
{ IntegerRing() | 18, 50 },
{ IntegerRing() | 19, 56 },
{ IntegerRing() | 20, 57 },
{ IntegerRing() | 22, 58 },
{ IntegerRing() | 23, 59 },
{ IntegerRing() | 27, 31 },
{ IntegerRing() | 28, 37 },
{ IntegerRing() | 30, 61 },
{ IntegerRing() | 32, 62 },
{ IntegerRing() | 33, 55 },
{ IntegerRing() | 34, 52 },
{ IntegerRing() | 35, 63 },
{ IntegerRing() | 36, 48 },
{ IntegerRing() | 38, 54 },
{ IntegerRing() | 40, 53 },
{ IntegerRing() | 42, 49 },
{ IntegerRing() | 44, 51 },
{ IntegerRing() | 45, 64 },
{ IntegerRing() | 46, 60 }
@};

/*
Permutations and Passports
*/

s`SolvableDBGaloisOrbit := [ PowerSequence(PermutationGroup<64 |  
\[ 2, 3, 4, 5, 6, 7, 8, 9, 10, 11, 12, 13, 14, 15, 16, 17, 18, 19, 20, 21, 22, 23, 24, 25, 26, 27, 28, 29, 30, 31, 32, 33, 34, 35, 36, 37, 38, 39, 40, 41, 42, 43, 44, 45, 46, 47, 48, 49, 50, 51, 52, 53, 54, 55, 56, 57, 58, 59, 60, 61, 62, 63, 64, 1 ],
\[ 2, 1, 3, 4, 5, 6, 7, 8, 9, 10, 11, 12, 13, 14, 15, 16, 17, 18, 19, 20, 21, 22, 23, 24, 25, 26, 27, 28, 29, 30, 31, 32, 33, 34, 35, 36, 37, 38, 39, 40, 41, 42, 43, 44, 45, 46, 47, 48, 49, 50, 51, 52, 53, 54, 55, 56, 57, 58, 59, 60, 61, 62, 63, 64 ]:
 Order := 126886932185884164103433389335161480802865516174545192198801894375214704230400000000000000 >) |
[ PermutationGroup<64 |  
\[ 2, 3, 4, 5, 6, 7, 8, 9, 10, 11, 12, 13, 14, 15, 16, 17, 18, 19, 20, 21, 22, 23, 24, 25, 26, 27, 28, 29, 30, 31, 32, 33, 34, 35, 36, 37, 38, 39, 40, 41, 42, 43, 44, 45, 46, 47, 48, 49, 50, 51, 52, 53, 54, 55, 56, 57, 58, 59, 60, 61, 62, 63, 64, 1 ],
\[ 2, 1, 3, 4, 5, 6, 7, 8, 9, 10, 11, 12, 13, 14, 15, 16, 17, 18, 19, 20, 21, 22, 23, 24, 25, 26, 27, 28, 29, 30, 31, 32, 33, 34, 35, 36, 37, 38, 39, 40, 41, 42, 43, 44, 45, 46, 47, 48, 49, 50, 51, 52, 53, 54, 55, 56, 57, 58, 59, 60, 61, 62, 63, 64 ]:
 Order := 126886932185884164103433389335161480802865516174545192198801894375214704230400000000000000 > |
[ 2, 9, 8, 19, 11, 1, 31, 34, 24, 13, 29, 16, 45, 18, 49, 26, 3, 53, 38, 32, 56, 4, 60, 5, 27, 52, 30, 10, 6, 33, 61, 44, 7, 12, 20, 47, 41, 58, 42, 48, 43, 59, 64, 63, 37, 15, 50, 14, 23, 40, 35, 17, 36, 22, 25, 54, 62, 21, 46, 39, 55, 51, 57, 28 ],
[ 3, 10, 14, 6, 16, 27, 1, 35, 19, 39, 41, 2, 20, 7, 17, 47, 11, 54, 53, 22, 24, 46, 4, 31, 5, 63, 23, 29, 56, 51, 59, 33, 50, 49, 64, 8, 9, 32, 12, 28, 15, 30, 57, 34, 48, 13, 25, 26, 61, 38, 52, 42, 37, 62, 18, 40, 58, 60, 21, 43, 44, 55, 45, 36 ],
[ 4, 7, 15, 20, 21, 28, 32, 1, 12, 40, 25, 44, 2, 45, 22, 39, 51, 3, 23, 8, 57, 18, 34, 37, 62, 5, 47, 35, 17, 6, 14, 13, 42, 36, 30, 19, 63, 9, 58, 33, 53, 10, 11, 38, 46, 31, 64, 56, 41, 16, 54, 48, 55, 29, 49, 59, 26, 50, 52, 27, 24, 43, 61, 60 ]
]
];
s`SolvableDBPassport := [ PowerSequence(PermutationGroup<64 |  
\[ 2, 9, 8, 19, 11, 1, 31, 34, 24, 13, 29, 16, 45, 18, 49, 26, 3, 53, 38, 32, 56, 4, 60, 5, 27, 52, 30, 10, 6, 33, 61, 44, 7, 12, 20, 47, 41, 58, 42, 48, 43, 59, 64, 63, 37, 15, 50, 14, 23, 40, 35, 17, 36, 22, 25, 54, 62, 21, 46, 39, 55, 51, 57, 28 ],
\[ 3, 10, 14, 6, 16, 27, 1, 35, 19, 39, 41, 2, 20, 7, 17, 47, 11, 54, 53, 22, 24, 46, 4, 31, 5, 63, 23, 29, 56, 51, 59, 33, 50, 49, 64, 8, 9, 32, 12, 28, 15, 30, 57, 34, 48, 13, 25, 26, 61, 38, 52, 42, 37, 62, 18, 40, 58, 60, 21, 43, 44, 55, 45, 36 ],
\[ 4, 7, 15, 20, 21, 28, 32, 1, 12, 40, 25, 44, 2, 45, 22, 39, 51, 3, 23, 8, 57, 18, 34, 37, 62, 5, 47, 35, 17, 6, 14, 13, 42, 36, 30, 19, 63, 9, 58, 33, 53, 10, 11, 38, 46, 31, 64, 56, 41, 16, 54, 48, 55, 29, 49, 59, 26, 50, 52, 27, 24, 43, 61, 60 ]:
 Order := 64 >) |
[ PermutationGroup<64 |  
\[ 2, 9, 8, 19, 11, 1, 31, 34, 24, 13, 29, 16, 45, 18, 49, 26, 3, 53, 38, 32, 56, 4, 60, 5, 27, 52, 30, 10, 6, 33, 61, 44, 7, 12, 20, 47, 41, 58, 42, 48, 43, 59, 64, 63, 37, 15, 50, 14, 23, 40, 35, 17, 36, 22, 25, 54, 62, 21, 46, 39, 55, 51, 57, 28 ],
\[ 3, 10, 14, 6, 16, 27, 1, 35, 19, 39, 41, 2, 20, 7, 17, 47, 11, 54, 53, 22, 24, 46, 4, 31, 5, 63, 23, 29, 56, 51, 59, 33, 50, 49, 64, 8, 9, 32, 12, 28, 15, 30, 57, 34, 48, 13, 25, 26, 61, 38, 52, 42, 37, 62, 18, 40, 58, 60, 21, 43, 44, 55, 45, 36 ],
\[ 4, 7, 15, 20, 21, 28, 32, 1, 12, 40, 25, 44, 2, 45, 22, 39, 51, 3, 23, 8, 57, 18, 34, 37, 62, 5, 47, 35, 17, 6, 14, 13, 42, 36, 30, 19, 63, 9, 58, 33, 53, 10, 11, 38, 46, 31, 64, 56, 41, 16, 54, 48, 55, 29, 49, 59, 26, 50, 52, 27, 24, 43, 61, 60 ]:
 Order := 64 > |
[ 2, 9, 8, 19, 11, 1, 31, 34, 24, 13, 29, 16, 45, 18, 49, 26, 3, 53, 38, 32, 56, 4, 60, 5, 27, 52, 30, 10, 6, 33, 61, 44, 7, 12, 20, 47, 41, 58, 42, 48, 43, 59, 64, 63, 37, 15, 50, 14, 23, 40, 35, 17, 36, 22, 25, 54, 62, 21, 46, 39, 55, 51, 57, 28 ],
[ 3, 10, 14, 6, 16, 27, 1, 35, 19, 39, 41, 2, 20, 7, 17, 47, 11, 54, 53, 22, 24, 46, 4, 31, 5, 63, 23, 29, 56, 51, 59, 33, 50, 49, 64, 8, 9, 32, 12, 28, 15, 30, 57, 34, 48, 13, 25, 26, 61, 38, 52, 42, 37, 62, 18, 40, 58, 60, 21, 43, 44, 55, 45, 36 ],
[ 4, 7, 15, 20, 21, 28, 32, 1, 12, 40, 25, 44, 2, 45, 22, 39, 51, 3, 23, 8, 57, 18, 34, 37, 62, 5, 47, 35, 17, 6, 14, 13, 42, 36, 30, 19, 63, 9, 58, 33, 53, 10, 11, 38, 46, 31, 64, 56, 41, 16, 54, 48, 55, 29, 49, 59, 26, 50, 52, 27, 24, 43, 61, 60 ]
],
[ PermutationGroup<64 |  
\[ 2, 9, 8, 19, 11, 1, 31, 34, 24, 13, 29, 16, 45, 18, 49, 26, 3, 53, 38, 32, 56, 4, 60, 5, 27, 52, 30, 10, 6, 33, 61, 44, 7, 12, 20, 47, 41, 58, 42, 48, 43, 59, 64, 63, 37, 15, 50, 14, 23, 40, 35, 17, 36, 22, 25, 54, 62, 21, 46, 39, 55, 51, 57, 28 ],
\[ 3, 10, 14, 6, 16, 27, 1, 35, 19, 39, 41, 2, 20, 7, 17, 47, 11, 54, 53, 22, 24, 46, 4, 31, 5, 63, 23, 29, 56, 51, 59, 33, 50, 49, 64, 8, 9, 32, 12, 28, 15, 30, 57, 34, 48, 13, 25, 26, 61, 38, 52, 42, 37, 62, 18, 40, 58, 60, 21, 43, 44, 55, 45, 36 ],
\[ 4, 7, 15, 20, 21, 28, 32, 1, 12, 40, 25, 44, 2, 45, 22, 39, 51, 3, 23, 8, 57, 18, 34, 37, 62, 5, 47, 35, 17, 6, 14, 13, 42, 36, 30, 19, 63, 9, 58, 33, 53, 10, 11, 38, 46, 31, 64, 56, 41, 16, 54, 48, 55, 29, 49, 59, 26, 50, 52, 27, 24, 43, 61, 60 ]:
 Order := 64 > |
[ 2, 9, 8, 19, 11, 1, 31, 34, 24, 13, 29, 16, 45, 18, 49, 26, 3, 53, 38, 32, 56, 4, 60, 5, 27, 52, 30, 10, 6, 33, 61, 44, 7, 12, 20, 47, 41, 58, 42, 48, 43, 59, 64, 63, 37, 15, 50, 14, 23, 40, 35, 17, 36, 22, 25, 54, 62, 21, 46, 39, 55, 51, 57, 28 ],
[ 34, 45, 53, 2, 52, 33, 9, 32, 58, 59, 64, 24, 44, 61, 8, 40, 6, 4, 47, 19, 11, 49, 38, 55, 29, 62, 39, 1, 22, 20, 15, 31, 48, 60, 10, 12, 5, 63, 26, 13, 23, 7, 51, 16, 18, 37, 30, 17, 25, 21, 3, 46, 43, 35, 36, 14, 56, 42, 54, 28, 57, 27, 41, 50 ],
[ 17, 28, 48, 29, 12, 25, 6, 51, 4, 60, 37, 1, 35, 33, 52, 36, 5, 56, 18, 54, 9, 59, 22, 7, 24, 44, 49, 11, 21, 62, 42, 30, 47, 15, 43, 3, 2, 20, 34, 64, 46, 27, 63, 8, 40, 10, 55, 16, 31, 19, 26, 39, 45, 57, 14, 50, 38, 23, 58, 41, 32, 61, 13, 53 ]
],
[ PermutationGroup<64 |  
\[ 2, 9, 8, 19, 11, 1, 31, 34, 24, 13, 29, 16, 45, 18, 49, 26, 3, 53, 38, 32, 56, 4, 60, 5, 27, 52, 30, 10, 6, 33, 61, 44, 7, 12, 20, 47, 41, 58, 42, 48, 43, 59, 64, 63, 37, 15, 50, 14, 23, 40, 35, 17, 36, 22, 25, 54, 62, 21, 46, 39, 55, 51, 57, 28 ],
\[ 3, 10, 14, 6, 16, 27, 1, 35, 19, 39, 41, 2, 20, 7, 17, 47, 11, 54, 53, 22, 24, 46, 4, 31, 5, 63, 23, 29, 56, 51, 59, 33, 50, 49, 64, 8, 9, 32, 12, 28, 15, 30, 57, 34, 48, 13, 25, 26, 61, 38, 52, 42, 37, 62, 18, 40, 58, 60, 21, 43, 44, 55, 45, 36 ],
\[ 4, 7, 15, 20, 21, 28, 32, 1, 12, 40, 25, 44, 2, 45, 22, 39, 51, 3, 23, 8, 57, 18, 34, 37, 62, 5, 47, 35, 17, 6, 14, 13, 42, 36, 30, 19, 63, 9, 58, 33, 53, 10, 11, 38, 46, 31, 64, 56, 41, 16, 54, 48, 55, 29, 49, 59, 26, 50, 52, 27, 24, 43, 61, 60 ]:
 Order := 64 > |
[ 2, 9, 8, 19, 11, 1, 31, 34, 24, 13, 29, 16, 45, 18, 49, 26, 3, 53, 38, 32, 56, 4, 60, 5, 27, 52, 30, 10, 6, 33, 61, 44, 7, 12, 20, 47, 41, 58, 42, 48, 43, 59, 64, 63, 37, 15, 50, 14, 23, 40, 35, 17, 36, 22, 25, 54, 62, 21, 46, 39, 55, 51, 57, 28 ],
[ 4, 7, 15, 20, 21, 28, 32, 1, 12, 40, 25, 44, 2, 45, 22, 39, 51, 3, 23, 8, 57, 18, 34, 37, 62, 5, 47, 35, 17, 6, 14, 13, 42, 36, 30, 19, 63, 9, 58, 33, 53, 10, 11, 38, 46, 31, 64, 56, 41, 16, 54, 48, 55, 29, 49, 59, 26, 50, 52, 27, 24, 43, 61, 60 ],
[ 30, 8, 29, 15, 61, 54, 40, 18, 13, 6, 26, 23, 42, 52, 45, 9, 59, 31, 1, 28, 39, 51, 55, 38, 53, 50, 11, 47, 43, 60, 2, 4, 35, 20, 17, 41, 14, 36, 64, 58, 24, 16, 49, 7, 32, 56, 34, 10, 3, 27, 25, 57, 22, 48, 63, 5, 37, 44, 33, 19, 46, 21, 12, 62 ]
],
[ PermutationGroup<64 |  
\[ 2, 9, 8, 19, 11, 1, 31, 34, 24, 13, 29, 16, 45, 18, 49, 26, 3, 53, 38, 32, 56, 4, 60, 5, 27, 52, 30, 10, 6, 33, 61, 44, 7, 12, 20, 47, 41, 58, 42, 48, 43, 59, 64, 63, 37, 15, 50, 14, 23, 40, 35, 17, 36, 22, 25, 54, 62, 21, 46, 39, 55, 51, 57, 28 ],
\[ 3, 10, 14, 6, 16, 27, 1, 35, 19, 39, 41, 2, 20, 7, 17, 47, 11, 54, 53, 22, 24, 46, 4, 31, 5, 63, 23, 29, 56, 51, 59, 33, 50, 49, 64, 8, 9, 32, 12, 28, 15, 30, 57, 34, 48, 13, 25, 26, 61, 38, 52, 42, 37, 62, 18, 40, 58, 60, 21, 43, 44, 55, 45, 36 ],
\[ 4, 7, 15, 20, 21, 28, 32, 1, 12, 40, 25, 44, 2, 45, 22, 39, 51, 3, 23, 8, 57, 18, 34, 37, 62, 5, 47, 35, 17, 6, 14, 13, 42, 36, 30, 19, 63, 9, 58, 33, 53, 10, 11, 38, 46, 31, 64, 56, 41, 16, 54, 48, 55, 29, 49, 59, 26, 50, 52, 27, 24, 43, 61, 60 ]:
 Order := 64 > |
[ 2, 9, 8, 19, 11, 1, 31, 34, 24, 13, 29, 16, 45, 18, 49, 26, 3, 53, 38, 32, 56, 4, 60, 5, 27, 52, 30, 10, 6, 33, 61, 44, 7, 12, 20, 47, 41, 58, 42, 48, 43, 59, 64, 63, 37, 15, 50, 14, 23, 40, 35, 17, 36, 22, 25, 54, 62, 21, 46, 39, 55, 51, 57, 28 ],
[ 12, 37, 36, 9, 17, 7, 24, 44, 21, 46, 28, 5, 63, 55, 34, 48, 1, 19, 50, 38, 29, 23, 58, 25, 6, 51, 42, 2, 4, 32, 49, 61, 14, 39, 13, 16, 11, 57, 52, 45, 60, 31, 35, 26, 53, 41, 33, 3, 27, 56, 8, 15, 64, 20, 47, 18, 54, 59, 22, 10, 62, 30, 43, 40 ],
[ 25, 17, 5, 59, 7, 21, 47, 48, 28, 11, 12, 15, 60, 16, 10, 1, 39, 33, 29, 43, 23, 57, 31, 4, 14, 36, 24, 53, 37, 49, 6, 54, 62, 51, 26, 45, 40, 18, 41, 19, 2, 34, 46, 30, 35, 58, 3, 64, 52, 55, 61, 44, 56, 50, 32, 9, 13, 20, 27, 22, 42, 38, 8, 63 ]
]
];
s`SolvableDBPointedPassport := [ PowerSequence(PermutationGroup<64 |  
\[ 2, 9, 8, 19, 11, 1, 31, 34, 24, 13, 29, 16, 45, 18, 49, 26, 3, 53, 38, 32, 56, 4, 60, 5, 27, 52, 30, 10, 6, 33, 61, 44, 7, 12, 20, 47, 41, 58, 42, 48, 43, 59, 64, 63, 37, 15, 50, 14, 23, 40, 35, 17, 36, 22, 25, 54, 62, 21, 46, 39, 55, 51, 57, 28 ],
\[ 3, 10, 14, 6, 16, 27, 1, 35, 19, 39, 41, 2, 20, 7, 17, 47, 11, 54, 53, 22, 24, 46, 4, 31, 5, 63, 23, 29, 56, 51, 59, 33, 50, 49, 64, 8, 9, 32, 12, 28, 15, 30, 57, 34, 48, 13, 25, 26, 61, 38, 52, 42, 37, 62, 18, 40, 58, 60, 21, 43, 44, 55, 45, 36 ],
\[ 4, 7, 15, 20, 21, 28, 32, 1, 12, 40, 25, 44, 2, 45, 22, 39, 51, 3, 23, 8, 57, 18, 34, 37, 62, 5, 47, 35, 17, 6, 14, 13, 42, 36, 30, 19, 63, 9, 58, 33, 53, 10, 11, 38, 46, 31, 64, 56, 41, 16, 54, 48, 55, 29, 49, 59, 26, 50, 52, 27, 24, 43, 61, 60 ]:
 Order := 64 >) |
[ PermutationGroup<64 |  
\[ 2, 9, 8, 19, 11, 1, 31, 34, 24, 13, 29, 16, 45, 18, 49, 26, 3, 53, 38, 32, 56, 4, 60, 5, 27, 52, 30, 10, 6, 33, 61, 44, 7, 12, 20, 47, 41, 58, 42, 48, 43, 59, 64, 63, 37, 15, 50, 14, 23, 40, 35, 17, 36, 22, 25, 54, 62, 21, 46, 39, 55, 51, 57, 28 ],
\[ 3, 10, 14, 6, 16, 27, 1, 35, 19, 39, 41, 2, 20, 7, 17, 47, 11, 54, 53, 22, 24, 46, 4, 31, 5, 63, 23, 29, 56, 51, 59, 33, 50, 49, 64, 8, 9, 32, 12, 28, 15, 30, 57, 34, 48, 13, 25, 26, 61, 38, 52, 42, 37, 62, 18, 40, 58, 60, 21, 43, 44, 55, 45, 36 ],
\[ 4, 7, 15, 20, 21, 28, 32, 1, 12, 40, 25, 44, 2, 45, 22, 39, 51, 3, 23, 8, 57, 18, 34, 37, 62, 5, 47, 35, 17, 6, 14, 13, 42, 36, 30, 19, 63, 9, 58, 33, 53, 10, 11, 38, 46, 31, 64, 56, 41, 16, 54, 48, 55, 29, 49, 59, 26, 50, 52, 27, 24, 43, 61, 60 ]:
 Order := 64 > |
[ 36, 46, 55, 7, 48, 42, 12, 13, 50, 52, 60, 37, 38, 24, 1, 33, 28, 20, 64, 23, 25, 41, 9, 49, 17, 43, 58, 4, 18, 8, 22, 14, 56, 27, 40, 44, 21, 61, 5, 2, 34, 32, 54, 39, 3, 63, 6, 51, 62, 57, 15, 31, 11, 30, 19, 45, 59, 10, 29, 35, 26, 47, 53, 16 ],
[ 3, 10, 14, 6, 16, 27, 1, 35, 19, 39, 41, 2, 20, 7, 17, 47, 11, 54, 53, 22, 24, 46, 4, 31, 5, 63, 23, 29, 56, 51, 59, 33, 50, 49, 64, 8, 9, 32, 12, 28, 15, 30, 57, 34, 48, 13, 25, 26, 61, 38, 52, 42, 37, 62, 18, 40, 58, 60, 21, 43, 44, 55, 45, 36 ],
[ 41, 56, 63, 40, 10, 16, 23, 42, 27, 57, 19, 14, 36, 38, 30, 35, 47, 28, 62, 55, 53, 24, 13, 3, 59, 49, 44, 15, 31, 18, 51, 52, 5, 11, 58, 7, 39, 46, 61, 8, 20, 4, 48, 64, 29, 12, 54, 25, 21, 37, 45, 2, 26, 60, 1, 32, 33, 6, 43, 17, 50, 34, 22, 9 ]
],
[ PermutationGroup<64 |  
\[ 2, 9, 8, 19, 11, 1, 31, 34, 24, 13, 29, 16, 45, 18, 49, 26, 3, 53, 38, 32, 56, 4, 60, 5, 27, 52, 30, 10, 6, 33, 61, 44, 7, 12, 20, 47, 41, 58, 42, 48, 43, 59, 64, 63, 37, 15, 50, 14, 23, 40, 35, 17, 36, 22, 25, 54, 62, 21, 46, 39, 55, 51, 57, 28 ],
\[ 3, 10, 14, 6, 16, 27, 1, 35, 19, 39, 41, 2, 20, 7, 17, 47, 11, 54, 53, 22, 24, 46, 4, 31, 5, 63, 23, 29, 56, 51, 59, 33, 50, 49, 64, 8, 9, 32, 12, 28, 15, 30, 57, 34, 48, 13, 25, 26, 61, 38, 52, 42, 37, 62, 18, 40, 58, 60, 21, 43, 44, 55, 45, 36 ],
\[ 4, 7, 15, 20, 21, 28, 32, 1, 12, 40, 25, 44, 2, 45, 22, 39, 51, 3, 23, 8, 57, 18, 34, 37, 62, 5, 47, 35, 17, 6, 14, 13, 42, 36, 30, 19, 63, 9, 58, 33, 53, 10, 11, 38, 46, 31, 64, 56, 41, 16, 54, 48, 55, 29, 49, 59, 26, 50, 52, 27, 24, 43, 61, 60 ]:
 Order := 64 > |
[ 36, 46, 55, 7, 48, 42, 12, 13, 50, 52, 60, 37, 38, 24, 1, 33, 28, 20, 64, 23, 25, 41, 9, 49, 17, 43, 58, 4, 18, 8, 22, 14, 56, 27, 40, 44, 21, 61, 5, 2, 34, 32, 54, 39, 3, 63, 6, 51, 62, 57, 15, 31, 11, 30, 19, 45, 59, 10, 29, 35, 26, 47, 53, 16 ],
[ 19, 31, 49, 32, 56, 10, 44, 2, 16, 48, 27, 63, 9, 37, 4, 42, 35, 8, 60, 34, 62, 53, 12, 41, 51, 11, 50, 20, 3, 1, 18, 45, 59, 47, 33, 38, 57, 24, 21, 7, 36, 13, 29, 58, 15, 61, 28, 54, 43, 26, 22, 14, 25, 6, 23, 46, 52, 40, 17, 30, 5, 64, 55, 39 ],
[ 45, 58, 32, 47, 64, 34, 15, 60, 55, 44, 22, 40, 18, 4, 25, 62, 53, 43, 63, 31, 14, 2, 28, 52, 39, 46, 20, 59, 33, 48, 57, 16, 9, 24, 19, 30, 23, 42, 7, 17, 51, 54, 50, 41, 5, 8, 21, 61, 38, 13, 10, 6, 12, 49, 29, 35, 27, 11, 37, 26, 36, 3, 56, 1 ]
],
[ PermutationGroup<64 |  
\[ 2, 9, 8, 19, 11, 1, 31, 34, 24, 13, 29, 16, 45, 18, 49, 26, 3, 53, 38, 32, 56, 4, 60, 5, 27, 52, 30, 10, 6, 33, 61, 44, 7, 12, 20, 47, 41, 58, 42, 48, 43, 59, 64, 63, 37, 15, 50, 14, 23, 40, 35, 17, 36, 22, 25, 54, 62, 21, 46, 39, 55, 51, 57, 28 ],
\[ 3, 10, 14, 6, 16, 27, 1, 35, 19, 39, 41, 2, 20, 7, 17, 47, 11, 54, 53, 22, 24, 46, 4, 31, 5, 63, 23, 29, 56, 51, 59, 33, 50, 49, 64, 8, 9, 32, 12, 28, 15, 30, 57, 34, 48, 13, 25, 26, 61, 38, 52, 42, 37, 62, 18, 40, 58, 60, 21, 43, 44, 55, 45, 36 ],
\[ 4, 7, 15, 20, 21, 28, 32, 1, 12, 40, 25, 44, 2, 45, 22, 39, 51, 3, 23, 8, 57, 18, 34, 37, 62, 5, 47, 35, 17, 6, 14, 13, 42, 36, 30, 19, 63, 9, 58, 33, 53, 10, 11, 38, 46, 31, 64, 56, 41, 16, 54, 48, 55, 29, 49, 59, 26, 50, 52, 27, 24, 43, 61, 60 ]:
 Order := 64 > |
[ 36, 46, 55, 7, 48, 42, 12, 13, 50, 52, 60, 37, 38, 24, 1, 33, 28, 20, 64, 23, 25, 41, 9, 49, 17, 43, 58, 4, 18, 8, 22, 14, 56, 27, 40, 44, 21, 61, 5, 2, 34, 32, 54, 39, 3, 63, 6, 51, 62, 57, 15, 31, 11, 30, 19, 45, 59, 10, 29, 35, 26, 47, 53, 16 ],
[ 41, 56, 63, 40, 10, 16, 23, 42, 27, 57, 19, 14, 36, 38, 30, 35, 47, 28, 62, 55, 53, 24, 13, 3, 59, 49, 44, 15, 31, 18, 51, 52, 5, 11, 58, 7, 39, 46, 61, 8, 20, 4, 48, 64, 29, 12, 54, 25, 21, 37, 45, 2, 26, 60, 1, 32, 33, 6, 43, 17, 50, 34, 22, 9 ],
[ 28, 4, 51, 18, 37, 17, 42, 15, 7, 35, 21, 36, 40, 56, 31, 44, 48, 45, 20, 30, 50, 29, 41, 12, 49, 39, 62, 60, 25, 47, 32, 8, 6, 1, 54, 55, 46, 23, 27, 16, 63, 58, 53, 13, 2, 52, 19, 33, 22, 64, 43, 5, 3, 59, 24, 57, 61, 9, 10, 34, 14, 26, 38, 11 ]
],
[ PermutationGroup<64 |  
\[ 2, 9, 8, 19, 11, 1, 31, 34, 24, 13, 29, 16, 45, 18, 49, 26, 3, 53, 38, 32, 56, 4, 60, 5, 27, 52, 30, 10, 6, 33, 61, 44, 7, 12, 20, 47, 41, 58, 42, 48, 43, 59, 64, 63, 37, 15, 50, 14, 23, 40, 35, 17, 36, 22, 25, 54, 62, 21, 46, 39, 55, 51, 57, 28 ],
\[ 3, 10, 14, 6, 16, 27, 1, 35, 19, 39, 41, 2, 20, 7, 17, 47, 11, 54, 53, 22, 24, 46, 4, 31, 5, 63, 23, 29, 56, 51, 59, 33, 50, 49, 64, 8, 9, 32, 12, 28, 15, 30, 57, 34, 48, 13, 25, 26, 61, 38, 52, 42, 37, 62, 18, 40, 58, 60, 21, 43, 44, 55, 45, 36 ],
\[ 4, 7, 15, 20, 21, 28, 32, 1, 12, 40, 25, 44, 2, 45, 22, 39, 51, 3, 23, 8, 57, 18, 34, 37, 62, 5, 47, 35, 17, 6, 14, 13, 42, 36, 30, 19, 63, 9, 58, 33, 53, 10, 11, 38, 46, 31, 64, 56, 41, 16, 54, 48, 55, 29, 49, 59, 26, 50, 52, 27, 24, 43, 61, 60 ]:
 Order := 64 > |
[ 36, 46, 55, 7, 48, 42, 12, 13, 50, 52, 60, 37, 38, 24, 1, 33, 28, 20, 64, 23, 25, 41, 9, 49, 17, 43, 58, 4, 18, 8, 22, 14, 56, 27, 40, 44, 21, 61, 5, 2, 34, 32, 54, 39, 3, 63, 6, 51, 62, 57, 15, 31, 11, 30, 19, 45, 59, 10, 29, 35, 26, 47, 53, 16 ],
[ 64, 22, 62, 14, 45, 52, 39, 46, 33, 51, 58, 53, 50, 21, 7, 32, 40, 13, 35, 27, 47, 11, 37, 34, 15, 60, 57, 23, 55, 36, 20, 3, 29, 6, 56, 61, 59, 49, 25, 12, 44, 38, 18, 10, 1, 26, 4, 30, 54, 43, 41, 24, 17, 42, 9, 63, 31, 2, 28, 8, 48, 16, 19, 5 ],
[ 25, 17, 5, 59, 7, 21, 47, 48, 28, 11, 12, 15, 60, 16, 10, 1, 39, 33, 29, 43, 23, 57, 31, 4, 14, 36, 24, 53, 37, 49, 6, 54, 62, 51, 26, 45, 40, 18, 41, 19, 2, 34, 46, 30, 35, 58, 3, 64, 52, 55, 61, 44, 56, 50, 32, 9, 13, 20, 27, 22, 42, 38, 8, 63 ]
]
];
s`SolvableDBMonodromyGroup := PermutationGroup<64 |  
\[ 2, 9, 8, 19, 11, 1, 31, 34, 24, 13, 29, 16, 45, 18, 49, 26, 3, 53, 38, 32, 56, 4, 60, 5, 27, 52, 30, 10, 6, 33, 61, 44, 7, 12, 20, 47, 41, 58, 42, 48, 43, 59, 64, 63, 37, 15, 50, 14, 23, 40, 35, 17, 36, 22, 25, 54, 62, 21, 46, 39, 55, 51, 57, 28 ],
\[ 3, 10, 14, 6, 16, 27, 1, 35, 19, 39, 41, 2, 20, 7, 17, 47, 11, 54, 53, 22, 24, 46, 4, 31, 5, 63, 23, 29, 56, 51, 59, 33, 50, 49, 64, 8, 9, 32, 12, 28, 15, 30, 57, 34, 48, 13, 25, 26, 61, 38, 52, 42, 37, 62, 18, 40, 58, 60, 21, 43, 44, 55, 45, 36 ],
\[ 4, 7, 15, 20, 21, 28, 32, 1, 12, 40, 25, 44, 2, 45, 22, 39, 51, 3, 23, 8, 57, 18, 34, 37, 62, 5, 47, 35, 17, 6, 14, 13, 42, 36, 30, 19, 63, 9, 58, 33, 53, 10, 11, 38, 46, 31, 64, 56, 41, 16, 54, 48, 55, 29, 49, 59, 26, 50, 52, 27, 24, 43, 61, 60 ] >;
s`SolvableDBAutomorphismGroup := PermutationGroup<64 |  
\[ 29, 6, 56, 17, 9, 11, 28, 54, 1, 27, 24, 4, 30, 40, 59, 19, 21, 48, 3, 51, 12, 52, 15, 2, 37, 38, 41, 25, 5, 43, 10, 35, 64, 22, 62, 18, 7, 8, 23, 47, 31, 60, 61, 20, 33, 42, 53, 50, 46, 36, 57, 58, 14, 26, 45, 16, 44, 34, 39, 49, 13, 63, 32, 55 ],
\[ 2, 9, 10, 7, 11, 1, 12, 13, 24, 19, 29, 37, 38, 39, 40, 41, 28, 42, 31, 32, 25, 33, 14, 5, 17, 43, 3, 4, 6, 8, 16, 44, 34, 45, 20, 46, 21, 61, 53, 23, 56, 36, 54, 63, 58, 50, 15, 60, 48, 49, 35, 64, 59, 30, 52, 27, 62, 55, 47, 18, 26, 51, 57, 22 ],
\[ 59, 46, 21, 52, 23, 42, 31, 56, 15, 13, 60, 22, 45, 24, 57, 4, 58, 5, 17, 48, 34, 26, 51, 49, 27, 19, 30, 10, 39, 33, 61, 14, 7, 54, 40, 29, 41, 3, 20, 2, 43, 32, 64, 18, 37, 63, 6, 9, 62, 1, 50, 38, 11, 16, 25, 12, 36, 8, 44, 35, 55, 47, 53, 28 ],
\[ 3, 8, 14, 15, 16, 17, 1, 18, 34, 35, 26, 36, 20, 7, 45, 47, 48, 31, 49, 22, 39, 46, 41, 12, 5, 50, 11, 51, 52, 29, 2, 4, 6, 53, 54, 55, 44, 23, 64, 30, 63, 28, 57, 19, 32, 13, 25, 33, 37, 27, 56, 40, 61, 59, 24, 42, 58, 60, 10, 43, 9, 21, 38, 62 ]:
 Order := 64 >;
s`SolvableDBPointedAutomorphismGroup := PermutationGroup<64 |  
\[ 9, 24, 19, 12, 29, 2, 37, 38, 5, 31, 6, 21, 61, 53, 23, 56, 4, 36, 16, 44, 17, 34, 39, 11, 28, 54, 10, 7, 1, 13, 41, 63, 45, 58, 32, 50, 25, 26, 59, 14, 27, 46, 30, 57, 55, 49, 40, 18, 60, 48, 20, 22, 47, 8, 64, 3, 51, 52, 15, 42, 43, 35, 62, 33 ],
\[ 6, 1, 27, 28, 24, 29, 4, 30, 2, 3, 5, 7, 8, 23, 47, 31, 25, 60, 10, 35, 37, 64, 40, 9, 21, 61, 56, 17, 11, 54, 19, 20, 22, 33, 51, 42, 12, 13, 14, 15, 16, 18, 26, 32, 34, 36, 59, 49, 50, 46, 62, 55, 39, 43, 58, 41, 63, 45, 53, 48, 38, 57, 44, 52 ]:
 Order := 8 >;

/*
Top Level Belyi Curve/Map
*/


/*
Graph Data
*/

s`SolvableDBPathToPP1 := [ Strings() | "PP1", "2T1-2,2,1-g0-path1", "4T1-4,4,2-g1-path1", "8T2-4,4,2-g1-path2", "16T10-4,4,2-g1-path2", "32S6-4,4,4-g5-path26", "64S9-8,4,4-g13-path149" ];
s`SolvableDBChildren := [ Strings() | "32S6-4,4,4-g5-path26" ];

/*
Return for eval
*/

return s;
