s := SolvableDBInitialize();

/*
Magma printing
*/

s`SolvableDBName := "64S9-4,8,4-g13-path106";
s`SolvableDBFilename := "64S9-4,8,4-g13-path106.m";
s`SolvableDBPassportName := "64S9-4,8,4-g13";
s`SolvableDBPathNumber := 106;
s`SolvableDBDegree := 64;
s`SolvableDBOrders := \[ 4, 8, 4 ];
s`SolvableDBType := "Hyperbolic";
s`SolvableDBGenus := 13;
s`SolvableDBGaloisOrbitSize := 1;
s`SolvableDBPassportSize := 4;
s`SolvableDBPointedPassportSize := 4;
s`SolvableDBLevel := 6;
s`SolvableDBBlocks := {@ PowerSet(IntegerRing()) |
{ IntegerRing() | 1, 5 },
{ IntegerRing() | 2, 12 },
{ IntegerRing() | 3, 18 },
{ IntegerRing() | 4, 24 },
{ IntegerRing() | 6, 22 },
{ IntegerRing() | 7, 11 },
{ IntegerRing() | 8, 15 },
{ IntegerRing() | 9, 37 },
{ IntegerRing() | 10, 42 },
{ IntegerRing() | 13, 19 },
{ IntegerRing() | 14, 40 },
{ IntegerRing() | 16, 50 },
{ IntegerRing() | 17, 57 },
{ IntegerRing() | 20, 54 },
{ IntegerRing() | 21, 62 },
{ IntegerRing() | 23, 49 },
{ IntegerRing() | 25, 56 },
{ IntegerRing() | 26, 61 },
{ IntegerRing() | 27, 30 },
{ IntegerRing() | 28, 38 },
{ IntegerRing() | 29, 63 },
{ IntegerRing() | 31, 44 },
{ IntegerRing() | 32, 45 },
{ IntegerRing() | 33, 46 },
{ IntegerRing() | 34, 51 },
{ IntegerRing() | 35, 52 },
{ IntegerRing() | 36, 53 },
{ IntegerRing() | 39, 60 },
{ IntegerRing() | 41, 55 },
{ IntegerRing() | 43, 59 },
{ IntegerRing() | 47, 58 },
{ IntegerRing() | 48, 64 }
@};
s`SolvableDBIsRamifiedAtEveryLevel := false;
s`SolvableDBGaloisOrbit := [ PowerSequence(PermutationGroup<64 |  
\[ 2, 3, 4, 5, 6, 7, 8, 9, 10, 11, 12, 13, 14, 15, 16, 17, 18, 19, 20, 21, 22, 23, 24, 25, 26, 27, 28, 29, 30, 31, 32, 33, 34, 35, 36, 37, 38, 39, 40, 41, 42, 43, 44, 45, 46, 47, 48, 49, 50, 51, 52, 53, 54, 55, 56, 57, 58, 59, 60, 61, 62, 63, 64, 1 ],
\[ 2, 1, 3, 4, 5, 6, 7, 8, 9, 10, 11, 12, 13, 14, 15, 16, 17, 18, 19, 20, 21, 22, 23, 24, 25, 26, 27, 28, 29, 30, 31, 32, 33, 34, 35, 36, 37, 38, 39, 40, 41, 42, 43, 44, 45, 46, 47, 48, 49, 50, 51, 52, 53, 54, 55, 56, 57, 58, 59, 60, 61, 62, 63, 64 ]:
 Order := 126886932185884164103433389335161480802865516174545192198801894375214704230400000000000000 >) |
[ PermutationGroup<64 |  
\[ 2, 3, 4, 5, 6, 7, 8, 9, 10, 11, 12, 13, 14, 15, 16, 17, 18, 19, 20, 21, 22, 23, 24, 25, 26, 27, 28, 29, 30, 31, 32, 33, 34, 35, 36, 37, 38, 39, 40, 41, 42, 43, 44, 45, 46, 47, 48, 49, 50, 51, 52, 53, 54, 55, 56, 57, 58, 59, 60, 61, 62, 63, 64, 1 ],
\[ 2, 1, 3, 4, 5, 6, 7, 8, 9, 10, 11, 12, 13, 14, 15, 16, 17, 18, 19, 20, 21, 22, 23, 24, 25, 26, 27, 28, 29, 30, 31, 32, 33, 34, 35, 36, 37, 38, 39, 40, 41, 42, 43, 44, 45, 46, 47, 48, 49, 50, 51, 52, 53, 54, 55, 56, 57, 58, 59, 60, 61, 62, 63, 64 ]:
 Order := 126886932185884164103433389335161480802865516174545192198801894375214704230400000000000000 > |
[ 12, 37, 8, 62, 2, 5, 27, 51, 22, 14, 30, 9, 3, 64, 34, 20, 41, 15, 18, 43, 39, 1, 31, 21, 24, 46, 29, 42, 45, 63, 58, 11, 17, 19, 23, 50, 6, 10, 25, 48, 61, 40, 53, 47, 7, 57, 52, 28, 44, 54, 13, 49, 16, 59, 26, 4, 55, 35, 36, 56, 33, 60, 32, 38 ],
[ 3, 10, 16, 22, 18, 27, 1, 35, 21, 20, 5, 42, 2, 49, 52, 40, 13, 50, 12, 60, 43, 30, 56, 6, 46, 4, 53, 37, 47, 36, 45, 17, 7, 41, 64, 8, 62, 9, 31, 23, 38, 54, 63, 32, 57, 11, 51, 61, 25, 14, 55, 48, 15, 39, 28, 33, 19, 34, 29, 44, 24, 59, 58, 26 ],
[ 4, 11, 17, 23, 24, 28, 31, 1, 19, 41, 44, 7, 47, 2, 5, 27, 56, 57, 58, 3, 61, 38, 8, 49, 54, 51, 33, 52, 6, 46, 40, 43, 48, 53, 63, 62, 13, 35, 9, 12, 32, 55, 10, 14, 59, 64, 60, 16, 15, 30, 36, 29, 21, 18, 45, 20, 25, 39, 42, 37, 34, 26, 22, 50 ]
]
];
s`SolvableDBPassport := [ PowerSequence(PermutationGroup<64 |  
\[ 12, 37, 8, 62, 2, 5, 27, 51, 22, 14, 30, 9, 3, 64, 34, 20, 41, 15, 18, 43, 39, 1, 31, 21, 24, 46, 29, 42, 45, 63, 58, 11, 17, 19, 23, 50, 6, 10, 25, 48, 61, 40, 53, 47, 7, 57, 52, 28, 44, 54, 13, 49, 16, 59, 26, 4, 55, 35, 36, 56, 33, 60, 32, 38 ],
\[ 3, 10, 16, 22, 18, 27, 1, 35, 21, 20, 5, 42, 2, 49, 52, 40, 13, 50, 12, 60, 43, 30, 56, 6, 46, 4, 53, 37, 47, 36, 45, 17, 7, 41, 64, 8, 62, 9, 31, 23, 38, 54, 63, 32, 57, 11, 51, 61, 25, 14, 55, 48, 15, 39, 28, 33, 19, 34, 29, 44, 24, 59, 58, 26 ],
\[ 4, 11, 17, 23, 24, 28, 31, 1, 19, 41, 44, 7, 47, 2, 5, 27, 56, 57, 58, 3, 61, 38, 8, 49, 54, 51, 33, 52, 6, 46, 40, 43, 48, 53, 63, 62, 13, 35, 9, 12, 32, 55, 10, 14, 59, 64, 60, 16, 15, 30, 36, 29, 21, 18, 45, 20, 25, 39, 42, 37, 34, 26, 22, 50 ]:
 Order := 64 >) |
[ PermutationGroup<64 |  
\[ 12, 37, 8, 62, 2, 5, 27, 51, 22, 14, 30, 9, 3, 64, 34, 20, 41, 15, 18, 43, 39, 1, 31, 21, 24, 46, 29, 42, 45, 63, 58, 11, 17, 19, 23, 50, 6, 10, 25, 48, 61, 40, 53, 47, 7, 57, 52, 28, 44, 54, 13, 49, 16, 59, 26, 4, 55, 35, 36, 56, 33, 60, 32, 38 ],
\[ 3, 10, 16, 22, 18, 27, 1, 35, 21, 20, 5, 42, 2, 49, 52, 40, 13, 50, 12, 60, 43, 30, 56, 6, 46, 4, 53, 37, 47, 36, 45, 17, 7, 41, 64, 8, 62, 9, 31, 23, 38, 54, 63, 32, 57, 11, 51, 61, 25, 14, 55, 48, 15, 39, 28, 33, 19, 34, 29, 44, 24, 59, 58, 26 ],
\[ 4, 11, 17, 23, 24, 28, 31, 1, 19, 41, 44, 7, 47, 2, 5, 27, 56, 57, 58, 3, 61, 38, 8, 49, 54, 51, 33, 52, 6, 46, 40, 43, 48, 53, 63, 62, 13, 35, 9, 12, 32, 55, 10, 14, 59, 64, 60, 16, 15, 30, 36, 29, 21, 18, 45, 20, 25, 39, 42, 37, 34, 26, 22, 50 ]:
 Order := 64 > |
[ 22, 5, 13, 56, 6, 37, 45, 3, 12, 38, 32, 1, 51, 10, 18, 53, 33, 19, 34, 16, 24, 9, 35, 25, 39, 55, 7, 48, 27, 11, 23, 63, 61, 15, 58, 59, 2, 64, 21, 42, 17, 28, 20, 49, 29, 26, 44, 40, 52, 36, 8, 47, 43, 50, 57, 60, 46, 31, 54, 62, 41, 4, 30, 14 ],
[ 7, 13, 1, 26, 11, 24, 33, 36, 38, 2, 46, 19, 17, 50, 53, 3, 32, 5, 57, 10, 9, 4, 40, 61, 49, 64, 6, 55, 59, 22, 39, 44, 56, 58, 8, 30, 28, 41, 54, 16, 34, 12, 21, 60, 31, 25, 29, 52, 14, 18, 47, 15, 27, 42, 51, 23, 45, 63, 62, 20, 48, 37, 43, 35 ],
[ 42, 62, 35, 59, 10, 18, 53, 55, 30, 49, 36, 21, 16, 26, 41, 60, 38, 52, 50, 63, 31, 3, 45, 43, 6, 11, 47, 54, 57, 58, 34, 5, 13, 12, 56, 14, 27, 20, 46, 61, 24, 23, 15, 51, 1, 19, 48, 37, 32, 39, 2, 25, 40, 29, 4, 22, 28, 64, 8, 33, 7, 44, 17, 9 ]
],
[ PermutationGroup<64 |  
\[ 12, 37, 8, 62, 2, 5, 27, 51, 22, 14, 30, 9, 3, 64, 34, 20, 41, 15, 18, 43, 39, 1, 31, 21, 24, 46, 29, 42, 45, 63, 58, 11, 17, 19, 23, 50, 6, 10, 25, 48, 61, 40, 53, 47, 7, 57, 52, 28, 44, 54, 13, 49, 16, 59, 26, 4, 55, 35, 36, 56, 33, 60, 32, 38 ],
\[ 3, 10, 16, 22, 18, 27, 1, 35, 21, 20, 5, 42, 2, 49, 52, 40, 13, 50, 12, 60, 43, 30, 56, 6, 46, 4, 53, 37, 47, 36, 45, 17, 7, 41, 64, 8, 62, 9, 31, 23, 38, 54, 63, 32, 57, 11, 51, 61, 25, 14, 55, 48, 15, 39, 28, 33, 19, 34, 29, 44, 24, 59, 58, 26 ],
\[ 4, 11, 17, 23, 24, 28, 31, 1, 19, 41, 44, 7, 47, 2, 5, 27, 56, 57, 58, 3, 61, 38, 8, 49, 54, 51, 33, 52, 6, 46, 40, 43, 48, 53, 63, 62, 13, 35, 9, 12, 32, 55, 10, 14, 59, 64, 60, 16, 15, 30, 36, 29, 21, 18, 45, 20, 25, 39, 42, 37, 34, 26, 22, 50 ]:
 Order := 64 > |
[ 12, 37, 8, 62, 2, 5, 27, 51, 22, 14, 30, 9, 3, 64, 34, 20, 41, 15, 18, 43, 39, 1, 31, 21, 24, 46, 29, 42, 45, 63, 58, 11, 17, 19, 23, 50, 6, 10, 25, 48, 61, 40, 53, 47, 7, 57, 52, 28, 44, 54, 13, 49, 16, 59, 26, 4, 55, 35, 36, 56, 33, 60, 32, 38 ],
[ 7, 13, 1, 26, 11, 24, 33, 36, 38, 2, 46, 19, 17, 50, 53, 3, 32, 5, 57, 10, 9, 4, 40, 61, 49, 64, 6, 55, 59, 22, 39, 44, 56, 58, 8, 30, 28, 41, 54, 16, 34, 12, 21, 60, 31, 25, 29, 52, 14, 18, 47, 15, 27, 42, 51, 23, 45, 63, 62, 20, 48, 37, 43, 35 ],
[ 30, 18, 2, 33, 27, 62, 57, 16, 42, 9, 17, 3, 55, 20, 50, 15, 7, 12, 41, 40, 6, 21, 64, 46, 31, 28, 1, 61, 53, 5, 56, 58, 24, 52, 34, 29, 10, 26, 43, 54, 13, 37, 60, 25, 47, 4, 32, 23, 48, 8, 35, 51, 63, 14, 19, 44, 11, 45, 39, 59, 38, 22, 36, 49 ]
],
[ PermutationGroup<64 |  
\[ 12, 37, 8, 62, 2, 5, 27, 51, 22, 14, 30, 9, 3, 64, 34, 20, 41, 15, 18, 43, 39, 1, 31, 21, 24, 46, 29, 42, 45, 63, 58, 11, 17, 19, 23, 50, 6, 10, 25, 48, 61, 40, 53, 47, 7, 57, 52, 28, 44, 54, 13, 49, 16, 59, 26, 4, 55, 35, 36, 56, 33, 60, 32, 38 ],
\[ 3, 10, 16, 22, 18, 27, 1, 35, 21, 20, 5, 42, 2, 49, 52, 40, 13, 50, 12, 60, 43, 30, 56, 6, 46, 4, 53, 37, 47, 36, 45, 17, 7, 41, 64, 8, 62, 9, 31, 23, 38, 54, 63, 32, 57, 11, 51, 61, 25, 14, 55, 48, 15, 39, 28, 33, 19, 34, 29, 44, 24, 59, 58, 26 ],
\[ 4, 11, 17, 23, 24, 28, 31, 1, 19, 41, 44, 7, 47, 2, 5, 27, 56, 57, 58, 3, 61, 38, 8, 49, 54, 51, 33, 52, 6, 46, 40, 43, 48, 53, 63, 62, 13, 35, 9, 12, 32, 55, 10, 14, 59, 64, 60, 16, 15, 30, 36, 29, 21, 18, 45, 20, 25, 39, 42, 37, 34, 26, 22, 50 ]:
 Order := 64 > |
[ 8, 14, 20, 1, 15, 29, 12, 23, 39, 43, 2, 40, 37, 44, 49, 48, 3, 54, 9, 56, 53, 63, 4, 5, 57, 62, 16, 6, 52, 50, 7, 41, 27, 61, 38, 51, 60, 22, 58, 31, 10, 59, 32, 11, 55, 30, 13, 33, 24, 64, 26, 28, 34, 25, 42, 17, 18, 19, 45, 47, 21, 36, 35, 46 ],
[ 7, 13, 1, 26, 11, 24, 33, 36, 38, 2, 46, 19, 17, 50, 53, 3, 32, 5, 57, 10, 9, 4, 40, 61, 49, 64, 6, 55, 59, 22, 39, 44, 56, 58, 8, 30, 28, 41, 54, 16, 34, 12, 21, 60, 31, 25, 29, 52, 14, 18, 47, 15, 27, 42, 51, 23, 45, 63, 62, 20, 48, 37, 43, 35 ],
[ 22, 5, 13, 56, 6, 37, 45, 3, 12, 38, 32, 1, 51, 10, 18, 53, 33, 19, 34, 16, 24, 9, 35, 25, 39, 55, 7, 48, 27, 11, 23, 63, 61, 15, 58, 59, 2, 64, 21, 42, 17, 28, 20, 49, 29, 26, 44, 40, 52, 36, 8, 47, 43, 50, 57, 60, 46, 31, 54, 62, 41, 4, 30, 14 ]
],
[ PermutationGroup<64 |  
\[ 12, 37, 8, 62, 2, 5, 27, 51, 22, 14, 30, 9, 3, 64, 34, 20, 41, 15, 18, 43, 39, 1, 31, 21, 24, 46, 29, 42, 45, 63, 58, 11, 17, 19, 23, 50, 6, 10, 25, 48, 61, 40, 53, 47, 7, 57, 52, 28, 44, 54, 13, 49, 16, 59, 26, 4, 55, 35, 36, 56, 33, 60, 32, 38 ],
\[ 3, 10, 16, 22, 18, 27, 1, 35, 21, 20, 5, 42, 2, 49, 52, 40, 13, 50, 12, 60, 43, 30, 56, 6, 46, 4, 53, 37, 47, 36, 45, 17, 7, 41, 64, 8, 62, 9, 31, 23, 38, 54, 63, 32, 57, 11, 51, 61, 25, 14, 55, 48, 15, 39, 28, 33, 19, 34, 29, 44, 24, 59, 58, 26 ],
\[ 4, 11, 17, 23, 24, 28, 31, 1, 19, 41, 44, 7, 47, 2, 5, 27, 56, 57, 58, 3, 61, 38, 8, 49, 54, 51, 33, 52, 6, 46, 40, 43, 48, 53, 63, 62, 13, 35, 9, 12, 32, 55, 10, 14, 59, 64, 60, 16, 15, 30, 36, 29, 21, 18, 45, 20, 25, 39, 42, 37, 34, 26, 22, 50 ]:
 Order := 64 > |
[ 13, 38, 53, 9, 19, 7, 22, 58, 24, 16, 6, 28, 5, 52, 47, 42, 51, 36, 1, 62, 20, 11, 60, 37, 26, 56, 43, 2, 44, 59, 29, 33, 45, 17, 14, 3, 4, 12, 23, 35, 64, 50, 30, 63, 46, 32, 8, 41, 39, 10, 57, 40, 18, 21, 48, 61, 34, 15, 27, 49, 25, 54, 31, 55 ],
[ 7, 13, 1, 26, 11, 24, 33, 36, 38, 2, 46, 19, 17, 50, 53, 3, 32, 5, 57, 10, 9, 4, 40, 61, 49, 64, 6, 55, 59, 22, 39, 44, 56, 58, 8, 30, 28, 41, 54, 16, 34, 12, 21, 60, 31, 25, 29, 52, 14, 18, 47, 15, 27, 42, 51, 23, 45, 63, 62, 20, 48, 37, 43, 35 ],
[ 12, 37, 8, 62, 2, 5, 27, 51, 22, 14, 30, 9, 3, 64, 34, 20, 41, 15, 18, 43, 39, 1, 31, 21, 24, 46, 29, 42, 45, 63, 58, 11, 17, 19, 23, 50, 6, 10, 25, 48, 61, 40, 53, 47, 7, 57, 52, 28, 44, 54, 13, 49, 16, 59, 26, 4, 55, 35, 36, 56, 33, 60, 32, 38 ]
]
];
s`SolvableDBPointedPassport := [ PowerSequence(PermutationGroup<64 |  
\[ 2, 3, 4, 5, 6, 7, 8, 9, 10, 11, 12, 13, 14, 15, 16, 17, 18, 19, 20, 21, 22, 23, 24, 25, 26, 27, 28, 29, 30, 31, 32, 33, 34, 35, 36, 37, 38, 39, 40, 41, 42, 43, 44, 45, 46, 47, 48, 49, 50, 51, 52, 53, 54, 55, 56, 57, 58, 59, 60, 61, 62, 63, 64, 1 ],
\[ 2, 1, 3, 4, 5, 6, 7, 8, 9, 10, 11, 12, 13, 14, 15, 16, 17, 18, 19, 20, 21, 22, 23, 24, 25, 26, 27, 28, 29, 30, 31, 32, 33, 34, 35, 36, 37, 38, 39, 40, 41, 42, 43, 44, 45, 46, 47, 48, 49, 50, 51, 52, 53, 54, 55, 56, 57, 58, 59, 60, 61, 62, 63, 64 ]:
 Order := 126886932185884164103433389335161480802865516174545192198801894375214704230400000000000000 >) |
[ PermutationGroup<64 |  
\[ 2, 3, 4, 5, 6, 7, 8, 9, 10, 11, 12, 13, 14, 15, 16, 17, 18, 19, 20, 21, 22, 23, 24, 25, 26, 27, 28, 29, 30, 31, 32, 33, 34, 35, 36, 37, 38, 39, 40, 41, 42, 43, 44, 45, 46, 47, 48, 49, 50, 51, 52, 53, 54, 55, 56, 57, 58, 59, 60, 61, 62, 63, 64, 1 ],
\[ 2, 1, 3, 4, 5, 6, 7, 8, 9, 10, 11, 12, 13, 14, 15, 16, 17, 18, 19, 20, 21, 22, 23, 24, 25, 26, 27, 28, 29, 30, 31, 32, 33, 34, 35, 36, 37, 38, 39, 40, 41, 42, 43, 44, 45, 46, 47, 48, 49, 50, 51, 52, 53, 54, 55, 56, 57, 58, 59, 60, 61, 62, 63, 64 ]:
 Order := 126886932185884164103433389335161480802865516174545192198801894375214704230400000000000000 > |
[ 57, 55, 30, 28, 17, 46, 24, 29, 26, 18, 4, 41, 7, 8, 63, 2, 58, 27, 11, 9, 42, 33, 54, 38, 48, 49, 62, 19, 39, 21, 43, 25, 44, 45, 16, 5, 61, 13, 14, 15, 52, 3, 6, 59, 56, 31, 53, 51, 20, 12, 32, 50, 1, 37, 35, 64, 47, 36, 22, 40, 23, 10, 60, 34 ],
[ 62, 30, 41, 31, 21, 42, 58, 12, 18, 61, 47, 27, 52, 37, 2, 29, 4, 55, 35, 8, 33, 10, 51, 44, 59, 13, 17, 49, 5, 57, 48, 53, 28, 16, 32, 60, 3, 23, 22, 9, 11, 26, 14, 64, 36, 38, 56, 20, 34, 63, 50, 45, 39, 15, 7, 43, 24, 25, 40, 6, 19, 46, 1, 54 ],
[ 32, 34, 6, 41, 45, 56, 26, 43, 48, 1, 61, 51, 46, 53, 59, 19, 29, 22, 33, 28, 2, 25, 10, 55, 35, 40, 9, 17, 20, 37, 62, 23, 39, 44, 18, 7, 64, 57, 16, 36, 8, 5, 4, 21, 49, 60, 30, 58, 42, 13, 31, 3, 11, 38, 15, 52, 63, 27, 24, 50, 14, 12, 54, 47 ]
],
[ PermutationGroup<64 |  
\[ 2, 3, 4, 5, 6, 7, 8, 9, 10, 11, 12, 13, 14, 15, 16, 17, 18, 19, 20, 21, 22, 23, 24, 25, 26, 27, 28, 29, 30, 31, 32, 33, 34, 35, 36, 37, 38, 39, 40, 41, 42, 43, 44, 45, 46, 47, 48, 49, 50, 51, 52, 53, 54, 55, 56, 57, 58, 59, 60, 61, 62, 63, 64, 1 ],
\[ 2, 1, 3, 4, 5, 6, 7, 8, 9, 10, 11, 12, 13, 14, 15, 16, 17, 18, 19, 20, 21, 22, 23, 24, 25, 26, 27, 28, 29, 30, 31, 32, 33, 34, 35, 36, 37, 38, 39, 40, 41, 42, 43, 44, 45, 46, 47, 48, 49, 50, 51, 52, 53, 54, 55, 56, 57, 58, 59, 60, 61, 62, 63, 64 ]:
 Order := 126886932185884164103433389335161480802865516174545192198801894375214704230400000000000000 > |
[ 53, 16, 42, 11, 36, 43, 13, 14, 20, 62, 19, 50, 38, 39, 40, 35, 5, 10, 28, 49, 30, 59, 61, 7, 32, 9, 18, 4, 8, 3, 46, 51, 22, 64, 55, 58, 54, 24, 29, 60, 12, 21, 31, 33, 34, 6, 57, 25, 26, 52, 48, 41, 47, 23, 2, 45, 1, 17, 44, 63, 37, 27, 15, 56 ],
[ 62, 30, 41, 31, 21, 42, 58, 12, 18, 61, 47, 27, 52, 37, 2, 29, 4, 55, 35, 8, 33, 10, 51, 44, 59, 13, 17, 49, 5, 57, 48, 53, 28, 16, 32, 60, 3, 23, 22, 9, 11, 26, 14, 64, 36, 38, 56, 20, 34, 63, 50, 45, 39, 15, 7, 43, 24, 25, 40, 6, 19, 46, 1, 54 ],
[ 30, 18, 2, 33, 27, 62, 57, 16, 42, 9, 17, 3, 55, 20, 50, 15, 7, 12, 41, 40, 6, 21, 64, 46, 31, 28, 1, 61, 53, 5, 56, 58, 24, 52, 34, 29, 10, 26, 43, 54, 13, 37, 60, 25, 47, 4, 32, 23, 48, 8, 35, 51, 63, 14, 19, 44, 11, 45, 39, 59, 38, 22, 36, 49 ]
],
[ PermutationGroup<64 |  
\[ 2, 3, 4, 5, 6, 7, 8, 9, 10, 11, 12, 13, 14, 15, 16, 17, 18, 19, 20, 21, 22, 23, 24, 25, 26, 27, 28, 29, 30, 31, 32, 33, 34, 35, 36, 37, 38, 39, 40, 41, 42, 43, 44, 45, 46, 47, 48, 49, 50, 51, 52, 53, 54, 55, 56, 57, 58, 59, 60, 61, 62, 63, 64, 1 ],
\[ 2, 1, 3, 4, 5, 6, 7, 8, 9, 10, 11, 12, 13, 14, 15, 16, 17, 18, 19, 20, 21, 22, 23, 24, 25, 26, 27, 28, 29, 30, 31, 32, 33, 34, 35, 36, 37, 38, 39, 40, 41, 42, 43, 44, 45, 46, 47, 48, 49, 50, 51, 52, 53, 54, 55, 56, 57, 58, 59, 60, 61, 62, 63, 64 ]:
 Order := 126886932185884164103433389335161480802865516174545192198801894375214704230400000000000000 > |
[ 10, 21, 52, 43, 42, 3, 36, 41, 27, 23, 53, 62, 50, 61, 55, 39, 28, 35, 16, 29, 44, 18, 32, 59, 22, 7, 58, 20, 17, 47, 51, 1, 19, 2, 25, 40, 30, 54, 33, 26, 4, 49, 8, 34, 5, 13, 64, 9, 45, 60, 12, 56, 14, 63, 24, 6, 38, 48, 15, 46, 11, 31, 57, 37 ],
[ 7, 13, 1, 26, 11, 24, 33, 36, 38, 2, 46, 19, 17, 50, 53, 3, 32, 5, 57, 10, 9, 4, 40, 61, 49, 64, 6, 55, 59, 22, 39, 44, 56, 58, 8, 30, 28, 41, 54, 16, 34, 12, 21, 60, 31, 25, 29, 52, 14, 18, 47, 15, 27, 42, 51, 23, 45, 63, 62, 20, 48, 37, 43, 35 ],
[ 17, 41, 27, 38, 57, 33, 4, 63, 61, 3, 24, 55, 11, 15, 29, 12, 47, 30, 7, 37, 10, 46, 20, 28, 64, 23, 21, 13, 60, 62, 59, 56, 31, 32, 50, 1, 26, 19, 40, 8, 35, 18, 22, 43, 25, 44, 36, 34, 54, 2, 45, 16, 5, 9, 52, 48, 58, 53, 6, 14, 49, 42, 39, 51 ]
],
[ PermutationGroup<64 |  
\[ 2, 3, 4, 5, 6, 7, 8, 9, 10, 11, 12, 13, 14, 15, 16, 17, 18, 19, 20, 21, 22, 23, 24, 25, 26, 27, 28, 29, 30, 31, 32, 33, 34, 35, 36, 37, 38, 39, 40, 41, 42, 43, 44, 45, 46, 47, 48, 49, 50, 51, 52, 53, 54, 55, 56, 57, 58, 59, 60, 61, 62, 63, 64, 1 ],
\[ 2, 1, 3, 4, 5, 6, 7, 8, 9, 10, 11, 12, 13, 14, 15, 16, 17, 18, 19, 20, 21, 22, 23, 24, 25, 26, 27, 28, 29, 30, 31, 32, 33, 34, 35, 36, 37, 38, 39, 40, 41, 42, 43, 44, 45, 46, 47, 48, 49, 50, 51, 52, 53, 54, 55, 56, 57, 58, 59, 60, 61, 62, 63, 64 ]:
 Order := 126886932185884164103433389335161480802865516174545192198801894375214704230400000000000000 > |
[ 39, 29, 26, 47, 60, 14, 52, 37, 8, 46, 35, 63, 23, 22, 9, 32, 21, 61, 49, 34, 57, 40, 19, 58, 53, 18, 55, 31, 12, 41, 38, 50, 10, 54, 7, 25, 15, 44, 5, 6, 27, 33, 48, 28, 16, 42, 24, 59, 13, 45, 20, 11, 56, 51, 30, 36, 62, 4, 64, 1, 3, 17, 2, 43 ],
[ 14, 39, 49, 53, 40, 8, 50, 61, 29, 31, 16, 60, 54, 33, 26, 25, 42, 23, 20, 45, 47, 15, 11, 36, 1, 27, 35, 43, 41, 52, 13, 12, 18, 37, 24, 48, 63, 59, 17, 46, 62, 44, 51, 19, 2, 3, 38, 22, 7, 56, 9, 4, 64, 32, 21, 5, 10, 28, 34, 57, 30, 58, 55, 6 ],
[ 12, 37, 8, 62, 2, 5, 27, 51, 22, 14, 30, 9, 3, 64, 34, 20, 41, 15, 18, 43, 39, 1, 31, 21, 24, 46, 29, 42, 45, 63, 58, 11, 17, 19, 23, 50, 6, 10, 25, 48, 61, 40, 53, 47, 7, 57, 52, 28, 44, 54, 13, 49, 16, 59, 26, 4, 55, 35, 36, 56, 33, 60, 32, 38 ]
]
];
s`SolvableDBMonodromyGroup := PermutationGroup<64 |  
\[ 12, 37, 8, 62, 2, 5, 27, 51, 22, 14, 30, 9, 3, 64, 34, 20, 41, 15, 18, 43, 39, 1, 31, 21, 24, 46, 29, 42, 45, 63, 58, 11, 17, 19, 23, 50, 6, 10, 25, 48, 61, 40, 53, 47, 7, 57, 52, 28, 44, 54, 13, 49, 16, 59, 26, 4, 55, 35, 36, 56, 33, 60, 32, 38 ],
\[ 3, 10, 16, 22, 18, 27, 1, 35, 21, 20, 5, 42, 2, 49, 52, 40, 13, 50, 12, 60, 43, 30, 56, 6, 46, 4, 53, 37, 47, 36, 45, 17, 7, 41, 64, 8, 62, 9, 31, 23, 38, 54, 63, 32, 57, 11, 51, 61, 25, 14, 55, 48, 15, 39, 28, 33, 19, 34, 29, 44, 24, 59, 58, 26 ],
\[ 4, 11, 17, 23, 24, 28, 31, 1, 19, 41, 44, 7, 47, 2, 5, 27, 56, 57, 58, 3, 61, 38, 8, 49, 54, 51, 33, 52, 6, 46, 40, 43, 48, 53, 63, 62, 13, 35, 9, 12, 32, 55, 10, 14, 59, 64, 60, 16, 15, 30, 36, 29, 21, 18, 45, 20, 25, 39, 42, 37, 34, 26, 22, 50 ] >;
s`SolvableDBAutomorphismGroup := PermutationGroup<64 |  
\[ 56, 24, 33, 20, 25, 39, 23, 17, 62, 6, 49, 4, 61, 5, 57, 7, 48, 46, 26, 27, 59, 60, 3, 54, 50, 10, 31, 9, 58, 44, 8, 52, 40, 55, 13, 32, 21, 37, 36, 1, 28, 22, 29, 15, 35, 14, 34, 12, 18, 11, 41, 19, 45, 30, 38, 16, 64, 51, 63, 53, 42, 43, 47, 2 ],
\[ 62, 39, 59, 26, 21, 24, 37, 36, 56, 31, 9, 60, 54, 58, 53, 29, 42, 43, 20, 45, 33, 4, 51, 61, 41, 64, 6, 49, 5, 22, 13, 12, 28, 16, 8, 30, 25, 23, 17, 47, 40, 44, 7, 19, 2, 38, 18, 52, 34, 63, 50, 15, 27, 32, 14, 55, 10, 3, 11, 57, 48, 46, 1, 35 ],
\[ 61, 46, 24, 34, 26, 55, 48, 21, 17, 11, 64, 33, 25, 30, 62, 6, 49, 4, 56, 5, 13, 41, 53, 51, 8, 58, 28, 45, 42, 38, 16, 14, 52, 60, 43, 9, 57, 32, 3, 27, 44, 7, 2, 50, 40, 35, 54, 29, 36, 22, 39, 59, 37, 1, 31, 15, 23, 20, 12, 18, 47, 19, 10, 63 ]:
 Order := 64 >;
s`SolvableDBPointedAutomorphismGroup := PermutationGroup<64 |  
\[ 12, 37, 42, 7, 2, 5, 19, 40, 22, 62, 13, 9, 28, 60, 14, 54, 55, 10, 38, 59, 30, 1, 31, 11, 32, 33, 18, 24, 15, 3, 58, 51, 57, 64, 23, 16, 6, 4, 63, 39, 26, 21, 36, 47, 34, 17, 52, 25, 44, 20, 48, 49, 50, 43, 61, 45, 41, 35, 53, 29, 46, 27, 8, 56 ]:
 Order := 4 >;
s`SolvableDBPathToPP1 := [ Strings() | "PP1", "2T1-2,2,1-g0-path1", "4T2-2,2,2-g0-path3", "8T4-4,2,2-g0-path3", "16T10-4,4,2-g1-path11", "32S11-4,8,4-g7-path20", "64S9-4,8,4-g13-path106" ];
s`SolvableDBChild := "32S11-4,8,4-g7-path20";

/*
Return for eval
*/

return s;
