s := SolvableDBObjectInitialize();

/*
Basic Information about the Passport
*/

s`SolvableDBName := "64S9-8,4,4-g13-path93";
s`SolvableDBFilename := "64S9-8,4,4-g13-path93.m";
s`SolvableDBPathNumber := 93;
s`SolvableDBDegree := 64;
s`SolvableDBABC := \[ 8, 4, 4 ];
s`SolvableDBType := "Hyperbolic";
s`SolvableDBGenus := 13;
s`SolvableDBGaloisOrbitSize := 1;
s`SolvableDBPassportSize := 4;
s`SolvableDBPointedPassportSize := 4;
s`SolvableDBLevel := 6;
s`SolvableDBBlocks := {@ PowerSet(IntegerRing()) |
{ IntegerRing() | 1, 5 },
{ IntegerRing() | 2, 11 },
{ IntegerRing() | 3, 16 },
{ IntegerRing() | 4, 21 },
{ IntegerRing() | 6, 24 },
{ IntegerRing() | 7, 25 },
{ IntegerRing() | 8, 26 },
{ IntegerRing() | 9, 37 },
{ IntegerRing() | 10, 41 },
{ IntegerRing() | 12, 43 },
{ IntegerRing() | 13, 22 },
{ IntegerRing() | 14, 49 },
{ IntegerRing() | 15, 51 },
{ IntegerRing() | 17, 52 },
{ IntegerRing() | 18, 53 },
{ IntegerRing() | 19, 46 },
{ IntegerRing() | 20, 48 },
{ IntegerRing() | 23, 59 },
{ IntegerRing() | 27, 62 },
{ IntegerRing() | 28, 34 },
{ IntegerRing() | 29, 54 },
{ IntegerRing() | 30, 42 },
{ IntegerRing() | 31, 63 },
{ IntegerRing() | 32, 61 },
{ IntegerRing() | 33, 39 },
{ IntegerRing() | 35, 57 },
{ IntegerRing() | 36, 64 },
{ IntegerRing() | 38, 55 },
{ IntegerRing() | 40, 56 },
{ IntegerRing() | 44, 58 },
{ IntegerRing() | 45, 50 },
{ IntegerRing() | 47, 60 }
@};

/*
Permutations and Passports
*/

s`SolvableDBGaloisOrbit := [ PowerSequence(PermutationGroup<64 |  
\[ 2, 3, 4, 5, 6, 7, 8, 9, 10, 11, 12, 13, 14, 15, 16, 17, 18, 19, 20, 21, 22, 23, 24, 25, 26, 27, 28, 29, 30, 31, 32, 33, 34, 35, 36, 37, 38, 39, 40, 41, 42, 43, 44, 45, 46, 47, 48, 49, 50, 51, 52, 53, 54, 55, 56, 57, 58, 59, 60, 61, 62, 63, 64, 1 ],
\[ 2, 1, 3, 4, 5, 6, 7, 8, 9, 10, 11, 12, 13, 14, 15, 16, 17, 18, 19, 20, 21, 22, 23, 24, 25, 26, 27, 28, 29, 30, 31, 32, 33, 34, 35, 36, 37, 38, 39, 40, 41, 42, 43, 44, 45, 46, 47, 48, 49, 50, 51, 52, 53, 54, 55, 56, 57, 58, 59, 60, 61, 62, 63, 64 ]:
 Order := 126886932185884164103433389335161480802865516174545192198801894375214704230400000000000000 >) |
[ PermutationGroup<64 |  
\[ 2, 3, 4, 5, 6, 7, 8, 9, 10, 11, 12, 13, 14, 15, 16, 17, 18, 19, 20, 21, 22, 23, 24, 25, 26, 27, 28, 29, 30, 31, 32, 33, 34, 35, 36, 37, 38, 39, 40, 41, 42, 43, 44, 45, 46, 47, 48, 49, 50, 51, 52, 53, 54, 55, 56, 57, 58, 59, 60, 61, 62, 63, 64, 1 ],
\[ 2, 1, 3, 4, 5, 6, 7, 8, 9, 10, 11, 12, 13, 14, 15, 16, 17, 18, 19, 20, 21, 22, 23, 24, 25, 26, 27, 28, 29, 30, 31, 32, 33, 34, 35, 36, 37, 38, 39, 40, 41, 42, 43, 44, 45, 46, 47, 48, 49, 50, 51, 52, 53, 54, 55, 56, 57, 58, 59, 60, 61, 62, 63, 64 ]:
 Order := 126886932185884164103433389335161480802865516174545192198801894375214704230400000000000000 > |
[ 2, 9, 8, 19, 11, 1, 31, 34, 23, 13, 37, 44, 21, 18, 50, 26, 3, 29, 43, 51, 46, 4, 14, 5, 63, 28, 30, 39, 6, 41, 55, 56, 7, 33, 20, 60, 59, 52, 25, 35, 22, 10, 58, 62, 36, 12, 32, 15, 53, 64, 45, 16, 54, 24, 17, 57, 48, 27, 49, 61, 40, 42, 38, 47 ],
[ 3, 10, 14, 6, 16, 27, 1, 35, 28, 18, 41, 2, 47, 7, 17, 49, 32, 12, 56, 22, 24, 60, 4, 62, 5, 57, 23, 29, 38, 50, 36, 33, 15, 54, 31, 8, 34, 9, 51, 42, 53, 45, 11, 48, 46, 40, 44, 13, 25, 19, 52, 61, 43, 55, 37, 30, 63, 20, 21, 58, 39, 59, 64, 26 ],
[ 4, 7, 15, 20, 21, 28, 32, 1, 12, 40, 25, 45, 2, 27, 44, 51, 54, 3, 23, 8, 48, 11, 38, 34, 61, 5, 60, 64, 10, 6, 14, 13, 37, 36, 46, 42, 43, 57, 9, 52, 56, 24, 50, 18, 39, 59, 63, 26, 62, 33, 58, 29, 16, 41, 35, 17, 19, 53, 55, 31, 22, 47, 49, 30 ]
]
];
s`SolvableDBPassport := [ PowerSequence(PermutationGroup<64 |  
\[ 2, 9, 8, 19, 11, 1, 31, 34, 23, 13, 37, 44, 21, 18, 50, 26, 3, 29, 43, 51, 46, 4, 14, 5, 63, 28, 30, 39, 6, 41, 55, 56, 7, 33, 20, 60, 59, 52, 25, 35, 22, 10, 58, 62, 36, 12, 32, 15, 53, 64, 45, 16, 54, 24, 17, 57, 48, 27, 49, 61, 40, 42, 38, 47 ],
\[ 3, 10, 14, 6, 16, 27, 1, 35, 28, 18, 41, 2, 47, 7, 17, 49, 32, 12, 56, 22, 24, 60, 4, 62, 5, 57, 23, 29, 38, 50, 36, 33, 15, 54, 31, 8, 34, 9, 51, 42, 53, 45, 11, 48, 46, 40, 44, 13, 25, 19, 52, 61, 43, 55, 37, 30, 63, 20, 21, 58, 39, 59, 64, 26 ],
\[ 4, 7, 15, 20, 21, 28, 32, 1, 12, 40, 25, 45, 2, 27, 44, 51, 54, 3, 23, 8, 48, 11, 38, 34, 61, 5, 60, 64, 10, 6, 14, 13, 37, 36, 46, 42, 43, 57, 9, 52, 56, 24, 50, 18, 39, 59, 63, 26, 62, 33, 58, 29, 16, 41, 35, 17, 19, 53, 55, 31, 22, 47, 49, 30 ]:
 Order := 64 >) |
[ PermutationGroup<64 |  
\[ 2, 9, 8, 19, 11, 1, 31, 34, 23, 13, 37, 44, 21, 18, 50, 26, 3, 29, 43, 51, 46, 4, 14, 5, 63, 28, 30, 39, 6, 41, 55, 56, 7, 33, 20, 60, 59, 52, 25, 35, 22, 10, 58, 62, 36, 12, 32, 15, 53, 64, 45, 16, 54, 24, 17, 57, 48, 27, 49, 61, 40, 42, 38, 47 ],
\[ 3, 10, 14, 6, 16, 27, 1, 35, 28, 18, 41, 2, 47, 7, 17, 49, 32, 12, 56, 22, 24, 60, 4, 62, 5, 57, 23, 29, 38, 50, 36, 33, 15, 54, 31, 8, 34, 9, 51, 42, 53, 45, 11, 48, 46, 40, 44, 13, 25, 19, 52, 61, 43, 55, 37, 30, 63, 20, 21, 58, 39, 59, 64, 26 ],
\[ 4, 7, 15, 20, 21, 28, 32, 1, 12, 40, 25, 45, 2, 27, 44, 51, 54, 3, 23, 8, 48, 11, 38, 34, 61, 5, 60, 64, 10, 6, 14, 13, 37, 36, 46, 42, 43, 57, 9, 52, 56, 24, 50, 18, 39, 59, 63, 26, 62, 33, 58, 29, 16, 41, 35, 17, 19, 53, 55, 31, 22, 47, 49, 30 ]:
 Order := 64 > |
[ 2, 9, 8, 19, 11, 1, 31, 34, 23, 13, 37, 44, 21, 18, 50, 26, 3, 29, 43, 51, 46, 4, 14, 5, 63, 28, 30, 39, 6, 41, 55, 56, 7, 33, 20, 60, 59, 52, 25, 35, 22, 10, 58, 62, 36, 12, 32, 15, 53, 64, 45, 16, 54, 24, 17, 57, 48, 27, 49, 61, 40, 42, 38, 47 ],
[ 4, 7, 15, 20, 21, 28, 32, 1, 12, 40, 25, 45, 2, 27, 44, 51, 54, 3, 23, 8, 48, 11, 38, 34, 61, 5, 60, 64, 10, 6, 14, 13, 37, 36, 46, 42, 43, 57, 9, 52, 56, 24, 50, 18, 39, 59, 63, 26, 62, 33, 58, 29, 16, 41, 35, 17, 19, 53, 55, 31, 22, 47, 49, 30 ],
[ 30, 8, 56, 61, 42, 52, 50, 18, 13, 36, 26, 35, 29, 19, 21, 40, 59, 31, 1, 55, 32, 54, 39, 17, 45, 53, 51, 48, 44, 14, 2, 62, 24, 20, 10, 12, 22, 47, 6, 25, 64, 49, 57, 9, 16, 5, 28, 38, 46, 3, 4, 23, 63, 58, 60, 7, 41, 37, 33, 34, 27, 15, 11, 43 ]
],
[ PermutationGroup<64 |  
\[ 2, 9, 8, 19, 11, 1, 31, 34, 23, 13, 37, 44, 21, 18, 50, 26, 3, 29, 43, 51, 46, 4, 14, 5, 63, 28, 30, 39, 6, 41, 55, 56, 7, 33, 20, 60, 59, 52, 25, 35, 22, 10, 58, 62, 36, 12, 32, 15, 53, 64, 45, 16, 54, 24, 17, 57, 48, 27, 49, 61, 40, 42, 38, 47 ],
\[ 3, 10, 14, 6, 16, 27, 1, 35, 28, 18, 41, 2, 47, 7, 17, 49, 32, 12, 56, 22, 24, 60, 4, 62, 5, 57, 23, 29, 38, 50, 36, 33, 15, 54, 31, 8, 34, 9, 51, 42, 53, 45, 11, 48, 46, 40, 44, 13, 25, 19, 52, 61, 43, 55, 37, 30, 63, 20, 21, 58, 39, 59, 64, 26 ],
\[ 4, 7, 15, 20, 21, 28, 32, 1, 12, 40, 25, 45, 2, 27, 44, 51, 54, 3, 23, 8, 48, 11, 38, 34, 61, 5, 60, 64, 10, 6, 14, 13, 37, 36, 46, 42, 43, 57, 9, 52, 56, 24, 50, 18, 39, 59, 63, 26, 62, 33, 58, 29, 16, 41, 35, 17, 19, 53, 55, 31, 22, 47, 49, 30 ]:
 Order := 64 > |
[ 2, 9, 8, 19, 11, 1, 31, 34, 23, 13, 37, 44, 21, 18, 50, 26, 3, 29, 43, 51, 46, 4, 14, 5, 63, 28, 30, 39, 6, 41, 55, 56, 7, 33, 20, 60, 59, 52, 25, 35, 22, 10, 58, 62, 36, 12, 32, 15, 53, 64, 45, 16, 54, 24, 17, 57, 48, 27, 49, 61, 40, 42, 38, 47 ],
[ 10, 28, 35, 56, 41, 3, 36, 54, 4, 47, 34, 48, 24, 12, 19, 57, 14, 38, 11, 52, 40, 6, 7, 16, 64, 29, 50, 51, 27, 53, 37, 30, 1, 15, 22, 58, 21, 61, 5, 31, 60, 18, 20, 59, 8, 2, 33, 17, 43, 26, 46, 49, 55, 62, 32, 63, 13, 23, 25, 39, 42, 45, 9, 44 ],
[ 22, 33, 48, 35, 13, 26, 47, 6, 46, 61, 39, 51, 1, 58, 12, 20, 53, 17, 9, 3, 57, 5, 63, 8, 60, 24, 36, 50, 42, 29, 23, 10, 11, 45, 21, 62, 19, 56, 2, 38, 32, 54, 15, 14, 28, 37, 25, 16, 44, 34, 43, 18, 52, 30, 40, 55, 4, 49, 31, 7, 41, 64, 59, 27 ]
],
[ PermutationGroup<64 |  
\[ 2, 9, 8, 19, 11, 1, 31, 34, 23, 13, 37, 44, 21, 18, 50, 26, 3, 29, 43, 51, 46, 4, 14, 5, 63, 28, 30, 39, 6, 41, 55, 56, 7, 33, 20, 60, 59, 52, 25, 35, 22, 10, 58, 62, 36, 12, 32, 15, 53, 64, 45, 16, 54, 24, 17, 57, 48, 27, 49, 61, 40, 42, 38, 47 ],
\[ 3, 10, 14, 6, 16, 27, 1, 35, 28, 18, 41, 2, 47, 7, 17, 49, 32, 12, 56, 22, 24, 60, 4, 62, 5, 57, 23, 29, 38, 50, 36, 33, 15, 54, 31, 8, 34, 9, 51, 42, 53, 45, 11, 48, 46, 40, 44, 13, 25, 19, 52, 61, 43, 55, 37, 30, 63, 20, 21, 58, 39, 59, 64, 26 ],
\[ 4, 7, 15, 20, 21, 28, 32, 1, 12, 40, 25, 45, 2, 27, 44, 51, 54, 3, 23, 8, 48, 11, 38, 34, 61, 5, 60, 64, 10, 6, 14, 13, 37, 36, 46, 42, 43, 57, 9, 52, 56, 24, 50, 18, 39, 59, 63, 26, 62, 33, 58, 29, 16, 41, 35, 17, 19, 53, 55, 31, 22, 47, 49, 30 ]:
 Order := 64 > |
[ 2, 9, 8, 19, 11, 1, 31, 34, 23, 13, 37, 44, 21, 18, 50, 26, 3, 29, 43, 51, 46, 4, 14, 5, 63, 28, 30, 39, 6, 41, 55, 56, 7, 33, 20, 60, 59, 52, 25, 35, 22, 10, 58, 62, 36, 12, 32, 15, 53, 64, 45, 16, 54, 24, 17, 57, 48, 27, 49, 61, 40, 42, 38, 47 ],
[ 3, 10, 14, 6, 16, 27, 1, 35, 28, 18, 41, 2, 47, 7, 17, 49, 32, 12, 56, 22, 24, 60, 4, 62, 5, 57, 23, 29, 38, 50, 36, 33, 15, 54, 31, 8, 34, 9, 51, 42, 53, 45, 11, 48, 46, 40, 44, 13, 25, 19, 52, 61, 43, 55, 37, 30, 63, 20, 21, 58, 39, 59, 64, 26 ],
[ 4, 7, 15, 20, 21, 28, 32, 1, 12, 40, 25, 45, 2, 27, 44, 51, 54, 3, 23, 8, 48, 11, 38, 34, 61, 5, 60, 64, 10, 6, 14, 13, 37, 36, 46, 42, 43, 57, 9, 52, 56, 24, 50, 18, 39, 59, 63, 26, 62, 33, 58, 29, 16, 41, 35, 17, 19, 53, 55, 31, 22, 47, 49, 30 ]
],
[ PermutationGroup<64 |  
\[ 2, 9, 8, 19, 11, 1, 31, 34, 23, 13, 37, 44, 21, 18, 50, 26, 3, 29, 43, 51, 46, 4, 14, 5, 63, 28, 30, 39, 6, 41, 55, 56, 7, 33, 20, 60, 59, 52, 25, 35, 22, 10, 58, 62, 36, 12, 32, 15, 53, 64, 45, 16, 54, 24, 17, 57, 48, 27, 49, 61, 40, 42, 38, 47 ],
\[ 3, 10, 14, 6, 16, 27, 1, 35, 28, 18, 41, 2, 47, 7, 17, 49, 32, 12, 56, 22, 24, 60, 4, 62, 5, 57, 23, 29, 38, 50, 36, 33, 15, 54, 31, 8, 34, 9, 51, 42, 53, 45, 11, 48, 46, 40, 44, 13, 25, 19, 52, 61, 43, 55, 37, 30, 63, 20, 21, 58, 39, 59, 64, 26 ],
\[ 4, 7, 15, 20, 21, 28, 32, 1, 12, 40, 25, 45, 2, 27, 44, 51, 54, 3, 23, 8, 48, 11, 38, 34, 61, 5, 60, 64, 10, 6, 14, 13, 37, 36, 46, 42, 43, 57, 9, 52, 56, 24, 50, 18, 39, 59, 63, 26, 62, 33, 58, 29, 16, 41, 35, 17, 19, 53, 55, 31, 22, 47, 49, 30 ]:
 Order := 64 > |
[ 2, 9, 8, 19, 11, 1, 31, 34, 23, 13, 37, 44, 21, 18, 50, 26, 3, 29, 43, 51, 46, 4, 14, 5, 63, 28, 30, 39, 6, 41, 55, 56, 7, 33, 20, 60, 59, 52, 25, 35, 22, 10, 58, 62, 36, 12, 32, 15, 53, 64, 45, 16, 54, 24, 17, 57, 48, 27, 49, 61, 40, 42, 38, 47 ],
[ 13, 39, 20, 57, 22, 8, 60, 24, 19, 32, 33, 15, 5, 44, 43, 48, 18, 52, 37, 16, 35, 1, 31, 26, 47, 6, 64, 45, 30, 54, 59, 41, 2, 50, 4, 27, 46, 40, 11, 55, 61, 29, 51, 49, 34, 9, 7, 3, 58, 28, 12, 53, 17, 42, 56, 38, 21, 14, 63, 25, 10, 36, 23, 62 ],
[ 26, 22, 53, 5, 8, 42, 11, 48, 33, 54, 13, 37, 61, 63, 16, 18, 40, 58, 35, 21, 1, 32, 46, 30, 2, 20, 49, 24, 17, 36, 47, 25, 45, 6, 38, 28, 39, 59, 50, 41, 29, 64, 9, 51, 43, 57, 27, 4, 31, 12, 3, 56, 44, 52, 23, 10, 55, 15, 19, 62, 7, 14, 60, 34 ]
]
];
s`SolvableDBPointedPassport := [ PowerSequence(PermutationGroup<64 |  
\[ 2, 9, 8, 19, 11, 1, 31, 34, 23, 13, 37, 44, 21, 18, 50, 26, 3, 29, 43, 51, 46, 4, 14, 5, 63, 28, 30, 39, 6, 41, 55, 56, 7, 33, 20, 60, 59, 52, 25, 35, 22, 10, 58, 62, 36, 12, 32, 15, 53, 64, 45, 16, 54, 24, 17, 57, 48, 27, 49, 61, 40, 42, 38, 47 ],
\[ 3, 10, 14, 6, 16, 27, 1, 35, 28, 18, 41, 2, 47, 7, 17, 49, 32, 12, 56, 22, 24, 60, 4, 62, 5, 57, 23, 29, 38, 50, 36, 33, 15, 54, 31, 8, 34, 9, 51, 42, 53, 45, 11, 48, 46, 40, 44, 13, 25, 19, 52, 61, 43, 55, 37, 30, 63, 20, 21, 58, 39, 59, 64, 26 ],
\[ 4, 7, 15, 20, 21, 28, 32, 1, 12, 40, 25, 45, 2, 27, 44, 51, 54, 3, 23, 8, 48, 11, 38, 34, 61, 5, 60, 64, 10, 6, 14, 13, 37, 36, 46, 42, 43, 57, 9, 52, 56, 24, 50, 18, 39, 59, 63, 26, 62, 33, 58, 29, 16, 41, 35, 17, 19, 53, 55, 31, 22, 47, 49, 30 ]:
 Order := 64 >) |
[ PermutationGroup<64 |  
\[ 2, 9, 8, 19, 11, 1, 31, 34, 23, 13, 37, 44, 21, 18, 50, 26, 3, 29, 43, 51, 46, 4, 14, 5, 63, 28, 30, 39, 6, 41, 55, 56, 7, 33, 20, 60, 59, 52, 25, 35, 22, 10, 58, 62, 36, 12, 32, 15, 53, 64, 45, 16, 54, 24, 17, 57, 48, 27, 49, 61, 40, 42, 38, 47 ],
\[ 3, 10, 14, 6, 16, 27, 1, 35, 28, 18, 41, 2, 47, 7, 17, 49, 32, 12, 56, 22, 24, 60, 4, 62, 5, 57, 23, 29, 38, 50, 36, 33, 15, 54, 31, 8, 34, 9, 51, 42, 53, 45, 11, 48, 46, 40, 44, 13, 25, 19, 52, 61, 43, 55, 37, 30, 63, 20, 21, 58, 39, 59, 64, 26 ],
\[ 4, 7, 15, 20, 21, 28, 32, 1, 12, 40, 25, 45, 2, 27, 44, 51, 54, 3, 23, 8, 48, 11, 38, 34, 61, 5, 60, 64, 10, 6, 14, 13, 37, 36, 46, 42, 43, 57, 9, 52, 56, 24, 50, 18, 39, 59, 63, 26, 62, 33, 58, 29, 16, 41, 35, 17, 19, 53, 55, 31, 22, 47, 49, 30 ]:
 Order := 64 > |
[ 36, 48, 10, 7, 64, 56, 12, 58, 61, 28, 20, 38, 17, 35, 1, 41, 19, 47, 26, 23, 25, 52, 50, 40, 43, 44, 3, 4, 51, 63, 22, 14, 30, 21, 54, 37, 32, 27, 42, 2, 34, 31, 55, 33, 18, 8, 24, 59, 57, 53, 5, 46, 60, 15, 62, 11, 29, 39, 45, 6, 49, 16, 13, 9 ],
[ 33, 46, 6, 9, 39, 22, 23, 45, 63, 1, 19, 14, 57, 17, 34, 24, 48, 42, 15, 43, 37, 35, 58, 13, 59, 50, 29, 2, 26, 32, 40, 55, 47, 11, 3, 7, 31, 18, 60, 21, 5, 61, 49, 64, 62, 51, 10, 12, 52, 27, 28, 20, 30, 8, 53, 4, 16, 36, 44, 41, 38, 54, 56, 25 ],
[ 19, 31, 50, 51, 46, 39, 56, 2, 44, 35, 63, 36, 9, 30, 62, 45, 24, 8, 14, 34, 15, 37, 52, 33, 40, 11, 61, 47, 13, 1, 18, 21, 59, 60, 12, 10, 58, 48, 23, 16, 57, 5, 64, 29, 25, 49, 38, 28, 42, 7, 27, 6, 26, 22, 20, 3, 43, 54, 17, 55, 4, 32, 53, 41 ]
],
[ PermutationGroup<64 |  
\[ 2, 9, 8, 19, 11, 1, 31, 34, 23, 13, 37, 44, 21, 18, 50, 26, 3, 29, 43, 51, 46, 4, 14, 5, 63, 28, 30, 39, 6, 41, 55, 56, 7, 33, 20, 60, 59, 52, 25, 35, 22, 10, 58, 62, 36, 12, 32, 15, 53, 64, 45, 16, 54, 24, 17, 57, 48, 27, 49, 61, 40, 42, 38, 47 ],
\[ 3, 10, 14, 6, 16, 27, 1, 35, 28, 18, 41, 2, 47, 7, 17, 49, 32, 12, 56, 22, 24, 60, 4, 62, 5, 57, 23, 29, 38, 50, 36, 33, 15, 54, 31, 8, 34, 9, 51, 42, 53, 45, 11, 48, 46, 40, 44, 13, 25, 19, 52, 61, 43, 55, 37, 30, 63, 20, 21, 58, 39, 59, 64, 26 ],
\[ 4, 7, 15, 20, 21, 28, 32, 1, 12, 40, 25, 45, 2, 27, 44, 51, 54, 3, 23, 8, 48, 11, 38, 34, 61, 5, 60, 64, 10, 6, 14, 13, 37, 36, 46, 42, 43, 57, 9, 52, 56, 24, 50, 18, 39, 59, 63, 26, 62, 33, 58, 29, 16, 41, 35, 17, 19, 53, 55, 31, 22, 47, 49, 30 ]:
 Order := 64 > |
[ 36, 48, 10, 7, 64, 56, 12, 58, 61, 28, 20, 38, 17, 35, 1, 41, 19, 47, 26, 23, 25, 52, 50, 40, 43, 44, 3, 4, 51, 63, 22, 14, 30, 21, 54, 37, 32, 27, 42, 2, 34, 31, 55, 33, 18, 8, 24, 59, 57, 53, 5, 46, 60, 15, 62, 11, 29, 39, 45, 6, 49, 16, 13, 9 ],
[ 8, 13, 18, 1, 26, 30, 2, 20, 39, 29, 22, 9, 32, 31, 3, 53, 56, 44, 57, 4, 5, 61, 19, 42, 11, 48, 14, 6, 52, 64, 60, 7, 50, 24, 55, 34, 33, 23, 45, 10, 54, 36, 37, 15, 12, 35, 62, 21, 63, 43, 16, 40, 58, 17, 59, 41, 38, 51, 46, 27, 25, 49, 47, 28 ],
[ 44, 52, 60, 64, 58, 31, 20, 59, 30, 15, 17, 32, 49, 13, 41, 47, 2, 39, 54, 25, 36, 14, 8, 63, 48, 23, 57, 40, 19, 37, 24, 43, 18, 56, 27, 4, 42, 45, 53, 34, 51, 9, 61, 5, 55, 29, 3, 7, 22, 38, 10, 11, 33, 46, 50, 28, 62, 1, 26, 16, 12, 35, 6, 21 ]
],
[ PermutationGroup<64 |  
\[ 2, 9, 8, 19, 11, 1, 31, 34, 23, 13, 37, 44, 21, 18, 50, 26, 3, 29, 43, 51, 46, 4, 14, 5, 63, 28, 30, 39, 6, 41, 55, 56, 7, 33, 20, 60, 59, 52, 25, 35, 22, 10, 58, 62, 36, 12, 32, 15, 53, 64, 45, 16, 54, 24, 17, 57, 48, 27, 49, 61, 40, 42, 38, 47 ],
\[ 3, 10, 14, 6, 16, 27, 1, 35, 28, 18, 41, 2, 47, 7, 17, 49, 32, 12, 56, 22, 24, 60, 4, 62, 5, 57, 23, 29, 38, 50, 36, 33, 15, 54, 31, 8, 34, 9, 51, 42, 53, 45, 11, 48, 46, 40, 44, 13, 25, 19, 52, 61, 43, 55, 37, 30, 63, 20, 21, 58, 39, 59, 64, 26 ],
\[ 4, 7, 15, 20, 21, 28, 32, 1, 12, 40, 25, 45, 2, 27, 44, 51, 54, 3, 23, 8, 48, 11, 38, 34, 61, 5, 60, 64, 10, 6, 14, 13, 37, 36, 46, 42, 43, 57, 9, 52, 56, 24, 50, 18, 39, 59, 63, 26, 62, 33, 58, 29, 16, 41, 35, 17, 19, 53, 55, 31, 22, 47, 49, 30 ]:
 Order := 64 > |
[ 36, 48, 10, 7, 64, 56, 12, 58, 61, 28, 20, 38, 17, 35, 1, 41, 19, 47, 26, 23, 25, 52, 50, 40, 43, 44, 3, 4, 51, 63, 22, 14, 30, 21, 54, 37, 32, 27, 42, 2, 34, 31, 55, 33, 18, 8, 24, 59, 57, 53, 5, 46, 60, 15, 62, 11, 29, 39, 45, 6, 49, 16, 13, 9 ],
[ 3, 10, 14, 6, 16, 27, 1, 35, 28, 18, 41, 2, 47, 7, 17, 49, 32, 12, 56, 22, 24, 60, 4, 62, 5, 57, 23, 29, 38, 50, 36, 33, 15, 54, 31, 8, 34, 9, 51, 42, 53, 45, 11, 48, 46, 40, 44, 13, 25, 19, 52, 61, 43, 55, 37, 30, 63, 20, 21, 58, 39, 59, 64, 26 ],
[ 33, 46, 6, 9, 39, 22, 23, 45, 63, 1, 19, 14, 57, 17, 34, 24, 48, 42, 15, 43, 37, 35, 58, 13, 59, 50, 29, 2, 26, 32, 40, 55, 47, 11, 3, 7, 31, 18, 60, 21, 5, 61, 49, 64, 62, 51, 10, 12, 52, 27, 28, 20, 30, 8, 53, 4, 16, 36, 44, 41, 38, 54, 56, 25 ]
],
[ PermutationGroup<64 |  
\[ 2, 9, 8, 19, 11, 1, 31, 34, 23, 13, 37, 44, 21, 18, 50, 26, 3, 29, 43, 51, 46, 4, 14, 5, 63, 28, 30, 39, 6, 41, 55, 56, 7, 33, 20, 60, 59, 52, 25, 35, 22, 10, 58, 62, 36, 12, 32, 15, 53, 64, 45, 16, 54, 24, 17, 57, 48, 27, 49, 61, 40, 42, 38, 47 ],
\[ 3, 10, 14, 6, 16, 27, 1, 35, 28, 18, 41, 2, 47, 7, 17, 49, 32, 12, 56, 22, 24, 60, 4, 62, 5, 57, 23, 29, 38, 50, 36, 33, 15, 54, 31, 8, 34, 9, 51, 42, 53, 45, 11, 48, 46, 40, 44, 13, 25, 19, 52, 61, 43, 55, 37, 30, 63, 20, 21, 58, 39, 59, 64, 26 ],
\[ 4, 7, 15, 20, 21, 28, 32, 1, 12, 40, 25, 45, 2, 27, 44, 51, 54, 3, 23, 8, 48, 11, 38, 34, 61, 5, 60, 64, 10, 6, 14, 13, 37, 36, 46, 42, 43, 57, 9, 52, 56, 24, 50, 18, 39, 59, 63, 26, 62, 33, 58, 29, 16, 41, 35, 17, 19, 53, 55, 31, 22, 47, 49, 30 ]:
 Order := 64 > |
[ 36, 48, 10, 7, 64, 56, 12, 58, 61, 28, 20, 38, 17, 35, 1, 41, 19, 47, 26, 23, 25, 52, 50, 40, 43, 44, 3, 4, 51, 63, 22, 14, 30, 21, 54, 37, 32, 27, 42, 2, 34, 31, 55, 33, 18, 8, 24, 59, 57, 53, 5, 46, 60, 15, 62, 11, 29, 39, 45, 6, 49, 16, 13, 9 ],
[ 58, 17, 47, 36, 44, 63, 48, 23, 42, 51, 52, 61, 14, 22, 10, 60, 11, 33, 29, 7, 64, 49, 26, 31, 20, 59, 35, 56, 46, 9, 6, 12, 53, 40, 62, 21, 30, 50, 18, 28, 15, 37, 32, 1, 38, 54, 16, 25, 13, 55, 41, 2, 39, 19, 45, 34, 27, 5, 8, 3, 43, 57, 24, 4 ],
[ 41, 34, 57, 40, 10, 16, 64, 29, 21, 60, 28, 20, 6, 43, 46, 35, 49, 55, 2, 17, 56, 24, 25, 3, 36, 54, 45, 15, 62, 18, 9, 42, 5, 51, 13, 44, 4, 32, 1, 63, 47, 53, 48, 23, 26, 11, 39, 52, 12, 8, 19, 14, 38, 27, 61, 31, 22, 59, 7, 33, 30, 50, 37, 58 ]
]
];
s`SolvableDBMonodromyGroup := PermutationGroup<64 |  
\[ 2, 9, 8, 19, 11, 1, 31, 34, 23, 13, 37, 44, 21, 18, 50, 26, 3, 29, 43, 51, 46, 4, 14, 5, 63, 28, 30, 39, 6, 41, 55, 56, 7, 33, 20, 60, 59, 52, 25, 35, 22, 10, 58, 62, 36, 12, 32, 15, 53, 64, 45, 16, 54, 24, 17, 57, 48, 27, 49, 61, 40, 42, 38, 47 ],
\[ 3, 10, 14, 6, 16, 27, 1, 35, 28, 18, 41, 2, 47, 7, 17, 49, 32, 12, 56, 22, 24, 60, 4, 62, 5, 57, 23, 29, 38, 50, 36, 33, 15, 54, 31, 8, 34, 9, 51, 42, 53, 45, 11, 48, 46, 40, 44, 13, 25, 19, 52, 61, 43, 55, 37, 30, 63, 20, 21, 58, 39, 59, 64, 26 ],
\[ 4, 7, 15, 20, 21, 28, 32, 1, 12, 40, 25, 45, 2, 27, 44, 51, 54, 3, 23, 8, 48, 11, 38, 34, 61, 5, 60, 64, 10, 6, 14, 13, 37, 36, 46, 42, 43, 57, 9, 52, 56, 24, 50, 18, 39, 59, 63, 26, 62, 33, 58, 29, 16, 41, 35, 17, 19, 53, 55, 31, 22, 47, 49, 30 ] >;
s`SolvableDBAutomorphismGroup := PermutationGroup<64 |  
\[ 29, 6, 38, 10, 54, 18, 28, 52, 1, 27, 24, 4, 30, 9, 57, 55, 63, 23, 13, 40, 41, 42, 2, 53, 34, 17, 12, 3, 14, 44, 39, 64, 26, 16, 61, 51, 5, 7, 8, 60, 62, 58, 21, 19, 20, 22, 50, 56, 37, 48, 35, 31, 59, 49, 25, 47, 32, 46, 11, 45, 36, 43, 33, 15 ],
\[ 2, 9, 10, 7, 11, 1, 12, 13, 23, 28, 37, 38, 39, 18, 40, 41, 42, 29, 31, 32, 25, 33, 14, 5, 43, 22, 3, 4, 6, 8, 44, 45, 46, 21, 47, 48, 59, 27, 19, 64, 34, 26, 55, 52, 57, 63, 51, 61, 53, 35, 56, 30, 54, 24, 62, 36, 60, 17, 49, 15, 50, 16, 58, 20 ],
\[ 38, 52, 9, 57, 55, 63, 29, 23, 16, 61, 17, 51, 40, 28, 12, 37, 2, 39, 48, 19, 35, 56, 26, 31, 54, 59, 64, 49, 25, 47, 6, 10, 18, 14, 4, 27, 3, 5, 53, 22, 32, 60, 15, 45, 58, 20, 42, 46, 34, 44, 43, 11, 33, 7, 1, 13, 21, 50, 8, 30, 41, 36, 24, 62 ]:
 Order := 64 >;
s`SolvableDBPointedAutomorphismGroup := PermutationGroup<64 |  
\[ 9, 23, 28, 12, 37, 2, 38, 39, 14, 4, 59, 27, 19, 29, 64, 34, 26, 6, 44, 45, 43, 46, 18, 11, 55, 33, 10, 7, 1, 13, 52, 57, 63, 25, 51, 61, 49, 3, 31, 20, 21, 22, 62, 30, 60, 58, 56, 50, 54, 47, 36, 8, 24, 5, 16, 48, 15, 42, 53, 40, 35, 41, 17, 32 ],
\[ 6, 1, 27, 28, 24, 29, 4, 30, 2, 3, 5, 7, 8, 23, 60, 62, 58, 14, 39, 64, 34, 26, 9, 54, 21, 42, 38, 10, 18, 52, 19, 20, 22, 41, 50, 56, 11, 12, 13, 15, 16, 17, 25, 31, 32, 33, 35, 36, 59, 61, 47, 44, 49, 53, 43, 51, 45, 63, 37, 57, 48, 55, 46, 40 ]:
 Order := 8 >;

/*
Top Level Belyi Curve/Map
*/


/*
Graph Data
*/

s`SolvableDBPathToPP1 := [ Strings() | "PP1", "2T1-1,2,2-g0-path1", "4T2-2,2,2-g0-path1", "8T4-4,2,2-g0-path1", "16T10-4,2,4-g1-path9", "32S11-8,4,4-g7-path11", "64S9-8,4,4-g13-path93" ];
s`SolvableDBChildren := [ Strings() | "32S11-8,4,4-g7-path11" ];

/*
Return for eval
*/

return s;
