s := SolvablePassportDBInitialize();

/*
Magma printing
*/

s`Filename := "32S1-8,32,32-g14.m";
s`GaloisOrbits := [ Strings() | "32S1-8,32,32-g14-path2.m", "32S1-8,32,32-g14-path1.m" ];
s`Name := "32S1-8,32,32-g14";
s`Passport := [ PowerSequence(PermutationGroup<32 |  
\[ 2, 9, 8, 7, 10, 1, 11, 12, 20, 23, 25, 26, 16, 22, 3, 19, 21, 4, 24, 5, 27, 28, 6, 29, 17, 14, 18, 15, 31, 13, 32, 30 ],
\[ 3, 8, 13, 6, 14, 15, 1, 16, 12, 22, 2, 19, 27, 29, 30, 18, 20, 23, 4, 26, 5, 31, 28, 7, 9, 24, 10, 32, 11, 21, 25, 17 ],
\[ 4, 7, 6, 16, 17, 18, 19, 1, 11, 21, 24, 2, 15, 20, 23, 3, 31, 13, 8, 25, 32, 5, 27, 12, 29, 9, 30, 10, 26, 28, 14, 22 ]:
 Order := 32 >) |
[ PermutationGroup<32 |  
\[ 2, 9, 8, 7, 10, 1, 11, 12, 20, 23, 25, 26, 16, 22, 3, 19, 21, 4, 24, 5, 27, 28, 6, 29, 17, 14, 18, 15, 31, 13, 32, 30 ],
\[ 3, 8, 13, 6, 14, 15, 1, 16, 12, 22, 2, 19, 27, 29, 30, 18, 20, 23, 4, 26, 5, 31, 28, 7, 9, 24, 10, 32, 11, 21, 25, 17 ],
\[ 4, 7, 6, 16, 17, 18, 19, 1, 11, 21, 24, 2, 15, 20, 23, 3, 31, 13, 8, 25, 32, 5, 27, 12, 29, 9, 30, 10, 26, 28, 14, 22 ]:
 Order := 32 > |
[ 2, 9, 8, 7, 10, 1, 11, 12, 20, 23, 25, 26, 16, 22, 3, 19, 21, 4, 24, 5, 27, 28, 6, 29, 17, 14, 18, 15, 31, 13, 32, 30 ],
[ 3, 8, 13, 6, 14, 15, 1, 16, 12, 22, 2, 19, 27, 29, 30, 18, 20, 23, 4, 26, 5, 31, 28, 7, 9, 24, 10, 32, 11, 21, 25, 17 ],
[ 4, 7, 6, 16, 17, 18, 19, 1, 11, 21, 24, 2, 15, 20, 23, 3, 31, 13, 8, 25, 32, 5, 27, 12, 29, 9, 30, 10, 26, 28, 14, 22 ]
],
[ PermutationGroup<32 |  
\[ 2, 9, 8, 7, 10, 1, 11, 12, 20, 23, 25, 26, 16, 22, 3, 19, 21, 4, 24, 5, 27, 28, 6, 29, 17, 14, 18, 15, 31, 13, 32, 30 ],
\[ 3, 8, 13, 6, 14, 15, 1, 16, 12, 22, 2, 19, 27, 29, 30, 18, 20, 23, 4, 26, 5, 31, 28, 7, 9, 24, 10, 32, 11, 21, 25, 17 ],
\[ 4, 7, 6, 16, 17, 18, 19, 1, 11, 21, 24, 2, 15, 20, 23, 3, 31, 13, 8, 25, 32, 5, 27, 12, 29, 9, 30, 10, 26, 28, 14, 22 ]:
 Order := 32 > |
[ 6, 1, 15, 18, 20, 23, 4, 3, 2, 5, 7, 8, 30, 26, 28, 13, 25, 27, 16, 9, 17, 14, 10, 19, 11, 12, 21, 22, 24, 32, 29, 31 ],
[ 3, 8, 13, 6, 14, 15, 1, 16, 12, 22, 2, 19, 27, 29, 30, 18, 20, 23, 4, 26, 5, 31, 28, 7, 9, 24, 10, 32, 11, 21, 25, 17 ],
[ 11, 25, 2, 24, 27, 7, 29, 9, 17, 18, 31, 20, 8, 10, 1, 12, 30, 19, 26, 21, 13, 23, 4, 14, 32, 5, 16, 6, 22, 3, 28, 15 ]
],
[ PermutationGroup<32 |  
\[ 2, 9, 8, 7, 10, 1, 11, 12, 20, 23, 25, 26, 16, 22, 3, 19, 21, 4, 24, 5, 27, 28, 6, 29, 17, 14, 18, 15, 31, 13, 32, 30 ],
\[ 3, 8, 13, 6, 14, 15, 1, 16, 12, 22, 2, 19, 27, 29, 30, 18, 20, 23, 4, 26, 5, 31, 28, 7, 9, 24, 10, 32, 11, 21, 25, 17 ],
\[ 4, 7, 6, 16, 17, 18, 19, 1, 11, 21, 24, 2, 15, 20, 23, 3, 31, 13, 8, 25, 32, 5, 27, 12, 29, 9, 30, 10, 26, 28, 14, 22 ]:
 Order := 32 > |
[ 10, 23, 22, 21, 2, 5, 27, 28, 6, 9, 18, 15, 31, 8, 14, 32, 7, 17, 30, 1, 11, 12, 20, 13, 4, 3, 25, 26, 16, 29, 19, 24 ],
[ 3, 8, 13, 6, 14, 15, 1, 16, 12, 22, 2, 19, 27, 29, 30, 18, 20, 23, 4, 26, 5, 31, 28, 7, 9, 24, 10, 32, 11, 21, 25, 17 ],
[ 17, 21, 20, 31, 4, 25, 32, 5, 27, 7, 30, 10, 26, 6, 9, 14, 16, 29, 22, 18, 19, 1, 11, 28, 13, 23, 24, 2, 15, 12, 3, 8 ]
],
[ PermutationGroup<32 |  
\[ 2, 9, 8, 7, 10, 1, 11, 12, 20, 23, 25, 26, 16, 22, 3, 19, 21, 4, 24, 5, 27, 28, 6, 29, 17, 14, 18, 15, 31, 13, 32, 30 ],
\[ 3, 8, 13, 6, 14, 15, 1, 16, 12, 22, 2, 19, 27, 29, 30, 18, 20, 23, 4, 26, 5, 31, 28, 7, 9, 24, 10, 32, 11, 21, 25, 17 ],
\[ 4, 7, 6, 16, 17, 18, 19, 1, 11, 21, 24, 2, 15, 20, 23, 3, 31, 13, 8, 25, 32, 5, 27, 12, 29, 9, 30, 10, 26, 28, 14, 22 ]:
 Order := 32 > |
[ 20, 5, 26, 25, 6, 9, 17, 14, 10, 1, 21, 22, 24, 15, 12, 29, 18, 11, 31, 23, 4, 3, 2, 32, 27, 28, 7, 8, 30, 19, 13, 16 ],
[ 3, 8, 13, 6, 14, 15, 1, 16, 12, 22, 2, 19, 27, 29, 30, 18, 20, 23, 4, 26, 5, 31, 28, 7, 9, 24, 10, 32, 11, 21, 25, 17 ],
[ 27, 18, 10, 30, 11, 21, 13, 23, 4, 25, 16, 6, 22, 2, 5, 28, 24, 32, 15, 7, 29, 9, 17, 3, 19, 1, 31, 20, 8, 14, 12, 26 ]
]
];

/*
Return for eval
*/

return s;
