s := SolvablePassportDBInitialize();

/*
Magma printing
*/

s`Filename := "32S17-16,16,4-g11.m";
s`GaloisOrbits := [ Strings() | "32S17-16,16,4-g11-path1.m" ];
s`Name := "32S17-16,16,4-g11";
s`Passport := [ PowerSequence(PermutationGroup<32 |  
\[ 11, 20, 8, 10, 2, 5, 12, 7, 28, 18, 9, 21, 16, 4, 14, 1, 3, 22, 32, 19, 30, 31, 17, 6, 24, 13, 15, 29, 25, 27, 23, 26 ],
\[ 3, 8, 13, 16, 14, 17, 1, 6, 7, 5, 4, 2, 23, 24, 26, 15, 25, 11, 12, 10, 9, 20, 32, 27, 31, 30, 29, 18, 21, 19, 28, 22 ],
\[ 4, 10, 6, 5, 8, 14, 2, 1, 18, 11, 7, 9, 15, 16, 24, 3, 13, 20, 22, 12, 19, 28, 25, 17, 27, 23, 26, 21, 31, 29, 32, 30 ]:
 Order := 32 >) |
[ PermutationGroup<32 |  
\[ 11, 20, 8, 10, 2, 5, 12, 7, 28, 18, 9, 21, 16, 4, 14, 1, 3, 22, 32, 19, 30, 31, 17, 6, 24, 13, 15, 29, 25, 27, 23, 26 ],
\[ 3, 8, 13, 16, 14, 17, 1, 6, 7, 5, 4, 2, 23, 24, 26, 15, 25, 11, 12, 10, 9, 20, 32, 27, 31, 30, 29, 18, 21, 19, 28, 22 ],
\[ 4, 10, 6, 5, 8, 14, 2, 1, 18, 11, 7, 9, 15, 16, 24, 3, 13, 20, 22, 12, 19, 28, 25, 17, 27, 23, 26, 21, 31, 29, 32, 30 ]:
 Order := 32 > |
[ 11, 20, 8, 10, 2, 5, 12, 7, 28, 18, 9, 21, 16, 4, 14, 1, 3, 22, 32, 19, 30, 31, 17, 6, 24, 13, 15, 29, 25, 27, 23, 26 ],
[ 14, 4, 24, 6, 3, 15, 5, 16, 10, 1, 8, 11, 27, 13, 25, 17, 26, 2, 18, 7, 20, 9, 29, 23, 30, 31, 32, 12, 22, 28, 19, 21 ],
[ 8, 7, 16, 1, 4, 3, 11, 5, 12, 2, 10, 20, 17, 6, 13, 14, 24, 9, 21, 18, 28, 19, 26, 15, 23, 27, 25, 22, 30, 32, 29, 31 ]
]
];

/*
Return for eval
*/

return s;
