s := SolvablePassportDBInitialize();

/*
Magma printing
*/

s`Filename := "32S11-4,8,4-g7.m";
s`GaloisOrbits := [ Strings() | "32S11-4,8,4-g7-path3-notcomputed.m", "32S11-4,8,4-g7-path4-notcomputed.m" ];
s`Name := "32S11-4,8,4-g7";
s`Passport := [ PowerSequence(PermutationGroup<32 |  
\[ 6, 1, 8, 20, 2, 5, 25, 15, 11, 23, 21, 3, 16, 29, 12, 26, 4, 30, 17, 19, 22, 9, 7, 18, 10, 28, 31, 13, 27, 32, 14, 24 ],
\[ 3, 9, 13, 2, 15, 21, 1, 24, 28, 5, 18, 30, 10, 12, 26, 4, 29, 17, 6, 31, 16, 32, 14, 23, 27, 7, 8, 19, 22, 25, 11, 20 ],
\[ 4, 10, 14, 18, 19, 7, 24, 1, 29, 30, 2, 5, 9, 20, 27, 3, 28, 8, 32, 16, 31, 6, 13, 22, 26, 21, 17, 15, 23, 11, 25, 12 ]:
 Order := 32 >) |
[ PermutationGroup<32 |  
\[ 6, 1, 8, 20, 2, 5, 25, 15, 11, 23, 21, 3, 16, 29, 12, 26, 4, 30, 17, 19, 22, 9, 7, 18, 10, 28, 31, 13, 27, 32, 14, 24 ],
\[ 3, 9, 13, 2, 15, 21, 1, 24, 28, 5, 18, 30, 10, 12, 26, 4, 29, 17, 6, 31, 16, 32, 14, 23, 27, 7, 8, 19, 22, 25, 11, 20 ],
\[ 4, 10, 14, 18, 19, 7, 24, 1, 29, 30, 2, 5, 9, 20, 27, 3, 28, 8, 32, 16, 31, 6, 13, 22, 26, 21, 17, 15, 23, 11, 25, 12 ]:
 Order := 32 > |
[ 8, 11, 16, 1, 12, 22, 6, 18, 13, 2, 30, 32, 23, 3, 28, 20, 27, 4, 5, 14, 26, 24, 29, 7, 31, 25, 15, 17, 9, 10, 21, 19 ],
[ 7, 4, 1, 16, 10, 19, 26, 27, 2, 13, 31, 14, 3, 23, 5, 21, 18, 11, 28, 32, 6, 29, 24, 8, 30, 15, 25, 9, 17, 12, 20, 22 ],
[ 2, 5, 12, 17, 6, 1, 23, 3, 22, 25, 9, 15, 28, 31, 8, 13, 19, 24, 20, 4, 11, 21, 10, 32, 7, 16, 29, 26, 14, 18, 27, 30 ]
],
[ PermutationGroup<32 |  
\[ 6, 1, 8, 20, 2, 5, 25, 15, 11, 23, 21, 3, 16, 29, 12, 26, 4, 30, 17, 19, 22, 9, 7, 18, 10, 28, 31, 13, 27, 32, 14, 24 ],
\[ 3, 9, 13, 2, 15, 21, 1, 24, 28, 5, 18, 30, 10, 12, 26, 4, 29, 17, 6, 31, 16, 32, 14, 23, 27, 7, 8, 19, 22, 25, 11, 20 ],
\[ 4, 10, 14, 18, 19, 7, 24, 1, 29, 30, 2, 5, 9, 20, 27, 3, 28, 8, 32, 16, 31, 6, 13, 22, 26, 21, 17, 15, 23, 11, 25, 12 ]:
 Order := 32 > |
[ 2, 5, 12, 17, 6, 1, 23, 3, 22, 25, 9, 15, 28, 31, 8, 13, 19, 24, 20, 4, 11, 21, 10, 32, 7, 16, 29, 26, 14, 18, 27, 30 ],
[ 7, 4, 1, 16, 10, 19, 26, 27, 2, 13, 31, 14, 3, 23, 5, 21, 18, 11, 28, 32, 6, 29, 24, 8, 30, 15, 25, 9, 17, 12, 20, 22 ],
[ 21, 3, 24, 31, 9, 15, 27, 26, 18, 14, 16, 13, 4, 22, 30, 7, 2, 25, 29, 6, 32, 28, 1, 17, 5, 19, 11, 10, 8, 20, 12, 23 ]
]
];

/*
Return for eval
*/

return s;
