s := SolvablePassportDBInitialize();

/*
Magma printing
*/

s`Filename := "32S16-16,16,4-g11.m";
s`GaloisOrbits := [ Strings() | "32S16-16,16,4-g11-path2.m", "32S16-16,16,4-g11-path1.m", "32S16-16,16,4-g11-path3.m", "32S16-16,16,4-g11-path4.m", "32S16-16,16,4-g11-path9.m", "32S16-16,16,4-g11-path6.m", "32S16-16,16,4-g11-path7.m", "32S16-16,16,4-g11-path8.m", "32S16-16,16,4-g11-path5.m" ];
s`Name := "32S16-16,16,4-g11";
s`Passport := [ PowerSequence(PermutationGroup<32 |  
\[ 2, 9, 8, 7, 10, 1, 11, 12, 3, 24, 6, 13, 15, 22, 16, 19, 21, 4, 23, 5, 25, 26, 18, 14, 20, 27, 28, 29, 31, 17, 32, 30 ],
\[ 14, 22, 27, 20, 3, 24, 5, 28, 26, 8, 10, 29, 31, 13, 32, 30, 6, 25, 17, 9, 1, 15, 21, 12, 2, 16, 19, 23, 18, 11, 4, 7 ],
\[ 17, 21, 20, 29, 4, 30, 31, 5, 25, 7, 32, 10, 24, 6, 14, 22, 16, 28, 26, 18, 19, 1, 27, 11, 23, 2, 9, 3, 8, 15, 12, 13 ]:
 Order := 32 >) |
[ PermutationGroup<32 |  
\[ 2, 9, 8, 7, 10, 1, 11, 12, 3, 24, 6, 13, 15, 22, 16, 19, 21, 4, 23, 5, 25, 26, 18, 14, 20, 27, 28, 29, 31, 17, 32, 30 ],
\[ 14, 22, 27, 20, 3, 24, 5, 28, 26, 8, 10, 29, 31, 13, 32, 30, 6, 25, 17, 9, 1, 15, 21, 12, 2, 16, 19, 23, 18, 11, 4, 7 ],
\[ 17, 21, 20, 29, 4, 30, 31, 5, 25, 7, 32, 10, 24, 6, 14, 22, 16, 28, 26, 18, 19, 1, 27, 11, 23, 2, 9, 3, 8, 15, 12, 13 ]:
 Order := 32 > |
[ 2, 9, 8, 7, 10, 1, 11, 12, 3, 24, 6, 13, 15, 22, 16, 19, 21, 4, 23, 5, 25, 26, 18, 14, 20, 27, 28, 29, 31, 17, 32, 30 ],
[ 30, 17, 25, 28, 18, 32, 29, 20, 21, 4, 31, 5, 10, 11, 24, 14, 15, 27, 22, 23, 16, 6, 26, 7, 19, 1, 2, 9, 3, 13, 8, 12 ],
[ 22, 26, 28, 5, 8, 14, 10, 29, 27, 12, 24, 31, 32, 15, 30, 17, 1, 20, 21, 3, 2, 16, 25, 13, 9, 19, 23, 18, 4, 6, 7, 11 ]
]
];

/*
Return for eval
*/

return s;
