s := SolvablePassportDBInitialize();

/*
Magma printing
*/

s`Filename := "32S17-16,8,16-g13.m";
s`GaloisOrbits := [ Strings() | "32S17-16,8,16-g13-path2-notcomputed.m" ];
s`Name := "32S17-16,8,16-g13";
s`Passport := [ PowerSequence(PermutationGroup<32 |  
\[ 2, 9, 8, 19, 11, 1, 26, 24, 22, 13, 20, 32, 4, 18, 5, 10, 3, 25, 12, 27, 7, 28, 16, 21, 6, 31, 14, 29, 30, 15, 23, 17 ],
\[ 3, 10, 14, 6, 16, 23, 1, 29, 24, 18, 8, 2, 30, 19, 17, 28, 22, 26, 5, 13, 15, 4, 27, 25, 32, 11, 21, 7, 12, 31, 9, 20 ],
\[ 4, 7, 15, 20, 21, 24, 27, 1, 12, 5, 19, 14, 2, 23, 13, 6, 25, 3, 22, 26, 9, 31, 30, 11, 10, 28, 32, 17, 16, 8, 18, 29 ]:
 Order := 32 >) |
[ PermutationGroup<32 |  
\[ 2, 9, 8, 19, 11, 1, 26, 24, 22, 13, 20, 32, 4, 18, 5, 10, 3, 25, 12, 27, 7, 28, 16, 21, 6, 31, 14, 29, 30, 15, 23, 17 ],
\[ 3, 10, 14, 6, 16, 23, 1, 29, 24, 18, 8, 2, 30, 19, 17, 28, 22, 26, 5, 13, 15, 4, 27, 25, 32, 11, 21, 7, 12, 31, 9, 20 ],
\[ 4, 7, 15, 20, 21, 24, 27, 1, 12, 5, 19, 14, 2, 23, 13, 6, 25, 3, 22, 26, 9, 31, 30, 11, 10, 28, 32, 17, 16, 8, 18, 29 ]:
 Order := 32 > |
[ 6, 1, 17, 13, 15, 25, 21, 3, 2, 16, 5, 19, 10, 27, 30, 23, 32, 14, 4, 11, 24, 9, 31, 8, 18, 7, 20, 22, 28, 29, 26, 12 ],
[ 3, 10, 14, 6, 16, 23, 1, 29, 24, 18, 8, 2, 30, 19, 17, 28, 22, 26, 5, 13, 15, 4, 27, 25, 32, 11, 21, 7, 12, 31, 9, 20 ],
[ 12, 31, 11, 14, 26, 7, 18, 9, 17, 20, 32, 25, 22, 10, 19, 2, 1, 24, 29, 23, 28, 16, 5, 27, 4, 30, 3, 8, 13, 21, 6, 15 ]
],
[ PermutationGroup<32 |  
\[ 2, 9, 8, 19, 11, 1, 26, 24, 22, 13, 20, 32, 4, 18, 5, 10, 3, 25, 12, 27, 7, 28, 16, 21, 6, 31, 14, 29, 30, 15, 23, 17 ],
\[ 3, 10, 14, 6, 16, 23, 1, 29, 24, 18, 8, 2, 30, 19, 17, 28, 22, 26, 5, 13, 15, 4, 27, 25, 32, 11, 21, 7, 12, 31, 9, 20 ],
\[ 4, 7, 15, 20, 21, 24, 27, 1, 12, 5, 19, 14, 2, 23, 13, 6, 25, 3, 22, 26, 9, 31, 30, 11, 10, 28, 32, 17, 16, 8, 18, 29 ]:
 Order := 32 > |
[ 6, 1, 17, 13, 15, 25, 21, 3, 2, 16, 5, 19, 10, 27, 30, 23, 32, 14, 4, 11, 24, 9, 31, 8, 18, 7, 20, 22, 28, 29, 26, 12 ],
[ 7, 12, 1, 22, 19, 4, 28, 11, 31, 2, 26, 29, 20, 3, 21, 5, 15, 10, 14, 32, 27, 17, 6, 9, 24, 18, 23, 16, 8, 13, 30, 25 ],
[ 10, 24, 29, 5, 8, 3, 11, 25, 4, 30, 13, 20, 6, 26, 16, 18, 14, 32, 2, 21, 1, 7, 28, 15, 23, 9, 19, 12, 31, 17, 27, 22 ]
]
];

/*
Return for eval
*/

return s;
