s := SolvablePassportDBInitialize();

/*
Magma printing
*/

s`Filename := "32S17-16,8,16-g13.m";
s`GaloisOrbits := [ Strings() | "32S17-16,8,16-g13-path3-notcomputed.m", "32S17-16,8,16-g13-path4-notcomputed.m" ];
s`Name := "32S17-16,8,16-g13";
s`Passport := [ PowerSequence(PermutationGroup<32 |  
\[ 2, 9, 8, 19, 11, 1, 25, 21, 26, 13, 29, 32, 20, 18, 5, 10, 3, 31, 12, 7, 4, 27, 16, 6, 30, 14, 28, 24, 22, 17, 15, 23 ],
\[ 3, 10, 14, 6, 16, 23, 1, 28, 21, 18, 8, 2, 24, 19, 17, 27, 22, 25, 5, 15, 31, 4, 26, 30, 11, 20, 7, 12, 13, 9, 32, 29 ],
\[ 4, 7, 15, 9, 20, 13, 26, 1, 12, 5, 19, 14, 2, 23, 21, 6, 24, 3, 22, 29, 11, 32, 31, 8, 27, 30, 17, 16, 25, 18, 10, 28 ]:
 Order := 32 >) |
[ PermutationGroup<32 |  
\[ 2, 9, 8, 19, 11, 1, 25, 21, 26, 13, 29, 32, 20, 18, 5, 10, 3, 31, 12, 7, 4, 27, 16, 6, 30, 14, 28, 24, 22, 17, 15, 23 ],
\[ 3, 10, 14, 6, 16, 23, 1, 28, 21, 18, 8, 2, 24, 19, 17, 27, 22, 25, 5, 15, 31, 4, 26, 30, 11, 20, 7, 12, 13, 9, 32, 29 ],
\[ 4, 7, 15, 9, 20, 13, 26, 1, 12, 5, 19, 14, 2, 23, 21, 6, 24, 3, 22, 29, 11, 32, 31, 8, 27, 30, 17, 16, 25, 18, 10, 28 ]:
 Order := 32 > |
[ 6, 1, 17, 21, 15, 24, 20, 3, 2, 16, 5, 19, 10, 26, 31, 23, 30, 14, 4, 13, 8, 29, 32, 28, 7, 9, 22, 27, 11, 25, 18, 12 ],
[ 19, 25, 5, 26, 7, 20, 14, 2, 32, 11, 12, 18, 9, 16, 4, 1, 6, 8, 27, 22, 29, 23, 15, 21, 28, 17, 3, 10, 30, 31, 13, 24 ],
[ 8, 13, 18, 1, 10, 16, 2, 24, 4, 31, 21, 9, 6, 12, 3, 28, 27, 30, 11, 5, 15, 19, 14, 17, 29, 7, 25, 32, 20, 26, 23, 22 ]
],
[ PermutationGroup<32 |  
\[ 2, 9, 8, 19, 11, 1, 25, 21, 26, 13, 29, 32, 20, 18, 5, 10, 3, 31, 12, 7, 4, 27, 16, 6, 30, 14, 28, 24, 22, 17, 15, 23 ],
\[ 3, 10, 14, 6, 16, 23, 1, 28, 21, 18, 8, 2, 24, 19, 17, 27, 22, 25, 5, 15, 31, 4, 26, 30, 11, 20, 7, 12, 13, 9, 32, 29 ],
\[ 4, 7, 15, 9, 20, 13, 26, 1, 12, 5, 19, 14, 2, 23, 21, 6, 24, 3, 22, 29, 11, 32, 31, 8, 27, 30, 17, 16, 25, 18, 10, 28 ]:
 Order := 32 > |
[ 6, 1, 17, 21, 15, 24, 20, 3, 2, 16, 5, 19, 10, 26, 31, 23, 30, 14, 4, 13, 8, 29, 32, 28, 7, 9, 22, 27, 11, 25, 18, 12 ],
[ 16, 8, 27, 15, 3, 17, 5, 18, 13, 28, 10, 11, 31, 7, 23, 14, 26, 12, 1, 6, 24, 20, 22, 32, 2, 4, 19, 25, 21, 29, 30, 9 ],
[ 25, 32, 2, 27, 12, 19, 28, 29, 17, 9, 30, 24, 22, 8, 7, 11, 5, 13, 18, 14, 26, 3, 1, 20, 31, 16, 10, 21, 23, 6, 4, 15 ]
]
];

/*
Return for eval
*/

return s;
