s := SolvablePassportDBInitialize();

/*
Magma printing
*/

s`Filename := "32S12-8,4,8-g9.m";
s`GaloisOrbits := [ Strings() | "32S12-8,4,8-g9-path29.m", "32S12-8,4,8-g9-path28.m", "32S12-8,4,8-g9-path30.m", "32S12-8,4,8-g9-path42.m", "32S12-8,4,8-g9-path27.m", "32S12-8,4,8-g9-path26.m", "32S12-8,4,8-g9-path31.m", "32S12-8,4,8-g9-path32.m", "32S12-8,4,8-g9-path25.m", "32S12-8,4,8-g9-path33.m", "32S12-8,4,8-g9-path34.m", "32S12-8,4,8-g9-path41.m", "32S12-8,4,8-g9-path43.m", "32S12-8,4,8-g9-path24.m", "32S12-8,4,8-g9-path23.m", "32S12-8,4,8-g9-path22.m", "32S12-8,4,8-g9-path21.m", "32S12-8,4,8-g9-path20.m", "32S12-8,4,8-g9-path19.m", "32S12-8,4,8-g9-path18.m", "32S12-8,4,8-g9-path16.m", "32S12-8,4,8-g9-path15.m", "32S12-8,4,8-g9-path44.m", "32S12-8,4,8-g9-path35.m", "32S12-8,4,8-g9-path36.m", "32S12-8,4,8-g9-path45.m", "32S12-8,4,8-g9-path46.m", "32S12-8,4,8-g9-path3.m", "32S12-8,4,8-g9-path4.m", "32S12-8,4,8-g9-path7.m", "32S12-8,4,8-g9-path5.m", "32S12-8,4,8-g9-path14.m", "32S12-8,4,8-g9-path13.m", "32S12-8,4,8-g9-path37.m", "32S12-8,4,8-g9-path12.m", "32S12-8,4,8-g9-path6.m", "32S12-8,4,8-g9-path40.m", "32S12-8,4,8-g9-path11.m", "32S12-8,4,8-g9-path10.m", "32S12-8,4,8-g9-path38.m", "32S12-8,4,8-g9-path9.m", "32S12-8,4,8-g9-path8.m", "32S12-8,4,8-g9-path39.m", "32S12-8,4,8-g9-path1.m", "32S12-8,4,8-g9-path2.m", "32S12-8,4,8-g9-path17.m" ];
s`Name := "32S12-8,4,8-g9";
s`Passport := [ PowerSequence(PermutationGroup<32 |  
\[ 2, 9, 8, 3, 11, 1, 10, 25, 20, 12, 17, 28, 16, 13, 22, 27, 6, 15, 4, 5, 26, 19, 7, 23, 18, 24, 30, 21, 32, 29, 14, 31 ],
\[ 3, 10, 13, 6, 15, 23, 1, 2, 25, 16, 26, 9, 7, 4, 29, 8, 19, 20, 31, 28, 5, 11, 14, 17, 27, 32, 12, 30, 21, 18, 24, 22 ],
\[ 4, 7, 14, 17, 18, 24, 6, 1, 8, 13, 21, 2, 23, 19, 30, 3, 22, 9, 32, 12, 20, 5, 31, 11, 16, 29, 10, 27, 28, 25, 26, 15 ]:
 Order := 32 >) |
[ PermutationGroup<32 |  
\[ 2, 9, 8, 3, 11, 1, 10, 25, 20, 12, 17, 28, 16, 13, 22, 27, 6, 15, 4, 5, 26, 19, 7, 23, 18, 24, 30, 21, 32, 29, 14, 31 ],
\[ 3, 10, 13, 6, 15, 23, 1, 2, 25, 16, 26, 9, 7, 4, 29, 8, 19, 20, 31, 28, 5, 11, 14, 17, 27, 32, 12, 30, 21, 18, 24, 22 ],
\[ 4, 7, 14, 17, 18, 24, 6, 1, 8, 13, 21, 2, 23, 19, 30, 3, 22, 9, 32, 12, 20, 5, 31, 11, 16, 29, 10, 27, 28, 25, 26, 15 ]:
 Order := 32 > |
[ 6, 1, 4, 19, 20, 17, 23, 3, 2, 7, 5, 10, 14, 31, 18, 13, 11, 25, 22, 9, 28, 15, 24, 26, 8, 21, 16, 12, 30, 27, 32, 29 ],
[ 12, 18, 9, 16, 24, 8, 27, 30, 21, 20, 4, 29, 25, 10, 17, 28, 7, 32, 1, 22, 31, 14, 2, 13, 5, 6, 15, 11, 19, 26, 3, 23 ],
[ 23, 3, 6, 31, 28, 19, 14, 13, 10, 1, 15, 16, 4, 24, 20, 7, 26, 27, 11, 25, 30, 29, 17, 32, 2, 5, 8, 9, 18, 12, 22, 21 ]
],
[ PermutationGroup<32 |  
\[ 2, 9, 8, 3, 11, 1, 10, 25, 20, 12, 17, 28, 16, 13, 22, 27, 6, 15, 4, 5, 26, 19, 7, 23, 18, 24, 30, 21, 32, 29, 14, 31 ],
\[ 3, 10, 13, 6, 15, 23, 1, 2, 25, 16, 26, 9, 7, 4, 29, 8, 19, 20, 31, 28, 5, 11, 14, 17, 27, 32, 12, 30, 21, 18, 24, 22 ],
\[ 4, 7, 14, 17, 18, 24, 6, 1, 8, 13, 21, 2, 23, 19, 30, 3, 22, 9, 32, 12, 20, 5, 31, 11, 16, 29, 10, 27, 28, 25, 26, 15 ]:
 Order := 32 > |
[ 6, 1, 4, 19, 20, 17, 23, 3, 2, 7, 5, 10, 14, 31, 18, 13, 11, 25, 22, 9, 28, 15, 24, 26, 8, 21, 16, 12, 30, 27, 32, 29 ],
[ 21, 22, 5, 30, 7, 18, 29, 32, 24, 11, 8, 31, 15, 28, 1, 26, 12, 14, 9, 4, 13, 16, 20, 27, 17, 2, 19, 6, 3, 23, 25, 10 ],
[ 26, 19, 11, 29, 10, 15, 32, 31, 23, 17, 25, 14, 22, 21, 2, 24, 28, 13, 20, 3, 16, 27, 5, 30, 6, 9, 4, 1, 8, 7, 18, 12 ]
]
];

/*
Return for eval
*/

return s;
