s := SolvablePassportDBInitialize();

/*
Magma printing
*/

s`Filename := "32S17-16,4,16-g11.m";
s`GaloisOrbits := [ Strings() | "32S17-16,4,16-g11-path1-notcomputed.m" ];
s`Name := "32S17-16,4,16-g11";
s`Passport := [ PowerSequence(PermutationGroup<32 |  
\[ 10, 20, 8, 3, 2, 5, 11, 12, 28, 9, 18, 21, 7, 1, 14, 13, 4, 22, 32, 19, 30, 31, 6, 17, 23, 15, 16, 29, 25, 27, 24, 26 ],
\[ 3, 8, 5, 14, 7, 4, 1, 10, 12, 11, 2, 20, 6, 13, 17, 15, 23, 9, 21, 18, 28, 19, 16, 26, 24, 27, 25, 22, 30, 32, 29, 31 ],
\[ 4, 3, 6, 15, 13, 17, 14, 1, 8, 7, 5, 2, 23, 16, 24, 26, 25, 10, 12, 11, 9, 20, 27, 32, 31, 30, 29, 18, 21, 19, 28, 22 ]:
 Order := 32 >) |
[ PermutationGroup<32 |  
\[ 10, 20, 8, 3, 2, 5, 11, 12, 28, 9, 18, 21, 7, 1, 14, 13, 4, 22, 32, 19, 30, 31, 6, 17, 23, 15, 16, 29, 25, 27, 24, 26 ],
\[ 3, 8, 5, 14, 7, 4, 1, 10, 12, 11, 2, 20, 6, 13, 17, 15, 23, 9, 21, 18, 28, 19, 16, 26, 24, 27, 25, 22, 30, 32, 29, 31 ],
\[ 4, 3, 6, 15, 13, 17, 14, 1, 8, 7, 5, 2, 23, 16, 24, 26, 25, 10, 12, 11, 9, 20, 27, 32, 31, 30, 29, 18, 21, 19, 28, 22 ]:
 Order := 32 > |
[ 14, 5, 4, 17, 6, 23, 13, 3, 10, 1, 7, 8, 16, 15, 26, 27, 24, 11, 20, 2, 12, 18, 25, 31, 29, 32, 30, 9, 28, 21, 22, 19 ],
[ 3, 8, 5, 14, 7, 4, 1, 10, 12, 11, 2, 20, 6, 13, 17, 15, 23, 9, 21, 18, 28, 19, 16, 26, 24, 27, 25, 22, 30, 32, 29, 31 ],
[ 8, 12, 2, 1, 11, 3, 10, 9, 21, 18, 20, 19, 5, 7, 4, 14, 6, 28, 30, 22, 29, 32, 13, 15, 17, 16, 23, 31, 27, 26, 25, 24 ]
]
];

/*
Return for eval
*/

return s;
