s := SolvablePassportDBInitialize();

/*
Magma printing
*/

s`Filename := "32S1-32,16,32-g15.m";
s`GaloisOrbits := [ Strings() | "32S1-32,16,32-g15-path1-notcomputed.m", "32S1-32,16,32-g15-path3-notcomputed.m", "32S1-32,16,32-g15-path2-notcomputed.m", "32S1-32,16,32-g15-path4-notcomputed.m" ];
s`Name := "32S1-32,16,32-g15";
s`Passport := [ PowerSequence(PermutationGroup<32 |  
\[ 2, 9, 8, 7, 10, 1, 11, 12, 27, 17, 13, 18, 16, 23, 3, 26, 20, 22, 4, 25, 5, 28, 19, 6, 15, 21, 32, 29, 31, 14, 24, 30 ],
\[ 3, 8, 13, 6, 14, 15, 1, 16, 12, 23, 2, 26, 9, 29, 11, 27, 19, 21, 24, 4, 30, 5, 31, 25, 7, 32, 18, 10, 17, 28, 20, 22 ],
\[ 4, 7, 6, 17, 18, 19, 20, 1, 11, 22, 25, 2, 15, 21, 24, 3, 28, 9, 10, 29, 12, 27, 5, 23, 31, 8, 13, 32, 30, 26, 14, 16 ]:
 Order := 32 >) |
[ PermutationGroup<32 |  
\[ 2, 9, 8, 7, 10, 1, 11, 12, 27, 17, 13, 18, 16, 23, 3, 26, 20, 22, 4, 25, 5, 28, 19, 6, 15, 21, 32, 29, 31, 14, 24, 30 ],
\[ 3, 8, 13, 6, 14, 15, 1, 16, 12, 23, 2, 26, 9, 29, 11, 27, 19, 21, 24, 4, 30, 5, 31, 25, 7, 32, 18, 10, 17, 28, 20, 22 ],
\[ 4, 7, 6, 17, 18, 19, 20, 1, 11, 22, 25, 2, 15, 21, 24, 3, 28, 9, 10, 29, 12, 27, 5, 23, 31, 8, 13, 32, 30, 26, 14, 16 ]:
 Order := 32 > |
[ 6, 1, 15, 19, 21, 24, 4, 3, 2, 5, 7, 8, 11, 30, 25, 13, 10, 12, 23, 17, 26, 18, 14, 31, 20, 16, 9, 22, 28, 32, 29, 27 ],
[ 9, 27, 12, 11, 17, 2, 13, 18, 32, 20, 16, 22, 26, 19, 8, 21, 25, 28, 7, 15, 10, 29, 4, 1, 3, 5, 30, 31, 24, 23, 6, 14 ],
[ 6, 1, 15, 19, 21, 24, 4, 3, 2, 5, 7, 8, 11, 30, 25, 13, 10, 12, 23, 17, 26, 18, 14, 31, 20, 16, 9, 22, 28, 32, 29, 27 ]
],
[ PermutationGroup<32 |  
\[ 2, 9, 8, 7, 10, 1, 11, 12, 27, 17, 13, 18, 16, 23, 3, 26, 20, 22, 4, 25, 5, 28, 19, 6, 15, 21, 32, 29, 31, 14, 24, 30 ],
\[ 3, 8, 13, 6, 14, 15, 1, 16, 12, 23, 2, 26, 9, 29, 11, 27, 19, 21, 24, 4, 30, 5, 31, 25, 7, 32, 18, 10, 17, 28, 20, 22 ],
\[ 4, 7, 6, 17, 18, 19, 20, 1, 11, 22, 25, 2, 15, 21, 24, 3, 28, 9, 10, 29, 12, 27, 5, 23, 31, 8, 13, 32, 30, 26, 14, 16 ]:
 Order := 32 > |
[ 6, 1, 15, 19, 21, 24, 4, 3, 2, 5, 7, 8, 11, 30, 25, 13, 10, 12, 23, 17, 26, 18, 14, 31, 20, 16, 9, 22, 28, 32, 29, 27 ],
[ 26, 21, 32, 8, 24, 16, 12, 30, 5, 6, 18, 14, 22, 25, 27, 28, 1, 23, 3, 2, 31, 19, 15, 13, 9, 29, 10, 4, 7, 20, 11, 17 ],
[ 20, 25, 4, 29, 27, 17, 31, 7, 15, 32, 24, 11, 6, 18, 19, 1, 30, 13, 28, 14, 9, 16, 22, 10, 23, 2, 3, 26, 21, 12, 5, 8 ]
],
[ PermutationGroup<32 |  
\[ 2, 9, 8, 7, 10, 1, 11, 12, 27, 17, 13, 18, 16, 23, 3, 26, 20, 22, 4, 25, 5, 28, 19, 6, 15, 21, 32, 29, 31, 14, 24, 30 ],
\[ 3, 8, 13, 6, 14, 15, 1, 16, 12, 23, 2, 26, 9, 29, 11, 27, 19, 21, 24, 4, 30, 5, 31, 25, 7, 32, 18, 10, 17, 28, 20, 22 ],
\[ 4, 7, 6, 17, 18, 19, 20, 1, 11, 22, 25, 2, 15, 21, 24, 3, 28, 9, 10, 29, 12, 27, 5, 23, 31, 8, 13, 32, 30, 26, 14, 16 ]:
 Order := 32 > |
[ 6, 1, 15, 19, 21, 24, 4, 3, 2, 5, 7, 8, 11, 30, 25, 13, 10, 12, 23, 17, 26, 18, 14, 31, 20, 16, 9, 22, 28, 32, 29, 27 ],
[ 22, 28, 5, 27, 7, 18, 32, 10, 29, 11, 30, 17, 14, 1, 21, 23, 13, 20, 9, 16, 4, 25, 2, 12, 26, 19, 31, 15, 3, 6, 8, 24 ],
[ 23, 19, 31, 5, 8, 14, 10, 24, 4, 12, 17, 6, 20, 16, 29, 25, 18, 1, 21, 22, 3, 2, 26, 30, 28, 15, 7, 9, 27, 13, 32, 11 ]
],
[ PermutationGroup<32 |  
\[ 2, 9, 8, 7, 10, 1, 11, 12, 27, 17, 13, 18, 16, 23, 3, 26, 20, 22, 4, 25, 5, 28, 19, 6, 15, 21, 32, 29, 31, 14, 24, 30 ],
\[ 3, 8, 13, 6, 14, 15, 1, 16, 12, 23, 2, 26, 9, 29, 11, 27, 19, 21, 24, 4, 30, 5, 31, 25, 7, 32, 18, 10, 17, 28, 20, 22 ],
\[ 4, 7, 6, 17, 18, 19, 20, 1, 11, 22, 25, 2, 15, 21, 24, 3, 28, 9, 10, 29, 12, 27, 5, 23, 31, 8, 13, 32, 30, 26, 14, 16 ]:
 Order := 32 > |
[ 6, 1, 15, 19, 21, 24, 4, 3, 2, 5, 7, 8, 11, 30, 25, 13, 10, 12, 23, 17, 26, 18, 14, 31, 20, 16, 9, 22, 28, 32, 29, 27 ],
[ 7, 11, 1, 20, 22, 4, 25, 2, 13, 28, 15, 9, 3, 5, 6, 8, 29, 27, 17, 31, 18, 32, 10, 19, 24, 12, 16, 30, 14, 21, 23, 26 ],
[ 8, 12, 16, 1, 23, 3, 2, 26, 18, 19, 9, 21, 27, 31, 13, 32, 4, 5, 6, 7, 14, 10, 24, 15, 11, 30, 22, 17, 20, 29, 25, 28 ]
],
[ PermutationGroup<32 |  
\[ 2, 9, 8, 7, 10, 1, 11, 12, 27, 17, 13, 18, 16, 23, 3, 26, 20, 22, 4, 25, 5, 28, 19, 6, 15, 21, 32, 29, 31, 14, 24, 30 ],
\[ 3, 8, 13, 6, 14, 15, 1, 16, 12, 23, 2, 26, 9, 29, 11, 27, 19, 21, 24, 4, 30, 5, 31, 25, 7, 32, 18, 10, 17, 28, 20, 22 ],
\[ 4, 7, 6, 17, 18, 19, 20, 1, 11, 22, 25, 2, 15, 21, 24, 3, 28, 9, 10, 29, 12, 27, 5, 23, 31, 8, 13, 32, 30, 26, 14, 16 ]:
 Order := 32 > |
[ 6, 1, 15, 19, 21, 24, 4, 3, 2, 5, 7, 8, 11, 30, 25, 13, 10, 12, 23, 17, 26, 18, 14, 31, 20, 16, 9, 22, 28, 32, 29, 27 ],
[ 14, 23, 29, 21, 3, 30, 5, 31, 19, 8, 10, 24, 17, 13, 28, 20, 12, 6, 26, 18, 15, 1, 16, 32, 22, 25, 4, 2, 9, 11, 27, 7 ],
[ 28, 29, 10, 32, 11, 22, 30, 17, 31, 13, 14, 20, 23, 2, 5, 19, 16, 25, 27, 26, 7, 15, 9, 18, 21, 4, 24, 3, 8, 1, 12, 6 ]
],
[ PermutationGroup<32 |  
\[ 2, 9, 8, 7, 10, 1, 11, 12, 27, 17, 13, 18, 16, 23, 3, 26, 20, 22, 4, 25, 5, 28, 19, 6, 15, 21, 32, 29, 31, 14, 24, 30 ],
\[ 3, 8, 13, 6, 14, 15, 1, 16, 12, 23, 2, 26, 9, 29, 11, 27, 19, 21, 24, 4, 30, 5, 31, 25, 7, 32, 18, 10, 17, 28, 20, 22 ],
\[ 4, 7, 6, 17, 18, 19, 20, 1, 11, 22, 25, 2, 15, 21, 24, 3, 28, 9, 10, 29, 12, 27, 5, 23, 31, 8, 13, 32, 30, 26, 14, 16 ]:
 Order := 32 > |
[ 6, 1, 15, 19, 21, 24, 4, 3, 2, 5, 7, 8, 11, 30, 25, 13, 10, 12, 23, 17, 26, 18, 14, 31, 20, 16, 9, 22, 28, 32, 29, 27 ],
[ 3, 8, 13, 6, 14, 15, 1, 16, 12, 23, 2, 26, 9, 29, 11, 27, 19, 21, 24, 4, 30, 5, 31, 25, 7, 32, 18, 10, 17, 28, 20, 22 ],
[ 11, 13, 2, 25, 28, 7, 15, 9, 16, 29, 3, 27, 8, 10, 1, 12, 31, 32, 20, 24, 22, 30, 17, 4, 6, 18, 26, 14, 23, 5, 19, 21 ]
],
[ PermutationGroup<32 |  
\[ 2, 9, 8, 7, 10, 1, 11, 12, 27, 17, 13, 18, 16, 23, 3, 26, 20, 22, 4, 25, 5, 28, 19, 6, 15, 21, 32, 29, 31, 14, 24, 30 ],
\[ 3, 8, 13, 6, 14, 15, 1, 16, 12, 23, 2, 26, 9, 29, 11, 27, 19, 21, 24, 4, 30, 5, 31, 25, 7, 32, 18, 10, 17, 28, 20, 22 ],
\[ 4, 7, 6, 17, 18, 19, 20, 1, 11, 22, 25, 2, 15, 21, 24, 3, 28, 9, 10, 29, 12, 27, 5, 23, 31, 8, 13, 32, 30, 26, 14, 16 ]:
 Order := 32 > |
[ 6, 1, 15, 19, 21, 24, 4, 3, 2, 5, 7, 8, 11, 30, 25, 13, 10, 12, 23, 17, 26, 18, 14, 31, 20, 16, 9, 22, 28, 32, 29, 27 ],
[ 17, 20, 19, 28, 9, 10, 29, 4, 25, 27, 31, 7, 24, 12, 23, 6, 32, 11, 22, 30, 2, 13, 18, 5, 14, 1, 15, 16, 26, 8, 21, 3 ],
[ 21, 5, 30, 12, 6, 26, 18, 14, 10, 1, 22, 23, 28, 15, 32, 29, 2, 19, 8, 9, 24, 4, 3, 16, 27, 31, 17, 7, 11, 25, 13, 20 ]
],
[ PermutationGroup<32 |  
\[ 2, 9, 8, 7, 10, 1, 11, 12, 27, 17, 13, 18, 16, 23, 3, 26, 20, 22, 4, 25, 5, 28, 19, 6, 15, 21, 32, 29, 31, 14, 24, 30 ],
\[ 3, 8, 13, 6, 14, 15, 1, 16, 12, 23, 2, 26, 9, 29, 11, 27, 19, 21, 24, 4, 30, 5, 31, 25, 7, 32, 18, 10, 17, 28, 20, 22 ],
\[ 4, 7, 6, 17, 18, 19, 20, 1, 11, 22, 25, 2, 15, 21, 24, 3, 28, 9, 10, 29, 12, 27, 5, 23, 31, 8, 13, 32, 30, 26, 14, 16 ]:
 Order := 32 > |
[ 6, 1, 15, 19, 21, 24, 4, 3, 2, 5, 7, 8, 11, 30, 25, 13, 10, 12, 23, 17, 26, 18, 14, 31, 20, 16, 9, 22, 28, 32, 29, 27 ],
[ 24, 6, 25, 23, 26, 31, 19, 15, 1, 21, 4, 3, 7, 32, 20, 11, 5, 8, 14, 10, 16, 12, 30, 29, 17, 13, 2, 18, 22, 27, 28, 9 ],
[ 27, 32, 18, 13, 20, 9, 16, 22, 30, 25, 26, 28, 21, 4, 12, 5, 15, 29, 11, 3, 17, 31, 7, 2, 8, 10, 14, 24, 6, 19, 1, 23 ]
]
];

/*
Return for eval
*/

return s;
