s := SolvablePassportDBInitialize();

/*
Magma printing
*/

s`Filename := "32S19-4,16,2-g4.m";
s`GaloisOrbits := [ Strings() | "32S19-4,16,2-g4-path1.m", "32S19-4,16,2-g4-path3.m", "32S19-4,16,2-g4-path2.m" ];
s`Name := "32S19-4,16,2-g4";
s`Passport := [ PowerSequence(PermutationGroup<32 |  
\[ 6, 1, 4, 13, 2, 5, 8, 9, 15, 3, 12, 21, 10, 11, 7, 23, 16, 17, 20, 29, 14, 19, 18, 25, 26, 31, 28, 32, 22, 27, 24, 30 ],
\[ 3, 8, 11, 2, 13, 15, 1, 17, 5, 6, 19, 10, 21, 4, 23, 7, 25, 9, 27, 14, 29, 12, 31, 16, 28, 18, 26, 22, 32, 20, 30, 24 ],
\[ 4, 9, 12, 1, 10, 7, 6, 16, 2, 5, 20, 3, 14, 13, 18, 8, 26, 15, 28, 11, 22, 21, 24, 23, 32, 17, 31, 19, 30, 29, 27, 25 ]:
 Order := 32 >) |
[ PermutationGroup<32 |  
\[ 6, 1, 4, 13, 2, 5, 8, 9, 15, 3, 12, 21, 10, 11, 7, 23, 16, 17, 20, 29, 14, 19, 18, 25, 26, 31, 28, 32, 22, 27, 24, 30 ],
\[ 3, 8, 11, 2, 13, 15, 1, 17, 5, 6, 19, 10, 21, 4, 23, 7, 25, 9, 27, 14, 29, 12, 31, 16, 28, 18, 26, 22, 32, 20, 30, 24 ],
\[ 4, 9, 12, 1, 10, 7, 6, 16, 2, 5, 20, 3, 14, 13, 18, 8, 26, 15, 28, 11, 22, 21, 24, 23, 32, 17, 31, 19, 30, 29, 27, 25 ]:
 Order := 32 > |
[ 2, 5, 10, 3, 6, 1, 15, 7, 8, 13, 14, 11, 4, 21, 9, 17, 18, 23, 22, 19, 12, 29, 16, 31, 24, 25, 30, 27, 20, 32, 26, 28 ],
[ 7, 4, 1, 14, 9, 10, 16, 2, 18, 12, 3, 22, 5, 20, 6, 24, 8, 26, 11, 30, 13, 28, 15, 32, 17, 27, 19, 25, 21, 31, 23, 29 ],
[ 15, 3, 2, 21, 8, 13, 17, 5, 23, 11, 10, 29, 6, 19, 1, 31, 7, 25, 14, 32, 4, 27, 9, 28, 18, 30, 22, 24, 12, 26, 16, 20 ]
]
];

/*
Return for eval
*/

return s;
