s := SolvablePassportDBInitialize();

/*
Magma printing
*/

s`Filename := "32S10-8,4,4-g7.m";
s`GaloisOrbits := [ Strings() | "32S10-8,4,4-g7-path10-notcomputed.m", "32S10-8,4,4-g7-path1-notcomputed.m", "32S10-8,4,4-g7-path5-notcomputed.m", "32S10-8,4,4-g7-path8-notcomputed.m", "32S10-8,4,4-g7-path7-notcomputed.m" ];
s`Name := "32S10-8,4,4-g7";
s`Passport := [ PowerSequence(PermutationGroup<32 |  
\[ 12, 31, 8, 24, 2, 5, 22, 26, 30, 3, 4, 9, 7, 29, 18, 14, 16, 32, 17, 1, 27, 19, 15, 10, 20, 28, 25, 11, 13, 21, 23, 6 ],
\[ 3, 10, 15, 20, 16, 8, 1, 30, 24, 27, 5, 17, 2, 23, 7, 21, 18, 28, 25, 14, 11, 6, 4, 32, 26, 31, 13, 12, 9, 22, 19, 29 ],
\[ 4, 11, 2, 21, 22, 24, 27, 1, 28, 9, 18, 7, 32, 5, 14, 12, 31, 3, 30, 19, 8, 15, 26, 23, 10, 6, 16, 25, 20, 29, 13, 17 ]:
 Order := 32 >) |
[ PermutationGroup<32 |  
\[ 12, 31, 8, 24, 2, 5, 22, 26, 30, 3, 4, 9, 7, 29, 18, 14, 16, 32, 17, 1, 27, 19, 15, 10, 20, 28, 25, 11, 13, 21, 23, 6 ],
\[ 3, 10, 15, 20, 16, 8, 1, 30, 24, 27, 5, 17, 2, 23, 7, 21, 18, 28, 25, 14, 11, 6, 4, 32, 26, 31, 13, 12, 9, 22, 19, 29 ],
\[ 4, 11, 2, 21, 22, 24, 27, 1, 28, 9, 18, 7, 32, 5, 14, 12, 31, 3, 30, 19, 8, 15, 26, 23, 10, 6, 16, 25, 20, 29, 13, 17 ]:
 Order := 32 > |
[ 12, 31, 8, 24, 2, 5, 22, 26, 30, 3, 4, 9, 7, 29, 18, 14, 16, 32, 17, 1, 27, 19, 15, 10, 20, 28, 25, 11, 13, 21, 23, 6 ],
[ 3, 10, 15, 20, 16, 8, 1, 30, 24, 27, 5, 17, 2, 23, 7, 21, 18, 28, 25, 14, 11, 6, 4, 32, 26, 31, 13, 12, 9, 22, 19, 29 ],
[ 4, 11, 2, 21, 22, 24, 27, 1, 28, 9, 18, 7, 32, 5, 14, 12, 31, 3, 30, 19, 8, 15, 26, 23, 10, 6, 16, 25, 20, 29, 13, 17 ]
],
[ PermutationGroup<32 |  
\[ 12, 31, 8, 24, 2, 5, 22, 26, 30, 3, 4, 9, 7, 29, 18, 14, 16, 32, 17, 1, 27, 19, 15, 10, 20, 28, 25, 11, 13, 21, 23, 6 ],
\[ 3, 10, 15, 20, 16, 8, 1, 30, 24, 27, 5, 17, 2, 23, 7, 21, 18, 28, 25, 14, 11, 6, 4, 32, 26, 31, 13, 12, 9, 22, 19, 29 ],
\[ 4, 11, 2, 21, 22, 24, 27, 1, 28, 9, 18, 7, 32, 5, 14, 12, 31, 3, 30, 19, 8, 15, 26, 23, 10, 6, 16, 25, 20, 29, 13, 17 ]:
 Order := 32 > |
[ 12, 31, 8, 24, 2, 5, 22, 26, 30, 3, 4, 9, 7, 29, 18, 14, 16, 32, 17, 1, 27, 19, 15, 10, 20, 28, 25, 11, 13, 21, 23, 6 ],
[ 4, 11, 2, 21, 22, 24, 27, 1, 28, 9, 18, 7, 32, 5, 14, 12, 31, 3, 30, 19, 8, 15, 26, 23, 10, 6, 16, 25, 20, 29, 13, 17 ],
[ 29, 14, 25, 2, 26, 13, 31, 18, 16, 6, 9, 8, 30, 27, 24, 32, 20, 22, 5, 28, 19, 12, 17, 1, 7, 21, 4, 23, 15, 10, 3, 11 ]
]
];

/*
Return for eval
*/

return s;
