s := SolvablePassportDBInitialize();

/*
Magma printing
*/

s`Filename := "32S16-16,8,16-g13.m";
s`GaloisOrbits := [ Strings() | "32S16-16,8,16-g13-path2-notcomputed.m", "32S16-16,8,16-g13-path6-notcomputed.m" ];
s`Name := "32S16-16,8,16-g13";
s`Passport := [ PowerSequence(PermutationGroup<32 |  
\[ 2, 6, 5, 7, 1, 8, 13, 14, 11, 12, 3, 4, 15, 16, 21, 22, 19, 20, 9, 10, 23, 24, 29, 25, 27, 28, 17, 18, 30, 31, 32, 26 ],
\[ 10, 12, 18, 3, 20, 4, 5, 7, 26, 9, 28, 11, 1, 13, 2, 15, 31, 17, 32, 19, 6, 21, 8, 23, 29, 25, 30, 27, 14, 16, 22, 24 ],
\[ 7, 13, 12, 2, 4, 15, 6, 21, 20, 5, 10, 1, 8, 23, 14, 29, 28, 11, 18, 3, 16, 30, 22, 31, 32, 19, 26, 9, 24, 25, 27, 17 ]:
 Order := 32 >) |
[ PermutationGroup<32 |  
\[ 2, 6, 5, 7, 1, 8, 13, 14, 11, 12, 3, 4, 15, 16, 21, 22, 19, 20, 9, 10, 23, 24, 29, 25, 27, 28, 17, 18, 30, 31, 32, 26 ],
\[ 10, 12, 18, 3, 20, 4, 5, 7, 26, 9, 28, 11, 1, 13, 2, 15, 31, 17, 32, 19, 6, 21, 8, 23, 29, 25, 30, 27, 14, 16, 22, 24 ],
\[ 7, 13, 12, 2, 4, 15, 6, 21, 20, 5, 10, 1, 8, 23, 14, 29, 28, 11, 18, 3, 16, 30, 22, 31, 32, 19, 26, 9, 24, 25, 27, 17 ]:
 Order := 32 > |
[ 5, 1, 11, 12, 3, 2, 4, 6, 19, 20, 9, 10, 7, 8, 13, 14, 27, 28, 17, 18, 15, 16, 21, 22, 24, 32, 25, 26, 23, 29, 30, 31 ],
[ 26, 28, 31, 17, 32, 18, 19, 20, 29, 25, 30, 27, 9, 10, 11, 12, 21, 22, 23, 24, 3, 4, 5, 7, 13, 14, 15, 16, 1, 2, 6, 8 ],
[ 30, 31, 23, 24, 29, 32, 25, 26, 15, 16, 21, 22, 27, 28, 17, 18, 7, 8, 13, 14, 19, 20, 9, 10, 12, 2, 4, 6, 11, 3, 5, 1 ]
],
[ PermutationGroup<32 |  
\[ 2, 6, 5, 7, 1, 8, 13, 14, 11, 12, 3, 4, 15, 16, 21, 22, 19, 20, 9, 10, 23, 24, 29, 25, 27, 28, 17, 18, 30, 31, 32, 26 ],
\[ 10, 12, 18, 3, 20, 4, 5, 7, 26, 9, 28, 11, 1, 13, 2, 15, 31, 17, 32, 19, 6, 21, 8, 23, 29, 25, 30, 27, 14, 16, 22, 24 ],
\[ 7, 13, 12, 2, 4, 15, 6, 21, 20, 5, 10, 1, 8, 23, 14, 29, 28, 11, 18, 3, 16, 30, 22, 31, 32, 19, 26, 9, 24, 25, 27, 17 ]:
 Order := 32 > |
[ 5, 1, 11, 12, 3, 2, 4, 6, 19, 20, 9, 10, 7, 8, 13, 14, 27, 28, 17, 18, 15, 16, 21, 22, 24, 32, 25, 26, 23, 29, 30, 31 ],
[ 29, 30, 21, 22, 23, 31, 24, 32, 13, 14, 15, 16, 25, 26, 27, 28, 4, 6, 7, 8, 17, 18, 19, 20, 10, 1, 12, 2, 9, 11, 3, 5 ],
[ 28, 18, 32, 19, 26, 20, 9, 10, 30, 27, 31, 17, 11, 12, 3, 4, 23, 24, 29, 25, 5, 7, 1, 13, 15, 16, 21, 22, 2, 6, 8, 14 ]
]
];

/*
Return for eval
*/

return s;
