s := SolvablePassportDBInitialize();

/*
Magma printing
*/

s`Filename := "32S15-8,8,8-g11.m";
s`GaloisOrbits := [ Strings() | "32S15-8,8,8-g11-path2-notcomputed.m", "32S15-8,8,8-g11-path18-notcomputed.m", "32S15-8,8,8-g11-path1-notcomputed.m", "32S15-8,8,8-g11-path3-notcomputed.m", "32S15-8,8,8-g11-path5-notcomputed.m", "32S15-8,8,8-g11-path6-notcomputed.m" ];
s`Name := "32S15-8,8,8-g11";
s`Passport := [ PowerSequence(PermutationGroup<32 |  
\[ 2, 9, 8, 16, 11, 1, 25, 19, 21, 13, 24, 31, 26, 18, 27, 12, 3, 32, 4, 14, 5, 10, 22, 6, 29, 7, 28, 30, 23, 20, 17, 15 ],
\[ 3, 10, 14, 6, 16, 23, 1, 11, 19, 28, 25, 2, 24, 22, 17, 27, 21, 12, 32, 4, 26, 5, 15, 31, 18, 20, 7, 8, 9, 29, 30, 13 ],
\[ 4, 7, 15, 9, 17, 13, 21, 1, 12, 14, 22, 5, 2, 26, 19, 20, 24, 3, 28, 31, 29, 6, 30, 8, 27, 32, 23, 16, 11, 10, 18, 25 ]:
 Order := 32 >) |
[ PermutationGroup<32 |  
\[ 2, 9, 8, 16, 11, 1, 25, 19, 21, 13, 24, 31, 26, 18, 27, 12, 3, 32, 4, 14, 5, 10, 22, 6, 29, 7, 28, 30, 23, 20, 17, 15 ],
\[ 3, 10, 14, 6, 16, 23, 1, 11, 19, 28, 25, 2, 24, 22, 17, 27, 21, 12, 32, 4, 26, 5, 15, 31, 18, 20, 7, 8, 9, 29, 30, 13 ],
\[ 4, 7, 15, 9, 17, 13, 21, 1, 12, 14, 22, 5, 2, 26, 19, 20, 24, 3, 28, 31, 29, 6, 30, 8, 27, 32, 23, 16, 11, 10, 18, 25 ]:
 Order := 32 > |
[ 3, 10, 14, 6, 16, 23, 1, 11, 19, 28, 25, 2, 24, 22, 17, 27, 21, 12, 32, 4, 26, 5, 15, 31, 18, 20, 7, 8, 9, 29, 30, 13 ],
[ 2, 9, 8, 16, 11, 1, 25, 19, 21, 13, 24, 31, 26, 18, 27, 12, 3, 32, 4, 14, 5, 10, 22, 6, 29, 7, 28, 30, 23, 20, 17, 15 ],
[ 26, 16, 6, 30, 23, 19, 15, 27, 25, 1, 3, 14, 18, 17, 29, 21, 32, 7, 2, 13, 31, 20, 24, 10, 5, 9, 4, 22, 28, 12, 11, 8 ]
],
[ PermutationGroup<32 |  
\[ 2, 9, 8, 16, 11, 1, 25, 19, 21, 13, 24, 31, 26, 18, 27, 12, 3, 32, 4, 14, 5, 10, 22, 6, 29, 7, 28, 30, 23, 20, 17, 15 ],
\[ 3, 10, 14, 6, 16, 23, 1, 11, 19, 28, 25, 2, 24, 22, 17, 27, 21, 12, 32, 4, 26, 5, 15, 31, 18, 20, 7, 8, 9, 29, 30, 13 ],
\[ 4, 7, 15, 9, 17, 13, 21, 1, 12, 14, 22, 5, 2, 26, 19, 20, 24, 3, 28, 31, 29, 6, 30, 8, 27, 32, 23, 16, 11, 10, 18, 25 ]:
 Order := 32 > |
[ 13, 4, 24, 28, 29, 8, 32, 15, 7, 6, 17, 20, 14, 31, 25, 9, 18, 26, 1, 10, 12, 30, 11, 22, 21, 2, 19, 23, 27, 16, 5, 3 ],
[ 2, 9, 8, 16, 11, 1, 25, 19, 21, 13, 24, 31, 26, 18, 27, 12, 3, 32, 4, 14, 5, 10, 22, 6, 29, 7, 28, 30, 23, 20, 17, 15 ],
[ 8, 13, 18, 1, 12, 22, 2, 24, 4, 30, 29, 9, 6, 10, 3, 28, 5, 31, 15, 16, 7, 11, 27, 17, 32, 14, 25, 19, 21, 23, 20, 26 ]
],
[ PermutationGroup<32 |  
\[ 2, 9, 8, 16, 11, 1, 25, 19, 21, 13, 24, 31, 26, 18, 27, 12, 3, 32, 4, 14, 5, 10, 22, 6, 29, 7, 28, 30, 23, 20, 17, 15 ],
\[ 3, 10, 14, 6, 16, 23, 1, 11, 19, 28, 25, 2, 24, 22, 17, 27, 21, 12, 32, 4, 26, 5, 15, 31, 18, 20, 7, 8, 9, 29, 30, 13 ],
\[ 4, 7, 15, 9, 17, 13, 21, 1, 12, 14, 22, 5, 2, 26, 19, 20, 24, 3, 28, 31, 29, 6, 30, 8, 27, 32, 23, 16, 11, 10, 18, 25 ]:
 Order := 32 > |
[ 2, 9, 8, 16, 11, 1, 25, 19, 21, 13, 24, 31, 26, 18, 27, 12, 3, 32, 4, 14, 5, 10, 22, 6, 29, 7, 28, 30, 23, 20, 17, 15 ],
[ 3, 10, 14, 6, 16, 23, 1, 11, 19, 28, 25, 2, 24, 22, 17, 27, 21, 12, 32, 4, 26, 5, 15, 31, 18, 20, 7, 8, 9, 29, 30, 13 ],
[ 4, 7, 15, 9, 17, 13, 21, 1, 12, 14, 22, 5, 2, 26, 19, 20, 24, 3, 28, 31, 29, 6, 30, 8, 27, 32, 23, 16, 11, 10, 18, 25 ]
],
[ PermutationGroup<32 |  
\[ 2, 9, 8, 16, 11, 1, 25, 19, 21, 13, 24, 31, 26, 18, 27, 12, 3, 32, 4, 14, 5, 10, 22, 6, 29, 7, 28, 30, 23, 20, 17, 15 ],
\[ 3, 10, 14, 6, 16, 23, 1, 11, 19, 28, 25, 2, 24, 22, 17, 27, 21, 12, 32, 4, 26, 5, 15, 31, 18, 20, 7, 8, 9, 29, 30, 13 ],
\[ 4, 7, 15, 9, 17, 13, 21, 1, 12, 14, 22, 5, 2, 26, 19, 20, 24, 3, 28, 31, 29, 6, 30, 8, 27, 32, 23, 16, 11, 10, 18, 25 ]:
 Order := 32 > |
[ 2, 9, 8, 16, 11, 1, 25, 19, 21, 13, 24, 31, 26, 18, 27, 12, 3, 32, 4, 14, 5, 10, 22, 6, 29, 7, 28, 30, 23, 20, 17, 15 ],
[ 13, 4, 24, 28, 29, 8, 32, 15, 7, 6, 17, 20, 14, 31, 25, 9, 18, 26, 1, 10, 12, 30, 11, 22, 21, 2, 19, 23, 27, 16, 5, 3 ],
[ 10, 19, 11, 27, 25, 3, 18, 32, 26, 24, 31, 30, 20, 12, 7, 2, 14, 13, 6, 22, 16, 28, 5, 23, 9, 1, 8, 29, 15, 4, 21, 17 ]
],
[ PermutationGroup<32 |  
\[ 2, 9, 8, 16, 11, 1, 25, 19, 21, 13, 24, 31, 26, 18, 27, 12, 3, 32, 4, 14, 5, 10, 22, 6, 29, 7, 28, 30, 23, 20, 17, 15 ],
\[ 3, 10, 14, 6, 16, 23, 1, 11, 19, 28, 25, 2, 24, 22, 17, 27, 21, 12, 32, 4, 26, 5, 15, 31, 18, 20, 7, 8, 9, 29, 30, 13 ],
\[ 4, 7, 15, 9, 17, 13, 21, 1, 12, 14, 22, 5, 2, 26, 19, 20, 24, 3, 28, 31, 29, 6, 30, 8, 27, 32, 23, 16, 11, 10, 18, 25 ]:
 Order := 32 > |
[ 2, 9, 8, 16, 11, 1, 25, 19, 21, 13, 24, 31, 26, 18, 27, 12, 3, 32, 4, 14, 5, 10, 22, 6, 29, 7, 28, 30, 23, 20, 17, 15 ],
[ 10, 19, 11, 27, 25, 3, 18, 32, 26, 24, 31, 30, 20, 12, 7, 2, 14, 13, 6, 22, 16, 28, 5, 23, 9, 1, 8, 29, 15, 4, 21, 17 ],
[ 19, 26, 32, 2, 31, 10, 9, 6, 16, 20, 23, 21, 1, 13, 8, 30, 11, 17, 27, 12, 25, 24, 28, 3, 15, 18, 29, 4, 5, 22, 14, 7 ]
],
[ PermutationGroup<32 |  
\[ 2, 9, 8, 16, 11, 1, 25, 19, 21, 13, 24, 31, 26, 18, 27, 12, 3, 32, 4, 14, 5, 10, 22, 6, 29, 7, 28, 30, 23, 20, 17, 15 ],
\[ 3, 10, 14, 6, 16, 23, 1, 11, 19, 28, 25, 2, 24, 22, 17, 27, 21, 12, 32, 4, 26, 5, 15, 31, 18, 20, 7, 8, 9, 29, 30, 13 ],
\[ 4, 7, 15, 9, 17, 13, 21, 1, 12, 14, 22, 5, 2, 26, 19, 20, 24, 3, 28, 31, 29, 6, 30, 8, 27, 32, 23, 16, 11, 10, 18, 25 ]:
 Order := 32 > |
[ 2, 9, 8, 16, 11, 1, 25, 19, 21, 13, 24, 31, 26, 18, 27, 12, 3, 32, 4, 14, 5, 10, 22, 6, 29, 7, 28, 30, 23, 20, 17, 15 ],
[ 26, 16, 6, 30, 23, 19, 15, 27, 25, 1, 3, 14, 18, 17, 29, 21, 32, 7, 2, 13, 31, 20, 24, 10, 5, 9, 4, 22, 28, 12, 11, 8 ],
[ 3, 10, 14, 6, 16, 23, 1, 11, 19, 28, 25, 2, 24, 22, 17, 27, 21, 12, 32, 4, 26, 5, 15, 31, 18, 20, 7, 8, 9, 29, 30, 13 ]
]
];

/*
Return for eval
*/

return s;
