s := SolvablePassportDBInitialize();

/*
Magma printing
*/

s`Filename := "32S14-4,8,4-g7.m";
s`GaloisOrbits := [ Strings() | "32S14-4,8,4-g7-path6.m", "32S14-4,8,4-g7-path2.m", "32S14-4,8,4-g7-path11.m", "32S14-4,8,4-g7-path3.m", "32S14-4,8,4-g7-path8.m", "32S14-4,8,4-g7-path10.m", "32S14-4,8,4-g7-path14.m", "32S14-4,8,4-g7-path9.m", "32S14-4,8,4-g7-path1.m", "32S14-4,8,4-g7-path5.m", "32S14-4,8,4-g7-path4.m", "32S14-4,8,4-g7-path13.m", "32S14-4,8,4-g7-path17.m", "32S14-4,8,4-g7-path7.m", "32S14-4,8,4-g7-path16.m", "32S14-4,8,4-g7-path15.m", "32S14-4,8,4-g7-path12.m" ];
s`Name := "32S14-4,8,4-g7";
s`Passport := [ PowerSequence(PermutationGroup<32 |  
\[ 12, 25, 8, 3, 2, 5, 28, 24, 20, 14, 10, 9, 21, 22, 19, 15, 13, 17, 27, 1, 18, 11, 32, 4, 6, 29, 16, 26, 7, 23, 30, 31 ],
\[ 3, 10, 15, 20, 17, 22, 1, 12, 24, 16, 5, 28, 2, 25, 14, 4, 31, 6, 8, 29, 23, 19, 7, 27, 21, 9, 11, 32, 30, 13, 26, 18 ],
\[ 4, 11, 16, 9, 18, 14, 20, 1, 8, 27, 6, 7, 5, 2, 10, 24, 32, 25, 3, 26, 30, 15, 29, 19, 13, 12, 22, 23, 31, 17, 28, 21 ]:
 Order := 32 >) |
[ PermutationGroup<32 |  
\[ 12, 25, 8, 3, 2, 5, 28, 24, 20, 14, 10, 9, 21, 22, 19, 15, 13, 17, 27, 1, 18, 11, 32, 4, 6, 29, 16, 26, 7, 23, 30, 31 ],
\[ 3, 10, 15, 20, 17, 22, 1, 12, 24, 16, 5, 28, 2, 25, 14, 4, 31, 6, 8, 29, 23, 19, 7, 27, 21, 9, 11, 32, 30, 13, 26, 18 ],
\[ 4, 11, 16, 9, 18, 14, 20, 1, 8, 27, 6, 7, 5, 2, 10, 24, 32, 25, 3, 26, 30, 15, 29, 19, 13, 12, 22, 23, 31, 17, 28, 21 ]:
 Order := 32 > |
[ 20, 5, 4, 24, 6, 25, 29, 3, 12, 11, 22, 1, 17, 10, 16, 27, 18, 21, 15, 9, 13, 14, 30, 8, 2, 28, 19, 7, 26, 31, 32, 23 ],
[ 7, 13, 1, 16, 11, 18, 23, 19, 26, 2, 27, 8, 30, 15, 3, 10, 5, 32, 22, 4, 25, 6, 21, 9, 14, 31, 24, 12, 20, 29, 17, 28 ],
[ 28, 21, 12, 15, 10, 17, 32, 27, 29, 25, 16, 24, 23, 19, 8, 14, 2, 31, 11, 3, 6, 5, 18, 20, 22, 30, 4, 9, 1, 7, 13, 26 ]
]
];

/*
Return for eval
*/

return s;
