s := SolvablePassportDBInitialize();

/*
Magma printing
*/

s`Filename := "32S1-16,32,32-g15.m";
s`GaloisOrbits := [ Strings() | "32S1-16,32,32-g15-path4.m", "32S1-16,32,32-g15-path2.m", "32S1-16,32,32-g15-path1.m", "32S1-16,32,32-g15-path3.m" ];
s`Name := "32S1-16,32,32-g15";
s`Passport := [ PowerSequence(PermutationGroup<32 |  
\[ 2, 9, 8, 7, 10, 1, 11, 12, 13, 27, 15, 28, 16, 23, 3, 26, 20, 22, 4, 25, 5, 29, 30, 6, 24, 31, 17, 18, 32, 19, 21, 14 ],
\[ 3, 8, 13, 6, 14, 15, 1, 16, 12, 23, 2, 26, 28, 17, 9, 18, 19, 21, 24, 4, 32, 5, 20, 11, 7, 22, 30, 31, 10, 25, 29, 27 ],
\[ 4, 7, 6, 17, 18, 19, 20, 1, 11, 22, 25, 2, 15, 21, 24, 3, 32, 13, 27, 14, 28, 16, 5, 30, 23, 8, 29, 9, 26, 10, 12, 31 ]:
 Order := 32 >) |
[ PermutationGroup<32 |  
\[ 2, 9, 8, 7, 10, 1, 11, 12, 13, 27, 15, 28, 16, 23, 3, 26, 20, 22, 4, 25, 5, 29, 30, 6, 24, 31, 17, 18, 32, 19, 21, 14 ],
\[ 3, 8, 13, 6, 14, 15, 1, 16, 12, 23, 2, 26, 28, 17, 9, 18, 19, 21, 24, 4, 32, 5, 20, 11, 7, 22, 30, 31, 10, 25, 29, 27 ],
\[ 4, 7, 6, 17, 18, 19, 20, 1, 11, 22, 25, 2, 15, 21, 24, 3, 32, 13, 27, 14, 28, 16, 5, 30, 23, 8, 29, 9, 26, 10, 12, 31 ]:
 Order := 32 > |
[ 25, 24, 7, 23, 26, 20, 30, 11, 6, 31, 19, 15, 1, 22, 4, 2, 5, 8, 14, 10, 16, 12, 29, 17, 27, 9, 21, 3, 28, 32, 13, 18 ],
[ 3, 8, 13, 6, 14, 15, 1, 16, 12, 23, 2, 26, 28, 17, 9, 18, 19, 21, 24, 4, 32, 5, 20, 11, 7, 22, 30, 31, 10, 25, 29, 27 ],
[ 3, 8, 13, 6, 14, 15, 1, 16, 12, 23, 2, 26, 28, 17, 9, 18, 19, 21, 24, 4, 32, 5, 20, 11, 7, 22, 30, 31, 10, 25, 29, 27 ]
],
[ PermutationGroup<32 |  
\[ 2, 9, 8, 7, 10, 1, 11, 12, 13, 27, 15, 28, 16, 23, 3, 26, 20, 22, 4, 25, 5, 29, 30, 6, 24, 31, 17, 18, 32, 19, 21, 14 ],
\[ 3, 8, 13, 6, 14, 15, 1, 16, 12, 23, 2, 26, 28, 17, 9, 18, 19, 21, 24, 4, 32, 5, 20, 11, 7, 22, 30, 31, 10, 25, 29, 27 ],
\[ 4, 7, 6, 17, 18, 19, 20, 1, 11, 22, 25, 2, 15, 21, 24, 3, 32, 13, 27, 14, 28, 16, 5, 30, 23, 8, 29, 9, 26, 10, 12, 31 ]:
 Order := 32 > |
[ 26, 31, 22, 8, 25, 16, 12, 29, 21, 24, 28, 32, 5, 7, 18, 10, 1, 23, 3, 2, 20, 30, 11, 13, 9, 27, 6, 14, 19, 15, 17, 4 ],
[ 3, 8, 13, 6, 14, 15, 1, 16, 12, 23, 2, 26, 28, 17, 9, 18, 19, 21, 24, 4, 32, 5, 20, 11, 7, 22, 30, 31, 10, 25, 29, 27 ],
[ 14, 23, 17, 21, 3, 32, 5, 20, 30, 8, 10, 25, 19, 13, 27, 4, 28, 6, 31, 18, 15, 1, 16, 29, 22, 7, 12, 24, 2, 26, 11, 9 ]
],
[ PermutationGroup<32 |  
\[ 2, 9, 8, 7, 10, 1, 11, 12, 13, 27, 15, 28, 16, 23, 3, 26, 20, 22, 4, 25, 5, 29, 30, 6, 24, 31, 17, 18, 32, 19, 21, 14 ],
\[ 3, 8, 13, 6, 14, 15, 1, 16, 12, 23, 2, 26, 28, 17, 9, 18, 19, 21, 24, 4, 32, 5, 20, 11, 7, 22, 30, 31, 10, 25, 29, 27 ],
\[ 4, 7, 6, 17, 18, 19, 20, 1, 11, 22, 25, 2, 15, 21, 24, 3, 32, 13, 27, 14, 28, 16, 5, 30, 23, 8, 29, 9, 26, 10, 12, 31 ]:
 Order := 32 > |
[ 13, 16, 28, 15, 17, 9, 3, 18, 26, 20, 8, 22, 31, 19, 12, 21, 24, 32, 11, 6, 27, 14, 4, 2, 1, 5, 25, 29, 23, 7, 10, 30 ],
[ 3, 8, 13, 6, 14, 15, 1, 16, 12, 23, 2, 26, 28, 17, 9, 18, 19, 21, 24, 4, 32, 5, 20, 11, 7, 22, 30, 31, 10, 25, 29, 27 ],
[ 30, 19, 25, 10, 12, 23, 27, 24, 4, 28, 17, 6, 7, 26, 20, 11, 22, 2, 5, 29, 8, 9, 31, 14, 32, 15, 18, 1, 13, 21, 3, 16 ]
],
[ PermutationGroup<32 |  
\[ 2, 9, 8, 7, 10, 1, 11, 12, 13, 27, 15, 28, 16, 23, 3, 26, 20, 22, 4, 25, 5, 29, 30, 6, 24, 31, 17, 18, 32, 19, 21, 14 ],
\[ 3, 8, 13, 6, 14, 15, 1, 16, 12, 23, 2, 26, 28, 17, 9, 18, 19, 21, 24, 4, 32, 5, 20, 11, 7, 22, 30, 31, 10, 25, 29, 27 ],
\[ 4, 7, 6, 17, 18, 19, 20, 1, 11, 22, 25, 2, 15, 21, 24, 3, 32, 13, 27, 14, 28, 16, 5, 30, 23, 8, 29, 9, 26, 10, 12, 31 ]:
 Order := 32 > |
[ 17, 20, 19, 32, 13, 27, 14, 4, 25, 16, 23, 7, 24, 28, 30, 6, 31, 15, 29, 21, 9, 3, 18, 10, 5, 1, 26, 11, 8, 22, 2, 12 ],
[ 3, 8, 13, 6, 14, 15, 1, 16, 12, 23, 2, 26, 28, 17, 9, 18, 19, 21, 24, 4, 32, 5, 20, 11, 7, 22, 30, 31, 10, 25, 29, 27 ],
[ 12, 28, 26, 2, 30, 8, 9, 31, 18, 19, 13, 21, 22, 25, 16, 29, 7, 10, 1, 11, 23, 27, 24, 3, 15, 32, 4, 5, 17, 6, 14, 20 ]
],
[ PermutationGroup<32 |  
\[ 2, 9, 8, 7, 10, 1, 11, 12, 13, 27, 15, 28, 16, 23, 3, 26, 20, 22, 4, 25, 5, 29, 30, 6, 24, 31, 17, 18, 32, 19, 21, 14 ],
\[ 3, 8, 13, 6, 14, 15, 1, 16, 12, 23, 2, 26, 28, 17, 9, 18, 19, 21, 24, 4, 32, 5, 20, 11, 7, 22, 30, 31, 10, 25, 29, 27 ],
\[ 4, 7, 6, 17, 18, 19, 20, 1, 11, 22, 25, 2, 15, 21, 24, 3, 32, 13, 27, 14, 28, 16, 5, 30, 23, 8, 29, 9, 26, 10, 12, 31 ]:
 Order := 32 > |
[ 10, 27, 23, 22, 2, 5, 29, 30, 17, 9, 32, 19, 20, 8, 14, 25, 16, 7, 18, 26, 1, 11, 12, 21, 31, 24, 13, 4, 15, 28, 6, 3 ],
[ 3, 8, 13, 6, 14, 15, 1, 16, 12, 23, 2, 26, 28, 17, 9, 18, 19, 21, 24, 4, 32, 5, 20, 11, 7, 22, 30, 31, 10, 25, 29, 27 ],
[ 18, 22, 21, 13, 4, 28, 16, 5, 29, 7, 26, 10, 32, 6, 31, 14, 15, 17, 9, 3, 19, 20, 1, 12, 8, 23, 11, 27, 25, 2, 30, 24 ]
],
[ PermutationGroup<32 |  
\[ 2, 9, 8, 7, 10, 1, 11, 12, 13, 27, 15, 28, 16, 23, 3, 26, 20, 22, 4, 25, 5, 29, 30, 6, 24, 31, 17, 18, 32, 19, 21, 14 ],
\[ 3, 8, 13, 6, 14, 15, 1, 16, 12, 23, 2, 26, 28, 17, 9, 18, 19, 21, 24, 4, 32, 5, 20, 11, 7, 22, 30, 31, 10, 25, 29, 27 ],
\[ 4, 7, 6, 17, 18, 19, 20, 1, 11, 22, 25, 2, 15, 21, 24, 3, 32, 13, 27, 14, 28, 16, 5, 30, 23, 8, 29, 9, 26, 10, 12, 31 ]:
 Order := 32 > |
[ 2, 9, 8, 7, 10, 1, 11, 12, 13, 27, 15, 28, 16, 23, 3, 26, 20, 22, 4, 25, 5, 29, 30, 6, 24, 31, 17, 18, 32, 19, 21, 14 ],
[ 3, 8, 13, 6, 14, 15, 1, 16, 12, 23, 2, 26, 28, 17, 9, 18, 19, 21, 24, 4, 32, 5, 20, 11, 7, 22, 30, 31, 10, 25, 29, 27 ],
[ 4, 7, 6, 17, 18, 19, 20, 1, 11, 22, 25, 2, 15, 21, 24, 3, 32, 13, 27, 14, 28, 16, 5, 30, 23, 8, 29, 9, 26, 10, 12, 31 ]
],
[ PermutationGroup<32 |  
\[ 2, 9, 8, 7, 10, 1, 11, 12, 13, 27, 15, 28, 16, 23, 3, 26, 20, 22, 4, 25, 5, 29, 30, 6, 24, 31, 17, 18, 32, 19, 21, 14 ],
\[ 3, 8, 13, 6, 14, 15, 1, 16, 12, 23, 2, 26, 28, 17, 9, 18, 19, 21, 24, 4, 32, 5, 20, 11, 7, 22, 30, 31, 10, 25, 29, 27 ],
\[ 4, 7, 6, 17, 18, 19, 20, 1, 11, 22, 25, 2, 15, 21, 24, 3, 32, 13, 27, 14, 28, 16, 5, 30, 23, 8, 29, 9, 26, 10, 12, 31 ]:
 Order := 32 > |
[ 6, 1, 15, 19, 21, 24, 4, 3, 2, 5, 7, 8, 9, 32, 11, 13, 27, 28, 30, 17, 31, 18, 14, 25, 20, 16, 10, 12, 22, 23, 26, 29 ],
[ 3, 8, 13, 6, 14, 15, 1, 16, 12, 23, 2, 26, 28, 17, 9, 18, 19, 21, 24, 4, 32, 5, 20, 11, 7, 22, 30, 31, 10, 25, 29, 27 ],
[ 11, 15, 2, 25, 29, 7, 24, 9, 3, 32, 6, 13, 8, 10, 1, 12, 23, 26, 20, 30, 22, 31, 27, 4, 19, 28, 14, 16, 21, 17, 18, 5 ]
],
[ PermutationGroup<32 |  
\[ 2, 9, 8, 7, 10, 1, 11, 12, 13, 27, 15, 28, 16, 23, 3, 26, 20, 22, 4, 25, 5, 29, 30, 6, 24, 31, 17, 18, 32, 19, 21, 14 ],
\[ 3, 8, 13, 6, 14, 15, 1, 16, 12, 23, 2, 26, 28, 17, 9, 18, 19, 21, 24, 4, 32, 5, 20, 11, 7, 22, 30, 31, 10, 25, 29, 27 ],
\[ 4, 7, 6, 17, 18, 19, 20, 1, 11, 22, 25, 2, 15, 21, 24, 3, 32, 13, 27, 14, 28, 16, 5, 30, 23, 8, 29, 9, 26, 10, 12, 31 ]:
 Order := 32 > |
[ 21, 5, 32, 28, 6, 31, 18, 14, 10, 1, 22, 23, 27, 15, 29, 17, 9, 19, 12, 13, 24, 4, 3, 26, 16, 20, 2, 30, 7, 8, 25, 11 ],
[ 3, 8, 13, 6, 14, 15, 1, 16, 12, 23, 2, 26, 28, 17, 9, 18, 19, 21, 24, 4, 32, 5, 20, 11, 7, 22, 30, 31, 10, 25, 29, 27 ],
[ 29, 32, 10, 26, 11, 22, 31, 27, 14, 15, 21, 17, 23, 2, 5, 30, 8, 25, 16, 12, 7, 24, 9, 18, 28, 19, 3, 20, 6, 13, 4, 1 ]
]
];

/*
Return for eval
*/

return s;
