s := SolvablePassportDBInitialize();

/*
Magma printing
*/

s`Filename := "32S11-4,4,8-g7.m";
s`GaloisOrbits := [ Strings() | "32S11-4,4,8-g7-path17.m", "32S11-4,4,8-g7-path22.m", "32S11-4,4,8-g7-path9.m", "32S11-4,4,8-g7-path7.m", "32S11-4,4,8-g7-path20.m", "32S11-4,4,8-g7-path6.m", "32S11-4,4,8-g7-path18.m", "32S11-4,4,8-g7-path21.m", "32S11-4,4,8-g7-path3.m", "32S11-4,4,8-g7-path10.m", "32S11-4,4,8-g7-path1.m", "32S11-4,4,8-g7-path15.m", "32S11-4,4,8-g7-path5.m", "32S11-4,4,8-g7-path12.m", "32S11-4,4,8-g7-path4.m", "32S11-4,4,8-g7-path19.m", "32S11-4,4,8-g7-path2.m", "32S11-4,4,8-g7-path13.m", "32S11-4,4,8-g7-path8.m", "32S11-4,4,8-g7-path16.m", "32S11-4,4,8-g7-path14.m", "32S11-4,4,8-g7-path11.m" ];
s`Name := "32S11-4,4,8-g7";
s`Passport := [ PowerSequence(PermutationGroup<32 |  
\[ 11, 28, 8, 22, 2, 5, 14, 29, 18, 13, 9, 30, 20, 21, 32, 7, 10, 1, 23, 17, 16, 12, 31, 3, 27, 19, 15, 6, 24, 4, 26, 25 ],
\[ 3, 10, 5, 18, 7, 4, 1, 25, 21, 11, 12, 2, 19, 26, 24, 15, 32, 20, 30, 6, 28, 31, 16, 23, 14, 8, 13, 29, 9, 27, 17, 22 ],
\[ 4, 3, 15, 19, 20, 21, 23, 1, 10, 31, 7, 32, 2, 5, 30, 9, 18, 29, 14, 27, 25, 6, 13, 28, 17, 22, 8, 12, 26, 11, 24, 16 ]:
 Order := 32 >) |
[ PermutationGroup<32 |  
\[ 11, 28, 8, 22, 2, 5, 14, 29, 18, 13, 9, 30, 20, 21, 32, 7, 10, 1, 23, 17, 16, 12, 31, 3, 27, 19, 15, 6, 24, 4, 26, 25 ],
\[ 3, 10, 5, 18, 7, 4, 1, 25, 21, 11, 12, 2, 19, 26, 24, 15, 32, 20, 30, 6, 28, 31, 16, 23, 14, 8, 13, 29, 9, 27, 17, 22 ],
\[ 4, 3, 15, 19, 20, 21, 23, 1, 10, 31, 7, 32, 2, 5, 30, 9, 18, 29, 14, 27, 25, 6, 13, 28, 17, 22, 8, 12, 26, 11, 24, 16 ]:
 Order := 32 > |
[ 11, 28, 8, 22, 2, 5, 14, 29, 18, 13, 9, 30, 20, 21, 32, 7, 10, 1, 23, 17, 16, 12, 31, 3, 27, 19, 15, 6, 24, 4, 26, 25 ],
[ 3, 10, 5, 18, 7, 4, 1, 25, 21, 11, 12, 2, 19, 26, 24, 15, 32, 20, 30, 6, 28, 31, 16, 23, 14, 8, 13, 29, 9, 27, 17, 22 ],
[ 4, 3, 15, 19, 20, 21, 23, 1, 10, 31, 7, 32, 2, 5, 30, 9, 18, 29, 14, 27, 25, 6, 13, 28, 17, 22, 8, 12, 26, 11, 24, 16 ]
],
[ PermutationGroup<32 |  
\[ 11, 28, 8, 22, 2, 5, 14, 29, 18, 13, 9, 30, 20, 21, 32, 7, 10, 1, 23, 17, 16, 12, 31, 3, 27, 19, 15, 6, 24, 4, 26, 25 ],
\[ 3, 10, 5, 18, 7, 4, 1, 25, 21, 11, 12, 2, 19, 26, 24, 15, 32, 20, 30, 6, 28, 31, 16, 23, 14, 8, 13, 29, 9, 27, 17, 22 ],
\[ 4, 3, 15, 19, 20, 21, 23, 1, 10, 31, 7, 32, 2, 5, 30, 9, 18, 29, 14, 27, 25, 6, 13, 28, 17, 22, 8, 12, 26, 11, 24, 16 ]:
 Order := 32 > |
[ 3, 10, 5, 18, 7, 4, 1, 25, 21, 11, 12, 2, 19, 26, 24, 15, 32, 20, 30, 6, 28, 31, 16, 23, 14, 8, 13, 29, 9, 27, 17, 22 ],
[ 26, 27, 12, 7, 25, 32, 10, 30, 23, 29, 19, 21, 24, 13, 1, 17, 8, 31, 6, 3, 20, 14, 5, 22, 9, 28, 18, 15, 4, 16, 2, 11 ],
[ 4, 3, 15, 19, 20, 21, 23, 1, 10, 31, 7, 32, 2, 5, 30, 9, 18, 29, 14, 27, 25, 6, 13, 28, 17, 22, 8, 12, 26, 11, 24, 16 ]
]
];

/*
Return for eval
*/

return s;
