s := SolvablePassportDBInitialize();

/*
Magma printing
*/

s`Filename := "32S12-8,4,8-g9.m";
s`GaloisOrbits := [ Strings() | "32S12-8,4,8-g9-path1.m", "32S12-8,4,8-g9-path4.m", "32S12-8,4,8-g9-path6.m", "32S12-8,4,8-g9-path12.m", "32S12-8,4,8-g9-path13.m", "32S12-8,4,8-g9-path7.m" ];
s`Name := "32S12-8,4,8-g9";
s`Passport := [ PowerSequence(PermutationGroup<32 |  
\[ 10, 20, 8, 3, 2, 5, 11, 12, 28, 9, 18, 21, 7, 1, 14, 13, 4, 22, 32, 19, 30, 31, 6, 17, 23, 15, 16, 29, 26, 24, 27, 25 ],
\[ 3, 8, 5, 14, 7, 4, 1, 10, 12, 11, 2, 20, 6, 13, 17, 15, 23, 9, 21, 18, 28, 19, 16, 26, 24, 27, 25, 22, 30, 32, 29, 31 ],
\[ 4, 3, 6, 15, 13, 17, 14, 1, 8, 7, 5, 2, 23, 16, 24, 26, 25, 10, 12, 11, 9, 20, 27, 29, 30, 31, 32, 18, 21, 19, 28, 22 ]:
 Order := 32 >) |
[ PermutationGroup<32 |  
\[ 10, 20, 8, 3, 2, 5, 11, 12, 28, 9, 18, 21, 7, 1, 14, 13, 4, 22, 32, 19, 30, 31, 6, 17, 23, 15, 16, 29, 26, 24, 27, 25 ],
\[ 3, 8, 5, 14, 7, 4, 1, 10, 12, 11, 2, 20, 6, 13, 17, 15, 23, 9, 21, 18, 28, 19, 16, 26, 24, 27, 25, 22, 30, 32, 29, 31 ],
\[ 4, 3, 6, 15, 13, 17, 14, 1, 8, 7, 5, 2, 23, 16, 24, 26, 25, 10, 12, 11, 9, 20, 27, 29, 30, 31, 32, 18, 21, 19, 28, 22 ]:
 Order := 32 > |
[ 14, 5, 4, 17, 6, 23, 13, 3, 10, 1, 7, 8, 16, 15, 26, 27, 24, 11, 20, 2, 12, 18, 25, 30, 32, 29, 31, 9, 28, 21, 22, 19 ],
[ 18, 22, 9, 2, 12, 11, 20, 19, 31, 21, 28, 29, 10, 8, 7, 5, 1, 32, 27, 30, 25, 26, 3, 6, 13, 4, 14, 24, 16, 15, 23, 17 ],
[ 13, 7, 14, 23, 4, 16, 6, 5, 11, 3, 1, 10, 15, 17, 27, 25, 26, 2, 18, 8, 20, 9, 24, 32, 31, 30, 29, 12, 22, 28, 19, 21 ]
],
[ PermutationGroup<32 |  
\[ 10, 20, 8, 3, 2, 5, 11, 12, 28, 9, 18, 21, 7, 1, 14, 13, 4, 22, 32, 19, 30, 31, 6, 17, 23, 15, 16, 29, 26, 24, 27, 25 ],
\[ 3, 8, 5, 14, 7, 4, 1, 10, 12, 11, 2, 20, 6, 13, 17, 15, 23, 9, 21, 18, 28, 19, 16, 26, 24, 27, 25, 22, 30, 32, 29, 31 ],
\[ 4, 3, 6, 15, 13, 17, 14, 1, 8, 7, 5, 2, 23, 16, 24, 26, 25, 10, 12, 11, 9, 20, 27, 29, 30, 31, 32, 18, 21, 19, 28, 22 ]:
 Order := 32 > |
[ 14, 5, 4, 17, 6, 23, 13, 3, 10, 1, 7, 8, 16, 15, 26, 27, 24, 11, 20, 2, 12, 18, 25, 30, 32, 29, 31, 9, 28, 21, 22, 19 ],
[ 31, 27, 29, 19, 30, 22, 32, 25, 16, 24, 26, 15, 28, 21, 18, 20, 9, 23, 13, 17, 6, 14, 12, 2, 11, 8, 10, 4, 7, 1, 5, 3 ],
[ 27, 16, 26, 32, 24, 31, 25, 23, 13, 17, 15, 14, 29, 30, 22, 19, 28, 6, 7, 4, 5, 1, 21, 20, 18, 12, 9, 3, 11, 10, 2, 8 ]
]
];

/*
Return for eval
*/

return s;
