s := SolvablePassportDBInitialize();

/*
Magma printing
*/

s`Filename := "32S16-4,16,16-g11.m";
s`GaloisOrbits := [ Strings() | "32S16-4,16,16-g11-path1.m", "32S16-4,16,16-g11-path3.m" ];
s`Name := "32S16-4,16,16-g11";
s`Passport := [ PowerSequence(PermutationGroup<32 |  
\[ 10, 24, 22, 21, 2, 5, 25, 26, 20, 9, 31, 28, 29, 8, 14, 32, 27, 7, 18, 1, 11, 12, 30, 6, 19, 15, 16, 3, 23, 13, 4, 17 ],
\[ 3, 8, 13, 6, 14, 15, 1, 16, 12, 22, 2, 23, 4, 27, 17, 7, 19, 20, 9, 28, 5, 29, 11, 26, 10, 32, 18, 30, 21, 31, 24, 25 ],
\[ 18, 21, 20, 30, 4, 31, 27, 5, 25, 7, 29, 10, 28, 6, 24, 14, 26, 17, 32, 19, 13, 1, 22, 11, 16, 2, 15, 9, 3, 12, 23, 8 ]:
 Order := 32 >) |
[ PermutationGroup<32 |  
\[ 10, 24, 22, 21, 2, 5, 25, 26, 20, 9, 31, 28, 29, 8, 14, 32, 27, 7, 18, 1, 11, 12, 30, 6, 19, 15, 16, 3, 23, 13, 4, 17 ],
\[ 3, 8, 13, 6, 14, 15, 1, 16, 12, 22, 2, 23, 4, 27, 17, 7, 19, 20, 9, 28, 5, 29, 11, 26, 10, 32, 18, 30, 21, 31, 24, 25 ],
\[ 18, 21, 20, 30, 4, 31, 27, 5, 25, 7, 29, 10, 28, 6, 24, 14, 26, 17, 32, 19, 13, 1, 22, 11, 16, 2, 15, 9, 3, 12, 23, 8 ]:
 Order := 32 > |
[ 20, 5, 28, 31, 6, 24, 18, 14, 10, 1, 21, 22, 30, 15, 26, 27, 32, 19, 25, 9, 4, 3, 29, 2, 7, 8, 17, 12, 13, 23, 11, 16 ],
[ 3, 8, 13, 6, 14, 15, 1, 16, 12, 22, 2, 23, 4, 27, 17, 7, 19, 20, 9, 28, 5, 29, 11, 26, 10, 32, 18, 30, 21, 31, 24, 25 ],
[ 25, 31, 10, 29, 11, 21, 32, 24, 18, 19, 30, 20, 22, 2, 5, 26, 14, 16, 27, 7, 23, 9, 28, 4, 17, 6, 8, 1, 12, 3, 13, 15 ]
]
];

/*
Return for eval
*/

return s;
