s := SolvablePassportDBInitialize();

/*
Magma printing
*/

s`Filename := "32S12-4,8,8-g9.m";
s`GaloisOrbits := [ Strings() | "32S12-4,8,8-g9-path11-notcomputed.m", "32S12-4,8,8-g9-path7-notcomputed.m", "32S12-4,8,8-g9-path5-notcomputed.m", "32S12-4,8,8-g9-path1-notcomputed.m", "32S12-4,8,8-g9-path6-notcomputed.m" ];
s`Name := "32S12-4,8,8-g9";
s`Passport := [ PowerSequence(PermutationGroup<32 |  
\[ 12, 28, 8, 23, 2, 5, 21, 24, 20, 3, 4, 9, 7, 27, 18, 14, 16, 32, 13, 1, 19, 26, 25, 10, 11, 29, 17, 6, 30, 22, 15, 31 ],
\[ 3, 10, 15, 20, 16, 8, 1, 22, 24, 29, 5, 17, 2, 31, 11, 26, 18, 13, 9, 14, 6, 4, 28, 32, 12, 7, 30, 27, 25, 19, 21, 23 ],
\[ 4, 11, 2, 15, 21, 23, 18, 1, 25, 9, 29, 7, 30, 5, 14, 12, 28, 3, 31, 19, 26, 27, 22, 6, 32, 8, 20, 13, 16, 10, 24, 17 ]:
 Order := 32 >) |
[ PermutationGroup<32 |  
\[ 12, 28, 8, 23, 2, 5, 21, 24, 20, 3, 4, 9, 7, 27, 18, 14, 16, 32, 13, 1, 19, 26, 25, 10, 11, 29, 17, 6, 30, 22, 15, 31 ],
\[ 3, 10, 15, 20, 16, 8, 1, 22, 24, 29, 5, 17, 2, 31, 11, 26, 18, 13, 9, 14, 6, 4, 28, 32, 12, 7, 30, 27, 25, 19, 21, 23 ],
\[ 4, 11, 2, 15, 21, 23, 18, 1, 25, 9, 29, 7, 30, 5, 14, 12, 28, 3, 31, 19, 26, 27, 22, 6, 32, 8, 20, 13, 16, 10, 24, 17 ]:
 Order := 32 > |
[ 22, 15, 13, 3, 31, 32, 17, 7, 29, 19, 10, 26, 27, 11, 20, 25, 23, 1, 14, 30, 16, 28, 8, 21, 24, 6, 4, 18, 5, 2, 9, 12 ],
[ 3, 10, 15, 20, 16, 8, 1, 22, 24, 29, 5, 17, 2, 31, 11, 26, 18, 13, 9, 14, 6, 4, 28, 32, 12, 7, 30, 27, 25, 19, 21, 23 ],
[ 17, 27, 22, 28, 10, 16, 6, 32, 14, 15, 20, 24, 1, 30, 13, 31, 26, 23, 2, 3, 9, 7, 12, 29, 5, 25, 18, 8, 19, 4, 11, 21 ]
],
[ PermutationGroup<32 |  
\[ 12, 28, 8, 23, 2, 5, 21, 24, 20, 3, 4, 9, 7, 27, 18, 14, 16, 32, 13, 1, 19, 26, 25, 10, 11, 29, 17, 6, 30, 22, 15, 31 ],
\[ 3, 10, 15, 20, 16, 8, 1, 22, 24, 29, 5, 17, 2, 31, 11, 26, 18, 13, 9, 14, 6, 4, 28, 32, 12, 7, 30, 27, 25, 19, 21, 23 ],
\[ 4, 11, 2, 15, 21, 23, 18, 1, 25, 9, 29, 7, 30, 5, 14, 12, 28, 3, 31, 19, 26, 27, 22, 6, 32, 8, 20, 13, 16, 10, 24, 17 ]:
 Order := 32 > |
[ 20, 5, 10, 11, 6, 28, 13, 3, 12, 24, 25, 1, 19, 16, 31, 17, 27, 15, 21, 9, 7, 30, 4, 8, 23, 22, 14, 2, 26, 29, 32, 18 ],
[ 3, 10, 15, 20, 16, 8, 1, 22, 24, 29, 5, 17, 2, 31, 11, 26, 18, 13, 9, 14, 6, 4, 28, 32, 12, 7, 30, 27, 25, 19, 21, 23 ],
[ 25, 23, 6, 32, 13, 11, 31, 9, 4, 1, 22, 19, 26, 28, 17, 20, 5, 24, 18, 7, 30, 16, 29, 2, 15, 10, 12, 21, 27, 8, 3, 14 ]
]
];

/*
Return for eval
*/

return s;
