s := SolvablePassportDBInitialize();

/*
Magma printing
*/

s`Filename := "32S11-4,8,4-g7.m";
s`GaloisOrbits := [ Strings() | "32S11-4,8,4-g7-path6.m", "32S11-4,8,4-g7-path3.m" ];
s`Name := "32S11-4,8,4-g7";
s`Passport := [ PowerSequence(PermutationGroup<32 |  
\[ 12, 29, 8, 26, 2, 5, 32, 18, 19, 7, 21, 9, 16, 17, 31, 4, 30, 28, 1, 25, 23, 10, 24, 11, 15, 13, 14, 3, 6, 27, 20, 22 ],
\[ 3, 10, 14, 19, 16, 21, 1, 6, 26, 15, 5, 24, 2, 11, 28, 25, 13, 31, 32, 4, 20, 29, 9, 17, 7, 30, 8, 12, 18, 22, 23, 27 ],
\[ 4, 11, 15, 5, 8, 22, 2, 1, 28, 30, 12, 7, 9, 32, 16, 17, 3, 27, 23, 18, 14, 19, 6, 31, 21, 20, 26, 29, 13, 24, 10, 25 ]:
 Order := 32 >) |
[ PermutationGroup<32 |  
\[ 12, 29, 8, 26, 2, 5, 32, 18, 19, 7, 21, 9, 16, 17, 31, 4, 30, 28, 1, 25, 23, 10, 24, 11, 15, 13, 14, 3, 6, 27, 20, 22 ],
\[ 3, 10, 14, 19, 16, 21, 1, 6, 26, 15, 5, 24, 2, 11, 28, 25, 13, 31, 32, 4, 20, 29, 9, 17, 7, 30, 8, 12, 18, 22, 23, 27 ],
\[ 4, 11, 15, 5, 8, 22, 2, 1, 28, 30, 12, 7, 9, 32, 16, 17, 3, 27, 23, 18, 14, 19, 6, 31, 21, 20, 26, 29, 13, 24, 10, 25 ]:
 Order := 32 > |
[ 19, 5, 28, 16, 6, 29, 10, 3, 12, 22, 24, 1, 26, 27, 25, 13, 14, 8, 9, 31, 11, 32, 21, 23, 20, 4, 30, 18, 2, 17, 15, 7 ],
[ 7, 13, 1, 20, 11, 8, 25, 27, 23, 2, 14, 28, 17, 3, 10, 5, 24, 29, 4, 21, 6, 30, 31, 12, 16, 9, 32, 15, 22, 26, 18, 19 ],
[ 24, 18, 6, 30, 10, 16, 27, 31, 32, 1, 20, 26, 25, 13, 23, 19, 22, 12, 3, 7, 9, 15, 17, 5, 28, 2, 11, 14, 21, 8, 4, 29 ]
],
[ PermutationGroup<32 |  
\[ 12, 29, 8, 26, 2, 5, 32, 18, 19, 7, 21, 9, 16, 17, 31, 4, 30, 28, 1, 25, 23, 10, 24, 11, 15, 13, 14, 3, 6, 27, 20, 22 ],
\[ 3, 10, 14, 19, 16, 21, 1, 6, 26, 15, 5, 24, 2, 11, 28, 25, 13, 31, 32, 4, 20, 29, 9, 17, 7, 30, 8, 12, 18, 22, 23, 27 ],
\[ 4, 11, 15, 5, 8, 22, 2, 1, 28, 30, 12, 7, 9, 32, 16, 17, 3, 27, 23, 18, 14, 19, 6, 31, 21, 20, 26, 29, 13, 24, 10, 25 ]:
 Order := 32 > |
[ 8, 7, 17, 1, 4, 23, 12, 5, 13, 31, 2, 11, 29, 21, 3, 15, 16, 20, 22, 26, 25, 6, 19, 30, 32, 27, 18, 9, 28, 10, 24, 14 ],
[ 7, 13, 1, 20, 11, 8, 25, 27, 23, 2, 14, 28, 17, 3, 10, 5, 24, 29, 4, 21, 6, 30, 31, 12, 16, 9, 32, 15, 22, 26, 18, 19 ],
[ 19, 5, 28, 16, 6, 29, 10, 3, 12, 22, 24, 1, 26, 27, 25, 13, 14, 8, 9, 31, 11, 32, 21, 23, 20, 4, 30, 18, 2, 17, 15, 7 ]
]
];

/*
Return for eval
*/

return s;
