s := SolvablePassportDBInitialize();

/*
Magma printing
*/

s`Filename := "32S16-8,16,16-g13.m";
s`GaloisOrbits := [ Strings() | "32S16-8,16,16-g13-path8-notcomputed.m", "32S16-8,16,16-g13-path2-notcomputed.m", "32S16-8,16,16-g13-path7-notcomputed.m", "32S16-8,16,16-g13-path3-notcomputed.m" ];
s`Name := "32S16-8,16,16-g13";
s`Passport := [ PowerSequence(PermutationGroup<32 |  
\[ 2, 9, 8, 7, 10, 1, 11, 12, 21, 24, 27, 28, 16, 23, 3, 26, 20, 22, 4, 25, 5, 29, 30, 6, 31, 32, 18, 14, 19, 15, 13, 17 ],
\[ 3, 8, 13, 6, 14, 15, 1, 16, 12, 23, 2, 26, 27, 17, 31, 18, 19, 21, 24, 4, 28, 5, 20, 30, 7, 22, 9, 32, 10, 25, 11, 29 ],
\[ 4, 7, 6, 17, 18, 19, 20, 1, 11, 22, 25, 2, 15, 21, 24, 3, 28, 13, 32, 14, 27, 16, 5, 29, 23, 8, 31, 9, 26, 10, 30, 12 ]:
 Order := 32 >) |
[ PermutationGroup<32 |  
\[ 2, 9, 8, 7, 10, 1, 11, 12, 21, 24, 27, 28, 16, 23, 3, 26, 20, 22, 4, 25, 5, 29, 30, 6, 31, 32, 18, 14, 19, 15, 13, 17 ],
\[ 3, 8, 13, 6, 14, 15, 1, 16, 12, 23, 2, 26, 27, 17, 31, 18, 19, 21, 24, 4, 28, 5, 20, 30, 7, 22, 9, 32, 10, 25, 11, 29 ],
\[ 4, 7, 6, 17, 18, 19, 20, 1, 11, 22, 25, 2, 15, 21, 24, 3, 28, 13, 32, 14, 27, 16, 5, 29, 23, 8, 31, 9, 26, 10, 30, 12 ]:
 Order := 32 > |
[ 6, 1, 15, 19, 21, 24, 4, 3, 2, 5, 7, 8, 31, 28, 30, 13, 32, 27, 29, 17, 9, 18, 14, 10, 20, 16, 11, 12, 22, 23, 25, 26 ],
[ 3, 8, 13, 6, 14, 15, 1, 16, 12, 23, 2, 26, 27, 17, 31, 18, 19, 21, 24, 4, 28, 5, 20, 30, 7, 22, 9, 32, 10, 25, 11, 29 ],
[ 11, 27, 2, 25, 29, 7, 31, 9, 18, 19, 13, 21, 8, 10, 1, 12, 23, 26, 20, 30, 22, 32, 24, 4, 15, 28, 16, 5, 17, 6, 3, 14 ]
],
[ PermutationGroup<32 |  
\[ 2, 9, 8, 7, 10, 1, 11, 12, 21, 24, 27, 28, 16, 23, 3, 26, 20, 22, 4, 25, 5, 29, 30, 6, 31, 32, 18, 14, 19, 15, 13, 17 ],
\[ 3, 8, 13, 6, 14, 15, 1, 16, 12, 23, 2, 26, 27, 17, 31, 18, 19, 21, 24, 4, 28, 5, 20, 30, 7, 22, 9, 32, 10, 25, 11, 29 ],
\[ 4, 7, 6, 17, 18, 19, 20, 1, 11, 22, 25, 2, 15, 21, 24, 3, 28, 13, 32, 14, 27, 16, 5, 29, 23, 8, 31, 9, 26, 10, 30, 12 ]:
 Order := 32 > |
[ 10, 24, 23, 22, 2, 5, 29, 30, 6, 9, 19, 15, 20, 8, 14, 25, 16, 7, 18, 26, 1, 11, 12, 21, 32, 31, 4, 3, 27, 28, 17, 13 ],
[ 3, 8, 13, 6, 14, 15, 1, 16, 12, 23, 2, 26, 27, 17, 31, 18, 19, 21, 24, 4, 28, 5, 20, 30, 7, 22, 9, 32, 10, 25, 11, 29 ],
[ 18, 22, 21, 13, 4, 27, 16, 5, 29, 7, 26, 10, 28, 6, 9, 14, 15, 17, 31, 3, 19, 20, 1, 11, 8, 23, 32, 24, 25, 2, 12, 30 ]
]
];

/*
Return for eval
*/

return s;
