s := SolvablePassportDBInitialize();

/*
Magma printing
*/

s`Filename := "32S16-16,16,8-g13.m";
s`GaloisOrbits := [ Strings() | "32S16-16,16,8-g13-path1-notcomputed.m", "32S16-16,16,8-g13-path8-notcomputed.m", "32S16-16,16,8-g13-path3-notcomputed.m", "32S16-16,16,8-g13-path7-notcomputed.m" ];
s`Name := "32S16-16,16,8-g13";
s`Passport := [ PowerSequence(PermutationGroup<32 |  
\[ 2, 4, 8, 7, 9, 1, 10, 6, 15, 16, 14, 19, 3, 13, 18, 20, 5, 21, 17, 22, 28, 25, 27, 11, 24, 12, 26, 29, 30, 32, 23, 31 ],
\[ 12, 19, 23, 17, 3, 26, 5, 27, 8, 9, 30, 11, 31, 32, 6, 15, 13, 1, 14, 18, 2, 21, 22, 29, 28, 24, 25, 4, 7, 10, 20, 16 ],
\[ 15, 18, 17, 21, 4, 9, 28, 5, 7, 29, 26, 6, 19, 12, 10, 30, 2, 16, 1, 32, 20, 31, 13, 27, 23, 8, 3, 22, 25, 24, 14, 11 ]:
 Order := 32 >) |
[ PermutationGroup<32 |  
\[ 2, 4, 8, 7, 9, 1, 10, 6, 15, 16, 14, 19, 3, 13, 18, 20, 5, 21, 17, 22, 28, 25, 27, 11, 24, 12, 26, 29, 30, 32, 23, 31 ],
\[ 12, 19, 23, 17, 3, 26, 5, 27, 8, 9, 30, 11, 31, 32, 6, 15, 13, 1, 14, 18, 2, 21, 22, 29, 28, 24, 25, 4, 7, 10, 20, 16 ],
\[ 15, 18, 17, 21, 4, 9, 28, 5, 7, 29, 26, 6, 19, 12, 10, 30, 2, 16, 1, 32, 20, 31, 13, 27, 23, 8, 3, 22, 25, 24, 14, 11 ]:
 Order := 32 > |
[ 2, 4, 8, 7, 9, 1, 10, 6, 15, 16, 14, 19, 3, 13, 18, 20, 5, 21, 17, 22, 28, 25, 27, 11, 24, 12, 26, 29, 30, 32, 23, 31 ],
[ 9, 15, 19, 18, 2, 5, 21, 17, 4, 28, 27, 8, 12, 26, 7, 29, 1, 10, 6, 30, 16, 32, 14, 23, 31, 3, 13, 20, 22, 25, 11, 24 ],
[ 19, 17, 27, 5, 8, 12, 9, 26, 6, 15, 32, 14, 23, 31, 1, 18, 3, 2, 13, 21, 4, 28, 25, 30, 29, 11, 24, 7, 10, 16, 22, 20 ]
],
[ PermutationGroup<32 |  
\[ 2, 4, 8, 7, 9, 1, 10, 6, 15, 16, 14, 19, 3, 13, 18, 20, 5, 21, 17, 22, 28, 25, 27, 11, 24, 12, 26, 29, 30, 32, 23, 31 ],
\[ 12, 19, 23, 17, 3, 26, 5, 27, 8, 9, 30, 11, 31, 32, 6, 15, 13, 1, 14, 18, 2, 21, 22, 29, 28, 24, 25, 4, 7, 10, 20, 16 ],
\[ 15, 18, 17, 21, 4, 9, 28, 5, 7, 29, 26, 6, 19, 12, 10, 30, 2, 16, 1, 32, 20, 31, 13, 27, 23, 8, 3, 22, 25, 24, 14, 11 ]:
 Order := 32 > |
[ 2, 4, 8, 7, 9, 1, 10, 6, 15, 16, 14, 19, 3, 13, 18, 20, 5, 21, 17, 22, 28, 25, 27, 11, 24, 12, 26, 29, 30, 32, 23, 31 ],
[ 12, 19, 23, 17, 3, 26, 5, 27, 8, 9, 30, 11, 31, 32, 6, 15, 13, 1, 14, 18, 2, 21, 22, 29, 28, 24, 25, 4, 7, 10, 20, 16 ],
[ 15, 18, 17, 21, 4, 9, 28, 5, 7, 29, 26, 6, 19, 12, 10, 30, 2, 16, 1, 32, 20, 31, 13, 27, 23, 8, 3, 22, 25, 24, 14, 11 ]
]
];

/*
Return for eval
*/

return s;
