s := SolvablePassportDBInitialize();

/*
Magma printing
*/

s`Filename := "32S15-8,8,8-g11.m";
s`GaloisOrbits := [ Strings() | "32S15-8,8,8-g11-path14-notcomputed.m" ];
s`Name := "32S15-8,8,8-g11";
s`Passport := [ PowerSequence(PermutationGroup<32 |  
\[ 12, 24, 8, 23, 2, 5, 21, 25, 6, 3, 4, 9, 7, 28, 18, 14, 16, 32, 26, 1, 19, 27, 13, 20, 17, 11, 29, 10, 30, 31, 15, 22 ],
\[ 3, 10, 15, 20, 16, 8, 1, 22, 28, 29, 5, 17, 2, 31, 11, 27, 18, 13, 24, 14, 6, 4, 9, 25, 30, 12, 7, 32, 26, 23, 21, 19 ],
\[ 4, 11, 2, 15, 21, 23, 18, 1, 26, 9, 29, 7, 30, 5, 14, 12, 24, 3, 31, 19, 27, 28, 22, 13, 6, 32, 8, 20, 16, 10, 25, 17 ]:
 Order := 32 >) |
[ PermutationGroup<32 |  
\[ 12, 24, 8, 23, 2, 5, 21, 25, 6, 3, 4, 9, 7, 28, 18, 14, 16, 32, 26, 1, 19, 27, 13, 20, 17, 11, 29, 10, 30, 31, 15, 22 ],
\[ 3, 10, 15, 20, 16, 8, 1, 22, 28, 29, 5, 17, 2, 31, 11, 27, 18, 13, 24, 14, 6, 4, 9, 25, 30, 12, 7, 32, 26, 23, 21, 19 ],
\[ 4, 11, 2, 15, 21, 23, 18, 1, 26, 9, 29, 7, 30, 5, 14, 12, 24, 3, 31, 19, 27, 28, 22, 13, 6, 32, 8, 20, 16, 10, 25, 17 ]:
 Order := 32 > |
[ 12, 24, 8, 23, 2, 5, 21, 25, 6, 3, 4, 9, 7, 28, 18, 14, 16, 32, 26, 1, 19, 27, 13, 20, 17, 11, 29, 10, 30, 31, 15, 22 ],
[ 3, 10, 15, 20, 16, 8, 1, 22, 28, 29, 5, 17, 2, 31, 11, 27, 18, 13, 24, 14, 6, 4, 9, 25, 30, 12, 7, 32, 26, 23, 21, 19 ],
[ 4, 11, 2, 15, 21, 23, 18, 1, 26, 9, 29, 7, 30, 5, 14, 12, 24, 3, 31, 19, 27, 28, 22, 13, 6, 32, 8, 20, 16, 10, 25, 17 ]
],
[ PermutationGroup<32 |  
\[ 12, 24, 8, 23, 2, 5, 21, 25, 6, 3, 4, 9, 7, 28, 18, 14, 16, 32, 26, 1, 19, 27, 13, 20, 17, 11, 29, 10, 30, 31, 15, 22 ],
\[ 3, 10, 15, 20, 16, 8, 1, 22, 28, 29, 5, 17, 2, 31, 11, 27, 18, 13, 24, 14, 6, 4, 9, 25, 30, 12, 7, 32, 26, 23, 21, 19 ],
\[ 4, 11, 2, 15, 21, 23, 18, 1, 26, 9, 29, 7, 30, 5, 14, 12, 24, 3, 31, 19, 27, 28, 22, 13, 6, 32, 8, 20, 16, 10, 25, 17 ]:
 Order := 32 > |
[ 18, 30, 4, 28, 29, 27, 8, 23, 22, 11, 14, 32, 3, 19, 2, 21, 7, 24, 17, 15, 25, 1, 10, 31, 13, 16, 12, 26, 9, 6, 5, 20 ],
[ 3, 10, 15, 20, 16, 8, 1, 22, 28, 29, 5, 17, 2, 31, 11, 27, 18, 13, 24, 14, 6, 4, 9, 25, 30, 12, 7, 32, 26, 23, 21, 19 ],
[ 8, 3, 18, 1, 14, 25, 12, 27, 10, 30, 2, 16, 24, 15, 4, 29, 32, 7, 20, 28, 5, 23, 6, 17, 31, 9, 21, 22, 11, 13, 19, 26 ]
],
[ PermutationGroup<32 |  
\[ 12, 24, 8, 23, 2, 5, 21, 25, 6, 3, 4, 9, 7, 28, 18, 14, 16, 32, 26, 1, 19, 27, 13, 20, 17, 11, 29, 10, 30, 31, 15, 22 ],
\[ 3, 10, 15, 20, 16, 8, 1, 22, 28, 29, 5, 17, 2, 31, 11, 27, 18, 13, 24, 14, 6, 4, 9, 25, 30, 12, 7, 32, 26, 23, 21, 19 ],
\[ 4, 11, 2, 15, 21, 23, 18, 1, 26, 9, 29, 7, 30, 5, 14, 12, 24, 3, 31, 19, 27, 28, 22, 13, 6, 32, 8, 20, 16, 10, 25, 17 ]:
 Order := 32 > |
[ 3, 10, 15, 20, 16, 8, 1, 22, 28, 29, 5, 17, 2, 31, 11, 27, 18, 13, 24, 14, 6, 4, 9, 25, 30, 12, 7, 32, 26, 23, 21, 19 ],
[ 12, 24, 8, 23, 2, 5, 21, 25, 6, 3, 4, 9, 7, 28, 18, 14, 16, 32, 26, 1, 19, 27, 13, 20, 17, 11, 29, 10, 30, 31, 15, 22 ],
[ 13, 23, 20, 32, 26, 7, 22, 9, 4, 5, 31, 19, 15, 24, 10, 6, 1, 25, 18, 11, 30, 3, 29, 21, 2, 27, 17, 12, 28, 8, 16, 14 ]
],
[ PermutationGroup<32 |  
\[ 12, 24, 8, 23, 2, 5, 21, 25, 6, 3, 4, 9, 7, 28, 18, 14, 16, 32, 26, 1, 19, 27, 13, 20, 17, 11, 29, 10, 30, 31, 15, 22 ],
\[ 3, 10, 15, 20, 16, 8, 1, 22, 28, 29, 5, 17, 2, 31, 11, 27, 18, 13, 24, 14, 6, 4, 9, 25, 30, 12, 7, 32, 26, 23, 21, 19 ],
\[ 4, 11, 2, 15, 21, 23, 18, 1, 26, 9, 29, 7, 30, 5, 14, 12, 24, 3, 31, 19, 27, 28, 22, 13, 6, 32, 8, 20, 16, 10, 25, 17 ]:
 Order := 32 > |
[ 3, 10, 15, 20, 16, 8, 1, 22, 28, 29, 5, 17, 2, 31, 11, 27, 18, 13, 24, 14, 6, 4, 9, 25, 30, 12, 7, 32, 26, 23, 21, 19 ],
[ 18, 30, 4, 28, 29, 27, 8, 23, 22, 11, 14, 32, 3, 19, 2, 21, 7, 24, 17, 15, 25, 1, 10, 31, 13, 16, 12, 26, 9, 6, 5, 20 ],
[ 17, 25, 22, 9, 10, 16, 6, 30, 8, 15, 20, 28, 1, 32, 13, 31, 27, 19, 12, 3, 24, 7, 2, 14, 18, 5, 26, 29, 23, 21, 11, 4 ]
],
[ PermutationGroup<32 |  
\[ 12, 24, 8, 23, 2, 5, 21, 25, 6, 3, 4, 9, 7, 28, 18, 14, 16, 32, 26, 1, 19, 27, 13, 20, 17, 11, 29, 10, 30, 31, 15, 22 ],
\[ 3, 10, 15, 20, 16, 8, 1, 22, 28, 29, 5, 17, 2, 31, 11, 27, 18, 13, 24, 14, 6, 4, 9, 25, 30, 12, 7, 32, 26, 23, 21, 19 ],
\[ 4, 11, 2, 15, 21, 23, 18, 1, 26, 9, 29, 7, 30, 5, 14, 12, 24, 3, 31, 19, 27, 28, 22, 13, 6, 32, 8, 20, 16, 10, 25, 17 ]:
 Order := 32 > |
[ 3, 10, 15, 20, 16, 8, 1, 22, 28, 29, 5, 17, 2, 31, 11, 27, 18, 13, 24, 14, 6, 4, 9, 25, 30, 12, 7, 32, 26, 23, 21, 19 ],
[ 17, 25, 22, 9, 10, 16, 6, 30, 8, 15, 20, 28, 1, 32, 13, 31, 27, 19, 12, 3, 24, 7, 2, 14, 18, 5, 26, 29, 23, 21, 11, 4 ],
[ 22, 15, 13, 3, 31, 30, 17, 7, 29, 23, 10, 27, 25, 11, 20, 26, 19, 1, 14, 32, 16, 9, 8, 18, 21, 28, 6, 4, 5, 2, 24, 12 ]
],
[ PermutationGroup<32 |  
\[ 12, 24, 8, 23, 2, 5, 21, 25, 6, 3, 4, 9, 7, 28, 18, 14, 16, 32, 26, 1, 19, 27, 13, 20, 17, 11, 29, 10, 30, 31, 15, 22 ],
\[ 3, 10, 15, 20, 16, 8, 1, 22, 28, 29, 5, 17, 2, 31, 11, 27, 18, 13, 24, 14, 6, 4, 9, 25, 30, 12, 7, 32, 26, 23, 21, 19 ],
\[ 4, 11, 2, 15, 21, 23, 18, 1, 26, 9, 29, 7, 30, 5, 14, 12, 24, 3, 31, 19, 27, 28, 22, 13, 6, 32, 8, 20, 16, 10, 25, 17 ]:
 Order := 32 > |
[ 3, 10, 15, 20, 16, 8, 1, 22, 28, 29, 5, 17, 2, 31, 11, 27, 18, 13, 24, 14, 6, 4, 9, 25, 30, 12, 7, 32, 26, 23, 21, 19 ],
[ 26, 19, 6, 30, 13, 11, 31, 24, 21, 1, 22, 23, 27, 9, 17, 20, 5, 28, 29, 7, 32, 16, 18, 4, 12, 15, 10, 2, 25, 14, 3, 8 ],
[ 20, 5, 10, 11, 6, 9, 13, 3, 12, 28, 26, 1, 23, 16, 31, 17, 25, 15, 21, 24, 7, 32, 4, 2, 8, 19, 22, 14, 27, 29, 30, 18 ]
]
];

/*
Return for eval
*/

return s;
