s := SolvablePassportDBInitialize();

/*
Magma printing
*/

s`Filename := "32S13-4,8,4-g7.m";
s`GaloisOrbits := [ Strings() | "32S13-4,8,4-g7-path1-notcomputed.m", "32S13-4,8,4-g7-path2-notcomputed.m", "32S13-4,8,4-g7-path3-notcomputed.m" ];
s`Name := "32S13-4,8,4-g7";
s`Passport := [ PowerSequence(PermutationGroup<32 |  
\[ 6, 1, 8, 20, 2, 5, 26, 15, 11, 24, 22, 3, 16, 27, 12, 30, 4, 25, 17, 19, 13, 23, 9, 7, 32, 10, 29, 18, 31, 21, 14, 28 ],
\[ 3, 9, 13, 2, 15, 22, 1, 28, 14, 5, 32, 25, 11, 12, 30, 19, 31, 17, 6, 27, 4, 29, 18, 21, 24, 16, 7, 26, 8, 23, 10, 20 ],
\[ 4, 10, 14, 18, 19, 7, 25, 1, 30, 28, 2, 5, 24, 17, 29, 3, 16, 8, 32, 21, 15, 13, 6, 31, 23, 27, 9, 11, 20, 26, 22, 12 ]:
 Order := 32 >) |
[ PermutationGroup<32 |  
\[ 6, 1, 8, 20, 2, 5, 26, 15, 11, 24, 22, 3, 16, 27, 12, 30, 4, 25, 17, 19, 13, 23, 9, 7, 32, 10, 29, 18, 31, 21, 14, 28 ],
\[ 3, 9, 13, 2, 15, 22, 1, 28, 14, 5, 32, 25, 11, 12, 30, 19, 31, 17, 6, 27, 4, 29, 18, 21, 24, 16, 7, 26, 8, 23, 10, 20 ],
\[ 4, 10, 14, 18, 19, 7, 25, 1, 30, 28, 2, 5, 24, 17, 29, 3, 16, 8, 32, 21, 15, 13, 6, 31, 23, 27, 9, 11, 20, 26, 22, 12 ]:
 Order := 32 > |
[ 2, 5, 12, 17, 6, 1, 24, 3, 23, 26, 9, 15, 21, 31, 8, 13, 19, 28, 20, 4, 30, 11, 22, 10, 18, 7, 14, 32, 27, 16, 29, 25 ],
[ 7, 4, 1, 21, 10, 19, 27, 29, 2, 31, 13, 14, 3, 9, 5, 26, 18, 23, 16, 32, 24, 6, 30, 25, 12, 28, 20, 8, 22, 15, 17, 11 ],
[ 22, 3, 28, 27, 9, 15, 16, 30, 32, 21, 29, 13, 19, 7, 25, 23, 2, 24, 31, 6, 11, 18, 14, 1, 20, 5, 8, 17, 10, 4, 12, 26 ]
]
];

/*
Return for eval
*/

return s;
