s := SolvablePassportDBInitialize();

/*
Magma printing
*/

s`Filename := "32S1-32,32,8-g14.m";
s`GaloisOrbits := [ Strings() | "32S1-32,32,8-g14-path1.m", "32S1-32,32,8-g14-path2.m" ];
s`Name := "32S1-32,32,8-g14";
s`Passport := [ PowerSequence(PermutationGroup<32 |  
\[ 2, 9, 8, 7, 10, 1, 11, 12, 25, 26, 15, 27, 22, 3, 24, 19, 21, 4, 14, 5, 28, 29, 6, 30, 17, 18, 20, 32, 23, 31, 13, 16 ],
\[ 3, 8, 11, 6, 13, 14, 1, 15, 12, 22, 2, 24, 28, 7, 9, 18, 20, 23, 4, 31, 5, 32, 19, 25, 27, 29, 30, 10, 16, 17, 21, 26 ],
\[ 4, 7, 6, 16, 17, 18, 19, 1, 11, 21, 14, 2, 20, 23, 3, 22, 24, 32, 29, 25, 30, 5, 26, 8, 15, 28, 9, 31, 10, 12, 27, 13 ]:
 Order := 32 >) |
[ PermutationGroup<32 |  
\[ 2, 9, 8, 7, 10, 1, 11, 12, 25, 26, 15, 27, 22, 3, 24, 19, 21, 4, 14, 5, 28, 29, 6, 30, 17, 18, 20, 32, 23, 31, 13, 16 ],
\[ 3, 8, 11, 6, 13, 14, 1, 15, 12, 22, 2, 24, 28, 7, 9, 18, 20, 23, 4, 31, 5, 32, 19, 25, 27, 29, 30, 10, 16, 17, 21, 26 ],
\[ 4, 7, 6, 16, 17, 18, 19, 1, 11, 21, 14, 2, 20, 23, 3, 22, 24, 32, 29, 25, 30, 5, 26, 8, 15, 28, 9, 31, 10, 12, 27, 13 ]:
 Order := 32 > |
[ 2, 9, 8, 7, 10, 1, 11, 12, 25, 26, 15, 27, 22, 3, 24, 19, 21, 4, 14, 5, 28, 29, 6, 30, 17, 18, 20, 32, 23, 31, 13, 16 ],
[ 3, 8, 11, 6, 13, 14, 1, 15, 12, 22, 2, 24, 28, 7, 9, 18, 20, 23, 4, 31, 5, 32, 19, 25, 27, 29, 30, 10, 16, 17, 21, 26 ],
[ 4, 7, 6, 16, 17, 18, 19, 1, 11, 21, 14, 2, 20, 23, 3, 22, 24, 32, 29, 25, 30, 5, 26, 8, 15, 28, 9, 31, 10, 12, 27, 13 ]
],
[ PermutationGroup<32 |  
\[ 2, 9, 8, 7, 10, 1, 11, 12, 25, 26, 15, 27, 22, 3, 24, 19, 21, 4, 14, 5, 28, 29, 6, 30, 17, 18, 20, 32, 23, 31, 13, 16 ],
\[ 3, 8, 11, 6, 13, 14, 1, 15, 12, 22, 2, 24, 28, 7, 9, 18, 20, 23, 4, 31, 5, 32, 19, 25, 27, 29, 30, 10, 16, 17, 21, 26 ],
\[ 4, 7, 6, 16, 17, 18, 19, 1, 11, 21, 14, 2, 20, 23, 3, 22, 24, 32, 29, 25, 30, 5, 26, 8, 15, 28, 9, 31, 10, 12, 27, 13 ]:
 Order := 32 > |
[ 2, 9, 8, 7, 10, 1, 11, 12, 25, 26, 15, 27, 22, 3, 24, 19, 21, 4, 14, 5, 28, 29, 6, 30, 17, 18, 20, 32, 23, 31, 13, 16 ],
[ 18, 4, 23, 32, 25, 26, 16, 6, 7, 17, 19, 1, 27, 29, 14, 13, 15, 28, 22, 9, 24, 20, 10, 3, 11, 21, 2, 30, 5, 8, 12, 31 ],
[ 8, 12, 15, 1, 22, 3, 2, 24, 27, 29, 9, 30, 32, 11, 25, 4, 5, 6, 7, 13, 10, 16, 14, 17, 20, 23, 31, 26, 19, 21, 28, 18 ]
],
[ PermutationGroup<32 |  
\[ 2, 9, 8, 7, 10, 1, 11, 12, 25, 26, 15, 27, 22, 3, 24, 19, 21, 4, 14, 5, 28, 29, 6, 30, 17, 18, 20, 32, 23, 31, 13, 16 ],
\[ 3, 8, 11, 6, 13, 14, 1, 15, 12, 22, 2, 24, 28, 7, 9, 18, 20, 23, 4, 31, 5, 32, 19, 25, 27, 29, 30, 10, 16, 17, 21, 26 ],
\[ 4, 7, 6, 16, 17, 18, 19, 1, 11, 21, 14, 2, 20, 23, 3, 22, 24, 32, 29, 25, 30, 5, 26, 8, 15, 28, 9, 31, 10, 12, 27, 13 ]:
 Order := 32 > |
[ 2, 9, 8, 7, 10, 1, 11, 12, 25, 26, 15, 27, 22, 3, 24, 19, 21, 4, 14, 5, 28, 29, 6, 30, 17, 18, 20, 32, 23, 31, 13, 16 ],
[ 25, 17, 27, 15, 18, 9, 24, 20, 21, 4, 30, 5, 23, 12, 31, 3, 32, 11, 8, 26, 16, 6, 2, 13, 28, 7, 10, 19, 1, 22, 29, 14 ],
[ 22, 29, 32, 5, 8, 13, 10, 16, 23, 12, 26, 19, 15, 28, 18, 17, 1, 20, 21, 3, 2, 24, 31, 4, 6, 27, 14, 9, 30, 7, 11, 25 ]
],
[ PermutationGroup<32 |  
\[ 2, 9, 8, 7, 10, 1, 11, 12, 25, 26, 15, 27, 22, 3, 24, 19, 21, 4, 14, 5, 28, 29, 6, 30, 17, 18, 20, 32, 23, 31, 13, 16 ],
\[ 3, 8, 11, 6, 13, 14, 1, 15, 12, 22, 2, 24, 28, 7, 9, 18, 20, 23, 4, 31, 5, 32, 19, 25, 27, 29, 30, 10, 16, 17, 21, 26 ],
\[ 4, 7, 6, 16, 17, 18, 19, 1, 11, 21, 14, 2, 20, 23, 3, 22, 24, 32, 29, 25, 30, 5, 26, 8, 15, 28, 9, 31, 10, 12, 27, 13 ]:
 Order := 32 > |
[ 2, 9, 8, 7, 10, 1, 11, 12, 25, 26, 15, 27, 22, 3, 24, 19, 21, 4, 14, 5, 28, 29, 6, 30, 17, 18, 20, 32, 23, 31, 13, 16 ],
[ 13, 22, 28, 20, 3, 31, 5, 32, 29, 8, 10, 16, 11, 21, 26, 25, 6, 27, 17, 14, 1, 15, 30, 18, 23, 12, 19, 2, 24, 4, 7, 9 ],
[ 17, 21, 20, 24, 4, 25, 30, 5, 28, 7, 31, 10, 6, 27, 13, 8, 16, 15, 12, 18, 19, 1, 9, 22, 32, 11, 26, 14, 2, 29, 23, 3 ]
]
];

/*
Return for eval
*/

return s;
