s := SolvablePassportDBInitialize();

/*
Magma printing
*/

s`Filename := "32S16-16,16,2-g7.m";
s`GaloisOrbits := [ Strings() | "32S16-16,16,2-g7-path2.m", "32S16-16,16,2-g7-path3.m", "32S16-16,16,2-g7-path1.m" ];
s`Name := "32S16-16,16,2-g7";
s`Passport := [ PowerSequence(PermutationGroup<32 |  
\[ 2, 8, 4, 7, 9, 1, 10, 17, 18, 19, 6, 14, 3, 16, 5, 20, 25, 26, 27, 28, 13, 15, 11, 12, 21, 31, 23, 32, 24, 22, 29, 30 ],
\[ 12, 14, 22, 15, 3, 24, 5, 16, 4, 9, 29, 11, 30, 6, 13, 1, 20, 7, 18, 2, 32, 21, 31, 23, 28, 10, 26, 8, 27, 25, 19, 17 ],
\[ 14, 16, 15, 5, 4, 12, 9, 20, 7, 18, 24, 6, 22, 1, 3, 2, 28, 10, 26, 8, 30, 13, 29, 11, 32, 19, 31, 17, 23, 21, 27, 25 ]:
 Order := 32 >) |
[ PermutationGroup<32 |  
\[ 2, 8, 4, 7, 9, 1, 10, 17, 18, 19, 6, 14, 3, 16, 5, 20, 25, 26, 27, 28, 13, 15, 11, 12, 21, 31, 23, 32, 24, 22, 29, 30 ],
\[ 12, 14, 22, 15, 3, 24, 5, 16, 4, 9, 29, 11, 30, 6, 13, 1, 20, 7, 18, 2, 32, 21, 31, 23, 28, 10, 26, 8, 27, 25, 19, 17 ],
\[ 14, 16, 15, 5, 4, 12, 9, 20, 7, 18, 24, 6, 22, 1, 3, 2, 28, 10, 26, 8, 30, 13, 29, 11, 32, 19, 31, 17, 23, 21, 27, 25 ]:
 Order := 32 > |
[ 2, 8, 4, 7, 9, 1, 10, 17, 18, 19, 6, 14, 3, 16, 5, 20, 25, 26, 27, 28, 13, 15, 11, 12, 21, 31, 23, 32, 24, 22, 29, 30 ],
[ 15, 5, 24, 12, 6, 22, 14, 9, 1, 16, 30, 13, 29, 3, 11, 4, 18, 2, 20, 7, 31, 23, 32, 21, 26, 8, 28, 10, 25, 27, 17, 19 ],
[ 5, 9, 12, 14, 1, 15, 16, 18, 2, 20, 22, 3, 24, 4, 6, 7, 26, 8, 28, 10, 29, 11, 30, 13, 31, 17, 32, 19, 21, 23, 25, 27 ]
]
];

/*
Return for eval
*/

return s;
