s := SolvablePassportDBInitialize();

/*
Magma printing
*/

s`Filename := "32S2-4,4,4-g5.m";
s`GaloisOrbits := [ Strings() | "32S2-4,4,4-g5-path22.m", "32S2-4,4,4-g5-path19.m", "32S2-4,4,4-g5-path56.m", "32S2-4,4,4-g5-path60.m", "32S2-4,4,4-g5-path74.m", "32S2-4,4,4-g5-path7.m", "32S2-4,4,4-g5-path23.m", "32S2-4,4,4-g5-path3.m", "32S2-4,4,4-g5-path55.m", "32S2-4,4,4-g5-path18.m", "32S2-4,4,4-g5-path61.m", "32S2-4,4,4-g5-path73.m", "32S2-4,4,4-g5-path54.m", "32S2-4,4,4-g5-path59.m", "32S2-4,4,4-g5-path24.m", "32S2-4,4,4-g5-path48.m", "32S2-4,4,4-g5-path62.m", "32S2-4,4,4-g5-path47.m", "32S2-4,4,4-g5-path53.m", "32S2-4,4,4-g5-path77.m", "32S2-4,4,4-g5-path46.m", "32S2-4,4,4-g5-path8.m", "32S2-4,4,4-g5-path17.m", "32S2-4,4,4-g5-path45.m", "32S2-4,4,4-g5-path25.m", "32S2-4,4,4-g5-path52.m", "32S2-4,4,4-g5-path44.m", "32S2-4,4,4-g5-path63.m", "32S2-4,4,4-g5-path57.m", "32S2-4,4,4-g5-path43.m", "32S2-4,4,4-g5-path72.m", "32S2-4,4,4-g5-path42.m", "32S2-4,4,4-g5-path26.m", "32S2-4,4,4-g5-path41.m", "32S2-4,4,4-g5-path51.m", "32S2-4,4,4-g5-path16.m", "32S2-4,4,4-g5-path27.m", "32S2-4,4,4-g5-path40.m", "32S2-4,4,4-g5-path50.m", "32S2-4,4,4-g5-path64.m", "32S2-4,4,4-g5-path39.m", "32S2-4,4,4-g5-path15.m", "32S2-4,4,4-g5-path28.m", "32S2-4,4,4-g5-path79.m", "32S2-4,4,4-g5-path38.m", "32S2-4,4,4-g5-path49.m", "32S2-4,4,4-g5-path65.m", "32S2-4,4,4-g5-path78.m", "32S2-4,4,4-g5-path29.m", "32S2-4,4,4-g5-path37.m", "32S2-4,4,4-g5-path14.m", "32S2-4,4,4-g5-path30.m", "32S2-4,4,4-g5-path2.m", "32S2-4,4,4-g5-path36.m", "32S2-4,4,4-g5-path66.m", "32S2-4,4,4-g5-path13.m", "32S2-4,4,4-g5-path67.m", "32S2-4,4,4-g5-path20.m", "32S2-4,4,4-g5-path35.m", "32S2-4,4,4-g5-path31.m", "32S2-4,4,4-g5-path75.m", "32S2-4,4,4-g5-path6.m", "32S2-4,4,4-g5-path34.m", "32S2-4,4,4-g5-path12.m", "32S2-4,4,4-g5-path68.m", "32S2-4,4,4-g5-path32.m", "32S2-4,4,4-g5-path9.m", "32S2-4,4,4-g5-path76.m", "32S2-4,4,4-g5-path11.m", "32S2-4,4,4-g5-path69.m", "32S2-4,4,4-g5-path70.m", "32S2-4,4,4-g5-path5.m", "32S2-4,4,4-g5-path10.m", "32S2-4,4,4-g5-path33.m", "32S2-4,4,4-g5-path80.m", "32S2-4,4,4-g5-path1.m", "32S2-4,4,4-g5-path71.m", "32S2-4,4,4-g5-path81.m", "32S2-4,4,4-g5-path58.m", "32S2-4,4,4-g5-path21.m", "32S2-4,4,4-g5-path4.m" ];
s`Name := "32S2-4,4,4-g5";
s`Passport := [ PowerSequence(PermutationGroup<32 |  
\[ 11, 29, 8, 23, 2, 5, 14, 22, 18, 13, 9, 21, 4, 26, 31, 7, 12, 1, 24, 17, 20, 25, 10, 30, 3, 16, 19, 32, 6, 27, 28, 15 ],
\[ 3, 10, 5, 18, 7, 4, 1, 27, 22, 11, 12, 2, 32, 28, 25, 15, 30, 20, 13, 6, 19, 29, 31, 16, 24, 9, 14, 8, 26, 23, 17, 21 ],
\[ 4, 3, 15, 19, 20, 22, 24, 1, 10, 30, 7, 31, 2, 5, 13, 29, 18, 26, 8, 32, 11, 28, 6, 21, 9, 27, 17, 23, 12, 25, 16, 14 ]:
 Order := 32 >) |
[ PermutationGroup<32 |  
\[ 11, 29, 8, 23, 2, 5, 14, 22, 18, 13, 9, 21, 4, 26, 31, 7, 12, 1, 24, 17, 20, 25, 10, 30, 3, 16, 19, 32, 6, 27, 28, 15 ],
\[ 3, 10, 5, 18, 7, 4, 1, 27, 22, 11, 12, 2, 32, 28, 25, 15, 30, 20, 13, 6, 19, 29, 31, 16, 24, 9, 14, 8, 26, 23, 17, 21 ],
\[ 4, 3, 15, 19, 20, 22, 24, 1, 10, 30, 7, 31, 2, 5, 13, 29, 18, 26, 8, 32, 11, 28, 6, 21, 9, 27, 17, 23, 12, 25, 16, 14 ]:
 Order := 32 > |
[ 11, 29, 8, 23, 2, 5, 14, 22, 18, 13, 9, 21, 4, 26, 31, 7, 12, 1, 24, 17, 20, 25, 10, 30, 3, 16, 19, 32, 6, 27, 28, 15 ],
[ 22, 4, 29, 11, 26, 10, 9, 24, 3, 18, 20, 6, 31, 15, 8, 28, 19, 12, 23, 2, 30, 5, 32, 14, 27, 1, 16, 25, 7, 13, 21, 17 ],
[ 10, 22, 28, 30, 12, 3, 27, 9, 4, 19, 26, 32, 6, 29, 23, 5, 11, 7, 25, 31, 18, 15, 2, 17, 1, 24, 21, 13, 20, 8, 14, 16 ]
]
];

/*
Return for eval
*/

return s;
