s := SolvablePassportDBInitialize();

/*
Magma printing
*/

s`Filename := "32S2-4,4,4-g5.m";
s`GaloisOrbits := [ Strings() | "32S2-4,4,4-g5-path5-notcomputed.m", "32S2-4,4,4-g5-path13-notcomputed.m", "32S2-4,4,4-g5-path2-notcomputed.m", "32S2-4,4,4-g5-path8-notcomputed.m", "32S2-4,4,4-g5-path10-notcomputed.m" ];
s`Name := "32S2-4,4,4-g5";
s`Passport := [ PowerSequence(PermutationGroup<32 |  
\[ 11, 29, 8, 23, 2, 5, 14, 22, 18, 13, 9, 21, 4, 26, 31, 7, 12, 1, 24, 17, 20, 25, 10, 30, 3, 16, 19, 32, 6, 27, 28, 15 ],
\[ 3, 10, 5, 18, 7, 4, 1, 27, 22, 11, 12, 2, 32, 28, 25, 15, 30, 20, 13, 6, 19, 29, 31, 16, 24, 9, 14, 8, 26, 23, 17, 21 ],
\[ 4, 3, 15, 19, 20, 22, 24, 1, 10, 30, 7, 31, 2, 5, 13, 29, 18, 26, 8, 32, 11, 28, 6, 21, 9, 27, 17, 23, 12, 25, 16, 14 ]:
 Order := 32 >) |
[ PermutationGroup<32 |  
\[ 11, 29, 8, 23, 2, 5, 14, 22, 18, 13, 9, 21, 4, 26, 31, 7, 12, 1, 24, 17, 20, 25, 10, 30, 3, 16, 19, 32, 6, 27, 28, 15 ],
\[ 3, 10, 5, 18, 7, 4, 1, 27, 22, 11, 12, 2, 32, 28, 25, 15, 30, 20, 13, 6, 19, 29, 31, 16, 24, 9, 14, 8, 26, 23, 17, 21 ],
\[ 4, 3, 15, 19, 20, 22, 24, 1, 10, 30, 7, 31, 2, 5, 13, 29, 18, 26, 8, 32, 11, 28, 6, 21, 9, 27, 17, 23, 12, 25, 16, 14 ]:
 Order := 32 > |
[ 11, 29, 8, 23, 2, 5, 14, 22, 18, 13, 9, 21, 4, 26, 31, 7, 12, 1, 24, 17, 20, 25, 10, 30, 3, 16, 19, 32, 6, 27, 28, 15 ],
[ 22, 4, 29, 11, 26, 10, 9, 24, 3, 18, 20, 6, 31, 15, 8, 28, 19, 12, 23, 2, 30, 5, 32, 14, 27, 1, 16, 25, 7, 13, 21, 17 ],
[ 10, 22, 28, 30, 12, 3, 27, 9, 4, 19, 26, 32, 6, 29, 23, 5, 11, 7, 25, 31, 18, 15, 2, 17, 1, 24, 21, 13, 20, 8, 14, 16 ]
]
];

/*
Return for eval
*/

return s;
