s := SolvablePassportDBInitialize();

/*
Magma printing
*/

s`Filename := "32S3-4,8,8-g9.m";
s`GaloisOrbits := [ Strings() | "32S3-4,8,8-g9-path17.m", "32S3-4,8,8-g9-path27.m", "32S3-4,8,8-g9-path16.m", "32S3-4,8,8-g9-path15.m", "32S3-4,8,8-g9-path14.m", "32S3-4,8,8-g9-path13.m", "32S3-4,8,8-g9-path12.m", "32S3-4,8,8-g9-path11.m", "32S3-4,8,8-g9-path28.m", "32S3-4,8,8-g9-path25.m", "32S3-4,8,8-g9-path9.m", "32S3-4,8,8-g9-path8.m", "32S3-4,8,8-g9-path7.m", "32S3-4,8,8-g9-path6.m", "32S3-4,8,8-g9-path5.m", "32S3-4,8,8-g9-path29.m", "32S3-4,8,8-g9-path4.m", "32S3-4,8,8-g9-path3.m", "32S3-4,8,8-g9-path2.m", "32S3-4,8,8-g9-path1.m", "32S3-4,8,8-g9-path18.m", "32S3-4,8,8-g9-path19.m", "32S3-4,8,8-g9-path20.m", "32S3-4,8,8-g9-path21.m", "32S3-4,8,8-g9-path22.m", "32S3-4,8,8-g9-path26.m", "32S3-4,8,8-g9-path23.m", "32S3-4,8,8-g9-path24.m", "32S3-4,8,8-g9-path10.m" ];
s`Name := "32S3-4,8,8-g9";
s`Passport := [ PowerSequence(PermutationGroup<32 |  
\[ 6, 1, 8, 7, 2, 5, 15, 12, 3, 4, 13, 9, 18, 16, 10, 17, 20, 19, 11, 14, 22, 23, 28, 25, 26, 27, 24, 21, 30, 31, 32, 29 ],
\[ 3, 9, 11, 2, 12, 8, 1, 13, 19, 5, 21, 18, 22, 10, 6, 4, 7, 23, 28, 15, 29, 30, 31, 20, 14, 16, 17, 32, 27, 24, 25, 26 ],
\[ 4, 10, 2, 14, 15, 7, 16, 1, 5, 20, 9, 6, 3, 24, 17, 25, 26, 8, 12, 27, 19, 11, 13, 29, 30, 31, 32, 18, 28, 21, 22, 23 ]:
 Order := 32 >) |
[ PermutationGroup<32 |  
\[ 6, 1, 8, 7, 2, 5, 15, 12, 3, 4, 13, 9, 18, 16, 10, 17, 20, 19, 11, 14, 22, 23, 28, 25, 26, 27, 24, 21, 30, 31, 32, 29 ],
\[ 3, 9, 11, 2, 12, 8, 1, 13, 19, 5, 21, 18, 22, 10, 6, 4, 7, 23, 28, 15, 29, 30, 31, 20, 14, 16, 17, 32, 27, 24, 25, 26 ],
\[ 4, 10, 2, 14, 15, 7, 16, 1, 5, 20, 9, 6, 3, 24, 17, 25, 26, 8, 12, 27, 19, 11, 13, 29, 30, 31, 32, 18, 28, 21, 22, 23 ]:
 Order := 32 > |
[ 20, 17, 15, 27, 16, 14, 24, 10, 7, 26, 6, 4, 5, 32, 25, 29, 30, 2, 1, 31, 8, 12, 9, 23, 28, 21, 22, 3, 13, 18, 19, 11 ],
[ 3, 9, 11, 2, 12, 8, 1, 13, 19, 5, 21, 18, 22, 10, 6, 4, 7, 23, 28, 15, 29, 30, 31, 20, 14, 16, 17, 32, 27, 24, 25, 26 ],
[ 9, 12, 19, 5, 8, 3, 2, 11, 18, 6, 28, 13, 21, 15, 1, 10, 4, 22, 23, 7, 32, 29, 30, 17, 20, 14, 16, 31, 26, 27, 24, 25 ]
]
];

/*
Return for eval
*/

return s;
