s := SolvablePassportDBInitialize();

/*
Magma printing
*/

s`Filename := "32S3-8,4,8-g9.m";
s`GaloisOrbits := [ Strings() | "32S3-8,4,8-g9-path21.m", "32S3-8,4,8-g9-path22.m", "32S3-8,4,8-g9-path20.m", "32S3-8,4,8-g9-path19.m", "32S3-8,4,8-g9-path18.m", "32S3-8,4,8-g9-path17.m", "32S3-8,4,8-g9-path16.m", "32S3-8,4,8-g9-path23.m", "32S3-8,4,8-g9-path24.m", "32S3-8,4,8-g9-path15.m", "32S3-8,4,8-g9-path25.m", "32S3-8,4,8-g9-path14.m", "32S3-8,4,8-g9-path26.m", "32S3-8,4,8-g9-path13.m", "32S3-8,4,8-g9-path12.m", "32S3-8,4,8-g9-path27.m", "32S3-8,4,8-g9-path11.m", "32S3-8,4,8-g9-path28.m", "32S3-8,4,8-g9-path10.m", "32S3-8,4,8-g9-path9.m", "32S3-8,4,8-g9-path29.m", "32S3-8,4,8-g9-path8.m", "32S3-8,4,8-g9-path7.m", "32S3-8,4,8-g9-path6.m", "32S3-8,4,8-g9-path5.m", "32S3-8,4,8-g9-path4.m", "32S3-8,4,8-g9-path2.m", "32S3-8,4,8-g9-path1.m", "32S3-8,4,8-g9-path3.m" ];
s`Name := "32S3-8,4,8-g9";
s`Passport := [ PowerSequence(PermutationGroup<32 |  
\[ 11, 18, 8, 7, 2, 5, 10, 20, 22, 12, 9, 28, 1, 6, 3, 15, 13, 19, 31, 21, 32, 29, 4, 16, 17, 23, 14, 30, 25, 26, 27, 24 ],
\[ 3, 10, 5, 13, 7, 4, 1, 2, 20, 11, 8, 9, 15, 23, 6, 14, 16, 12, 28, 18, 19, 21, 17, 27, 24, 25, 26, 22, 32, 29, 30, 31 ],
\[ 4, 3, 13, 14, 15, 16, 6, 1, 10, 5, 7, 2, 23, 24, 17, 25, 26, 8, 20, 11, 9, 12, 27, 29, 30, 31, 32, 18, 28, 19, 21, 22 ]:
 Order := 32 >) |
[ PermutationGroup<32 |  
\[ 11, 18, 8, 7, 2, 5, 10, 20, 22, 12, 9, 28, 1, 6, 3, 15, 13, 19, 31, 21, 32, 29, 4, 16, 17, 23, 14, 30, 25, 26, 27, 24 ],
\[ 3, 10, 5, 13, 7, 4, 1, 2, 20, 11, 8, 9, 15, 23, 6, 14, 16, 12, 28, 18, 19, 21, 17, 27, 24, 25, 26, 22, 32, 29, 30, 31 ],
\[ 4, 3, 13, 14, 15, 16, 6, 1, 10, 5, 7, 2, 23, 24, 17, 25, 26, 8, 20, 11, 9, 12, 27, 29, 30, 31, 32, 18, 28, 19, 21, 22 ]:
 Order := 32 > |
[ 13, 5, 15, 23, 6, 14, 4, 3, 11, 7, 1, 10, 17, 27, 16, 24, 25, 2, 18, 8, 20, 9, 26, 32, 29, 30, 31, 12, 22, 28, 19, 21 ],
[ 32, 26, 31, 22, 30, 28, 29, 27, 16, 25, 24, 17, 21, 12, 19, 18, 20, 23, 4, 14, 6, 15, 9, 2, 8, 11, 10, 13, 3, 1, 7, 5 ],
[ 26, 16, 25, 31, 24, 32, 27, 17, 4, 14, 23, 6, 30, 21, 29, 22, 28, 15, 3, 13, 1, 7, 19, 9, 12, 18, 20, 5, 10, 2, 8, 11 ]
]
];

/*
Return for eval
*/

return s;
