s := SolvablePassportDBInitialize();

/*
Magma printing
*/

s`Filename := "32S4-8,4,8-g9.m";
s`GaloisOrbits := [ Strings() | "32S4-8,4,8-g9-path4-notcomputed.m", "32S4-8,4,8-g9-path2-notcomputed.m", "32S4-8,4,8-g9-path5-notcomputed.m" ];
s`Name := "32S4-8,4,8-g9";
s`Passport := [ PowerSequence(PermutationGroup<32 |  
\[ 11, 19, 8, 24, 2, 5, 14, 21, 15, 13, 9, 22, 16, 27, 32, 7, 12, 1, 25, 17, 20, 26, 18, 10, 31, 3, 4, 30, 23, 6, 28, 29 ],
\[ 3, 10, 5, 18, 7, 4, 1, 28, 21, 11, 12, 2, 23, 29, 26, 15, 31, 20, 27, 6, 19, 30, 22, 32, 16, 25, 9, 14, 8, 13, 24, 17 ],
\[ 4, 3, 15, 19, 20, 22, 25, 1, 10, 31, 7, 32, 2, 5, 27, 30, 18, 13, 12, 9, 29, 11, 14, 6, 21, 23, 28, 17, 24, 8, 26, 16 ]:
 Order := 32 >) |
[ PermutationGroup<32 |  
\[ 11, 19, 8, 24, 2, 5, 14, 21, 15, 13, 9, 22, 16, 27, 32, 7, 12, 1, 25, 17, 20, 26, 18, 10, 31, 3, 4, 30, 23, 6, 28, 29 ],
\[ 3, 10, 5, 18, 7, 4, 1, 28, 21, 11, 12, 2, 23, 29, 26, 15, 31, 20, 27, 6, 19, 30, 22, 32, 16, 25, 9, 14, 8, 13, 24, 17 ],
\[ 4, 3, 15, 19, 20, 22, 25, 1, 10, 31, 7, 32, 2, 5, 27, 30, 18, 13, 12, 9, 29, 11, 14, 6, 21, 23, 28, 17, 24, 8, 26, 16 ]:
 Order := 32 > |
[ 18, 5, 26, 27, 6, 30, 16, 3, 11, 24, 1, 17, 10, 7, 9, 13, 20, 23, 2, 21, 8, 12, 29, 4, 19, 22, 14, 31, 32, 28, 25, 15 ],
[ 27, 26, 9, 2, 21, 12, 19, 18, 24, 25, 16, 15, 5, 6, 14, 28, 23, 10, 17, 11, 32, 1, 7, 30, 8, 29, 31, 20, 4, 3, 22, 13 ],
[ 20, 7, 25, 9, 4, 13, 15, 5, 12, 32, 3, 31, 11, 1, 21, 23, 6, 22, 10, 19, 28, 2, 8, 18, 27, 30, 29, 24, 17, 14, 16, 26 ]
]
];

/*
Return for eval
*/

return s;
