s := SolvablePassportDBInitialize();

/*
Magma printing
*/

s`Filename := "32S4-8,8,4-g9.m";
s`GaloisOrbits := [ Strings() | "32S4-8,8,4-g9-path17.m", "32S4-8,8,4-g9-path9.m", "32S4-8,8,4-g9-path24.m", "32S4-8,8,4-g9-path1.m", "32S4-8,8,4-g9-path23.m", "32S4-8,8,4-g9-path22.m", "32S4-8,8,4-g9-path15.m", "32S4-8,8,4-g9-path2.m", "32S4-8,8,4-g9-path14.m", "32S4-8,8,4-g9-path21.m", "32S4-8,8,4-g9-path3.m", "32S4-8,8,4-g9-path18.m", "32S4-8,8,4-g9-path4.m", "32S4-8,8,4-g9-path16.m", "32S4-8,8,4-g9-path20.m", "32S4-8,8,4-g9-path25.m", "32S4-8,8,4-g9-path5.m", "32S4-8,8,4-g9-path8.m", "32S4-8,8,4-g9-path7.m", "32S4-8,8,4-g9-path10.m", "32S4-8,8,4-g9-path19.m", "32S4-8,8,4-g9-path12.m", "32S4-8,8,4-g9-path6.m", "32S4-8,8,4-g9-path11.m", "32S4-8,8,4-g9-path13.m" ];
s`Name := "32S4-8,8,4-g9";
s`Passport := [ PowerSequence(PermutationGroup<32 |  
\[ 12, 14, 8, 29, 2, 5, 17, 19, 15, 7, 26, 9, 23, 18, 32, 4, 16, 31, 13, 1, 28, 25, 27, 20, 10, 3, 11, 6, 22, 24, 21, 30 ],
\[ 3, 10, 14, 20, 16, 22, 1, 6, 19, 15, 5, 27, 2, 29, 26, 9, 30, 17, 31, 13, 4, 12, 28, 11, 24, 21, 18, 7, 32, 8, 25, 23 ],
\[ 4, 11, 15, 5, 8, 23, 2, 1, 22, 31, 12, 7, 9, 13, 16, 18, 28, 3, 30, 25, 19, 14, 20, 17, 6, 24, 32, 26, 21, 29, 27, 10 ]:
 Order := 32 >) |
[ PermutationGroup<32 |  
\[ 12, 14, 8, 29, 2, 5, 17, 19, 15, 7, 26, 9, 23, 18, 32, 4, 16, 31, 13, 1, 28, 25, 27, 20, 10, 3, 11, 6, 22, 24, 21, 30 ],
\[ 3, 10, 14, 20, 16, 22, 1, 6, 19, 15, 5, 27, 2, 29, 26, 9, 30, 17, 31, 13, 4, 12, 28, 11, 24, 21, 18, 7, 32, 8, 25, 23 ],
\[ 4, 11, 15, 5, 8, 23, 2, 1, 22, 31, 12, 7, 9, 13, 16, 18, 28, 3, 30, 25, 19, 14, 20, 17, 6, 24, 32, 26, 21, 29, 27, 10 ]:
 Order := 32 > |
[ 12, 14, 8, 29, 2, 5, 17, 19, 15, 7, 26, 9, 23, 18, 32, 4, 16, 31, 13, 1, 28, 25, 27, 20, 10, 3, 11, 6, 22, 24, 21, 30 ],
[ 16, 27, 9, 6, 3, 13, 5, 20, 29, 18, 1, 10, 12, 19, 17, 14, 21, 26, 32, 22, 8, 2, 24, 7, 28, 30, 15, 11, 31, 4, 23, 25 ],
[ 8, 7, 18, 1, 4, 25, 12, 5, 13, 32, 2, 11, 14, 22, 3, 15, 24, 16, 21, 23, 29, 9, 6, 26, 20, 28, 31, 17, 30, 19, 10, 27 ]
]
];

/*
Return for eval
*/

return s;
