s := SolvablePassportDBInitialize();

/*
Magma printing
*/

s`Filename := "32S5-8,4,8-g9.m";
s`GaloisOrbits := [ Strings() | "32S5-8,4,8-g9-path1-notcomputed.m", "32S5-8,4,8-g9-path5-notcomputed.m", "32S5-8,4,8-g9-path6-notcomputed.m" ];
s`Name := "32S5-8,4,8-g9";
s`Passport := [ PowerSequence(PermutationGroup<32 |  
\[ 11, 22, 8, 23, 2, 5, 14, 29, 6, 13, 9, 30, 20, 21, 32, 7, 12, 1, 24, 17, 25, 18, 10, 31, 3, 28, 19, 15, 16, 4, 26, 27 ],
\[ 3, 10, 5, 18, 7, 4, 1, 26, 29, 11, 12, 2, 19, 27, 25, 15, 31, 20, 30, 6, 9, 21, 32, 16, 24, 14, 8, 13, 22, 28, 23, 17 ],
\[ 4, 3, 15, 19, 20, 21, 24, 1, 10, 31, 7, 32, 2, 5, 30, 9, 18, 29, 14, 28, 26, 12, 6, 13, 22, 17, 23, 8, 27, 11, 25, 16 ]:
 Order := 32 >) |
[ PermutationGroup<32 |  
\[ 11, 22, 8, 23, 2, 5, 14, 29, 6, 13, 9, 30, 20, 21, 32, 7, 12, 1, 24, 17, 25, 18, 10, 31, 3, 28, 19, 15, 16, 4, 26, 27 ],
\[ 3, 10, 5, 18, 7, 4, 1, 26, 29, 11, 12, 2, 19, 27, 25, 15, 31, 20, 30, 6, 9, 21, 32, 16, 24, 14, 8, 13, 22, 28, 23, 17 ],
\[ 4, 3, 15, 19, 20, 21, 24, 1, 10, 31, 7, 32, 2, 5, 30, 9, 18, 29, 14, 28, 26, 12, 6, 13, 22, 17, 23, 8, 27, 11, 25, 16 ]:
 Order := 32 > |
[ 18, 5, 25, 30, 6, 9, 16, 3, 11, 23, 1, 17, 10, 7, 28, 29, 20, 22, 27, 13, 14, 2, 4, 19, 21, 31, 32, 26, 8, 12, 24, 15 ],
[ 3, 10, 5, 18, 7, 4, 1, 26, 29, 11, 12, 2, 19, 27, 25, 15, 31, 20, 30, 6, 9, 21, 32, 16, 24, 14, 8, 13, 22, 28, 23, 17 ],
[ 10, 29, 27, 31, 12, 3, 26, 9, 20, 28, 21, 19, 18, 22, 23, 5, 11, 7, 25, 32, 15, 4, 2, 17, 1, 30, 13, 16, 24, 6, 8, 14 ]
]
];

/*
Return for eval
*/

return s;
