s := SolvablePassportDBInitialize();

/*
Magma printing
*/

s`Filename := "32S5-8,8,4-g9.m";
s`GaloisOrbits := [ Strings() | "32S5-8,8,4-g9-path2-notcomputed.m", "32S5-8,8,4-g9-path6-notcomputed.m", "32S5-8,8,4-g9-path4-notcomputed.m" ];
s`Name := "32S5-8,8,4-g9";
s`Passport := [ PowerSequence(PermutationGroup<32 |  
\[ 12, 23, 8, 27, 2, 5, 32, 18, 6, 7, 21, 9, 16, 17, 31, 4, 30, 13, 1, 26, 24, 25, 19, 10, 11, 15, 29, 14, 3, 20, 28, 22 ],
\[ 3, 10, 14, 19, 16, 21, 1, 6, 18, 15, 5, 25, 2, 11, 29, 26, 13, 30, 32, 4, 20, 9, 27, 23, 17, 7, 31, 8, 12, 24, 22, 28 ],
\[ 4, 11, 15, 5, 8, 22, 2, 1, 29, 30, 12, 7, 9, 32, 16, 17, 3, 28, 24, 18, 14, 19, 13, 6, 31, 21, 20, 27, 23, 25, 10, 26 ]:
 Order := 32 >) |
[ PermutationGroup<32 |  
\[ 12, 23, 8, 27, 2, 5, 32, 18, 6, 7, 21, 9, 16, 17, 31, 4, 30, 13, 1, 26, 24, 25, 19, 10, 11, 15, 29, 14, 3, 20, 28, 22 ],
\[ 3, 10, 14, 19, 16, 21, 1, 6, 18, 15, 5, 25, 2, 11, 29, 26, 13, 30, 32, 4, 20, 9, 27, 23, 17, 7, 31, 8, 12, 24, 22, 28 ],
\[ 4, 11, 15, 5, 8, 22, 2, 1, 29, 30, 12, 7, 9, 32, 16, 17, 3, 28, 24, 18, 14, 19, 13, 6, 31, 21, 20, 27, 23, 25, 10, 26 ]:
 Order := 32 > |
[ 12, 23, 8, 27, 2, 5, 32, 18, 6, 7, 21, 9, 16, 17, 31, 4, 30, 13, 1, 26, 24, 25, 19, 10, 11, 15, 29, 14, 3, 20, 28, 22 ],
[ 16, 25, 26, 6, 3, 32, 5, 19, 27, 17, 1, 10, 12, 7, 13, 14, 29, 31, 21, 8, 28, 23, 18, 9, 15, 11, 30, 4, 2, 22, 24, 20 ],
[ 8, 7, 17, 1, 4, 24, 12, 5, 13, 31, 2, 11, 23, 21, 3, 15, 16, 20, 22, 27, 26, 6, 29, 19, 30, 32, 28, 18, 9, 10, 25, 14 ]
]
];

/*
Return for eval
*/

return s;
