s := SolvablePassportDBInitialize();

/*
Magma printing
*/

s`Filename := "32S6-4,4,4-g5.m";
s`GaloisOrbits := [ Strings() | "32S6-4,4,4-g5-path22.m", "32S6-4,4,4-g5-path18.m", "32S6-4,4,4-g5-path21.m", "32S6-4,4,4-g5-path31.m", "32S6-4,4,4-g5-path16.m", "32S6-4,4,4-g5-path23.m", "32S6-4,4,4-g5-path4.m", "32S6-4,4,4-g5-path1.m", "32S6-4,4,4-g5-path24.m", "32S6-4,4,4-g5-path2.m", "32S6-4,4,4-g5-path25.m", "32S6-4,4,4-g5-path19.m", "32S6-4,4,4-g5-path15.m", "32S6-4,4,4-g5-path26.m", "32S6-4,4,4-g5-path5.m", "32S6-4,4,4-g5-path6.m", "32S6-4,4,4-g5-path27.m", "32S6-4,4,4-g5-path28.m", "32S6-4,4,4-g5-path9.m", "32S6-4,4,4-g5-path12.m", "32S6-4,4,4-g5-path3.m", "32S6-4,4,4-g5-path32.m", "32S6-4,4,4-g5-path10.m", "32S6-4,4,4-g5-path29.m", "32S6-4,4,4-g5-path20.m", "32S6-4,4,4-g5-path14.m", "32S6-4,4,4-g5-path17.m", "32S6-4,4,4-g5-path7.m", "32S6-4,4,4-g5-path30.m", "32S6-4,4,4-g5-path8.m", "32S6-4,4,4-g5-path11.m", "32S6-4,4,4-g5-path33.m", "32S6-4,4,4-g5-path13.m" ];
s`Name := "32S6-4,4,4-g5";
s`Passport := [ PowerSequence(PermutationGroup<32 |  
\[ 11, 27, 8, 22, 2, 5, 14, 28, 18, 13, 9, 29, 20, 21, 30, 7, 10, 1, 15, 17, 16, 12, 31, 3, 19, 32, 6, 24, 4, 25, 26, 23 ],
\[ 3, 10, 5, 18, 7, 4, 1, 25, 21, 11, 12, 2, 19, 26, 24, 15, 31, 20, 29, 6, 27, 30, 16, 23, 14, 8, 28, 9, 32, 17, 22, 13 ],
\[ 4, 3, 15, 19, 20, 21, 23, 1, 10, 30, 7, 31, 2, 5, 13, 9, 18, 28, 8, 32, 25, 6, 29, 27, 22, 17, 12, 26, 11, 16, 24, 14 ]:
 Order := 32 >) |
[ PermutationGroup<32 |  
\[ 11, 27, 8, 22, 2, 5, 14, 28, 18, 13, 9, 29, 20, 21, 30, 7, 10, 1, 15, 17, 16, 12, 31, 3, 19, 32, 6, 24, 4, 25, 26, 23 ],
\[ 3, 10, 5, 18, 7, 4, 1, 25, 21, 11, 12, 2, 19, 26, 24, 15, 31, 20, 29, 6, 27, 30, 16, 23, 14, 8, 28, 9, 32, 17, 22, 13 ],
\[ 4, 3, 15, 19, 20, 21, 23, 1, 10, 30, 7, 31, 2, 5, 13, 9, 18, 28, 8, 32, 25, 6, 29, 27, 22, 17, 12, 26, 11, 16, 24, 14 ]:
 Order := 32 > |
[ 11, 27, 8, 22, 2, 5, 14, 28, 18, 13, 9, 29, 20, 21, 30, 7, 10, 1, 15, 17, 16, 12, 31, 3, 19, 32, 6, 24, 4, 25, 26, 23 ],
[ 20, 7, 23, 32, 4, 28, 15, 5, 12, 31, 3, 30, 11, 1, 29, 27, 6, 21, 14, 19, 26, 18, 13, 9, 17, 22, 10, 25, 2, 24, 16, 8 ],
[ 22, 8, 30, 15, 17, 16, 31, 11, 13, 25, 14, 26, 27, 2, 20, 18, 1, 24, 28, 23, 19, 5, 4, 6, 12, 10, 29, 32, 9, 7, 3, 21 ]
],
[ PermutationGroup<32 |  
\[ 11, 27, 8, 22, 2, 5, 14, 28, 18, 13, 9, 29, 20, 21, 30, 7, 10, 1, 15, 17, 16, 12, 31, 3, 19, 32, 6, 24, 4, 25, 26, 23 ],
\[ 3, 10, 5, 18, 7, 4, 1, 25, 21, 11, 12, 2, 19, 26, 24, 15, 31, 20, 29, 6, 27, 30, 16, 23, 14, 8, 28, 9, 32, 17, 22, 13 ],
\[ 4, 3, 15, 19, 20, 21, 23, 1, 10, 30, 7, 31, 2, 5, 13, 9, 18, 28, 8, 32, 25, 6, 29, 27, 22, 17, 12, 26, 11, 16, 24, 14 ]:
 Order := 32 > |
[ 11, 27, 8, 22, 2, 5, 14, 28, 18, 13, 9, 29, 20, 21, 30, 7, 10, 1, 15, 17, 16, 12, 31, 3, 19, 32, 6, 24, 4, 25, 26, 23 ],
[ 3, 10, 5, 18, 7, 4, 1, 25, 21, 11, 12, 2, 19, 26, 24, 15, 31, 20, 29, 6, 27, 30, 16, 23, 14, 8, 28, 9, 32, 17, 22, 13 ],
[ 4, 3, 15, 19, 20, 21, 23, 1, 10, 30, 7, 31, 2, 5, 13, 9, 18, 28, 8, 32, 25, 6, 29, 27, 22, 17, 12, 26, 11, 16, 24, 14 ]
],
[ PermutationGroup<32 |  
\[ 11, 27, 8, 22, 2, 5, 14, 28, 18, 13, 9, 29, 20, 21, 30, 7, 10, 1, 15, 17, 16, 12, 31, 3, 19, 32, 6, 24, 4, 25, 26, 23 ],
\[ 3, 10, 5, 18, 7, 4, 1, 25, 21, 11, 12, 2, 19, 26, 24, 15, 31, 20, 29, 6, 27, 30, 16, 23, 14, 8, 28, 9, 32, 17, 22, 13 ],
\[ 4, 3, 15, 19, 20, 21, 23, 1, 10, 30, 7, 31, 2, 5, 13, 9, 18, 28, 8, 32, 25, 6, 29, 27, 22, 17, 12, 26, 11, 16, 24, 14 ]:
 Order := 32 > |
[ 3, 10, 5, 18, 7, 4, 1, 25, 21, 11, 12, 2, 19, 26, 24, 15, 31, 20, 29, 6, 27, 30, 16, 23, 14, 8, 28, 9, 32, 17, 22, 13 ],
[ 11, 27, 8, 22, 2, 5, 14, 28, 18, 13, 9, 29, 20, 21, 30, 7, 10, 1, 15, 17, 16, 12, 31, 3, 19, 32, 6, 24, 4, 25, 26, 23 ],
[ 16, 22, 18, 27, 24, 13, 6, 31, 8, 5, 17, 1, 26, 30, 21, 32, 15, 29, 10, 9, 11, 23, 28, 19, 3, 7, 14, 2, 25, 4, 20, 12 ]
]
];

/*
Return for eval
*/

return s;
