s := SolvablePassportDBInitialize();

/*
Magma printing
*/

s`Filename := "32S8-8,4,8-g9.m";
s`GaloisOrbits := [ Strings() | "32S8-8,4,8-g9-path3.m" ];
s`Name := "32S8-8,4,8-g9";
s`Passport := [ PowerSequence(PermutationGroup<32 |  
\[ 11, 23, 8, 24, 2, 5, 14, 22, 6, 13, 9, 21, 4, 27, 31, 7, 10, 1, 15, 17, 20, 16, 18, 12, 32, 3, 26, 30, 19, 25, 28, 29 ],
\[ 3, 10, 5, 18, 7, 4, 1, 28, 27, 11, 12, 2, 30, 29, 26, 15, 32, 20, 13, 6, 19, 9, 22, 31, 16, 25, 23, 14, 8, 21, 17, 24 ],
\[ 4, 3, 15, 19, 20, 22, 25, 1, 10, 31, 7, 32, 2, 5, 21, 23, 18, 27, 14, 30, 11, 29, 12, 6, 13, 9, 28, 24, 17, 8, 16, 26 ]:
 Order := 32 >) |
[ PermutationGroup<32 |  
\[ 11, 23, 8, 24, 2, 5, 14, 22, 6, 13, 9, 21, 4, 27, 31, 7, 10, 1, 15, 17, 20, 16, 18, 12, 32, 3, 26, 30, 19, 25, 28, 29 ],
\[ 3, 10, 5, 18, 7, 4, 1, 28, 27, 11, 12, 2, 30, 29, 26, 15, 32, 20, 13, 6, 19, 9, 22, 31, 16, 25, 23, 14, 8, 21, 17, 24 ],
\[ 4, 3, 15, 19, 20, 22, 25, 1, 10, 31, 7, 32, 2, 5, 21, 23, 18, 27, 14, 30, 11, 29, 12, 6, 13, 9, 28, 24, 17, 8, 16, 26 ]:
 Order := 32 > |
[ 18, 5, 26, 13, 6, 9, 16, 3, 11, 17, 1, 24, 10, 7, 19, 22, 20, 23, 29, 21, 12, 8, 2, 4, 30, 27, 14, 31, 32, 28, 15, 25 ],
[ 24, 8, 31, 15, 17, 16, 32, 11, 13, 28, 14, 29, 23, 2, 20, 18, 1, 26, 27, 25, 9, 19, 21, 5, 4, 6, 30, 12, 10, 22, 7, 3 ],
[ 8, 13, 2, 1, 14, 24, 11, 30, 26, 9, 21, 23, 25, 19, 3, 31, 29, 17, 4, 5, 15, 6, 16, 28, 7, 32, 18, 27, 22, 20, 10, 12 ]
]
];

/*
Return for eval
*/

return s;
